4/8/2025	1:02:39 PM	77.20197	77.12662	77.18645	77.16043	77.09547	77.21735	77.16055	77.13362	77.16970	77.16504	77.20665	77.13179	76.64960	76.64526
4/8/2025	1:02:43 PM	77.20234	77.12638	77.18634	77.15980	77.09486	77.21749	77.16101	77.13359	77.16957	77.16558	77.20666	77.13110	76.64930	76.64531
4/8/2025	1:02:47 PM	77.20254	77.12611	77.18656	77.16042	77.09476	77.21760	77.16078	77.13332	77.16933	77.16488	77.20712	77.13122	76.65000	76.64472
4/8/2025	1:02:50 PM	77.20341	77.12581	77.18636	77.15960	77.09501	77.21768	77.16133	77.13411	77.16925	77.16494	77.20775	77.13121	76.64942	76.64523
4/8/2025	1:02:54 PM	77.20326	77.12564	77.18627	77.15995	77.09466	77.21793	77.16091	77.13384	77.16923	77.16508	77.20757	77.13106	76.64964	76.64507
4/8/2025	1:02:57 PM	77.20377	77.12606	77.18643	77.16012	77.09529	77.21820	77.16166	77.13377	77.16930	77.16470	77.20747	77.13079	76.64972	76.64583
4/8/2025	1:03:01 PM	77.20399	77.12582	77.18651	77.15998	77.09506	77.21832	77.16178	77.13397	77.16943	77.16506	77.20839	77.13075	76.64947	76.64569
4/8/2025	1:03:05 PM	77.20417	77.12592	77.18688	77.16042	77.09558	77.21880	77.16219	77.13486	77.16938	77.16545	77.20834	77.13080	76.64967	76.64590
4/8/2025	1:03:08 PM	77.20440	77.12609	77.18662	77.15989	77.09523	77.21864	77.16197	77.13455	77.16976	77.16503	77.20871	77.13073	76.65013	76.64519
4/8/2025	1:03:12 PM	77.20423	77.12566	77.18688	77.16038	77.09547	77.21867	77.16184	77.13461	77.16927	77.16492	77.20921	77.13132	76.65069	76.64572
4/8/2025	1:03:15 PM	77.20493	77.12600	77.18729	77.16093	77.09567	77.21925	77.16271	77.13505	77.16969	77.16508	77.20912	77.13095	76.65028	76.64561
4/8/2025	1:03:19 PM	77.20469	77.12577	77.18686	77.16053	77.09553	77.21895	77.16215	77.13452	77.16928	77.16500	77.20893	77.13099	76.64998	76.64607
4/8/2025	1:03:22 PM	77.20479	77.12553	77.18693	77.16068	77.09602	77.21917	77.16265	77.13501	77.16993	77.16538	77.20949	77.13115	76.64975	76.64579
4/8/2025	1:03:26 PM	77.20497	77.12658	77.18773	77.16109	77.09642	77.21950	77.16275	77.13546	77.17051	77.16601	77.21008	77.13138	76.65049	76.64671
4/8/2025	1:03:30 PM	77.20527	77.12626	77.18733	77.16119	77.09623	77.21976	77.16292	77.13531	77.16936	77.16544	77.20976	77.13090	76.64996	76.64646
4/8/2025	1:03:33 PM	77.20517	77.12624	77.18756	77.16099	77.09619	77.21996	77.16316	77.13566	77.16939	77.16555	77.20962	77.13122	76.65012	76.64619
4/8/2025	1:03:37 PM	77.20516	77.12601	77.18709	77.16070	77.09596	77.21942	77.16279	77.13549	77.16989	77.16549	77.20941	77.13090	76.65009	76.64622
4/8/2025	1:03:40 PM	77.20492	77.12566	77.18686	77.16059	77.09576	77.21928	77.16287	77.13482	77.16965	77.16528	77.20944	77.13066	76.65020	76.64578
4/8/2025	1:03:44 PM	77.20493	77.12608	77.18683	77.16050	77.09582	77.21942	77.16290	77.13506	77.16963	77.16562	77.20992	77.13075	76.65021	76.64583
4/8/2025	1:03:48 PM	77.20479	77.12616	77.18757	77.16065	77.09595	77.21934	77.16301	77.13533	77.16914	77.16545	77.20926	77.13068	76.64984	76.64581
4/8/2025	1:03:51 PM	77.20552	77.12622	77.18764	77.16124	77.09642	77.22027	77.16341	77.13552	77.16994	77.16568	77.20996	77.13126	76.65033	76.64638
4/8/2025	1:03:55 PM	77.20551	77.12610	77.18734	77.16121	77.09634	77.21991	77.16329	77.13546	77.16995	77.16590	77.21049	77.13148	76.65046	76.64663
4/8/2025	1:03:58 PM	77.20517	77.12614	77.18790	77.16126	77.09651	77.22026	77.16352	77.13556	77.17001	77.16586	77.21062	77.13180	76.65079	76.64653
4/8/2025	1:04:02 PM	77.20579	77.12672	77.18786	77.16178	77.09659	77.22041	77.16367	77.13598	77.17015	77.16568	77.21014	77.13134	76.65041	76.64673
4/8/2025	1:04:05 PM	77.20600	77.12630	77.18780	77.16116	77.09672	77.22015	77.16375	77.13632	77.17054	77.16626	77.21091	77.13152	76.65055	76.64706
4/8/2025	1:04:09 PM	77.20581	77.12644	77.18794	77.16169	77.09659	77.22023	77.16370	77.13611	77.17018	77.16584	77.21070	77.13141	76.65071	76.64683
4/8/2025	1:04:13 PM	77.20606	77.12661	77.18789	77.16136	77.09622	77.22028	77.16370	77.13607	77.17031	77.16672	77.21105	77.13191	76.65053	76.64642
4/8/2025	1:04:16 PM	77.20584	77.12633	77.18828	77.16157	77.09684	77.22059	77.16373	77.13572	77.17055	77.16603	77.21082	77.13164	76.65045	76.64654
4/8/2025	1:04:20 PM	77.20587	77.12634	77.18800	77.16143	77.09673	77.22061	77.16384	77.13614	77.17016	77.16650	77.21100	77.13149	76.65104	76.64697
4/8/2025	1:04:23 PM	77.20615	77.12668	77.18842	77.16159	77.09685	77.22106	77.16394	77.13634	77.17044	77.16629	77.21061	77.13189	76.65048	76.64683
4/8/2025	1:04:27 PM	77.20597	77.12670	77.18804	77.16147	77.09703	77.22094	77.16353	77.13611	77.17007	77.16618	77.21114	77.13178	76.65057	76.64711
4/8/2025	1:04:30 PM	77.20605	77.12634	77.18861	77.16173	77.09676	77.22093	77.16374	77.13606	77.17026	77.16590	77.21071	77.13165	76.65076	76.64702
4/8/2025	1:04:34 PM	77.20598	77.12661	77.18818	77.16160	77.09666	77.22087	77.16403	77.13631	77.17046	77.16615	77.21095	77.13192	76.65105	76.64700
4/8/2025	1:04:38 PM	77.20598	77.12632	77.18814	77.16159	77.09699	77.22094	77.16419	77.13667	77.17043	77.16623	77.21136	77.13148	76.65106	76.64762
4/8/2025	1:04:41 PM	77.20619	77.12659	77.18853	77.16209	77.09672	77.22122	77.16436	77.13650	77.17024	77.16609	77.21094	77.13173	76.65105	76.64699
4/8/2025	1:04:45 PM	77.20587	77.12626	77.18834	77.16203	77.09707	77.22118	77.16377	77.13650	77.17081	77.16641	77.21123	77.13169	76.65067	76.64715
4/8/2025	1:04:48 PM	77.20599	77.12615	77.18814	77.16192	77.09709	77.22055	77.16373	77.13610	77.17049	77.16651	77.21102	77.13207	76.65103	76.64718
4/8/2025	1:04:52 PM	77.20633	77.12658	77.18872	77.16181	77.09735	77.22091	77.16427	77.13686	77.17060	77.16618	77.21124	77.13145	76.65066	76.64677
4/8/2025	1:04:55 PM	77.20596	77.12641	77.18842	77.16205	77.09688	77.22104	77.16422	77.13633	77.17042	77.16669	77.21140	77.13191	76.65107	76.64755
4/8/2025	1:04:59 PM	77.20637	77.12682	77.18871	77.16210	77.09752	77.22140	77.16418	77.13669	77.17104	77.16730	77.21200	77.13234	76.65115	76.64746
4/8/2025	1:05:03 PM	77.20664	77.12718	77.18883	77.16260	77.09708	77.22136	77.16450	77.13681	77.17048	77.16649	77.21138	77.13217	76.65120	76.64706
4/8/2025	1:05:06 PM	77.20637	77.12668	77.18884	77.16255	77.09746	77.22164	77.16468	77.13673	77.17086	77.16708	77.21162	77.13218	76.65126	76.64741
4/8/2025	1:05:10 PM	77.20651	77.12669	77.18865	77.16196	77.09720	77.22141	77.16468	77.13677	77.17121	77.16687	77.21158	77.13211	76.65128	76.64729
4/8/2025	1:05:13 PM	77.20647	77.12696	77.18899	77.16205	77.09731	77.22164	77.16473	77.13663	77.17055	77.16702	77.21185	77.13222	76.65125	76.64695
4/8/2025	1:05:17 PM	77.20655	77.12698	77.18938	77.16217	77.09742	77.22125	77.16464	77.13678	77.17077	77.16666	77.21174	77.13195	76.65117	76.64787
4/8/2025	1:05:20 PM	77.20687	77.12689	77.18930	77.16255	77.09793	77.22181	77.16526	77.13717	77.17092	77.16710	77.21197	77.13258	76.65133	76.64746
4/8/2025	1:05:24 PM	77.20671	77.12726	77.18921	77.16295	77.09806	77.22183	77.16468	77.13708	77.17106	77.16752	77.21212	77.13245	76.65110	76.64697
4/8/2025	1:05:27 PM	77.20688	77.12726	77.18932	77.16282	77.09749	77.22117	77.16453	77.13714	77.17085	77.16690	77.21215	77.13217	76.65129	76.64762
4/8/2025	1:05:31 PM	77.20676	77.12730	77.18945	77.16293	77.09841	77.22199	77.16507	77.13727	77.17088	77.16724	77.21195	77.13249	76.65136	76.64773
4/8/2025	1:05:34 PM	77.20690	77.12682	77.18963	77.16233	77.09797	77.22176	77.16512	77.13743	77.17119	77.16722	77.21215	77.13239	76.65125	76.64727
4/8/2025	1:05:38 PM	77.20718	77.12674	77.18931	77.16310	77.09781	77.22204	77.16523	77.13736	77.17111	77.16684	77.21190	77.13215	76.65155	76.64783
4/8/2025	1:05:41 PM	77.20678	77.12727	77.18952	77.16327	77.09785	77.22188	77.16516	77.13718	77.17099	77.16693	77.21215	77.13249	76.65151	76.64785
4/8/2025	1:05:45 PM	77.20696	77.12737	77.18948	77.16260	77.09801	77.22170	77.16497	77.13724	77.17135	77.16707	77.21198	77.13223	76.65095	76.64745
4/8/2025	1:05:48 PM	77.20659	77.12727	77.18883	77.16231	77.09745	77.22168	77.16485	77.13729	77.17087	77.16739	77.21177	77.13218	76.65084	76.64728
4/8/2025	1:05:52 PM	77.20645	77.12661	77.18925	77.16266	77.09793	77.22171	77.16478	77.13696	77.17123	77.16714	77.21205	77.13193	76.65100	76.64679
4/8/2025	1:05:56 PM	77.20645	77.12679	77.18939	77.16274	77.09767	77.22202	77.16535	77.13708	77.17093	77.16726	77.21186	77.13240	76.65145	76.64785
4/8/2025	1:05:59 PM	77.20699	77.12715	77.18916	77.16259	77.09782	77.22168	77.16482	77.13717	77.17113	77.16735	77.21217	77.13243	76.65121	76.64795
4/8/2025	1:06:03 PM	77.20665	77.12662	77.18936	77.16264	77.09793	77.22185	77.16516	77.13733	77.17090	77.16732	77.21190	77.13246	76.65151	76.64812
4/8/2025	1:06:06 PM	77.20685	77.12724	77.18988	77.16318	77.09764	77.22160	77.16548	77.13756	77.17124	77.16713	77.21166	77.13222	76.65124	76.64733
4/8/2025	1:06:10 PM	77.20655	77.12722	77.18948	77.16233	77.09771	77.22159	77.16470	77.13715	77.17080	77.16671	77.21205	77.13215	76.65148	76.64757
4/8/2025	1:06:14 PM	77.20693	77.12675	77.18931	77.16262	77.09781	77.22181	77.16514	77.13767	77.17122	77.16692	77.21204	77.13202	76.65111	76.64739
4/8/2025	1:06:17 PM	77.20646	77.12688	77.18947	77.16264	77.09746	77.22156	77.16473	77.13702	77.17094	77.16731	77.21228	77.13184	76.65076	76.64698
4/8/2025	1:06:21 PM	77.20677	77.12704	77.18939	77.16285	77.09780	77.22181	77.16509	77.13701	77.17086	77.16733	77.21189	77.13204	76.65081	76.64722
4/8/2025	1:06:24 PM	77.20627	77.12685	77.18938	77.16271	77.09803	77.22181	77.16522	77.13717	77.17136	77.16742	77.21274	77.13242	76.65154	76.64769
4/8/2025	1:06:28 PM	77.20738	77.12749	77.18978	77.16306	77.09804	77.22235	77.16544	77.13803	77.17137	77.16736	77.21252	77.13241	76.65154	76.64819
4/8/2025	1:06:32 PM	77.20668	77.12734	77.19005	77.16319	77.09810	77.22192	77.16566	77.13800	77.17139	77.16769	77.21267	77.13301	76.65158	76.64771
4/8/2025	1:06:35 PM	77.20714	77.12706	77.19021	77.16348	77.09825	77.22251	77.16523	77.13766	77.17105	77.16715	77.21252	77.13243	76.65163	76.64791
4/8/2025	1:06:39 PM	77.20710	77.12688	77.18953	77.16297	77.09831	77.22241	77.16559	77.13776	77.17157	77.16752	77.21262	77.13245	76.65154	76.64791
4/8/2025	1:06:42 PM	77.20688	77.12769	77.18982	77.16328	77.09805	77.22229	77.16565	77.13789	77.17158	77.16745	77.21252	77.13262	76.65127	76.64787
4/8/2025	1:06:46 PM	77.20728	77.12740	77.18972	77.16367	77.09837	77.22229	77.16536	77.13770	77.17126	77.16768	77.21245	77.13244	76.65143	76.64785
4/8/2025	1:06:49 PM	77.20722	77.12736	77.18994	77.16286	77.09817	77.22251	77.16572	77.13777	77.17147	77.16736	77.21245	77.13266	76.65172	76.64784
4/8/2025	1:06:53 PM	77.20735	77.12740	77.18962	77.16307	77.09814	77.22240	77.16529	77.13798	77.17109	77.16704	77.21231	77.13226	76.65127	76.64734
4/8/2025	1:06:56 PM	77.20690	77.12667	77.19033	77.16309	77.09825	77.22183	77.16529	77.13769	77.17131	77.16718	77.21250	77.13228	76.65152	76.64747
4/8/2025	1:07:00 PM	77.20702	77.12696	77.18976	77.16305	77.09795	77.22192	77.16530	77.13764	77.17144	77.16722	77.21229	77.13240	76.65124	76.64743
4/8/2025	1:07:03 PM	77.20671	77.12722	77.18987	77.16342	77.09835	77.22199	77.16566	77.13741	77.17087	77.16738	77.21274	77.13210	76.65135	76.64754
4/8/2025	1:07:07 PM	77.20684	77.12669	77.18984	77.16334	77.09773	77.22178	77.16555	77.13742	77.17114	77.16707	77.21210	77.13174	76.65107	76.64748
4/8/2025	1:07:11 PM	77.20705	77.12705	77.18977	77.16290	77.09788	77.22201	77.16527	77.13786	77.17127	77.16742	77.21268	77.13202	76.65071	76.64736
4/8/2025	1:07:14 PM	77.20660	77.12637	77.18975	77.16302	77.09810	77.22218	77.16528	77.13756	77.17128	77.16735	77.21228	77.13233	76.65107	76.64743
4/8/2025	1:07:18 PM	77.20703	77.12665	77.18982	77.16256	77.09762	77.22198	77.16527	77.13692	77.17049	77.16682	77.21221	77.13185	76.65110	76.64756
4/8/2025	1:07:21 PM	77.20647	77.12659	77.18971	77.16271	77.09780	77.22190	77.16500	77.13771	77.17122	77.16704	77.21231	77.13226	76.65106	76.64757
4/8/2025	1:07:25 PM	77.20675	77.12695	77.18974	77.16313	77.09793	77.22191	77.16523	77.13787	77.17125	77.16711	77.21252	77.13234	76.65110	76.64778
4/8/2025	1:07:28 PM	77.20688	77.12718	77.19005	77.16342	77.09856	77.22236	77.16551	77.13803	77.17119	77.16763	77.21227	77.13205	76.65147	76.64778
4/8/2025	1:07:32 PM	77.20730	77.12727	77.19033	77.16346	77.09845	77.22241	77.16542	77.13789	77.17141	77.16769	77.21276	77.13296	76.65171	76.64831
4/8/2025	1:07:35 PM	77.20704	77.12698	77.19009	77.16325	77.09830	77.22221	77.16553	77.13777	77.17167	77.16758	77.21299	77.13266	76.65154	76.64789
4/8/2025	1:07:39 PM	77.20714	77.12708	77.19045	77.16320	77.09829	77.22223	77.16554	77.13780	77.17159	77.16749	77.21256	77.13277	76.65153	76.64795
4/8/2025	1:07:42 PM	77.20712	77.12699	77.19004	77.16337	77.09797	77.22223	77.16551	77.13828	77.17160	77.16792	77.21280	77.13249	76.65185	76.64827
4/8/2025	1:07:46 PM	77.20741	77.12728	77.19021	77.16350	77.09807	77.22249	77.16506	77.13791	77.17180	77.16777	77.21274	77.13304	76.65208	76.64854
4/8/2025	1:07:49 PM	77.20748	77.12731	77.19029	77.16349	77.09833	77.22232	77.16571	77.13802	77.17154	77.16728	77.21286	77.13237	76.65145	76.64772
4/8/2025	1:07:53 PM	77.20716	77.12756	77.19077	77.16357	77.09844	77.22205	77.16581	77.13808	77.17121	77.16733	77.21286	77.13232	76.65167	76.64812
4/8/2025	1:07:57 PM	77.20718	77.12693	77.19035	77.16326	77.09822	77.22196	77.16503	77.13775	77.17124	77.16709	77.21278	77.13259	76.65126	76.64771
4/8/2025	1:08:00 PM	77.20742	77.12716	77.19060	77.16362	77.09835	77.22229	77.16538	77.13795	77.17133	77.16757	77.21274	77.13211	76.65122	76.64789
4/8/2025	1:08:04 PM	77.20655	77.12682	77.19024	77.16325	77.09799	77.22210	77.16573	77.13799	77.17132	77.16803	77.21319	77.13250	76.65120	76.64756
4/8/2025	1:08:07 PM	77.20746	77.12743	77.19066	77.16317	77.09872	77.22224	77.16600	77.13805	77.17181	77.16766	77.21252	77.13236	76.65157	76.64804
4/8/2025	1:08:11 PM	77.20746	77.12710	77.19062	77.16348	77.09851	77.22286	77.16598	77.13806	77.17159	77.16788	77.21291	77.13281	76.65182	76.64825
4/8/2025	1:08:15 PM	77.20743	77.12727	77.19035	77.16309	77.09854	77.22237	77.16573	77.13799	77.17105	77.16791	77.21286	77.13267	76.65159	76.64820
4/8/2025	1:08:18 PM	77.20757	77.12743	77.19058	77.16374	77.09830	77.22222	77.16538	77.13775	77.17174	77.16774	77.21308	77.13257	76.65150	76.64797
4/8/2025	1:08:22 PM	77.20743	77.12664	77.19036	77.16342	77.09816	77.22242	77.16580	77.13816	77.17166	77.16792	77.21292	77.13219	76.65145	76.64782
4/8/2025	1:08:25 PM	77.20732	77.12705	77.19062	77.16353	77.09810	77.22220	77.16548	77.13800	77.17115	77.16757	77.21274	77.13215	76.65106	76.64771
4/8/2025	1:08:29 PM	77.20705	77.12666	77.18993	77.16274	77.09822	77.22206	77.16529	77.13771	77.17117	77.16726	77.21268	77.13199	76.65128	76.64751
4/8/2025	1:08:32 PM	77.20702	77.12697	77.18991	77.16306	77.09782	77.22166	77.16528	77.13756	77.17099	77.16740	77.21272	77.13213	76.65109	76.64766
4/8/2025	1:08:36 PM	77.20686	77.12683	77.19015	77.16264	77.09804	77.22158	77.16537	77.13745	77.17121	77.16754	77.21266	77.13204	76.65098	76.64743
4/8/2025	1:08:40 PM	77.20691	77.12699	77.18978	77.16312	77.09766	77.22177	77.16516	77.13711	77.17098	77.16716	77.21253	77.13182	76.65122	76.64731
4/8/2025	1:08:43 PM	77.20697	77.12688	77.18987	77.16302	77.09807	77.22176	77.16535	77.13787	77.17134	77.16739	77.21278	77.13217	76.65094	76.64783
4/8/2025	1:08:47 PM	77.20726	77.12715	77.19032	77.16354	77.09858	77.22227	77.16569	77.13798	77.17162	77.16788	77.21314	77.13233	76.65110	76.64806
4/8/2025	1:08:50 PM	77.20744	77.12742	77.19079	77.16348	77.09850	77.22232	77.16512	77.13762	77.17101	77.16754	77.21289	77.13260	76.65158	76.64817
4/8/2025	1:08:54 PM	77.20737	77.12711	77.19073	77.16323	77.09814	77.22213	77.16522	77.13793	77.17105	77.16770	77.21286	77.13242	76.65136	76.64765
4/8/2025	1:08:58 PM	77.20674	77.12710	77.19036	77.16320	77.09801	77.22178	77.16500	77.13760	77.17137	77.16772	77.21276	77.13227	76.65147	76.64779
4/8/2025	1:09:01 PM	77.20708	77.12697	77.19038	77.16320	77.09795	77.22213	77.16524	77.13778	77.17068	77.16710	77.21264	77.13246	76.65122	76.64736
4/8/2025	1:09:05 PM	77.20681	77.12674	77.19025	77.16269	77.09735	77.22167	77.16516	77.13761	77.17134	77.16722	77.21273	77.13225	76.65127	76.64737
4/8/2025	1:09:08 PM	77.20689	77.12682	77.19044	77.16315	77.09773	77.22180	77.16499	77.13769	77.17102	77.16742	77.21249	77.13253	76.65154	76.64781
4/8/2025	1:09:12 PM	77.20719	77.12704	77.19078	77.16333	77.09829	77.22197	77.16563	77.13773	77.17103	77.16749	77.21305	77.13229	76.65175	76.64834
4/8/2025	1:09:16 PM	77.20779	77.12700	77.19095	77.16356	77.09830	77.22217	77.16555	77.13800	77.17147	77.16809	77.21292	77.13283	76.65178	76.64811
4/8/2025	1:09:19 PM	77.20731	77.12724	77.19060	77.16314	77.09775	77.22200	77.16540	77.13772	77.17119	77.16794	77.21302	77.13261	76.65139	76.64755
4/8/2025	1:09:23 PM	77.20693	77.12705	77.18992	77.16309	77.09764	77.22169	77.16489	77.13704	77.17100	77.16733	77.21238	77.13181	76.65122	76.64761
4/8/2025	1:09:26 PM	77.20721	77.12680	77.19048	77.16339	77.09805	77.22249	77.16518	77.13769	77.17119	77.16788	77.21288	77.13236	76.65133	76.64798
4/8/2025	1:09:30 PM	77.20757	77.12694	77.19055	77.16315	77.09775	77.22180	77.16503	77.13734	77.17096	77.16784	77.21331	77.13210	76.65104	76.64777
4/8/2025	1:09:33 PM	77.20697	77.12688	77.19070	77.16328	77.09814	77.22220	77.16561	77.13777	77.17106	77.16765	77.21251	77.13240	76.65122	76.64773
4/8/2025	1:09:37 PM	77.20699	77.12667	77.19065	77.16312	77.09783	77.22195	77.16524	77.13786	77.17147	77.16754	77.21310	77.13255	76.65197	76.64820
4/8/2025	1:09:41 PM	77.20719	77.12713	77.19100	77.16316	77.09824	77.22209	77.16526	77.13744	77.17092	77.16765	77.21322	77.13262	76.65175	76.64816
4/8/2025	1:09:44 PM	77.20742	77.12753	77.19053	77.16344	77.09813	77.22214	77.16535	77.13767	77.17092	77.16775	77.21332	77.13300	76.65138	76.64788
4/8/2025	1:09:48 PM	77.20702	77.12666	77.19019	77.16311	77.09794	77.22162	77.16507	77.13774	77.17132	77.16740	77.21328	77.13230	76.65124	76.64777
4/8/2025	1:09:51 PM	77.20769	77.12680	77.19096	77.16350	77.09778	77.22180	77.16520	77.13736	77.17113	77.16776	77.21294	77.13245	76.65140	76.64781
4/8/2025	1:09:55 PM	77.20725	77.12716	77.19068	77.16308	77.09804	77.22204	77.16536	77.13784	77.17127	77.16749	77.21337	77.13254	76.65181	76.64791
4/8/2025	1:09:58 PM	77.20744	77.12681	77.19055	77.16310	77.09798	77.22163	77.16509	77.13786	77.17116	77.16751	77.21326	77.13287	76.65155	76.64824
4/8/2025	1:10:02 PM	77.20769	77.12731	77.19068	77.16345	77.09827	77.22215	77.16510	77.13743	77.17135	77.16771	77.21324	77.13214	76.65125	76.64782
4/8/2025	1:10:05 PM	77.20736	77.12702	77.19058	77.16328	77.09802	77.22205	77.16511	77.13729	77.17097	77.16703	77.21260	77.13237	76.65125	76.64785
4/8/2025	1:10:09 PM	77.20690	77.12681	77.19053	77.16281	77.09765	77.22141	77.16512	77.13740	77.17086	77.16719	77.21283	77.13231	76.65121	76.64788
4/8/2025	1:10:13 PM	77.20720	77.12682	77.19079	77.16301	77.09766	77.22195	77.16534	77.13746	77.17111	77.16770	77.21267	77.13250	76.65175	76.64801
4/8/2025	1:10:16 PM	77.20740	77.12731	77.19123	77.16341	77.09798	77.22217	77.16526	77.13736	77.17158	77.16795	77.21306	77.13260	76.65157	76.64823
4/8/2025	1:10:20 PM	77.20759	77.12714	77.19115	77.16355	77.09791	77.22185	77.16509	77.13791	77.17150	77.16809	77.21324	77.13251	76.65165	76.64814
4/8/2025	1:10:23 PM	77.20715	77.12687	77.19084	77.16327	77.09778	77.22185	77.16531	77.13772	77.17108	77.16797	77.21290	77.13270	76.65222	76.64835
4/8/2025	1:10:27 PM	77.20729	77.12733	77.19106	77.16356	77.09809	77.22170	77.16514	77.13710	77.17115	77.16762	77.21327	77.13255	76.65141	76.64785
4/8/2025	1:10:30 PM	77.20730	77.12635	77.19035	77.16270	77.09730	77.22157	77.16484	77.13712	77.17084	77.16735	77.21313	77.13226	76.65136	76.64798
4/8/2025	1:10:34 PM	77.20735	77.12702	77.19116	77.16333	77.09794	77.22182	77.16510	77.13730	77.17127	77.16766	77.21285	77.13201	76.65167	76.64794
4/8/2025	1:10:37 PM	77.20699	77.12658	77.19014	77.16295	77.09729	77.22151	77.16508	77.13672	77.17072	77.16717	77.21254	77.13220	76.65116	76.64805
4/8/2025	1:10:41 PM	77.20706	77.12680	77.19063	77.16337	77.09769	77.22160	77.16533	77.13752	77.17113	77.16747	77.21325	77.13264	76.65129	76.64797
4/8/2025	1:10:45 PM	77.20728	77.12714	77.19043	77.16285	77.09749	77.22134	77.16509	77.13719	77.17090	77.16738	77.21285	77.13207	76.65150	76.64778
4/8/2025	1:10:48 PM	77.20696	77.12647	77.19059	77.16300	77.09752	77.22139	77.16502	77.13735	77.17133	77.16771	77.21284	77.13253	76.65105	76.64747
4/8/2025	1:10:52 PM	77.20715	77.12675	77.19061	77.16272	77.09756	77.22123	77.16461	77.13744	77.17090	77.16755	77.21310	77.13236	76.65121	76.64796
4/8/2025	1:10:55 PM	77.20730	77.12678	77.19085	77.16323	77.09743	77.22134	77.16488	77.13735	77.17081	77.16723	77.21293	77.13181	76.65130	76.64808
4/8/2025	1:10:59 PM	77.20716	77.12695	77.19046	77.16285	77.09736	77.22133	77.16506	77.13729	77.17130	77.16847	77.21360	77.13260	76.65201	76.64813
4/8/2025	1:11:03 PM	77.20763	77.12744	77.19114	77.16343	77.09776	77.22165	77.16510	77.13716	77.17090	77.16736	77.21318	77.13241	76.65151	76.64828
4/8/2025	1:11:06 PM	77.20773	77.12718	77.19108	77.16319	77.09750	77.22168	77.16482	77.13729	77.17105	77.16728	77.21335	77.13238	76.65182	76.64798
4/8/2025	1:11:10 PM	77.20707	77.12719	77.19099	77.16361	77.09793	77.22136	77.16523	77.13766	77.17145	77.16796	77.21330	77.13238	76.65173	76.64863
4/8/2025	1:11:13 PM	77.20775	77.12714	77.19108	77.16365	77.09818	77.22168	77.16515	77.13759	77.17076	77.16736	77.21295	77.13286	76.65167	76.64757
4/8/2025	1:11:17 PM	77.20686	77.12649	77.19050	77.16293	77.09717	77.22163	77.16491	77.13711	77.17094	77.16760	77.21299	77.13244	76.65155	76.64798
4/8/2025	1:11:21 PM	77.20695	77.12656	77.19083	77.16259	77.09695	77.22067	77.16435	77.13668	77.17035	77.16673	77.21259	77.13200	76.65100	76.64763
4/8/2025	1:11:24 PM	77.20691	77.12655	77.19074	77.16296	77.09681	77.22097	77.16461	77.13678	77.17064	77.16733	77.21262	77.13205	76.65084	76.64721
4/8/2025	1:11:28 PM	77.20702	77.12668	77.19022	77.16255	77.09724	77.22093	77.16447	77.13674	77.17078	77.16749	77.21291	77.13216	76.65167	76.64792
4/8/2025	1:11:31 PM	77.20707	77.12655	77.19083	77.16291	77.09703	77.22139	77.16455	77.13695	77.17112	77.16755	77.21315	77.13237	76.65162	76.64820
4/8/2025	1:11:35 PM	77.20734	77.12690	77.19064	77.16329	77.09715	77.22100	77.16441	77.13727	77.17115	77.16758	77.21286	77.13262	76.65203	76.64832
4/8/2025	1:11:38 PM	77.20742	77.12699	77.19146	77.16318	77.09762	77.22135	77.16455	77.13700	77.17107	77.16725	77.21295	77.13253	76.65150	76.64836
4/8/2025	1:11:42 PM	77.20759	77.12689	77.19093	77.16292	77.09723	77.22108	77.16450	77.13693	77.17080	77.16729	77.21288	77.13174	76.65153	76.64786
4/8/2025	1:11:45 PM	77.20731	77.12698	77.19081	77.16262	77.09731	77.22109	77.16486	77.13703	77.17059	77.16720	77.21291	77.13199	76.65129	76.64780
4/8/2025	1:11:49 PM	77.20719	77.12650	77.19063	77.16294	77.09696	77.22126	77.16433	77.13669	77.17088	77.16762	77.21306	77.13216	76.65102	76.64792
4/8/2025	1:11:52 PM	77.20704	77.12659	77.19068	77.16301	77.09684	77.22089	77.16410	77.13613	77.17029	77.16681	77.21219	77.13154	76.65108	76.64720
4/8/2025	1:11:56 PM	77.20659	77.12634	77.19046	77.16261	77.09738	77.22107	77.16469	77.13700	77.17072	77.16729	77.21242	77.13193	76.65148	76.64784
4/8/2025	1:12:00 PM	77.20724	77.12641	77.19020	77.16223	77.09681	77.22089	77.16414	77.13687	77.17071	77.16725	77.21259	77.13158	76.65088	76.64805
4/8/2025	1:12:03 PM	77.20701	77.12640	77.19070	77.16277	77.09702	77.22064	77.16431	77.13636	77.17041	77.16712	77.21244	77.13167	76.65139	76.64766
4/8/2025	1:12:07 PM	77.20676	77.12600	77.19060	77.16270	77.09708	77.22060	77.16407	77.13663	77.16991	77.16699	77.21265	77.13177	76.65134	76.64781
4/8/2025	1:12:10 PM	77.20665	77.12635	77.19060	77.16260	77.09653	77.22090	77.16375	77.13647	77.17056	77.16698	77.21214	77.13186	76.65102	76.64746
4/8/2025	1:12:14 PM	77.20634	77.12616	77.19016	77.16223	77.09698	77.22066	77.16431	77.13638	77.17037	77.16703	77.21250	77.13164	76.65108	76.64803
4/8/2025	1:12:18 PM	77.20688	77.12673	77.19078	77.16287	77.09666	77.22060	77.16381	77.13632	77.17025	77.16704	77.21298	77.13242	76.65106	76.64737
4/8/2025	1:12:21 PM	77.20679	77.12622	77.19041	77.16279	77.09660	77.22055	77.16436	77.13688	77.17075	77.16668	77.21237	77.13191	76.65141	76.64780
4/8/2025	1:12:25 PM	77.20700	77.12671	77.19046	77.16243	77.09641	77.22066	77.16481	77.13669	77.17042	77.16716	77.21281	77.13189	76.65177	76.64791
4/8/2025	1:12:28 PM	77.20738	77.12660	77.19041	77.16293	77.09707	77.22110	77.16440	77.13704	77.17061	77.16725	77.21256	77.13200	76.65124	76.64798
4/8/2025	1:12:32 PM	77.20706	77.12662	77.19082	77.16273	77.09683	77.22056	77.16451	77.13683	77.17055	77.16705	77.21260	77.13200	76.65108	76.64801
4/8/2025	1:12:35 PM	77.20721	77.12692	77.19054	77.16230	77.09682	77.22074	77.16416	77.13658	77.17015	77.16692	77.21271	77.13173	76.65142	76.64750
4/8/2025	1:12:39 PM	77.20675	77.12598	77.19016	77.16240	77.09657	77.22099	77.16427	77.13665	77.17049	77.16733	77.21285	77.13216	76.65152	76.64814
4/8/2025	1:12:43 PM	77.20713	77.12647	77.19082	77.16257	77.09627	77.22032	77.16395	77.13658	77.16995	77.16718	77.21248	77.13200	76.65160	76.64775
4/8/2025	1:12:46 PM	77.20709	77.12627	77.19065	77.16228	77.09652	77.22058	77.16378	77.13616	77.17018	77.16732	77.21263	77.13174	76.65129	76.64744
4/8/2025	1:12:50 PM	77.20699	77.12630	77.19049	77.16258	77.09637	77.22054	77.16398	77.13649	77.17035	77.16684	77.21231	77.13164	76.65113	76.64785
4/8/2025	1:12:53 PM	77.20678	77.12649	77.19025	77.16257	77.09658	77.22060	77.16409	77.13672	77.17035	77.16703	77.21244	77.13160	76.65157	76.64751
4/8/2025	1:12:57 PM	77.20687	77.12615	77.19063	77.16241	77.09667	77.22032	77.16381	77.13626	77.17002	77.16680	77.21247	77.13181	76.65097	76.64778
4/8/2025	1:13:00 PM	77.20702	77.12628	77.19050	77.16249	77.09652	77.22052	77.16386	77.13653	77.17019	77.16699	77.21253	77.13184	76.65142	76.64787
4/8/2025	1:13:04 PM	77.20683	77.12646	77.19062	77.16274	77.09642	77.22051	77.16368	77.13626	77.17029	77.16698	77.21211	77.13152	76.65080	76.64777
4/8/2025	1:13:08 PM	77.20684	77.12577	77.19076	77.16241	77.09628	77.21986	77.16347	77.13623	77.16970	77.16692	77.21261	77.13172	76.65114	76.64736
4/8/2025	1:13:11 PM	77.20662	77.12618	77.19050	77.16198	77.09632	77.22002	77.16365	77.13595	77.16984	77.16695	77.21244	77.13207	76.65112	76.64757
4/8/2025	1:13:15 PM	77.20699	77.12616	77.18995	77.16200	77.09624	77.22042	77.16373	77.13631	77.17020	77.16683	77.21234	77.13137	76.65079	76.64782
4/8/2025	1:13:18 PM	77.20700	77.12639	77.19085	77.16251	77.09625	77.21996	77.16382	77.13635	77.17013	77.16722	77.21265	77.13224	76.65158	76.64798
4/8/2025	1:13:22 PM	77.20665	77.12602	77.19034	77.16222	77.09637	77.22030	77.16397	77.13643	77.17029	77.16698	77.21252	77.13171	76.65146	76.64769
4/8/2025	1:13:26 PM	77.20714	77.12645	77.19049	77.16239	77.09646	77.22014	77.16388	77.13612	77.17038	77.16739	77.21267	77.13204	76.65146	76.64787
4/8/2025	1:13:29 PM	77.20655	77.12612	77.19060	77.16264	77.09623	77.22067	77.16374	77.13582	77.17025	77.16705	77.21280	77.13194	76.65094	76.64808
4/8/2025	1:13:33 PM	77.20697	77.12634	77.19084	77.16238	77.09647	77.22037	77.16355	77.13610	77.17010	77.16685	77.21232	77.13172	76.65125	76.64789
4/8/2025	1:13:36 PM	77.20701	77.12655	77.19073	77.16249	77.09597	77.22046	77.16393	77.13612	77.17018	77.16698	77.21268	77.13197	76.65153	76.64781
4/8/2025	1:13:40 PM	77.20675	77.12644	77.19053	77.16225	77.09650	77.22063	77.16362	77.13636	77.17052	77.16714	77.21288	77.13173	76.65125	76.64775
4/8/2025	1:13:43 PM	77.20665	77.12614	77.19064	77.16229	77.09653	77.22010	77.16346	77.13619	77.17025	77.16727	77.21273	77.13222	76.65131	76.64806
4/8/2025	1:13:47 PM	77.20680	77.12616	77.19015	77.16191	77.09592	77.21999	77.16373	77.13620	77.17004	77.16681	77.21268	77.13146	76.65122	76.64807
4/8/2025	1:13:50 PM	77.20723	77.12628	77.19075	77.16234	77.09638	77.22000	77.16323	77.13568	77.16989	77.16674	77.21252	77.13173	76.65123	76.64816
4/8/2025	1:13:54 PM	77.20692	77.12605	77.19060	77.16203	77.09583	77.22005	77.16333	77.13565	77.16978	77.16677	77.21251	77.13109	76.65096	76.64770
4/8/2025	1:13:57 PM	77.20716	77.12613	77.19044	77.16195	77.09595	77.21990	77.16340	77.13632	77.17066	77.16702	77.21298	77.13196	76.65163	76.64798
4/8/2025	1:14:01 PM	77.20714	77.12636	77.19069	77.16229	77.09647	77.22058	77.16390	77.13607	77.17006	77.16693	77.21261	77.13199	76.65109	76.64836
4/8/2025	1:14:05 PM	77.20704	77.12631	77.19055	77.16233	77.09591	77.22008	77.16347	77.13601	77.17027	77.16729	77.21296	77.13159	76.65162	76.64789
4/8/2025	1:14:08 PM	77.20687	77.12636	77.19065	77.16251	77.09662	77.22030	77.16422	77.13608	77.17002	77.16670	77.21219	77.13146	76.65108	76.64792
4/8/2025	1:14:12 PM	77.20686	77.12634	77.19090	77.16211	77.09600	77.22012	77.16363	77.13581	77.17003	77.16685	77.21270	77.13204	76.65142	76.64811
4/8/2025	1:14:15 PM	77.20684	77.12657	77.19084	77.16240	77.09607	77.22009	77.16315	77.13564	77.17006	77.16685	77.21259	77.13183	76.65112	76.64775
4/8/2025	1:14:19 PM	77.20686	77.12603	77.19028	77.16185	77.09572	77.21997	77.16337	77.13563	77.16995	77.16690	77.21230	77.13124	76.65137	76.64832
4/8/2025	1:14:22 PM	77.20738	77.12650	77.19081	77.16213	77.09581	77.21994	77.16371	77.13558	77.16997	77.16708	77.21250	77.13149	76.65127	76.64805
4/8/2025	1:14:26 PM	77.20691	77.12641	77.19057	77.16222	77.09587	77.22004	77.16361	77.13597	77.16978	77.16669	77.21257	77.13189	76.65106	76.64788
4/8/2025	1:14:30 PM	77.20647	77.12606	77.19013	77.16212	77.09623	77.21987	77.16350	77.13539	77.16957	77.16656	77.21242	77.13165	76.65106	76.64778
4/8/2025	1:14:33 PM	77.20670	77.12575	77.19033	77.16174	77.09550	77.21964	77.16309	77.13570	77.16990	77.16678	77.21230	77.13159	76.65111	76.64780
4/8/2025	1:14:37 PM	77.20680	77.12596	77.19012	77.16185	77.09544	77.21965	77.16302	77.13582	77.17014	77.16675	77.21259	77.13147	76.65093	76.64754
4/8/2025	1:14:40 PM	77.20671	77.12617	77.19070	77.16175	77.09574	77.22002	77.16331	77.13565	77.16981	77.16664	77.21264	77.13185	76.65177	76.64821
4/8/2025	1:14:44 PM	77.20681	77.12602	77.19005	77.16138	77.09559	77.21964	77.16304	77.13550	77.16949	77.16640	77.21265	77.13148	76.65125	76.64733
4/8/2025	1:14:47 PM	77.20695	77.12609	77.19041	77.16176	77.09579	77.21957	77.16315	77.13594	77.16966	77.16685	77.21241	77.13191	76.65150	76.64834
4/8/2025	1:14:51 PM	77.20695	77.12614	77.19080	77.16214	77.09605	77.21946	77.16384	77.13607	77.16988	77.16685	77.21256	77.13157	76.65093	76.64790
4/8/2025	1:14:55 PM	77.20689	77.12603	77.19018	77.16167	77.09567	77.21936	77.16274	77.13543	77.16912	77.16630	77.21211	77.13090	76.65107	76.64773
4/8/2025	1:14:58 PM	77.20670	77.12579	77.19029	77.16175	77.09578	77.21981	77.16298	77.13553	77.16967	77.16678	77.21260	77.13159	76.65155	76.64787
4/8/2025	1:15:02 PM	77.20636	77.12592	77.19028	77.16193	77.09526	77.21953	77.16302	77.13531	77.16977	77.16639	77.21246	77.13151	76.65109	76.64819
4/8/2025	1:15:05 PM	77.20691	77.12589	77.19014	77.16177	77.09621	77.21975	77.16302	77.13549	77.17006	77.16674	77.21277	77.13144	76.65134	76.64808
4/8/2025	1:15:09 PM	77.20657	77.12593	77.19066	77.16143	77.09581	77.21963	77.16291	77.13540	77.16947	77.16626	77.21196	77.13115	76.65048	76.64691
4/8/2025	1:15:13 PM	77.20629	77.12560	77.19029	77.16136	77.09517	77.21913	77.16271	77.13507	77.16956	77.16622	77.21201	77.13123	76.65111	76.64762
4/8/2025	1:15:16 PM	77.20656	77.12553	77.18978	77.16145	77.09548	77.21922	77.16274	77.13523	77.16972	77.16639	77.21197	77.13119	76.65120	76.64765
4/8/2025	1:15:20 PM	77.20678	77.12562	77.18976	77.16129	77.09513	77.21917	77.16257	77.13502	77.16914	77.16639	77.21203	77.13126	76.65089	76.64754
4/8/2025	1:15:23 PM	77.20643	77.12583	77.19028	77.16128	77.09566	77.21962	77.16310	77.13533	77.16943	77.16672	77.21206	77.13126	76.65071	76.64739
4/8/2025	1:15:27 PM	77.20647	77.12551	77.19026	77.16159	77.09547	77.21931	77.16290	77.13489	77.16941	77.16643	77.21215	77.13141	76.65126	76.64767
4/8/2025	1:15:31 PM	77.20649	77.12588	77.19021	77.16117	77.09502	77.21920	77.16284	77.13511	77.16933	77.16628	77.21187	77.13100	76.65073	76.64754
4/8/2025	1:15:34 PM	77.20663	77.12568	77.19012	77.16135	77.09507	77.21900	77.16305	77.13536	77.16933	77.16637	77.21227	77.13174	76.65124	76.64826
4/8/2025	1:15:38 PM	77.20675	77.12585	77.19022	77.16152	77.09610	77.22021	77.16331	77.13535	77.16949	77.16652	77.21228	77.13215	76.65141	76.64815
4/8/2025	1:15:41 PM	77.20730	77.12614	77.19028	77.16201	77.09557	77.21979	77.16375	77.13531	77.16941	77.16624	77.21241	77.13169	76.65138	76.64812
4/8/2025	1:15:45 PM	77.20699	77.12598	77.19031	77.16109	77.09499	77.21936	77.16279	77.13529	77.16946	77.16659	77.21248	77.13130	76.65128	76.64756
4/8/2025	1:15:48 PM	77.20601	77.12550	77.18997	77.16139	77.09508	77.21949	77.16281	77.13504	77.16984	77.16653	77.21239	77.13102	76.65049	76.64755
4/8/2025	1:15:52 PM	77.20603	77.12553	77.19009	77.16131	77.09505	77.21873	77.16281	77.13502	77.16937	77.16642	77.21202	77.13111	76.65104	76.64752
4/8/2025	1:15:55 PM	77.20678	77.12559	77.19040	77.16142	77.09509	77.21925	77.16294	77.13558	77.16982	77.16642	77.21233	77.13140	76.65116	76.64790
4/8/2025	1:15:59 PM	77.20624	77.12550	77.18998	77.16099	77.09472	77.21900	77.16246	77.13526	77.16923	77.16627	77.21219	77.13139	76.65134	76.64772
4/8/2025	1:16:03 PM	77.20624	77.12581	77.18983	77.16125	77.09522	77.21904	77.16236	77.13513	77.16950	77.16618	77.21219	77.13109	76.65101	76.64758
4/8/2025	1:16:06 PM	77.20650	77.12546	77.18964	77.16107	77.09504	77.21888	77.16213	77.13497	77.16900	77.16612	77.21203	77.13129	76.65110	76.64786
4/8/2025	1:16:10 PM	77.20639	77.12540	77.19009	77.16127	77.09506	77.21938	77.16218	77.13455	77.16884	77.16570	77.21159	77.13099	76.65089	76.64722
4/8/2025	1:16:13 PM	77.20653	77.12548	77.18995	77.16134	77.09485	77.21901	77.16278	77.13478	77.16920	77.16627	77.21186	77.13083	76.65079	76.64746
4/8/2025	1:16:17 PM	77.20624	77.12525	77.18974	77.16118	77.09464	77.21897	77.16218	77.13448	77.16876	77.16593	77.21173	77.13110	76.65115	76.64823
4/8/2025	1:16:20 PM	77.20688	77.12600	77.18981	77.16087	77.09493	77.21867	77.16236	77.13476	77.16907	77.16624	77.21226	77.13122	76.65119	76.64749
4/8/2025	1:16:24 PM	77.20646	77.12545	77.18958	77.16124	77.09470	77.21848	77.16208	77.13461	77.16867	77.16620	77.21182	77.13105	76.65091	76.64767
4/8/2025	1:16:27 PM	77.20605	77.12549	77.18996	77.16137	77.09503	77.21893	77.16234	77.13478	77.16912	77.16668	77.21195	77.13129	76.65158	76.64786
4/8/2025	1:16:31 PM	77.20669	77.12568	77.19023	77.16122	77.09491	77.21923	77.16224	77.13484	77.16931	77.16639	77.21214	77.13107	76.65118	76.64780
4/8/2025	1:16:35 PM	77.20622	77.12550	77.19024	77.16126	77.09508	77.21907	77.16296	77.13474	77.16910	77.16632	77.21174	77.13059	76.65129	76.64789
4/8/2025	1:16:38 PM	77.20690	77.12578	77.19029	77.16129	77.09467	77.21892	77.16266	77.13454	77.16909	77.16630	77.21221	77.13157	76.65118	76.64769
4/8/2025	1:16:42 PM	77.20665	77.12545	77.19026	77.16141	77.09516	77.21882	77.16240	77.13472	77.16903	77.16615	77.21202	77.13090	76.65110	76.64782
4/8/2025	1:16:45 PM	77.20648	77.12535	77.18975	77.16082	77.09469	77.21882	77.16245	77.13445	77.16906	77.16598	77.21200	77.13072	76.65139	76.64771
4/8/2025	1:16:49 PM	77.20645	77.12532	77.18952	77.16078	77.09418	77.21837	77.16183	77.13436	77.16872	77.16572	77.21127	77.13058	76.65056	76.64719
4/8/2025	1:16:52 PM	77.20621	77.12551	77.18971	77.16131	77.09450	77.21867	77.16238	77.13480	77.16908	77.16584	77.21222	77.13124	76.65092	76.64768
4/8/2025	1:16:56 PM	77.20655	77.12557	77.18968	77.16120	77.09469	77.21928	77.16295	77.13506	77.16902	77.16674	77.21196	77.13067	76.65075	76.64747
4/8/2025	1:16:59 PM	77.20653	77.12530	77.18974	77.16103	77.09485	77.21858	77.16219	77.13451	77.16862	77.16563	77.21122	77.13034	76.65091	76.64701
4/8/2025	1:17:03 PM	77.20615	77.12532	77.18977	77.16072	77.09427	77.21849	77.16195	77.13463	77.16874	77.16576	77.21163	77.13067	76.65076	76.64756
4/8/2025	1:17:07 PM	77.20643	77.12539	77.18957	77.16091	77.09455	77.21838	77.16197	77.13416	77.16871	77.16556	77.21152	77.13038	76.65030	76.64723
4/8/2025	1:17:10 PM	77.20571	77.12519	77.18970	77.16097	77.09423	77.21834	77.16225	77.13478	77.16870	77.16586	77.21184	77.13108	76.65111	76.64735
4/8/2025	1:17:14 PM	77.20648	77.12525	77.18982	77.16123	77.09498	77.21843	77.16208	77.13437	77.16840	77.16579	77.21124	77.13066	76.65073	76.64701
4/8/2025	1:17:17 PM	77.20587	77.12492	77.18972	77.16034	77.09388	77.21820	77.16186	77.13455	77.16864	77.16545	77.21140	77.13061	76.65116	76.64793
4/8/2025	1:17:21 PM	77.20661	77.12547	77.18988	77.16079	77.09441	77.21897	77.16239	77.13472	77.16877	77.16586	77.21216	77.13083	76.65093	76.64744
4/8/2025	1:17:24 PM	77.20637	77.12501	77.18964	77.16070	77.09436	77.21879	77.16209	77.13482	77.16884	77.16552	77.21202	77.13053	76.65097	76.64729
4/8/2025	1:17:28 PM	77.20616	77.12506	77.18917	77.16044	77.09385	77.21838	77.16149	77.13403	77.16835	77.16565	77.21193	77.13053	76.65080	76.64723
4/8/2025	1:17:32 PM	77.20613	77.12525	77.18953	77.16058	77.09467	77.21826	77.16174	77.13383	77.16876	77.16550	77.21175	77.13091	76.65077	76.64735
4/8/2025	1:17:35 PM	77.20610	77.12546	77.18935	77.16043	77.09452	77.21836	77.16171	77.13419	77.16842	77.16556	77.21181	77.13102	76.65076	76.64721
4/8/2025	1:17:39 PM	77.20606	77.12558	77.18966	77.16057	77.09452	77.21827	77.16192	77.13451	77.16880	77.16619	77.21191	77.13116	76.65108	76.64774
4/8/2025	1:17:42 PM	77.20623	77.12518	77.18990	77.16120	77.09454	77.21894	77.16202	77.13456	77.16892	77.16561	77.21191	77.13082	76.65112	76.64757
4/8/2025	1:17:46 PM	77.20633	77.12561	77.19011	77.16091	77.09445	77.21820	77.16207	77.13453	77.16842	77.16610	77.21234	77.13108	76.65119	76.64778
4/8/2025	1:17:49 PM	77.20615	77.12579	77.19010	77.16097	77.09433	77.21860	77.16182	77.13457	77.16863	77.16529	77.21158	77.13082	76.65114	76.64760
4/8/2025	1:17:53 PM	77.20626	77.12526	77.18988	77.16107	77.09464	77.21891	77.16202	77.13429	77.16873	77.16589	77.21173	77.13075	76.65103	76.64723
4/8/2025	1:17:57 PM	77.20636	77.12523	77.18946	77.16073	77.09429	77.21853	77.16219	77.13460	77.16882	77.16558	77.21161	77.13077	76.65125	76.64705
4/8/2025	1:18:00 PM	77.20635	77.12529	77.18992	77.16073	77.09482	77.21812	77.16243	77.13401	77.16820	77.16557	77.21145	77.13087	76.65110	76.64753
4/8/2025	1:18:04 PM	77.20579	77.12500	77.18935	77.16023	77.09409	77.21804	77.16143	77.13386	77.16822	77.16544	77.21158	77.13007	76.65080	76.64695
4/8/2025	1:18:07 PM	77.20591	77.12497	77.18944	77.16029	77.09422	77.21781	77.16146	77.13390	77.16843	77.16561	77.21160	77.13037	76.65100	76.64762
4/8/2025	1:18:11 PM	77.20590	77.12497	77.18904	77.16033	77.09413	77.21799	77.16174	77.13405	77.16822	77.16607	77.21141	77.13069	76.65118	76.64724
4/8/2025	1:18:15 PM	77.20619	77.12493	77.18957	77.16048	77.09424	77.21782	77.16139	77.13367	77.16823	77.16551	77.21098	77.13031	76.65094	76.64722
4/8/2025	1:18:18 PM	77.20558	77.12463	77.18911	77.16070	77.09395	77.21803	77.16168	77.13398	77.16819	77.16503	77.21129	77.13077	76.65063	76.64744
4/8/2025	1:18:22 PM	77.20584	77.12509	77.18937	77.16054	77.09389	77.21795	77.16174	77.13405	77.16843	77.16537	77.21121	77.13077	76.65111	76.64750
4/8/2025	1:18:25 PM	77.20589	77.12528	77.18947	77.16035	77.09380	77.21751	77.16171	77.13395	77.16854	77.16549	77.21133	77.13062	76.65107	76.64776
4/8/2025	1:18:29 PM	77.20629	77.12481	77.18958	77.16070	77.09393	77.21779	77.16152	77.13361	77.16820	77.16541	77.21136	77.13046	76.65094	76.64769
4/8/2025	1:18:32 PM	77.20636	77.12492	77.18977	77.16061	77.09420	77.21848	77.16185	77.13430	77.16837	77.16533	77.21112	77.13049	76.65131	76.64745
4/8/2025	1:18:36 PM	77.20603	77.12494	77.18901	77.16000	77.09396	77.21822	77.16171	77.13392	77.16818	77.16559	77.21163	77.13058	76.65107	76.64745
4/8/2025	1:18:39 PM	77.20541	77.12490	77.18900	77.16016	77.09383	77.21755	77.16127	77.13425	77.16843	77.16560	77.21119	77.13011	76.65052	76.64699
4/8/2025	1:18:43 PM	77.20573	77.12473	77.18916	77.16019	77.09376	77.21763	77.16136	77.13400	77.16866	77.16540	77.21104	77.13035	76.65097	76.64713
4/8/2025	1:18:47 PM	77.20576	77.12473	77.18927	77.16026	77.09372	77.21779	77.16147	77.13380	77.16808	77.16497	77.21126	77.13029	76.65073	76.64739
4/8/2025	1:18:50 PM	77.20578	77.12477	77.18913	77.16027	77.09407	77.21770	77.16098	77.13328	77.16795	77.16525	77.21141	77.13016	76.65091	76.64735
4/8/2025	1:18:54 PM	77.20588	77.12458	77.18911	77.15996	77.09394	77.21748	77.16158	77.13333	77.16780	77.16523	77.21111	77.13029	76.65051	76.64705
4/8/2025	1:18:57 PM	77.20583	77.12473	77.18920	77.16021	77.09364	77.21753	77.16118	77.13348	77.16837	77.16502	77.21123	77.13013	76.65046	76.64697
4/8/2025	1:19:01 PM	77.20588	77.12471	77.18936	77.16042	77.09412	77.21810	77.16165	77.13398	77.16831	77.16531	77.21135	77.13027	76.65071	76.64734
4/8/2025	1:19:05 PM	77.20590	77.12463	77.18934	77.15971	77.09422	77.21744	77.16150	77.13393	77.16761	77.16539	77.21124	77.13054	76.65061	76.64714
4/8/2025	1:19:08 PM	77.20592	77.12469	77.18867	77.15993	77.09370	77.21765	77.16149	77.13354	77.16777	77.16478	77.21128	77.12992	76.65042	76.64739
4/8/2025	1:19:12 PM	77.20560	77.12433	77.18932	77.15995	77.09349	77.21723	77.16109	77.13342	77.16797	77.16538	77.21122	77.13029	76.64993	76.64707
4/8/2025	1:19:15 PM	77.20580	77.12476	77.18928	77.16030	77.09360	77.21769	77.16127	77.13341	77.16810	77.16552	77.21151	77.13017	76.65064	76.64718
4/8/2025	1:19:19 PM	77.20560	77.12462	77.18893	77.16003	77.09354	77.21771	77.16097	77.13342	77.16773	77.16496	77.21098	77.13040	76.65039	76.64733
4/8/2025	1:19:22 PM	77.20588	77.12437	77.18929	77.15981	77.09353	77.21730	77.16128	77.13352	77.16797	77.16499	77.21114	77.13023	76.65065	76.64728
4/8/2025	1:19:26 PM	77.20570	77.12429	77.18925	77.16026	77.09356	77.21744	77.16110	77.13317	77.16754	77.16512	77.21087	77.13012	76.65022	76.64753
4/8/2025	1:19:30 PM	77.20588	77.12476	77.18906	77.15972	77.09363	77.21752	77.16105	77.13368	77.16809	77.16529	77.21106	77.13030	76.65107	76.64748
4/8/2025	1:19:33 PM	77.20589	77.12482	77.18932	77.16015	77.09358	77.21751	77.16139	77.13352	77.16807	77.16506	77.21135	77.12996	76.65106	76.64744
4/8/2025	1:19:37 PM	77.20543	77.12454	77.18923	77.16013	77.09380	77.21763	77.16125	77.13337	77.16793	77.16483	77.21094	77.12981	76.65059	76.64723
4/8/2025	1:19:40 PM	77.20555	77.12463	77.18879	77.15981	77.09346	77.21777	77.16126	77.13338	77.16788	77.16535	77.21118	77.13033	76.65077	76.64736
4/8/2025	1:19:44 PM	77.20587	77.12457	77.18901	77.15997	77.09375	77.21761	77.16139	77.13343	77.16790	77.16543	77.21124	77.13033	76.65073	76.64757
4/8/2025	1:19:48 PM	77.20608	77.12479	77.18924	77.16016	77.09365	77.21760	77.16106	77.13349	77.16818	77.16507	77.21119	77.13003	76.65044	76.64708
4/8/2025	1:19:51 PM	77.20625	77.12468	77.18931	77.16013	77.09365	77.21750	77.16126	77.13396	77.16815	77.16507	77.21123	77.13026	76.65065	76.64687
4/8/2025	1:19:55 PM	77.20532	77.12481	77.18945	77.16029	77.09374	77.21706	77.16079	77.13331	77.16752	77.16495	77.21051	77.12993	76.65055	76.64732
4/8/2025	1:19:58 PM	77.20551	77.12453	77.18883	77.15953	77.09320	77.21752	77.16052	77.13317	77.16781	77.16493	77.21059	77.12983	76.65056	76.64714
4/8/2025	1:20:02 PM	77.20568	77.12424	77.18906	77.15975	77.09310	77.21694	77.16069	77.13297	77.16767	77.16516	77.21092	77.12994	76.65047	76.64679
4/8/2025	1:20:05 PM	77.20537	77.12424	77.18908	77.15962	77.09342	77.21755	77.16130	77.13371	77.16787	77.16525	77.21093	77.13012	76.65061	76.64738
4/8/2025	1:20:09 PM	77.20565	77.12431	77.18896	77.15989	77.09374	77.21736	77.16117	77.13343	77.16840	77.16526	77.21144	77.13011	76.65089	76.64741
4/8/2025	1:20:12 PM	77.20600	77.12459	77.18943	77.15985	77.09321	77.21726	77.16088	77.13363	77.16762	77.16520	77.21101	77.13031	76.65080	76.64730
4/8/2025	1:20:16 PM	77.20583	77.12513	77.18956	77.15990	77.09371	77.21761	77.16115	77.13324	77.16773	77.16524	77.21130	77.13050	76.65082	76.64767
4/8/2025	1:20:20 PM	77.20529	77.12463	77.18894	77.15987	77.09434	77.21782	77.16144	77.13365	77.16760	77.16533	77.21134	77.13044	76.65106	76.64716
4/8/2025	1:20:23 PM	77.20523	77.12462	77.18939	77.15988	77.09350	77.21776	77.16105	77.13368	77.16760	77.16535	77.21105	77.12979	76.65016	76.64689
4/8/2025	1:20:27 PM	77.20553	77.12473	77.18912	77.15959	77.09282	77.21721	77.16097	77.13282	77.16745	77.16434	77.21039	77.12966	76.64999	76.64709
4/8/2025	1:20:30 PM	77.20537	77.12433	77.18883	77.15957	77.09315	77.21712	77.16083	77.13282	77.16767	77.16463	77.21065	77.12979	76.65056	76.64733
4/8/2025	1:20:34 PM	77.20583	77.12429	77.18875	77.15968	77.09337	77.21762	77.16069	77.13290	77.16740	77.16450	77.21050	77.12980	76.64984	76.64677
4/8/2025	1:20:37 PM	77.20510	77.12422	77.18868	77.15930	77.09288	77.21685	77.16036	77.13262	77.16748	77.16436	77.21019	77.12980	76.65029	76.64701
4/8/2025	1:20:41 PM	77.20527	77.12398	77.18881	77.15896	77.09287	77.21677	77.16029	77.13306	77.16699	77.16403	77.21055	77.12953	76.65055	76.64664
4/8/2025	1:20:45 PM	77.20542	77.12382	77.18808	77.15905	77.09312	77.21689	77.16001	77.13261	77.16700	77.16411	77.21016	77.12922	76.64966	76.64648
4/8/2025	1:20:48 PM	77.20478	77.12349	77.18804	77.15891	77.09295	77.21650	77.16036	77.13265	77.16712	77.16446	77.21025	77.12945	76.65002	76.64665
4/8/2025	1:20:52 PM	77.20507	77.12373	77.18846	77.15931	77.09267	77.21703	77.16044	77.13280	77.16723	77.16426	77.21067	77.12962	76.64986	76.64671
4/8/2025	1:20:55 PM	77.20486	77.12388	77.18833	77.15918	77.09283	77.21685	77.16034	77.13262	77.16703	77.16411	77.21051	77.12943	76.64991	76.64664
4/8/2025	1:20:59 PM	77.20462	77.12394	77.18806	77.15884	77.09297	77.21665	77.16015	77.13301	77.16723	77.16435	77.21018	77.12928	76.65018	76.64651
4/8/2025	1:21:03 PM	77.20534	77.12399	77.18872	77.15929	77.09309	77.21710	77.16044	77.13284	77.16719	77.16429	77.21050	77.12966	76.65012	76.64687
4/8/2025	1:21:06 PM	77.20497	77.12394	77.18852	77.15911	77.09298	77.21681	77.16034	77.13284	77.16709	77.16442	77.21038	77.12942	76.65053	76.64674
4/8/2025	1:21:10 PM	77.20513	77.12400	77.18853	77.15912	77.09240	77.21643	77.16023	77.13275	77.16708	77.16445	77.21022	77.12949	76.65022	76.64639
4/8/2025	1:21:13 PM	77.20484	77.12368	77.18839	77.15904	77.09257	77.21665	77.16012	77.13303	77.16739	77.16436	77.20989	77.12975	76.65029	76.64634
4/8/2025	1:21:17 PM	77.20486	77.12393	77.18811	77.15921	77.09294	77.21683	77.16045	77.13253	77.16698	77.16456	77.21027	77.12900	76.65007	76.64651
4/8/2025	1:21:20 PM	77.20487	77.12380	77.18857	77.15912	77.09271	77.21687	77.16052	77.13265	77.16724	77.16458	77.21038	77.12964	76.64998	76.64673
4/8/2025	1:21:24 PM	77.20497	77.12357	77.18835	77.15904	77.09232	77.21681	77.16027	77.13269	77.16691	77.16409	77.21005	77.12934	76.65007	76.64643
4/8/2025	1:21:28 PM	77.20482	77.12345	77.18824	77.15903	77.09240	77.21662	77.16026	77.13250	77.16674	77.16404	77.21033	77.12914	76.64996	76.64649
4/8/2025	1:21:31 PM	77.20520	77.12385	77.18879	77.15930	77.09269	77.21657	77.16025	77.13265	77.16699	77.16412	77.21028	77.12938	76.65044	76.64656
4/8/2025	1:21:35 PM	77.20508	77.12389	77.18843	77.15907	77.09270	77.21689	77.16081	77.13252	77.16720	77.16469	77.21037	77.12951	76.64975	76.64669
4/8/2025	1:21:38 PM	77.20505	77.12396	77.18845	77.15891	77.09227	77.21655	77.16039	77.13243	77.16709	77.16445	77.21050	77.12956	76.65021	76.64673
4/8/2025	1:21:42 PM	77.20513	77.12358	77.18823	77.15963	77.09279	77.21641	77.16012	77.13248	77.16708	77.16453	77.21061	77.12973	76.65076	76.64725
4/8/2025	1:21:46 PM	77.20540	77.12431	77.18867	77.15970	77.09317	77.21676	77.16063	77.13306	77.16715	77.16393	77.21017	77.12925	76.64978	76.64694
4/8/2025	1:21:49 PM	77.20495	77.12372	77.18865	77.15931	77.09280	77.21691	77.16031	77.13260	77.16675	77.16421	77.21024	77.12938	76.65039	76.64715
4/8/2025	1:21:53 PM	77.20532	77.12375	77.18860	77.15913	77.09279	77.21677	77.16009	77.13261	77.16706	77.16459	77.21028	77.12918	76.65012	76.64652
4/8/2025	1:21:56 PM	77.20477	77.12377	77.18841	77.15898	77.09246	77.21651	77.16038	77.13236	77.16694	77.16426	77.21039	77.12939	76.64982	76.64679
4/8/2025	1:22:00 PM	77.20501	77.12369	77.18807	77.15901	77.09244	77.21662	77.16012	77.13244	77.16684	77.16423	77.21033	77.12946	76.65005	76.64638
4/8/2025	1:22:03 PM	77.20505	77.12363	77.18841	77.15922	77.09260	77.21638	77.16016	77.13231	77.16691	77.16368	77.21004	77.12924	76.65017	76.64678
4/8/2025	1:22:07 PM	77.20478	77.12383	77.18790	77.15884	77.09204	77.21645	77.16016	77.13233	77.16674	77.16405	77.21017	77.12932	76.64961	76.64628
4/8/2025	1:22:11 PM	77.20461	77.12353	77.18807	77.15874	77.09219	77.21595	77.16015	77.13204	77.16703	77.16367	77.21027	77.12897	76.65005	76.64628
4/8/2025	1:22:14 PM	77.20498	77.12352	77.18806	77.15862	77.09218	77.21609	77.16005	77.13221	77.16672	77.16409	77.21044	77.12921	76.65019	76.64667
4/8/2025	1:22:18 PM	77.20494	77.12374	77.18825	77.15901	77.09254	77.21654	77.16012	77.13255	77.16684	77.16458	77.21026	77.12905	76.65028	76.64663
4/8/2025	1:22:21 PM	77.20496	77.12422	77.18861	77.15897	77.09268	77.21660	77.16015	77.13247	77.16689	77.16388	77.21018	77.12936	76.65031	76.64690
4/8/2025	1:22:25 PM	77.20490	77.12417	77.18819	77.15878	77.09231	77.21617	77.15982	77.13215	77.16728	77.16438	77.21010	77.12926	76.65018	76.64683
4/8/2025	1:22:28 PM	77.20519	77.12378	77.18820	77.15878	77.09265	77.21640	77.16008	77.13244	77.16738	77.16446	77.21056	77.12987	76.65002	76.64671
4/8/2025	1:22:32 PM	77.20487	77.12349	77.18808	77.15855	77.09256	77.21634	77.15974	77.13239	77.16705	77.16420	77.21039	77.12929	76.64979	76.64626
4/8/2025	1:22:36 PM	77.20476	77.12337	77.18829	77.15877	77.09213	77.21653	77.15991	77.13245	77.16718	77.16418	77.21038	77.12926	76.64997	76.64629
4/8/2025	1:22:39 PM	77.20490	77.12400	77.18820	77.15878	77.09237	77.21671	77.15977	77.13207	77.16658	77.16380	77.21000	77.12929	76.64957	76.64605
4/8/2025	1:22:43 PM	77.20458	77.12339	77.18794	77.15865	77.09274	77.21625	77.15998	77.13267	77.16643	77.16375	77.21003	77.12891	76.64985	76.64646
4/8/2025	1:22:46 PM	77.20512	77.12360	77.18824	77.15881	77.09212	77.21621	77.15994	77.13243	77.16679	77.16402	77.21031	77.12903	76.64983	76.64634
4/8/2025	1:22:50 PM	77.20471	77.12358	77.18846	77.15901	77.09196	77.21646	77.16008	77.13217	77.16684	77.16445	77.21044	77.12896	76.64986	76.64620
4/8/2025	1:22:53 PM	77.20495	77.12356	77.18854	77.15883	77.09247	77.21639	77.16010	77.13216	77.16670	77.16374	77.20969	77.12908	76.65006	76.64637
4/8/2025	1:22:57 PM	77.20494	77.12332	77.18824	77.15906	77.09222	77.21658	77.16031	77.13278	77.16701	77.16436	77.21035	77.12911	76.64956	76.64599
4/8/2025	1:23:00 PM	77.20482	77.12360	77.18813	77.15902	77.09248	77.21619	77.15968	77.13206	77.16663	77.16415	77.21005	77.12908	76.65032	76.64669
4/8/2025	1:23:04 PM	77.20479	77.12324	77.18834	77.15861	77.09217	77.21661	77.15978	77.13227	77.16656	77.16380	77.20983	77.12908	76.65008	76.64625
4/8/2025	1:23:08 PM	77.20485	77.12354	77.18806	77.15854	77.09208	77.21596	77.15986	77.13199	77.16673	77.16361	77.21009	77.12879	76.64966	76.64620
4/8/2025	1:23:11 PM	77.20479	77.12375	77.18819	77.15897	77.09218	77.21602	77.16021	77.13216	77.16651	77.16379	77.20969	77.12885	76.65021	76.64673
4/8/2025	1:23:15 PM	77.20480	77.12383	77.18824	77.15876	77.09205	77.21639	77.15965	77.13194	77.16663	77.16396	77.20980	77.12913	76.64970	76.64634
4/8/2025	1:23:18 PM	77.20434	77.12329	77.18794	77.15864	77.09214	77.21622	77.15977	77.13242	77.16686	77.16384	77.20970	77.12899	76.64947	76.64611
4/8/2025	1:23:22 PM	77.20434	77.12313	77.18791	77.15813	77.09197	77.21595	77.15963	77.13217	77.16642	77.16378	77.20948	77.12880	76.64972	76.64617
4/8/2025	1:23:26 PM	77.20406	77.12295	77.18779	77.15825	77.09186	77.21574	77.15949	77.13186	77.16667	77.16335	77.20943	77.12883	76.64959	76.64595
4/8/2025	1:23:29 PM	77.20429	77.12324	77.18777	77.15792	77.09136	77.21552	77.15923	77.13159	77.16602	77.16367	77.20955	77.12866	76.64952	76.64577
4/8/2025	1:23:33 PM	77.20384	77.12282	77.18774	77.15869	77.09142	77.21573	77.15955	77.13144	77.16619	77.16350	77.20952	77.12863	76.64983	76.64621
4/8/2025	1:23:36 PM	77.20442	77.12301	77.18758	77.15843	77.09171	77.21630	77.15952	77.13183	77.16638	77.16341	77.20920	77.12841	76.64923	76.64590
4/8/2025	1:23:40 PM	77.20437	77.12298	77.18750	77.15801	77.09197	77.21594	77.15957	77.13171	77.16605	77.16340	77.20944	77.12854	76.64942	76.64615
4/8/2025	1:23:43 PM	77.20470	77.12291	77.18788	77.15825	77.09176	77.21570	77.15948	77.13158	77.16564	77.16327	77.20920	77.12835	76.64901	76.64603
4/8/2025	1:23:47 PM	77.20447	77.12337	77.18784	77.15774	77.09153	77.21614	77.15933	77.13190	77.16605	77.16362	77.20963	77.12881	76.64919	76.64608
4/8/2025	1:23:51 PM	77.20420	77.12327	77.18799	77.15822	77.09170	77.21538	77.15964	77.13129	77.16593	77.16336	77.20988	77.12846	76.64986	76.64572
4/8/2025	1:23:54 PM	77.20389	77.12308	77.18736	77.15798	77.09138	77.21577	77.15978	77.13183	77.16641	77.16336	77.20948	77.12880	76.65001	76.64624
4/8/2025	1:23:58 PM	77.20437	77.12326	77.18779	77.15860	77.09203	77.21602	77.15961	77.13243	77.16649	77.16390	77.20975	77.12900	76.65005	76.64652
4/8/2025	1:24:01 PM	77.20469	77.12333	77.18818	77.15871	77.09215	77.21579	77.15954	77.13205	77.16669	77.16344	77.20952	77.12885	76.64935	76.64599
4/8/2025	1:24:05 PM	77.20441	77.12279	77.18787	77.15825	77.09121	77.21581	77.15922	77.13155	77.16612	77.16345	77.20939	77.12813	76.64931	76.64589
4/8/2025	1:24:09 PM	77.20387	77.12233	77.18693	77.15795	77.09119	77.21517	77.15902	77.13123	77.16568	77.16321	77.20921	77.12859	76.64935	76.64530
4/8/2025	1:24:12 PM	77.20401	77.12263	77.18745	77.15791	77.09165	77.21571	77.15927	77.13135	77.16589	77.16333	77.20913	77.12793	76.64939	76.64571
4/8/2025	1:24:16 PM	77.20433	77.12307	77.18712	77.15792	77.09175	77.21582	77.15896	77.13116	77.16558	77.16309	77.20902	77.12824	76.64947	76.64626
4/8/2025	1:24:19 PM	77.20401	77.12296	77.18738	77.15781	77.09128	77.21575	77.15915	77.13140	77.16576	77.16293	77.20928	77.12812	76.64880	76.64565
4/8/2025	1:24:23 PM	77.20406	77.12267	77.18760	77.15787	77.09135	77.21507	77.15896	77.13118	77.16543	77.16283	77.20850	77.12784	76.64897	76.64564
4/8/2025	1:24:26 PM	77.20360	77.12239	77.18719	77.15738	77.09082	77.21512	77.15883	77.13093	77.16518	77.16292	77.20896	77.12830	76.64897	76.64536
4/8/2025	1:24:30 PM	77.20363	77.12263	77.18722	77.15771	77.09103	77.21525	77.15875	77.13118	77.16539	77.16263	77.20920	77.12782	76.64917	76.64573
4/8/2025	1:24:33 PM	77.20392	77.12270	77.18720	77.15798	77.09111	77.21554	77.15938	77.13105	77.16573	77.16294	77.20862	77.12834	76.64917	76.64578
4/8/2025	1:24:37 PM	77.20380	77.12257	77.18718	77.15771	77.09100	77.21521	77.15878	77.13083	77.16579	77.16292	77.20874	77.12794	76.64908	76.64520
4/8/2025	1:24:40 PM	77.20348	77.12263	77.18675	77.15743	77.09123	77.21531	77.15886	77.13123	77.16559	77.16262	77.20897	77.12815	76.64928	76.64562
4/8/2025	1:24:44 PM	77.20354	77.12228	77.18717	77.15756	77.09151	77.21516	77.15885	77.13095	77.16535	77.16253	77.20892	77.12788	76.64868	76.64502
4/8/2025	1:24:48 PM	77.20372	77.12209	77.18704	77.15760	77.09148	77.21499	77.15852	77.13098	77.16500	77.16259	77.20850	77.12804	76.64948	76.64559
4/8/2025	1:24:51 PM	77.20364	77.12239	77.18692	77.15776	77.09136	77.21479	77.15892	77.13108	77.16543	77.16260	77.20885	77.12773	76.64872	76.64554
4/8/2025	1:24:55 PM	77.20374	77.12226	77.18713	77.15782	77.09107	77.21514	77.15909	77.13106	77.16548	77.16216	77.20901	77.12806	76.64866	76.64510
4/8/2025	1:24:58 PM	77.20358	77.12217	77.18712	77.15723	77.09059	77.21514	77.15873	77.13097	77.16544	77.16293	77.20863	77.12794	76.64856	76.64516
4/8/2025	1:25:02 PM	77.20355	77.12200	77.18711	77.15763	77.09091	77.21468	77.15821	77.13081	77.16527	77.16276	77.20842	77.12761	76.64891	76.64514
4/8/2025	1:25:06 PM	77.20353	77.12195	77.18682	77.15724	77.09079	77.21484	77.15843	77.13057	77.16509	77.16203	77.20825	77.12767	76.64878	76.64527
4/8/2025	1:25:09 PM	77.20357	77.12224	77.18705	77.15769	77.09108	77.21500	77.15876	77.13122	77.16537	77.16286	77.20912	77.12813	76.64890	76.64563
4/8/2025	1:25:13 PM	77.20347	77.12205	77.18697	77.15754	77.09090	77.21497	77.15876	77.13128	77.16540	77.16248	77.20887	77.12815	76.64909	76.64569
4/8/2025	1:25:16 PM	77.20413	77.12223	77.18680	77.15754	77.09087	77.21498	77.15838	77.13108	77.16520	77.16277	77.20855	77.12785	76.64874	76.64530
4/8/2025	1:25:20 PM	77.20384	77.12241	77.18699	77.15758	77.09141	77.21485	77.15882	77.13151	77.16512	77.16283	77.20842	77.12786	76.64884	76.64515
4/8/2025	1:25:24 PM	77.20333	77.12202	77.18639	77.15684	77.09084	77.21460	77.15848	77.13085	77.16515	77.16253	77.20905	77.12784	76.64883	76.64549
4/8/2025	1:25:27 PM	77.20383	77.12242	77.18715	77.15785	77.09127	77.21492	77.15842	77.13074	77.16525	77.16264	77.20847	77.12813	76.64896	76.64552
4/8/2025	1:25:31 PM	77.20366	77.12228	77.18670	77.15742	77.09121	77.21531	77.15891	77.13162	77.16538	77.16284	77.20830	77.12791	76.64928	76.64545
4/8/2025	1:25:34 PM	77.20373	77.12234	77.18719	77.15767	77.09103	77.21499	77.15878	77.13111	77.16560	77.16293	77.20883	77.12794	76.64922	76.64579
4/8/2025	1:25:38 PM	77.20364	77.12238	77.18707	77.15778	77.09092	77.21488	77.15898	77.13060	77.16549	77.16302	77.20882	77.12812	76.64919	76.64569
4/8/2025	1:25:42 PM	77.20397	77.12262	77.18712	77.15788	77.09148	77.21538	77.15892	77.13126	77.16579	77.16312	77.20884	77.12786	76.64928	76.64577
4/8/2025	1:25:45 PM	77.20416	77.12230	77.18706	77.15807	77.09138	77.21556	77.15919	77.13135	77.16573	77.16283	77.20895	77.12793	76.64900	76.64599
4/8/2025	1:25:49 PM	77.20380	77.12258	77.18701	77.15762	77.09115	77.21487	77.15834	77.13113	77.16504	77.16274	77.20884	77.12791	76.64896	76.64554
4/8/2025	1:25:52 PM	77.20394	77.12246	77.18750	77.15753	77.09120	77.21534	77.15862	77.13085	77.16489	77.16251	77.20882	77.12767	76.64921	76.64512
4/8/2025	1:25:56 PM	77.20320	77.12201	77.18634	77.15704	77.09079	77.21470	77.15811	77.13093	77.16508	77.16242	77.20847	77.12755	76.64889	76.64523
4/8/2025	1:25:59 PM	77.20360	77.12252	77.18705	77.15748	77.09097	77.21467	77.15859	77.13065	77.16570	77.16312	77.20843	77.12791	76.64850	76.64518
4/8/2025	1:26:03 PM	77.20342	77.12234	77.18721	77.15789	77.09110	77.21519	77.15886	77.13135	77.16520	77.16265	77.20852	77.12792	76.64919	76.64526
4/8/2025	1:26:07 PM	77.20375	77.12224	77.18702	77.15773	77.09117	77.21495	77.15883	77.13081	77.16569	77.16266	77.20836	77.12765	76.64923	76.64544
4/8/2025	1:26:10 PM	77.20378	77.12272	77.18711	77.15747	77.09074	77.21472	77.15832	77.13102	77.16534	77.16267	77.20872	77.12781	76.64915	76.64534
4/8/2025	1:26:14 PM	77.20373	77.12217	77.18675	77.15758	77.09097	77.21469	77.15853	77.13080	77.16529	77.16247	77.20822	77.12762	76.64881	76.64554
4/8/2025	1:26:17 PM	77.20374	77.12203	77.18714	77.15736	77.09107	77.21516	77.15860	77.13108	77.16564	77.16271	77.20862	77.12786	76.64889	76.64498
4/8/2025	1:26:21 PM	77.20347	77.12173	77.18679	77.15737	77.09076	77.21455	77.15850	77.13043	77.16481	77.16195	77.20819	77.12740	76.64849	76.64482
4/8/2025	1:26:25 PM	77.20314	77.12169	77.18688	77.15762	77.09082	77.21478	77.15850	77.13088	77.16555	77.16296	77.20861	77.12783	76.64881	76.64553
4/8/2025	1:26:28 PM	77.20325	77.12185	77.18673	77.15725	77.09096	77.21460	77.15838	77.13078	77.16505	77.16236	77.20817	77.12731	76.64812	76.64503
4/8/2025	1:26:32 PM	77.20329	77.12189	77.18685	77.15724	77.09056	77.21452	77.15873	77.13098	77.16542	77.16258	77.20861	77.12761	76.64863	76.64515
4/8/2025	1:26:35 PM	77.20345	77.12210	77.18708	77.15739	77.09100	77.21523	77.15861	77.13101	77.16539	77.16282	77.20847	77.12812	76.64918	76.64576
4/8/2025	1:26:39 PM	77.20412	77.12257	77.18739	77.15771	77.09123	77.21510	77.15918	77.13134	77.16621	77.16286	77.20889	77.12779	76.64914	76.64569
4/8/2025	1:26:42 PM	77.20367	77.12233	77.18755	77.15761	77.09148	77.21533	77.15912	77.13125	77.16568	77.16283	77.20862	77.12796	76.64907	76.64563
4/8/2025	1:26:46 PM	77.20328	77.12233	77.18715	77.15735	77.09113	77.21472	77.15828	77.13052	77.16510	77.16251	77.20841	77.12742	76.64884	76.64520
4/8/2025	1:26:50 PM	77.20351	77.12165	77.18673	77.15716	77.09087	77.21483	77.15832	77.13078	77.16508	77.16276	77.20838	77.12741	76.64873	76.64504
4/8/2025	1:26:53 PM	77.20314	77.12169	77.18684	77.15680	77.09047	77.21450	77.15820	77.13065	77.16503	77.16236	77.20822	77.12758	76.64844	76.64492
4/8/2025	1:26:57 PM	77.20332	77.12203	77.18675	77.15691	77.09083	77.21454	77.15855	77.13062	77.16484	77.16224	77.20825	77.12712	76.64837	76.64477
4/8/2025	1:27:00 PM	77.20297	77.12180	77.18658	77.15737	77.09103	77.21478	77.15842	77.13060	77.16500	77.16230	77.20840	77.12754	76.64885	76.64540
4/8/2025	1:27:04 PM	77.20362	77.12209	77.18685	77.15708	77.09076	77.21464	77.15854	77.13033	77.16483	77.16239	77.20829	77.12740	76.64847	76.64532
4/8/2025	1:27:08 PM	77.20320	77.12193	77.18670	77.15711	77.09109	77.21477	77.15846	77.13052	77.16480	77.16241	77.20853	77.12738	76.64890	76.64532
4/8/2025	1:27:11 PM	77.20317	77.12203	77.18690	77.15696	77.09055	77.21465	77.15822	77.13088	77.16470	77.16205	77.20817	77.12734	76.64859	76.64486
4/8/2025	1:27:15 PM	77.20264	77.12155	77.18647	77.15648	77.09070	77.21432	77.15796	77.13069	77.16490	77.16200	77.20837	77.12730	76.64808	76.64467
4/8/2025	1:27:18 PM	77.20335	77.12216	77.18674	77.15726	77.09080	77.21462	77.15852	77.13070	77.16549	77.16209	77.20826	77.12723	76.64853	76.64502
4/8/2025	1:27:22 PM	77.20313	77.12167	77.18625	77.15714	77.09070	77.21444	77.15834	77.13029	77.16489	77.16217	77.20841	77.12752	76.64828	76.64513
4/8/2025	1:27:26 PM	77.20320	77.12242	77.18700	77.15707	77.09074	77.21492	77.15860	77.13055	77.16484	77.16223	77.20835	77.12748	76.64852	76.64520
4/8/2025	1:27:29 PM	77.20315	77.12241	77.18673	77.15710	77.09100	77.21478	77.15861	77.13069	77.16504	77.16237	77.20830	77.12729	76.64875	76.64459
4/8/2025	1:27:33 PM	77.20271	77.12206	77.18655	77.15693	77.09058	77.21444	77.15782	77.13079	77.16462	77.16193	77.20783	77.12741	76.64833	76.64523
4/8/2025	1:27:36 PM	77.20285	77.12182	77.18633	77.15706	77.09037	77.21448	77.15826	77.13053	77.16464	77.16189	77.20786	77.12728	76.64852	76.64500
4/8/2025	1:27:40 PM	77.20306	77.12144	77.18618	77.15637	77.09040	77.21423	77.15811	77.13011	77.16445	77.16191	77.20808	77.12730	76.64802	76.64446
4/8/2025	1:27:43 PM	77.20267	77.12136	77.18654	77.15667	77.09007	77.21440	77.15822	77.13039	77.16473	77.16227	77.20802	77.12726	76.64838	76.64465
4/8/2025	1:27:47 PM	77.20293	77.12146	77.18636	77.15660	77.09024	77.21441	77.15780	77.12977	77.16424	77.16179	77.20772	77.12675	76.64833	76.64491
4/8/2025	1:27:51 PM	77.20274	77.12158	77.18656	77.15664	77.09089	77.21442	77.15801	77.13046	77.16441	77.16179	77.20757	77.12694	76.64829	76.64430
4/8/2025	1:27:54 PM	77.20269	77.12133	77.18615	77.15625	77.09014	77.21412	77.15790	77.12991	77.16430	77.16181	77.20756	77.12675	76.64814	76.64457
4/8/2025	1:27:58 PM	77.20268	77.12134	77.18623	77.15637	77.09000	77.21397	77.15768	77.13031	77.16495	77.16193	77.20779	77.12722	76.64836	76.64488
4/8/2025	1:28:01 PM	77.20314	77.12197	77.18642	77.15711	77.09087	77.21424	77.15824	77.13030	77.16456	77.16190	77.20839	77.12749	76.64838	76.64527
4/8/2025	1:28:05 PM	77.20329	77.12168	77.18634	77.15664	77.09063	77.21445	77.15784	77.13040	77.16459	77.16151	77.20803	77.12723	76.64827	76.64467
4/8/2025	1:28:09 PM	77.20264	77.12165	77.18681	77.15680	77.09073	77.21463	77.15820	77.13048	77.16479	77.16232	77.20837	77.12763	76.64838	76.64491
4/8/2025	1:28:12 PM	77.20306	77.12162	77.18648	77.15676	77.09027	77.21425	77.15781	77.13007	77.16419	77.16169	77.20760	77.12659	76.64827	76.64435
4/8/2025	1:28:16 PM	77.20247	77.12107	77.18612	77.15653	77.09029	77.21430	77.15805	77.13011	77.16453	77.16138	77.20759	77.12704	76.64850	76.64489
4/8/2025	1:28:19 PM	77.20303	77.12146	77.18625	77.15660	77.09046	77.21435	77.15811	77.13013	77.16448	77.16160	77.20788	77.12684	76.64828	76.64462
4/8/2025	1:28:23 PM	77.20265	77.12111	77.18587	77.15630	77.09010	77.21402	77.15801	77.12991	77.16398	77.16175	77.20766	77.12700	76.64803	76.64391
4/8/2025	1:28:27 PM	77.20266	77.12123	77.18586	77.15633	77.09001	77.21437	77.15790	77.13001	77.16424	77.16134	77.20738	77.12663	76.64812	76.64434
4/8/2025	1:28:30 PM	77.20290	77.12131	77.18629	77.15639	77.09007	77.21439	77.15763	77.13004	77.16436	77.16155	77.20749	77.12673	76.64796	76.64421
4/8/2025	1:28:34 PM	77.20268	77.12091	77.18609	77.15652	77.09020	77.21422	77.15763	77.12962	77.16427	77.16130	77.20752	77.12661	76.64767	76.64426
4/8/2025	1:28:37 PM	77.20256	77.12078	77.18551	77.15613	77.09028	77.21416	77.15762	77.12953	77.16396	77.16125	77.20711	77.12625	76.64744	76.64430
4/8/2025	1:28:41 PM	77.20266	77.12046	77.18547	77.15576	77.08988	77.21400	77.15766	77.12969	77.16388	77.16098	77.20718	77.12626	76.64750	76.64408
4/8/2025	1:28:44 PM	77.20218	77.12124	77.18590	77.15599	77.08988	77.21401	77.15773	77.12988	77.16394	77.16107	77.20735	77.12642	76.64785	76.64398
4/8/2025	1:28:48 PM	77.20219	77.12101	77.18570	77.15571	77.08967	77.21340	77.15733	77.12931	77.16389	77.16120	77.20732	77.12631	76.64771	76.64386
4/8/2025	1:28:52 PM	77.20251	77.12110	77.18591	77.15626	77.09009	77.21378	77.15770	77.13012	77.16364	77.16086	77.20708	77.12621	76.64732	76.64362
4/8/2025	1:28:55 PM	77.20183	77.12056	77.18565	77.15598	77.08948	77.21387	77.15759	77.12967	77.16374	77.16081	77.20656	77.12591	76.64754	76.64368
4/8/2025	1:28:59 PM	77.20179	77.12066	77.18585	77.15647	77.08978	77.21375	77.15725	77.12958	77.16342	77.16088	77.20736	77.12598	76.64731	76.64423
4/8/2025	1:29:02 PM	77.20205	77.12078	77.18611	77.15607	77.08998	77.21372	77.15718	77.12956	77.16352	77.16097	77.20714	77.12600	76.64760	76.64405
4/8/2025	1:29:06 PM	77.20222	77.12113	77.18588	77.15582	77.09007	77.21384	77.15748	77.12948	77.16328	77.16141	77.20730	77.12640	76.64786	76.64402
4/8/2025	1:29:09 PM	77.20226	77.12079	77.18551	77.15617	77.09010	77.21386	77.15737	77.12980	77.16379	77.16090	77.20722	77.12638	76.64766	76.64409
4/8/2025	1:29:13 PM	77.20201	77.12092	77.18569	77.15595	77.08945	77.21368	77.15734	77.12917	77.16352	77.16056	77.20664	77.12556	76.64751	76.64388
4/8/2025	1:29:17 PM	77.20174	77.12021	77.18539	77.15600	77.08963	77.21368	77.15726	77.12918	77.16363	77.16024	77.20658	77.12610	76.64745	76.64386
4/8/2025	1:29:20 PM	77.20174	77.12040	77.18538	77.15566	77.08966	77.21366	77.15759	77.12944	77.16371	77.16087	77.20717	77.12619	76.64711	76.64379
4/8/2025	1:29:24 PM	77.20185	77.12062	77.18558	77.15606	77.08982	77.21349	77.15759	77.12948	77.16395	77.16116	77.20740	77.12656	76.64739	76.64419
4/8/2025	1:29:27 PM	77.20215	77.12080	77.18525	77.15567	77.08948	77.21330	77.15687	77.12931	77.16349	77.16090	77.20651	77.12581	76.64712	76.64386
4/8/2025	1:29:31 PM	77.20184	77.12058	77.18548	77.15558	77.08948	77.21356	77.15694	77.12931	77.16314	77.16043	77.20667	77.12600	76.64715	76.64386
4/8/2025	1:29:35 PM	77.20190	77.12003	77.18514	77.15566	77.08916	77.21314	77.15692	77.12916	77.16322	77.16078	77.20666	77.12606	76.64697	76.64366
4/8/2025	1:29:38 PM	77.20141	77.12051	77.18527	77.15564	77.08897	77.21309	77.15711	77.12887	77.16362	77.16075	77.20663	77.12620	76.64763	76.64389
4/8/2025	1:29:42 PM	77.20250	77.12106	77.18587	77.15692	77.09029	77.21419	77.15732	77.12937	77.16397	77.16168	77.20776	77.12633	76.64817	76.64379
4/8/2025	1:29:45 PM	77.20231	77.12115	77.18546	77.15627	77.09001	77.21380	77.15721	77.12989	77.16394	77.16128	77.20729	77.12647	76.64757	76.64318
4/8/2025	1:29:49 PM	77.20191	77.12069	77.18559	77.15582	77.08975	77.21436	77.15706	77.12982	77.16357	77.16109	77.20662	77.12438	76.64714	76.64378
4/8/2025	1:29:52 PM	77.20202	77.12055	77.18604	77.15571	77.08884	77.21430	77.15762	77.12954	77.16355	77.16053	77.20667	77.12638	76.64755	76.64384
4/8/2025	1:29:56 PM	77.20175	77.12056	77.18545	77.15591	77.08943	77.21363	77.15702	77.12953	77.16341	77.16135	77.20672	77.12567	76.64796	76.64375
4/8/2025	1:30:00 PM	77.20225	77.12044	77.18543	77.15555	77.08986	77.21350	77.15772	77.12928	77.16374	77.16071	77.20698	77.12618	76.64730	76.64367
4/8/2025	1:30:03 PM	77.20189	77.12080	77.18537	77.15568	77.08923	77.21320	77.15679	77.12925	77.16328	77.16100	77.20698	77.12589	76.64722	76.64389
4/8/2025	1:30:07 PM	77.20166	77.12046	77.18566	77.15606	77.08940	77.21364	77.15739	77.12939	77.16365	77.16122	77.20697	77.12599	76.64733	76.64401
4/8/2025	1:30:10 PM	77.20200	77.12062	77.18540	77.15555	77.08953	77.21321	77.15682	77.12941	77.16304	77.16068	77.20619	77.12639	76.64717	76.64395
4/8/2025	1:30:14 PM	77.20163	77.12069	77.18563	77.15575	77.08949	77.21378	77.15694	77.12910	77.16351	77.16093	77.20675	77.12606	76.64734	76.64368
4/8/2025	1:30:18 PM	77.20171	77.12043	77.18548	77.15566	77.08897	77.21337	77.15687	77.12945	77.16355	77.16067	77.20680	77.12593	76.64722	76.64354
4/8/2025	1:30:21 PM	77.20174	77.12015	77.18535	77.15571	77.08925	77.21289	77.15697	77.12923	77.16331	77.16082	77.20647	77.12615	76.64762	76.64394
4/8/2025	1:30:25 PM	77.20137	77.12022	77.18509	77.15570	77.08949	77.21340	77.15710	77.12959	77.16374	77.16080	77.20699	77.12613	76.64743	76.64403
4/8/2025	1:30:28 PM	77.20170	77.12050	77.18588	77.15592	77.08959	77.21326	77.15728	77.12943	77.16327	77.16050	77.20670	77.12568	76.64788	76.64364
4/8/2025	1:30:32 PM	77.20217	77.12071	77.18540	77.15597	77.08955	77.21341	77.15753	77.12916	77.16368	77.16096	77.20684	77.12610	76.64785	76.64399
4/8/2025	1:30:35 PM	77.20212	77.12031	77.18531	77.15558	77.08913	77.21335	77.15691	77.12905	77.16316	77.16088	77.20668	77.12655	76.64708	76.64361
4/8/2025	1:30:39 PM	77.20182	77.12062	77.18548	77.15592	77.08976	77.21341	77.15700	77.12964	77.16340	77.16040	77.20631	77.12550	76.64757	76.64356
4/8/2025	1:30:43 PM	77.20144	77.12029	77.18510	77.15576	77.08919	77.21362	77.15701	77.12934	77.16320	77.16053	77.20684	77.12582	76.64679	76.64350
4/8/2025	1:30:46 PM	77.20184	77.12055	77.18498	77.15550	77.08904	77.21350	77.15687	77.12915	77.16371	77.16055	77.20693	77.12637	76.64741	76.64360
4/8/2025	1:30:50 PM	77.20123	77.12040	77.18523	77.15582	77.08977	77.21374	77.15732	77.12943	77.16303	77.16067	77.20637	77.12600	76.64755	76.64349
4/8/2025	1:30:53 PM	77.20153	77.12001	77.18511	77.15535	77.08901	77.21248	77.15682	77.12912	77.16284	77.16027	77.20628	77.12554	76.64713	76.64285
4/8/2025	1:30:57 PM	77.20157	77.11985	77.18483	77.15541	77.08930	77.21335	77.15678	77.12889	77.16303	77.16032	77.20639	77.12581	76.64696	76.64337
4/8/2025	1:31:01 PM	77.20156	77.12056	77.18497	77.15510	77.08906	77.21334	77.15731	77.12950	77.16311	77.16089	77.20662	77.12573	76.64716	76.64337
4/8/2025	1:31:04 PM	77.20199	77.12059	77.18552	77.15567	77.08959	77.21385	77.15740	77.12947	77.16349	77.16088	77.20652	77.12575	76.64724	76.64365
4/8/2025	1:31:08 PM	77.20186	77.12033	77.18538	77.15593	77.08933	77.21358	77.15689	77.12943	77.16319	77.16038	77.20671	77.12574	76.64717	76.64307
4/8/2025	1:31:11 PM	77.20151	77.11971	77.18463	77.15522	77.08896	77.21313	77.15645	77.12854	77.16265	77.16003	77.20611	77.12528	76.64651	76.64283
4/8/2025	1:31:15 PM	77.20133	77.11987	77.18495	77.15530	77.08915	77.21317	77.15654	77.12915	77.16248	77.15966	77.20590	77.12545	76.64699	76.64298
4/8/2025	1:31:18 PM	77.20099	77.11977	77.18455	77.15478	77.08883	77.21265	77.15626	77.12850	77.16238	77.16014	77.20572	77.12501	76.64651	76.64318
4/8/2025	1:31:22 PM	77.20124	77.11954	77.18457	77.15519	77.08928	77.21305	77.15673	77.12882	77.16301	77.16032	77.20630	77.12529	76.64633	76.64282
4/8/2025	1:31:26 PM	77.20094	77.12007	77.18472	77.15543	77.08932	77.21268	77.15648	77.12850	77.16249	77.16000	77.20584	77.12531	76.64657	76.64262
4/8/2025	1:31:29 PM	77.20112	77.11985	77.18435	77.15528	77.08883	77.21252	77.15610	77.12817	77.16276	77.16005	77.20581	77.12511	76.64659	76.64253
4/8/2025	1:31:33 PM	77.20101	77.12002	77.18472	77.15497	77.08894	77.21252	77.15647	77.12872	77.16281	77.15985	77.20594	77.12510	76.64667	76.64286
4/8/2025	1:31:36 PM	77.20111	77.11982	77.18457	77.15509	77.08887	77.21279	77.15592	77.12841	77.16219	77.15975	77.20583	77.12500	76.64591	76.64246
4/8/2025	1:31:40 PM	77.20076	77.11925	77.18415	77.15458	77.08824	77.21210	77.15623	77.12848	77.16216	77.15956	77.20547	77.12489	76.64590	76.64220
4/8/2025	1:31:44 PM	77.20080	77.11938	77.18424	77.15468	77.08805	77.21229	77.15634	77.12792	77.16246	77.15968	77.20593	77.12473	76.64637	76.64267
4/8/2025	1:31:47 PM	77.20094	77.11984	77.18480	77.15497	77.08912	77.21297	77.15627	77.12878	77.16251	77.15987	77.20560	77.12482	76.64652	76.64284
4/8/2025	1:31:51 PM	77.20087	77.12018	77.18487	77.15501	77.08879	77.21301	77.15714	77.12899	77.16253	77.16018	77.20589	77.12522	76.64645	76.64280
4/8/2025	1:31:54 PM	77.20141	77.11977	77.18465	77.15501	77.08856	77.21274	77.15623	77.12881	77.16233	77.15948	77.20567	77.12512	76.64613	76.64292
4/8/2025	1:31:58 PM	77.20079	77.11920	77.18458	77.15466	77.08854	77.21278	77.15597	77.12845	77.16253	77.15979	77.20590	77.12501	76.64624	76.64247
4/8/2025	1:32:01 PM	77.20070	77.11961	77.18469	77.15476	77.08892	77.21266	77.15656	77.12842	77.16252	77.15957	77.20599	77.12485	76.64652	76.64284
4/8/2025	1:32:05 PM	77.20060	77.11945	77.18427	77.15524	77.08883	77.21234	77.15661	77.12857	77.16248	77.15973	77.20582	77.12519	76.64649	76.64293
4/8/2025	1:32:08 PM	77.20084	77.11988	77.18485	77.15504	77.08856	77.21256	77.15613	77.12867	77.16218	77.15970	77.20569	77.12487	76.64632	76.64270
4/8/2025	1:32:12 PM	77.20086	77.11957	77.18427	77.15439	77.08852	77.21226	77.15613	77.12811	77.16220	77.15946	77.20578	77.12501	76.64634	76.64259
4/8/2025	1:32:16 PM	77.20094	77.11956	77.18437	77.15459	77.08890	77.21259	77.15633	77.12822	77.16263	77.15978	77.20587	77.12480	76.64623	76.64230
4/8/2025	1:32:19 PM	77.20068	77.11927	77.18435	77.15453	77.08872	77.21264	77.15613	77.12784	77.16216	77.15947	77.20546	77.12506	76.64611	76.64239
4/8/2025	1:32:23 PM	77.20117	77.11962	77.18425	77.15473	77.08864	77.21248	77.15660	77.12838	77.16230	77.15966	77.20566	77.12516	76.64657	76.64269
4/8/2025	1:32:26 PM	77.20091	77.11939	77.18430	77.15501	77.08889	77.21301	77.15668	77.12874	77.16246	77.15964	77.20586	77.12473	76.64644	76.64272
4/8/2025	1:32:30 PM	77.20091	77.11957	77.18467	77.15486	77.08851	77.21228	77.15593	77.12853	77.16220	77.15954	77.20467	77.12471	76.64614	76.64266
4/8/2025	1:32:33 PM	77.20078	77.11989	77.18435	77.15449	77.08885	77.21241	77.15640	77.12858	77.16238	77.15950	77.20528	77.12441	76.64609	76.64271
4/8/2025	1:32:37 PM	77.20069	77.11931	77.18455	77.15459	77.08872	77.21256	77.15592	77.12793	77.16207	77.15928	77.20523	77.12472	76.64543	76.64191
4/8/2025	1:32:40 PM	77.20057	77.11912	77.18424	77.15467	77.08849	77.21260	77.15612	77.12809	77.16261	77.15942	77.20535	77.12478	76.64639	76.64269
4/8/2025	1:32:44 PM	77.20079	77.11918	77.18426	77.15496	77.08874	77.21250	77.15625	77.12815	77.16222	77.15933	77.20545	77.12487	76.64611	76.64233
4/8/2025	1:32:48 PM	77.20071	77.11958	77.18474	77.15465	77.08895	77.21256	77.15637	77.12841	77.16250	77.15943	77.20598	77.12506	76.64611	76.64249
4/8/2025	1:32:51 PM	77.20047	77.11891	77.18384	77.15444	77.08824	77.21270	77.15633	77.12809	77.16220	77.15914	77.20533	77.12440	76.64573	76.64198
4/8/2025	1:32:55 PM	77.20057	77.11949	77.18441	77.15451	77.08839	77.21201	77.15585	77.12812	77.16164	77.15885	77.20516	77.12453	76.64590	76.64217
4/8/2025	1:32:58 PM	77.20036	77.11914	77.18438	77.15424	77.08821	77.21216	77.15565	77.12778	77.16164	77.15922	77.20496	77.12446	76.64556	76.64184
4/8/2025	1:33:02 PM	77.20099	77.11952	77.18439	77.15459	77.08879	77.21224	77.15616	77.12851	77.16236	77.15956	77.20516	77.12418	76.64622	76.64266
4/8/2025	1:33:05 PM	77.20086	77.11958	77.18463	77.15479	77.08937	77.21240	77.15632	77.12795	77.16226	77.15971	77.20555	77.12475	76.64631	76.64226
4/8/2025	1:33:09 PM	77.20021	77.11906	77.18421	77.15460	77.08827	77.21258	77.15591	77.12815	77.16218	77.15941	77.20549	77.12474	76.64615	76.64242
4/8/2025	1:33:13 PM	77.20058	77.11884	77.18417	77.15459	77.08850	77.21261	77.15609	77.12854	77.16221	77.15938	77.20550	77.12522	76.64670	76.64291
4/8/2025	1:33:16 PM	77.20073	77.11949	77.18409	77.15460	77.08839	77.21215	77.15579	77.12821	77.16257	77.15971	77.20526	77.12450	76.64605	76.64236
4/8/2025	1:33:20 PM	77.20090	77.11935	77.18431	77.15489	77.08874	77.21239	77.15626	77.12824	77.16200	77.15935	77.20528	77.12469	76.64566	76.64223
4/8/2025	1:33:23 PM	77.20020	77.11875	77.18416	77.15430	77.08840	77.21238	77.15637	77.12804	77.16162	77.15913	77.20532	77.12444	76.64552	76.64246
4/8/2025	1:33:27 PM	77.20038	77.11909	77.18410	77.15463	77.08839	77.21216	77.15590	77.12812	77.16206	77.15960	77.20570	77.12453	76.64589	76.64229
4/8/2025	1:33:30 PM	77.19994	77.11894	77.18388	77.15430	77.08850	77.21210	77.15557	77.12794	77.16156	77.15870	77.20512	77.12445	76.64572	76.64170
4/8/2025	1:33:34 PM	77.20005	77.11894	77.18416	77.15419	77.08858	77.21244	77.15580	77.12805	77.16198	77.15950	77.20519	77.12418	76.64572	76.64255
4/8/2025	1:33:38 PM	77.20002	77.11891	77.18390	77.15473	77.08852	77.21210	77.15580	77.12821	77.16161	77.15916	77.20507	77.12450	76.64549	76.64188
4/8/2025	1:33:41 PM	77.19993	77.11914	77.18390	77.15405	77.08858	77.21220	77.15575	77.12833	77.16187	77.15915	77.20518	77.12456	76.64617	76.64214
4/8/2025	1:33:45 PM	77.20018	77.11898	77.18373	77.15484	77.08843	77.21201	77.15579	77.12786	77.16225	77.15959	77.20491	77.12468	76.64656	76.64298
4/8/2025	1:33:48 PM	77.20079	77.11963	77.18422	77.15495	77.08868	77.21305	77.15633	77.12831	77.16216	77.15957	77.20594	77.12505	76.64665	76.64260
4/8/2025	1:33:52 PM	77.20082	77.11947	77.18432	77.15483	77.08874	77.21284	77.15618	77.12882	77.16225	77.15939	77.20580	77.12480	76.64573	76.64238
4/8/2025	1:33:55 PM	77.20098	77.11968	77.18429	77.15467	77.08865	77.21270	77.15615	77.12847	77.16232	77.15921	77.20538	77.12502	76.64656	76.64186
4/8/2025	1:33:59 PM	77.20060	77.11899	77.18389	77.15468	77.08867	77.21215	77.15614	77.12833	77.16194	77.15878	77.20519	77.12439	76.64596	76.64257
4/8/2025	1:34:03 PM	77.20061	77.11923	77.18405	77.15441	77.08862	77.21221	77.15596	77.12807	77.16194	77.15922	77.20531	77.12479	76.64604	76.64242
4/8/2025	1:34:06 PM	77.20064	77.11931	77.18404	77.15487	77.08865	77.21295	77.15600	77.12835	77.16217	77.15934	77.20539	77.12502	76.64613	76.64227
4/8/2025	1:34:10 PM	77.20028	77.11945	77.18406	77.15453	77.08837	77.21238	77.15584	77.12787	77.16189	77.15928	77.20530	77.12451	76.64564	76.64179
4/8/2025	1:34:13 PM	77.20021	77.11930	77.18404	77.15410	77.08828	77.21202	77.15553	77.12780	77.16141	77.15895	77.20512	77.12409	76.64536	76.64167
4/8/2025	1:34:17 PM	77.19980	77.11864	77.18390	77.15403	77.08835	77.21199	77.15573	77.12795	77.16120	77.15871	77.20531	77.12430	76.64516	76.64178
4/8/2025	1:34:21 PM	77.20004	77.11872	77.18395	77.15407	77.08821	77.21203	77.15577	77.12783	77.16134	77.15871	77.20498	77.12424	76.64533	76.64178
4/8/2025	1:34:24 PM	77.20033	77.11862	77.18364	77.15386	77.08796	77.21202	77.15587	77.12790	77.16167	77.15876	77.20512	77.12416	76.64526	76.64194
4/8/2025	1:34:28 PM	77.19984	77.11866	77.18356	77.15389	77.08830	77.21177	77.15539	77.12808	77.16129	77.15882	77.20448	77.12386	76.64565	76.64160
4/8/2025	1:34:31 PM	77.20003	77.11852	77.18379	77.15367	77.08831	77.21177	77.15517	77.12783	77.16156	77.15857	77.20427	77.12427	76.64521	76.64217
4/8/2025	1:34:35 PM	77.19993	77.11899	77.18388	77.15416	77.08798	77.21176	77.15537	77.12754	77.16160	77.15894	77.20469	77.12408	76.64530	76.64115
4/8/2025	1:34:38 PM	77.19944	77.11838	77.18311	77.15385	77.08811	77.21199	77.15553	77.12764	77.16135	77.15867	77.20505	77.12410	76.64516	76.64183
4/8/2025	1:34:42 PM	77.20028	77.11886	77.18373	77.15380	77.08831	77.21198	77.15571	77.12800	77.16149	77.15922	77.20484	77.12428	76.64588	76.64212
4/8/2025	1:34:45 PM	77.20035	77.11923	77.18411	77.15445	77.08858	77.21203	77.15570	77.12811	77.16175	77.15899	77.20457	77.12395	76.64512	76.64188
4/8/2025	1:34:49 PM	77.20020	77.11896	77.18392	77.15417	77.08798	77.21185	77.15562	77.12768	77.16166	77.15925	77.20525	77.12409	76.64564	76.64198
4/8/2025	1:34:52 PM	77.20054	77.11904	77.18391	77.15444	77.08866	77.21209	77.15552	77.12783	77.16162	77.15898	77.20473	77.12448	76.64565	76.64199
4/8/2025	1:34:56 PM	77.19993	77.11886	77.18359	77.15406	77.08831	77.21202	77.15568	77.12756	77.16111	77.15892	77.20476	77.12408	76.64508	76.64188
4/8/2025	1:35:00 PM	77.20040	77.11881	77.18385	77.15430	77.08815	77.21221	77.15594	77.12798	77.16147	77.15862	77.20452	77.12421	76.64516	76.64128
4/8/2025	1:35:03 PM	77.19994	77.11899	77.18377	77.15413	77.08819	77.21204	77.15552	77.12761	77.16141	77.15898	77.20471	77.12422	76.64514	76.64150
4/8/2025	1:35:07 PM	77.20037	77.11878	77.18383	77.15400	77.08835	77.21163	77.15583	77.12777	77.16163	77.15900	77.20536	77.12403	76.64514	76.64200
4/8/2025	1:35:10 PM	77.20011	77.11916	77.18402	77.15433	77.08877	77.21263	77.15623	77.12860	77.16196	77.15897	77.20503	77.12448	76.64563	76.64225
4/8/2025	1:35:14 PM	77.19984	77.11865	77.18380	77.15450	77.08842	77.21225	77.15580	77.12784	77.16158	77.15923	77.20489	77.12459	76.64556	76.64177
4/8/2025	1:35:17 PM	77.20028	77.11884	77.18417	77.15427	77.08800	77.21198	77.15579	77.12760	77.16159	77.15877	77.20496	77.12414	76.64544	76.64163
4/8/2025	1:35:21 PM	77.19990	77.11919	77.18399	77.15418	77.08832	77.21199	77.15550	77.12763	77.16123	77.15886	77.20456	77.12407	76.64502	76.64165
4/8/2025	1:35:25 PM	77.20019	77.11894	77.18414	77.15434	77.08852	77.21246	77.15597	77.12826	77.16145	77.15927	77.20515	77.12439	76.64509	76.64165
4/8/2025	1:35:28 PM	77.19966	77.11817	77.18323	77.15388	77.08774	77.21211	77.15545	77.12740	77.16130	77.15824	77.20441	77.12403	76.64509	76.64121
4/8/2025	1:35:32 PM	77.20004	77.11847	77.18364	77.15422	77.08801	77.21211	77.15557	77.12770	77.16128	77.15872	77.20461	77.12378	76.64541	76.64127
4/8/2025	1:35:35 PM	77.19943	77.11833	77.18298	77.15375	77.08777	77.21176	77.15530	77.12724	77.16105	77.15828	77.20439	77.12368	76.64499	76.64144
4/8/2025	1:35:39 PM	77.19967	77.11869	77.18334	77.15368	77.08801	77.21198	77.15551	77.12738	77.16089	77.15849	77.20471	77.12397	76.64575	76.64170
4/8/2025	1:35:42 PM	77.19996	77.11854	77.18351	77.15430	77.08832	77.21229	77.15563	77.12769	77.16184	77.15862	77.20456	77.12413	76.64506	76.64170
4/8/2025	1:35:46 PM	77.19979	77.11839	77.18410	77.15432	77.08848	77.21236	77.15554	77.12822	77.16171	77.15888	77.20515	77.12447	76.64522	76.64171
4/8/2025	1:35:49 PM	77.20022	77.11841	77.18366	77.15396	77.08824	77.21190	77.15535	77.12772	77.16131	77.15875	77.20464	77.12396	76.64511	76.64151
4/8/2025	1:35:53 PM	77.20004	77.11835	77.18349	77.15394	77.08835	77.21178	77.15569	77.12778	77.16143	77.15892	77.20486	77.12459	76.64548	76.64178
4/8/2025	1:35:56 PM	77.20001	77.11909	77.18411	77.15435	77.08855	77.21221	77.15603	77.12764	77.16112	77.15883	77.20459	77.12410	76.64578	76.64159
4/8/2025	1:36:00 PM	77.19999	77.11870	77.18382	77.15453	77.08857	77.21222	77.15541	77.12783	77.16197	77.15890	77.20449	77.12404	76.64499	76.64160
4/8/2025	1:36:03 PM	77.19986	77.11890	77.18350	77.15426	77.08826	77.21165	77.15539	77.12757	77.16085	77.15850	77.20439	77.12385	76.64490	76.64133
4/8/2025	1:36:07 PM	77.19960	77.11860	77.18352	77.15373	77.08822	77.21214	77.15525	77.12735	77.16109	77.15873	77.20422	77.12369	76.64470	76.64142
4/8/2025	1:36:11 PM	77.19971	77.11874	77.18360	77.15413	77.08820	77.21224	77.15544	77.12753	77.16140	77.15867	77.20444	77.12415	76.64519	76.64161
4/8/2025	1:36:14 PM	77.19964	77.11894	77.18373	77.15406	77.08857	77.21221	77.15570	77.12774	77.16155	77.15837	77.20468	77.12468	76.64550	76.64146
4/8/2025	1:36:18 PM	77.20055	77.11874	77.18369	77.15407	77.08843	77.21205	77.15562	77.12769	77.16170	77.15878	77.20445	77.12407	76.64500	76.64183
4/8/2025	1:36:21 PM	77.20027	77.11889	77.18345	77.15401	77.08815	77.21177	77.15551	77.12759	77.16129	77.15875	77.20448	77.12349	76.64484	76.64126
4/8/2025	1:36:25 PM	77.19932	77.11835	77.18308	77.15395	77.08803	77.21199	77.15575	77.12717	77.16103	77.15804	77.20418	77.12345	76.64489	76.64129
4/8/2025	1:36:28 PM	77.19954	77.11861	77.18352	77.15377	77.08786	77.21174	77.15500	77.12743	77.16099	77.15839	77.20409	77.12367	76.64451	76.64109
4/8/2025	1:36:32 PM	77.19954	77.11836	77.18284	77.15399	77.08807	77.21179	77.15549	77.12748	77.16127	77.15859	77.20458	77.12406	76.64511	76.64104
4/8/2025	1:36:36 PM	77.19967	77.11844	77.18343	77.15427	77.08824	77.21184	77.15570	77.12737	77.16183	77.15864	77.20457	77.12418	76.64517	76.64183
4/8/2025	1:36:39 PM	77.19971	77.11881	77.18361	77.15395	77.08773	77.21199	77.15587	77.12828	77.16130	77.15886	77.20472	77.12385	76.64497	76.64144
4/8/2025	1:36:43 PM	77.20004	77.11861	77.18384	77.15407	77.08841	77.21216	77.15559	77.12748	77.16161	77.15895	77.20468	77.12411	76.64538	76.64143
4/8/2025	1:36:46 PM	77.19985	77.11869	77.18351	77.15410	77.08781	77.21211	77.15518	77.12751	77.16111	77.15827	77.20489	77.12413	76.64514	76.64137
4/8/2025	1:36:50 PM	77.19978	77.11855	77.18373	77.15421	77.08875	77.21185	77.15567	77.12747	77.16100	77.15844	77.20434	77.12358	76.64501	76.64121
4/8/2025	1:36:53 PM	77.19980	77.11865	77.18374	77.15370	77.08801	77.21197	77.15542	77.12718	77.16079	77.15833	77.20422	77.12392	76.64481	76.64104
4/8/2025	1:36:57 PM	77.19967	77.11815	77.18340	77.15385	77.08817	77.21194	77.15509	77.12749	77.16123	77.15825	77.20400	77.12383	76.64480	76.64107
4/8/2025	1:37:01 PM	77.19979	77.11871	77.18364	77.15402	77.08831	77.21187	77.15547	77.12774	77.16121	77.15863	77.20457	77.12373	76.64520	76.64132
4/8/2025	1:37:04 PM	77.19943	77.11829	77.18353	77.15366	77.08764	77.21146	77.15505	77.12705	77.16065	77.15807	77.20417	77.12375	76.64499	76.64127
4/8/2025	1:37:08 PM	77.19920	77.11827	77.18302	77.15372	77.08779	77.21167	77.15516	77.12762	77.16101	77.15805	77.20394	77.12353	76.64462	76.64088
4/8/2025	1:37:11 PM	77.19929	77.11811	77.18315	77.15441	77.08818	77.21176	77.15480	77.12725	77.16096	77.15814	77.20394	77.12338	76.64478	76.64070
4/8/2025	1:37:15 PM	77.19932	77.11790	77.18283	77.15329	77.08761	77.21122	77.15525	77.12731	77.16096	77.15809	77.20350	77.12311	76.64480	76.64089
4/8/2025	1:37:18 PM	77.19937	77.11824	77.18316	77.15354	77.08789	77.21148	77.15527	77.12752	77.16093	77.15773	77.20390	77.12364	76.64405	76.64082
4/8/2025	1:37:22 PM	77.20007	77.11831	77.18348	77.15404	77.08821	77.21199	77.15562	77.12783	77.16114	77.15829	77.20432	77.12391	76.64505	76.64126
4/8/2025	1:37:25 PM	77.19979	77.11837	77.18370	77.15414	77.08812	77.21232	77.15586	77.12764	77.16119	77.15864	77.20421	77.12356	76.64464	76.64141
4/8/2025	1:37:29 PM	77.19988	77.11867	77.18348	77.15397	77.08821	77.21222	77.15568	77.12805	77.16125	77.15847	77.20452	77.12352	76.64481	76.64130
4/8/2025	1:37:33 PM	77.19987	77.11867	77.18366	77.15420	77.08850	77.21221	77.15575	77.12807	77.16142	77.15839	77.20431	77.12382	76.64491	76.64152
4/8/2025	1:37:36 PM	77.19995	77.11870	77.18335	77.15406	77.08832	77.21242	77.15563	77.12791	77.16130	77.15848	77.20445	77.12379	76.64503	76.64139
4/8/2025	1:37:40 PM	77.19982	77.11832	77.18361	77.15421	77.08836	77.21181	77.15506	77.12767	77.16136	77.15853	77.20464	77.12353	76.64474	76.64130
4/8/2025	1:37:43 PM	77.19974	77.11879	77.18392	77.15435	77.08809	77.21224	77.15603	77.12760	77.16122	77.15840	77.20446	77.12397	76.64495	76.64118
4/8/2025	1:37:47 PM	77.19945	77.11841	77.18338	77.15408	77.08863	77.21242	77.15595	77.12781	77.16119	77.15820	77.20406	77.12368	76.64485	76.64112
4/8/2025	1:37:50 PM	77.19931	77.11836	77.18320	77.15383	77.08781	77.21166	77.15509	77.12757	77.16099	77.15843	77.20416	77.12382	76.64433	76.64070
4/8/2025	1:37:54 PM	77.19923	77.11860	77.18319	77.15346	77.08824	77.21185	77.15550	77.12714	77.16065	77.15825	77.20370	77.12369	76.64471	76.64081
4/8/2025	1:37:58 PM	77.19938	77.11802	77.18331	77.15347	77.08819	77.21164	77.15549	77.12752	77.16071	77.15796	77.20357	77.12368	76.64444	76.64055
4/8/2025	1:38:01 PM	77.19922	77.11766	77.18316	77.15340	77.08767	77.21165	77.15482	77.12734	77.16079	77.15804	77.20393	77.12335	76.64463	76.64090
4/8/2025	1:38:05 PM	77.19923	77.11816	77.18330	77.15394	77.08800	77.21158	77.15551	77.12792	77.16103	77.15823	77.20404	77.12338	76.64450	76.64029
4/8/2025	1:38:08 PM	77.19959	77.11828	77.18302	77.15383	77.08793	77.21149	77.15479	77.12704	77.16047	77.15824	77.20426	77.12351	76.64415	76.64068
4/8/2025	1:38:12 PM	77.19948	77.11830	77.18328	77.15364	77.08791	77.21141	77.15520	77.12727	77.16045	77.15787	77.20385	77.12345	76.64453	76.64084
4/8/2025	1:38:15 PM	77.19918	77.11837	77.18301	77.15404	77.08818	77.21186	77.15552	77.12745	77.16066	77.15800	77.20387	77.12391	76.64459	76.64118
4/8/2025	1:38:19 PM	77.19951	77.11809	77.18359	77.15339	77.08782	77.21176	77.15533	77.12707	77.16086	77.15795	77.20389	77.12354	76.64462	76.64070
4/8/2025	1:38:23 PM	77.19940	77.11807	77.18294	77.15340	77.08805	77.21155	77.15530	77.12733	77.16080	77.15816	77.20350	77.12321	76.64418	76.64038
4/8/2025	1:38:26 PM	77.19917	77.11813	77.18306	77.15356	77.08788	77.21181	77.15541	77.12755	77.16100	77.15815	77.20419	77.12352	76.64445	76.64110
4/8/2025	1:38:30 PM	77.19949	77.11791	77.18324	77.15354	77.08748	77.21181	77.15532	77.12756	77.16046	77.15794	77.20406	77.12323	76.64458	76.64094
4/8/2025	1:38:33 PM	77.19943	77.11828	77.18301	77.15376	77.08812	77.21198	77.15549	77.12758	77.16101	77.15788	77.20385	77.12334	76.64416	76.64072
4/8/2025	1:38:37 PM	77.19925	77.11818	77.18295	77.15382	77.08786	77.21162	77.15532	77.12748	77.16053	77.15766	77.20417	77.12388	76.64427	76.64059
4/8/2025	1:38:40 PM	77.19893	77.11812	77.18323	77.15351	77.08804	77.21179	77.15536	77.12727	77.16057	77.15784	77.20363	77.12305	76.64456	76.64056
4/8/2025	1:38:44 PM	77.19904	77.11830	77.18277	77.15364	77.08819	77.21177	77.15518	77.12724	77.16050	77.15762	77.20348	77.12339	76.64437	76.64096
4/8/2025	1:38:48 PM	77.19964	77.11850	77.18319	77.15402	77.08847	77.21179	77.15542	77.12729	77.16089	77.15834	77.20401	77.12338	76.64422	76.64085
4/8/2025	1:38:51 PM	77.19915	77.11830	77.18338	77.15402	77.08785	77.21210	77.15524	77.12740	77.16047	77.15794	77.20392	77.12380	76.64480	76.64094
4/8/2025	1:38:55 PM	77.19955	77.11826	77.18306	77.15408	77.08789	77.21200	77.15548	77.12729	77.16071	77.15830	77.20365	77.12343	76.64395	76.64027
4/8/2025	1:38:58 PM	77.19914	77.11813	77.18315	77.15345	77.08775	77.21143	77.15495	77.12739	77.16078	77.15818	77.20404	77.12325	76.64439	76.64054
4/8/2025	1:39:02 PM	77.19920	77.11805	77.18316	77.15372	77.08835	77.21132	77.15516	77.12700	77.16035	77.15745	77.20372	77.12313	76.64429	76.64040
4/8/2025	1:39:05 PM	77.19923	77.11811	77.18294	77.15349	77.08800	77.21196	77.15550	77.12740	77.16068	77.15760	77.20412	77.12348	76.64442	76.64055
4/8/2025	1:39:09 PM	77.19915	77.11801	77.18293	77.15356	77.08799	77.21158	77.15514	77.12731	77.16024	77.15768	77.20400	77.12352	76.64424	76.64086
4/8/2025	1:39:13 PM	77.19918	77.11812	77.18299	77.15377	77.08814	77.21238	77.15545	77.12762	77.16075	77.15786	77.20382	77.12319	76.64458	76.64075
4/8/2025	1:39:16 PM	77.19907	77.11799	77.18288	77.15351	77.08798	77.21158	77.15502	77.12711	77.16059	77.15763	77.20367	77.12325	76.64438	76.64048
4/8/2025	1:39:20 PM	77.19921	77.11802	77.18308	77.15360	77.08806	77.21147	77.15500	77.12691	77.16038	77.15764	77.20417	77.12289	76.64412	76.64073
4/8/2025	1:39:23 PM	77.19895	77.11764	77.18288	77.15376	77.08843	77.21178	77.15503	77.12739	77.16068	77.15818	77.20378	77.12306	76.64433	76.64059
4/8/2025	1:39:27 PM	77.19950	77.11813	77.18321	77.15413	77.08817	77.21183	77.15515	77.12741	77.16117	77.15785	77.20382	77.12322	76.64419	76.64020
4/8/2025	1:39:31 PM	77.19929	77.11818	77.18289	77.15411	77.08807	77.21171	77.15557	77.12782	77.16095	77.15814	77.20388	77.12338	76.64430	76.64050
4/8/2025	1:39:34 PM	77.19944	77.11827	77.18298	77.15356	77.08811	77.21197	77.15541	77.12792	77.16131	77.15809	77.20400	77.12380	76.64401	76.64072
4/8/2025	1:39:38 PM	77.19946	77.11856	77.18322	77.15381	77.08815	77.21201	77.15510	77.12757	77.16065	77.15821	77.20391	77.12378	76.64446	76.64059
4/8/2025	1:39:41 PM	77.19922	77.11865	77.18302	77.15386	77.08833	77.21219	77.15533	77.12772	77.16099	77.15788	77.20452	77.12376	76.64451	76.64068
4/8/2025	1:39:45 PM	77.19932	77.11846	77.18329	77.15372	77.08808	77.21225	77.15544	77.12749	77.16049	77.15778	77.20402	77.12341	76.64472	76.64071
4/8/2025	1:39:48 PM	77.19995	77.11844	77.18327	77.15413	77.08817	77.21184	77.15557	77.12736	77.16081	77.15842	77.20426	77.12365	76.64487	76.64054
4/8/2025	1:39:52 PM	77.19919	77.11816	77.18325	77.15346	77.08780	77.21173	77.15499	77.12738	77.16095	77.15781	77.20367	77.12302	76.64392	76.64032
4/8/2025	1:39:55 PM	77.19902	77.11784	77.18293	77.15367	77.08759	77.21146	77.15491	77.12729	77.16050	77.15738	77.20345	77.12293	76.64386	76.64039
4/8/2025	1:39:59 PM	77.19870	77.11754	77.18284	77.15333	77.08810	77.21166	77.15516	77.12726	77.16054	77.15778	77.20363	77.12287	76.64395	76.63999
4/8/2025	1:40:03 PM	77.19905	77.11757	77.18277	77.15369	77.08791	77.21171	77.15528	77.12750	77.16101	77.15841	77.20361	77.12323	76.64415	76.64033
4/8/2025	1:40:06 PM	77.19903	77.11778	77.18288	77.15394	77.08812	77.21178	77.15494	77.12707	77.16055	77.15721	77.20372	77.12306	76.64401	76.64036
4/8/2025	1:40:10 PM	77.19928	77.11785	77.18299	77.15363	77.08814	77.21155	77.15489	77.12754	77.16074	77.15766	77.20380	77.12300	76.64433	76.64071
4/8/2025	1:40:13 PM	77.19923	77.11817	77.18290	77.15405	77.08800	77.21148	77.15514	77.12728	77.16061	77.15753	77.20350	77.12315	76.64420	76.64010
4/8/2025	1:40:17 PM	77.19883	77.11764	77.18264	77.15301	77.08791	77.21156	77.15500	77.12694	77.16063	77.15777	77.20359	77.12314	76.64420	76.64041
4/8/2025	1:40:20 PM	77.19935	77.11789	77.18276	77.15346	77.08788	77.21152	77.15536	77.12755	77.16071	77.15758	77.20370	77.12315	76.64394	76.63997
4/8/2025	1:40:24 PM	77.19912	77.11800	77.18332	77.15368	77.08789	77.21191	77.15485	77.12724	77.16042	77.15769	77.20377	77.12269	76.64380	76.64019
4/8/2025	1:40:28 PM	77.19937	77.11815	77.18306	77.15354	77.08863	77.21218	77.15530	77.12755	77.16108	77.15863	77.20435	77.12414	76.64462	76.64057
4/8/2025	1:40:31 PM	77.19964	77.11838	77.18322	77.15384	77.08812	77.21202	77.15525	77.12751	77.16074	77.15746	77.20346	77.12319	76.64429	76.64086
4/8/2025	1:40:35 PM	77.19966	77.11844	77.18324	77.15372	77.08786	77.21169	77.15543	77.12719	77.16085	77.15819	77.20419	77.12330	76.64406	76.64004
4/8/2025	1:40:38 PM	77.19944	77.11831	77.18327	77.15372	77.08829	77.21181	77.15532	77.12710	77.16046	77.15767	77.20354	77.12331	76.64428	76.64049
4/8/2025	1:40:42 PM	77.19871	77.11745	77.18246	77.15336	77.08780	77.21158	77.15497	77.12680	77.16022	77.15734	77.20294	77.12277	76.64390	76.63986
4/8/2025	1:40:45 PM	77.19897	77.11757	77.18249	77.15311	77.08769	77.21140	77.15478	77.12679	77.15957	77.15692	77.20337	77.12277	76.64338	76.63988
4/8/2025	1:40:49 PM	77.19879	77.11768	77.18226	77.15276	77.08776	77.21152	77.15502	77.12660	77.16043	77.15738	77.20377	77.12297	76.64380	76.63991
4/8/2025	1:40:53 PM	77.19881	77.11782	77.18242	77.15322	77.08814	77.21135	77.15487	77.12707	77.16022	77.15737	77.20345	77.12330	76.64408	76.64011
4/8/2025	1:40:56 PM	77.19908	77.11798	77.18266	77.15326	77.08778	77.21145	77.15523	77.12713	77.16016	77.15751	77.20350	77.12319	76.64442	76.64051
4/8/2025	1:41:00 PM	77.19918	77.11776	77.18286	77.15362	77.08809	77.21210	77.15520	77.12728	77.16047	77.15739	77.20369	77.12278	76.64418	76.63998
4/8/2025	1:41:03 PM	77.19895	77.11764	77.18262	77.15346	77.08801	77.21184	77.15552	77.12735	77.16047	77.15723	77.20353	77.12363	76.64423	76.64074
4/8/2025	1:41:07 PM	77.19900	77.11794	77.18271	77.15366	77.08814	77.21187	77.15558	77.12726	77.16054	77.15781	77.20381	77.12289	76.64419	76.64009
4/8/2025	1:41:11 PM	77.19852	77.11785	77.18286	77.15346	77.08766	77.21188	77.15489	77.12755	77.16073	77.15782	77.20336	77.12309	76.64395	76.64040
4/8/2025	1:41:14 PM	77.19915	77.11813	77.18298	77.15312	77.08806	77.21134	77.15518	77.12729	77.16065	77.15761	77.20316	77.12276	76.64347	76.63974
4/8/2025	1:41:18 PM	77.19889	77.11796	77.18287	77.15340	77.08812	77.21169	77.15452	77.12718	77.16012	77.15721	77.20308	77.12294	76.64362	76.63984
4/8/2025	1:41:21 PM	77.19873	77.11761	77.18304	77.15317	77.08801	77.21140	77.15516	77.12712	77.16016	77.15731	77.20340	77.12268	76.64367	76.64021
4/8/2025	1:41:25 PM	77.19894	77.11790	77.18267	77.15361	77.08792	77.21138	77.15513	77.12710	77.16035	77.15771	77.20349	77.12337	76.64376	76.64006
4/8/2025	1:41:28 PM	77.19898	77.11768	77.18253	77.15335	77.08801	77.21162	77.15527	77.12739	77.16078	77.15787	77.20359	77.12303	76.64427	76.64021
4/8/2025	1:41:32 PM	77.19904	77.11805	77.18308	77.15329	77.08796	77.21160	77.15485	77.12713	77.16041	77.15723	77.20331	77.12271	76.64382	76.64041
4/8/2025	1:41:36 PM	77.19897	77.11776	77.18287	77.15332	77.08784	77.21188	77.15475	77.12688	77.15998	77.15726	77.20283	77.12268	76.64324	76.63956
4/8/2025	1:41:39 PM	77.19858	77.11751	77.18255	77.15334	77.08800	77.21173	77.15498	77.12691	77.16016	77.15699	77.20339	77.12305	76.64354	76.63983
4/8/2025	1:41:43 PM	77.19891	77.11796	77.18306	77.15352	77.08779	77.21157	77.15454	77.12663	77.15971	77.15707	77.20324	77.12273	76.64401	76.64002
4/8/2025	1:41:46 PM	77.19867	77.11738	77.18241	77.15304	77.08788	77.21152	77.15450	77.12716	77.16010	77.15706	77.20270	77.12283	76.64353	76.63986
4/8/2025	1:41:50 PM	77.19828	77.11763	77.18203	77.15325	77.08745	77.21124	77.15456	77.12714	77.16001	77.15730	77.20327	77.12262	76.64308	76.63985
4/8/2025	1:41:53 PM	77.19908	77.11785	77.18271	77.15334	77.08764	77.21156	77.15487	77.12688	77.15994	77.15726	77.20286	77.12242	76.64359	76.64002
4/8/2025	1:41:57 PM	77.19849	77.11742	77.18261	77.15344	77.08792	77.21161	77.15492	77.12680	77.16017	77.15689	77.20335	77.12295	76.64349	76.63962
4/8/2025	1:42:01 PM	77.19888	77.11825	77.18260	77.15365	77.08785	77.21173	77.15525	77.12718	77.16007	77.15710	77.20340	77.12325	76.64352	76.63976
4/8/2025	1:42:04 PM	77.19899	77.11807	77.18270	77.15354	77.08796	77.21216	77.15529	77.12708	77.16042	77.15758	77.20346	77.12301	76.64407	76.64000
4/8/2025	1:42:08 PM	77.19905	77.11781	77.18226	77.15322	77.08746	77.21180	77.15515	77.12706	77.15988	77.15732	77.20317	77.12272	76.64390	76.63948
4/8/2025	1:42:11 PM	77.19876	77.11771	77.18271	77.15366	77.08762	77.21148	77.15504	77.12713	77.16017	77.15687	77.20319	77.12288	76.64366	76.63994
4/8/2025	1:42:15 PM	77.19874	77.11811	77.18281	77.15334	77.08800	77.21177	77.15473	77.12726	77.15994	77.15717	77.20316	77.12264	76.64360	76.63982
4/8/2025	1:42:18 PM	77.19884	77.11782	77.18238	77.15349	77.08821	77.21173	77.15507	77.12735	77.15982	77.15734	77.20324	77.12298	76.64340	76.63986
4/8/2025	1:42:22 PM	77.19935	77.11758	77.18255	77.15339	77.08772	77.21169	77.15544	77.12760	77.16037	77.15778	77.20343	77.12167	76.64271	76.64181
4/8/2025	1:42:26 PM	77.19877	77.11768	77.18283	77.15339	77.08794	77.21091	77.15463	77.12653	77.15967	77.15716	77.20268	77.12222	76.64343	76.63945
4/8/2025	1:42:29 PM	77.19876	77.11775	77.18274	77.15320	77.08799	77.21163	77.15501	77.12702	77.15993	77.15716	77.20289	77.12241	76.64338	76.63936
