6/3/2025	12:20:14 PM	297.53465	297.45573	297.50899	297.61446	297.60839	297.62256	297.64923	297.60923	297.49513	297.52629	297.61034	297.65017	297.71280	297.16760
6/3/2025	12:20:18 PM	297.53266	297.45357	297.50739	297.61191	297.60583	297.62001	297.64693	297.60663	297.49313	297.52433	297.60767	297.64731	297.71060	297.16593
6/3/2025	12:20:21 PM	297.53000	297.45106	297.50499	297.60953	297.60357	297.61701	297.64346	297.59943	297.48849	297.51720	297.60075	297.63446	297.70042	297.15731
6/3/2025	12:20:25 PM	297.51371	297.43743	297.49603	297.59452	297.58585	297.60317	297.62922	297.58830	297.48783	297.50942	297.58592	297.62597	297.69976	297.15323
6/3/2025	12:20:28 PM	297.51262	297.43766	297.49394	297.59132	297.58151	297.59911	297.62572	297.58658	297.47955	297.50627	297.58646	297.62548	297.69236	297.14465
6/3/2025	12:20:32 PM	297.50217	297.42317	297.46784	297.56485	297.54048	297.53432	297.54556	297.49271	297.38306	297.42267	297.49983	297.54955	297.58374	297.01385
6/3/2025	12:20:35 PM	297.39796	297.28003	297.28955	297.34505	297.27549	297.19308	297.19369	297.15284	297.06213	297.14755	297.22275	297.35203	297.32332	296.71315
6/3/2025	12:20:39 PM	297.18447	297.01066	296.96104	296.96956	296.83766	296.64433	296.64822	296.62746	296.56043	296.71224	296.79929	297.03801	296.92482	296.27951
6/3/2025	12:20:43 PM	296.85531	296.62919	296.50084	296.46636	296.26489	295.93311	295.94661	295.94871	295.91409	296.14364	296.27391	296.61614	296.40012	295.73577
6/3/2025	12:20:46 PM	296.42882	296.15895	295.94292	295.86757	295.59462	295.09760	295.12880	295.15930	295.16684	295.47388	295.67873	296.09440	295.76888	295.10506
6/3/2025	12:20:50 PM	295.91577	295.61373	295.29943	295.18950	294.85115	294.17960	294.22982	294.27865	294.34026	294.72147	295.02764	295.48827	295.04580	294.39782
6/3/2025	12:20:53 PM	295.33001	295.00005	294.58814	294.44578	294.04570	293.19859	293.26606	293.33172	293.45797	293.90579	294.33132	294.81187	294.25045	293.62737
6/3/2025	12:20:57 PM	294.68525	294.33391	293.82360	293.65422	293.19595	292.18146	292.26720	292.34619	292.54938	293.05243	293.60112	294.07843	293.40031	292.80636
6/3/2025	12:21:01 PM	293.98847	293.62222	293.02292	292.82892	292.30959	291.14074	291.23907	291.33407	291.61556	292.16280	292.84214	293.29067	292.50219	291.93214
6/3/2025	12:21:04 PM	293.27617	292.89079	292.20114	291.98723	291.40683	290.09112	290.21248	290.31583	290.67332	291.25978	292.06901	292.47602	291.58310	291.02654
6/3/2025	12:21:08 PM	292.50248	292.10284	291.33342	291.09515	290.44709	288.98244	289.13716	289.25882	289.68646	290.30676	291.25071	291.61272	290.62297	290.07896
6/3/2025	12:21:11 PM	291.71929	291.30498	290.45657	290.20232	289.48395	287.87006	288.06622	288.19867	288.69667	289.35156	290.41729	290.72433	289.65362	289.12382
6/3/2025	12:21:15 PM	290.88545	290.45347	289.53572	289.26005	288.46507	286.68986	286.93053	287.08642	287.65803	288.34463	289.52704	289.77210	288.62884	288.11876
6/3/2025	12:21:18 PM	290.03006	289.58483	288.60512	288.30902	287.44088	285.50625	285.79789	285.97707	286.61975	287.33866	288.62450	288.81463	287.61755	287.12631
6/3/2025	12:21:22 PM	289.15551	288.69126	287.65435	287.33869	286.39078	284.29258	284.64098	284.84556	285.55843	286.30955	287.69191	287.83279	286.58982	286.12827
6/3/2025	12:21:26 PM	288.28654	287.80683	286.71395	286.36522	285.35432	283.10028	283.50393	283.72550	284.51193	285.30145	286.75453	286.85541	285.59562	285.11827
6/3/2025	12:21:29 PM	287.39974	286.89181	285.77715	285.36843	284.28240	281.83645	282.29680	282.52312	283.36689	284.19814	285.72318	285.79108	284.53543	284.03113
6/3/2025	12:21:33 PM	286.45753	285.91207	284.76558	284.30278	283.12337	280.49166	281.01900	281.24569	282.12202	282.99764	284.60219	284.63943	283.36105	282.87703
6/3/2025	12:21:36 PM	285.41836	284.83934	283.65105	283.14043	281.86930	279.06337	279.66161	279.89292	280.81672	281.74224	283.42154	283.43991	282.11236	281.67364
6/3/2025	12:21:40 PM	284.33949	283.72082	282.48793	281.93118	280.58046	277.59406	278.25711	278.48708	279.46705	280.44285	282.19951	282.19297	280.80565	280.43574
6/3/2025	12:21:43 PM	283.26391	282.60812	281.33039	280.73573	279.30488	276.14577	276.87314	277.10234	278.15114	279.17796	280.99364	280.97025	279.52065	279.21308
6/3/2025	12:21:47 PM	282.13568	281.44391	280.11441	279.48907	277.97758	274.63937	275.42999	275.65589	276.78551	277.86492	279.73098	279.69696	278.17195	277.92837
6/3/2025	12:21:50 PM	280.99703	280.27302	278.89700	278.24735	276.66645	273.17349	274.02544	274.23620	275.46526	276.59630	278.50270	278.44292	276.85007	276.67445
6/3/2025	12:21:54 PM	279.88700	279.12792	277.69936	277.02812	275.38275	271.74453	272.65252	272.84678	274.17179	275.34935	277.27980	277.19577	275.52960	275.41794
6/3/2025	12:21:58 PM	278.73356	277.94592	276.46240	275.78114	274.07680	270.30726	271.27285	271.43694	272.86732	274.09349	276.04384	275.93651	274.19523	274.14544
6/3/2025	12:22:01 PM	277.61323	276.79797	275.26568	274.57349	272.81995	268.92709	269.93863	270.07263	271.60190	272.86585	274.83298	274.70158	272.88668	272.89742
6/3/2025	12:22:05 PM	276.45610	275.60712	274.02353	273.33290	271.52732	267.53149	268.58714	268.68852	270.31630	271.61914	273.60064	273.44833	271.55371	271.62391
6/3/2025	12:22:08 PM	275.30274	274.42991	272.80844	272.11599	270.27314	266.17183	267.27654	267.34520	269.07449	270.41130	272.39676	272.22052	270.26168	270.39503
6/3/2025	12:22:12 PM	274.18677	273.28515	271.63336	270.95133	269.07450	264.89369	266.04466	266.07986	267.90057	269.26276	271.25538	271.07054	269.04245	269.22788
6/3/2025	12:22:15 PM	273.10687	272.17441	270.49054	269.80617	267.88970	263.61806	264.80956	264.80744	266.71587	268.09397	270.08562	269.88409	267.78820	268.01951
6/3/2025	12:22:19 PM	271.97920	271.02245	269.31866	268.63824	266.69484	262.34621	263.56788	263.53527	265.53637	266.93513	268.93007	268.70947	266.54291	266.82562
6/3/2025	12:22:22 PM	270.88535	269.89893	268.17879	267.49887	265.52000	261.09504	262.35212	262.29742	264.38015	265.78771	267.79116	267.55819	265.32906	265.65396
6/3/2025	12:22:26 PM	269.81423	268.80738	267.07655	266.39477	264.39006	259.90518	261.19250	261.11117	263.27400	264.68275	266.68755	266.43274	264.15270	264.52093
6/3/2025	12:22:29 PM	268.75221	267.72147	265.98383	265.29732	263.26143	258.70865	260.02816	259.92988	262.17292	263.58457	265.59819	265.31850	262.98140	263.39132
6/3/2025	12:22:33 PM	267.70573	266.65349	264.90891	264.22010	262.15420	257.54487	258.88248	258.76823	261.08826	262.49324	264.51998	264.20853	261.82134	262.27357
6/3/2025	12:22:36 PM	266.64463	265.57341	263.82825	263.12855	261.03904	256.38136	257.73922	257.61307	260.01691	261.41669	263.44976	263.10005	260.67250	261.16158
6/3/2025	12:22:40 PM	265.60505	264.51657	262.77528	262.06800	259.95054	255.23965	256.61215	256.47635	258.95436	260.34557	262.39273	262.00153	259.53709	260.06491
6/3/2025	12:22:44 PM	264.58657	263.47388	261.73946	261.02028	258.88189	254.12717	255.51388	255.36714	257.92105	259.30238	261.36239	260.92575	258.42628	258.98913
6/3/2025	12:22:47 PM	263.59029	262.45829	260.73587	260.00406	257.84428	253.05411	254.44740	254.29713	256.92185	258.29407	260.36280	259.88050	257.35152	257.94620
6/3/2025	12:22:51 PM	262.61138	261.45825	259.75539	259.00587	256.83029	252.00378	253.40736	253.24365	255.93326	257.29799	259.37859	258.84697	256.29036	256.91861
6/3/2025	12:22:54 PM	261.65612	260.48262	258.80305	258.03454	255.84774	250.99015	252.39501	252.22776	254.98002	256.33487	258.42688	257.84631	255.26561	255.92491
6/3/2025	12:22:58 PM	260.72145	259.52758	257.87859	257.09377	254.89840	250.01987	251.42836	251.25220	254.06429	255.41160	257.51130	256.88168	254.28187	254.97023
6/3/2025	12:23:02 PM	259.80647	258.59163	256.97020	256.16598	253.95901	249.05218	250.46008	250.27891	253.14667	254.48399	256.59033	255.91409	253.29420	254.01105
6/3/2025	12:23:05 PM	258.91210	257.68334	256.09430	255.27146	253.05558	248.13199	249.54544	249.35529	252.27665	253.60962	255.72388	255.00283	252.37042	253.11320
6/3/2025	12:23:09 PM	258.06102	256.81756	255.26530	254.42294	252.20233	247.25698	248.66462	248.46782	251.43124	252.75174	254.87121	254.10512	251.46122	252.22505
6/3/2025	12:23:12 PM	257.20603	255.94886	254.43531	253.57245	251.34881	246.38883	247.79744	247.59521	250.60626	251.91970	254.04753	253.23609	250.58860	251.37848
6/3/2025	12:23:16 PM	256.39238	255.12855	253.66002	252.78400	250.56126	245.59305	247.00537	246.80168	249.83823	251.12855	253.24517	252.38699	249.73477	250.54039
6/3/2025	12:23:19 PM	255.57094	254.29514	252.86502	251.96268	249.73581	244.75131	246.15266	245.94058	249.00747	250.28467	252.40447	251.50132	248.83619	249.65983
6/3/2025	12:23:23 PM	254.72692	253.44270	252.05058	251.12620	248.88846	243.88398	245.28817	245.07367	248.17453	249.44244	251.56135	250.62346	247.94243	248.78052
6/3/2025	12:23:26 PM	253.90033	252.60818	251.24893	250.29864	248.04574	243.01276	244.41286	244.18986	247.32789	248.59421	250.72086	249.75486	247.05107	247.90987
6/3/2025	12:23:30 PM	253.05965	251.75869	250.43479	249.45963	247.19518	242.13348	243.53781	243.31557	246.48957	247.74871	249.87876	248.88051	246.15831	247.03451
6/3/2025	12:23:34 PM	252.25046	250.94568	249.65309	248.64932	246.37114	241.28148	242.68720	242.45823	245.66545	246.92433	249.06125	248.03895	245.30033	246.19780
6/3/2025	12:23:37 PM	251.45380	250.13903	248.87843	247.85308	245.56283	240.44546	241.85072	241.61728	244.86202	246.12317	248.26648	247.22016	244.45923	245.36739
6/3/2025	12:23:40 PM	250.66831	249.35234	248.11956	247.06578	244.76612	239.62102	241.02772	240.79338	244.06994	245.32847	247.47357	246.40190	243.62647	244.55715
6/3/2025	12:23:44 PM	249.90282	248.58077	247.37817	246.30175	243.99122	238.81747	240.22963	239.99792	243.30405	244.56574	246.71553	245.62581	242.83226	243.77311
6/3/2025	12:23:47 PM	249.15182	247.82469	246.65604	245.55445	243.22945	238.02947	239.43829	239.20596	242.54199	243.80234	245.95999	244.84947	242.04358	243.00342
6/3/2025	12:23:51 PM	248.43684	247.10699	245.96461	244.83521	242.49353	237.27109	238.68173	238.44900	241.81110	243.07344	245.23207	244.09901	241.27671	242.24881
6/3/2025	12:23:54 PM	247.71934	246.38414	245.27514	244.11753	241.76737	236.51985	237.93175	237.70031	241.08742	242.34930	244.51565	243.36873	240.53660	241.52086
6/3/2025	12:23:58 PM	247.02242	245.68581	244.60684	243.42398	241.06061	235.78999	237.20062	236.97210	240.38549	241.64981	243.82157	242.65822	239.81550	240.80969
6/3/2025	12:24:01 PM	246.36637	245.02605	243.97668	242.76720	240.39158	235.10190	236.51165	236.28526	239.72087	240.98824	243.16206	241.98295	239.13181	240.13357
6/3/2025	12:24:05 PM	245.72512	244.38673	243.36556	242.12542	239.73599	234.42568	235.83298	235.61019	239.06835	240.33962	242.52039	241.32774	238.47050	239.48161
6/3/2025	12:24:08 PM	245.10878	243.76943	242.78224	241.51505	239.11275	233.78387	235.18743	234.96805	238.44622	239.72045	241.90620	240.70166	237.83960	238.85499
6/3/2025	12:24:11 PM	244.51008	243.16988	242.21280	240.91261	238.49526	233.14564	234.54241	234.32490	237.82185	239.09944	241.28844	240.06812	237.19939	238.21752
6/3/2025	12:24:15 PM	243.91494	242.57284	241.64597	240.31239	237.87507	232.50744	233.90000	233.68909	237.20548	238.48885	240.68489	239.45560	236.58638	237.61092
6/3/2025	12:24:18 PM	243.33991	241.99865	241.10242	239.73324	237.28036	231.89559	233.28202	233.07539	236.60946	237.89931	240.10271	238.86376	235.99234	237.02075
6/3/2025	12:24:22 PM	242.78510	241.44421	240.57983	239.17771	236.70810	231.31199	232.69407	232.49559	236.04756	237.34964	239.56394	238.31629	235.44132	236.47191
6/3/2025	12:24:25 PM	242.26458	240.92613	240.09076	238.65132	236.16390	230.75187	232.12622	231.93403	235.50170	236.81347	239.03521	237.78017	234.90055	235.93032
6/3/2025	12:24:29 PM	241.74964	240.41178	239.60157	238.11939	235.60900	230.17939	231.54212	231.35636	234.94305	236.26544	238.49822	237.23378	234.35179	235.38241
6/3/2025	12:24:32 PM	241.23938	239.90194	239.12004	237.59463	235.06065	229.61694	230.97160	230.79438	234.39606	235.73244	237.97984	236.70795	233.82185	234.85445
6/3/2025	12:24:36 PM	240.74949	239.41447	238.65719	237.08788	234.53161	229.07546	230.41981	230.25147	233.86990	235.22094	237.48286	236.20544	233.31637	234.35046
6/3/2025	12:24:40 PM	240.27688	238.94453	238.21261	236.59861	234.02126	228.55343	229.88896	229.72979	233.36480	234.73199	237.00949	235.72841	232.83571	233.86866
6/3/2025	12:24:43 PM	239.83452	238.50462	237.79626	236.13528	233.53402	228.05479	229.38121	229.23267	232.88302	234.26772	236.56309	235.27983	232.38088	233.41282
6/3/2025	12:24:47 PM	239.40706	238.07768	237.38750	235.67773	233.05307	227.56081	228.87385	228.73515	232.41070	233.80538	236.11941	234.83323	231.92854	232.96166
6/3/2025	12:24:50 PM	238.98703	237.66246	236.99113	235.23028	232.57823	227.07641	228.37858	228.25049	231.98789	233.35610	235.69206	234.40511	231.49610	232.52894
6/3/2025	12:24:54 PM	238.58288	237.25943	236.60622	234.79364	232.11405	226.60207	227.89035	227.77175	231.55123	232.91500	235.27351	233.98636	231.07005	232.10210
6/3/2025	12:24:57 PM	238.19756	236.87792	236.23959	234.37477	231.67092	226.14884	227.42478	227.31596	231.12348	232.49448	234.87747	233.59383	230.67013	231.70046
6/3/2025	12:25:01 PM	237.82437	236.50743	235.88401	233.96668	231.23553	225.70569	226.96807	226.86974	230.69751	232.08456	234.49123	233.21058	230.27983	231.30910
6/3/2025	12:25:05 PM	237.46545	236.15362	235.53968	233.56960	230.81251	225.27516	226.52415	226.43709	230.28008	231.68847	234.11928	232.84422	229.90630	230.93569
6/3/2025	12:25:08 PM	237.11857	235.81162	235.20763	233.18266	230.40097	224.85784	226.09180	226.01567	229.87155	231.30344	233.75883	232.49129	229.54414	230.57172
6/3/2025	12:25:12 PM	236.78393	235.48090	234.88560	232.80545	229.99502	224.44595	225.66518	225.60135	229.46972	230.92786	233.40862	232.14856	229.19260	230.21845
6/3/2025	12:25:15 PM	236.46392	235.16442	234.57813	232.44484	229.60878	224.05442	225.26002	225.20651	229.08517	230.56821	233.07532	231.82485	228.85987	229.88459
6/3/2025	12:25:19 PM	236.15356	234.86009	234.27969	232.09220	229.23042	223.67165	224.86215	224.82231	228.72969	230.20698	232.73578	231.47862	228.47627	229.57024
6/3/2025	12:25:23 PM	235.83815	234.39646	233.80027	231.74695	229.12318	224.17049	225.31814	225.15356	228.73542	229.70282	231.58424	229.66553	227.45351	228.53343
6/3/2025	12:25:26 PM	233.37777	232.00092	231.66100	230.12380	227.89457	222.96896	224.21412	223.92713	227.34700	227.99030	229.37987	226.97639	224.89777	226.18185
6/3/2025	12:25:30 PM	230.29348	228.88809	228.68042	227.58511	225.64762	220.88997	222.49151	222.37033	225.67115	225.92843	226.88191	223.87922	222.24629	223.67909
6/3/2025	12:25:33 PM	227.36513	225.81787	225.59756	224.90184	223.17374	218.60743	220.66402	220.48843	223.66773	223.66365	224.26870	221.23669	219.83803	221.43047
6/3/2025	12:25:37 PM	224.95584	223.39082	223.16064	222.68469	221.09056	216.45083	218.62007	218.51380	221.87917	221.93194	222.53745	219.41943	217.79415	219.61536
6/3/2025	12:25:41 PM	223.36212	221.79601	221.80398	221.49224	220.06918	215.60312	217.93270	217.91514	220.96083	220.73231	221.05007	217.68945	216.60718	218.30307
6/3/2025	12:25:44 PM	221.94513	220.85197	220.55912	219.80393	218.31377	213.35678	215.45017	215.08985	217.86709	217.73155	217.92921	214.71869	213.52772	214.90265
6/3/2025	12:25:48 PM	218.74534	217.25451	216.88288	216.05957	214.45473	209.19716	211.39147	210.97601	213.67629	213.70161	213.75668	211.06052	209.49860	210.94744
6/3/2025	12:25:51 PM	215.08376	213.59609	213.03659	212.48312	210.78984	205.40908	207.77353	207.40393	210.24022	210.25517	210.27660	207.72509	206.04861	207.66137
6/3/2025	12:25:55 PM	211.96598	210.59658	209.81628	209.44706	207.81678	202.34513	204.84395	204.42204	207.38983	207.36595	207.38519	204.84578	203.08971	204.83188
6/3/2025	12:25:59 PM	209.18160	207.88307	207.07786	206.79116	205.19523	199.70001	202.29695	201.86669	204.95998	204.97273	204.93552	202.35320	200.56127	202.44200
6/3/2025	12:26:02 PM	206.78865	205.59239	204.81248	204.55407	203.00153	197.51578	200.17363	199.73516	202.99282	202.99207	202.94121	200.23120	198.42906	200.39757
6/3/2025	12:26:06 PM	204.70029	203.53354	202.77361	202.50567	200.96170	195.47355	198.12480	197.67329	201.05482	201.02561	200.94262	198.17650	196.33744	198.34812
6/3/2025	12:26:09 PM	202.62618	201.46442	200.92510	200.49925	198.93981	193.48171	196.14022	195.68242	199.17787	199.11726	199.00821	196.17845	194.32829	196.39310
6/3/2025	12:26:13 PM	200.68008	199.52778	199.15169	198.61027	197.05574	191.63521	194.29699	193.82607	197.40263	197.32554	197.20700	194.32573	192.46130	194.58542
6/3/2025	12:26:17 PM	198.79909	197.65489	197.39149	196.77387	195.22652	189.85078	192.49717	192.01561	195.67849	195.57082	195.44451	192.51765	190.63803	192.81756
6/3/2025	12:26:20 PM	196.98995	195.85436	195.67430	195.01211	193.48651	188.15507	190.78205	190.29473	194.05241	193.91478	193.76637	190.81497	188.92668	191.15203
6/3/2025	12:26:24 PM	195.23921	194.12802	194.03806	193.32285	191.81077	186.52569	189.12760	188.62017	192.46222	192.28886	192.13104	189.13382	187.24627	189.50742
6/3/2025	12:26:27 PM	193.58105	192.47915	192.46316	191.70101	190.20191	184.96000	187.53289	187.02089	190.93475	190.73562	190.56554	187.53992	185.64952	187.93875
6/3/2025	12:26:31 PM	191.94944	190.85964	190.91703	190.11826	188.63109	183.43258	185.98202	185.45315	189.44408	189.20380	189.02380	185.97380	184.07856	186.38975
6/3/2025	12:26:35 PM	190.35305	189.26151	189.38664	188.54783	187.07299	181.91352	184.44102	183.90043	187.96778	187.69637	187.50811	184.43975	182.54755	184.89006
6/3/2025	12:26:38 PM	188.80830	187.72894	187.92396	187.04480	185.57783	180.45664	182.96881	182.42064	186.54960	186.25998	186.07053	182.98108	181.09428	183.44998
6/3/2025	12:26:42 PM	187.38004	186.30498	186.55577	185.62824	184.17480	179.08425	181.56835	181.01618	185.20051	184.88306	184.68464	181.57637	179.68090	182.04470
6/3/2025	12:26:45 PM	185.93906	184.86919	185.18462	184.21630	182.77212	177.72003	180.18391	179.62322	183.87095	183.53007	183.33156	180.21081	178.31265	180.68964
6/3/2025	12:26:49 PM	184.54392	183.47543	183.85712	182.82848	181.38597	176.36642	178.81152	178.24864	182.54177	182.17661	181.97561	178.84271	176.94083	179.33750
6/3/2025	12:26:52 PM	183.18914	182.12930	182.57431	181.49865	180.06561	175.07927	177.50740	176.94648	181.27874	180.90737	180.70730	177.56495	175.66366	178.07075
6/3/2025	12:26:56 PM	181.92514	180.87167	181.38154	180.24420	178.81012	173.85077	176.26787	175.70084	180.06685	179.69007	179.49519	176.34439	174.43804	176.86135
6/3/2025	12:27:00 PM	180.66649	179.61477	180.18789	178.98435	177.55516	172.62564	175.03038	174.47213	178.86639	178.48529	178.29534	175.13572	173.22897	175.65957
6/3/2025	12:27:03 PM	179.47953	178.43560	179.06971	177.80710	176.37496	171.46164	173.84424	173.28704	177.70754	177.32432	177.14687	173.98249	172.07356	174.51004
6/3/2025	12:27:07 PM	178.32032	177.27171	177.96089	176.63555	175.20236	170.30662	172.68145	172.13586	176.57665	176.18987	176.01993	172.84706	170.93993	173.39290
6/3/2025	12:27:10 PM	177.18430	176.13878	176.87994	175.49950	174.06576	169.18337	171.54877	171.00759	175.46385	175.08083	174.91869	171.74148	169.83465	172.29761
6/3/2025	12:27:14 PM	176.05128	175.01351	175.80682	174.35796	172.91935	168.04966	170.39070	169.86907	174.33017	173.96585	173.81248	170.63317	168.72647	171.20328
6/3/2025	12:27:17 PM	174.95894	173.92810	174.77358	173.26330	171.82115	166.96435	169.29829	168.79447	173.27508	172.91007	172.76936	169.58561	167.68447	170.17916
6/3/2025	12:27:21 PM	173.92782	172.89630	173.78849	172.21280	170.76737	165.91865	168.23191	167.74011	172.22889	171.87399	171.74092	168.55316	166.65967	169.16783
6/3/2025	12:27:24 PM	172.88131	171.85635	172.79802	171.15581	169.70501	164.85822	167.15239	166.68891	171.17521	170.83732	170.71339	167.52372	165.63553	168.15669
6/3/2025	12:27:28 PM	171.85148	170.83339	171.81973	170.11566	168.65910	163.81515	166.08640	165.64639	170.13714	169.81527	169.69420	166.50616	164.62507	167.16415
6/3/2025	12:27:32 PM	170.86003	169.84780	170.88187	169.11191	167.65440	162.81078	165.06864	164.65360	169.14828	168.84654	168.73717	165.54987	163.67897	166.24149
6/3/2025	12:27:35 PM	169.91318	168.91008	169.99273	168.14957	166.68286	161.83334	164.08885	163.69171	168.19231	167.90045	167.80023	164.61419	162.74989	165.32996
6/3/2025	12:27:39 PM	169.00646	168.00712	169.13696	167.21931	165.74465	160.89608	163.14451	162.77420	167.27288	166.99580	166.90317	163.71769	161.86032	164.45231
6/3/2025	12:27:42 PM	168.11674	167.12046	168.29413	166.30608	164.82339	159.97563	162.21149	161.86539	166.35840	166.10241	166.01771	162.83495	160.98553	163.59483
6/3/2025	12:27:46 PM	167.26138	166.27254	167.48871	165.42562	163.93558	159.08675	161.31362	160.98944	165.47212	165.24258	165.16297	161.98372	160.14402	162.76775
6/3/2025	12:27:50 PM	166.42362	165.44043	166.70264	164.57044	163.07548	158.22734	160.44645	160.14305	164.61162	164.40840	164.34079	161.16509	159.33960	161.97136
6/3/2025	12:27:53 PM	165.64176	164.65997	165.96212	163.75717	162.25181	157.40588	159.61387	159.33504	163.78592	163.61298	163.55027	160.37876	158.55975	161.20439
6/3/2025	12:27:57 PM	164.86320	163.88911	165.22957	162.94527	161.43220	156.59155	158.79390	158.53450	162.97961	162.82523	162.77239	159.60838	157.79463	160.45611
6/3/2025	12:28:00 PM	164.11797	163.14429	164.52062	162.16411	160.64459	155.80729	157.99389	157.76509	162.19491	162.07127	162.03247	158.87419	157.06765	159.74459
6/3/2025	12:28:04 PM	163.40943	162.44225	163.84969	161.41378	159.88922	155.05941	157.23814	157.03379	161.44858	161.34550	161.31632	158.16585	156.36179	159.04951
6/3/2025	12:28:07 PM	162.70493	161.74391	163.18231	160.67072	159.13916	154.31950	156.48070	156.31047	160.69283	160.62052	160.60428	157.46091	155.66308	158.36560
6/3/2025	12:28:11 PM	162.01369	161.05879	162.51738	159.93662	158.39878	153.59086	155.74158	155.60225	159.94838	159.90719	159.89436	156.76368	154.96660	157.68029
6/3/2025	12:28:15 PM	161.32919	160.37507	161.85683	159.21105	157.66796	152.87229	155.00136	154.89222	159.21664	159.20095	159.19432	156.07612	154.28025	157.00699
6/3/2025	12:28:18 PM	160.64986	159.70210	161.20674	158.49738	156.95278	152.17077	154.28126	154.19844	158.50312	158.51606	158.51833	155.41679	153.62442	156.36187
6/3/2025	12:28:22 PM	159.99962	159.05984	160.58126	157.80995	156.26334	151.49833	153.59604	153.53483	157.81284	157.85513	157.86397	154.78086	152.98818	155.73514
6/3/2025	12:28:25 PM	159.36468	158.43159	159.96726	157.13579	155.58675	150.84036	152.91951	152.88049	157.13189	157.20031	157.21298	154.15013	152.35815	155.11088
6/3/2025	12:28:29 PM	158.73041	157.80127	159.34864	156.46465	154.91691	150.18790	152.24647	152.23259	156.46346	156.55391	156.57505	153.53425	151.73900	154.50369
6/3/2025	12:28:33 PM	158.11119	157.19286	158.75071	155.81371	154.26640	149.55436	151.59897	151.60878	155.81438	155.93064	155.95862	152.94372	151.14934	153.92413
6/3/2025	12:28:36 PM	157.51235	156.60290	158.16930	155.18333	153.63669	148.94490	150.96983	151.00403	155.18569	155.32755	155.36170	152.37459	150.57877	153.36098
6/3/2025	12:28:40 PM	156.93928	156.03723	157.61348	154.57764	153.03227	148.36148	150.36818	150.41968	154.57751	154.73771	154.77676	151.81421	150.01280	152.80277
6/3/2025	12:28:43 PM	156.36099	155.46566	157.04764	153.96998	152.42641	147.77628	149.76510	149.83873	153.97131	154.15241	154.19562	151.25967	149.45751	152.25519
6/3/2025	12:28:47 PM	155.80105	154.91225	156.50105	153.37993	151.84080	147.21193	149.18304	149.27717	153.38400	153.58544	153.63455	150.72794	148.92217	151.72864
6/3/2025	12:28:51 PM	155.25093	154.36856	155.96278	152.80402	151.26692	146.66147	148.61641	148.72809	152.80945	153.02891	153.07989	150.20337	148.39468	151.20618
6/3/2025	12:28:54 PM	154.71317	153.83774	155.43571	152.24157	150.70853	146.12346	148.06361	148.19208	152.24639	152.48536	152.54222	149.69579	147.88408	150.70235
6/3/2025	12:28:58 PM	154.18832	153.31860	154.92027	151.69431	150.16650	145.60539	147.53069	147.67557	151.70406	151.96241	152.02556	149.20548	147.38983	150.21213
6/3/2025	12:29:01 PM	153.67647	152.80954	154.41191	151.15161	149.63080	145.09132	147.00101	147.15802	151.16179	151.43484	151.49892	148.70617	146.88962	149.71497
6/3/2025	12:29:05 PM	153.16301	152.30169	153.90908	150.62209	149.10442	144.58826	146.48331	146.65561	150.63503	150.92364	150.99217	148.22598	146.40709	149.23864
6/3/2025	12:29:09 PM	152.67149	151.81456	153.42362	150.10990	148.59974	144.10326	145.98200	146.17055	150.12260	150.42724	150.50131	147.76236	145.94147	148.77629
6/3/2025	12:29:12 PM	152.18845	151.33385	152.94542	149.60856	148.10427	143.62891	145.49053	145.69490	149.62413	149.94006	150.01755	147.30413	145.48138	148.31949
6/3/2025	12:29:16 PM	151.71271	150.86079	152.47454	149.11742	147.62167	143.16854	145.01708	145.23358	149.13719	149.46666	149.54959	146.86134	145.03577	147.87720
6/3/2025	12:29:19 PM	151.25356	150.40299	152.01728	148.63609	147.14352	142.71164	144.54508	144.77572	148.65351	148.99973	149.08758	146.42443	144.59552	147.43888
6/3/2025	12:29:23 PM	150.80034	149.95146	151.56757	148.16719	146.67929	142.27069	144.09142	144.33272	148.18780	148.54197	148.63408	145.99499	144.16338	147.00964
6/3/2025	12:29:27 PM	150.35931	149.51246	151.13001	147.71153	146.22961	141.84176	143.64665	143.90402	147.73299	148.10084	148.19693	145.58163	143.74940	146.59874
6/3/2025	12:29:30 PM	149.92548	149.08007	150.69691	147.26307	145.78771	141.41928	143.20705	143.48209	147.28709	147.66534	147.76560	145.17170	143.33946	146.18779
6/3/2025	12:29:34 PM	149.49836	148.65500	150.27115	146.82375	145.35541	141.00622	142.77645	143.06545	146.84487	147.23373	147.33705	144.76395	142.93435	145.78308
6/3/2025	12:29:37 PM	149.07844	148.23639	149.85268	146.39286	144.93239	140.60028	142.35733	142.65757	146.41572	146.81652	146.92224	144.36960	142.53921	145.38833
6/3/2025	12:29:41 PM	148.66643	147.82517	149.44146	145.96873	144.51774	140.20519	141.94756	142.26154	145.99531	146.40361	146.51698	143.98535	142.15727	145.00585
6/3/2025	12:29:45 PM	148.26462	147.42479	149.04013	145.55910	144.11479	139.81923	141.54629	141.87146	145.58150	146.00120	146.11600	143.60329	141.77500	144.62370
6/3/2025	12:29:48 PM	147.86615	147.02604	148.64165	145.15341	143.71547	139.43808	141.15295	141.48974	145.17598	145.60363	145.72401	143.23133	141.40541	144.25351
6/3/2025	12:29:52 PM	147.47780	146.63919	148.25346	144.75536	143.32575	139.06688	140.76946	141.11567	144.77802	145.21534	145.33966	142.86582	141.03941	143.88798
6/3/2025	12:29:55 PM	147.09648	146.25687	147.86952	144.36586	142.94454	138.70077	140.38880	140.74770	144.38773	144.83459	144.96265	142.50704	140.68238	143.52990
6/3/2025	12:29:59 PM	146.72273	145.88346	147.49393	143.98485	142.57161	138.34686	140.02763	140.39332	144.00975	144.46324	144.59488	142.15628	140.33206	143.17795
6/3/2025	12:30:03 PM	146.35459	145.51588	147.12554	143.61355	142.20600	137.99828	139.66906	140.04043	143.63526	144.09824	144.23529	141.81370	139.99041	142.83855
6/3/2025	12:30:06 PM	146.00288	145.16605	146.77517	143.25890	141.86087	137.67017	139.32795	139.71268	143.28271	143.75557	143.89653	141.49313	139.67119	142.51616
6/3/2025	12:30:10 PM	145.66423	144.82476	146.43075	142.91040	141.51986	137.34402	138.98624	139.38157	142.92921	143.40844	143.55454	141.16711	139.34834	142.19083
6/3/2025	12:30:13 PM	145.32214	144.48381	146.08822	142.56488	141.18155	137.02132	138.65023	139.05436	142.57927	143.06546	143.21464	140.84462	139.02770	141.86647
6/3/2025	12:30:17 PM	144.98465	144.14674	145.74958	142.22728	140.85332	136.71252	138.33454	138.74489	142.24859	142.74385	142.89808	140.54291	138.73024	141.56669
6/3/2025	12:30:20 PM	144.66949	143.83019	145.43128	141.90700	140.53977	136.41298	138.02156	138.43938	141.92013	142.41988	142.57808	140.23681	138.42669	141.25939
6/3/2025	12:30:24 PM	144.33895	143.50013	145.09840	141.57500	140.21734	136.10785	137.70373	138.12972	141.58804	142.09559	142.25770	139.93180	138.12566	140.95441
6/3/2025	12:30:28 PM	144.02256	143.18421	144.77922	141.25627	139.90583	135.81123	137.39525	137.82961	141.26362	141.77948	141.94455	139.63328	137.83152	140.65707
6/3/2025	12:30:31 PM	143.70853	142.87016	144.46834	140.95633	139.60389	135.50224	137.05550	137.44837	140.85310	141.38501	141.61615	139.43622	137.59381	140.26168
6/3/2025	12:30:35 PM	143.30814	142.49356	143.87308	140.38251	139.01486	135.06874	136.70640	137.07824	140.51542	140.80570	140.87315	138.36072	136.90283	139.70815
6/3/2025	12:30:38 PM	142.03830	141.50299	142.91305	139.59711	138.24012	134.40043	136.02734	136.38636	139.54752	139.92694	140.01786	137.82658	136.19388	138.89294
6/3/2025	12:30:42 PM	141.51045	140.81441	142.07410	138.85037	137.45348	133.71953	135.18662	135.49892	138.76018	139.19097	139.33017	137.31662	135.49734	138.18542
6/3/2025	12:30:45 PM	140.94481	140.20722	141.45520	138.24331	136.78333	133.06536	134.57173	134.80296	138.18716	138.65361	138.76421	136.83649	134.94754	137.61629
6/3/2025	12:30:49 PM	140.40057	139.66906	140.92623	137.69084	136.18334	132.48442	133.98125	134.24827	137.65280	138.13111	138.22637	136.35059	134.42984	137.07731
6/3/2025	12:30:53 PM	139.87666	139.13833	140.41935	137.15839	135.61698	131.93677	133.42784	133.69920	137.12108	137.60015	137.69222	135.86048	133.91656	136.54637
6/3/2025	12:30:56 PM	139.33996	138.59477	139.88903	136.60427	135.04959	131.39158	132.86564	133.13274	136.56889	137.06854	137.14781	135.35952	133.39831	136.01450
6/3/2025	12:31:00 PM	138.81269	138.05711	139.35286	136.05698	134.49000	130.86151	132.31058	132.57029	136.01892	136.54075	136.61751	134.87372	132.89000	135.49478
6/3/2025	12:31:03 PM	138.29710	137.52341	138.82393	135.53797	133.95911	130.34722	131.76979	132.02819	135.48022	136.01907	136.09294	134.38930	132.38543	134.97726
6/3/2025	12:31:07 PM	137.77534	136.99949	138.30267	135.01837	133.42772	129.84119	131.23871	131.49598	134.94720	135.49786	135.57591	133.91025	131.88832	134.46652
6/3/2025	12:31:11 PM	137.25617	136.48755	137.79145	134.48988	132.89280	129.34138	130.71079	130.96836	134.41531	134.97787	135.05384	133.42715	131.39094	133.95921
6/3/2025	12:31:14 PM	136.73584	135.96906	137.27755	133.97500	132.37340	128.84541	130.19580	130.45898	133.89953	134.47543	134.54765	132.95380	130.90900	133.46488
6/3/2025	12:31:18 PM	136.22979	135.46069	136.75956	133.46997	131.86631	128.36031	129.68851	129.95093	133.39135	133.97423	134.05037	132.49031	130.43184	132.97873
6/3/2025	12:31:21 PM	135.73415	134.97164	136.26258	132.96883	131.36068	127.88525	129.19171	129.46332	132.89841	133.48574	133.56342	132.03770	129.96781	132.50525
6/3/2025	12:31:25 PM	135.24248	134.48481	135.76855	132.48262	130.87165	127.41934	128.70329	128.98471	132.40917	133.00313	133.08195	131.58874	129.51125	132.03592
6/3/2025	12:31:29 PM	134.77643	134.01743	135.29438	132.01850	130.39592	126.97717	128.24204	128.52724	131.94268	132.53967	132.62280	131.15855	129.07229	131.58765
6/3/2025	12:31:32 PM	134.29946	133.54367	134.82174	131.54438	129.92071	126.52571	127.78006	128.06516	131.46755	132.06885	132.15193	130.71940	128.62368	131.13040
6/3/2025	12:31:36 PM	133.82190	133.06692	134.33787	131.06922	129.45128	126.08536	127.30964	127.60459	130.99924	131.60517	131.68796	130.28688	128.18482	130.67864
6/3/2025	12:31:39 PM	133.35647	132.60451	133.86767	130.60676	128.98510	125.65257	126.86127	127.15922	130.53913	131.14931	131.23604	129.86527	127.75463	130.24110
6/3/2025	12:31:43 PM	132.90111	132.15832	133.41704	130.15061	128.52587	125.22293	126.41537	126.71414	130.07933	130.70295	130.78736	129.44343	127.33057	129.80441
6/3/2025	12:31:46 PM	132.45032	131.71361	132.96341	129.70430	128.07957	124.81027	125.98334	126.29434	129.63614	130.26668	130.35198	129.03599	126.91522	129.37812
6/3/2025	12:31:50 PM	132.00715	131.27628	132.51846	129.26529	127.63933	124.40290	125.55994	125.86605	129.19673	129.82037	129.91843	128.63195	126.50589	128.95846
6/3/2025	12:31:54 PM	131.57465	130.84275	132.08366	128.83502	127.20815	123.99593	125.13890	125.45186	128.76716	129.39176	129.49034	128.22762	126.09531	128.53694
6/3/2025	12:31:57 PM	131.12766	130.40247	131.64039	128.39763	126.77050	123.58777	124.71509	125.03192	128.33255	128.96215	129.06309	127.83002	125.69369	128.12741
6/3/2025	12:32:01 PM	130.71193	129.98976	131.22371	127.98370	126.36312	123.20658	124.31541	124.64163	127.92154	128.55964	128.65922	127.44521	125.30204	127.72542
6/3/2025	12:32:04 PM	130.29023	129.56921	130.80138	127.56796	125.94764	122.82180	123.91630	124.24311	127.50210	128.13952	128.24423	127.05628	124.91194	127.32515
6/3/2025	12:32:08 PM	129.86878	129.15404	130.37871	127.15185	125.53403	122.43799	123.51445	123.85460	127.09096	127.74072	127.83770	126.66925	124.51993	126.92099
6/3/2025	12:32:11 PM	129.44761	128.73628	129.95355	126.73516	125.11891	122.05031	123.11229	123.45001	126.67425	127.32791	127.42580	126.28351	124.13235	126.52172
6/3/2025	12:32:15 PM	129.03216	128.32363	129.53624	126.33107	124.71560	121.67693	122.72144	123.06617	126.26817	126.92747	127.02441	125.90340	123.74916	126.12804
6/3/2025	12:32:19 PM	128.62276	127.91682	129.13063	125.92569	124.31810	121.30248	122.33253	122.67889	125.86457	126.51885	126.62375	125.52765	123.37121	125.73842
6/3/2025	12:32:22 PM	128.21496	127.51612	128.72514	125.52611	123.91480	120.93588	121.95217	122.30768	125.46868	126.13158	126.23272	125.15433	122.99981	125.35412
6/3/2025	12:32:26 PM	127.81544	127.12163	128.32422	125.12730	123.52421	120.57796	121.57763	121.93459	125.07737	125.73791	125.84180	124.78417	122.63379	124.97486
6/3/2025	12:32:29 PM	127.41593	126.73015	127.91937	124.73167	123.13536	120.21982	121.20324	121.56190	124.68636	125.35379	125.45424	124.41137	122.26214	124.59365
6/3/2025	12:32:33 PM	127.02074	126.33964	127.51921	124.34290	122.75157	119.86100	120.83017	121.19571	124.29541	124.95621	125.06121	124.04139	121.89430	124.21296
6/3/2025	12:32:37 PM	126.62446	125.94371	127.11905	123.95120	122.37154	119.50072	120.45747	120.83743	123.91099	124.57454	124.67916	123.67350	121.53041	123.83530
6/3/2025	12:32:40 PM	126.23367	125.55618	126.72997	123.57588	121.99910	119.15680	120.09766	120.47698	123.53236	124.19589	124.30450	123.32008	121.18053	123.47326
6/3/2025	12:32:44 PM	125.85738	125.18038	126.35341	123.20828	121.63756	118.82116	119.74929	120.12437	123.16617	123.82825	123.93609	122.97111	120.83465	123.11245
6/3/2025	12:32:47 PM	125.48839	124.81831	125.97542	122.84324	121.27535	118.48946	119.40409	119.78218	122.79928	123.46256	123.57629	122.62987	120.49631	122.76347
6/3/2025	12:32:51 PM	125.12134	124.45024	125.60724	122.48840	120.93097	118.16628	119.06328	119.45083	122.44976	123.10680	123.22300	122.29468	120.16436	122.41816
6/3/2025	12:32:54 PM	124.76153	124.09629	125.24534	122.13431	120.57654	117.84614	118.72905	119.12280	122.09270	122.74878	122.86899	121.95865	119.82973	122.06979
6/3/2025	12:32:58 PM	124.39633	123.73633	124.87863	121.78208	120.23121	117.52559	118.39305	118.78674	121.73802	122.38942	122.51506	121.62465	119.50006	121.72805
6/3/2025	12:33:01 PM	124.04312	123.38128	124.52594	121.44250	119.89540	117.21087	118.06591	118.46586	121.39173	122.03234	122.16115	121.29074	119.17349	121.38657
6/3/2025	12:33:05 PM	123.67941	123.02600	124.15692	121.08180	119.54179	116.88829	117.73236	118.13054	121.03759	121.67624	121.80842	120.95518	118.83926	121.04003
6/3/2025	12:33:09 PM	123.31787	122.66236	123.79063	120.73488	119.20265	116.57256	117.40145	117.80843	120.69211	121.33121	121.45870	120.62054	118.50943	120.70035
6/3/2025	12:33:12 PM	122.96433	122.30850	123.43993	120.39440	118.86845	116.26174	117.07525	117.47714	120.34849	120.98065	121.11127	120.29523	118.18711	120.36283
6/3/2025	12:33:16 PM	122.61294	121.96309	123.08058	120.04444	118.52419	115.94611	116.74872	117.15104	120.00176	120.63029	120.76118	119.96082	117.85780	120.02139
6/3/2025	12:33:19 PM	122.25942	121.60698	122.72558	119.70971	118.20265	115.64216	116.43161	116.84344	119.66756	120.29694	120.42633	119.64194	117.54639	119.69683
6/3/2025	12:33:23 PM	121.91796	121.26815	122.38383	119.37781	117.87076	115.33980	116.11510	116.52598	119.33347	119.95803	120.09065	119.32342	117.23096	119.36787
6/3/2025	12:33:27 PM	121.57670	120.93205	122.03594	119.04324	117.54978	115.03770	115.79907	116.21599	118.99961	119.62336	119.75675	119.00551	116.91925	119.04459
6/3/2025	12:33:30 PM	121.23829	120.59332	121.70230	118.72769	117.23843	114.74892	115.49802	115.91760	118.68081	119.30104	119.43606	118.70376	116.62411	118.73602
6/3/2025	12:33:34 PM	120.91806	120.27571	121.37383	118.41377	116.93500	114.46559	115.19967	115.62262	118.36299	118.98570	119.11612	118.39951	116.32445	118.42457
6/3/2025	12:33:37 PM	120.59469	119.95705	121.05153	118.09791	116.62510	114.18655	114.90533	115.32506	118.04077	118.66680	118.79394	118.09512	116.02815	118.11520
6/3/2025	12:33:41 PM	120.26498	119.61998	120.71357	117.78132	116.32232	113.89407	114.60226	115.02589	117.71669	118.34504	118.47139	117.78771	115.72731	117.80264
6/3/2025	12:33:44 PM	119.93757	119.30225	120.38810	117.46473	116.01154	113.61477	114.31041	114.73873	117.40421	118.03313	118.15844	117.48717	115.43158	117.49451
6/3/2025	12:33:48 PM	119.61873	118.97720	120.06593	117.16423	115.72143	113.33634	114.01853	114.45285	117.09581	117.72610	117.84574	117.19089	115.14299	117.19129
6/3/2025	12:33:52 PM	119.29939	118.66520	119.73890	116.84595	115.40945	113.05840	113.72618	114.16006	116.78744	117.41417	117.53200	116.89278	114.85146	116.88686
6/3/2025	12:33:55 PM	118.97937	118.34190	119.42286	116.54912	115.12264	112.78149	113.43505	113.86874	116.47432	117.10200	117.21928	116.59503	114.56354	116.58615
6/3/2025	12:33:59 PM	118.66652	118.03469	119.10225	116.23899	114.82411	112.51284	113.15367	113.58933	116.17355	116.79832	116.91264	116.30382	114.28193	116.29243
6/3/2025	12:34:02 PM	118.35663	117.72524	118.79462	115.94778	114.53951	112.24858	112.87555	113.31227	115.88169	116.50472	116.61274	116.02149	114.00086	115.99798
6/3/2025	12:34:06 PM	118.05011	117.41885	118.48535	115.65674	114.26249	111.98561	112.59930	113.03772	115.58891	116.21371	116.31920	115.73914	113.72847	115.71192
6/3/2025	12:34:10 PM	117.74808	117.12260	118.17915	115.35853	113.96833	111.72071	112.32420	112.76273	115.29163	115.91483	116.02261	115.45209	113.44994	115.42272
6/3/2025	12:34:13 PM	117.44966	116.81926	117.87676	115.07840	113.69661	111.46393	112.05435	112.49546	115.01092	115.62710	115.72648	115.17359	113.17726	115.13577
6/3/2025	12:34:17 PM	117.14268	116.52267	117.56799	114.78575	113.41675	111.20613	111.78267	112.22367	114.72280	115.34204	115.43762	114.90130	112.91128	114.85921
6/3/2025	12:34:20 PM	116.85425	116.23605	117.28124	114.50372	113.14164	110.95747	111.51882	111.95797	114.43580	115.05556	115.14991	114.62212	112.64239	114.57604
6/3/2025	12:34:24 PM	116.56106	115.93649	116.98581	114.22798	112.87691	110.70457	111.25765	111.69291	114.15795	114.77329	114.86391	114.34984	112.37793	114.30035
6/3/2025	12:34:28 PM	116.26796	115.64807	116.68336	113.94615	112.60678	110.45442	110.99223	111.42963	113.88005	114.49093	114.57623	114.07952	112.11520	114.02493
6/3/2025	12:34:31 PM	115.97779	115.36703	116.39896	113.66820	112.33742	110.21124	110.73565	111.17275	113.60727	114.21853	114.29858	113.81401	111.85674	113.75291
6/3/2025	12:34:35 PM	115.69590	115.07968	116.11408	113.39866	112.07609	109.97213	110.48333	110.91725	113.33460	113.94202	114.02118	113.54445	111.59968	113.48527
6/3/2025	12:34:38 PM	115.41572	114.79755	115.83053	113.13535	111.82526	109.73230	110.23356	110.66614	113.07328	113.67270	113.74939	113.28939	111.35173	113.22322
6/3/2025	12:34:42 PM	115.13817	114.52817	115.55866	112.87826	111.57626	109.50165	109.98820	110.42160	112.81208	113.41058	113.48103	113.03714	111.10487	112.96380
6/3/2025	12:34:45 PM	114.86723	114.25286	115.27975	112.61491	111.32437	109.26539	109.73777	110.17029	112.54524	113.14448	113.20938	112.77632	110.85698	112.70261
6/3/2025	12:34:49 PM	114.59963	113.98455	115.00269	112.34919	111.07101	109.03367	109.49618	109.92134	112.28260	112.87746	112.94185	112.51965	110.61154	112.44477
6/3/2025	12:34:53 PM	114.32287	113.71771	114.72935	112.08809	110.81885	108.80383	109.25508	109.67759	112.02838	112.62051	112.67730	112.26746	110.36873	112.18940
6/3/2025	12:34:56 PM	114.04562	113.45237	114.46184	111.83396	110.57422	108.57757	109.01742	109.43882	111.77621	112.36923	112.41715	112.02613	110.13172	111.93996
6/3/2025	12:35:00 PM	113.78865	113.18608	114.20116	111.58634	110.33556	108.35589	108.78465	109.20214	111.52693	112.11485	112.15908	111.77626	109.89343	111.69079
6/3/2025	12:35:03 PM	113.52972	112.92379	113.93561	111.33853	110.10025	108.13386	108.55445	108.96839	111.28488	111.85948	111.90709	111.53112	109.66065	111.44590
6/3/2025	12:35:07 PM	113.26908	112.67288	113.67862	111.09482	109.86681	107.92165	108.33015	108.74061	111.04849	111.60921	111.65835	111.29528	109.43469	111.20745
6/3/2025	12:35:11 PM	113.01016	112.41726	113.42088	110.85369	109.63485	107.70529	108.10155	108.50827	110.80267	111.35551	111.40363	111.05579	109.20176	110.95826
6/3/2025	12:35:14 PM	112.76456	112.16122	113.15298	110.61337	109.40410	107.48807	107.87300	108.27969	110.55759	111.11006	111.15517	110.81742	108.97353	110.71631
6/3/2025	12:35:18 PM	112.51472	111.90851	112.88460	110.37173	109.17609	107.27521	107.65083	108.05248	110.31980	110.86796	110.91475	110.58287	108.75087	110.48049
6/3/2025	12:35:21 PM	112.25969	111.66359	112.62538	110.13702	108.95023	107.06643	107.43434	107.82930	110.08840	110.62944	110.67201	110.35268	108.52979	110.24590
6/3/2025	12:35:25 PM	112.01410	111.41868	112.37337	109.90482	108.72866	106.86385	107.22168	107.61264	109.86624	110.39918	110.43489	110.12764	108.31512	110.01587
6/3/2025	12:35:29 PM	111.78061	111.18000	112.12644	109.67536	108.51087	106.66088	107.00544	107.39633	109.63436	110.16369	110.19943	109.90434	108.09947	109.78709
6/3/2025	12:35:32 PM	111.54886	110.94114	111.88125	109.44925	108.29414	106.45967	106.79479	107.18014	109.40769	109.93633	109.96953	109.67925	107.88733	109.56438
6/3/2025	12:35:36 PM	111.30391	110.70690	111.63786	109.22272	108.07769	106.25987	106.58837	106.96747	109.18707	109.71155	109.73585	109.45344	107.67376	109.33878
6/3/2025	12:35:39 PM	111.06335	110.47235	111.39793	108.99798	107.86458	106.06326	106.38366	106.76086	108.96743	109.48413	109.50492	109.23297	107.46527	109.11775
6/3/2025	12:35:43 PM	110.83188	110.23879	111.15933	108.77456	107.65112	105.86629	106.17537	106.55298	108.73927	109.25380	109.27449	109.01417	107.25420	108.89492
6/3/2025	12:35:47 PM	110.60919	110.01033	110.92422	108.55583	107.44114	105.67489	105.97480	106.34556	108.52910	109.04028	109.05412	108.80175	107.05244	108.68380
6/3/2025	12:35:50 PM	110.37940	109.78432	110.69182	108.33893	107.23530	105.48660	105.77755	106.14414	108.31624	108.82442	108.83219	108.58933	106.85215	108.47096
6/3/2025	12:35:54 PM	110.14744	109.56286	110.46367	108.12382	107.03094	105.29822	105.58017	105.94067	108.10035	108.60704	108.61160	108.37794	106.65360	108.26027
6/3/2025	12:35:57 PM	109.93426	109.34800	110.24242	107.91642	106.83215	105.11665	105.38923	105.74701	107.89509	108.39917	108.39281	108.17523	106.45870	108.05106
6/3/2025	12:36:01 PM	109.71956	109.12629	110.01837	107.70873	106.63738	104.93181	105.19644	105.55176	107.68750	108.19094	108.17907	107.96671	106.26218	107.84540
6/3/2025	12:36:05 PM	109.49993	108.91211	109.80171	107.51047	106.44924	104.75483	105.01040	105.35722	107.48092	107.98410	107.96422	107.77098	106.07300	107.64309
6/3/2025	12:36:08 PM	109.28134	108.69700	109.58646	107.30778	106.25523	104.57495	104.82259	105.16806	107.27795	107.77744	107.74891	107.56768	105.87905	107.44091
6/3/2025	12:36:12 PM	109.07605	108.48551	109.36912	107.10407	106.05911	104.39796	104.63590	104.97891	107.07373	107.57928	107.54708	107.36614	105.68958	107.23793
6/3/2025	12:36:15 PM	108.85927	108.27532	109.15518	106.89785	105.86501	104.22180	104.45513	104.79327	106.88031	107.37136	107.33505	107.16547	105.50474	107.03844
6/3/2025	12:36:19 PM	108.65037	108.06616	108.94115	106.69941	105.67822	104.04687	104.27375	104.60432	106.67941	107.17056	107.12650	106.96750	105.31694	106.84175
6/3/2025	12:36:22 PM	108.43905	107.85655	108.73127	106.50622	105.49385	103.87478	104.09531	104.41805	106.49049	106.97326	106.92390	106.77270	105.12989	106.64700
6/3/2025	12:36:26 PM	108.23252	107.65306	108.52657	106.31448	105.31125	103.70982	103.92572	104.24017	106.30548	106.78899	106.72513	106.58344	104.94880	106.46017
6/3/2025	12:36:30 PM	108.03364	107.46066	108.32567	106.12488	105.13262	103.54756	103.75677	104.06087	106.11529	106.59984	106.53247	106.39997	104.77111	106.27459
6/3/2025	12:36:33 PM	107.83543	107.25688	108.12326	105.93860	104.95660	103.38003	103.58400	103.88545	105.92803	106.41268	106.33895	106.21329	104.59110	106.08848
6/3/2025	12:36:37 PM	107.64611	107.06275	107.93069	105.75480	104.78117	103.22059	103.41475	103.71139	105.74468	106.22804	106.14788	106.02793	104.41739	105.90427
6/3/2025	12:36:40 PM	107.45365	106.87499	107.73437	105.57081	104.60778	103.06190	103.25045	103.54127	105.56383	106.04209	105.95371	105.84202	104.24316	105.72101
6/3/2025	12:36:44 PM	107.25312	106.67813	107.53645	105.39053	104.43580	102.90031	103.08461	103.36907	105.38478	105.86267	105.76106	105.66250	104.06959	105.53994
6/3/2025	12:36:47 PM	107.05925	106.48656	107.34577	105.20924	104.26435	102.74148	102.91778	103.19682	105.20303	105.68029	105.57330	105.48434	103.90013	105.35998
6/3/2025	12:36:51 PM	106.87240	106.30137	107.15340	105.02828	104.09512	102.58550	102.75781	103.02703	105.03050	105.50374	105.38961	105.30778	103.73279	105.18661
6/3/2025	12:36:55 PM	106.68273	106.11316	106.96578	104.85591	103.93076	102.42875	102.59579	102.86007	104.85337	105.32928	105.20793	105.12948	103.56563	105.01179
6/3/2025	12:36:58 PM	106.49779	105.93080	106.78134	104.67885	103.76399	102.28128	102.43974	102.69607	104.67960	105.15465	105.03232	104.95997	103.40687	104.84122
6/3/2025	12:37:02 PM	106.32260	105.75027	106.59609	104.50932	103.60683	102.12796	102.28483	102.53900	104.51476	104.98690	104.85684	104.78977	103.24526	104.67057
6/3/2025	12:37:05 PM	106.14176	105.56737	106.41638	104.33814	103.44129	101.97894	102.12923	102.37165	104.34472	104.81728	104.68007	104.61766	103.08642	104.50067
6/3/2025	12:37:09 PM	105.96429	105.39397	106.23664	104.17039	103.28526	101.83095	101.97496	102.21217	104.17502	104.64924	104.50320	104.44729	102.92811	104.33246
6/3/2025	12:37:13 PM	105.78122	105.21351	106.05852	104.00555	103.13029	101.68606	101.82497	102.05750	104.01579	104.47999	104.32508	104.28289	102.77260	104.16803
6/3/2025	12:37:16 PM	105.60181	105.04096	105.88432	103.83848	102.97137	101.54222	101.67197	101.90152	103.85291	104.32060	104.15362	104.12089	102.61826	104.00534
6/3/2025	12:37:20 PM	105.42853	104.87236	105.71095	103.67871	102.82418	101.39978	101.52851	101.74281	103.69221	104.16213	103.98872	103.96083	102.46918	103.84543
6/3/2025	12:37:23 PM	105.25866	104.69981	105.54282	103.51956	102.67004	101.26049	101.38042	101.59363	103.53026	103.99872	103.82354	103.79994	102.32167	103.68893
6/3/2025	12:37:27 PM	105.09655	104.53595	105.37343	103.36431	102.52411	101.12157	101.23740	101.44721	103.37741	103.84412	103.66163	103.64247	102.17381	103.53349
6/3/2025	12:37:31 PM	104.93027	104.37138	105.20852	103.20393	102.37405	100.98390	101.09526	101.29629	103.22187	103.68784	103.50069	103.48583	102.02866	103.37682
6/3/2025	12:37:34 PM	104.76443	104.20816	105.04359	103.05440	102.23128	100.84600	100.95215	101.14621	103.06656	103.53409	103.34156	103.33206	101.88434	103.22326
6/3/2025	12:37:38 PM	104.60230	104.04375	104.88181	102.89737	102.08162	100.71413	100.81031	101.00370	102.91311	103.37639	103.17796	103.17476	101.74146	103.06846
6/3/2025	12:37:41 PM	104.44181	103.88188	104.71808	102.74911	101.94169	100.57777	100.67075	100.86174	102.76452	103.22649	103.01717	103.02099	101.59888	102.91924
6/3/2025	12:37:45 PM	104.28178	103.72915	104.56288	102.60042	101.80438	100.45108	100.53927	100.72405	102.62126	103.08093	102.85925	102.87861	101.46254	102.77135
6/3/2025	12:37:49 PM	104.12016	103.57172	104.40680	102.45454	101.66343	100.32088	100.40538	100.58143	102.47305	102.93114	102.70253	102.73096	101.32610	102.62418
6/3/2025	12:37:52 PM	103.96515	103.42127	104.25151	102.31016	101.52714	100.19316	100.27065	100.43886	102.32466	102.78695	102.54881	102.58636	101.18996	102.47827
6/3/2025	12:37:56 PM	103.81222	103.26298	104.09644	102.16527	101.38833	100.06410	100.14054	100.30114	102.18011	102.64513	102.40025	102.44296	101.05706	102.33544
6/3/2025	12:37:59 PM	103.66078	103.11766	103.94637	102.02555	101.25696	99.94027	100.01052	100.16745	102.03816	102.50419	102.25401	102.30047	100.92653	102.19619
6/3/2025	12:38:03 PM	103.51155	102.96715	103.79764	101.88397	101.12482	99.81605	99.88032	100.03336	101.90036	102.36073	102.10702	102.16205	100.79547	102.05646
6/3/2025	12:38:07 PM	103.36766	102.81993	103.65274	101.74778	100.99459	99.69484	99.75789	99.90328	101.76456	102.21927	101.96568	102.02699	100.66959	101.92159
6/3/2025	12:38:10 PM	103.22064	102.67809	103.50687	101.61086	100.86663	99.57283	99.63005	99.77458	101.62867	102.07785	101.82117	101.88671	100.54091	101.78483
6/3/2025	12:38:14 PM	103.07519	102.53346	103.36400	101.47665	100.73843	99.45638	99.50889	99.64603	101.49942	101.94200	101.67773	101.75342	100.41694	101.65046
6/3/2025	12:38:17 PM	102.93555	102.39137	103.22466	101.34446	100.61221	99.33747	99.38781	99.52208	101.36944	101.81147	101.53831	101.62077	100.29465	101.51948
6/3/2025	12:38:21 PM	102.79158	102.25599	103.08214	101.21306	100.49065	99.22054	99.26610	99.39354	101.23846	101.67606	101.39886	101.48536	100.17052	101.38551
6/3/2025	12:38:25 PM	102.65372	102.11508	102.94498	101.08514	100.36706	99.10603	99.14774	99.27067	101.10839	101.54512	101.26549	101.35606	100.04993	101.25668
6/3/2025	12:38:28 PM	102.51757	101.97968	102.81345	100.95831	100.24614	98.99485	99.03274	99.14817	100.98068	101.41723	101.13517	101.22793	99.93373	101.13097
6/3/2025	12:38:32 PM	102.38332	101.85029	102.67743	100.83166	100.13004	98.88180	98.91325	99.02857	100.85265	101.29126	101.00253	101.09868	99.81497	101.00348
6/3/2025	12:38:35 PM	102.24864	101.71715	102.54583	100.70687	100.01024	98.77193	98.79918	98.90693	100.72515	101.16405	100.86947	100.97062	99.69691	100.87685
6/3/2025	12:38:39 PM	102.11603	101.58594	102.41320	100.58411	99.89093	98.66253	98.68525	98.78886	100.60244	101.04148	100.74272	100.84494	99.58471	100.75524
6/3/2025	12:38:43 PM	101.98477	101.46091	102.28705	100.46397	99.77924	98.55537	98.57453	98.67391	100.48335	100.91925	100.61690	100.72227	99.47273	100.63605
6/3/2025	12:38:46 PM	101.85776	101.33264	102.15928	100.34120	99.66354	98.43496	98.46366	98.58401	100.42139	100.85725	100.42118	100.39647	99.08275	100.33847
6/3/2025	12:38:50 PM	101.27527	100.68647	101.56941	99.98090	99.42518	98.39150	98.66178	98.72030	100.23818	100.38610	99.84341	99.53104	98.55772	99.64555
6/3/2025	12:38:53 PM	100.59263	99.99271	100.79910	98.97500	98.48074	97.34748	97.79604	97.80988	99.29582	99.45688	98.61273	98.82574	97.54360	98.94006
6/3/2025	12:38:57 PM	99.93876	99.36274	100.16906	98.80673	98.38852	97.39286	97.63835	97.70511	99.33265	99.52854	97.15394	98.87518	97.85634	99.12329
6/3/2025	12:39:01 PM	99.88972	99.40427	100.31201	98.87475	98.52220	97.54707	97.74567	97.77407	99.34797	99.42956	96.28973	98.85733	97.95781	99.16858
6/3/2025	12:39:04 PM	99.82095	99.35996	100.26897	98.83273	98.47277	97.54352	97.68457	97.71221	99.23319	99.30726	95.80912	98.72587	97.85467	99.03527
6/3/2025	12:39:08 PM	99.62162	99.18329	100.11937	98.71515	98.35080	97.43550	97.53293	97.56532	99.08885	99.12799	95.58429	98.53200	97.69410	98.87032
6/3/2025	12:39:11 PM	89.58569	98.97634	99.93184	98.55226	98.17723	97.25432	97.39872	97.45051	98.92880	98.95758	95.52557	98.36339	97.49715	98.68428
6/3/2025	12:39:15 PM	99.11457	98.62245	99.49204	98.12525	97.73401	96.81210	96.78988	96.85240	98.18356	97.92776	94.47528	97.28140	95.89172	96.50770
6/3/2025	12:39:18 PM	97.94289	97.40669	98.26294	97.33666	97.00015	96.05985	96.04622	96.21678	97.68783	97.66033	94.53794	97.07840	95.25729	97.24100
6/3/2025	12:39:22 PM	98.00436	96.91582	97.45502	97.49147	97.09464	96.20129	96.33372	96.44497	97.78121	97.67992	94.64368	97.08012	93.55369	97.36981
6/3/2025	12:39:26 PM	97.92242	96.73789	96.68333	97.39275	97.03347	96.22127	96.25510	96.37525	97.64823	97.51746	94.64276	96.93572	91.96296	97.24187
6/3/2025	12:39:29 PM	97.70100	96.53690	96.14723	97.19377	96.86113	96.05944	96.11832	96.24066	97.45635	97.29932	94.57863	96.72329	90.73999	97.04960
6/3/2025	12:39:33 PM	97.43214	96.31075	95.69074	96.94869	96.67030	95.91832	95.96921	96.09290	97.24327	97.07115	94.49462	96.49731	89.93032	96.84488
6/3/2025	12:39:36 PM	97.16663	96.06991	95.38439	96.69411	96.45074	95.74290	95.81492	95.94098	97.03242	96.85135	94.40513	96.26631	89.41059	96.63607
6/3/2025	12:39:40 PM	96.90267	95.85910	95.09446	96.43513	96.24414	95.56914	95.65276	95.80938	96.84082	96.63766	94.32871	96.04355	89.09348	96.44897
6/3/2025	12:39:43 PM	96.66365	95.61481	94.84338	96.18703	96.04406	95.40720	95.50481	95.67011	96.66539	96.43889	94.25389	95.82508	88.90965	96.27428
6/3/2025	12:39:47 PM	96.43072	95.40874	94.61303	95.95555	95.86577	95.24615	95.35713	95.54598	96.49609	96.24820	94.18023	95.62760	88.82322	96.10363
6/3/2025	12:39:50 PM	96.20102	95.21578	94.43635	95.75902	95.68968	95.12927	95.22215	95.43236	96.32788	96.06489	94.11384	95.42727	88.79890	95.94157
6/3/2025	12:39:54 PM	95.98637	95.00393	94.24621	95.54684	95.51818	94.98777	95.08826	95.30516	96.16675	95.89162	94.02410	95.22397	88.81180	95.77183
6/3/2025	12:39:57 PM	95.77169	94.79906	94.07729	95.34447	95.33992	94.83750	94.95029	95.17878	96.00089	95.71056	93.94280	95.02990	88.84770	95.60525
6/3/2025	12:40:01 PM	95.56193	94.60102	93.91251	95.13066	95.15698	94.68311	94.80094	95.04499	95.82925	95.53817	93.85049	94.82894	88.90487	95.44031
6/3/2025	12:40:05 PM	95.34905	94.41055	93.75852	94.93960	94.98316	94.54660	94.64540	94.90555	95.67246	95.36450	93.75301	94.64725	88.96931	95.27955
6/3/2025	12:40:08 PM	95.13095	94.21009	93.61397	94.74162	94.81685	94.40077	94.51807	94.77788	95.51252	95.19624	93.65959	94.45673	89.03987	95.11441
6/3/2025	12:40:12 PM	94.92222	94.01440	93.47486	94.55502	94.64537	94.26860	94.37937	94.63640	95.35310	95.02922	93.55658	94.27682	89.10730	94.95660
6/3/2025	12:40:15 PM	94.73664	93.83631	93.34476	94.38060	94.48319	94.12888	94.25115	94.51169	95.19732	94.87089	93.45664	94.09839	89.17570	94.80074
6/3/2025	12:40:19 PM	94.53436	93.66573	93.21566	94.20397	94.31421	93.99141	94.11017	94.37578	95.04544	94.70886	93.35546	93.92387	89.24033	94.64597
6/3/2025	12:40:22 PM	94.35305	93.48853	93.09162	94.04322	94.16750	93.84905	93.98309	94.24254	94.89743	94.55400	93.24709	93.75034	89.30493	94.49611
6/3/2025	12:40:26 PM	94.16973	93.32631	92.97539	93.88025	94.00084	93.71654	93.84524	94.11184	94.75073	94.40586	93.14028	93.57853	89.35968	94.34941
6/3/2025	12:40:29 PM	93.98751	93.16098	92.86218	93.72001	93.85458	93.59211	93.71313	93.97906	94.60206	94.25390	93.03273	93.41659	89.41430	94.20044
6/3/2025	12:40:33 PM	93.81697	93.00312	92.75405	93.55446	93.70365	93.45073	93.58236	93.84812	94.45926	94.11292	92.92350	93.25177	89.46850	94.05759
6/3/2025	12:40:37 PM	93.64462	92.85074	92.65557	93.40741	93.57336	93.32528	93.45604	93.71746	94.31637	93.96838	92.81312	93.09215	89.50989	93.91482
6/3/2025	12:40:40 PM	93.49141	92.69873	92.55114	93.25552	93.43682	93.19932	93.33479	93.59522	94.18205	93.82900	92.70974	92.94296	89.54959	93.77919
6/3/2025	12:40:44 PM	93.33520	92.55748	92.45828	93.11600	93.29027	93.08068	93.21095	93.47203	94.05514	93.70365	92.60186	92.79887	89.58460	93.64989
6/3/2025	12:40:47 PM	93.18106	92.43025	92.36434	92.97929	93.15721	92.96224	93.08923	93.34995	93.92145	93.56673	92.49527	92.64813	89.61455	93.51499
6/3/2025	12:40:51 PM	93.03519	92.28809	92.25710	92.83905	93.02434	92.83572	92.96675	93.22357	93.78659	93.42945	92.38057	92.50415	89.63455	93.37937
6/3/2025	12:40:54 PM	92.87881	92.15526	92.15341	92.70584	92.88892	92.71027	92.84439	93.10033	93.66127	93.30411	92.27550	92.35923	89.65663	93.25083
6/3/2025	12:40:58 PM	92.73270	92.02974	92.07178	92.57791	92.76717	92.59133	92.72838	92.97836	93.53530	93.17765	92.17000	92.22198	89.67453	93.12268
6/3/2025	12:41:01 PM	92.59594	91.89627	91.97436	92.44100	92.64218	92.48731	92.61381	92.86063	93.41242	93.05069	92.05805	92.09087	89.68421	92.99621
6/3/2025	12:41:05 PM	92.45869	91.77376	91.88538	92.31629	92.51658	92.37442	92.50511	92.73996	93.28875	92.92998	91.95105	91.95556	89.69208	92.87531
6/3/2025	12:41:09 PM	92.32800	91.65338	91.80942	92.20387	92.40368	92.25875	92.39601	92.62391	93.17506	92.81645	91.85022	91.82502	89.69596	92.75733
6/3/2025	12:41:12 PM	92.20054	91.54495	91.71851	92.08465	92.28740	92.16068	92.28927	92.51249	93.05638	92.69600	91.74821	91.69703	89.69719	92.63836
6/3/2025	12:41:16 PM	92.07734	91.43461	91.63409	91.96711	92.16784	92.05152	92.18017	92.40060	92.94189	92.58459	91.64421	91.57772	89.69604	92.52253
6/3/2025	12:41:19 PM	91.95480	91.31555	91.55240	91.86492	92.05826	91.94323	92.08205	92.29102	92.83409	92.47284	91.54106	91.45847	89.69120	92.41065
6/3/2025	12:41:23 PM	91.83635	91.20492	91.47612	91.75052	91.95775	91.84374	91.97712	92.18337	92.72163	92.36377	91.44353	91.34115	89.68534	92.29897
6/3/2025	12:41:27 PM	91.71842	91.10131	91.40359	91.64487	91.85351	91.75102	91.87581	92.07699	92.61625	92.26180	91.34837	91.22507	89.67668	92.19337
6/3/2025	12:41:30 PM	91.60902	91.01009	91.32281	91.54124	91.74881	91.65648	91.77942	91.97276	92.51350	92.15319	91.24927	91.10919	89.66360	92.08319
6/3/2025	12:41:34 PM	91.49734	90.90957	91.25029	91.43899	91.65079	91.55632	91.68063	91.86639	92.40529	92.04912	91.15318	91.00002	89.64654	91.97765
6/3/2025	12:41:37 PM	91.38924	90.81609	91.17518	91.34384	91.55189	91.46023	91.58360	91.76753	92.30843	91.95058	91.05896	90.89503	89.62982	91.87571
6/3/2025	12:41:41 PM	91.28271	90.71829	91.10461	91.24450	91.45691	91.37717	91.49492	91.66539	92.20789	91.85284	90.96588	90.79008	89.61061	91.77425
6/3/2025	12:41:44 PM	91.17749	90.62080	91.03867	91.15098	91.35936	91.27578	91.40392	91.56441	92.10746	91.75617	90.87320	90.68576	89.58899	91.67432
6/3/2025	12:41:48 PM	91.07791	90.52905	90.97634	91.05997	91.27358	91.18718	91.31635	91.46932	92.01081	91.66080	90.78210	90.58716	89.56879	91.57993
6/3/2025	12:41:52 PM	90.98455	90.44341	90.91096	90.96784	91.18390	91.09916	91.22021	91.37760	91.92127	91.57401	90.69809	90.49251	89.54754	91.48766
6/3/2025	12:41:55 PM	90.89046	90.35752	90.84914	90.88543	91.10014	91.02003	91.14221	91.28707	91.83014	91.48130	90.60890	90.39750	89.52314	91.39588
6/3/2025	12:41:59 PM	90.79729	90.27166	90.78447	90.79666	91.01116	90.93934	91.05616	91.19479	91.73817	91.39382	90.52190	90.30393	89.49909	91.30481
6/3/2025	12:42:02 PM	90.70186	90.19168	90.71316	90.71350	90.92716	90.85842	90.96992	91.10229	91.64762	91.30392	90.43632	90.20543	89.46824	91.21176
6/3/2025	12:42:06 PM	90.61167	90.10768	90.64863	90.62724	90.83916	90.77185	90.88657	91.01087	91.55977	91.21788	90.35266	90.11550	89.43712	91.12339
6/3/2025	12:42:10 PM	90.52383	90.03146	90.58872	90.54579	90.76039	90.69528	90.81018	90.92601	91.47367	91.13553	90.27354	90.03054	89.40889	91.03909
6/3/2025	12:42:13 PM	90.44134	89.95534	90.52927	90.46688	90.68113	90.61055	90.72567	90.84532	91.39039	91.04672	90.19068	89.94340	89.37654	90.95542
6/3/2025	12:42:17 PM	90.35803	89.88255	90.46638	90.38843	90.60410	90.53897	90.64227	90.75813	91.31062	90.96568	90.11241	89.85783	89.34450	90.87033
6/3/2025	12:42:20 PM	90.27476	89.80338	90.40720	90.31340	90.51906	90.46481	90.56814	90.67349	91.22617	90.88253	90.03268	89.77379	89.31046	90.78764
6/3/2025	12:42:24 PM	90.19398	89.73574	90.34638	90.23800	90.44793	90.39476	90.49817	90.59249	91.14874	90.80694	89.95813	89.69136	89.27938	90.70961
6/3/2025	12:42:27 PM	90.11406	89.66332	90.29116	90.16498	90.37257	90.31668	90.42053	90.51498	91.07026	90.73033	89.88350	89.61222	89.24673	90.63196
6/3/2025	12:42:31 PM	90.04038	89.59282	90.24461	90.09669	90.30388	90.25273	90.35032	90.43988	90.99405	90.65282	89.81094	89.53471	89.21421	90.55834
6/3/2025	12:42:34 PM	89.96766	89.53268	90.18013	90.02434	90.23683	90.18403	90.27246	90.36205	90.92280	90.58382	89.74222	89.45854	89.18086	90.48383
6/3/2025	12:42:38 PM	89.89626	89.46340	90.12532	89.95745	90.16578	90.10937	90.21187	90.28765	90.84627	90.51045	89.67047	89.38201	89.14473	90.40844
6/3/2025	12:42:42 PM	89.82132	89.39754	90.07717	89.89102	90.09178	90.04891	90.14070	90.21342	90.77625	90.43696	89.59945	89.30738	89.10774	90.33723
6/3/2025	12:42:45 PM	89.75087	89.33428	90.02036	89.82197	90.02949	89.97864	90.08065	90.14119	90.70587	90.37232	89.53494	89.23612	89.07412	90.26689
6/3/2025	12:42:49 PM	89.68342	89.27489	89.96224	89.75971	89.96184	89.91801	90.00712	90.07033	90.63715	90.30251	89.46655	89.16493	89.04061	90.19638
6/3/2025	12:42:52 PM	89.61606	89.20957	89.91337	89.69593	89.90105	89.85344	89.94442	90.00059	90.56947	90.23598	89.39924	89.09671	89.00339	90.12993
6/3/2025	12:42:56 PM	89.55070	89.15299	89.86413	89.63382	89.83744	89.79303	89.87959	89.92966	90.49962	90.16963	89.33479	89.02671	88.96786	90.06190
6/3/2025	12:43:00 PM	89.48736	89.09187	89.80661	89.56646	89.77305	89.72662	89.81106	89.86048	90.43307	90.10173	89.27006	88.95782	88.92834	89.99368
6/3/2025	12:43:03 PM	89.42045	89.03053	89.76107	89.50388	89.71190	89.66665	89.74544	89.79089	90.36637	90.04083	89.20783	88.89126	88.89091	89.92887
6/3/2025	12:43:07 PM	89.35269	88.97364	89.70667	89.44499	89.65128	89.60754	89.69208	89.72498	90.30444	89.97599	89.14414	88.82865	88.85450	89.86499
6/3/2025	12:43:10 PM	89.29215	88.91518	89.65349	89.38641	89.59482	89.55223	89.63318	89.66066	90.23899	89.90933	89.07947	88.76611	88.81775	89.80145
6/3/2025	12:43:14 PM	89.23189	88.85749	89.60856	89.32477	89.53648	89.49047	89.56528	89.59751	90.17473	89.84959	89.02003	88.70465	88.77811	89.73895
6/3/2025	12:43:18 PM	89.16777	88.80053	89.56161	89.26882	89.47332	89.43433	89.50953	89.53379	90.11705	89.79058	88.96208	88.64068	88.74184	89.67864
6/3/2025	12:43:21 PM	89.10945	88.74956	89.51400	89.21881	89.41441	89.37821	89.45669	89.46856	90.05182	89.73083	88.90299	88.57984	88.70406	89.61794
6/3/2025	12:43:25 PM	89.04960	88.69895	89.46119	89.15952	89.35696	89.32167	89.39445	89.41093	89.99148	89.66900	88.84299	88.51955	88.66486	89.55811
6/3/2025	12:43:28 PM	88.99148	88.64039	89.41425	89.10036	89.30417	89.26788	89.34242	89.35243	89.93556	89.61298	88.78878	88.46265	88.62920	89.50202
6/3/2025	12:43:32 PM	88.94163	88.58963	89.37032	89.04926	89.25492	89.21707	89.28759	89.29392	89.87611	89.56005	88.73402	88.40867	88.59331	89.44696
6/3/2025	12:43:35 PM	88.88986	88.53832	89.32805	88.99516	89.19692	89.16148	89.23202	89.23681	89.82118	89.50380	88.67838	88.35368	88.55691	89.39174
6/3/2025	12:43:39 PM	88.83055	88.48859	89.28078	88.94266	89.15183	89.11355	89.17668	89.18205	89.76779	89.44528	88.62421	88.29687	88.52069	89.33596
6/3/2025	12:43:43 PM	88.77028	88.44263	89.23219	88.89481	89.10134	89.05960	89.12518	89.12529	89.71071	89.39639	88.57261	88.24430	88.48488	89.28317
6/3/2025	12:43:46 PM	88.72187	88.39658	89.18300	88.84891	89.04708	89.01311	89.07670	89.06814	89.65701	89.34312	88.51964	88.19004	88.44626	89.23004
6/3/2025	12:43:50 PM	88.66923	88.34840	89.13785	88.79269	88.99999	88.96153	89.02780	89.01468	89.60491	89.28947	88.46799	88.13645	88.41062	89.17700
6/3/2025	12:43:53 PM	88.61868	88.30118	89.09335	88.74605	88.94731	88.90962	88.97805	88.95817	89.55033	89.23474	88.41352	88.08329	88.37313	89.12202
6/3/2025	12:43:57 PM	88.56480	88.24891	89.04501	88.68937	88.89718	88.85884	88.92079	88.90266	89.49397	89.18039	88.35975	88.03349	88.33195	89.06972
6/3/2025	12:44:01 PM	88.51408	88.20501	88.99702	88.63875	88.84565	88.81458	88.87257	88.84925	89.44416	89.13519	88.31206	87.98262	88.29776	89.02048
6/3/2025	12:44:04 PM	88.46568	88.15651	88.95523	88.59554	88.79637	88.76034	88.81976	88.79784	89.39182	89.08250	88.26202	87.93018	88.25946	88.96899
6/3/2025	12:44:08 PM	88.41375	88.11695	88.90926	88.55323	88.74901	88.71737	88.77276	88.74636	89.34078	89.03133	88.21227	87.88469	88.22406	88.92002
6/3/2025	12:44:11 PM	88.36476	88.07729	88.86442	88.50490	88.70180	88.67156	88.71969	88.69751	89.29210	88.98615	88.16568	87.83687	88.18863	88.87540
6/3/2025	12:44:15 PM	88.31967	88.03381	88.82486	88.45660	88.66033	88.63089	88.68398	88.65457	89.25119	88.94068	88.12229	87.79243	88.15441	88.82770
6/3/2025	12:44:18 PM	88.27535	87.99709	88.78467	88.41418	88.61526	88.58372	88.63868	88.60251	89.20159	88.89820	88.07710	87.74787	88.11712	88.78315
6/3/2025	12:44:22 PM	88.22877	87.95183	88.74636	88.36759	88.57087	88.54010	88.59227	88.55767	89.15551	88.85338	88.03459	87.70231	88.08723	88.74000
6/3/2025	12:44:25 PM	88.18733	87.92247	88.70952	88.32444	88.53529	88.49994	88.54408	88.51100	89.10891	88.80852	87.99117	87.65821	88.05343	88.69619
6/3/2025	12:44:29 PM	88.14051	87.87705	88.67218	88.28507	88.48764	88.46224	88.50053	88.46572	89.06585	88.76392	87.94609	87.61455	88.02040	88.65280
6/3/2025	12:44:33 PM	88.09990	87.83432	88.63132	88.24362	88.44726	88.42079	88.45872	88.42312	89.02361	88.72143	87.90490	87.57319	87.98678	88.60840
6/3/2025	12:44:36 PM	88.05614	87.79881	88.59167	88.20259	88.40752	88.37826	88.42065	88.37775	88.97927	88.68061	87.86187	87.53170	87.95154	88.56766
6/3/2025	12:44:40 PM	88.01337	87.75625	88.55542	88.15871	88.37015	88.33794	88.37741	88.33044	88.93648	88.63900	87.82245	87.48857	87.92197	88.52554
6/3/2025	12:44:43 PM	87.97442	87.72313	88.51362	88.11646	88.32730	88.30125	88.33855	88.28936	88.89291	88.59696	87.78153	87.44932	87.88535	88.48375
6/3/2025	12:44:47 PM	87.92963	87.67872	88.48309	88.07939	88.28536	88.25998	88.29830	88.24852	88.85274	88.55563	87.74258	87.40852	87.85525	88.44394
6/3/2025	12:44:51 PM	87.89017	87.65266	88.45033	88.04528	88.25051	88.22105	88.25958	88.20670	88.81096	88.51650	87.70326	87.37147	87.82424	88.40534
6/3/2025	12:44:54 PM	87.85068	87.60733	88.40537	88.00074	88.21452	88.18560	88.21718	88.16900	88.77042	88.47541	87.66235	87.32981	87.79457	88.36687
6/3/2025	12:44:58 PM	87.81225	87.57040	88.37349	87.96956	88.17860	88.15095	88.18134	88.12595	88.73460	88.43886	87.62492	87.29396	87.76257	88.32878
6/3/2025	12:45:01 PM	87.77425	87.53698	88.33734	87.93184	88.13876	88.11428	88.14726	88.09098	88.69662	88.40107	87.58697	87.25596	87.73228	88.28993
6/3/2025	12:45:05 PM	87.73574	87.50016	88.30029	87.89258	88.10481	88.07697	88.10899	88.04892	88.65424	88.36396	87.55156	87.21713	87.70092	88.25273
6/3/2025	12:45:08 PM	87.70010	87.47086	88.26874	87.85352	88.06652	88.03891	88.07225	88.00877	88.61614	88.32578	87.51312	87.18046	87.66889	88.21510
6/3/2025	12:45:12 PM	87.66180	87.42946	88.23801	87.82358	88.02862	88.00592	88.03834	87.97114	88.57541	88.28861	87.47900	87.14401	87.63861	88.17858
6/3/2025	12:45:16 PM	87.62536	87.40294	88.19856	87.78524	87.99344	87.96985	87.99865	87.93371	88.53902	88.25155	87.44171	87.10857	87.60961	88.14511
6/3/2025	12:45:19 PM	87.58895	87.36138	88.16930	87.75158	87.96312	87.94109	87.96411	87.89733	88.50490	88.21635	87.40823	87.07509	87.58149	88.10723
6/3/2025	12:45:23 PM	87.55480	87.33326	88.13265	87.72177	87.92758	87.90220	87.93160	87.86265	88.46766	88.18186	87.37063	87.03995	87.55116	88.07303
6/3/2025	12:45:26 PM	87.51848	87.29485	88.09604	87.68057	87.89272	87.86975	87.89543	87.82589	88.43398	88.14528	87.33628	87.00551	87.52017	88.03582
6/3/2025	12:45:30 PM	87.48770	87.26460	88.06151	87.64527	87.85976	87.83427	87.85802	87.78783	88.39272	88.11116	87.30100	86.96911	87.48885	88.00299
6/3/2025	12:45:33 PM	87.44917	87.22478	88.03842	87.61088	87.82212	87.79644	87.82394	87.75364	88.36263	88.07673	87.26779	86.93577	87.46152	87.96794
6/3/2025	12:45:37 PM	87.41602	87.20463	88.00644	87.58016	87.79386	87.77122	87.79190	87.71753	88.32467	88.04424	87.23436	86.90343	87.43118	87.93814
6/3/2025	12:45:41 PM	87.37956	87.16263	87.96850	87.54340	87.76063	87.73734	87.76283	87.68141	88.29159	88.00904	87.20221	86.87166	87.40619	87.90418
6/3/2025	12:45:44 PM	87.34988	87.13171	87.93512	87.51624	87.72709	87.70837	87.72779	87.64760	88.25581	87.97728	87.17019	86.84039	87.37664	87.87412
6/3/2025	12:45:48 PM	87.31804	87.10008	87.90604	87.48258	87.70137	87.67587	87.69833	87.61453	88.22379	87.94360	87.14000	86.81109	87.35161	87.84199
6/3/2025	12:45:51 PM	87.29203	87.07611	87.87648	87.44872	87.67289	87.64819	87.66851	87.58208	88.19008	87.91188	87.10614	86.77866	87.32103	87.81142
6/3/2025	12:45:55 PM	87.26233	87.04043	87.85626	87.42051	87.63674	87.61666	87.63677	87.55293	88.16230	87.88185	87.07840	86.75131	87.30029	87.78321
6/3/2025	12:45:59 PM	87.23490	87.02407	87.83080	87.39278	87.61694	87.59238	87.60373	87.52307	88.13026	87.85598	87.05078	86.72306	87.27433	87.75671
6/3/2025	12:46:02 PM	87.20085	86.98868	87.80069	87.36667	87.58187	87.56479	87.57890	87.49444	88.10567	87.82557	87.02313	86.69577	87.25206	87.72462
6/3/2025	12:46:06 PM	87.17560	86.96214	87.76415	87.33860	87.55507	87.53511	87.54863	87.46446	88.07166	87.79697	86.99070	86.66556	87.22594	87.69943
6/3/2025	12:46:09 PM	87.14434	86.92810	87.73668	87.30883	87.52839	87.50819	87.51923	87.43505	88.04715	87.76716	86.96501	86.63952	87.20312	87.66986
6/3/2025	12:46:13 PM	87.12174	86.90691	87.70924	87.28472	87.49822	87.48168	87.48877	87.40710	88.01450	87.73931	86.93537	86.61120	87.17551	87.64391
6/3/2025	12:46:17 PM	87.09261	86.87650	87.68599	87.25370	87.47403	87.45640	87.45926	87.37516	87.98882	87.71430	86.91131	86.58511	87.15235	87.61434
6/3/2025	12:46:20 PM	87.06921	86.85287	87.66200	87.22038	87.44682	87.42719	87.43507	87.34459	87.95751	87.68260	86.87972	86.55505	87.12684	87.58631
6/3/2025	12:46:24 PM	87.03598	86.82680	87.63705	87.19913	87.42122	87.40258	87.40918	87.31543	87.92697	87.65776	86.85440	86.52875	87.10183	87.56161
6/3/2025	12:46:27 PM	87.00856	86.79511	87.60491	87.16729	87.39182	87.37248	87.37619	87.28643	87.90037	87.62737	86.82526	86.50085	87.07986	87.53311
6/3/2025	12:46:31 PM	86.98086	86.77137	87.57405	87.14544	87.36550	87.34461	87.35174	87.25821	87.86947	87.60215	86.79845	86.47475	87.05521	87.50991
6/3/2025	12:46:34 PM	86.95511	86.74406	87.54963	87.11659	87.34453	87.32574	87.32417	87.23381	87.84613	87.57616	86.77662	86.45371	87.03638	87.48531
6/3/2025	12:46:38 PM	86.93430	86.71977	87.52664	87.09253	87.31444	87.29991	87.30034	87.20688	87.81971	87.55116	86.74943	86.42779	87.01032	87.45959
6/3/2025	12:46:41 PM	86.90784	86.69486	87.50183	87.06724	87.29556	87.27590	87.27640	87.18171	87.79243	87.52389	86.72583	86.40191	86.98997	87.43583
6/3/2025	12:46:45 PM	86.88610	86.67040	87.48318	87.04738	87.26740	87.25304	87.25418	87.15803	87.76992	87.49964	86.70006	86.37887	86.96882	87.41148
6/3/2025	12:46:49 PM	86.85865	86.65270	87.46021	87.02197	87.24734	87.23137	87.22812	87.13186	87.74174	87.47533	86.67522	86.35303	86.94448	87.38850
6/3/2025	12:46:52 PM	86.83481	86.62123	87.43100	86.99323	87.22310	87.20663	87.20271	87.10446	87.71699	87.44902	86.65230	86.33164	86.92586	87.36412
6/3/2025	12:46:56 PM	86.81147	86.60322	87.40196	86.97303	87.17263	87.17440	87.17828	87.07692	87.70214	87.43473	86.60073	86.20536	86.68618	87.07288
6/3/2025	12:46:59 PM	86.52996	86.44379	87.22423	86.85539	87.07116	86.97246	87.05980	86.95545	87.59004	87.32961	86.52002	86.17541	86.72779	87.20102
6/3/2025	12:47:03 PM	86.62457	86.43125	87.21854	86.82595	87.05422	87.04407	87.07055	86.97159	87.59269	87.31600	86.50069	86.19305	86.76781	87.21227
6/3/2025	12:47:06 PM	86.64213	86.40721	87.20397	86.79672	87.03562	87.03802	87.05751	86.95425	87.56973	87.29283	86.48833	86.17619	86.75042	87.19244
6/3/2025	12:47:10 PM	86.60602	86.35784	87.17767	86.77238	86.99797	87.00515	87.03013	86.92924	87.53803	87.27555	86.45496	86.14303	86.72144	87.16179
6/3/2025	12:47:14 PM	86.58264	86.33325	87.14873	86.73553	86.96605	86.98018	87.00991	86.90195	87.50966	87.24462	86.42274	86.12086	86.69891	87.13459
6/3/2025	12:47:17 PM	86.54768	86.30707	87.12494	86.70815	86.93406	86.95358	86.98503	86.87494	87.48765	87.22338	86.39698	86.09128	86.67569	87.11211
6/3/2025	12:47:21 PM	86.52146	86.28795	87.09693	86.67998	86.91358	86.93441	86.97064	86.85762	87.46972	87.21176	86.37659	86.07266	86.66029	87.09463
6/3/2025	12:47:24 PM	86.50862	86.26292	87.07600	86.66217	86.89224	86.91630	86.95509	86.83707	87.45335	87.19459	86.36186	86.06344	86.64521	87.07884
6/3/2025	12:47:28 PM	86.49248	86.25031	87.05883	86.64655	86.87450	86.90315	86.94152	86.82224	87.43641	87.17776	86.34104	86.04073	86.63050	87.06234
6/3/2025	12:47:32 PM	86.47377	86.23076	87.03473	86.62835	86.85667	86.88236	86.92685	86.80371	87.41812	87.15626	86.32128	86.02335	86.61171	87.04571
6/3/2025	12:47:35 PM	86.44868	86.21044	87.01890	86.60617	86.83599	86.86546	86.91186	86.78807	87.40242	87.14538	86.30499	86.00404	86.59804	87.02863
6/3/2025	12:47:39 PM	86.43495	86.18759	86.99985	86.58632	86.81883	86.85041	86.89564	86.76720	87.38254	87.12944	86.28508	85.99073	86.57826	87.01162
6/3/2025	12:47:42 PM	86.41028	86.16977	86.97830	86.56411	86.79516	86.83222	86.87781	86.75183	87.36583	87.10899	86.26196	85.97075	86.56275	86.99544
6/3/2025	12:47:46 PM	86.39584	86.14605	86.95881	86.54578	86.78173	86.81224	86.86279	86.73427	87.35080	87.09275	86.24513	85.95199	86.54455	86.97736
6/3/2025	12:47:49 PM	86.37639	86.12979	86.93743	86.52236	86.76051	86.79559	86.84716	86.71235	87.33176	87.08028	86.22959	85.93330	86.52986	86.96096
6/3/2025	12:47:53 PM	86.35378	86.10591	86.91562	86.50629	86.74319	86.77611	86.83246	86.69681	87.31318	87.06031	86.21434	85.91709	86.51187	86.94634
6/3/2025	12:47:57 PM	86.33160	86.08733	86.89679	86.48305	86.72649	86.76038	86.81382	86.68519	87.29436	87.04024	86.19106	85.90208	86.49644	86.93122
6/3/2025	12:48:00 PM	86.31601	86.06575	86.87794	86.46628	86.70832	86.74332	86.80274	86.66781	87.28326	87.02974	86.17385	85.88276	86.48043	86.91412
6/3/2025	12:48:04 PM	86.30033	86.05313	86.85763	86.44648	86.69068	86.72854	86.78399	86.64328	87.26711	87.01481	86.16179	85.86553	86.46536	86.90173
6/3/2025	12:48:07 PM	86.27883	86.03071	86.84117	86.43139	86.67422	86.71071	86.76988	86.62939	87.24510	86.99931	86.14543	85.85288	86.44922	86.88810
6/3/2025	12:48:11 PM	86.25982	86.01384	86.82817	86.41026	86.65613	86.69402	86.75673	86.61673	87.23298	86.98481	86.12895	85.83676	86.43713	86.87456
6/3/2025	12:48:14 PM	86.24660	85.99473	86.80524	86.39487	86.64195	86.67851	86.74213	86.60361	87.21947	86.96562	86.11333	85.81727	86.42037	86.86151
6/3/2025	12:48:18 PM	86.22770	85.98286	86.78977	86.37662	86.62371	86.66759	86.73036	86.58836	87.20588	86.95144	86.09910	85.80490	86.40753	86.84693
6/3/2025	12:48:21 PM	86.20888	85.96410	86.77388	86.36238	86.61201	86.65234	86.71606	86.57195	87.19405	86.93831	86.08431	85.79219	86.39292	86.83424
6/3/2025	12:48:25 PM	86.19491	85.94423	86.76047	86.34420	86.59168	86.63523	86.70076	86.55831	87.17878	86.91825	86.06679	85.77506	86.37750	86.82039
6/3/2025	12:48:29 PM	86.17658	85.92841	86.73626	86.32574	86.57794	86.62065	86.68240	86.53829	87.16004	86.90757	86.05308	85.75504	86.36119	86.80391
6/3/2025	12:48:32 PM	86.15394	85.90750	86.71937	86.30927	86.55828	86.60184	86.66463	86.52064	87.14122	86.88606	86.03594	85.74341	86.34550	86.79200
6/3/2025	12:48:36 PM	86.13481	85.89488	86.70518	86.28890	86.53929	86.58564	86.65074	86.50710	87.13341	86.86963	86.01788	85.72783	86.33252	86.77948
6/3/2025	12:48:39 PM	86.12438	85.87588	86.68681	86.27460	86.52370	86.57004	86.63742	86.49050	87.11129	86.85493	86.00114	85.71011	86.31745	86.76519
6/3/2025	12:48:43 PM	86.10493	85.86450	86.67134	86.25587	86.50371	86.55558	86.62036	86.47377	87.09369	86.84047	85.98465	85.69670	86.30345	86.75224
6/3/2025	12:48:46 PM	86.08851	85.84514	86.65179	86.24125	86.49330	86.53886	86.60979	86.46435	87.07865	86.82316	85.96740	85.68022	86.28919	86.74155
6/3/2025	12:48:50 PM	86.07262	85.82867	86.63921	86.22527	86.47256	86.52472	86.59420	86.44270	87.06491	86.80721	85.95588	85.66484	86.27599	86.72758
6/3/2025	12:48:53 PM	86.05353	85.81394	86.62206	86.20957	86.46225	86.51240	86.57982	86.42901	87.05092	86.79794	85.94187	85.65471	86.26432	86.71634
6/3/2025	12:48:57 PM	86.03876	85.79735	86.60735	86.19541	86.44432	86.49789	86.56716	86.41428	87.03243	86.78117	85.92624	85.64193	86.24938	86.70493
6/3/2025	12:49:01 PM	86.02466	85.78269	86.58965	86.17705	86.42984	86.48245	86.55011	86.39496	87.01708	86.76318	85.90845	85.62265	86.23444	86.69216
6/3/2025	12:49:04 PM	86.00555	85.76583	86.57524	86.16247	86.41191	86.46585	86.53442	86.37789	87.00139	86.74857	85.89539	85.60795	86.22022	86.67765
6/3/2025	12:49:08 PM	85.98745	85.75147	86.55889	86.14390	86.39520	86.44989	86.52198	86.36569	86.98592	86.72776	85.88059	85.59502	86.20720	86.66467
6/3/2025	12:49:11 PM	85.97410	85.73232	86.54031	86.13137	86.38250	86.43406	86.50853	86.35155	86.97249	86.71452	85.86691	85.57975	86.19333	86.65497
6/3/2025	12:49:15 PM	85.95860	85.72129	86.52766	86.11499	86.36463	86.42388	86.49411	86.33744	86.96018	86.70446	85.85381	85.56763	86.18090	86.64311
6/3/2025	12:49:19 PM	85.94214	85.70620	86.51446	86.10210	86.35337	86.40982	86.48177	86.32255	86.94524	86.68625	85.84172	85.55576	86.16790	86.63047
6/3/2025	12:49:22 PM	85.92773	85.68889	86.50087	86.08563	86.33393	86.39248	86.46627	86.31183	86.93033	86.67217	85.82389	85.54014	86.15348	86.61924
6/3/2025	12:49:26 PM	85.90768	85.67691	86.48327	86.07108	86.32321	86.37818	86.45194	86.29311	86.91823	86.65997	85.80868	85.52362	86.14203	86.60576
6/3/2025	12:49:29 PM	85.89452	85.66129	86.46982	86.05824	86.30817	86.36510	86.43910	86.27937	86.90001	86.64581	85.79575	85.51299	86.12817	86.59331
6/3/2025	12:49:33 PM	85.87825	85.65041	86.45681	86.04076	86.29111	86.35055	86.42573	86.26526	86.88480	86.62900	85.78206	85.49945	86.11754	86.58493
6/3/2025	12:49:36 PM	85.86684	85.63519	86.44235	86.02809	86.28124	86.33775	86.41373	86.25146	86.87504	86.62178	85.76777	85.48498	86.10442	86.57390
6/3/2025	12:49:40 PM	85.85210	85.62325	86.42866	86.01336	86.26066	86.32389	86.40339	86.24469	86.86085	86.60559	85.76061	85.47621	86.09250	86.56239
6/3/2025	12:49:44 PM	85.83839	85.60594	86.41093	86.00007	86.25288	86.31079	86.38739	86.22949	86.84748	86.59102	85.74425	85.46119	86.07991	86.55189
6/3/2025	12:49:47 PM	85.82311	85.59152	86.39723	85.98587	86.23385	86.29964	86.37467	86.21435	86.83690	86.58055	85.73132	85.44926	86.06916	86.54080
6/3/2025	12:49:51 PM	85.80802	85.58067	86.38549	85.97336	86.22614	86.28848	86.36175	86.19965	86.82057	86.56483	85.72651	85.43871	86.05732	86.53009
6/3/2025	12:49:54 PM	85.79500	85.56604	86.36978	85.96013	86.20829	86.27416	86.34892	86.18841	86.80709	86.55343	85.70888	85.42564	86.04507	86.51999
6/3/2025	12:49:58 PM	85.78121	85.55529	86.36261	85.94568	86.19568	86.26195	86.33814	86.17866	86.80053	86.53870	85.69619	85.41319	86.03472	86.51065
6/3/2025	12:50:02 PM	85.76533	85.54209	86.34970	85.93675	86.18774	86.24952	86.32883	86.16233	86.78397	86.52901	85.68727	85.40328	86.02381	86.49907
6/3/2025	12:50:05 PM	85.75613	85.52720	86.33200	85.92338	86.17148	86.23845	86.31618	86.15143	86.77278	86.51775	85.67590	85.39100	86.01234	86.49058
6/3/2025	12:50:09 PM	85.74240	85.51623	86.32073	85.90812	86.15895	86.22880	86.30342	86.14104	86.76721	86.50551	85.66477	85.38072	86.00317	86.48061
6/3/2025	12:50:12 PM	85.72949	85.50422	86.31041	85.90058	86.14997	86.21660	86.29497	86.13045	86.74766	86.49608	85.65440	85.36963	85.99291	86.47141
6/3/2025	12:50:16 PM	85.71889	85.49464	86.30255	85.88676	86.13289	86.20420	86.28190	86.11953	86.73727	86.48045	85.64338	85.35851	85.98208	86.46114
6/3/2025	12:50:19 PM	85.70299	85.48139	86.28668	85.87652	86.12830	86.19306	86.27096	86.10597	86.72691	86.46936	85.62910	85.34594	85.97220	86.44977
6/3/2025	12:50:23 PM	85.69225	85.46746	86.27351	85.86286	86.10966	86.18077	86.25572	86.09458	86.71285	86.45787	85.61886	85.33694	85.95945	86.43825
6/3/2025	12:50:27 PM	85.67800	85.45772	86.25987	85.84801	86.09650	86.16697	86.24664	86.08207	86.69900	86.44485	85.60948	85.32392	85.95048	86.42956
6/3/2025	12:50:30 PM	85.66591	85.44240	86.24889	85.83861	86.08837	86.15415	86.23543	86.06998	86.68917	86.43438	85.59717	85.31324	85.93712	86.41768
6/3/2025	12:50:34 PM	85.65472	85.43592	86.23653	85.82368	86.07127	86.14637	86.22422	86.05724	86.67788	86.42581	85.58623	85.30037	85.92862	86.40812
6/3/2025	12:50:37 PM	85.64319	85.42342	86.22700	85.81455	86.06654	86.13403	86.21378	86.05272	86.66500	86.41283	85.57363	85.29457	85.91912	86.40317
6/3/2025	12:50:41 PM	85.63575	85.41331	86.21490	85.80413	86.05178	86.12319	86.20266	86.03951	86.65387	86.40085	85.56439	85.28267	85.90952	86.39306
6/3/2025	12:50:45 PM	85.62235	85.40502	86.20107	85.79106	86.04055	86.11339	86.19378	86.03222	86.64258	86.38999	85.55554	85.27603	85.89978	86.38138
6/3/2025	12:50:48 PM	85.61308	85.39076	86.18925	85.78167	86.03293	86.10234	86.18375	86.01923	86.63407	86.37895	85.54721	85.26520	85.89179	86.37737
6/3/2025	12:50:52 PM	85.60470	85.38308	86.18127	85.76944	86.01939	86.09312	86.17574	86.01081	86.62554	86.37097	85.53877	85.25558	85.88251	86.36612
6/3/2025	12:50:55 PM	85.59255	85.37334	86.17102	85.76125	86.01377	86.08462	86.16465	85.99828	86.61094	86.36178	85.52967	85.24681	85.87297	86.35588
6/3/2025	12:50:59 PM	85.58246	85.35933	86.15862	85.74990	85.99912	86.07093	86.15181	85.99235	86.60289	86.34837	85.51738	85.23610	85.86279	86.34787
6/3/2025	12:51:02 PM	85.56849	85.34809	86.14872	85.73657	85.98616	86.06285	86.14098	85.98066	86.58936	86.34139	85.50774	85.22728	85.85427	86.33697
6/3/2025	12:51:06 PM	85.55739	85.33775	86.13382	85.72873	85.97924	86.05048	86.13229	85.96933	86.57815	86.32304	85.49734	85.21603	85.84350	86.32972
6/3/2025	12:51:10 PM	85.54922	85.32727	86.12272	85.71764	85.96445	86.03821	86.12187	85.95582	86.57059	86.31608	85.48808	85.20643	85.83233	86.31876
6/3/2025	12:51:13 PM	85.53819	85.32004	86.11493	85.70456	85.95131	86.03086	86.11255	85.94984	86.55673	86.31159	85.48445	85.20158	85.82267	86.31262
6/3/2025	12:51:17 PM	85.52788	85.29037	86.07712	85.66783	85.91250	85.98584	86.09592	85.93591	86.56278	86.31295	85.48457	85.18907	85.80309	86.30597
6/3/2025	12:51:20 PM	85.51768	85.28482	86.06253	85.64260	85.89286	85.97701	86.11344	72.91124	31.14479	86.14129	85.10839	84.57317	85.11370	84.96793
6/3/2025	12:51:24 PM	82.57276	76.35738	76.85977	77.34739	85.33890	85.24042	85.27203	85.05993	85.68349	76.67360	76.91341	76.46150	76.47557	76.69230
6/3/2025	12:51:27 PM	76.54240	76.48874	76.38679	76.32063	77.18293	76.93799	80.23310	85.03345	78.00736	77.06064	77.18230	76.66036	76.50447	76.94665
