6/3/2025	1:02:52 PM	76.30225	76.21859	76.32442	76.28116	76.34490	76.38184	76.23808	76.39973	76.20665	76.40106	76.56804	76.29189	76.52831	76.50112
6/3/2025	1:02:56 PM	76.30329	76.21980	76.32487	76.28202	76.34549	76.38262	76.23874	76.40006	76.20747	76.40183	76.56904	76.29291	76.52956	76.50149
6/3/2025	1:03:00 PM	76.30398	76.22025	76.32546	76.28239	76.34587	76.38323	76.23930	76.40099	76.20787	76.40190	76.56936	76.29285	76.52993	76.50178
6/3/2025	1:03:03 PM	76.30406	76.22013	76.32513	76.28266	76.34647	76.38372	76.23993	76.40136	76.20815	76.40247	76.56999	76.29355	76.52985	76.50150
6/3/2025	1:03:07 PM	76.30421	76.22004	76.32538	76.28288	76.34675	76.38423	76.24116	76.40174	76.20862	76.40267	76.57011	76.29357	76.53063	76.50190
6/3/2025	1:03:10 PM	76.30464	76.22070	76.32563	76.28273	76.34692	76.38431	76.24124	76.40199	76.20796	76.40215	76.57038	76.29372	76.53082	76.50234
6/3/2025	1:03:14 PM	76.30469	76.22062	76.32579	76.28314	76.34721	76.38451	76.24159	76.40213	76.20847	76.40267	76.57039	76.29398	76.53083	76.50237
6/3/2025	1:03:18 PM	76.30464	76.22077	76.32573	76.28334	76.34733	76.38455	76.24133	76.40223	76.20825	76.40314	76.57058	76.29391	76.53117	76.50294
6/3/2025	1:03:21 PM	76.30488	76.22025	76.32611	76.28327	76.34731	76.38459	76.24190	76.40197	76.20814	76.40342	76.57015	76.29397	76.53102	76.50272
6/3/2025	1:03:25 PM	76.30500	76.22019	76.32599	76.28288	76.34727	76.38489	76.24134	76.40188	76.20824	76.40344	76.57045	76.29365	76.53117	76.50262
6/3/2025	1:03:28 PM	76.30468	76.22050	76.32605	76.28346	76.34741	76.38520	76.24137	76.40223	76.20843	76.40369	76.57057	76.29429	76.53121	76.50309
6/3/2025	1:03:32 PM	76.30516	76.22060	76.32583	76.28362	76.34750	76.38529	76.24209	76.40267	76.20842	76.40359	76.57041	76.29470	76.53196	76.50318
6/3/2025	1:03:35 PM	76.30505	76.22061	76.32551	76.28347	76.34781	76.38551	76.24244	76.40310	76.20851	76.40376	76.57080	76.29457	76.53185	76.50314
6/3/2025	1:03:39 PM	76.30539	76.22084	76.32633	76.28303	76.34728	76.38516	76.24162	76.40196	76.20819	76.40326	76.57064	76.29430	76.53087	76.50278
6/3/2025	1:03:43 PM	76.30522	76.22061	76.32641	76.28402	76.34809	76.38576	76.24262	76.40276	76.20908	76.40423	76.57139	76.29472	76.53224	76.50368
6/3/2025	1:03:46 PM	76.30580	76.22129	76.32674	76.28372	76.34807	76.38618	76.24263	76.40300	76.20913	76.40475	76.57173	76.29524	76.53272	76.50377
6/3/2025	1:03:50 PM	76.30577	76.22114	76.32695	76.28384	76.34825	76.38631	76.24299	76.40321	76.20949	76.40466	76.57162	76.29525	76.53271	76.50380
6/3/2025	1:03:53 PM	76.30605	76.22153	76.32669	76.28410	76.34807	76.38617	76.24274	76.40299	76.20912	76.40458	76.57176	76.29507	76.53234	76.50418
6/3/2025	1:03:57 PM	76.30572	76.22175	76.32694	76.28396	76.34817	76.38602	76.24280	76.40308	76.20933	76.40448	76.57139	76.29505	76.53191	76.50403
6/3/2025	1:04:01 PM	76.30591	76.22145	76.32637	76.28398	76.34791	76.38590	76.24263	76.40333	76.20900	76.40453	76.57139	76.29534	76.53240	76.50423
6/3/2025	1:04:04 PM	76.30644	76.22205	76.32697	76.28404	76.34834	76.38635	76.24330	76.40343	76.20974	76.40493	76.57151	76.29561	76.53238	76.50355
6/3/2025	1:04:08 PM	76.30617	76.22171	76.32667	76.28369	76.34830	76.38661	76.24302	76.40337	76.20940	76.40457	76.57160	76.29563	76.53241	76.50396
6/3/2025	1:04:11 PM	76.30622	76.22180	76.32696	76.28422	76.34854	76.38663	76.24338	76.40359	76.20916	76.40467	76.57158	76.29486	76.53185	76.50351
6/3/2025	1:04:15 PM	76.30562	76.22123	76.32699	76.28382	76.34774	76.38599	76.24218	76.40286	76.20850	76.40425	76.57126	76.29478	76.53182	76.50337
6/3/2025	1:04:19 PM	76.30552	76.22125	76.32656	76.28385	76.34751	76.38599	76.24254	76.40279	76.20864	76.40473	76.57121	76.29473	76.53168	76.50342
6/3/2025	1:04:22 PM	76.30555	76.22111	76.32654	76.28341	76.34788	76.38613	76.24253	76.40315	76.20932	76.40494	76.57154	76.29513	76.53205	76.50339
6/3/2025	1:04:26 PM	76.30622	76.22190	76.32693	76.28412	76.34829	76.38660	76.24284	76.40322	76.20948	76.40528	76.57230	76.29574	76.53250	76.50369
6/3/2025	1:04:29 PM	76.30613	76.22169	76.32660	76.28430	76.34825	76.38655	76.24319	76.40365	76.20966	76.40543	76.57205	76.29601	76.53276	76.50426
6/3/2025	1:04:33 PM	76.30666	76.22195	76.32687	76.28462	76.34798	76.38699	76.24336	76.40357	76.20977	76.40520	76.57218	76.29622	76.53231	76.50405
6/3/2025	1:04:36 PM	76.30635	76.22192	76.32721	76.28441	76.34813	76.38659	76.24315	76.40368	76.20934	76.40492	76.57204	76.29586	76.53254	76.50407
6/3/2025	1:04:40 PM	76.30674	76.22237	76.32722	76.28430	76.34813	76.38639	76.24286	76.40294	76.20949	76.40559	76.57239	76.29567	76.53223	76.50408
6/3/2025	1:04:44 PM	76.30631	76.22200	76.32721	76.28427	76.34834	76.38616	76.24308	76.40304	76.20966	76.40537	76.57276	76.29557	76.53268	76.50385
6/3/2025	1:04:47 PM	76.30655	76.22173	76.32700	76.28416	76.34840	76.38665	76.24293	76.40303	76.20951	76.40532	76.57220	76.29547	76.53225	76.50377
6/3/2025	1:04:51 PM	76.30615	76.22243	76.32735	76.28427	76.34789	76.38694	76.24297	76.40337	76.20950	76.40541	76.57225	76.29582	76.53252	76.50414
6/3/2025	1:04:54 PM	76.30621	76.22194	76.32722	76.28423	76.34824	76.38677	76.24293	76.40347	76.21000	76.40533	76.57207	76.29584	76.53251	76.50396
6/3/2025	1:04:58 PM	76.30694	76.22183	76.32690	76.28409	76.34768	76.38638	76.24290	76.40327	76.20949	76.40545	76.57226	76.29610	76.53246	76.50402
6/3/2025	1:05:02 PM	76.30658	76.22208	76.32698	76.28397	76.34815	76.38686	76.24301	76.40310	76.20956	76.40544	76.57241	76.29649	76.53223	76.50414
6/3/2025	1:05:05 PM	76.30645	76.22220	76.32775	76.28476	76.34789	76.38663	76.24301	76.40322	76.20962	76.40552	76.57268	76.29671	76.53311	76.50467
6/3/2025	1:05:09 PM	76.30728	76.22238	76.32781	76.28526	76.34809	76.38670	76.24306	76.40365	76.20949	76.40564	76.57267	76.29646	76.53283	76.50423
6/3/2025	1:05:12 PM	76.30694	76.22244	76.32721	76.28485	76.34883	76.38761	76.24365	76.40367	76.20992	76.40598	76.57300	76.29653	76.53287	76.50428
6/3/2025	1:05:16 PM	76.30712	76.22224	76.32741	76.28496	76.34873	76.38680	76.24305	76.40350	76.21025	76.40605	76.57315	76.29631	76.53308	76.50440
6/3/2025	1:05:20 PM	76.30751	76.22259	76.32807	76.28545	76.34918	76.38741	76.24372	76.40370	76.20999	76.40611	76.57307	76.29686	76.53320	76.50470
6/3/2025	1:05:23 PM	76.30760	76.22286	76.32759	76.28481	76.34878	76.38717	76.24273	76.40386	76.21053	76.40602	76.57305	76.29688	76.53266	76.50425
6/3/2025	1:05:27 PM	76.30756	76.22232	76.32758	76.28501	76.34854	76.38743	76.24344	76.40419	76.21041	76.40662	76.57355	76.29685	76.53312	76.50515
6/3/2025	1:05:30 PM	76.30742	76.22266	76.32760	76.28496	76.34847	76.38715	76.24330	76.40367	76.20991	76.40601	76.57325	76.29638	76.53315	76.50441
6/3/2025	1:05:34 PM	76.30759	76.22256	76.32716	76.28498	76.34837	76.38736	76.24332	76.40351	76.21011	76.40614	76.57289	76.29604	76.53307	76.50436
6/3/2025	1:05:37 PM	76.30722	76.22290	76.32759	76.28494	76.34841	76.38667	76.24337	76.40358	76.21031	76.40632	76.57321	76.29639	76.53302	76.50456
6/3/2025	1:05:41 PM	76.30761	76.22278	76.32756	76.28511	76.34825	76.38681	76.24324	76.40362	76.20979	76.40632	76.57354	76.29691	76.53301	76.50436
6/3/2025	1:05:45 PM	76.30724	76.22271	76.32755	76.28491	76.34826	76.38701	76.24288	76.40329	76.20980	76.40601	76.57273	76.29643	76.53280	76.50433
6/3/2025	1:05:48 PM	76.30752	76.22291	76.32749	76.28511	76.34831	76.38739	76.24321	76.40376	76.21021	76.40594	76.57369	76.29685	76.53330	76.50470
6/3/2025	1:05:52 PM	76.30737	76.22303	76.32800	76.28519	76.34850	76.38747	76.24321	76.40372	76.21010	76.40602	76.57298	76.29631	76.53273	76.50454
6/3/2025	1:05:55 PM	76.30744	76.22263	76.32726	76.28513	76.34824	76.38710	76.24333	76.40342	76.21017	76.40640	76.57335	76.29665	76.53337	76.50458
6/3/2025	1:05:59 PM	76.30758	76.22303	76.32751	76.28517	76.34887	76.38687	76.24317	76.40351	76.20996	76.40624	76.57342	76.29686	76.53340	76.50455
6/3/2025	1:06:02 PM	76.30734	76.22245	76.32796	76.28508	76.34875	76.38756	76.24361	76.40407	76.21019	76.40677	76.57346	76.29645	76.53317	76.50512
6/3/2025	1:06:06 PM	76.30773	76.22275	76.32779	76.28534	76.34889	76.38739	76.24347	76.40386	76.21050	76.40606	76.57357	76.29675	76.53336	76.50476
6/3/2025	1:06:10 PM	76.30741	76.22314	76.32805	76.28552	76.34844	76.38773	76.24380	76.40401	76.21039	76.40613	76.57352	76.29644	76.53310	76.50484
6/3/2025	1:06:13 PM	76.30771	76.22291	76.32781	76.28520	76.34837	76.38707	76.24312	76.40365	76.21017	76.40643	76.57355	76.29655	76.53289	76.50445
6/3/2025	1:06:17 PM	76.30711	76.22272	76.32766	76.28519	76.34868	76.38715	76.24357	76.40345	76.21021	76.40611	76.57381	76.29699	76.53310	76.50506
6/3/2025	1:06:20 PM	76.30781	76.22281	76.32740	76.28560	76.34871	76.38749	76.24318	76.40390	76.21017	76.40642	76.57368	76.29674	76.53291	76.50494
6/3/2025	1:06:24 PM	76.30753	76.22305	76.32767	76.28517	76.34835	76.38701	76.24350	76.40408	76.21081	76.40685	76.57401	76.29723	76.53362	76.50480
6/3/2025	1:06:28 PM	76.30769	76.22307	76.32804	76.28561	76.34833	76.38737	76.24325	76.40396	76.21038	76.40665	76.57384	76.29702	76.53307	76.50444
6/3/2025	1:06:31 PM	76.30769	76.22251	76.32780	76.28561	76.34854	76.38722	76.24375	76.40374	76.21042	76.40637	76.57361	76.29713	76.53358	76.50512
6/3/2025	1:06:35 PM	76.30797	76.22334	76.32797	76.28557	76.34872	76.38739	76.24366	76.40435	76.21051	76.40690	76.57426	76.29736	76.53349	76.50455
6/3/2025	1:06:38 PM	76.30808	76.22356	76.32824	76.28567	76.34907	76.38763	76.24376	76.40409	76.21053	76.40634	76.57364	76.29660	76.53345	76.50488
6/3/2025	1:06:42 PM	76.30841	76.22360	76.32827	76.28570	76.34914	76.38745	76.24370	76.40401	76.21071	76.40673	76.57437	76.29709	76.53360	76.50523
6/3/2025	1:06:46 PM	76.30811	76.22335	76.32846	76.28580	76.34945	76.38801	76.24405	76.40434	76.21157	76.40689	76.57426	76.29705	76.53349	76.50508
6/3/2025	1:06:49 PM	76.30804	76.22308	76.32823	76.28613	76.34874	76.38804	76.24416	76.40455	76.21106	76.40695	76.57445	76.29747	76.53400	76.50533
6/3/2025	1:06:53 PM	76.30833	76.22401	76.32865	76.28603	76.34940	76.38817	76.24359	76.40419	76.21112	76.40672	76.57425	76.29709	76.53341	76.50554
6/3/2025	1:06:56 PM	76.30854	76.22356	76.32816	76.28623	76.34961	76.38807	76.24398	76.40457	76.21113	76.40690	76.57451	76.29734	76.53389	76.50554
6/3/2025	1:07:00 PM	76.30842	76.22375	76.32829	76.28614	76.34911	76.38809	76.24412	76.40486	76.21130	76.40690	76.57452	76.29742	76.53379	76.50543
6/3/2025	1:07:03 PM	76.30862	76.22416	76.32861	76.28682	76.34944	76.38813	76.24425	76.40447	76.21132	76.40694	76.57486	76.29743	76.53395	76.50548
6/3/2025	1:07:07 PM	76.30851	76.22387	76.32846	76.28613	76.34906	76.38748	76.24372	76.40407	76.21069	76.40686	76.57463	76.29732	76.53345	76.50512
6/3/2025	1:07:11 PM	76.30815	76.22362	76.32880	76.28657	76.34906	76.38793	76.24391	76.40421	76.21114	76.40664	76.57411	76.29731	76.53399	76.50576
6/3/2025	1:07:14 PM	76.30909	76.22398	76.32863	76.28619	76.34928	76.38810	76.24395	76.40462	76.21117	76.40709	76.57454	76.29782	76.53407	76.50546
6/3/2025	1:07:18 PM	76.30895	76.22411	76.32873	76.28675	76.34964	76.38831	76.24437	76.40485	76.21155	76.40704	76.57487	76.29780	76.53435	76.50599
6/3/2025	1:07:21 PM	76.30857	76.22422	76.32908	76.28675	76.34933	76.38797	76.24432	76.40444	76.21127	76.40724	76.57485	76.29748	76.53437	76.50591
6/3/2025	1:07:25 PM	76.30874	76.22372	76.32880	76.28658	76.34992	76.38847	76.24405	76.40432	76.21101	76.40737	76.57480	76.29736	76.53417	76.50582
6/3/2025	1:07:29 PM	76.30908	76.22445	76.32937	76.28654	76.35003	76.38853	76.24419	76.40472	76.21118	76.40677	76.57432	76.29744	76.53426	76.50550
6/3/2025	1:07:32 PM	76.30831	76.22384	76.32929	76.28649	76.34945	76.38811	76.24403	76.40427	76.21116	76.40729	76.57455	76.29760	76.53414	76.50573
6/3/2025	1:07:36 PM	76.30857	76.22406	76.32858	76.28636	76.34926	76.38835	76.24396	76.40445	76.21172	76.40729	76.57489	76.29772	76.53422	76.50596
6/3/2025	1:07:39 PM	76.30875	76.22409	76.32886	76.28650	76.34947	76.38830	76.24414	76.40474	76.21155	76.40734	76.57498	76.29781	76.53414	76.50605
6/3/2025	1:07:43 PM	76.30896	76.22429	76.32931	76.28653	76.34963	76.38824	76.24447	76.40462	76.21174	76.40747	76.57490	76.29831	76.53459	76.50599
6/3/2025	1:07:46 PM	76.30897	76.22476	76.32940	76.28657	76.34975	76.38850	76.24438	76.40447	76.21159	76.40750	76.57497	76.29813	76.53475	76.50563
6/3/2025	1:07:50 PM	76.30845	76.22415	76.32920	76.28655	76.34961	76.38828	76.24415	76.40438	76.21124	76.40688	76.57498	76.29779	76.53454	76.50568
6/3/2025	1:07:53 PM	76.30844	76.22420	76.32899	76.28657	76.34955	76.38784	76.24371	76.40420	76.21105	76.40698	76.57476	76.29766	76.53430	76.50598
6/3/2025	1:07:57 PM	76.30915	76.22441	76.32916	76.28698	76.35000	76.38863	76.24435	76.40492	76.21192	76.40740	76.57516	76.29818	76.53474	76.50640
6/3/2025	1:08:01 PM	76.30931	76.22460	76.32900	76.28700	76.34984	76.38859	76.24443	76.40509	76.21184	76.40767	76.57532	76.29815	76.53453	76.50595
6/3/2025	1:08:04 PM	76.30848	76.22425	76.32899	76.28674	76.34973	76.38854	76.24399	76.40479	76.21149	76.40754	76.57524	76.29807	76.53455	76.50603
6/3/2025	1:08:08 PM	76.30878	76.22433	76.32933	76.28702	76.34977	76.38850	76.24446	76.40478	76.21146	76.40718	76.57494	76.29827	76.53467	76.50622
6/3/2025	1:08:11 PM	76.30890	76.22406	76.32888	76.28638	76.34945	76.38834	76.24402	76.40458	76.21162	76.40726	76.57514	76.29809	76.53493	76.50664
6/3/2025	1:08:15 PM	76.30904	76.22416	76.32939	76.28685	76.35004	76.38865	76.24416	76.40520	76.21156	76.40771	76.57572	76.29837	76.53492	76.50614
6/3/2025	1:08:19 PM	76.30928	76.22453	76.32991	76.28674	76.34988	76.38870	76.24449	76.40486	76.21157	76.40752	76.57470	76.29803	76.53458	76.50639
6/3/2025	1:08:22 PM	76.30958	76.22428	76.32966	76.28712	76.34991	76.38878	76.24473	76.40525	76.21155	76.40721	76.57517	76.29826	76.53484	76.50630
6/3/2025	1:08:26 PM	76.30906	76.22467	76.32971	76.28685	76.35016	76.38843	76.24471	76.40481	76.21170	76.40754	76.57530	76.29798	76.53444	76.50614
6/3/2025	1:08:29 PM	76.30914	76.22442	76.32946	76.28651	76.34965	76.38876	76.24381	76.40445	76.21184	76.40768	76.57542	76.29831	76.53541	76.50655
6/3/2025	1:08:33 PM	76.30932	76.22471	76.32968	76.28653	76.34974	76.38882	76.24460	76.40478	76.21204	76.40778	76.57532	76.29867	76.53500	76.50683
6/3/2025	1:08:37 PM	76.31013	76.22493	76.32997	76.28683	76.34988	76.38891	76.24506	76.40528	76.21235	76.40763	76.57565	76.29827	76.53478	76.50631
6/3/2025	1:08:40 PM	76.30958	76.22488	76.32973	76.28662	76.34970	76.38808	76.24459	76.40458	76.21215	76.40759	76.57564	76.29877	76.53524	76.50654
6/3/2025	1:08:44 PM	76.30918	76.22461	76.32990	76.28711	76.34960	76.38857	76.24436	76.40477	76.21197	76.40830	76.57534	76.29839	76.53508	76.50626
6/3/2025	1:08:47 PM	76.30931	76.22454	76.32950	76.28712	76.34959	76.38831	76.24427	76.40489	76.21184	76.40750	76.57512	76.29820	76.53494	76.50652
6/3/2025	1:08:51 PM	76.30936	76.22471	76.32988	76.28691	76.34967	76.38881	76.24437	76.40460	76.21148	76.40734	76.57521	76.29857	76.53513	76.50690
6/3/2025	1:08:54 PM	76.30930	76.22459	76.32979	76.28674	76.34997	76.38860	76.24396	76.40468	76.21187	76.40728	76.57556	76.29876	76.53499	76.50678
6/3/2025	1:08:58 PM	76.30923	76.22455	76.32964	76.28671	76.34956	76.38874	76.24387	76.40443	76.21184	76.40740	76.57517	76.29853	76.53513	76.50645
6/3/2025	1:09:02 PM	76.30914	76.22471	76.32984	76.28707	76.34953	76.38889	76.24458	76.40514	76.21220	76.40747	76.57509	76.29824	76.53551	76.50654
6/3/2025	1:09:05 PM	76.30952	76.22459	76.32998	76.28739	76.35007	76.38899	76.24465	76.40473	76.21216	76.40792	76.57528	76.29882	76.53530	76.50670
6/3/2025	1:09:09 PM	76.30958	76.22493	76.33019	76.28692	76.35017	76.38908	76.24429	76.40465	76.21189	76.40788	76.57557	76.29895	76.53561	76.50700
6/3/2025	1:09:12 PM	76.30951	76.22514	76.33001	76.28740	76.35005	76.38919	76.24460	76.40477	76.21220	76.40791	76.57604	76.29834	76.53580	76.50725
6/3/2025	1:09:16 PM	76.30956	76.22490	76.32970	76.28700	76.34962	76.38908	76.24427	76.40491	76.21244	76.40815	76.57556	76.29876	76.53575	76.50693
6/3/2025	1:09:19 PM	76.30981	76.22511	76.32990	76.28740	76.35028	76.38926	76.24512	76.40533	76.21235	76.40821	76.57594	76.29911	76.53570	76.50720
6/3/2025	1:09:23 PM	76.30972	76.22497	76.32978	76.28682	76.35019	76.38851	76.24487	76.40496	76.21230	76.40793	76.57559	76.29896	76.53573	76.50742
6/3/2025	1:09:27 PM	76.30978	76.22503	76.33024	76.28708	76.34996	76.38852	76.24429	76.40469	76.21213	76.40768	76.57581	76.29859	76.53581	76.50704
6/3/2025	1:09:30 PM	76.31004	76.22539	76.33042	76.28705	76.34996	76.38854	76.24403	76.40452	76.21234	76.40770	76.57552	76.29875	76.53578	76.50740
6/3/2025	1:09:34 PM	76.30983	76.22505	76.33014	76.28763	76.35026	76.38891	76.24474	76.40476	76.21238	76.40776	76.57581	76.29895	76.53610	76.50713
6/3/2025	1:09:37 PM	76.30976	76.22526	76.33049	76.28719	76.35006	76.38858	76.24416	76.40474	76.21214	76.40763	76.57558	76.29920	76.53605	76.50710
6/3/2025	1:09:41 PM	76.30996	76.22477	76.33018	76.28713	76.34999	76.38894	76.24453	76.40475	76.21198	76.40742	76.57569	76.29899	76.53588	76.50736
6/3/2025	1:09:45 PM	76.31009	76.22553	76.33041	76.28753	76.35011	76.38938	76.24473	76.40472	76.21200	76.40731	76.57541	76.29898	76.53578	76.50715
6/3/2025	1:09:48 PM	76.30979	76.22475	76.33035	76.28728	76.34960	76.38910	76.24413	76.40513	76.21238	76.40798	76.57572	76.29870	76.53570	76.50712
6/3/2025	1:09:52 PM	76.30975	76.22504	76.33041	76.28706	76.34990	76.38864	76.24459	76.40503	76.21226	76.40794	76.57543	76.29867	76.53582	76.50740
6/3/2025	1:09:55 PM	76.30988	76.22500	76.33026	76.28690	76.34991	76.38850	76.24425	76.40498	76.21238	76.40771	76.57588	76.29881	76.53615	76.50718
6/3/2025	1:09:59 PM	76.30982	76.22512	76.33045	76.28722	76.34968	76.38877	76.24406	76.40501	76.21224	76.40761	76.57570	76.29919	76.53578	76.50723
6/3/2025	1:10:02 PM	76.31030	76.22551	76.33041	76.28710	76.35005	76.38922	76.24419	76.40490	76.21214	76.40797	76.57581	76.29944	76.53638	76.50744
6/3/2025	1:10:06 PM	76.31032	76.22537	76.33057	76.28713	76.34989	76.38881	76.24442	76.40468	76.21210	76.40759	76.57588	76.29909	76.53561	76.50739
6/3/2025	1:10:09 PM	76.31015	76.22498	76.33031	76.28683	76.34946	76.38851	76.24424	76.40471	76.21194	76.40791	76.57551	76.29887	76.53590	76.50731
6/3/2025	1:10:13 PM	76.30978	76.22517	76.33007	76.28686	76.34957	76.38860	76.24381	76.40481	76.21201	76.40751	76.57569	76.29921	76.53591	76.50716
6/3/2025	1:10:16 PM	76.30941	76.22499	76.33000	76.28669	76.34973	76.38858	76.24448	76.40443	76.21213	76.40811	76.57621	76.29911	76.53618	76.50756
6/3/2025	1:10:20 PM	76.30994	76.22576	76.33041	76.28723	76.34985	76.38894	76.24414	76.40495	76.21206	76.40791	76.57561	76.29889	76.53604	76.50773
6/3/2025	1:10:24 PM	76.31006	76.22531	76.33051	76.28704	76.34958	76.38841	76.24377	76.40446	76.21198	76.40767	76.57568	76.29919	76.53590	76.50681
6/3/2025	1:10:27 PM	76.30987	76.22499	76.33005	76.28650	76.34931	76.38893	76.24416	76.40446	76.21229	76.40804	76.57601	76.29955	76.53657	76.50775
6/3/2025	1:10:31 PM	76.31050	76.22537	76.33034	76.28751	76.34976	76.38903	76.24436	76.40490	76.21257	76.40833	76.57664	76.29961	76.53658	76.50787
6/3/2025	1:10:34 PM	76.31045	76.22528	76.33078	76.28730	76.35018	76.38943	76.24456	76.40497	76.21221	76.40830	76.57615	76.29929	76.53646	76.50770
6/3/2025	1:10:38 PM	76.30996	76.22546	76.33054	76.28751	76.35009	76.38885	76.24412	76.40481	76.21226	76.40820	76.57597	76.29930	76.53623	76.50757
6/3/2025	1:10:41 PM	76.31007	76.22542	76.33100	76.28714	76.34953	76.38906	76.24393	76.40501	76.21221	76.40760	76.57604	76.29945	76.53651	76.50830
6/3/2025	1:10:45 PM	76.31044	76.22556	76.33064	76.28683	76.34998	76.38867	76.24451	76.40496	76.21236	76.40796	76.57644	76.29935	76.53651	76.50806
6/3/2025	1:10:49 PM	76.31033	76.22560	76.33079	76.28743	76.34973	76.38888	76.24398	76.40442	76.21192	76.40780	76.57610	76.29953	76.53629	76.50740
6/3/2025	1:10:52 PM	76.31020	76.22519	76.33086	76.28720	76.35012	76.38904	76.24436	76.40508	76.21245	76.40818	76.57636	76.29946	76.53651	76.50800
6/3/2025	1:10:56 PM	76.31035	76.22564	76.33093	76.28715	76.35021	76.38897	76.24420	76.40446	76.21220	76.40796	76.57617	76.29947	76.53645	76.50796
6/3/2025	1:10:59 PM	76.31034	76.22538	76.33059	76.28723	76.34964	76.38868	76.24439	76.40496	76.21236	76.40819	76.57608	76.29972	76.53615	76.50809
6/3/2025	1:11:03 PM	76.31038	76.22566	76.33104	76.28732	76.35019	76.38930	76.24435	76.40483	76.21239	76.40831	76.57634	76.29979	76.53657	76.50783
6/3/2025	1:11:07 PM	76.31034	76.22563	76.33045	76.28669	76.34950	76.38867	76.24410	76.40437	76.21209	76.40845	76.57623	76.29933	76.53646	76.50808
6/3/2025	1:11:10 PM	76.31062	76.22555	76.33056	76.28717	76.34975	76.38890	76.24447	76.40489	76.21247	76.40844	76.57645	76.30010	76.53687	76.50778
6/3/2025	1:11:14 PM	76.31074	76.22572	76.33087	76.28718	76.34997	76.38860	76.24402	76.40477	76.21235	76.40842	76.57644	76.29989	76.53664	76.50808
6/3/2025	1:11:17 PM	76.30992	76.22581	76.33046	76.28732	76.34994	76.38864	76.24388	76.40472	76.21177	76.40779	76.57619	76.29935	76.53663	76.50761
6/3/2025	1:11:21 PM	76.31021	76.22533	76.33046	76.28698	76.34967	76.38899	76.24430	76.40447	76.21212	76.40829	76.57582	76.29954	76.53681	76.50818
6/3/2025	1:11:25 PM	76.31026	76.22544	76.33060	76.28709	76.34974	76.38890	76.24391	76.40483	76.21238	76.40809	76.57626	76.29962	76.53703	76.50809
6/3/2025	1:11:28 PM	76.31004	76.22512	76.33080	76.28708	76.34956	76.38844	76.24400	76.40449	76.21207	76.40758	76.57611	76.29933	76.53668	76.50789
6/3/2025	1:11:32 PM	76.31036	76.22587	76.33090	76.28695	76.34951	76.38871	76.24384	76.40488	76.21251	76.40814	76.57603	76.29927	76.53668	76.50775
6/3/2025	1:11:35 PM	76.31020	76.22528	76.33076	76.28709	76.34938	76.38850	76.24392	76.40461	76.21252	76.40800	76.57603	76.29942	76.53678	76.50798
6/3/2025	1:11:39 PM	76.31014	76.22551	76.33083	76.28687	76.34974	76.38858	76.24398	76.40456	76.21213	76.40824	76.57594	76.29912	76.53695	76.50779
6/3/2025	1:11:43 PM	76.31011	76.22545	76.33064	76.28649	76.34927	76.38846	76.24400	76.40441	76.21243	76.40797	76.57630	76.29995	76.53690	76.50844
6/3/2025	1:11:46 PM	76.31014	76.22562	76.33117	76.28703	76.34976	76.38894	76.24387	76.40466	76.21223	76.40769	76.57625	76.29956	76.53664	76.50816
6/3/2025	1:11:50 PM	76.30988	76.22521	76.33048	76.28722	76.34960	76.38866	76.24409	76.40438	76.21189	76.40789	76.57594	76.29956	76.53691	76.50838
6/3/2025	1:11:53 PM	76.31032	76.22585	76.33071	76.28700	76.34946	76.38831	76.24343	76.40421	76.21221	76.40806	76.57636	76.29966	76.53671	76.50800
6/3/2025	1:11:57 PM	76.31002	76.22596	76.33088	76.28728	76.34946	76.38833	76.24374	76.40468	76.21195	76.40788	76.57609	76.29960	76.53681	76.50815
6/3/2025	1:12:00 PM	76.31029	76.22577	76.33051	76.28672	76.34961	76.38861	76.24368	76.40417	76.21212	76.40807	76.57629	76.29966	76.53673	76.50842
6/3/2025	1:12:04 PM	76.31009	76.22545	76.33070	76.28670	76.34924	76.38865	76.24374	76.40416	76.21211	76.40771	76.57627	76.29970	76.53696	76.50810
6/3/2025	1:12:08 PM	76.31049	76.22537	76.33093	76.28689	76.34963	76.38840	76.24376	76.40438	76.21211	76.40788	76.57615	76.29960	76.53655	76.50825
6/3/2025	1:12:11 PM	76.30985	76.22534	76.33058	76.28689	76.34900	76.38860	76.24360	76.40434	76.21189	76.40763	76.57577	76.29934	76.53672	76.50802
6/3/2025	1:12:15 PM	76.30973	76.22536	76.33029	76.28679	76.34950	76.38833	76.24398	76.40389	76.21190	76.40794	76.57622	76.29979	76.53692	76.50810
6/3/2025	1:12:18 PM	76.30995	76.22540	76.33097	76.28716	76.34977	76.38859	76.24397	76.40460	76.21203	76.40802	76.57583	76.29961	76.53660	76.50788
6/3/2025	1:12:22 PM	76.31019	76.22540	76.33036	76.28631	76.34957	76.38829	76.24348	76.40431	76.21216	76.40772	76.57625	76.29937	76.53689	76.50785
6/3/2025	1:12:25 PM	76.30993	76.22576	76.33075	76.28645	76.34931	76.38837	76.24391	76.40441	76.21200	76.40806	76.57659	76.29994	76.53714	76.50814
6/3/2025	1:12:29 PM	76.31042	76.22555	76.33087	76.28676	76.34938	76.38856	76.24383	76.40471	76.21228	76.40812	76.57620	76.29967	76.53699	76.50858
6/3/2025	1:12:33 PM	76.31048	76.22583	76.33066	76.28683	76.34972	76.38880	76.24406	76.40440	76.21199	76.40787	76.57688	76.29980	76.53710	76.50848
6/3/2025	1:12:36 PM	76.31060	76.22553	76.33067	76.28692	76.34920	76.38829	76.24345	76.40418	76.21222	76.40818	76.57660	76.29998	76.53704	76.50829
6/3/2025	1:12:40 PM	76.31067	76.22616	76.33090	76.28690	76.34964	76.38827	76.24379	76.40451	76.21224	76.40799	76.57640	76.30010	76.53744	76.50901
6/3/2025	1:12:43 PM	76.31031	76.22554	76.33072	76.28664	76.34934	76.38850	76.24364	76.40423	76.21210	76.40805	76.57626	76.29967	76.53677	76.50845
6/3/2025	1:12:47 PM	76.31040	76.22584	76.33065	76.28663	76.34930	76.38857	76.24407	76.40430	76.21244	76.40827	76.57646	76.29983	76.53739	76.50866
6/3/2025	1:12:51 PM	76.31058	76.22579	76.33074	76.28703	76.34962	76.38897	76.24400	76.40475	76.21208	76.40786	76.57656	76.29998	76.53736	76.50867
6/3/2025	1:12:54 PM	76.31019	76.22557	76.33119	76.28724	76.34986	76.38867	76.24395	76.40478	76.21245	76.40820	76.57661	76.29986	76.53754	76.50880
6/3/2025	1:12:58 PM	76.31055	76.22588	76.33103	76.28699	76.34966	76.38860	76.24430	76.40451	76.21226	76.40807	76.57660	76.29999	76.53793	76.50887
6/3/2025	1:13:01 PM	76.31076	76.22642	76.33112	76.28706	76.34971	76.38830	76.24358	76.40454	76.21177	76.40816	76.57619	76.29976	76.53732	76.50850
6/3/2025	1:13:05 PM	76.31026	76.22621	76.33107	76.28716	76.34961	76.38831	76.24370	76.40394	76.21165	76.40824	76.57653	76.29978	76.53717	76.50805
6/3/2025	1:13:09 PM	76.31037	76.22569	76.33082	76.28668	76.34925	76.38845	76.24356	76.40422	76.21207	76.40825	76.57608	76.29978	76.53717	76.50876
6/3/2025	1:13:12 PM	76.31083	76.22596	76.33105	76.28683	76.34921	76.38815	76.24354	76.40407	76.21195	76.40755	76.57607	76.29994	76.53739	76.50866
6/3/2025	1:13:16 PM	76.31042	76.22574	76.33098	76.28684	76.34927	76.38857	76.24372	76.40476	76.21192	76.40801	76.57669	76.30015	76.53736	76.50864
6/3/2025	1:13:19 PM	76.31075	76.22579	76.33069	76.28684	76.34939	76.38854	76.24334	76.40482	76.21229	76.40812	76.57671	76.29993	76.53775	76.50879
6/3/2025	1:13:23 PM	76.31078	76.22595	76.33069	76.28691	76.34961	76.38870	76.24395	76.40438	76.21230	76.40851	76.57697	76.30035	76.53808	76.50916
6/3/2025	1:13:26 PM	76.31124	76.22580	76.33115	76.28712	76.34958	76.38868	76.24405	76.40456	76.21216	76.40795	76.57659	76.30036	76.53728	76.50895
6/3/2025	1:13:30 PM	76.31097	76.22628	76.33092	76.28697	76.34970	76.38864	76.24364	76.40414	76.21185	76.40816	76.57611	76.29997	76.53752	76.50888
6/3/2025	1:13:34 PM	76.31020	76.22565	76.33074	76.28664	76.34918	76.38846	76.24385	76.40439	76.21216	76.40796	76.57623	76.29962	76.53699	76.50832
6/3/2025	1:13:37 PM	76.31035	76.22564	76.33072	76.28693	76.34963	76.38846	76.24401	76.40456	76.21186	76.40810	76.57667	76.30012	76.53744	76.50894
6/3/2025	1:13:41 PM	76.31067	76.22564	76.33094	76.28687	76.34946	76.38858	76.24322	76.40423	76.21208	76.40816	76.57634	76.29960	76.53783	76.50873
6/3/2025	1:13:44 PM	76.31049	76.22572	76.33133	76.28702	76.34947	76.38883	76.24360	76.40430	76.21190	76.40822	76.57642	76.29980	76.53735	76.50874
6/3/2025	1:13:48 PM	76.31053	76.22599	76.33092	76.28668	76.34918	76.38859	76.24364	76.40435	76.21195	76.40812	76.57664	76.30016	76.53767	76.50888
6/3/2025	1:13:52 PM	76.31057	76.22564	76.33082	76.28670	76.34923	76.38798	76.24350	76.40411	76.21185	76.40858	76.57659	76.29968	76.53752	76.50864
6/3/2025	1:13:55 PM	76.31029	76.22596	76.33109	76.28678	76.34967	76.38854	76.24360	76.40398	76.21207	76.40827	76.57657	76.30005	76.53739	76.50858
6/3/2025	1:13:59 PM	76.31020	76.22561	76.33098	76.28702	76.34938	76.38849	76.24359	76.40458	76.21261	76.40822	76.57645	76.29998	76.53734	76.50866
6/3/2025	1:14:02 PM	76.31047	76.22578	76.33073	76.28660	76.34928	76.38861	76.24363	76.40396	76.21232	76.40835	76.57683	76.30046	76.53776	76.50896
6/3/2025	1:14:06 PM	76.31072	76.22586	76.33089	76.28727	76.34988	76.38903	76.24389	76.40466	76.21228	76.40853	76.57712	76.30068	76.53788	76.50960
6/3/2025	1:14:09 PM	76.31065	76.22610	76.33104	76.28733	76.35009	76.38886	76.24403	76.40454	76.21237	76.40848	76.57651	76.29966	76.53778	76.50906
6/3/2025	1:14:13 PM	76.31086	76.22561	76.33096	76.28708	76.34968	76.38891	76.24430	76.40449	76.21210	76.40833	76.57695	76.30030	76.53756	76.50905
6/3/2025	1:14:17 PM	76.31058	76.22613	76.33149	76.28701	76.34979	76.38879	76.24389	76.40447	76.21218	76.40814	76.57667	76.30021	76.53795	76.50885
6/3/2025	1:14:20 PM	76.31104	76.22605	76.33067	76.28704	76.35007	76.38897	76.24401	76.40470	76.21247	76.40863	76.57707	76.30060	76.53798	76.50914
6/3/2025	1:14:24 PM	76.31077	76.22582	76.33107	76.28709	76.34971	76.38903	76.24395	76.40461	76.21250	76.40886	76.57683	76.30045	76.53821	76.50911
6/3/2025	1:14:27 PM	76.31065	76.22610	76.33098	76.28693	76.34980	76.38883	76.24400	76.40453	76.21232	76.40834	76.57675	76.30051	76.53795	76.50899
6/3/2025	1:14:31 PM	76.31058	76.22596	76.33104	76.28690	76.34987	76.38877	76.24422	76.40471	76.21269	76.40860	76.57667	76.30040	76.53801	76.50924
6/3/2025	1:14:34 PM	76.31079	76.22586	76.33129	76.28704	76.34994	76.38870	76.24389	76.40469	76.21216	76.40850	76.57695	76.30046	76.53789	76.50941
6/3/2025	1:14:38 PM	76.31059	76.22598	76.33110	76.28736	76.35018	76.38904	76.24432	76.40489	76.21247	76.40852	76.57668	76.30070	76.53826	76.50983
6/3/2025	1:14:42 PM	76.31142	76.22674	76.33166	76.28750	76.35018	76.38968	76.24429	76.40467	76.21257	76.40896	76.57733	76.30095	76.53824	76.50976
6/3/2025	1:14:45 PM	76.31104	76.22634	76.33136	76.28744	76.35066	76.38973	76.24449	76.40508	76.21256	76.40899	76.57703	76.30086	76.53857	76.50942
6/3/2025	1:14:49 PM	76.31121	76.22611	76.33118	76.28717	76.35042	76.38946	76.24394	76.40500	76.21224	76.40863	76.57709	76.30025	76.53839	76.50955
6/3/2025	1:14:52 PM	76.31115	76.22604	76.33115	76.28739	76.35037	76.38948	76.24436	76.40526	76.21230	76.40883	76.57698	76.30044	76.53833	76.50993
6/3/2025	1:14:56 PM	76.31123	76.22670	76.33156	76.28768	76.35066	76.38987	76.24464	76.40539	76.21281	76.40929	76.57760	76.30126	76.53885	76.50981
6/3/2025	1:15:00 PM	76.31138	76.22661	76.33158	76.28734	76.35062	76.38958	76.24452	76.40527	76.21291	76.40896	76.57747	76.30106	76.53885	76.50984
6/3/2025	1:15:03 PM	76.31128	76.22657	76.33220	76.28789	76.35075	76.38998	76.24495	76.40535	76.21320	76.40949	76.57754	76.30093	76.53883	76.50987
6/3/2025	1:15:07 PM	76.31129	76.22684	76.33193	76.28752	76.35043	76.38987	76.24487	76.40507	76.21249	76.40916	76.57725	76.30091	76.53866	76.50992
6/3/2025	1:15:10 PM	76.31144	76.22679	76.33187	76.28772	76.35015	76.38974	76.24444	76.40510	76.21302	76.40875	76.57722	76.30097	76.53866	76.50987
6/3/2025	1:15:14 PM	76.31147	76.22659	76.33177	76.28775	76.35026	76.38953	76.24475	76.40508	76.21290	76.40901	76.57755	76.30104	76.53864	76.51023
6/3/2025	1:15:17 PM	76.31155	76.22674	76.33199	76.28797	76.35090	76.38970	76.24502	76.40507	76.21302	76.40923	76.57747	76.30105	76.53878	76.50979
6/3/2025	1:15:21 PM	76.31136	76.22681	76.33239	76.28785	76.35067	76.38960	76.24479	76.40528	76.21274	76.40894	76.57754	76.30128	76.53870	76.50971
6/3/2025	1:15:25 PM	76.31108	76.22671	76.33200	76.28788	76.35054	76.38924	76.24448	76.40465	76.21287	76.40883	76.57742	76.30098	76.53849	76.50983
6/3/2025	1:15:28 PM	76.31137	76.22703	76.33198	76.28797	76.35082	76.38999	76.24469	76.40554	76.21326	76.40918	76.57729	76.30119	76.53909	76.51037
6/3/2025	1:15:32 PM	76.31129	76.22661	76.33188	76.28769	76.35060	76.38988	76.24491	76.40554	76.21322	76.40914	76.57748	76.30121	76.53873	76.50975
6/3/2025	1:15:35 PM	76.31136	76.22695	76.33169	76.28790	76.35046	76.38946	76.24467	76.40540	76.21306	76.40944	76.57742	76.30135	76.53904	76.51037
6/3/2025	1:15:39 PM	76.31150	76.22676	76.33174	76.28801	76.35080	76.38954	76.24528	76.40546	76.21264	76.40978	76.57777	76.30101	76.53882	76.51039
6/3/2025	1:15:43 PM	76.31179	76.22689	76.33160	76.28786	76.35027	76.38981	76.24479	76.40529	76.21308	76.40939	76.57800	76.30174	76.53937	76.51048
6/3/2025	1:15:46 PM	76.31172	76.22749	76.33236	76.28785	76.35079	76.39011	76.24494	76.40574	76.21317	76.40959	76.57767	76.30157	76.53921	76.51028
6/3/2025	1:15:50 PM	76.31206	76.22700	76.33199	76.28779	76.35066	76.38994	76.24497	76.40557	76.21331	76.40957	76.57752	76.30167	76.53880	76.51019
6/3/2025	1:15:53 PM	76.31178	76.22690	76.33196	76.28800	76.35079	76.38983	76.24489	76.40546	76.21306	76.40936	76.57757	76.30111	76.53859	76.50980
6/3/2025	1:15:57 PM	76.31174	76.22683	76.33165	76.28768	76.35050	76.38941	76.24446	76.40529	76.21273	76.40951	76.57738	76.30108	76.53854	76.51019
6/3/2025	1:16:00 PM	76.31135	76.22676	76.33169	76.28791	76.35072	76.38970	76.24476	76.40567	76.21329	76.40922	76.57771	76.30118	76.53878	76.51041
6/3/2025	1:16:04 PM	76.31140	76.22670	76.33228	76.28809	76.35110	76.38993	76.24521	76.40533	76.21326	76.40925	76.57767	76.30123	76.53900	76.51004
6/3/2025	1:16:08 PM	76.31157	76.22697	76.33186	76.28784	76.35110	76.38988	76.24504	76.40595	76.21287	76.40943	76.57793	76.30130	76.53917	76.51053
6/3/2025	1:16:11 PM	76.31161	76.22711	76.33212	76.28853	76.35127	76.39032	76.24522	76.40592	76.21322	76.40955	76.57795	76.30130	76.53952	76.51072
6/3/2025	1:16:15 PM	76.31171	76.22705	76.33261	76.28843	76.35119	76.38991	76.24541	76.40573	76.21318	76.40973	76.57768	76.30190	76.53943	76.51051
6/3/2025	1:16:18 PM	76.31164	76.22735	76.33214	76.28816	76.35123	76.39024	76.24523	76.40564	76.21344	76.40960	76.57769	76.30127	76.53874	76.51065
6/3/2025	1:16:22 PM	76.31162	76.22702	76.33223	76.28823	76.35120	76.39045	76.24526	76.40571	76.21362	76.40976	76.57774	76.30157	76.53926	76.51033
6/3/2025	1:16:26 PM	76.31169	76.22666	76.33205	76.28814	76.35074	76.39027	76.24488	76.40559	76.21328	76.40945	76.57787	76.30126	76.53934	76.51072
6/3/2025	1:16:29 PM	76.31199	76.22704	76.33236	76.28819	76.35117	76.39056	76.24537	76.40595	76.21328	76.40972	76.57786	76.30115	76.53955	76.51038
6/3/2025	1:16:33 PM	76.31193	76.22752	76.33223	76.28848	76.35096	76.39020	76.24555	76.40575	76.21362	76.40961	76.57799	76.30162	76.53945	76.51087
6/3/2025	1:16:36 PM	76.31213	76.22696	76.33245	76.28844	76.35111	76.39039	76.24541	76.40552	76.21348	76.40985	76.57809	76.30157	76.53951	76.51035
6/3/2025	1:16:40 PM	76.31219	76.22729	76.33239	76.28866	76.35119	76.39061	76.24552	76.40615	76.21362	76.40982	76.57825	76.30174	76.53913	76.51056
6/3/2025	1:16:44 PM	76.31164	76.22741	76.33173	76.28804	76.35135	76.39062	76.24550	76.40567	76.21351	76.40971	76.57780	76.30112	76.53961	76.51102
6/3/2025	1:16:47 PM	76.31229	76.22751	76.33283	76.28856	76.35120	76.39054	76.24551	76.40553	76.21347	76.40975	76.57792	76.30219	76.53953	76.51065
6/3/2025	1:16:51 PM	76.31171	76.22677	76.33251	76.28857	76.35123	76.39027	76.24519	76.40561	76.21336	76.40964	76.57795	76.30157	76.53928	76.51041
6/3/2025	1:16:54 PM	76.31190	76.22716	76.33237	76.28848	76.35121	76.39033	76.24507	76.40583	76.21346	76.40967	76.57813	76.30190	76.53952	76.51059
6/3/2025	1:16:58 PM	76.31181	76.22737	76.33232	76.28848	76.35125	76.39021	76.24546	76.40562	76.21354	76.40993	76.57816	76.30211	76.53947	76.51060
6/3/2025	1:17:01 PM	76.31216	76.22744	76.33236	76.28829	76.35081	76.39014	76.24533	76.40604	76.21360	76.41000	76.57786	76.30190	76.53931	76.51093
6/3/2025	1:17:05 PM	76.31183	76.22715	76.33266	76.28817	76.35113	76.39060	76.24559	76.40574	76.21341	76.40969	76.57778	76.30171	76.53950	76.51072
6/3/2025	1:17:09 PM	76.31225	76.22743	76.33226	76.28825	76.35131	76.39030	76.24556	76.40572	76.21340	76.40974	76.57802	76.30218	76.53964	76.51095
6/3/2025	1:17:12 PM	76.31231	76.22747	76.33211	76.28831	76.35114	76.39051	76.24535	76.40575	76.21353	76.40972	76.57796	76.30230	76.53984	76.51087
6/3/2025	1:17:16 PM	76.31210	76.22741	76.33275	76.28855	76.35130	76.39069	76.24539	76.40531	76.21374	76.41009	76.57782	76.30155	76.53962	76.51076
6/3/2025	1:17:19 PM	76.31253	76.22761	76.33236	76.28866	76.35174	76.39076	76.24558	76.40586	76.21314	76.40927	76.57758	76.30170	76.53946	76.51038
6/3/2025	1:17:23 PM	76.31187	76.22705	76.33260	76.28862	76.35150	76.39045	76.24515	76.40550	76.21311	76.40954	76.57775	76.30186	76.53934	76.51059
6/3/2025	1:17:27 PM	76.31200	76.22698	76.33225	76.28862	76.35140	76.39023	76.24529	76.40591	76.21336	76.40941	76.57809	76.30197	76.53951	76.51086
6/3/2025	1:17:30 PM	76.31203	76.22733	76.33235	76.28812	76.35134	76.39048	76.24556	76.40596	76.21349	76.40971	76.57821	76.30220	76.53941	76.51092
6/3/2025	1:17:34 PM	76.31234	76.22764	76.33281	76.28864	76.35107	76.39035	76.24516	76.40577	76.21378	76.41009	76.57818	76.30178	76.53947	76.51107
6/3/2025	1:17:37 PM	76.31245	76.22743	76.33253	76.28862	76.35154	76.39030	76.24552	76.40619	76.21332	76.40948	76.57818	76.30181	76.53955	76.51119
6/3/2025	1:17:41 PM	76.31221	76.22704	76.33204	76.28839	76.35141	76.39026	76.24556	76.40604	76.21401	76.40983	76.57854	76.30211	76.53954	76.51106
6/3/2025	1:17:45 PM	76.31237	76.22746	76.33244	76.28852	76.35132	76.39076	76.24584	76.40627	76.21382	76.40994	76.57796	76.30171	76.53968	76.51087
6/3/2025	1:17:48 PM	76.31239	76.22764	76.33228	76.28850	76.35138	76.39096	76.24566	76.40606	76.21381	76.40999	76.57806	76.30208	76.53978	76.51152
6/3/2025	1:17:52 PM	76.31269	76.22764	76.33265	76.28865	76.35144	76.39085	76.24600	76.40654	76.21384	76.41003	76.57846	76.30200	76.53982	76.51161
6/3/2025	1:17:55 PM	76.31254	76.22765	76.33268	76.28864	76.35186	76.39084	76.24587	76.40651	76.21416	76.40994	76.57881	76.30237	76.54019	76.51167
6/3/2025	1:17:59 PM	76.31307	76.22794	76.33276	76.28892	76.35169	76.39106	76.24575	76.40612	76.21417	76.41034	76.57861	76.30212	76.53968	76.51126
6/3/2025	1:18:02 PM	76.31268	76.22809	76.33311	76.28878	76.35125	76.39083	76.24582	76.40661	76.21399	76.40994	76.57862	76.30196	76.53947	76.51127
6/3/2025	1:18:06 PM	76.31288	76.22762	76.33320	76.28935	76.35161	76.39066	76.24596	76.40631	76.21406	76.41035	76.57861	76.30226	76.54013	76.51123
6/3/2025	1:18:10 PM	76.31229	76.22769	76.33271	76.28905	76.35157	76.39081	76.24593	76.40635	76.21397	76.41022	76.57868	76.30237	76.54011	76.51136
6/3/2025	1:18:13 PM	76.31283	76.22817	76.33332	76.28932	76.35217	76.39120	76.24602	76.40651	76.21407	76.41024	76.57816	76.30219	76.54050	76.51198
6/3/2025	1:18:17 PM	76.31241	76.22800	76.33308	76.28925	76.35189	76.39118	76.24635	76.40675	76.21432	76.41051	76.57863	76.30292	76.54063	76.51188
6/3/2025	1:18:21 PM	76.31299	76.22840	76.33355	76.28950	76.35217	76.39164	76.24687	76.40716	76.21441	76.41117	76.57885	76.30271	76.54031	76.51199
6/3/2025	1:18:24 PM	76.31295	76.22796	76.33347	76.28934	76.35241	76.39124	76.24648	76.40699	76.21412	76.41040	76.57830	76.30250	76.54026	76.51158
6/3/2025	1:18:28 PM	76.31266	76.22829	76.33295	76.28913	76.35231	76.39134	76.24627	76.40674	76.21457	76.41014	76.57876	76.30264	76.54025	76.51178
6/3/2025	1:18:31 PM	76.31313	76.22814	76.33326	76.28954	76.35233	76.39107	76.24602	76.40686	76.21424	76.41069	76.57923	76.30331	76.54077	76.51161
6/3/2025	1:18:35 PM	76.31302	76.22815	76.33334	76.28947	76.35230	76.39116	76.24654	76.40698	76.21412	76.41044	76.57860	76.30245	76.54017	76.51193
6/3/2025	1:18:38 PM	76.31342	76.22834	76.33321	76.28903	76.35202	76.39114	76.24641	76.40636	76.21419	76.41080	76.57893	76.30291	76.53982	76.51133
6/3/2025	1:18:42 PM	76.31319	76.22792	76.33298	76.28926	76.35223	76.39132	76.24629	76.40654	76.21434	76.41110	76.57843	76.30273	76.54023	76.51181
6/3/2025	1:18:45 PM	76.31301	76.22812	76.33314	76.28905	76.35205	76.39087	76.24656	76.40649	76.21435	76.41079	76.57862	76.30284	76.54040	76.51184
6/3/2025	1:18:49 PM	76.31299	76.22775	76.33331	76.28891	76.35203	76.39129	76.24645	76.40687	76.21466	76.41050	76.57893	76.30284	76.54083	76.51213
6/3/2025	1:18:53 PM	76.31304	76.22862	76.33321	76.28920	76.35243	76.39125	76.24645	76.40672	76.21430	76.41094	76.57902	76.30298	76.54074	76.51162
6/3/2025	1:18:56 PM	76.31318	76.22829	76.33389	76.28946	76.35226	76.39131	76.24640	76.40695	76.21452	76.41075	76.57896	76.30264	76.54022	76.51159
6/3/2025	1:19:00 PM	76.31255	76.22821	76.33322	76.28907	76.35205	76.39117	76.24653	76.40711	76.21441	76.41076	76.57890	76.30264	76.54048	76.51187
6/3/2025	1:19:03 PM	76.31307	76.22847	76.33361	76.28934	76.35190	76.39085	76.24625	76.40713	76.21485	76.41114	76.57946	76.30295	76.54027	76.51202
6/3/2025	1:19:07 PM	76.31376	76.22827	76.33354	76.28922	76.35222	76.39137	76.24686	76.40694	76.21469	76.41109	76.57940	76.30283	76.54075	76.51203
6/3/2025	1:19:11 PM	76.31348	76.22815	76.33329	76.28961	76.35233	76.39138	76.24664	76.40681	76.21443	76.41106	76.57933	76.30271	76.54080	76.51187
6/3/2025	1:19:14 PM	76.31360	76.22879	76.33371	76.28993	76.35257	76.39133	76.24680	76.40725	76.21479	76.41106	76.57954	76.30332	76.54106	76.51242
6/3/2025	1:19:18 PM	76.31400	76.22881	76.33364	76.28973	76.35273	76.39159	76.24692	76.40722	76.21521	76.41126	76.57897	76.30318	76.54079	76.51269
6/3/2025	1:19:21 PM	76.31404	76.22881	76.33394	76.29001	76.35272	76.39157	76.24715	76.40703	76.21454	76.41111	76.57943	76.30326	76.54057	76.51239
6/3/2025	1:19:25 PM	76.31372	76.22870	76.33374	76.28954	76.35211	76.39141	76.24653	76.40686	76.21439	76.41075	76.57909	76.30296	76.54078	76.51221
6/3/2025	1:19:28 PM	76.31322	76.22863	76.33376	76.28920	76.35238	76.39112	76.24662	76.40671	76.21453	76.41038	76.57890	76.30260	76.54049	76.51193
6/3/2025	1:19:32 PM	76.31314	76.22836	76.33373	76.28961	76.35271	76.39135	76.24672	76.40706	76.21452	76.41066	76.57888	76.30279	76.54041	76.51212
6/3/2025	1:19:36 PM	76.31319	76.22857	76.33376	76.28992	76.35222	76.39152	76.24660	76.40706	76.21455	76.41111	76.57945	76.30323	76.54044	76.51215
6/3/2025	1:19:39 PM	76.31346	76.22870	76.33343	76.29011	76.35254	76.39148	76.24662	76.40671	76.21446	76.41092	76.57875	76.30259	76.54059	76.51171
6/3/2025	1:19:43 PM	76.31333	76.22838	76.33346	76.28947	76.35217	76.39138	76.24650	76.40695	76.21437	76.41083	76.57900	76.30282	76.54067	76.51220
6/3/2025	1:19:46 PM	76.31321	76.22889	76.33390	76.28934	76.35214	76.39111	76.24639	76.40668	76.21424	76.41088	76.57902	76.30264	76.54037	76.51189
6/3/2025	1:19:50 PM	76.31355	76.22858	76.33341	76.28967	76.35252	76.39152	76.24674	76.40755	76.21466	76.41157	76.57924	76.30291	76.54061	76.51205
6/3/2025	1:19:53 PM	76.31360	76.22843	76.33339	76.28969	76.35228	76.39150	76.24685	76.40679	76.21428	76.41096	76.57908	76.30318	76.54071	76.51249
6/3/2025	1:19:57 PM	76.31407	76.22873	76.33350	76.28979	76.35242	76.39151	76.24707	76.40723	76.21463	76.41102	76.57919	76.30320	76.54105	76.51231
6/3/2025	1:20:01 PM	76.31351	76.22861	76.33335	76.28945	76.35236	76.39188	76.24696	76.40692	76.21473	76.41096	76.57921	76.30307	76.54123	76.51263
6/3/2025	1:20:04 PM	76.31405	76.22906	76.33414	76.29005	76.35245	76.39188	76.24708	76.40715	76.21474	76.41105	76.57934	76.30328	76.54068	76.51243
6/3/2025	1:20:08 PM	76.31371	76.22902	76.33410	76.29031	76.35300	76.39193	76.24707	76.40767	76.21482	76.41177	76.57960	76.30368	76.54093	76.51252
6/3/2025	1:20:11 PM	76.31385	76.22856	76.33382	76.28958	76.35236	76.39151	76.24691	76.40719	76.21472	76.41089	76.57923	76.30355	76.54097	76.51227
6/3/2025	1:20:15 PM	76.31383	76.22884	76.33375	76.28973	76.35266	76.39155	76.24721	76.40714	76.21474	76.41103	76.57960	76.30320	76.54074	76.51206
6/3/2025	1:20:19 PM	76.31391	76.22886	76.33392	76.28986	76.35254	76.39127	76.24727	76.40755	76.21469	76.41127	76.57966	76.30356	76.54102	76.51236
6/3/2025	1:20:22 PM	76.31423	76.22912	76.33377	76.28991	76.35289	76.39192	76.24716	76.40731	76.21466	76.41108	76.57805	76.30273	76.54025	76.51204
6/3/2025	1:20:26 PM	76.31373	76.22898	76.33408	76.28999	76.35270	76.39164	76.24709	76.40735	76.21478	76.41133	76.57943	76.30315	76.54124	76.51226
6/3/2025	1:20:29 PM	76.31367	76.22897	76.33376	76.29005	76.35301	76.39177	76.24681	76.40717	76.21463	76.41101	76.57937	76.30379	76.54134	76.51272
6/3/2025	1:20:33 PM	76.31426	76.22929	76.33423	76.29017	76.35311	76.39205	76.24719	76.40765	76.21518	76.41171	76.57934	76.30352	76.54131	76.51300
6/3/2025	1:20:37 PM	76.31432	76.22903	76.33406	76.29029	76.35314	76.39196	76.24721	76.40758	76.21490	76.41115	76.57944	76.30359	76.54070	76.51242
6/3/2025	1:20:40 PM	76.31393	76.22898	76.33397	76.29005	76.35284	76.39216	76.24712	76.40742	76.21486	76.41128	76.57993	76.30359	76.54106	76.51288
6/3/2025	1:20:44 PM	76.31433	76.22920	76.33413	76.29018	76.35300	76.39207	76.24728	76.40743	76.21505	76.41142	76.57978	76.30367	76.54140	76.51284
6/3/2025	1:20:47 PM	76.31417	76.22918	76.33401	76.29049	76.35317	76.39193	76.24731	76.40794	76.21492	76.41155	76.57974	76.30365	76.54105	76.51257
6/3/2025	1:20:51 PM	76.31424	76.22935	76.33410	76.29047	76.35313	76.39196	76.24714	76.40775	76.21549	76.41169	76.57984	76.30386	76.54119	76.51262
6/3/2025	1:20:55 PM	76.31462	76.22919	76.33409	76.29042	76.35306	76.39192	76.24742	76.40807	76.21547	76.41127	76.57954	76.30366	76.54077	76.51287
6/3/2025	1:20:58 PM	76.31420	76.22926	76.33426	76.29009	76.35318	76.39215	76.24727	76.40772	76.21502	76.41180	76.57987	76.30387	76.54146	76.51290
6/3/2025	1:21:02 PM	76.31431	76.22944	76.33482	76.29024	76.35333	76.39273	76.24742	76.40784	76.21520	76.41140	76.57972	76.30385	76.54089	76.51235
6/3/2025	1:21:05 PM	76.31329	76.22905	76.33382	76.28970	76.35218	76.39138	76.24715	76.40739	76.21465	76.41129	76.57909	76.30303	76.54089	76.51248
6/3/2025	1:21:09 PM	76.31384	76.22892	76.33370	76.28974	76.35239	76.39169	76.24673	76.40692	76.21415	76.41077	76.57952	76.30322	76.54043	76.51245
6/3/2025	1:21:12 PM	76.31387	76.22874	76.33387	76.28981	76.35235	76.39127	76.24662	76.40699	76.21444	76.41090	76.57933	76.30308	76.54060	76.51227
6/3/2025	1:21:16 PM	76.31362	76.22830	76.33339	76.28949	76.35261	76.39174	76.24704	76.40742	76.21418	76.41136	76.57955	76.30359	76.54074	76.51283
6/3/2025	1:21:19 PM	76.31435	76.22876	76.33359	76.28974	76.35227	76.39175	76.24718	76.40736	76.21471	76.41187	76.57962	76.30352	76.54119	76.51278
6/3/2025	1:21:23 PM	76.31422	76.22862	76.33420	76.28999	76.35283	76.39190	76.24693	76.40715	76.21469	76.41139	76.57961	76.30340	76.54084	76.51237
6/3/2025	1:21:27 PM	76.31426	76.22935	76.33383	76.28993	76.35310	76.39169	76.24757	76.40769	76.21516	76.41146	76.57951	76.30368	76.54145	76.51282
6/3/2025	1:21:30 PM	76.31451	76.22923	76.33371	76.28986	76.35294	76.39210	76.24717	76.40765	76.21514	76.41138	76.57935	76.30350	76.54091	76.51254
6/3/2025	1:21:34 PM	76.31394	76.22943	76.33407	76.29018	76.35277	76.39234	76.24705	76.40722	76.21496	76.41135	76.57968	76.30333	76.54110	76.51275
6/3/2025	1:21:37 PM	76.31406	76.22936	76.33426	76.28968	76.35282	76.39201	76.24723	76.40751	76.21484	76.41127	76.57941	76.30355	76.54121	76.51308
6/3/2025	1:21:41 PM	76.31403	76.22894	76.33441	76.28994	76.35291	76.39197	76.24730	76.40750	76.21499	76.41122	76.57980	76.30376	76.54104	76.51262
6/3/2025	1:21:44 PM	76.31426	76.22899	76.33406	76.29000	76.35319	76.39162	76.24757	76.40760	76.21508	76.41137	76.57998	76.30392	76.54138	76.51306
6/3/2025	1:21:48 PM	76.31415	76.22917	76.33384	76.28977	76.35269	76.39189	76.24721	76.40759	76.21532	76.41179	76.57986	76.30370	76.54113	76.51309
6/3/2025	1:21:52 PM	76.31436	76.22922	76.33390	76.28979	76.35289	76.39158	76.24693	76.40722	76.21441	76.41100	76.57927	76.30330	76.54067	76.51218
6/3/2025	1:21:55 PM	76.31404	76.22883	76.33354	76.28981	76.35302	76.39137	76.24704	76.40739	76.21489	76.41156	76.57939	76.30413	76.54119	76.51296
6/3/2025	1:21:59 PM	76.31439	76.22911	76.33380	76.29023	76.35315	76.39188	76.24767	76.40758	76.21549	76.41203	76.57981	76.30364	76.54104	76.51297
6/3/2025	1:22:02 PM	76.31443	76.22908	76.33410	76.28965	76.35274	76.39185	76.24765	76.40771	76.21495	76.41162	76.57973	76.30381	76.54144	76.51277
6/3/2025	1:22:06 PM	76.31490	76.22957	76.33391	76.29032	76.35299	76.39151	76.24695	76.40752	76.21503	76.41127	76.57985	76.30372	76.54130	76.51311
6/3/2025	1:22:09 PM	76.31461	76.22946	76.33437	76.29035	76.35298	76.39180	76.24737	76.40757	76.21532	76.41127	76.57998	76.30401	76.54142	76.51277
6/3/2025	1:22:13 PM	76.31463	76.22958	76.33461	76.29059	76.35330	76.39226	76.24740	76.40754	76.21542	76.41220	76.58007	76.30428	76.54173	76.51307
6/3/2025	1:22:17 PM	76.31452	76.22967	76.33433	76.29045	76.35311	76.39201	76.24745	76.40781	76.21544	76.41189	76.58018	76.30421	76.54175	76.51319
6/3/2025	1:22:20 PM	76.31475	76.22965	76.33439	76.29050	76.35289	76.39229	76.24759	76.40761	76.21523	76.41146	76.57973	76.30404	76.54185	76.51303
6/3/2025	1:22:24 PM	76.31472	76.22921	76.33436	76.29028	76.35316	76.39234	76.24732	76.40783	76.21543	76.41210	76.57996	76.30421	76.54158	76.51319
6/3/2025	1:22:28 PM	76.31504	76.23018	76.33474	76.29083	76.35355	76.39209	76.24768	76.40753	76.21539	76.41201	76.58028	76.30434	76.54165	76.51327
6/3/2025	1:22:31 PM	76.31484	76.22942	76.33459	76.29050	76.35332	76.39253	76.24797	76.40813	76.21540	76.41192	76.58029	76.30464	76.54190	76.51348
6/3/2025	1:22:35 PM	76.31501	76.22991	76.33481	76.29072	76.35352	76.39249	76.24773	76.40767	76.21528	76.41200	76.58019	76.30455	76.54177	76.51333
6/3/2025	1:22:38 PM	76.31469	76.23007	76.33486	76.29091	76.35307	76.39223	76.24748	76.40809	76.21558	76.41223	76.58060	76.30498	76.54181	76.51326
6/3/2025	1:22:42 PM	76.31489	76.23018	76.33493	76.29052	76.35347	76.39217	76.24710	76.40799	76.21541	76.41175	76.58038	76.30459	76.54146	76.51311
6/3/2025	1:22:45 PM	76.31524	76.22964	76.33441	76.29034	76.35315	76.39226	76.24765	76.40771	76.21579	76.41250	76.58079	76.30517	76.54227	76.51356
6/3/2025	1:22:49 PM	76.31523	76.22991	76.33498	76.29074	76.35388	76.39257	76.24784	76.40835	76.21621	76.41250	76.58075	76.30504	76.54202	76.51356
6/3/2025	1:22:52 PM	76.31564	76.23018	76.33482	76.29087	76.35329	76.39234	76.24774	76.40774	76.21572	76.41243	76.58043	76.30444	76.54178	76.51318
6/3/2025	1:22:56 PM	76.31545	76.23022	76.33524	76.29109	76.35362	76.39307	76.24789	76.40809	76.21568	76.41185	76.58016	76.30447	76.54197	76.51357
6/3/2025	1:23:00 PM	76.31519	76.23027	76.33497	76.29087	76.35374	76.39283	76.24835	76.40817	76.21566	76.41185	76.58053	76.30429	76.54210	76.51355
6/3/2025	1:23:03 PM	76.31501	76.22994	76.33464	76.29091	76.35370	76.39287	76.24819	76.40824	76.21606	76.41200	76.58045	76.30477	76.54194	76.51360
6/3/2025	1:23:07 PM	76.31515	76.23042	76.33512	76.29119	76.35379	76.39313	76.24780	76.40831	76.21567	76.41198	76.58011	76.30430	76.54209	76.51356
6/3/2025	1:23:10 PM	76.31478	76.23002	76.33478	76.29073	76.35344	76.39226	76.24747	76.40785	76.21521	76.41232	76.58016	76.30454	76.54183	76.51363
6/3/2025	1:23:14 PM	76.31486	76.23002	76.33491	76.29088	76.35391	76.39281	76.24791	76.40856	76.21569	76.41216	76.58038	76.30435	76.54199	76.51343
6/3/2025	1:23:18 PM	76.31551	76.23034	76.33549	76.29116	76.35394	76.39305	76.24826	76.40856	76.21611	76.41293	76.58094	76.30487	76.54225	76.51366
6/3/2025	1:23:21 PM	76.31564	76.23049	76.33532	76.29123	76.35370	76.39253	76.24814	76.40824	76.21578	76.41232	76.58075	76.30491	76.54218	76.51354
6/3/2025	1:23:25 PM	76.31543	76.23060	76.33528	76.29118	76.35413	76.39331	76.24845	76.40925	76.21623	76.41302	76.58115	76.30563	76.54249	76.51429
6/3/2025	1:23:28 PM	76.31622	76.23106	76.33537	76.29124	76.35394	76.39335	76.24893	76.40918	76.21627	76.41268	76.58098	76.30519	76.54236	76.51399
6/3/2025	1:23:32 PM	76.31604	76.23088	76.33498	76.29137	76.35424	76.39318	76.24849	76.40883	76.21635	76.41306	76.58087	76.30521	76.54239	76.51408
6/3/2025	1:23:35 PM	76.31623	76.23048	76.33545	76.29151	76.35383	76.39280	76.24858	76.40887	76.21617	76.41302	76.58096	76.30587	76.54288	76.51431
6/3/2025	1:23:39 PM	76.31611	76.23068	76.33565	76.29138	76.35429	76.39326	76.24885	76.40925	76.21642	76.41290	76.58138	76.30539	76.54250	76.51413
6/3/2025	1:23:42 PM	76.31586	76.23063	76.33571	76.29153	76.35402	76.39318	76.24842	76.40876	76.21600	76.41227	76.58099	76.30512	76.54215	76.51371
6/3/2025	1:23:46 PM	76.31566	76.23050	76.33537	76.29126	76.35379	76.39310	76.24840	76.40905	76.21610	76.41223	76.58088	76.30509	76.54225	76.51381
6/3/2025	1:23:49 PM	76.31602	76.23081	76.33559	76.29134	76.35392	76.39278	76.24799	76.40813	76.21583	76.41248	76.58039	76.30505	76.54211	76.51361
6/3/2025	1:23:53 PM	76.31542	76.23048	76.33560	76.29127	76.35372	76.39272	76.24798	76.40851	76.21583	76.41224	76.58057	76.30473	76.54200	76.51391
6/3/2025	1:23:57 PM	76.31533	76.23053	76.33531	76.29094	76.35396	76.39278	76.24799	76.40873	76.21604	76.41218	76.58055	76.30475	76.54212	76.51337
6/3/2025	1:24:00 PM	76.31511	76.23022	76.33498	76.29102	76.35394	76.39268	76.24820	76.40820	76.21582	76.41252	76.58089	76.30518	76.54211	76.51331
6/3/2025	1:24:04 PM	76.31544	76.23023	76.33535	76.29122	76.35416	76.39277	76.24782	76.40826	76.21595	76.41260	76.58079	76.30519	76.54226	76.51406
6/3/2025	1:24:07 PM	76.31574	76.23053	76.33542	76.29092	76.35383	76.39290	76.24827	76.40845	76.21606	76.41256	76.58101	76.30534	76.54219	76.51404
6/3/2025	1:24:11 PM	76.31503	76.23053	76.33531	76.29111	76.35369	76.39256	76.24815	76.40836	76.21595	76.41271	76.58097	76.30527	76.54236	76.51410
6/3/2025	1:24:15 PM	76.31539	76.23054	76.33499	76.29072	76.35344	76.39263	76.24769	76.40877	76.21594	76.41248	76.58107	76.30520	76.54215	76.51377
6/3/2025	1:24:18 PM	76.31523	76.23013	76.33519	76.29083	76.35398	76.39230	76.24798	76.40835	76.21581	76.41282	76.58077	76.30490	76.54216	76.51385
6/3/2025	1:24:22 PM	76.31521	76.23032	76.33532	76.29109	76.35383	76.39271	76.24826	76.40883	76.21618	76.41213	76.58035	76.30462	76.54225	76.51374
6/3/2025	1:24:25 PM	76.31551	76.23025	76.33508	76.29108	76.35366	76.39274	76.24805	76.40864	76.21566	76.41281	76.58043	76.30512	76.54195	76.51359
6/3/2025	1:24:29 PM	76.31554	76.23048	76.33494	76.29118	76.35398	76.39288	76.24844	76.40891	76.21625	76.41270	76.58078	76.30533	76.54210	76.51382
6/3/2025	1:24:32 PM	76.31549	76.23032	76.33514	76.29109	76.35397	76.39295	76.24826	76.40861	76.21613	76.41232	76.58099	76.30543	76.54247	76.51364
6/3/2025	1:24:36 PM	76.31582	76.23071	76.33515	76.29113	76.35376	76.39283	76.24826	76.40901	76.21653	76.41293	76.58128	76.30553	76.54219	76.51370
6/3/2025	1:24:40 PM	76.31566	76.23057	76.33517	76.29138	76.35396	76.39315	76.24818	76.40871	76.21603	76.41279	76.58119	76.30536	76.54222	76.51364
6/3/2025	1:24:43 PM	76.31569	76.23075	76.33521	76.29081	76.35379	76.39273	76.24822	76.40885	76.21598	76.41269	76.58092	76.30526	76.54221	76.51402
6/3/2025	1:24:47 PM	76.31581	76.23066	76.33545	76.29082	76.35388	76.39289	76.24801	76.40871	76.21682	76.41292	76.58072	76.30559	76.54257	76.51388
6/3/2025	1:24:50 PM	76.31593	76.23107	76.33518	76.29138	76.35426	76.39293	76.24862	76.40912	76.21669	76.41293	76.58120	76.30518	76.54220	76.51404
6/3/2025	1:24:54 PM	76.31606	76.23027	76.33565	76.29097	76.35358	76.39255	76.24796	76.40869	76.21617	76.41227	76.58060	76.30534	76.54226	76.51367
6/3/2025	1:24:57 PM	76.31581	76.23080	76.33525	76.29150	76.35369	76.39297	76.24774	76.40830	76.21606	76.41250	76.58093	76.30563	76.54237	76.51375
6/3/2025	1:25:01 PM	76.31582	76.23067	76.33559	76.29098	76.35418	76.39267	76.24819	76.40873	76.21600	76.41252	76.58083	76.30508	76.54172	76.51341
6/3/2025	1:25:05 PM	76.31542	76.23049	76.33506	76.29082	76.35366	76.39265	76.24823	76.40897	76.21627	76.41227	76.58105	76.30543	76.54198	76.51372
6/3/2025	1:25:08 PM	76.31594	76.23046	76.33487	76.29085	76.35356	76.39255	76.24766	76.40854	76.21580	76.41289	76.58094	76.30563	76.54231	76.51393
6/3/2025	1:25:12 PM	76.31538	76.23049	76.33530	76.29090	76.35390	76.39239	76.24786	76.40868	76.21605	76.41286	76.58076	76.30557	76.54172	76.51395
6/3/2025	1:25:15 PM	76.31590	76.23062	76.33516	76.29149	76.35374	76.39312	76.24803	76.40927	76.21640	76.41317	76.58136	76.30580	76.54258	76.51386
6/3/2025	1:25:19 PM	76.31583	76.23044	76.33541	76.29089	76.35390	76.39269	76.24767	76.40855	76.21618	76.41241	76.58097	76.30566	76.54245	76.51417
6/3/2025	1:25:22 PM	76.31532	76.23045	76.33516	76.29133	76.35384	76.39251	76.24790	76.40847	76.21628	76.41275	76.58102	76.30581	76.54189	76.51379
6/3/2025	1:25:26 PM	76.31548	76.23071	76.33523	76.29122	76.35388	76.39319	76.24832	76.40887	76.21623	76.41265	76.58112	76.30553	76.54221	76.51417
6/3/2025	1:25:30 PM	76.31579	76.23064	76.33567	76.29139	76.35429	76.39297	76.24855	76.40894	76.21619	76.41300	76.58080	76.30549	76.54218	76.51379
6/3/2025	1:25:33 PM	76.31581	76.23090	76.33513	76.29090	76.35399	76.39273	76.24822	76.40822	76.21614	76.41234	76.58035	76.30520	76.54210	76.51381
6/3/2025	1:25:37 PM	76.31538	76.23046	76.33508	76.29094	76.35351	76.39248	76.24781	76.40880	76.21601	76.41237	76.58078	76.30528	76.54176	76.51331
6/3/2025	1:25:40 PM	76.31573	76.23024	76.33510	76.29099	76.35367	76.39252	76.24809	76.40859	76.21605	76.41229	76.58049	76.30527	76.54172	76.51348
6/3/2025	1:25:44 PM	76.31531	76.23014	76.33489	76.29065	76.35347	76.39243	76.24800	76.40814	76.21572	76.41200	76.58076	76.30534	76.54182	76.51399
6/3/2025	1:25:48 PM	76.31539	76.23021	76.33491	76.29021	76.35309	76.39268	76.24780	76.40851	76.21560	76.41247	76.58052	76.30524	76.54211	76.51371
6/3/2025	1:25:51 PM	76.31563	76.23022	76.33556	76.29064	76.35391	76.39233	76.24758	76.40834	76.21573	76.41215	76.58036	76.30485	76.54183	76.51321
6/3/2025	1:25:55 PM	76.31504	76.23040	76.33508	76.29080	76.35279	76.39234	76.24804	76.40836	76.21556	76.41263	76.58043	76.30533	76.54190	76.51347
6/3/2025	1:25:58 PM	76.31583	76.23042	76.33496	76.29115	76.35340	76.39225	76.24742	76.40812	76.21536	76.41217	76.58090	76.30530	76.54200	76.51357
6/3/2025	1:26:02 PM	76.31595	76.23075	76.33516	76.29099	76.35349	76.39250	76.24797	76.40855	76.21594	76.41301	76.58111	76.30559	76.54230	76.51421
6/3/2025	1:26:05 PM	76.31578	76.23085	76.33552	76.29136	76.35392	76.39300	76.24822	76.40858	76.21611	76.41273	76.58097	76.30565	76.54231	76.51430
6/3/2025	1:26:09 PM	76.31573	76.23076	76.33566	76.29124	76.35388	76.39296	76.24840	76.40879	76.21640	76.41304	76.58131	76.30582	76.54225	76.51417
6/3/2025	1:26:12 PM	76.31586	76.23097	76.33542	76.29081	76.35371	76.39260	76.24786	76.40878	76.21615	76.41240	76.58092	76.30580	76.54243	76.51429
6/3/2025	1:26:16 PM	76.31573	76.23061	76.33518	76.29063	76.35400	76.39275	76.24809	76.40861	76.21600	76.41235	76.58056	76.30547	76.54230	76.51366
6/3/2025	1:26:20 PM	76.31517	76.23029	76.33467	76.29058	76.35374	76.39278	76.24819	76.40858	76.21597	76.41265	76.58090	76.30548	76.54221	76.51358
6/3/2025	1:26:23 PM	76.31556	76.23027	76.33502	76.29067	76.35354	76.39278	76.24773	76.40867	76.21624	76.41231	76.58065	76.30519	76.54193	76.51386
6/3/2025	1:26:27 PM	76.31564	76.23046	76.33527	76.29076	76.35353	76.39293	76.24810	76.40913	76.21641	76.41253	76.58081	76.30529	76.54216	76.51358
6/3/2025	1:26:30 PM	76.31558	76.23070	76.33514	76.29081	76.35330	76.39229	76.24785	76.40888	76.21607	76.41276	76.58059	76.30529	76.54161	76.51393
6/3/2025	1:26:34 PM	76.31558	76.23058	76.33492	76.29094	76.35296	76.39265	76.24751	76.40862	76.21587	76.41212	76.58095	76.30544	76.54168	76.51375
6/3/2025	1:26:38 PM	76.31616	76.23112	76.33497	76.29102	76.35325	76.39245	76.24804	76.40868	76.21596	76.41290	76.58104	76.30533	76.54189	76.51365
6/3/2025	1:26:41 PM	76.31595	76.23060	76.33532	76.29113	76.35361	76.39235	76.24738	76.40833	76.21630	76.41278	76.58080	76.30584	76.54206	76.51385
6/3/2025	1:26:45 PM	76.31564	76.23070	76.33507	76.29040	76.35366	76.39252	76.24772	76.40856	76.21543	76.41237	76.58107	76.30534	76.54193	76.51381
6/3/2025	1:26:48 PM	76.31592	76.23036	76.33503	76.29111	76.35380	76.39230	76.24832	76.40863	76.21590	76.41293	76.58118	76.30571	76.54236	76.51396
6/3/2025	1:26:52 PM	76.31580	76.23060	76.33536	76.29110	76.35350	76.39284	76.24804	76.40881	76.21625	76.41321	76.58144	76.30607	76.54232	76.51420
6/3/2025	1:26:56 PM	76.31613	76.23070	76.33566	76.29153	76.35389	76.39284	76.24803	76.40902	76.21630	76.41305	76.58165	76.30582	76.54261	76.51390
6/3/2025	1:26:59 PM	76.31593	76.23075	76.33520	76.29125	76.35373	76.39295	76.24801	76.40876	76.21625	76.41273	76.58117	76.30608	76.54274	76.51413
6/3/2025	1:27:03 PM	76.31597	76.23076	76.33534	76.29117	76.35380	76.39277	76.24831	76.40890	76.21612	76.41255	76.58099	76.30580	76.54220	76.51436
6/3/2025	1:27:06 PM	76.31646	76.23110	76.33549	76.29119	76.35386	76.39280	76.24783	76.40881	76.21641	76.41287	76.58126	76.30598	76.54235	76.51389
6/3/2025	1:27:10 PM	76.31632	76.23086	76.33521	76.29086	76.35336	76.39267	76.24816	76.40904	76.21652	76.41273	76.58148	76.30576	76.54241	76.51430
6/3/2025	1:27:13 PM	76.31606	76.23091	76.33506	76.29095	76.35379	76.39273	76.24822	76.40876	76.21618	76.41277	76.58125	76.30600	76.54263	76.51426
6/3/2025	1:27:17 PM	76.31644	76.23064	76.33529	76.29091	76.35369	76.39279	76.24807	76.40875	76.21612	76.41271	76.58124	76.30617	76.54247	76.51420
6/3/2025	1:27:21 PM	76.31625	76.23093	76.33528	76.29101	76.35365	76.39235	76.24799	76.40894	76.21669	76.41255	76.58138	76.30609	76.54217	76.51390
6/3/2025	1:27:24 PM	76.31574	76.23063	76.33523	76.29085	76.35322	76.39303	76.24789	76.40896	76.21589	76.41271	76.58132	76.30602	76.54239	76.51413
6/3/2025	1:27:28 PM	76.31593	76.23071	76.33502	76.29074	76.35349	76.39297	76.24802	76.40865	76.21597	76.41246	76.58123	76.30628	76.54259	76.51415
6/3/2025	1:27:31 PM	76.31653	76.23095	76.33562	76.29152	76.35350	76.39335	76.24830	76.40870	76.21656	76.41277	76.58090	76.30553	76.54258	76.51415
6/3/2025	1:27:35 PM	76.31633	76.23082	76.33539	76.29093	76.35381	76.39304	76.24870	76.40957	76.21622	76.41291	76.58118	76.30564	76.54260	76.51462
6/3/2025	1:27:39 PM	76.31652	76.23085	76.33549	76.29122	76.35413	76.39312	76.24831	76.40897	76.21678	76.41315	76.58181	76.30625	76.54277	76.51460
6/3/2025	1:27:42 PM	76.31640	76.23113	76.33521	76.29111	76.35375	76.39291	76.24839	76.40900	76.21656	76.41306	76.58150	76.30634	76.54267	76.51476
6/3/2025	1:27:46 PM	76.31660	76.23160	76.33600	76.29183	76.35445	76.39314	76.24881	76.40947	76.21708	76.41357	76.58180	76.30624	76.54273	76.51457
6/3/2025	1:27:49 PM	76.31631	76.23137	76.33568	76.29106	76.35393	76.39284	76.24817	76.40938	76.21668	76.41328	76.58211	76.30619	76.54289	76.51476
6/3/2025	1:27:53 PM	76.31651	76.23159	76.33588	76.29135	76.35388	76.39269	76.24836	76.40955	76.21697	76.41348	76.58187	76.30646	76.54264	76.51488
6/3/2025	1:27:56 PM	76.31703	76.23146	76.33572	76.29128	76.35377	76.39310	76.24828	76.40927	76.21658	76.41291	76.58160	76.30612	76.54326	76.51448
6/3/2025	1:28:00 PM	76.31693	76.23160	76.33531	76.29132	76.35402	76.39320	76.24832	76.40925	76.21677	76.41309	76.58108	76.30626	76.54285	76.51453
6/3/2025	1:28:04 PM	76.31609	76.23087	76.33483	76.29042	76.35327	76.39223	76.24743	76.40840	76.21600	76.41279	76.58097	76.30572	76.54238	76.51417
6/3/2025	1:28:07 PM	76.31638	76.23078	76.33519	76.29060	76.35363	76.39263	76.24778	76.40867	76.21606	76.41251	76.58112	76.30621	76.54281	76.51418
6/3/2025	1:28:11 PM	76.31650	76.23097	76.33552	76.29108	76.35406	76.39244	76.24828	76.40859	76.21594	76.41243	76.58074	76.30552	76.54211	76.51396
6/3/2025	1:28:14 PM	76.31560	76.23048	76.33512	76.29046	76.35358	76.39248	76.24789	76.40846	76.21615	76.41240	76.58124	76.30559	76.54278	76.51422
6/3/2025	1:28:18 PM	76.31601	76.23077	76.33515	76.29085	76.35315	76.39232	76.24769	76.40838	76.21561	76.41231	76.58090	76.30562	76.54215	76.51430
6/3/2025	1:28:22 PM	76.31632	76.23088	76.33573	76.29122	76.35379	76.39306	76.24833	76.40866	76.21595	76.41276	76.58129	76.30563	76.54254	76.51454
6/3/2025	1:28:25 PM	76.31654	76.23130	76.33563	76.29142	76.35424	76.39317	76.24860	76.40917	76.21654	76.41230	76.58114	76.30571	76.54230	76.51417
6/3/2025	1:28:29 PM	76.31664	76.23108	76.33520	76.29115	76.35374	76.39291	76.24807	76.40854	76.21616	76.41303	76.58124	76.30680	76.54283	76.51488
6/3/2025	1:28:32 PM	76.31694	76.23092	76.33558	76.29101	76.35395	76.39283	76.24839	76.40890	76.21636	76.41256	76.58139	76.30604	76.54266	76.51439
6/3/2025	1:28:36 PM	76.31667	76.23094	76.33536	76.29088	76.35316	76.39253	76.24795	76.40866	76.21616	76.41265	76.58111	76.30536	76.54227	76.51425
6/3/2025	1:28:40 PM	76.31632	76.23068	76.33503	76.29089	76.35391	76.39268	76.24777	76.40829	76.21574	76.41234	76.58116	76.30592	76.54231	76.51399
6/3/2025	1:28:43 PM	76.31589	76.23053	76.33501	76.29111	76.35365	76.39261	76.24802	76.40872	76.21610	76.41257	76.58135	76.30546	76.54247	76.51430
6/3/2025	1:28:47 PM	76.31635	76.23081	76.33494	76.29082	76.35335	76.39238	76.24793	76.40869	76.21616	76.41273	76.58117	76.30582	76.54268	76.51443
6/3/2025	1:28:50 PM	76.31639	76.23123	76.33549	76.29079	76.35381	76.39277	76.24844	76.40936	76.21655	76.41337	76.58139	76.30659	76.54306	76.51455
6/3/2025	1:28:54 PM	76.31629	76.23107	76.33530	76.29138	76.35376	76.39336	76.24892	76.40905	76.21648	76.41295	76.58172	76.30648	76.54251	76.51485
6/3/2025	1:28:58 PM	76.31675	76.23111	76.33589	76.29158	76.35372	76.39335	76.24873	76.40938	76.21646	76.41314	76.58183	76.30644	76.54270	76.51494
6/3/2025	1:29:01 PM	76.31648	76.23135	76.33563	76.29103	76.35383	76.39291	76.24833	76.40957	76.21660	76.41322	76.58133	76.30642	76.54251	76.51455
6/3/2025	1:29:05 PM	76.31635	76.23148	76.33569	76.29152	76.35385	76.39303	76.24804	76.40958	76.21674	76.41320	76.58157	76.30671	76.54297	76.51483
6/3/2025	1:29:08 PM	76.31732	76.23181	76.33587	76.29152	76.35409	76.39322	76.24862	76.40973	76.21682	76.41302	76.58160	76.30618	76.54275	76.51467
6/3/2025	1:29:12 PM	76.31724	76.23143	76.33582	76.29156	76.35379	76.39296	76.24832	76.40919	76.21644	76.41338	76.58198	76.30655	76.54288	76.51477
6/3/2025	1:29:16 PM	76.31705	76.23162	76.33590	76.29187	76.35402	76.39295	76.24843	76.40938	76.21680	76.41351	76.58181	76.30695	76.54301	76.51479
6/3/2025	1:29:19 PM	76.31695	76.23192	76.33556	76.29136	76.35399	76.39291	76.24835	76.40884	76.21646	76.41314	76.58173	76.30650	76.54304	76.51481
6/3/2025	1:29:23 PM	76.31677	76.23100	76.33524	76.29100	76.35325	76.39259	76.24795	76.40884	76.21620	76.41265	76.58151	76.30614	76.54295	76.51424
6/3/2025	1:29:26 PM	76.31643	76.23114	76.33520	76.29106	76.35342	76.39291	76.24833	76.40976	76.21678	76.41290	76.58141	76.30630	76.54273	76.51456
6/3/2025	1:29:30 PM	76.31645	76.23112	76.33509	76.29099	76.35382	76.39279	76.24784	76.40852	76.21597	76.41269	76.58128	76.30587	76.54306	76.51471
6/3/2025	1:29:34 PM	76.31650	76.23096	76.33549	76.29091	76.35338	76.39287	76.24854	76.40902	76.21609	76.41283	76.58142	76.30613	76.54223	76.51415
6/3/2025	1:29:37 PM	76.31643	76.23126	76.33553	76.29123	76.35379	76.39269	76.24821	76.40891	76.21639	76.41283	76.58129	76.30623	76.54262	76.51455
6/3/2025	1:29:41 PM	76.31645	76.23118	76.33553	76.29081	76.35340	76.39240	76.24757	76.40890	76.21629	76.41277	76.58159	76.30617	76.54249	76.51448
6/3/2025	1:29:44 PM	76.31649	76.23134	76.33536	76.29098	76.35361	76.39268	76.24800	76.40897	76.21634	76.41265	76.58132	76.30623	76.54254	76.51429
6/3/2025	1:29:48 PM	76.31645	76.23125	76.33536	76.29113	76.35358	76.39267	76.24788	76.40899	76.21638	76.41285	76.58102	76.30596	76.54252	76.51450
6/3/2025	1:29:51 PM	76.31661	76.23113	76.33553	76.29097	76.35360	76.39303	76.24859	76.40913	76.21624	76.41272	76.58150	76.30614	76.54246	76.51439
6/3/2025	1:29:55 PM	76.31633	76.23106	76.33520	76.29085	76.35320	76.39253	76.24846	76.40865	76.21611	76.41288	76.58154	76.30616	76.54287	76.51453
6/3/2025	1:29:59 PM	76.31625	76.23101	76.33533	76.29088	76.35305	76.39285	76.24811	76.40883	76.21653	76.41276	76.58148	76.30601	76.54258	76.51492
6/3/2025	1:30:02 PM	76.31652	76.23107	76.33551	76.29118	76.35368	76.39265	76.24819	76.40883	76.21672	76.41301	76.58147	76.30635	76.54286	76.51495
6/3/2025	1:30:06 PM	76.31712	76.23161	76.33591	76.29128	76.35356	76.39250	76.24804	76.40862	76.21601	76.41293	76.58165	76.30657	76.54286	76.51435
6/3/2025	1:30:09 PM	76.31635	76.23124	76.33546	76.29101	76.35339	76.39270	76.24777	76.40899	76.21641	76.41326	76.58186	76.30617	76.54300	76.51529
6/3/2025	1:30:13 PM	76.31681	76.23121	76.33561	76.29142	76.35378	76.39280	76.24861	76.40957	76.21617	76.41290	76.58146	76.30636	76.54267	76.51482
6/3/2025	1:30:17 PM	76.31676	76.23170	76.33572	76.29117	76.35378	76.39312	76.24812	76.40876	76.21626	76.41307	76.58183	76.30673	76.54316	76.51504
6/3/2025	1:30:20 PM	76.31710	76.23169	76.33584	76.29175	76.35386	76.39314	76.24833	76.40843	76.21638	76.41289	76.58193	76.30643	76.54284	76.51461
6/3/2025	1:30:24 PM	76.31666	76.23173	76.33616	76.29136	76.35419	76.39332	76.24854	76.40915	76.21675	76.41311	76.58183	76.30685	76.54321	76.51514
6/3/2025	1:30:27 PM	76.31717	76.23150	76.33535	76.29126	76.35412	76.39295	76.24825	76.40881	76.21655	76.41318	76.58181	76.30645	76.54324	76.51502
6/3/2025	1:30:31 PM	76.31714	76.23161	76.33593	76.29179	76.35432	76.39340	76.24847	76.40901	76.21636	76.41317	76.58182	76.30703	76.54353	76.51554
6/3/2025	1:30:34 PM	76.31720	76.23150	76.33576	76.29159	76.35420	76.39316	76.24860	76.40897	76.21668	76.41328	76.58207	76.30674	76.54321	76.51495
6/3/2025	1:30:38 PM	76.31700	76.23154	76.33581	76.29129	76.35409	76.39292	76.24836	76.40928	76.21657	76.41320	76.58174	76.30662	76.54300	76.51476
6/3/2025	1:30:42 PM	76.31673	76.23156	76.33580	76.29113	76.35354	76.39308	76.24838	76.40884	76.21695	76.41314	76.58189	76.30627	76.54290	76.51509
6/3/2025	1:30:45 PM	76.31671	76.23141	76.33551	76.29090	76.35359	76.39257	76.24822	76.40882	76.21639	76.41344	76.58136	76.30622	76.54303	76.51473
6/3/2025	1:30:49 PM	76.31684	76.23124	76.33579	76.29129	76.35349	76.39295	76.24853	76.40937	76.21657	76.41325	76.58163	76.30637	76.54322	76.51524
6/3/2025	1:30:53 PM	76.31684	76.23160	76.33619	76.29109	76.35381	76.39312	76.24854	76.40928	76.21667	76.41366	76.58191	76.30659	76.54331	76.51527
6/3/2025	1:30:56 PM	76.31749	76.23169	76.33592	76.29137	76.35399	76.39312	76.24850	76.40907	76.21666	76.41299	76.58172	76.30689	76.54314	76.51518
6/3/2025	1:31:00 PM	76.31708	76.23158	76.33546	76.29120	76.35349	76.39290	76.24844	76.40914	76.21710	76.41362	76.58253	76.30683	76.54345	76.51519
6/3/2025	1:31:03 PM	76.31720	76.23179	76.33555	76.29129	76.35387	76.39247	76.24823	76.40905	76.21673	76.41332	76.58180	76.30632	76.54324	76.51474
6/3/2025	1:31:07 PM	76.31679	76.23197	76.33597	76.29168	76.35409	76.39266	76.24823	76.40918	76.21643	76.41306	76.58189	76.30671	76.54318	76.51474
6/3/2025	1:31:10 PM	76.31709	76.23189	76.33599	76.29154	76.35399	76.39280	76.24804	76.40904	76.21639	76.41338	76.58178	76.30689	76.54296	76.51513
6/3/2025	1:31:14 PM	76.31720	76.23147	76.33584	76.29141	76.35374	76.39262	76.24865	76.40972	76.21675	76.41331	76.58161	76.30661	76.54296	76.51501
6/3/2025	1:31:18 PM	76.31720	76.23193	76.33548	76.29130	76.35407	76.39306	76.24826	76.40909	76.21667	76.41340	76.58211	76.30668	76.54322	76.51503
6/3/2025	1:31:21 PM	76.31710	76.23164	76.33599	76.29143	76.35418	76.39303	76.24829	76.40916	76.21692	76.41310	76.58207	76.30671	76.54308	76.51495
6/3/2025	1:31:25 PM	76.31737	76.23198	76.33581	76.29109	76.35407	76.39323	76.24832	76.40896	76.21658	76.41340	76.58191	76.30725	76.54330	76.51547
6/3/2025	1:31:29 PM	76.31763	76.23211	76.33595	76.29190	76.35431	76.39331	76.24851	76.40942	76.21637	76.41298	76.58187	76.30658	76.54300	76.51491
6/3/2025	1:31:32 PM	76.31687	76.23131	76.33598	76.29137	76.35410	76.39294	76.24828	76.40939	76.21679	76.41311	76.58162	76.30690	76.54375	76.51565
6/3/2025	1:31:36 PM	76.31740	76.23208	76.33651	76.29168	76.35442	76.39308	76.24873	76.40978	76.21695	76.41400	76.58217	76.30707	76.54358	76.51550
6/3/2025	1:31:39 PM	76.31736	76.23171	76.33621	76.29150	76.35405	76.39339	76.24917	76.40987	76.21738	76.41351	76.58205	76.30734	76.54395	76.51522
6/3/2025	1:31:43 PM	76.31772	76.23223	76.33609	76.29205	76.35425	76.39290	76.24856	76.40936	76.21740	76.41352	76.58229	76.30715	76.54353	76.51542
6/3/2025	1:31:46 PM	76.31770	76.23213	76.33619	76.29223	76.35473	76.39406	76.24879	76.40998	76.21720	76.41387	76.58248	76.30733	76.54373	76.51540
6/3/2025	1:31:50 PM	76.31743	76.23212	76.33589	76.29122	76.35363	76.39340	76.24842	76.40924	76.21714	76.41331	76.58213	76.30690	76.54325	76.51515
6/3/2025	1:31:54 PM	76.31722	76.23187	76.33556	76.29143	76.35352	76.39313	76.24844	76.40948	76.21695	76.41326	76.58213	76.30662	76.54311	76.51520
6/3/2025	1:31:57 PM	76.31709	76.23171	76.33563	76.29082	76.35352	76.39282	76.24792	76.40922	76.21688	76.41312	76.58178	76.30632	76.54278	76.51470
6/3/2025	1:32:01 PM	76.31685	76.23153	76.33557	76.29100	76.35361	76.39307	76.24839	76.40906	76.21673	76.41341	76.58228	76.30716	76.54311	76.51504
6/3/2025	1:32:04 PM	76.31706	76.23160	76.33567	76.29143	76.35380	76.39259	76.24833	76.40861	76.21666	76.41335	76.58219	76.30716	76.54333	76.51498
6/3/2025	1:32:08 PM	76.31708	76.23161	76.33580	76.29148	76.35337	76.39291	76.24795	76.40874	76.21685	76.41336	76.58205	76.30685	76.54313	76.51533
6/3/2025	1:32:12 PM	76.31702	76.23186	76.33586	76.29139	76.35398	76.39287	76.24795	76.40895	76.21684	76.41358	76.58216	76.30740	76.54389	76.51537
6/3/2025	1:32:15 PM	76.31750	76.23188	76.33585	76.29103	76.35390	76.39294	76.24808	76.40891	76.21690	76.41330	76.58144	76.30670	76.54327	76.51517
6/3/2025	1:32:19 PM	76.31747	76.23219	76.33593	76.29206	76.35383	76.39303	76.24812	76.40908	76.21717	76.41324	76.58197	76.30683	76.54325	76.51470
6/3/2025	1:32:22 PM	76.31685	76.23149	76.33580	76.29119	76.35397	76.39293	76.24824	76.40905	76.21704	76.41338	76.58226	76.30683	76.54331	76.51519
6/3/2025	1:32:26 PM	76.31766	76.23196	76.33634	76.29153	76.35449	76.39319	76.24826	76.40941	76.21732	76.41347	76.58249	76.30683	76.54337	76.51526
6/3/2025	1:32:30 PM	76.31771	76.23173	76.33606	76.29172	76.35489	76.39342	76.24837	76.40943	76.21771	76.41394	76.58254	76.30694	76.54382	76.51554
6/3/2025	1:32:33 PM	76.31774	76.23223	76.33639	76.29196	76.35423	76.39335	76.24853	76.40970	76.21708	76.41375	76.58267	76.30758	76.54368	76.51590
6/3/2025	1:32:37 PM	76.31782	76.23179	76.33632	76.29148	76.35398	76.39311	76.24868	76.40946	76.21722	76.41354	76.58220	76.30746	76.54356	76.51572
6/3/2025	1:32:40 PM	76.31796	76.23197	76.33650	76.29189	76.35394	76.39320	76.24885	76.40955	76.21750	76.41359	76.58261	76.30758	76.54379	76.51578
6/3/2025	1:32:44 PM	76.31797	76.23231	76.33633	76.29171	76.35405	76.39255	76.24800	76.40929	76.21688	76.41307	76.58147	76.30670	76.54345	76.51513
6/3/2025	1:32:48 PM	76.31750	76.23144	76.33575	76.29133	76.35368	76.39280	76.24777	76.40929	76.21684	76.41333	76.58226	76.30707	76.54336	76.51509
6/3/2025	1:32:51 PM	76.31760	76.23173	76.33586	76.29172	76.35409	76.39303	76.24857	76.40937	76.21699	76.41344	76.58198	76.30681	76.54322	76.51505
6/3/2025	1:32:55 PM	76.31715	76.23162	76.33554	76.29154	76.35389	76.39299	76.24833	76.40918	76.21731	76.41294	76.58179	76.30722	76.54342	76.51535
6/3/2025	1:32:58 PM	76.31736	76.23157	76.33585	76.29135	76.35364	76.39275	76.24815	76.40905	76.21666	76.41297	76.58203	76.30679	76.54319	76.51503
6/3/2025	1:33:02 PM	76.31760	76.23183	76.33608	76.29133	76.35385	76.39275	76.24792	76.40923	76.21641	76.41303	76.58197	76.30706	76.54293	76.51512
6/3/2025	1:33:06 PM	76.31697	76.23194	76.33591	76.29088	76.35341	76.39265	76.24776	76.40909	76.21690	76.41332	76.58237	76.30737	76.54377	76.51595
6/3/2025	1:33:09 PM	76.31769	76.23233	76.33650	76.29173	76.35464	76.39362	76.24830	76.40974	76.21716	76.41385	76.58191	76.30729	76.54328	76.51560
6/3/2025	1:33:13 PM	76.31755	76.23210	76.33608	76.29167	76.35377	76.39306	76.24817	76.40967	76.21701	76.41359	76.58231	76.30761	76.54373	76.51520
6/3/2025	1:33:16 PM	76.31760	76.23172	76.33580	76.29149	76.35377	76.39279	76.24808	76.40904	76.21702	76.41336	76.58227	76.30689	76.54354	76.51566
6/3/2025	1:33:20 PM	76.31754	76.23131	76.33601	76.29144	76.35399	76.39262	76.24802	76.40948	76.21702	76.41326	76.58203	76.30688	76.54340	76.51532
6/3/2025	1:33:24 PM	76.31715	76.23211	76.33575	76.29209	76.35428	76.39321	76.24807	76.40936	76.21687	76.41327	76.58175	76.30653	76.54346	76.51556
6/3/2025	1:33:27 PM	76.31698	76.23174	76.33545	76.29157	76.35387	76.39283	76.24813	76.40920	76.21703	76.41310	76.58181	76.30700	76.54353	76.51515
6/3/2025	1:33:31 PM	76.31720	76.23184	76.33595	76.29168	76.35403	76.39303	76.24810	76.40920	76.21657	76.41365	76.58211	76.30701	76.54353	76.51528
6/3/2025	1:33:34 PM	76.31770	76.23194	76.33606	76.29157	76.35447	76.39352	76.24845	76.40936	76.21744	76.41397	76.58242	76.30721	76.54411	76.51579
6/3/2025	1:33:38 PM	76.31781	76.23239	76.33630	76.29211	76.35394	76.39358	76.24832	76.40938	76.21734	76.41421	76.58254	76.30709	76.54374	76.51609
6/3/2025	1:33:42 PM	76.31809	76.23267	76.33685	76.29199	76.35432	76.39336	76.24857	76.40893	76.21737	76.41363	76.58259	76.30784	76.54419	76.51628
6/3/2025	1:33:45 PM	76.31825	76.23256	76.33634	76.29192	76.35426	76.39305	76.24852	76.40899	76.21732	76.41373	76.58242	76.30737	76.54407	76.51594
6/3/2025	1:33:49 PM	76.31794	76.23245	76.33650	76.29186	76.35440	76.39343	76.24823	76.40921	76.21735	76.41350	76.58208	76.30716	76.54355	76.51570
6/3/2025	1:33:52 PM	76.31742	76.23244	76.33668	76.29156	76.35416	76.39280	76.24824	76.40907	76.21723	76.41309	76.58236	76.30725	76.54357	76.51573
6/3/2025	1:33:56 PM	76.31776	76.23175	76.33588	76.29113	76.35402	76.39250	76.24808	76.40890	76.21714	76.41340	76.58241	76.30715	76.54389	76.51563
6/3/2025	1:34:00 PM	76.31759	76.23248	76.33636	76.29172	76.35408	76.39264	76.24814	76.40860	76.21690	76.41333	76.58229	76.30738	76.54374	76.51640
6/3/2025	1:34:03 PM	76.31805	76.23213	76.33622	76.29212	76.35436	76.39286	76.24822	76.40909	76.21742	76.41360	76.58239	76.30755	76.54391	76.51600
6/3/2025	1:34:07 PM	76.31767	76.23220	76.33668	76.29146	76.35375	76.39268	76.24811	76.40886	76.21734	76.41404	76.58244	76.30700	76.54383	76.51526
6/3/2025	1:34:10 PM	76.31795	76.23254	76.33616	76.29132	76.35380	76.39261	76.24777	76.40922	76.21744	76.41361	76.58215	76.30701	76.54351	76.51568
6/3/2025	1:34:14 PM	76.31761	76.23190	76.33596	76.29143	76.35366	76.39257	76.24793	76.40942	76.21685	76.41377	76.58210	76.30733	76.54391	76.51553
6/3/2025	1:34:18 PM	76.31754	76.23201	76.33603	76.29146	76.35407	76.39252	76.24796	76.40956	76.21744	76.41388	76.58193	76.30699	76.54375	76.51556
6/3/2025	1:34:21 PM	76.31747	76.23178	76.33562	76.29143	76.35366	76.39218	76.24770	76.40919	76.21716	76.41363	76.58198	76.30697	76.54318	76.51522
6/3/2025	1:34:25 PM	76.31736	76.23197	76.33580	76.29112	76.35392	76.39279	76.24831	76.41007	76.21713	76.41400	76.58242	76.30719	76.54426	76.51556
6/3/2025	1:34:28 PM	76.31757	76.23240	76.33649	76.29208	76.35453	76.39284	76.24775	76.40972	76.21754	76.41374	76.58247	76.30766	76.54396	76.51556
6/3/2025	1:34:32 PM	76.31761	76.23221	76.33577	76.29139	76.35387	76.39285	76.24819	76.40953	76.21672	76.41346	76.58237	76.30715	76.54366	76.51556
6/3/2025	1:34:36 PM	76.31717	76.23189	76.33614	76.29138	76.35408	76.39290	76.24821	76.40956	76.21684	76.41376	76.58195	76.30674	76.54327	76.51553
6/3/2025	1:34:39 PM	76.31760	76.23205	76.33619	76.29120	76.35400	76.39253	76.24774	76.40933	76.21657	76.41358	76.58204	76.30694	76.54370	76.51540
6/3/2025	1:34:43 PM	76.31740	76.23203	76.33604	76.29122	76.35372	76.39259	76.24739	76.40883	76.21683	76.41358	76.58226	76.30668	76.54336	76.51517
6/3/2025	1:34:46 PM	76.31707	76.23180	76.33582	76.29130	76.35381	76.39268	76.24792	76.40893	76.21701	76.41362	76.58201	76.30692	76.54366	76.51546
6/3/2025	1:34:50 PM	76.31753	76.23234	76.33617	76.29141	76.35377	76.39290	76.24828	76.40942	76.21730	76.41336	76.58189	76.30694	76.54357	76.51583
6/3/2025	1:34:53 PM	76.31769	76.23208	76.33629	76.29150	76.35413	76.39267	76.24804	76.40917	76.21749	76.41334	76.58216	76.30683	76.54328	76.51569
6/3/2025	1:34:57 PM	76.31751	76.23235	76.33631	76.29112	76.35359	76.39253	76.24767	76.40898	76.21674	76.41368	76.58189	76.30716	76.54354	76.51582
6/3/2025	1:35:01 PM	76.31752	76.23207	76.33573	76.29128	76.35352	76.39234	76.24758	76.40889	76.21722	76.41326	76.58182	76.30653	76.54325	76.51552
6/3/2025	1:35:04 PM	76.31725	76.23202	76.33588	76.29127	76.35373	76.39233	76.24750	76.40888	76.21697	76.41373	76.58222	76.30732	76.54369	76.51575
6/3/2025	1:35:08 PM	76.31787	76.23180	76.33604	76.29069	76.35368	76.39253	76.24764	76.40936	76.21766	76.41354	76.58236	76.30705	76.54343	76.51538
6/3/2025	1:35:11 PM	76.31744	76.23191	76.33613	76.29153	76.35404	76.39246	76.24740	76.40920	76.21686	76.41367	76.58169	76.30711	76.54354	76.51556
6/3/2025	1:35:15 PM	76.31776	76.23178	76.33589	76.29114	76.35344	76.39238	76.24734	76.40889	76.21698	76.41320	76.58183	76.30707	76.54346	76.51539
6/3/2025	1:35:18 PM	76.31728	76.23149	76.33572	76.29128	76.35352	76.39231	76.24788	76.40882	76.21707	76.41305	76.58158	76.30674	76.54325	76.51558
6/3/2025	1:35:22 PM	76.31726	76.23222	76.33602	76.29157	76.35376	76.39226	76.24797	76.40936	76.21680	76.41365	76.58235	76.30726	76.54389	76.51566
6/3/2025	1:35:26 PM	76.31768	76.23237	76.33584	76.29165	76.35415	76.39259	76.24786	76.40937	76.21730	76.41382	76.58188	76.30725	76.54369	76.51604
6/3/2025	1:35:29 PM	76.31776	76.23218	76.33610	76.29159	76.35430	76.39301	76.24821	76.40964	76.21733	76.41384	76.58224	76.30731	76.54353	76.51613
6/3/2025	1:35:33 PM	76.31736	76.23209	76.33582	76.29178	76.35382	76.39264	76.24790	76.40905	76.21677	76.41351	76.58169	76.30687	76.54350	76.51572
6/3/2025	1:35:36 PM	76.31746	76.23177	76.33583	76.29130	76.35411	76.39260	76.24806	76.40907	76.21675	76.41333	76.58163	76.30744	76.54365	76.51572
6/3/2025	1:35:40 PM	76.31764	76.23208	76.33587	76.29142	76.35366	76.39254	76.24842	76.40958	76.21694	76.41329	76.58148	76.30682	76.54330	76.51526
6/3/2025	1:35:44 PM	76.31739	76.23192	76.33576	76.29130	76.35351	76.39228	76.24785	76.40925	76.21694	76.41348	76.58170	76.30677	76.54359	76.51533
6/3/2025	1:35:47 PM	76.31752	76.23192	76.33581	76.29138	76.35344	76.39247	76.24778	76.40899	76.21699	76.41407	76.58225	76.30711	76.54350	76.51542
6/3/2025	1:35:51 PM	76.31739	76.23205	76.33593	76.29107	76.35362	76.39260	76.24802	76.40909	76.21719	76.41367	76.58210	76.30704	76.54355	76.51582
6/3/2025	1:35:54 PM	76.31731	76.23210	76.33588	76.29152	76.35341	76.39210	76.24760	76.40830	76.21659	76.41362	76.58190	76.30732	76.54336	76.51556
6/3/2025	1:35:58 PM	76.31774	76.23230	76.33651	76.29166	76.35377	76.39271	76.24800	76.40898	76.21712	76.41338	76.58218	76.30683	76.54376	76.51561
6/3/2025	1:36:02 PM	76.31736	76.23207	76.33566	76.29120	76.35385	76.39214	76.24760	76.40892	76.21745	76.41372	76.58235	76.30726	76.54412	76.51598
6/3/2025	1:36:05 PM	76.31778	76.23237	76.33665	76.29162	76.35360	76.39255	76.24803	76.40888	76.21671	76.41362	76.58209	76.30680	76.54359	76.51565
6/3/2025	1:36:09 PM	76.31735	76.23208	76.33605	76.29139	76.35363	76.39258	76.24750	76.40909	76.21674	76.41360	76.58213	76.30669	76.54358	76.51567
6/3/2025	1:36:12 PM	76.31745	76.23199	76.33601	76.29113	76.35385	76.39261	76.24759	76.40868	76.21670	76.41385	76.58250	76.30714	76.54374	76.51565
6/3/2025	1:36:16 PM	76.31744	76.23211	76.33604	76.29144	76.35377	76.39235	76.24779	76.40882	76.21677	76.41342	76.58161	76.30670	76.54347	76.51566
6/3/2025	1:36:20 PM	76.31723	76.23226	76.33586	76.29109	76.35376	76.39245	76.24799	76.40913	76.21753	76.41399	76.58216	76.30729	76.54372	76.51585
6/3/2025	1:36:23 PM	76.31759	76.23203	76.33621	76.29134	76.35367	76.39246	76.24775	76.40844	76.21704	76.41333	76.58186	76.30725	76.54296	76.51539
6/3/2025	1:36:27 PM	76.31711	76.23181	76.33598	76.29127	76.35373	76.39211	76.24804	76.40897	76.21687	76.41385	76.58168	76.30690	76.54370	76.51586
6/3/2025	1:36:30 PM	76.31767	76.23215	76.33606	76.29124	76.35382	76.39237	76.24806	76.40934	76.21765	76.41355	76.58242	76.30708	76.54361	76.51557
6/3/2025	1:36:34 PM	76.31755	76.23236	76.33636	76.29174	76.35392	76.39241	76.24805	76.40926	76.21720	76.41352	76.58207	76.30724	76.54411	76.51569
6/3/2025	1:36:37 PM	76.31780	76.23242	76.33617	76.29187	76.35379	76.39234	76.24820	76.40882	76.21732	76.41372	76.58183	76.30719	76.54368	76.51573
6/3/2025	1:36:41 PM	76.31778	76.23234	76.33608	76.29167	76.35353	76.39253	76.24830	76.40866	76.21691	76.41336	76.58228	76.30676	76.54354	76.51591
6/3/2025	1:36:45 PM	76.31753	76.23222	76.33602	76.29142	76.35394	76.39266	76.24793	76.40839	76.21725	76.41421	76.58218	76.30747	76.54392	76.51613
6/3/2025	1:36:48 PM	76.31809	76.23257	76.33645	76.29168	76.35422	76.39270	76.24800	76.40910	76.21766	76.41350	76.58226	76.30778	76.54419	76.51630
6/3/2025	1:36:52 PM	76.31799	76.23253	76.33644	76.29165	76.35360	76.39241	76.24806	76.40879	76.21779	76.41387	76.58232	76.30756	76.54360	76.51555
6/3/2025	1:36:55 PM	76.31771	76.23234	76.33597	76.29085	76.35352	76.39215	76.24782	76.40834	76.21734	76.41411	76.58235	76.30759	76.54355	76.51617
6/3/2025	1:36:59 PM	76.31779	76.23295	76.33649	76.29201	76.35420	76.39272	76.24834	76.40954	76.21802	76.41385	76.58240	76.30792	76.54404	76.51546
6/3/2025	1:37:03 PM	76.31755	76.23228	76.33646	76.29174	76.35403	76.39223	76.24792	76.40909	76.21785	76.41391	76.58197	76.30752	76.54343	76.51578
6/3/2025	1:37:06 PM	76.31763	76.23190	76.33600	76.29137	76.35363	76.39208	76.24780	76.40922	76.21785	76.41337	76.58190	76.30694	76.54343	76.51586
6/3/2025	1:37:10 PM	76.31733	76.23180	76.33581	76.29130	76.35375	76.39219	76.24789	76.40953	76.21797	76.41376	76.58213	76.30718	76.54351	76.51544
6/3/2025	1:37:14 PM	76.31767	76.23289	76.33674	76.29175	76.35394	76.39208	76.24804	76.40998	76.21819	76.41400	76.58254	76.30758	76.54405	76.51607
6/3/2025	1:37:17 PM	76.31780	76.23255	76.33676	76.29208	76.35398	76.39248	76.24832	76.41025	76.21812	76.41396	76.58254	76.30776	76.54366	76.51601
6/3/2025	1:37:21 PM	76.31784	76.23254	76.33654	76.29184	76.35404	76.39249	76.24847	76.40957	76.21774	76.41394	76.58242	76.30766	76.54438	76.51615
6/3/2025	1:37:24 PM	76.31767	76.23270	76.33663	76.29190	76.35394	76.39260	76.24826	76.40980	76.21817	76.41396	76.58262	76.30760	76.54393	76.51607
6/3/2025	1:37:28 PM	76.31827	76.23254	76.33654	76.29204	76.35413	76.39227	76.24869	76.40961	76.21839	76.41386	76.58264	76.30757	76.54432	76.51619
6/3/2025	1:37:31 PM	76.31832	76.23284	76.33691	76.29222	76.35434	76.39282	76.24892	76.40954	76.21837	76.41440	76.58271	76.30789	76.54421	76.51607
6/3/2025	1:37:35 PM	76.31791	76.23295	76.33672	76.29194	76.35421	76.39276	76.24839	76.40887	76.21794	76.41442	76.58351	76.30750	76.54393	76.51584
6/3/2025	1:37:39 PM	76.31762	76.23200	76.33623	76.29102	76.35384	76.39241	76.24838	76.40894	76.21809	76.41413	76.58247	76.30751	76.54387	76.51600
6/3/2025	1:37:42 PM	76.31802	76.23226	76.33640	76.29181	76.35393	76.39261	76.24836	76.40860	76.21774	76.41380	76.58230	76.30722	76.54376	76.51593
6/3/2025	1:37:46 PM	76.31753	76.23199	76.33612	76.29166	76.35368	76.39218	76.24824	76.40908	76.21803	76.41383	76.58253	76.30690	76.54338	76.51631
6/3/2025	1:37:49 PM	76.31760	76.23216	76.33622	76.29164	76.35358	76.39250	76.24839	76.40892	76.21787	76.41392	76.58236	76.30703	76.54347	76.51595
6/3/2025	1:37:53 PM	76.31747	76.23232	76.33621	76.29133	76.35313	76.39186	76.24817	76.40890	76.21769	76.41369	76.58216	76.30731	76.54334	76.51565
6/3/2025	1:37:57 PM	76.31730	76.23222	76.33604	76.29185	76.35372	76.39257	76.24843	76.40943	76.21764	76.41378	76.58212	76.30734	76.54355	76.51606
6/3/2025	1:38:00 PM	76.31737	76.23211	76.33619	76.29112	76.35341	76.39208	76.24823	76.40931	76.21772	76.41389	76.58211	76.30732	76.54391	76.51602
6/3/2025	1:38:04 PM	76.31795	76.23251	76.33658	76.29193	76.35407	76.39236	76.24840	76.41009	76.21773	76.41414	76.58305	76.30741	76.54365	76.51617
6/3/2025	1:38:07 PM	76.31768	76.23243	76.33635	76.29199	76.35400	76.39277	76.24857	76.41069	76.21814	76.41399	76.58273	76.30754	76.54401	76.51630
6/3/2025	1:38:11 PM	76.31763	76.23274	76.33642	76.29157	76.35394	76.39239	76.24866	76.41081	76.21872	76.41456	76.58256	76.30749	76.54398	76.51604
6/3/2025	1:38:15 PM	76.31773	76.23259	76.33636	76.29199	76.35411	76.39330	76.24876	76.41089	76.21853	76.41431	76.58207	76.30755	76.54379	76.51623
6/3/2025	1:38:18 PM	76.31790	76.23282	76.33669	76.29207	76.35418	76.39306	76.24881	76.41042	76.21825	76.41422	76.58262	76.30750	76.54440	76.51640
6/3/2025	1:38:22 PM	76.31767	76.23214	76.33672	76.29216	76.35382	76.39281	76.24874	76.40996	76.21787	76.41431	76.58296	76.30741	76.54408	76.51618
6/3/2025	1:38:25 PM	76.31771	76.23235	76.33621	76.29155	76.35335	76.39244	76.24845	76.40911	76.21751	76.41413	76.58291	76.30791	76.54421	76.51606
6/3/2025	1:38:29 PM	76.31775	76.23274	76.33650	76.29163	76.35403	76.39290	76.24848	76.40932	76.21797	76.41462	76.58276	76.30759	76.54416	76.51590
6/3/2025	1:38:33 PM	76.31756	76.23251	76.33605	76.29158	76.35342	76.39224	76.24805	76.40903	76.21783	76.41401	76.58261	76.30767	76.54398	76.51624
6/3/2025	1:38:36 PM	76.31809	76.23281	76.33674	76.29175	76.35348	76.39189	76.24845	76.40957	76.21798	76.41406	76.58236	76.30772	76.54397	76.51626
6/3/2025	1:38:40 PM	76.31792	76.23241	76.33638	76.29165	76.35379	76.39204	76.24826	76.40893	76.21739	76.41375	76.58238	76.30730	76.54352	76.51568
6/3/2025	1:38:43 PM	76.31742	76.23219	76.33632	76.29154	76.35359	76.39142	76.24832	76.40886	76.21725	76.41402	76.58273	76.30775	76.54376	76.51594
6/3/2025	1:38:47 PM	76.31777	76.23258	76.33612	76.29122	76.35368	76.39205	76.24822	76.40937	76.21750	76.41381	76.58222	76.30717	76.54359	76.51596
6/3/2025	1:38:51 PM	76.31764	76.23248	76.33652	76.29187	76.35353	76.39204	76.24829	76.40933	76.21760	76.41443	76.58246	76.30751	76.54363	76.51599
6/3/2025	1:38:54 PM	76.31791	76.23237	76.33626	76.29120	76.35328	76.39188	76.24896	76.40966	76.21822	76.41395	76.58266	76.30765	76.54389	76.51637
6/3/2025	1:38:58 PM	76.31782	76.23256	76.33650	76.29193	76.35399	76.39221	76.24893	76.40967	76.21825	76.41412	76.58288	76.30728	76.54339	76.51596
6/3/2025	1:39:01 PM	76.31763	76.23204	76.33591	76.29133	76.35359	76.39215	76.24854	76.40951	76.21788	76.41415	76.58253	76.30790	76.54380	76.51591
6/3/2025	1:39:05 PM	76.31776	76.23190	76.33627	76.29125	76.35342	76.39202	76.24801	76.40917	76.21774	76.41372	76.58238	76.30725	76.54356	76.51575
6/3/2025	1:39:08 PM	76.31763	76.23223	76.33655	76.29147	76.35364	76.39156	76.24827	76.40864	76.21740	76.41379	76.58238	76.30721	76.54367	76.51586
6/3/2025	1:39:12 PM	76.31766	76.23244	76.33652	76.29195	76.35327	76.39188	76.24795	76.40895	76.21782	76.41447	76.58318	76.30774	76.54399	76.51623
6/3/2025	1:39:16 PM	76.31800	76.23305	76.33677	76.29167	76.35386	76.39258	76.24888	76.40962	76.21850	76.41464	76.58284	76.30816	76.54435	76.51624
6/3/2025	1:39:19 PM	76.31837	76.23306	76.33673	76.29171	76.35326	76.39234	76.24911	76.40926	76.21810	76.41440	76.58305	76.30834	76.54398	76.51626
6/3/2025	1:39:23 PM	76.31785	76.23218	76.33690	76.29205	76.35360	76.39225	76.24868	76.40898	76.21813	76.41397	76.58294	76.30775	76.54375	76.51609
6/3/2025	1:39:26 PM	76.31799	76.23284	76.33639	76.29175	76.35385	76.39205	76.24883	76.40932	76.21774	76.41433	76.58277	76.30763	76.54366	76.51578
6/3/2025	1:39:30 PM	76.31775	76.23249	76.33631	76.29162	76.35331	76.39204	76.24840	76.40957	76.21772	76.41434	76.58271	76.30743	76.54406	76.51605
6/3/2025	1:39:33 PM	76.31790	76.23259	76.33648	76.29179	76.35330	76.39262	76.24870	76.40981	76.21828	76.41468	76.58272	76.30764	76.54405	76.51644
6/3/2025	1:39:37 PM	76.31844	76.23299	76.33688	76.29197	76.35377	76.39267	76.24875	76.40952	76.21805	76.41405	76.58229	76.30734	76.54368	76.51601
6/3/2025	1:39:40 PM	76.31757	76.23221	76.33647	76.29162	76.35273	76.39220	76.24821	76.40959	76.21745	76.41351	76.58223	76.30719	76.54383	76.51588
6/3/2025	1:39:44 PM	76.31769	76.23234	76.33617	76.29157	76.35320	76.39207	76.24840	76.40997	76.21754	76.41356	76.58242	76.30737	76.54392	76.51580
6/3/2025	1:39:47 PM	76.31852	76.23272	76.33681	76.29213	76.35369	76.39261	76.24893	76.40991	76.21821	76.41444	76.58263	76.30768	76.54416	76.51613
6/3/2025	1:39:51 PM	76.31805	76.23286	76.33647	76.29176	76.35319	76.39218	76.24872	76.41015	76.21781	76.41410	76.58252	76.30752	76.54380	76.51604
6/3/2025	1:39:55 PM	76.31817	76.23250	76.33646	76.29150	76.35366	76.39237	76.24870	76.40999	76.21860	76.41400	76.58256	76.30741	76.54363	76.51569
6/3/2025	1:39:58 PM	76.31797	76.23220	76.33654	76.29146	76.35290	76.39185	76.24837	76.40998	76.21835	76.41376	76.58253	76.30753	76.54353	76.51578
6/3/2025	1:40:02 PM	76.31755	76.23259	76.33631	76.29179	76.35298	76.39229	76.24834	76.40936	76.21875	76.41406	76.58261	76.30762	76.54348	76.51639
6/3/2025	1:40:05 PM	76.31775	76.23257	76.33655	76.29171	76.35372	76.39247	76.24904	76.41037	76.21859	76.41407	76.58236	76.30736	76.54343	76.51596
6/3/2025	1:40:09 PM	76.31740	76.23257	76.33617	76.29128	76.35272	76.39191	76.24810	76.40961	76.21782	76.41386	76.58230	76.30684	76.54333	76.51589
6/3/2025	1:40:12 PM	76.31760	76.23246	76.33610	76.29119	76.35296	76.39191	76.24841	76.41011	76.21733	76.41346	76.58177	76.30743	76.54349	76.51557
6/3/2025	1:40:16 PM	76.31733	76.23259	76.33605	76.29137	76.35284	76.39258	76.24858	76.41053	76.21805	76.41378	76.58215	76.30705	76.54371	76.51602
6/3/2025	1:40:19 PM	76.31772	76.23229	76.33589	76.29135	76.35266	76.39248	76.24859	76.41033	76.21858	76.41351	76.58227	76.30718	76.54336	76.51529
6/3/2025	1:40:23 PM	76.31694	76.23205	76.33616	76.29110	76.35265	76.39253	76.24896	76.41101	76.21856	76.41380	76.58229	76.30759	76.54353	76.51597
6/3/2025	1:40:27 PM	76.31740	76.23218	76.33678	76.29185	76.35313	76.39252	76.24893	76.41062	76.21847	76.41424	76.58268	76.30742	76.54355	76.51604
6/3/2025	1:40:30 PM	76.31728	76.23240	76.33573	76.29151	76.35307	76.39277	76.24920	76.41072	76.21803	76.41446	76.58282	76.30761	76.54347	76.51570
6/3/2025	1:40:34 PM	76.31760	76.23266	76.33610	76.29126	76.35278	76.39254	76.24905	76.40993	76.21750	76.41414	76.58266	76.30760	76.54412	76.51590
6/3/2025	1:40:37 PM	76.31774	76.23240	76.33621	76.29145	76.35282	76.39220	76.24892	76.40975	76.21792	76.41402	76.58280	76.30761	76.54341	76.51588
6/3/2025	1:40:41 PM	76.31770	76.23237	76.33628	76.29125	76.35338	76.39236	76.24887	76.40932	76.21819	76.41411	76.58271	76.30767	76.54347	76.51556
6/3/2025	1:40:45 PM	76.31744	76.23232	76.33598	76.29146	76.35292	76.39212	76.24895	76.40905	76.21752	76.41383	76.58311	76.30740	76.54357	76.51623
6/3/2025	1:40:48 PM	76.31789	76.23259	76.33616	76.29122	76.35300	76.39195	76.24862	76.40981	76.21785	76.41412	76.58257	76.30752	76.54353	76.51608
6/3/2025	1:40:52 PM	76.31782	76.23281	76.33653	76.29175	76.35326	76.39219	76.24898	76.41009	76.21761	76.41445	76.58219	76.30747	76.54357	76.51592
6/3/2025	1:40:55 PM	76.31771	76.23185	76.33595	76.29113	76.35313	76.39233	76.24918	76.41013	76.21770	76.41393	76.58275	76.30770	76.54323	76.51585
6/3/2025	1:40:59 PM	76.31751	76.23225	76.33595	76.29135	76.35338	76.39216	76.24924	76.41074	76.21825	76.41375	76.58239	76.30724	76.54306	76.51577
6/3/2025	1:41:03 PM	76.31711	76.23212	76.33597	76.29047	76.35294	76.39220	76.24855	76.41027	76.21838	76.41433	76.58268	76.30725	76.54382	76.51593
6/3/2025	1:41:06 PM	76.31746	76.23269	76.33634	76.29168	76.35318	76.39229	76.24851	76.40969	76.21761	76.41346	76.58221	76.30696	76.54340	76.51605
6/3/2025	1:41:10 PM	76.31763	76.23215	76.33595	76.29130	76.35322	76.39218	76.24891	76.40972	76.21751	76.41422	76.58243	76.30749	76.54411	76.51596
6/3/2025	1:41:13 PM	76.31751	76.23253	76.33629	76.29136	76.35314	76.39279	76.24887	76.41039	76.21766	76.41481	76.58305	76.30734	76.54395	76.51628
6/3/2025	1:41:17 PM	76.31786	76.23273	76.33641	76.29184	76.35352	76.39221	76.24903	76.41004	76.21784	76.41386	76.58256	76.30760	76.54363	76.51626
6/3/2025	1:41:21 PM	76.31773	76.23248	76.33639	76.29141	76.35305	76.39211	76.24848	76.40977	76.21768	76.41400	76.58265	76.30768	76.54399	76.51676
6/3/2025	1:41:24 PM	76.31760	76.23246	76.33579	76.29128	76.35304	76.39273	76.24888	76.40997	76.21676	76.41528	76.58327	76.30700	76.54341	76.51588
6/3/2025	1:41:28 PM	76.31759	76.23212	76.33619	76.29093	76.35278	76.39206	76.24881	76.40976	76.21750	76.41400	76.58303	76.30836	76.54362	76.51578
6/3/2025	1:41:31 PM	76.31770	76.23240	76.33658	76.29125	76.35274	76.39182	76.24828	76.40999	76.21690	76.41381	76.58192	76.30683	76.54345	76.51576
6/3/2025	1:41:35 PM	76.31740	76.23257	76.33623	76.29123	76.35250	76.39205	76.24807	76.40935	76.21694	76.41408	76.58240	76.30728	76.54315	76.51557
6/3/2025	1:41:39 PM	76.31759	76.23210	76.33593	76.29133	76.35316	76.39186	76.24832	76.40900	76.21691	76.41424	76.58283	76.30744	76.54355	76.51582
6/3/2025	1:41:42 PM	76.31790	76.23255	76.33650	76.29137	76.35325	76.39237	76.24822	76.40984	76.21759	76.41444	76.58265	76.30761	76.54350	76.51602
6/3/2025	1:41:46 PM	76.31772	76.23282	76.33615	76.29144	76.35312	76.39202	76.24893	76.40991	76.21734	76.41446	76.58235	76.30738	76.54359	76.51601
6/3/2025	1:41:49 PM	76.31788	76.23204	76.33634	76.29178	76.35262	76.39211	76.24882	76.40922	76.21691	76.41408	76.58259	76.30722	76.54330	76.51577
6/3/2025	1:41:53 PM	76.31739	76.23274	76.33631	76.29144	76.35362	76.39274	76.24907	76.40959	76.21753	76.41402	76.58239	76.30741	76.54347	76.51616
6/3/2025	1:41:56 PM	76.31770	76.23253	76.33607	76.29144	76.35290	76.39228	76.24882	76.40961	76.21732	76.41383	76.58228	76.30728	76.54350	76.51572
6/3/2025	1:42:00 PM	76.31765	76.23219	76.33599	76.29113	76.35302	76.39227	76.24830	76.40958	76.21794	76.41414	76.58235	76.30717	76.54319	76.51574
6/3/2025	1:42:04 PM	76.31751	76.23213	76.33579	76.29133	76.35266	76.39241	76.24839	76.40981	76.21824	76.41396	76.58268	76.30707	76.54313	76.51556
6/3/2025	1:42:07 PM	76.31747	76.23202	76.33580	76.29082	76.35255	76.39217	76.24810	76.40900	76.21763	76.41363	76.58263	76.30731	76.54337	76.51559
6/3/2025	1:42:11 PM	76.31760	76.23189	76.33610	76.29073	76.35221	76.39188	76.24826	76.40962	76.21774	76.41422	76.58205	76.30709	76.54236	76.51552
