6/3/2025	1:44:09 PM	76.31790	76.23222	76.33589	76.29085	76.35225	76.39190	76.24878	76.40935	76.21818	76.41472	76.58215	76.30711	76.54238	76.51528
6/3/2025	1:44:12 PM	76.31773	76.23196	76.33556	76.29072	76.35214	76.39199	76.24836	76.40919	76.21746	76.41399	76.58264	76.30736	76.54215	76.51584
6/3/2025	1:44:16 PM	76.31799	76.23240	76.33580	76.29096	76.35222	76.39228	76.24823	76.40935	76.21774	76.41387	76.58242	76.30712	76.54240	76.51535
6/3/2025	1:44:20 PM	76.31768	76.23246	76.33573	76.29039	76.35225	76.39268	76.24907	76.40974	76.21727	76.41429	76.58073	76.30384	76.54054	76.51265
6/3/2025	1:44:23 PM	76.31844	76.23145	76.33294	76.28780	76.35051	76.39196	76.24875	76.40836	76.21513	76.41459	76.58314	76.30703	76.53956	76.51201
6/3/2025	1:44:27 PM	76.31715	76.22928	76.33333	76.29513	76.35907	76.39299	76.24934	76.43340	76.14306	76.33876	76.49742	76.21944	31.14597	31.14420
6/3/2025	1:44:30 PM	31.14588	31.14539	31.14441	31.14132	31.14626	31.14480	31.14535	31.14308	1280.81290	31.14463	31.14404	31.14382	31.14621	31.14465
6/3/2025	1:44:34 PM	31.14610	31.14557	31.14410	31.14113	31.14708	31.14480	31.14515	31.14348	31.14371	31.14480	31.14425	31.14364	31.14547	31.14417
6/3/2025	1:44:37 PM	31.14575	31.14569	31.14511	31.14094	31.14561	31.14432	31.14526	31.14412	31.14391	31.14520	31.14454	31.14343	31.14511	31.14401
6/3/2025	1:44:41 PM	31.14582	31.14282	31.14490	31.14021	31.14530	31.14331	31.14493	31.14334	32.11698	31.14597	31.14543	31.14481	31.14481	31.14415
6/3/2025	1:44:45 PM	31.14581	31.14617	31.14500	31.13992	31.14510	31.14398	31.14531	31.14367	32.15316	31.14618	31.14557	31.14570	31.14577	31.14501
6/3/2025	1:44:48 PM	31.14613	31.14518	31.14377	31.14062	31.14558	31.14379	31.14596	31.14394	31.60523	31.15200	31.14756	31.14604	31.14632	31.14434
6/3/2025	1:44:52 PM	31.14628	31.14559	31.14368	31.14133	31.14555	31.14408	31.14661	31.14964	33.91843	31.16540	31.15194	31.14706	31.14662	31.14480
6/3/2025	1:44:55 PM	31.14655	31.14581	31.14460	31.14130	31.14651	31.14429	31.14674	31.16005	39.48360	31.17288	31.15517	31.14960	31.14696	31.14506
6/3/2025	1:44:59 PM	31.14693	31.14477	31.14440	31.14104	31.14563	31.14425	31.14778	31.16439	47.00583	31.18723	31.15739	31.15316	31.14711	31.14487
6/3/2025	1:45:03 PM	31.14626	31.14264	31.14341	31.13934	31.14498	31.14389	31.15136	31.16951	32.40791	31.20159	31.15931	31.15074	31.14759	31.14450
6/3/2025	1:45:06 PM	31.14939	31.13853	31.14112	31.13719	31.14107	31.14335	31.15431	31.18131	49.16834	31.20050	31.15868	31.15264	31.14933	31.14035
6/3/2025	1:45:10 PM	31.15022	31.13365	31.14092	31.13641	31.14438	31.14638	31.15363	31.20439	50.80564	31.20718	31.15574	31.15942	31.15366	31.13949
6/3/2025	1:45:13 PM	31.15072	31.13050	31.14099	31.13488	31.14800	31.14675	31.15371	31.22594	45.54252	31.21781	31.14557	31.16415	31.16013	31.13842
6/3/2025	1:45:17 PM	31.15034	31.13182	31.13950	31.12958	31.15168	31.15163	31.15655	31.24646	38.13654	31.23309	31.15801	31.16557	31.16851	31.13529
6/3/2025	1:45:21 PM	31.14866	31.13633	31.14051	31.13117	31.15776	31.15559	31.15924	31.26789	55.69454	31.24652	31.18858	31.16784	31.17451	31.13039
6/3/2025	1:45:24 PM	31.16006	31.14573	31.14729	31.13149	31.15801	31.15779	31.16560	31.26276	47.21174	31.25639	31.22066	31.16998	31.17695	31.13060
6/3/2025	1:45:28 PM	31.16638	31.14771	31.15202	31.13348	31.16062	31.15467	31.16785	31.26732	31.78976	31.26506	31.22871	31.18061	31.18798	31.13281
6/3/2025	1:45:31 PM	31.17382	31.15853	31.15041	31.13503	31.14893	31.15099	31.18137	31.28029	31.38975	31.27239	31.23987	31.21211	31.20762	31.14910
6/3/2025	1:45:35 PM	31.18283	31.15392	31.14812	31.13360	31.14416	31.14534	31.18439	31.27352	31.41984	31.27863	31.25690	31.23066	31.21372	31.15376
6/3/2025	1:45:38 PM	31.18487	31.15963	31.14915	31.13003	31.13093	31.13169	31.19052	31.26785	34.22186	31.28503	31.26827	31.24205	31.22018	31.15034
6/3/2025	1:45:42 PM	31.17223	31.16349	31.14680	31.13165	31.13143	31.13177	31.19541	31.27048	33.76233	31.29304	31.27397	31.24204	31.22426	31.14787
6/3/2025	1:45:46 PM	31.15808	31.17279	31.14318	31.13500	31.13505	31.13703	31.19801	31.27781	31.42765	31.29825	31.27736	31.24521	31.22047	31.14981
6/3/2025	1:45:49 PM	31.15993	31.17943	31.13717	31.14019	31.14114	31.13720	31.20316	31.28155	31.13572	31.30259	31.28001	31.25523	31.22780	31.14527
6/3/2025	1:45:53 PM	31.15920	31.16740	31.13111	31.13583	31.15095	31.13581	31.21404	31.28636	32.31190	31.30764	31.28389	31.26195	31.22271	31.14262
6/3/2025	1:45:56 PM	31.15960	31.16174	31.13511	31.13418	31.15094	31.13379	31.21953	31.29087	31.79584	31.31251	31.28718	31.26742	31.22274	31.14371
6/3/2025	1:46:00 PM	31.16201	31.15693	31.13814	31.13307	31.14923	31.13311	31.22264	31.29582	40.27524	31.31781	31.29200	31.27165	31.22062	31.14300
6/3/2025	1:46:04 PM	31.16503	31.15181	31.14299	31.13049	31.14716	31.13295	31.22697	31.29966	63.59514	31.32190	31.29643	31.27658	31.21789	31.14118
6/3/2025	1:46:07 PM	31.16795	31.14545	31.14366	31.13262	31.14359	31.13290	31.22998	31.30437	31.45059	31.32826	31.30039	31.27942	31.21443	31.13853
6/3/2025	1:46:11 PM	31.17002	31.13989	31.14110	31.13438	31.14397	31.13441	31.23072	31.30815	31.69194	31.33695	31.30544	31.28267	31.21281	31.13979
6/3/2025	1:46:14 PM	31.17139	31.13542	31.14172	31.14193	31.14197	31.13378	31.23178	31.31220	32.67178	31.34360	31.31122	31.28559	31.20858	31.13830
6/3/2025	1:46:18 PM	31.17155	31.13246	31.13849	31.14208	31.14280	31.13480	31.23076	31.31763	35.73375	31.35202	31.31721	31.28872	31.20397	31.13743
6/3/2025	1:46:21 PM	31.17154	31.13260	31.13593	31.14298	31.14348	31.13457	31.23215	31.32304	31.33528	31.36003	31.32413	31.29158	31.20117	31.13742
6/3/2025	1:46:25 PM	31.17298	31.13682	31.13632	31.14485	31.13989	31.13500	31.23183	31.32679	33.00313	31.36637	31.33012	31.29349	31.19871	31.13347
6/3/2025	1:46:29 PM	31.17203	31.14381	31.14328	31.14479	31.13417	31.13306	31.23105	31.33141	31.30232	31.37144	31.33694	31.29643	31.19499	31.13521
6/3/2025	1:46:32 PM	31.17517	31.15394	31.15229	31.14490	31.13510	31.13321	31.22677	31.33415	31.13661	31.37541	31.34100	31.29865	31.18730	31.13409
6/3/2025	1:46:36 PM	31.17730	31.16029	31.15478	31.14673	31.12999	31.13511	31.22519	31.33787	31.70318	31.38264	31.34753	31.30134	31.17893	31.13354
6/3/2025	1:46:39 PM	31.17907	31.16792	31.16554	31.14656	31.13266	31.13613	31.22350	31.34127	31.37899	31.38851	31.35412	31.30448	31.17194	31.12927
6/3/2025	1:46:43 PM	31.18171	31.17024	31.17191	31.14862	31.13703	31.13729	31.22348	31.34504	31.89658	31.39351	31.36076	31.30802	31.16318	31.13066
6/3/2025	1:46:47 PM	31.18330	31.16977	31.17255	31.15038	31.13141	31.13848	31.22069	31.34957	32.90930	31.39944	31.36527	31.31142	31.15877	31.13383
6/3/2025	1:46:50 PM	31.18563	31.17396	31.18409	31.15093	31.13137	31.13934	31.21894	31.35319	1233.47094	31.40636	31.36935	31.31448	31.15166	31.13535
6/3/2025	1:46:54 PM	31.18686	31.17727	31.18954	31.15177	31.13643	31.14007	31.21892	31.35631	1213.40998	31.41280	31.37359	31.31845	31.14601	31.13847
6/3/2025	1:46:57 PM	31.18885	31.17854	31.19032	31.15004	31.14977	31.14089	31.21636	31.35946	553.92307	31.41723	31.37631	31.32117	31.13885	31.14036
6/3/2025	1:47:01 PM	31.19090	31.18379	31.18811	31.14955	31.15768	31.14291	31.21509	31.36197	1230.22649	31.42043	31.38069	31.32804	31.13155	31.13726
6/3/2025	1:47:04 PM	31.21433	31.21943	31.21319	31.17390	31.17423	31.12885	31.21562	31.35071	1194.84524	31.40961	31.38287	31.34470	31.12987	31.14283
6/3/2025	1:47:08 PM	31.23002	31.23358	31.22593	31.19147	31.19615	31.14990	31.21973	31.34587	940.72037	31.39686	31.37809	31.35499	31.13623	31.14717
6/3/2025	1:47:12 PM	31.25200	31.25941	31.24923	31.21018	31.21482	31.17422	31.23401	31.34640	259.59024	31.38824	31.38337	31.36041	31.13635	31.14799
6/3/2025	1:47:15 PM	31.26650	31.27077	31.26322	31.22131	31.22310	31.19339	31.24257	31.34665	705.31597	31.38536	31.39058	31.38099	31.13317	31.15289
6/3/2025	1:47:19 PM	31.27518	31.28758	31.28242	31.23805	31.24315	31.21112	31.25431	31.35086	877.86250	31.39683	31.39551	31.38502	31.13927	31.15516
6/3/2025	1:47:22 PM	31.29253	31.29899	31.30597	31.25246	31.25243	31.24861	31.26753	31.34988	349.67484	31.39649	31.40111	31.38352	31.14583	31.16166
6/3/2025	1:47:26 PM	31.28987	31.30906	31.32273	31.27364	31.28397	31.28346	31.27079	31.33177	1421.54367	31.39249	31.40810	31.37902	31.14082	31.17223
6/3/2025	1:47:30 PM	31.30959	31.32376	31.33568	31.28923	31.28987	31.27348	31.27486	31.32452	1476.64993	31.37307	31.40407	31.38778	31.14023	31.17614
6/3/2025	1:47:33 PM	31.32137	31.34145	31.35749	31.30669	31.29633	31.27689	31.27717	31.32437	1495.63375	31.37108	31.39511	31.37303	31.14135	31.18326
6/3/2025	1:47:37 PM	31.31580	31.33975	31.35795	31.32272	31.31224	31.29188	31.28345	31.32250	1413.31981	31.35482	31.37959	31.35196	31.15205	31.18867
6/3/2025	1:47:40 PM	31.31654	31.35837	31.35646	31.32004	31.33051	31.30747	31.27762	31.31815	1265.66468	31.35384	31.38185	31.36916	31.16196	31.19154
6/3/2025	1:47:44 PM	31.33702	31.36138	31.35630	31.32895	31.33606	31.31936	31.29361	31.31721	130.01151	31.35297	31.38993	31.37294	31.15938	31.19531
6/3/2025	1:47:47 PM	31.34694	31.37772	31.36726	31.33797	31.34721	31.33922	31.30532	31.32444	1250.51266	31.34768	31.38971	31.37772	31.15044	31.18825
6/3/2025	1:47:51 PM	31.35840	31.38261	31.38262	31.34958	31.34479	31.34691	31.31515	31.34433	129.43553	31.35359	31.39371	31.38519	31.13754	31.20575
6/3/2025	1:47:55 PM	31.35966	31.38026	31.39074	31.34909	31.34155	31.37368	31.32589	31.36454	1250.25375	31.35103	31.39050	31.38386	31.14227	31.19591
6/3/2025	1:47:58 PM	31.35445	31.38037	31.39798	31.35146	31.34104	31.38074	31.33964	31.38643	1443.54378	31.35533	31.38801	31.38182	31.13322	31.18624
6/3/2025	1:48:02 PM	31.35741	31.37929	31.39461	31.35223	31.34442	31.37759	31.34473	31.39100	508.11512	31.35123	31.38299	31.37725	31.13390	31.17258
6/3/2025	1:48:05 PM	31.35954	31.37552	31.39731	31.35262	31.34784	186.37268	185.38430	193.37709	197.57854	202.98948	199.22137	192.75217	170.46950	178.45045
6/3/2025	1:48:09 PM	184.21228	187.56580	185.40114	183.08884	186.15476	186.03513	186.64986	195.04736	200.83823	206.22802	202.57949	195.36552	173.34800	183.07128
6/3/2025	1:48:13 PM	186.17582	187.47218	184.11645	182.87258	186.25387	188.72778	190.86016	199.94379	205.79330	211.97438	207.28279	199.40706	176.58524	185.78270
6/3/2025	1:48:16 PM	189.84515	188.77890	186.11663	185.30447	188.63650	188.59647	190.56483	200.55454	206.74039	213.27051	207.75254	199.91403	180.67263	190.00175
6/3/2025	1:48:20 PM	188.50007	187.13070	183.73097	185.38322	188.06688	191.57040	196.04190	206.03959	212.02863	217.12726	210.69032	200.35775	183.45216	192.52996
6/3/2025	1:48:23 PM	187.86552	187.09245	183.42812	185.67555	188.05599	193.53945	199.36508	209.32801	215.48893	219.63005	212.65088	201.12361	185.44410	194.52038
6/3/2025	1:48:27 PM	188.15752	187.56448	182.49772	187.50394	188.41025	194.94019	201.52374	211.50893	217.88939	221.49203	214.10041	201.96525	187.11981	196.24659
6/3/2025	1:48:30 PM	188.79117	188.19668	182.36856	188.43971	189.10533	195.98046	203.16247	213.39532	219.97412	223.04016	215.33406	202.84234	188.50530	197.74685
6/3/2025	1:48:34 PM	189.59735	189.07569	182.93772	188.45137	189.82627	196.96294	204.55801	214.96515	221.64992	224.45823	216.45975	203.71559	189.77863	199.20184
6/3/2025	1:48:38 PM	190.44537	190.10058	184.79783	188.73238	190.65780	197.90003	205.77313	216.36883	223.07795	225.66697	217.42782	204.52719	190.85502	200.53550
6/3/2025	1:48:41 PM	191.32979	190.97666	185.12012	191.08387	191.23169	198.66903	206.88134	217.64034	224.51788	226.62283	218.31175	205.34093	191.95108	201.82489
6/3/2025	1:48:45 PM	192.24342	191.85019	186.11766	191.24927	192.22234	199.62249	208.05486	218.80308	225.85216	227.61434	219.05742	205.94051	192.95340	202.92351
6/3/2025	1:48:48 PM	192.43448	193.10933	187.15790	191.58679	193.85530	202.04021	210.61064	221.34564	226.62314	227.08170	217.63969	205.19993	193.95707	204.13001
6/3/2025	1:48:52 PM	194.17430	194.94498	189.06534	192.58704	194.48479	200.32787	208.13463	219.03652	224.73488	226.60763	217.86338	206.36996	189.40431	201.66523
6/3/2025	1:48:56 PM	196.77713	199.57641	194.06956	194.60862	196.43144	198.86922	206.76831	219.76632	225.81752	228.64436	220.80949	210.27643	194.44829	206.23258
6/3/2025	1:48:59 PM	201.85076	202.22630	197.56367	198.19914	202.43599	205.26256	209.91208	220.87471	225.37383	228.47487	220.54262	211.91740	195.45639	204.89502
6/3/2025	1:49:03 PM	201.16546	202.88364	198.73748	199.26570	203.73494	206.29518	210.47079	220.35091	224.24049	226.11854	218.72403	210.40626	191.59742	201.70833
6/3/2025	1:49:06 PM	201.67456	203.30605	198.67703	198.92463	202.64797	206.02787	211.16670	220.34664	223.54004	224.73462	217.46640	208.42628	190.13126	201.98712
6/3/2025	1:49:10 PM	201.77674	203.52272	198.43152	198.79106	202.07852	205.36104	211.33497	220.85160	224.77313	227.90655	221.20116	211.84863	195.20521	206.83469
6/3/2025	1:49:14 PM	203.58915	203.37201	198.30385	198.26004	202.54742	206.89594	213.49193	224.37262	227.54978	234.04179	225.36996	214.85442	199.05372	210.10095
6/3/2025	1:49:17 PM	204.81495	203.77737	199.48060	198.20960	202.69174	207.99643	215.15831	226.71807	229.69752	237.64928	227.95647	216.90235	201.38974	212.21487
6/3/2025	1:49:21 PM	205.89839	204.44959	200.20137	198.61346	203.89190	208.99000	216.46816	228.31624	231.26972	240.25385	229.75317	218.38837	202.93271	213.61742
6/3/2025	1:49:24 PM	206.84852	205.14741	200.43641	199.18151	205.66949	209.77742	217.44549	229.53918	232.69568	242.09158	231.11869	219.61949	204.12973	214.90474
6/3/2025	1:49:28 PM	207.80697	205.86225	201.38239	199.98472	207.23911	210.61916	218.46798	230.53517	233.97059	243.65082	232.33120	220.74594	205.19866	216.01809
6/3/2025	1:49:32 PM	208.72280	206.60265	202.57807	200.69497	207.66847	211.25882	219.26911	231.48788	235.28703	244.77181	233.37089	221.73293	206.11766	217.03253
6/3/2025	1:49:35 PM	209.60617	207.45297	203.82033	201.48189	207.92103	212.03516	220.03398	232.35283	236.59020	245.76588	234.40220	222.72342	207.06809	218.08825
6/3/2025	1:49:39 PM	210.52735	208.27685	204.97319	202.24789	208.30121	212.83947	220.95225	233.27703	237.80151	246.72694	235.41633	223.70399	208.02514	219.16020
6/3/2025	1:49:42 PM	211.42036	209.00817	205.95850	203.01676	208.93340	213.51547	221.80239	234.21603	239.01464	247.64441	236.42718	224.66223	208.90759	220.17255
6/3/2025	1:49:46 PM	212.30760	209.76994	206.55901	203.72796	209.92220	214.22354	222.66184	235.12097	240.19495	248.57909	237.44016	225.63253	209.83192	221.20375
6/3/2025	1:49:49 PM	213.20819	210.50054	207.33418	204.51645	210.08884	215.01189	223.48748	235.96278	241.33688	249.58048	238.45999	226.59716	210.72789	222.19271
6/3/2025	1:49:53 PM	214.09793	211.26601	207.82342	205.21672	210.71668	215.84287	224.38100	236.80084	242.41142	250.52343	239.45665	227.56057	211.67718	223.21746
6/3/2025	1:49:56 PM	214.99948	212.01817	208.33078	205.89090	211.45056	216.65024	225.24261	237.63045	243.45968	251.53062	240.45910	228.51381	212.57905	224.20562
6/3/2025	1:50:00 PM	215.90032	212.78303	208.68243	206.49762	212.50903	217.40934	226.06481	238.47452	244.45815	252.54827	241.46913	229.46676	213.47084	225.17152
6/3/2025	1:50:04 PM	216.79627	213.56316	208.78164	207.10731	213.43028	218.19417	226.82610	239.31036	245.45270	253.50692	242.45393	230.39936	214.33258	226.10996
6/3/2025	1:50:07 PM	217.68062	214.29045	209.49457	207.85555	213.38387	218.97164	227.65897	240.13447	246.40659	254.50169	243.43731	231.34866	215.16429	227.04707
6/3/2025	1:50:11 PM	218.58076	215.04543	210.26802	208.62090	213.83735	219.63222	228.36954	240.89993	247.31801	255.59282	244.45582	232.32245	216.03386	228.01501
6/3/2025	1:50:15 PM	219.50632	215.86261	210.74605	209.16531	214.21904	220.36369	229.21735	241.64512	248.18540	256.61343	245.43995	233.27050	216.87035	228.92782
6/3/2025	1:50:18 PM	220.38696	216.60323	211.45499	209.69142	214.48523	221.03003	229.88662	242.38585	249.07212	257.60268	246.43501	234.20961	217.69375	229.84836
6/3/2025	1:50:22 PM	221.26838	217.31750	212.13620	210.24541	215.11357	221.76520	230.68514	243.09263	249.89302	258.57831	247.34911	235.09862	218.51076	230.75015
6/3/2025	1:50:25 PM	222.11602	218.03637	212.76439	210.76493	215.50422	221.98251	230.37447	242.80691	250.32193	257.80523	247.41997	235.27938	215.69127	228.70110
6/3/2025	1:50:29 PM	224.43923	221.90297	217.58465	215.53379	219.18985	223.98602	231.04526	243.40760	252.66111	256.93318	247.28217	235.89901	216.02997	229.17339
6/3/2025	1:50:32 PM	225.89031	223.34478	217.56593	216.36070	221.55392	224.52984	231.79670	243.87005	251.87237	255.91422	247.04076	236.66716	219.61295	229.99070
6/3/2025	1:50:36 PM	225.95457	227.38817	224.60126	219.63666	221.54274	226.24484	232.23168	242.26040	249.15327	255.53998	246.40406	235.65261	220.36475	229.52594
6/3/2025	1:50:40 PM	227.23275	229.77906	226.11933	222.70882	225.26838	228.62368	233.76262	243.30293	250.31253	255.14324	247.59606	238.27432	220.24005	229.20806
6/3/2025	1:50:43 PM	229.70084	230.84058	227.46846	224.15186	227.73524	230.65758	233.60650	244.04418	250.74250	254.62008	249.17132	240.54906	219.94460	229.83638
6/3/2025	1:50:47 PM	230.12323	230.93189	229.01181	224.08167	225.58459	228.28364	235.00729	245.16522	251.61904	255.32293	249.84941	240.95726	221.66996	232.18781
6/3/2025	1:50:50 PM	230.63372	231.71282	228.92705	225.61835	227.79607	231.78950	236.59262	245.32387	252.19173	256.65703	251.23677	242.96723	223.03170	234.09611
6/3/2025	1:50:54 PM	233.20772	234.53475	232.39390	229.18483	229.89136	232.84172	237.24816	246.13345	252.17715	256.10056	250.78002	241.61553	222.64975	232.62573
6/3/2025	1:50:58 PM	232.28767	234.38379	231.66047	228.92746	230.40198	233.23996	237.30612	248.49157	254.24254	257.15141	251.68071	243.27966	225.65485	233.51847
6/3/2025	1:51:01 PM	233.61565	236.26550	234.84622	231.91394	232.34058	233.06420	237.02669	247.96322	254.14305	256.73871	249.80872	242.37077	222.27462	231.22388
6/3/2025	1:51:05 PM	233.63065	235.77860	234.19494	231.99930	233.94351	233.32409	235.92121	244.63109	248.43112	254.21075	247.48616	238.34713	225.67575	230.28095
6/3/2025	1:51:08 PM	232.12914	236.95538	237.09176	236.06123	238.34272	237.28145	236.41646	243.18174	247.08739	250.62396	246.55295	238.51836	225.39578	228.88683
6/3/2025	1:51:12 PM	233.68050	237.59905	236.50187	234.34757	236.47180	236.29500	237.18615	244.75584	249.37065	252.34338	247.31583	239.70097	222.84902	229.00548
6/3/2025	1:51:16 PM	233.91583	236.59164	235.08361	232.89546	235.46319	236.04591	238.04179	246.05001	250.18983	252.14096	247.17742	240.92601	224.18575	229.27151
6/3/2025	1:51:19 PM	235.24563	239.12915	238.53810	236.85476	238.64068	237.62713	237.56168	244.13212	248.65165	250.15024	245.96744	241.15922	226.07347	230.24227
6/3/2025	1:51:23 PM	235.62671	238.62919	237.69520	236.61127	237.14764	238.08888	240.72598	248.02010	253.10148	255.36079	250.08793	243.33876	229.30143	235.97228
6/3/2025	1:51:26 PM	235.92856	237.11357	234.63091	234.66373	236.17412	239.46950	243.84390	251.39544	256.27635	258.90757	253.09835	245.27115	231.53194	239.39721
6/3/2025	1:51:30 PM	236.58571	236.65025	233.10204	233.80655	235.97335	240.52302	245.79091	253.49081	258.19459	261.05605	255.01456	246.74413	233.11623	241.57961
6/3/2025	1:51:34 PM	237.31612	236.73023	232.42388	233.76811	236.24556	241.47025	247.21008	254.99526	259.65229	262.49615	256.39392	247.99806	234.42940	243.21419
6/3/2025	1:51:37 PM	238.06868	237.09157	232.22678	233.96573	236.83461	242.35294	248.38319	256.17513	260.79455	263.56726	257.45418	249.07172	235.53082	244.50952
6/3/2025	1:51:41 PM	238.84562	237.63898	232.46880	234.38375	237.51607	243.18292	249.33448	257.13173	261.68235	264.47592	258.33691	250.05475	236.53179	245.65119
6/3/2025	1:51:44 PM	239.63854	238.25670	232.70760	235.13419	238.20360	243.91916	250.20717	258.02899	262.52450	265.24022	259.12415	250.97050	237.47536	246.68018
6/3/2025	1:51:48 PM	240.42637	238.88776	233.01475	235.96278	238.82487	244.63522	251.03029	258.83380	263.26723	265.94968	259.84788	251.84845	238.37290	247.66061
6/3/2025	1:51:52 PM	241.23805	239.58529	233.55078	236.10969	239.21238	245.39001	251.80458	259.60980	263.95820	266.59309	260.51593	252.65400	239.25239	248.58145
6/3/2025	1:51:55 PM	242.03355	240.26437	234.36934	236.48958	239.72191	246.12971	252.50855	260.29039	264.57498	267.21201	261.15732	253.44783	240.11410	249.48353
6/3/2025	1:51:59 PM	242.83108	240.94679	235.13156	236.94198	240.23958	246.82551	253.20512	260.98570	265.19623	267.76518	261.75457	254.19610	240.92297	250.31182
6/3/2025	1:52:02 PM	243.59058	241.55032	235.83246	237.36998	240.73032	247.51299	253.85417	261.54417	265.74575	268.27314	262.28469	254.84748	241.65574	251.04598
6/3/2025	1:52:06 PM	244.30082	242.12627	236.54179	237.86093	241.16680	248.08254	254.41478	262.06076	266.22570	268.71204	262.70455	255.37460	242.31135	251.69144
6/3/2025	1:52:10 PM	244.92413	242.63736	236.87754	238.14165	241.55542	248.59944	254.90733	262.47818	266.61600	269.05483	263.05161	255.84283	242.90352	252.25246
6/3/2025	1:52:13 PM	245.53949	243.18023	237.34385	238.59985	242.03511	249.12817	255.33057	262.85858	266.95879	269.34323	263.37848	256.29736	243.53356	252.81113
6/3/2025	1:52:17 PM	246.10058	243.70465	237.74346	238.96642	242.45903	249.58155	255.75065	263.20892	267.28864	269.58659	263.66346	256.69998	244.02839	253.26649
6/3/2025	1:52:20 PM	246.61401	244.13158	238.09520	239.39794	242.82770	249.97833	256.14680	263.56750	267.59674	269.80406	263.93927	257.09062	244.54392	253.72492
6/3/2025	1:52:24 PM	247.11904	244.58424	238.54888	239.83057	243.23736	250.39858	256.52249	263.87809	267.84696	269.98384	264.19034	257.45943	245.02325	254.14633
6/3/2025	1:52:27 PM	247.59820	245.00557	238.96505	240.15243	243.66389	250.80632	256.89905	264.18325	268.12356	270.12285	264.42059	257.81275	245.48287	254.54763
6/3/2025	1:52:30 PM	248.05612	245.43124	239.29672	240.53131	244.02978	251.20899	257.26224	264.46249	268.36754	270.26475	264.66023	258.16709	245.94542	254.95000
6/3/2025	1:52:34 PM	248.51610	245.83413	239.70862	240.91106	244.36297	251.60556	257.61942	264.75040	268.58896	270.39906	264.87727	258.49214	246.37482	255.30190
6/3/2025	1:52:38 PM	248.92471	246.21699	240.07167	241.31043	244.71737	251.98229	257.96323	265.01860	268.80169	270.52878	265.08764	258.81712	246.80167	255.64648
6/3/2025	1:52:41 PM	249.34551	246.57196	240.51495	241.66916	245.06568	252.34096	258.29136	265.26900	269.01854	270.63997	265.29019	259.13244	247.20280	255.96822
6/3/2025	1:52:45 PM	249.74357	246.93148	240.78250	242.05335	245.48752	252.70922	258.60588	265.50179	269.20228	270.73207	265.46994	259.41682	247.59201	256.26301
6/3/2025	1:52:48 PM	250.10088	247.23214	241.11331	242.42336	245.90540	253.07173	258.91622	265.71768	269.37095	270.83985	265.65327	259.70132	247.96798	256.54083
6/3/2025	1:52:52 PM	250.45846	247.53193	241.46256	242.85638	246.30658	253.42402	259.21505	265.92532	269.53309	270.93925	265.82524	259.97031	248.33888	256.80820
6/3/2025	1:52:55 PM	250.80605	247.77731	241.96063	243.21740	246.66635	253.76143	259.49132	266.10037	269.67727	271.03189	265.98263	260.23500	248.68453	257.04394
6/3/2025	1:52:59 PM	251.16144	248.04380	242.40182	243.61392	247.04372	254.10153	259.77339	266.27824	269.82562	271.12548	266.14110	260.50665	249.02488	257.24166
6/3/2025	1:53:02 PM	251.52922	248.37523	242.70233	243.94667	247.40198	254.42761	260.04312	266.45170	269.97470	271.20342	266.28699	260.76558	249.33210	257.37771
6/3/2025	1:53:06 PM	251.88245	248.71929	242.97939	244.23363	247.73823	254.73387	260.30227	266.61888	270.12175	271.27405	266.42934	261.02462	249.63605	257.53001
6/3/2025	1:53:09 PM	252.22769	249.05899	243.27255	244.52814	248.09172	255.04119	260.56164	266.78132	270.26366	271.34964	266.57305	261.28202	249.94663	257.72070
6/3/2025	1:53:13 PM	252.57598	249.39785	243.59917	244.83074	248.44659	255.34405	260.81912	266.94199	270.40244	271.42892	266.71519	261.53285	250.26062	257.93737
6/3/2025	1:53:17 PM	252.91111	249.72396	243.94402	245.12297	248.78838	255.63091	261.06838	267.09546	270.54244	271.50709	266.85421	261.77100	250.57219	258.16290
6/3/2025	1:53:20 PM	253.23607	250.03647	244.30947	245.40695	249.14383	255.91571	261.31505	267.24793	270.69072	271.58748	266.99390	262.00679	250.89301	258.40073
6/3/2025	1:53:24 PM	253.53646	250.31684	244.70036	245.61489	249.49178	256.19823	261.54743	267.38371	270.84311	271.66058	267.12108	262.21509	251.19767	258.62503
6/3/2025	1:53:27 PM	253.81924	250.59073	245.13147	245.84286	249.81830	256.47280	261.77423	267.52305	271.02268	271.73602	267.25239	262.43102	251.50811	258.85605
6/3/2025	1:53:31 PM	254.10911	250.87361	245.51455	246.12326	250.12163	256.74139	261.99073	267.65379	271.17928	271.81367	267.38147	262.64298	251.81601	259.08400
6/3/2025	1:53:34 PM	254.40465	251.16088	245.87153	246.43524	250.41405	257.00547	262.20065	267.78172	271.34902	271.89206	267.50959	262.85525	252.11767	259.30754
6/3/2025	1:53:38 PM	254.69776	251.44137	246.20576	246.76310	250.69413	257.26116	262.40414	267.90603	271.53310	271.97097	267.63230	263.06083	252.41363	259.52366
6/3/2025	1:53:42 PM	254.98895	251.72193	246.53088	247.10376	250.96860	257.50906	262.60271	268.03468	271.72201	272.05458	267.75258	263.26716	252.71285	259.73888
6/3/2025	1:53:45 PM	255.27491	251.99384	246.84603	247.45575	251.23561	257.74750	262.79454	268.16486	271.91593	272.14372	267.86840	263.46493	252.99986	259.94691
6/3/2025	1:53:49 PM	255.55405	252.26022	247.15015	247.81309	251.48741	257.97660	262.97851	268.29206	272.11756	272.26160	267.98353	263.65643	253.28349	260.15237
6/3/2025	1:53:52 PM	255.82415	252.51937	247.44395	248.16582	251.72373	258.20851	263.16417	268.41964	272.32039	272.44219	268.09978	263.84901	253.56454	260.35829
6/3/2025	1:53:56 PM	256.10010	252.78233	247.73794	248.51187	251.95174	258.43719	263.34775	268.54610	272.53689	272.66304	268.21448	264.03989	253.84257	260.56222
6/3/2025	1:54:00 PM	256.36858	253.03961	248.03010	248.84825	252.17337	258.65765	263.52071	268.66806	272.77135	272.89165	268.32584	264.22454	254.11486	260.75679
6/3/2025	1:54:03 PM	256.62403	253.28231	248.30870	249.16420	252.39203	258.86778	263.68407	268.78774	273.03432	273.16744	268.43336	264.40384	254.37947	260.94493
6/3/2025	1:54:07 PM	256.88151	253.53128	248.59384	249.48706	252.59588	259.07730	263.84473	268.90711	273.34412	273.45230	268.54191	264.58160	254.64369	261.12842
6/3/2025	1:54:10 PM	257.10415	253.62853	248.83846	249.80213	252.73496	258.70691	263.37732	268.73099	273.02476	273.26908	268.48805	264.81877	251.59400	259.05078
6/3/2025	1:54:14 PM	257.67705	254.01142	248.92857	250.14861	252.85968	257.37940	262.37687	268.52192	272.80744	273.18917	268.35878	264.76801	248.69837	257.38939
6/3/2025	1:54:17 PM	257.99122	253.84230	248.54280	249.98138	252.29166	255.89138	261.57623	268.20215	272.54751	273.07553	267.83374	264.78267	246.72954	256.58612
6/3/2025	1:54:21 PM	257.35362	253.03193	247.54793	248.96844	251.13441	254.07675	260.42230	267.45996	271.75628	272.34658	266.96280	263.72217	245.74960	254.89478
6/3/2025	1:54:25 PM	256.63197	252.07060	246.69589	248.03738	250.07973	253.22518	259.38715	266.43364	270.51434	271.17823	265.95660	263.28262	245.79086	254.82114
6/3/2025	1:54:28 PM	256.31683	251.65970	246.49168	247.77849	250.14327	253.37803	258.91388	265.16305	268.79543	269.64238	264.68112	262.40576	247.23113	255.49197
6/3/2025	1:54:32 PM	255.83774	251.27877	246.72051	247.68049	249.67567	252.77070	257.85824	263.50195	266.53190	267.72805	262.98914	261.05327	247.58165	254.92726
6/3/2025	1:54:35 PM	255.00194	250.40486	246.10230	246.97618	248.55385	251.66176	256.22097	261.65562	264.11293	265.81525	261.07997	259.33398	246.72087	253.46588
6/3/2025	1:54:39 PM	254.01010	249.50241	244.90579	245.90544	247.03200	250.23064	254.39454	259.83075	261.81292	263.79071	259.21507	257.34804	244.76946	251.43637
6/3/2025	1:54:43 PM	252.72525	248.45362	243.44286	244.52757	245.53468	248.60467	252.60817	258.00751	259.72792	261.76895	257.13699	255.19799	242.59898	249.18156
6/3/2025	1:54:46 PM	250.91900	247.25465	241.75471	242.76281	244.09582	246.38337	250.90451	256.10647	258.19981	259.55708	254.71466	252.90467	240.48251	246.59158
6/3/2025	1:54:50 PM	248.86282	245.86020	239.97037	240.81713	242.37483	243.95843	249.28313	254.10732	256.34729	257.00107	252.57186	250.49140	238.41404	243.96836
6/3/2025	1:54:53 PM	246.68520	244.07734	238.29837	239.15127	240.46399	241.55916	247.70008	252.05573	254.24661	254.32688	250.54567	247.96268	236.47903	241.63884
6/3/2025	1:54:57 PM	244.31959	242.07996	236.44974	237.29057	238.49985	239.47623	246.02087	249.96122	252.00162	251.63848	248.33508	245.22795	234.43795	239.34109
6/3/2025	1:55:00 PM	242.12308	240.12352	234.48993	235.30043	236.47763	237.81590	243.92498	247.77324	249.78727	248.86667	245.59316	242.75141	232.19737	237.08642
6/3/2025	1:55:04 PM	240.39179	238.10555	232.61439	233.07504	234.67796	235.92431	241.47808	245.18260	247.27591	246.30599	243.21668	240.28230	229.96335	234.16814
6/3/2025	1:55:08 PM	237.71488	235.32805	230.57131	231.49588	232.38753	233.29091	238.44822	241.58689	243.87946	242.65760	240.07205	236.83362	226.60602	230.41924
6/3/2025	1:55:11 PM	234.07959	232.11011	227.53241	228.34951	228.32474	229.05422	234.14785	237.06912	239.43073	238.37091	235.44909	232.74359	222.97287	226.20689
6/3/2025	1:55:15 PM	230.38256	228.48183	224.23320	224.98150	225.15367	224.92321	230.21464	233.22301	235.51099	234.31797	231.33313	228.85884	219.72768	222.97745
6/3/2025	1:55:18 PM	226.93786	224.45174	221.21814	222.07148	222.04135	221.30479	226.55709	229.73936	231.91024	230.84125	227.62214	225.43829	217.16566	219.94389
6/3/2025	1:55:22 PM	224.07642	221.44912	218.42283	219.52402	219.13717	218.10882	223.46998	226.48706	228.72917	227.69029	224.40701	222.28312	214.58454	217.07605
6/3/2025	1:55:26 PM	221.26277	218.51246	215.87657	216.84397	216.62914	215.20649	220.46957	223.43176	225.58194	224.86133	221.45678	219.07419	211.93309	214.53273
6/3/2025	1:55:29 PM	218.45749	215.88649	213.36382	214.36607	214.16297	212.48680	217.68033	220.45303	222.73280	222.22273	218.65387	216.10967	209.18693	212.12602
6/3/2025	1:55:33 PM	215.75877	213.35073	210.78533	211.87668	211.74734	209.69502	214.85416	217.42269	220.04294	219.56883	215.93564	213.35857	206.53630	209.61173
6/3/2025	1:55:36 PM	213.19641	210.89522	208.45210	209.50081	209.45117	207.00870	212.19861	214.57836	217.52317	216.97201	213.40767	210.80239	203.99983	207.20269
6/3/2025	1:55:40 PM	210.74316	208.40410	206.07957	207.18616	207.17457	204.38795	209.61716	211.91106	214.88863	214.37209	210.99691	208.22881	201.58308	204.78638
6/3/2025	1:55:44 PM	208.34396	205.97034	203.65488	204.77412	204.81249	201.76665	206.98001	209.24084	212.23597	211.73268	208.46680	205.70879	199.09048	202.34755
6/3/2025	1:55:47 PM	205.99171	203.62114	201.38119	202.48146	202.58792	199.28097	204.46026	206.72445	209.80029	209.20697	206.12150	203.30366	196.75402	200.02944
6/3/2025	1:55:51 PM	203.65676	201.34743	199.13600	200.29879	200.42899	196.90722	202.04567	204.23413	207.40505	206.78450	203.80580	200.79267	194.41543	197.69966
6/3/2025	1:55:54 PM	201.35529	199.07968	196.96208	198.15055	198.28726	194.56058	199.61375	201.74185	205.07131	204.44372	201.54531	198.35902	192.20599	195.38753
6/3/2025	1:55:58 PM	199.08064	196.88666	194.84640	196.07428	196.14132	192.32851	197.30933	199.33465	202.83056	202.20011	199.39078	196.01292	190.08759	193.19328
6/3/2025	1:56:02 PM	196.94704	194.79626	192.88213	194.02742	194.02449	190.16791	195.08088	196.97319	200.70968	200.04829	197.29157	193.76098	188.02416	191.08042
6/3/2025	1:56:05 PM	194.81314	192.69782	190.89078	192.00235	191.91483	188.00233	192.87512	194.64244	198.54707	197.87516	195.18730	191.53683	185.94717	188.96227
6/3/2025	1:56:09 PM	192.70201	190.67859	188.99443	190.07748	189.84366	185.96327	190.76508	192.39294	196.48590	195.81765	193.19903	189.45117	183.95516	186.94820
6/3/2025	1:56:12 PM	190.70228	188.73733	187.15920	188.23404	187.85845	183.98980	188.73492	190.23956	194.48654	193.84048	191.27175	187.45483	182.04492	185.00035
6/3/2025	1:56:16 PM	188.77106	186.86678	185.39283	186.44352	185.98296	182.09019	186.74905	188.15800	192.53709	191.87668	189.36773	185.47708	180.16298	183.07933
6/3/2025	1:56:19 PM	186.82451	184.96819	183.62023	184.64876	184.11813	180.19670	184.78497	186.10630	190.58602	189.89710	187.45226	183.52483	178.28889	181.15911
6/3/2025	1:56:23 PM	184.94226	183.11431	181.87628	182.87576	182.29105	178.36281	182.86258	184.11099	188.67967	187.97527	185.59736	181.62165	176.46852	179.29773
6/3/2025	1:56:26 PM	183.09642	181.29069	180.18910	181.15444	180.53524	176.56801	180.99859	182.17380	186.82881	186.10793	183.80368	179.78584	174.70737	177.50093
6/3/2025	1:56:30 PM	181.32418	179.54023	178.55449	179.48768	178.81956	174.84893	179.19879	180.29958	185.03318	184.30117	182.05590	178.00635	173.01358	175.77054
6/3/2025	1:56:34 PM	179.57155	177.82044	176.94970	177.84244	177.14852	173.15528	177.44094	178.48677	183.28548	182.53497	180.33329	176.28223	171.35639	174.07421
6/3/2025	1:56:37 PM	177.88037	176.14766	175.39221	176.23465	175.52399	171.54043	175.76866	176.73166	181.60689	180.83620	178.67118	174.62314	169.75515	172.44662
6/3/2025	1:56:41 PM	176.24524	174.53479	173.88099	174.67361	173.91819	169.92532	174.08600	174.98540	179.91561	179.14121	177.00429	172.97322	168.17023	170.83419
6/3/2025	1:56:44 PM	174.65100	172.96731	172.41415	173.14902	172.35810	168.38317	172.48591	173.32594	178.29978	177.52795	175.43085	171.39592	166.65255	169.28152
6/3/2025	1:56:48 PM	173.09280	171.43169	170.99025	171.66663	170.84356	166.88838	170.93086	171.71203	176.73185	175.95401	173.88496	169.86591	165.17810	167.78898
6/3/2025	1:56:52 PM	171.59241	169.95230	169.61095	170.22201	169.38003	165.43887	169.43095	170.14451	175.21212	174.43523	172.39944	168.39247	163.76250	166.34677
6/3/2025	1:56:55 PM	170.12756	168.51574	168.27194	168.81073	167.95951	164.03065	167.96809	168.62458	173.71867	172.93626	170.92036	166.93214	162.35736	164.91926
6/3/2025	1:56:59 PM	168.70177	167.11134	166.97090	167.42489	166.55541	162.65260	166.54900	167.15499	172.27272	171.48955	169.50571	165.52907	161.00132	163.54626
6/3/2025	1:57:02 PM	167.30470	165.74518	165.69814	166.06700	165.18965	161.30635	165.16717	165.71495	170.85884	170.07720	168.11442	164.15794	159.69288	162.21146
6/3/2025	1:57:06 PM	165.94566	164.40923	164.45115	164.74500	163.85008	159.98975	163.82460	164.32976	169.48924	168.70755	166.76487	162.82244	158.40846	160.90762
6/3/2025	1:57:10 PM	164.63025	163.11398	163.24321	163.46275	162.54850	158.70593	162.50401	162.96379	168.13835	167.36062	165.44610	161.52139	157.15936	159.64155
6/3/2025	1:57:13 PM	163.36525	161.86941	162.08401	162.22478	161.28751	157.47098	161.23546	161.65520	166.83984	166.06262	164.16931	160.27034	155.95692	158.42923
6/3/2025	1:57:17 PM	162.12371	160.65177	160.94783	161.00974	160.05773	156.26912	160.00566	160.38969	165.58204	164.81003	162.93419	159.05878	154.79814	157.25812
6/3/2025	1:57:20 PM	160.94006	159.49010	159.86900	159.85471	158.88784	155.12003	158.82916	159.17627	164.36653	163.60582	161.74506	157.89148	153.68056	156.13117
6/3/2025	1:57:24 PM	159.76493	158.33609	158.78492	158.68593	157.70570	153.96108	157.63955	157.95139	163.14130	162.39101	160.55574	156.72154	152.56472	155.00642
6/3/2025	1:57:28 PM	158.62978	157.22262	157.73735	157.56045	156.57119	152.84955	156.49828	156.79039	161.97902	161.23725	159.42104	155.61326	151.50722	153.94366
6/3/2025	1:57:31 PM	157.52871	156.14562	156.72489	156.46994	155.47585	151.76946	155.39042	155.65247	160.83655	160.10478	158.30920	154.52510	150.47353	152.90397
6/3/2025	1:57:35 PM	156.45592	155.09745	155.74265	155.41338	154.40990	150.72005	154.31015	154.55435	159.72706	159.00451	157.22956	153.46849	149.47048	151.90020
6/3/2025	1:57:38 PM	155.41918	154.08571	154.78958	154.38010	153.36988	149.70029	153.25923	153.47909	158.65020	157.93848	156.17102	152.43388	148.49818	150.92519
6/3/2025	1:57:42 PM	154.40164	153.08910	153.85593	153.36882	152.35263	148.69717	152.23140	152.43554	157.59213	156.89085	155.13918	151.42786	147.55200	149.97732
6/3/2025	1:57:46 PM	153.40722	152.12344	152.94189	152.37972	151.36237	147.72616	151.23720	151.42084	156.56924	155.88263	154.14917	150.46422	146.64155	149.06998
6/3/2025	1:57:49 PM	152.46055	151.19491	152.06982	151.43126	150.40553	146.79238	150.27694	150.44640	155.58516	154.91144	153.19289	149.53293	145.76536	148.19344
6/3/2025	1:57:53 PM	151.53722	150.29536	151.22281	150.50699	149.47855	145.88131	149.33587	149.48885	154.62058	153.95664	152.24080	148.60690	144.89903	147.32767
6/3/2025	1:57:56 PM	150.64720	149.43011	150.40881	149.61510	148.58133	145.00553	148.43597	148.57423	153.69608	153.04581	151.34166	147.73082	144.07803	146.50880
6/3/2025	1:58:00 PM	149.77871	148.57990	149.60710	148.73946	147.69787	144.14414	147.55028	147.67343	152.78444	152.15088	150.45939	146.87408	143.27562	145.70962
6/3/2025	1:58:04 PM	148.92832	147.74932	148.82504	147.88540	146.84388	143.30542	146.68450	146.79381	151.89127	151.27662	149.59138	146.02883	142.47977	144.92031
6/3/2025	1:58:07 PM	148.11059	146.94714	148.06806	147.05374	146.00666	142.49142	145.84523	145.94121	151.02383	150.42609	148.75710	145.21474	141.71862	144.15373
6/3/2025	1:58:11 PM	147.30357	146.15970	147.31937	146.23642	145.18382	141.69484	145.02404	145.10765	150.17923	149.60027	147.93517	144.42177	140.97539	143.41621
6/3/2025	1:58:14 PM	146.52398	145.39981	146.60087	145.44377	144.39147	140.92487	144.22597	144.29933	149.35012	148.78953	147.14147	143.64380	140.25480	142.69932
6/3/2025	1:58:18 PM	145.75993	144.65361	145.89246	144.66405	143.60627	140.16758	143.44083	143.50704	148.54050	148.00408	146.36253	142.89193	139.54969	141.99482
6/3/2025	1:58:22 PM	145.01567	143.92780	145.20377	143.90930	142.84902	139.43405	142.67665	142.73030	147.73974	147.22104	145.58810	142.14329	138.85295	141.30349
6/3/2025	1:58:25 PM	144.27772	143.21066	144.52301	143.16053	142.10002	138.71020	141.92253	141.96707	146.95601	146.45803	144.83317	141.42353	138.17595	140.62823
6/3/2025	1:58:29 PM	143.56025	142.49909	143.82267	142.45860	141.48207	138.17581	141.35517	141.34267	146.17977	145.54972	143.76741	140.26579	137.48403	139.94101
6/3/2025	1:58:32 PM	142.22054	141.23686	142.86727	141.71372	141.08296	138.13867	141.40446	141.45341	145.96039	145.06505	142.89724	139.11387	136.79243	139.30489
6/3/2025	1:58:36 PM	141.08656	140.19021	141.81620	140.75784	140.13453	137.20144	140.39927	140.35756	144.81288	143.95690	141.85820	138.31885	135.90576	138.36703
6/3/2025	1:58:40 PM	140.40058	139.52890	141.05517	139.96091	139.22427	136.23641	139.42534	139.38189	143.91752	143.19741	141.21376	137.70944	135.23854	137.70635
6/3/2025	1:58:43 PM	139.66940	138.81784	140.43817	139.26891	138.57349	135.66558	138.83150	138.74877	143.14930	142.36781	140.24997	136.65192	134.51805	136.95962
6/3/2025	1:58:47 PM	138.53138	137.81457	139.53823	138.45992	137.85974	135.06325	138.21873	138.09413	142.38689	141.55054	139.38078	135.83786	133.84217	136.30020
6/3/2025	1:58:50 PM	137.76747	137.07095	138.89882	137.79091	137.25593	134.55098	137.67326	137.53312	141.74492	140.88130	138.65234	135.09731	133.25101	135.71689
6/3/2025	1:58:54 PM	137.04040	136.42433	138.31948	137.16435	136.68212	134.04147	137.15132	136.99418	141.12003	140.24041	137.97827	134.43134	132.68963	135.16332
6/3/2025	1:58:57 PM	136.35957	135.79557	137.74374	136.53918	136.09663	133.51627	136.61641	136.44658	140.49697	139.59041	137.31300	133.79652	132.13938	134.60984
6/3/2025	1:59:01 PM	135.71284	135.16970	137.16149	135.93109	135.52246	132.99796	136.07632	135.87200	139.86204	138.94964	136.64564	133.16030	131.57829	134.04254
6/3/2025	1:59:04 PM	135.04060	134.52372	136.55021	135.29789	134.90912	132.44401	135.51469	135.29389	139.21423	138.28517	135.97027	132.51290	131.01416	133.47560
6/3/2025	1:59:08 PM	134.36902	133.88899	135.94660	134.68527	134.32935	131.90507	134.94088	134.71218	138.57804	137.64358	135.30677	131.87333	130.45514	132.91555
6/3/2025	1:59:12 PM	133.71887	133.25382	135.34589	134.07795	133.74609	131.37774	134.39618	134.15853	137.95427	137.01589	134.67005	131.26276	129.91686	132.37112
6/3/2025	1:59:15 PM	133.08100	132.64339	134.76647	133.47736	133.16724	130.84234	133.83708	133.60036	137.34377	136.39326	134.03761	130.65763	129.38234	131.83234
6/3/2025	1:59:19 PM	132.45144	132.05283	134.19824	132.89021	132.60780	130.33264	133.30972	133.05037	136.73423	135.78024	133.41944	130.06678	128.86431	131.30813
6/3/2025	1:59:22 PM	131.82834	131.45730	133.63507	132.30548	132.04616	129.80590	132.75730	132.50194	136.12372	135.16590	132.79840	129.47373	128.33548	130.76800
6/3/2025	1:59:26 PM	131.21294	130.86564	133.06643	131.72363	131.49737	129.31201	132.23144	131.96183	135.53528	134.58542	132.21397	128.89882	127.81926	130.25248
6/3/2025	1:59:30 PM	130.61272	130.29703	132.51677	131.15277	130.93780	128.78869	131.70770	131.44344	134.94862	133.99639	131.62582	128.33415	127.31755	129.74589
6/3/2025	1:59:33 PM	130.02691	129.73563	131.97728	130.61897	130.42016	128.30022	131.17759	130.90577	134.36857	133.40514	131.02856	127.77605	126.81927	129.24052
6/3/2025	1:59:37 PM	129.45039	129.17441	131.42921	130.05149	129.88710	127.82180	130.67733	130.37803	133.78663	132.82562	130.44773	127.23181	126.32931	128.74415
6/3/2025	1:59:40 PM	128.87781	128.63551	130.89826	129.50765	129.34548	127.30489	130.15016	129.86567	133.22407	132.24960	129.87375	126.68478	125.83294	128.24204
6/3/2025	1:59:44 PM	128.31234	128.07711	130.35917	128.98462	128.85055	126.83782	129.64803	129.36440	132.67318	131.69902	129.32035	126.15636	125.35762	127.76193
6/3/2025	1:59:48 PM	127.75469	127.52676	129.82535	128.43728	128.32908	126.36517	129.15773	128.88289	132.12957	131.15166	128.77271	125.64045	124.89310	127.29063
6/3/2025	1:59:51 PM	127.22419	127.00277	129.31947	127.92048	127.82580	125.88792	128.65882	128.39464	131.59419	130.61323	128.23159	125.13160	124.43110	126.82255
6/3/2025	1:59:55 PM	126.69720	126.48419	128.80178	127.40156	127.33663	125.42845	128.16475	127.90153	131.06323	130.07816	127.69674	124.63046	123.97807	126.35913
6/3/2025	1:59:58 PM	126.17019	125.97230	128.30396	126.89624	126.85943	124.98665	127.69347	127.43215	130.54077	129.55482	127.17344	124.13357	123.53193	125.90584
6/3/2025	2:00:02 PM	125.66018	125.47691	127.81145	126.39990	126.37870	124.52774	127.22223	126.96460	130.03032	129.04329	126.67141	123.65096	123.08984	125.45204
6/3/2025	2:00:06 PM	125.15334	124.97983	127.31700	125.90979	125.90076	124.08220	126.75444	126.49375	129.51743	128.52407	126.15884	123.17034	122.65110	125.00675
6/3/2025	2:00:09 PM	124.65707	124.48279	126.83815	125.42676	125.44069	123.64478	126.29853	126.03313	129.00398	128.00789	125.64863	122.69337	122.21504	124.55845
6/3/2025	2:00:13 PM	124.15748	123.99190	126.35416	124.92759	124.95933	123.19404	125.83251	125.57146	128.49508	127.50054	125.15426	122.22746	121.79017	124.13103
6/3/2025	2:00:16 PM	123.67393	123.52068	125.88743	124.46475	124.49847	122.77229	125.37826	125.11492	128.00140	127.01142	124.67234	121.76710	121.36401	123.69863
6/3/2025	2:00:20 PM	123.19048	123.05027	125.41628	123.99955	124.05806	122.35777	124.93336	124.65744	127.50536	126.51917	124.19216	121.31710	120.94633	123.27144
6/3/2025	2:00:24 PM	122.72225	122.58961	124.95216	123.53440	123.61144	121.93435	124.49584	124.22596	127.03420	126.04401	123.72628	120.87842	120.54089	122.85543
6/3/2025	2:00:27 PM	122.25683	122.14376	124.50732	123.08493	123.16832	121.50063	124.04540	123.79967	126.57728	125.59017	123.27847	120.43878	120.13288	122.43411
6/3/2025	2:00:31 PM	121.80272	121.69802	124.06849	122.65413	122.74670	121.09998	123.61888	123.37978	126.12218	125.12609	122.81415	120.01402	119.73708	122.02866
6/3/2025	2:00:34 PM	121.36443	121.27066	123.64336	122.21475	122.31355	120.70375	123.21335	122.96965	125.65995	124.67495	122.37199	119.60011	119.35513	121.63619
6/3/2025	2:00:38 PM	120.93277	120.84285	123.21070	121.78477	121.87855	120.28658	122.77340	122.53500	125.20864	124.22114	121.91991	119.18432	118.96709	121.23492
6/3/2025	2:00:41 PM	120.49227	120.41298	122.77513	121.34527	121.45749	119.89322	122.35807	122.11405	124.74407	123.77004	121.48973	118.77504	118.57670	120.84023
6/3/2025	2:00:45 PM	120.06437	119.98188	122.34697	120.92149	121.05214	119.51550	121.95180	121.68619	124.28551	123.32098	121.05802	118.36873	118.18981	120.44086
6/3/2025	2:00:49 PM	119.62690	119.56238	121.91592	120.49480	120.62443	119.11154	121.53681	121.28567	123.83771	122.86412	120.61791	117.96353	117.80885	120.05112
6/3/2025	2:00:52 PM	119.20644	119.14940	121.49392	120.07874	120.21524	118.72673	121.13275	120.88500	123.39797	122.42122	120.19669	117.56261	117.43537	119.66679
6/3/2025	2:00:56 PM	118.79156	118.75075	121.08708	119.67181	119.82272	118.34343	120.71867	120.48700	122.97510	121.99476	119.78649	117.17235	117.06650	119.28629
6/3/2025	2:00:59 PM	118.38257	118.34084	120.67266	119.26088	119.42217	117.97507	120.33156	120.10141	122.56381	121.58973	119.37319	116.79334	116.70456	118.90890
6/3/2025	2:01:03 PM	117.98028	117.93918	120.26287	118.85469	119.02810	117.60430	119.94366	119.70406	122.13914	121.17620	118.96668	116.41050	116.34325	118.53462
6/3/2025	2:01:07 PM	117.57949	117.55841	119.86631	118.45886	118.63180	117.23093	119.55590	119.32830	121.71406	120.74958	118.55361	116.03241	115.98756	118.16913
6/3/2025	2:01:10 PM	117.18372	117.18608	119.48107	118.08062	118.25960	116.87367	119.16107	118.95079	121.31784	120.33938	118.14252	115.65847	115.64016	117.80431
6/3/2025	2:01:14 PM	116.80513	116.79833	119.09223	117.68726	117.87987	116.51697	118.79132	118.58331	120.90838	119.93000	117.75616	115.29428	115.29421	117.44737
6/3/2025	2:01:17 PM	116.42774	116.42522	118.70794	117.30158	117.50606	116.17356	118.42425	118.21093	120.50905	119.52510	117.35490	114.93476	114.94622	117.08942
6/3/2025	2:01:21 PM	116.05428	116.06207	118.32721	116.92392	117.13433	115.82036	118.05891	117.82998	120.10297	119.13985	116.97709	114.57776	114.60848	116.73670
6/3/2025	2:01:25 PM	115.68099	115.70717	117.95720	116.55928	116.77140	115.46997	117.69646	117.47111	119.69284	118.73675	116.60198	114.22433	114.26848	116.38472
6/3/2025	2:01:28 PM	115.31157	115.34832	117.58572	116.19514	116.41789	115.12926	117.31658	117.11750	119.30599	118.33793	116.22319	113.88002	113.93706	116.04136
6/3/2025	2:01:32 PM	114.95317	114.98968	117.21210	115.82414	116.05451	114.79636	116.95297	116.75023	118.92090	117.95735	115.85531	113.53837	113.61039	115.69799
6/3/2025	2:01:35 PM	114.59252	114.63033	116.84356	115.44960	115.68188	114.45154	116.60071	116.39963	118.54521	117.58787	115.49101	113.19300	113.28074	115.35577
6/3/2025	2:01:39 PM	114.24620	114.28820	116.49787	115.11277	115.34905	114.12891	116.25912	116.05098	118.18095	117.23157	115.13525	112.86011	112.96558	115.02939
6/3/2025	2:01:43 PM	113.89962	113.94348	116.13952	114.76676	115.01347	113.80272	115.90492	115.70857	117.81891	116.86195	114.77637	112.52021	112.64435	114.68880
6/3/2025	2:01:46 PM	113.55470	113.60726	115.77489	114.40551	114.65731	113.47833	115.56326	115.36821	117.45115	116.49101	114.41707	112.19608	112.32989	114.36181
6/3/2025	2:01:50 PM	113.21787	113.27145	115.42673	114.05222	114.31233	113.15955	115.22738	115.03697	117.09143	116.12451	114.06280	111.87671	112.01208	114.03622
6/3/2025	2:01:53 PM	112.88112	112.93329	115.08804	113.71628	113.98029	112.84714	114.89732	114.69917	116.71866	115.76078	113.71472	111.56142	111.70099	113.71545
6/3/2025	2:01:57 PM	112.55149	112.60443	114.75319	113.40044	113.67001	112.54076	114.56280	114.37030	116.35575	115.39794	113.37535	111.25171	111.39680	113.39908
6/3/2025	2:02:01 PM	112.22825	112.28377	114.40017	113.05930	113.33968	112.23020	114.22563	114.03170	115.99574	115.03903	113.03633	110.93892	111.09431	113.08431
6/3/2025	2:02:04 PM	111.90709	111.96727	114.06147	112.71487	113.01171	111.92024	113.89978	113.70064	115.64606	114.69722	112.71174	110.63138	110.79971	112.77629
6/3/2025	2:02:08 PM	111.58977	111.64642	113.73768	112.39023	112.68627	111.61933	113.58954	113.37347	115.30447	114.37039	112.40055	110.34026	110.50316	112.46014
6/3/2025	2:02:11 PM	111.24411	111.30085	113.33968	111.99555	112.36768	111.50330	113.35876	112.98915	114.64989	113.85405	111.87769	109.99014	110.10244	112.09344
6/3/2025	2:02:15 PM	110.96147	110.97587	112.89724	111.75240	112.15430	111.17772	112.98019	112.67871	114.37736	113.41215	111.42979	109.50911	109.84160	111.69885
6/3/2025	2:02:19 PM	110.44064	110.49871	112.59999	111.47930	111.89393	110.93563	112.71662	112.40886	114.07416	113.02009	110.99779	109.08650	109.52720	111.36632
6/3/2025	2:02:22 PM	110.04457	110.15347	112.30794	111.18709	111.62317	110.67681	112.43862	112.11164	113.74568	112.64148	110.62797	108.71598	109.22700	111.05484
6/3/2025	2:02:26 PM	109.69595	109.82679	111.99751	110.90091	111.36123	110.43348	112.17716	111.83209	113.41263	112.30216	110.29296	108.39206	108.95600	110.77133
6/3/2025	2:02:29 PM	109.35692	109.53026	111.70175	110.63832	111.12304	110.20345	111.91967	111.56046	113.10428	111.97456	109.96916	108.07281	108.69115	110.49183
6/3/2025	2:02:33 PM	109.03103	109.21181	111.41476	110.36394	110.86266	109.96213	111.65827	111.27971	112.78924	111.65791	109.65868	107.77669	108.43265	110.21277
6/3/2025	2:02:36 PM	108.73067	108.92683	111.13761	110.10301	110.61131	109.71925	111.39461	111.00683	112.49918	111.34236	109.33955	107.48585	108.16697	109.92845
6/3/2025	2:02:40 PM	108.40466	108.61419	110.83577	109.82581	110.34587	109.46552	111.12174	110.72072	112.16496	111.02476	109.02044	107.18306	107.90218	109.64542
6/3/2025	2:02:44 PM	108.10501	108.32331	110.54538	109.55621	110.07986	109.21624	110.85608	110.44017	111.87301	110.71061	108.70916	106.89319	107.64159	109.36398
6/3/2025	2:02:47 PM	107.79505	108.02063	110.24901	109.27996	109.82130	108.96232	110.57925	110.16334	111.56233	110.39555	108.41154	106.60557	107.37999	109.08555
6/3/2025	2:02:51 PM	107.50560	107.74326	109.96753	109.01504	109.55803	108.71347	110.30997	109.87666	111.25385	110.08560	108.10276	106.31869	107.12100	108.80934
6/3/2025	2:02:54 PM	107.20800	107.44658	109.67161	108.74145	109.29886	108.46275	110.03593	109.60399	110.96101	109.78246	107.80715	106.03412	106.86212	108.53248
6/3/2025	2:02:58 PM	106.92462	107.16920	109.39108	108.47793	109.04025	108.21639	109.76504	109.32649	110.65920	109.48952	107.50935	105.76256	106.61411	108.26858
6/3/2025	2:03:02 PM	106.63812	106.88514	109.11175	108.21645	108.78354	107.97626	109.50483	109.06272	110.37132	109.19382	107.23616	105.49567	106.36569	108.00483
6/3/2025	2:03:05 PM	106.37075	106.62523	108.84520	107.96828	108.54406	107.74263	109.24079	108.79986	110.09971	108.90319	106.94633	105.23020	106.12139	107.74629
6/3/2025	2:03:09 PM	106.09107	106.34365	108.56360	107.70281	108.27349	107.49511	108.98229	108.53561	109.79064	108.62036	106.67503	104.97063	105.88223	107.48650
6/3/2025	2:03:12 PM	105.82800	106.08417	108.30152	107.45487	108.03957	107.26133	108.73208	108.27807	109.53343	108.34765	106.41447	104.71771	105.64548	107.23540
6/3/2025	2:03:16 PM	105.56504	105.82013	108.03128	107.20021	107.78962	107.02402	108.46523	108.00893	109.25590	108.07298	106.13252	104.46113	105.40621	106.98140
6/3/2025	2:03:19 PM	105.29671	105.55261	107.76085	106.94343	107.53337	106.78821	108.20864	107.74952	108.96228	107.78349	105.86612	104.20794	105.16630	106.72498
6/3/2025	2:03:23 PM	105.04049	105.30212	107.49990	106.69856	107.29803	106.55160	107.95209	107.49900	108.70470	107.51898	105.59990	103.96181	104.93353	106.47800
6/3/2025	2:03:27 PM	104.78467	105.04141	107.23752	106.44879	107.04101	106.31501	107.70373	107.23477	108.41360	107.25834	105.34227	103.71862	104.70235	106.22812
6/3/2025	2:03:30 PM	104.53095	104.79102	106.97982	106.20222	106.80312	106.08453	107.45065	106.98816	108.16000	106.99356	105.08697	103.47658	104.47342	105.98586
6/3/2025	2:03:34 PM	104.28569	104.54868	106.72496	105.96248	106.56823	105.85554	107.19750	106.72660	107.90231	106.72876	104.81388	103.23750	104.24483	105.74508
6/3/2025	2:03:37 PM	104.03399	104.29429	106.47053	105.71992	106.32015	105.62906	106.95783	106.48635	107.62135	106.47115	104.57964	103.00219	104.02136	105.50232
6/3/2025	2:03:41 PM	103.79154	104.05330	106.22242	105.48185	106.09314	105.40277	106.71117	106.24347	107.38028	106.22301	104.33997	102.77484	103.80294	105.27229
6/3/2025	2:03:45 PM	103.56086	103.82342	105.97942	105.25088	105.86139	105.18327	106.47342	105.99862	107.12500	105.98021	104.09088	102.54619	103.58266	105.04027
6/3/2025	2:03:48 PM	103.32172	103.58447	105.73638	105.01718	105.62790	104.96342	106.23398	105.75745	106.86165	105.73388	103.85929	102.32166	103.36920	104.81026
6/3/2025	2:03:52 PM	103.08740	103.34742	105.49334	104.78472	105.39795	104.74039	105.99333	105.51702	106.62029	105.48415	103.62131	102.10399	103.15488	104.58092
6/3/2025	2:03:55 PM	102.85680	103.12111	105.25809	104.55924	105.16751	104.52590	105.75833	105.27970	106.37037	105.24097	103.37400	101.88771	102.94092	104.35529
6/3/2025	2:03:59 PM	102.63351	102.90217	105.02881	104.33893	104.95138	104.31230	105.52463	105.04759	106.11954	105.00737	103.14064	101.67035	102.73175	104.12976
6/3/2025	2:04:03 PM	102.41563	102.67451	104.78798	104.10790	104.72207	104.09793	105.29653	104.81559	105.89069	104.76975	102.91987	101.45812	102.52827	103.91245
6/3/2025	2:04:06 PM	102.19726	102.46396	104.56463	103.89364	104.50481	103.89462	105.06717	104.58983	105.65725	104.54176	102.69267	101.25096	102.32601	103.69606
6/3/2025	2:04:10 PM	101.98891	102.25267	104.34464	103.68021	104.29479	103.68744	104.84563	104.37807	105.42774	104.32133	102.47902	101.05315	102.12872	103.48538
6/3/2025	2:04:13 PM	101.77780	102.03824	104.12534	103.47113	104.08601	103.48945	104.63237	104.15854	105.21004	104.10757	102.26696	100.85629	101.93532	103.27913
6/3/2025	2:04:17 PM	101.56030	101.82560	103.90644	103.25603	103.86887	103.27995	104.41002	103.92970	104.97227	103.88913	102.04977	100.65106	101.73673	103.06845
6/3/2025	2:04:20 PM	101.35264	101.61776	103.68711	103.04388	103.66038	103.08134	104.18853	103.71831	104.74038	103.66682	101.83456	100.44975	101.53801	102.85710
6/3/2025	2:04:24 PM	101.14699	101.40956	103.46330	102.83153	103.44592	102.87576	103.97392	103.50019	104.51929	103.44793	101.63112	100.25489	101.34686	102.65333
6/3/2025	2:04:28 PM	100.94094	101.21157	103.24494	102.62759	103.23727	102.68080	103.75554	103.28597	104.30193	103.22098	101.41370	100.06042	101.15501	102.44805
6/3/2025	2:04:31 PM	100.75042	101.00710	103.03839	102.42221	103.03182	102.47845	103.54321	103.06776	104.07330	103.01581	101.20179	99.87095	100.96213	102.24218
6/3/2025	2:04:35 PM	100.55258	100.81618	102.83097	102.22730	102.82551	102.28838	103.32941	102.85661	103.86607	102.79976	101.00189	99.67716	100.77419	102.04145
6/3/2025	2:04:38 PM	100.35678	100.62301	102.62119	102.02499	102.62863	102.09404	103.12120	102.65290	103.64250	102.60382	100.81265	99.50270	100.59276	101.85181
6/3/2025	2:04:42 PM	100.16101	100.42577	102.41541	101.82915	102.43515	101.90788	102.91632	102.45560	103.42804	102.39048	100.60851	99.31717	100.41027	101.65322
6/3/2025	2:04:46 PM	99.97476	100.22694	102.21216	101.63043	102.23143	101.71819	102.71688	102.25608	103.22486	102.19126	100.41725	99.13067	100.22896	101.45899
6/3/2025	2:04:49 PM	99.78991	100.03942	102.00979	101.43338	102.03632	101.52628	102.51254	102.05263	103.01832	101.98506	100.22041	98.94886	100.04982	101.26795
6/3/2025	2:04:53 PM	99.60688	99.85367	101.81216	101.24119	101.84489	101.34217	102.31684	101.85239	102.81600	101.79309	100.02735	98.77444	99.87377	101.07877
6/3/2025	2:04:56 PM	99.41953	99.66436	101.61758	101.05355	101.65432	101.16041	102.11716	101.65324	102.61444	101.59982	99.84511	98.60873	99.69956	100.89376
6/3/2025	2:05:00 PM	99.23856	99.47279	101.42659	100.86897	101.46504	100.98155	101.91956	101.46292	102.42405	101.40332	99.65811	98.43446	99.52772	100.71172
6/3/2025	2:05:03 PM	99.07513	99.30415	101.23720	100.68806	101.28594	100.80465	101.73304	101.27689	102.22990	101.21627	99.47339	98.26313	99.35982	100.53032
6/3/2025	2:05:07 PM	98.89847	99.12995	101.05004	100.50548	101.09987	100.62607	101.54457	101.09023	102.02430	101.03894	99.29930	98.09421	99.19184	100.35234
6/3/2025	2:05:11 PM	98.72603	98.95070	100.86497	100.32250	100.91776	100.45297	101.35376	100.89900	101.83917	100.85751	99.12373	97.93670	99.02510	100.17548
6/3/2025	2:05:14 PM	98.55119	98.77168	100.67898	100.14127	100.73751	100.27804	101.16641	100.71215	101.65097	100.67291	98.94058	97.77587	98.86155	99.99776
6/3/2025	2:05:18 PM	98.38149	98.59925	100.49703	99.96628	100.55746	100.10618	100.98506	100.53198	101.45564	100.49776	98.76165	97.60377	98.70062	99.82578
6/3/2025	2:05:21 PM	98.21915	98.43276	100.31772	99.79710	100.37723	99.93417	100.80303	100.35562	101.26739	100.32153	98.59413	97.44187	98.53615	99.65366
6/3/2025	2:05:25 PM	98.05645	98.27039	100.14159	99.62151	100.20676	99.76848	100.62128	100.17455	101.09185	100.14637	98.42698	97.28633	98.37895	99.48533
6/3/2025	2:05:29 PM	97.88246	98.10091	99.96255	99.45100	100.03314	99.60526	100.44529	99.99641	100.91505	99.96642	98.26231	97.14237	98.22270	99.31532
6/3/2025	2:05:32 PM	97.72126	97.93443	99.78589	99.27742	99.85927	99.43708	100.27090	99.82531	100.72477	99.79776	98.09768	96.99045	98.06684	99.15381
6/3/2025	2:05:36 PM	97.56900	97.77568	99.61717	99.11478	99.69291	99.27884	100.09462	99.64986	100.55613	99.62844	97.93356	96.82647	97.91334	98.98913
6/3/2025	2:05:39 PM	97.41942	97.61396	99.45034	98.94909	99.52918	99.11867	99.92179	99.48536	100.38010	99.45701	97.77431	96.67509	97.76218	98.82679
6/3/2025	2:05:43 PM	97.26089	97.45417	99.28100	98.78687	99.36157	98.96093	99.75522	99.31235	100.20612	99.28886	97.61404	96.52758	97.61035	98.66349
6/3/2025	2:05:47 PM	97.10460	97.30230	99.11556	98.62345	99.19881	98.80398	99.58736	99.14856	100.02794	99.12404	97.46752	96.38739	97.46230	98.50680
6/3/2025	2:05:50 PM	96.95494	97.15148	98.95157	98.46334	99.03794	98.64577	99.41749	98.97901	99.86178	98.96485	97.31945	96.24397	97.31652	98.35183
6/3/2025	2:05:54 PM	96.80627	96.99883	98.79089	98.30231	98.87554	98.49260	99.25261	98.82021	99.69458	98.81442	97.15870	96.09781	97.17118	98.19839
6/3/2025	2:05:57 PM	96.65861	96.84027	98.63246	98.14872	98.71585	98.34333	99.09425	98.66217	99.52438	98.65912	97.00113	95.95154	97.02762	98.04421
6/3/2025	2:06:01 PM	96.51821	96.69780	98.47627	97.99860	98.56760	98.19257	98.93290	98.50298	99.37012	98.50923	96.86064	95.81912	96.88822	97.89564
6/3/2025	2:06:05 PM	96.37098	96.55216	98.31575	97.84424	98.40728	98.04596	98.77434	98.34303	99.21607	98.34856	96.70999	95.68626	96.74794	97.74421
6/3/2025	2:06:08 PM	96.22417	96.40985	98.15988	97.69129	98.25757	97.89830	98.61761	98.18692	99.04956	98.19248	96.56666	95.55191	96.60841	97.59467
6/3/2025	2:06:12 PM	96.08857	96.26285	98.00978	97.54189	98.10775	97.75572	98.46661	98.03902	98.88933	98.05210	96.42130	95.41503	96.47674	97.45431
6/3/2025	2:06:15 PM	95.95126	96.11744	97.86447	97.39942	97.96356	97.61831	98.31625	97.88956	98.74941	97.90585	96.27700	95.27819	96.34259	97.31153
6/3/2025	2:06:19 PM	95.82073	95.98525	97.71614	97.25785	97.81601	97.47438	98.16247	97.73743	98.59958	97.75228	96.14474	95.15044	96.21025	97.16971
6/3/2025	2:06:22 PM	95.68265	95.85510	97.57212	97.11951	97.67434	97.33924	98.01889	97.59784	98.43868	97.61771	96.02536	95.02656	96.08348	97.03382
6/3/2025	2:06:26 PM	95.55417	95.72271	97.42906	96.97430	97.53140	97.20029	97.87163	97.45148	98.28936	97.48318	95.87907	94.90751	95.95315	96.89507
6/3/2025	2:06:30 PM	95.42209	95.58370	97.28222	96.83561	97.39139	97.06414	97.72664	97.30741	98.15441	97.33261	95.74329	94.77265	95.82448	96.75941
6/3/2025	2:06:33 PM	95.29759	95.45100	97.14681	96.69601	97.24967	96.92919	97.58027	97.16389	98.00200	97.19407	95.61426	94.64609	95.69636	96.62040
6/3/2025	2:06:37 PM	95.16626	95.31553	97.00731	96.56320	97.10664	96.79365	97.43968	97.02354	97.85301	97.06425	95.48203	94.52642	95.57196	96.49052
6/3/2025	2:06:40 PM	95.04368	95.19794	96.87087	96.43147	96.97685	96.66615	97.30374	96.88724	97.72063	96.92812	95.35031	94.41493	95.45115	96.35831
6/3/2025	2:06:44 PM	94.91307	95.07152	96.72994	96.29461	96.84088	96.53324	97.16226	96.74592	97.58291	96.78340	95.23303	94.29447	95.32819	96.22740
6/3/2025	2:06:47 PM	94.79092	94.94560	96.59941	96.16206	96.70623	96.40505	97.02494	96.60675	97.44191	96.66327	95.09778	94.17263	95.20791	96.09950
6/3/2025	2:06:51 PM	94.66697	94.81065	96.46665	96.03155	96.57349	96.27648	96.89053	96.47477	97.30534	96.52975	94.96839	94.05028	95.08569	95.96649
6/3/2025	2:06:55 PM	94.55107	94.69022	96.33559	95.90498	96.44268	96.15156	96.75657	96.34244	97.16930	96.40253	94.84948	93.93359	94.96875	95.84453
6/3/2025	2:06:58 PM	94.43071	94.57275	96.20486	95.77804	96.31641	96.02735	96.62331	96.20918	97.04219	96.27984	94.72890	93.82238	94.85350	95.72087
6/3/2025	2:07:02 PM	94.31162	94.45421	96.07136	95.65133	96.18632	95.90522	96.49152	96.07683	96.90770	96.13985	94.60975	93.71498	94.73787	95.59689
6/3/2025	2:07:05 PM	94.19182	94.33676	95.94723	95.52269	96.06056	95.78213	96.36200	95.95053	96.76693	96.02127	94.48715	93.60613	94.62322	95.47577
6/3/2025	2:07:09 PM	94.07889	94.21228	95.82029	95.39968	95.93236	95.66087	96.23471	95.82507	96.64497	95.89919	94.36897	93.48553	94.50972	95.35337
6/3/2025	2:07:13 PM	93.96869	94.10046	95.70184	95.28221	95.81253	95.54328	96.11159	95.70103	96.51987	95.78205	94.25906	93.37794	94.40011	95.23712
6/3/2025	2:07:16 PM	93.85480	93.99204	95.57823	95.16444	95.69396	95.42838	95.98917	95.57332	96.40131	95.66258	94.14339	93.27579	94.29235	95.12154
6/3/2025	2:07:20 PM	93.74208	93.87611	95.45794	95.04523	95.57149	95.31176	95.86497	95.45184	96.26913	95.54069	94.02945	93.16884	94.18387	95.00610
6/3/2025	2:07:23 PM	93.63574	93.76940	95.33871	94.92771	95.45264	95.19547	95.74197	95.33313	96.14975	95.43203	93.91019	93.07253	94.07683	94.89171
6/3/2025	2:07:27 PM	93.52039	93.64951	95.21876	94.81175	95.33514	95.08035	95.62079	95.21152	96.03036	95.30393	93.80390	92.96458	93.96983	94.77658
6/3/2025	2:07:31 PM	93.42046	93.54076	95.10610	94.69812	95.21838	94.96870	95.50363	95.09652	95.91420	95.19691	93.69382	92.86067	93.86870	94.66775
6/3/2025	2:07:34 PM	93.31980	93.44400	94.99597	94.59213	95.10946	94.86568	95.38934	94.98082	95.80182	95.08206	93.59287	92.75892	93.76641	94.55925
6/3/2025	2:07:38 PM	93.21076	93.34025	94.87897	94.47901	94.99892	94.75624	95.27484	94.86445	95.68921	94.97693	93.48589	92.66159	93.66634	94.45132
6/3/2025	2:07:41 PM	93.10854	93.23424	94.76458	94.36686	94.88409	94.64736	95.16157	94.75023	95.57363	94.86073	93.38612	92.56091	93.56524	94.34408
6/3/2025	2:07:45 PM	93.00540	93.13574	94.65849	94.25728	94.77349	94.54026	95.04921	94.63554	95.46020	94.74706	93.28052	92.47093	93.46386	94.23521
6/3/2025	2:07:48 PM	92.89940	93.02669	94.54634	94.14851	94.66545	94.43413	94.93561	94.52610	95.34464	94.64306	93.18095	92.37624	93.36744	94.13320
6/3/2025	2:07:52 PM	92.80612	92.92182	94.44144	94.04632	94.55488	94.32851	94.82651	94.41713	95.24028	94.54174	93.07582	92.27568	93.27087	94.02773
6/3/2025	2:07:56 PM	92.71074	92.82778	94.33444	93.94282	94.44937	94.22668	94.71715	94.30755	95.12716	94.43559	92.97474	92.17746	93.17329	93.92316
6/3/2025	2:07:59 PM	92.61319	92.73559	94.22797	93.83860	94.34492	94.12442	94.60933	94.19859	95.02169	94.32677	92.88267	92.08454	93.08027	93.82448
6/3/2025	2:08:03 PM	92.51394	92.63947	94.12172	93.73476	94.24241	94.02523	94.50378	94.09426	94.91496	94.23237	92.78281	91.99539	92.98822	93.72532
6/3/2025	2:08:06 PM	92.41851	92.53850	94.01667	93.62912	94.13778	93.92591	94.40004	93.99200	94.80879	94.12738	92.68956	91.90485	92.89576	93.62663
6/3/2025	2:08:10 PM	92.32619	92.44510	93.91973	93.53075	94.03233	93.82544	94.29381	93.88529	94.70445	94.02183	92.58629	91.82275	92.80232	93.52730
6/3/2025	2:08:14 PM	92.23595	92.34722	93.81601	93.43490	93.93472	93.72738	94.19096	93.78308	94.59990	93.92311	92.49082	91.73357	92.71225	93.43199
6/3/2025	2:08:17 PM	92.14347	92.26145	93.71681	93.33854	93.83619	93.63287	94.08987	93.68258	94.49868	93.82712	92.40612	91.64023	92.62330	93.33563
6/3/2025	2:08:21 PM	92.05089	92.17153	93.61795	93.24098	93.73991	93.53974	93.99257	93.58488	94.40033	93.73764	92.31334	91.55333	92.53644	93.24230
6/3/2025	2:08:24 PM	91.96184	92.08124	93.51861	93.14135	93.64003	93.44539	93.89367	93.48675	94.29943	93.64520	92.22244	91.46661	92.44986	93.15081
6/3/2025	2:08:28 PM	91.87552	91.99333	93.42679	93.05093	93.54365	93.35324	93.79659	93.39102	94.20405	93.54025	92.13839	91.38442	92.36543	93.06051
6/3/2025	2:08:32 PM	91.78887	91.89982	93.33087	92.95686	93.45007	93.26035	93.69893	93.29013	94.10492	93.44475	92.04333	91.30563	92.27894	92.96551
6/3/2025	2:08:35 PM	91.70039	91.81081	93.23656	92.86612	93.35750	93.17024	93.60268	93.19586	94.00257	93.35409	91.95752	91.22462	92.19424	92.87708
6/3/2025	2:08:39 PM	91.61724	91.72974	93.14679	92.77873	93.26481	93.07984	93.50941	93.10505	93.91217	93.26116	91.87617	91.13837	92.11271	92.78942
6/3/2025	2:08:42 PM	91.53563	91.64177	93.05871	92.68450	93.17507	92.99472	93.41719	93.01169	93.82274	93.17572	91.78758	91.05660	92.03238	92.70407
6/3/2025	2:08:46 PM	91.45048	91.56055	92.96290	92.59554	93.08334	92.90855	93.32842	92.92131	93.72908	93.09213	91.70577	90.97760	91.95267	92.61813
6/3/2025	2:08:50 PM	91.37063	91.47864	92.87781	92.51026	92.99419	92.82387	93.23845	92.83307	93.63616	93.00687	91.62400	90.89853	91.87495	92.53507
6/3/2025	2:08:53 PM	91.29228	91.39960	92.79237	92.42557	92.90657	92.73648	93.14799	92.74445	93.54849	92.91403	91.54410	90.82066	91.79641	92.45057
6/3/2025	2:08:57 PM	91.21206	91.31629	92.70540	92.34234	92.82210	92.65450	93.06033	92.65400	93.46177	92.82732	91.46273	90.74975	91.71963	92.36838
6/3/2025	2:09:00 PM	91.13324	91.23682	92.61996	92.25932	92.73715	92.57176	92.97397	92.56774	93.37044	92.74550	91.37717	90.67728	91.64238	92.28450
6/3/2025	2:09:04 PM	91.05415	91.16088	92.53645	92.17519	92.65178	92.48849	92.88597	92.48262	93.28150	92.66341	91.30170	90.59935	91.56566	92.20407
6/3/2025	2:09:08 PM	90.97896	91.08373	92.45404	92.09377	92.57060	92.40944	92.80321	92.39803	93.19773	92.58225	91.22771	90.52457	91.49375	92.12485
6/3/2025	2:09:11 PM	90.90444	91.00337	92.37254	92.00987	92.48800	92.33016	92.72039	92.31607	93.11419	92.50274	91.15103	90.44998	91.42040	92.04650
6/3/2025	2:09:15 PM	90.82822	90.92450	92.28726	91.92834	92.40472	92.24954	92.63578	92.23298	93.03176	92.42387	91.07285	90.37630	91.34708	91.96870
6/3/2025	2:09:18 PM	90.75687	90.84907	92.20989	91.85200	92.32602	92.17330	92.55524	92.15031	92.94829	92.34843	90.99979	90.30665	91.27694	91.89334
6/3/2025	2:09:22 PM	90.68457	90.77328	92.13186	91.77621	92.24839	92.09797	92.47562	92.07161	92.86431	92.27223	90.92736	90.23870	91.20616	91.81858
6/3/2025	2:09:26 PM	90.60807	90.70079	92.05388	91.70130	92.17018	92.02106	92.39534	91.99497	92.78394	92.18540	90.85802	90.17423	91.13758	91.74567
6/3/2025	2:09:29 PM	90.54042	90.63511	91.97900	91.62768	92.09651	91.94944	92.32000	91.91564	92.70787	92.11110	90.78523	90.10833	91.07013	91.67250
6/3/2025	2:09:33 PM	90.47398	90.56182	91.90275	91.55150	92.02049	91.87528	92.24129	91.83961	92.63001	92.03468	90.71332	90.03727	91.00149	91.59887
6/3/2025	2:09:36 PM	90.40674	90.49049	91.82731	91.47726	91.94390	91.80351	92.16506	91.76255	92.55497	91.96463	90.64255	89.96992	90.93342	91.52673
6/3/2025	2:09:40 PM	90.33561	90.42260	91.75446	91.40324	91.86974	91.73132	92.09082	91.68679	92.47859	91.89429	90.57672	89.90395	90.86887	91.45534
6/3/2025	2:09:44 PM	90.27026	90.36067	91.68513	91.33360	91.79809	91.66298	92.01675	91.61597	92.40346	91.82447	90.50932	89.83823	90.80500	91.38692
6/3/2025	2:09:47 PM	90.20653	90.29893	91.61550	91.26376	91.72710	91.59458	91.94646	91.54189	92.33244	91.75552	90.44379	89.77390	90.74183	91.31986
6/3/2025	2:09:51 PM	90.13784	90.23265	91.54488	91.19473	91.65543	91.52499	91.87297	91.47127	92.25824	91.68673	90.37566	89.71399	90.67938	91.25216
6/3/2025	2:09:54 PM	90.07755	90.16248	91.47335	91.12684	91.58515	91.45824	91.80429	91.39978	92.18844	91.61098	90.31118	89.65546	90.61694	91.18465
6/3/2025	2:09:58 PM	90.01664	90.09692	91.40437	91.06185	91.51608	91.39140	91.73174	91.33006	92.11666	91.54229	90.24697	89.59618	90.55688	91.11862
6/3/2025	2:10:01 PM	89.95418	90.03612	91.33643	90.99428	91.45020	91.32647	91.66481	91.26273	92.04967	91.47754	90.18676	89.53570	90.49577	91.05451
6/3/2025	2:10:05 PM	89.89184	89.97369	91.27047	90.92702	91.38410	91.26193	91.59628	91.19430	91.97893	91.41548	90.12636	89.47619	90.43727	90.99109
6/3/2025	2:10:08 PM	89.83120	89.91068	91.20883	90.86201	91.31803	91.19971	91.53135	91.13042	91.91204	91.35114	90.06289	89.41808	90.37905	90.92888
6/3/2025	2:10:12 PM	89.77130	89.85327	91.14536	90.79756	91.25235	91.13788	91.46545	91.06319	91.84319	91.29259	90.00520	89.35965	90.32165	90.86736
6/3/2025	2:10:15 PM	89.71291	89.80018	91.08292	90.73652	91.18659	91.07453	91.40048	91.00020	91.77824	91.22766	89.94335	89.29855	90.26386	90.80725
6/3/2025	2:10:19 PM	89.65239	89.73792	91.01606	90.67428	91.12316	91.01178	91.33424	90.93120	91.71026	91.16565	89.88338	89.23880	90.20619	90.74520
6/3/2025	2:10:22 PM	89.59372	89.67933	90.95390	90.61124	91.05862	90.94933	91.26901	90.86911	91.64477	91.10541	89.82445	89.18320	90.15016	90.68469
6/3/2025	2:10:26 PM	89.53842	89.61660	90.88937	90.54896	90.99420	90.88714	91.20402	90.80238	91.58016	91.03777	89.76607	89.12823	90.09230	90.62327
6/3/2025	2:10:29 PM	89.47851	89.55235	90.82613	90.48664	90.93194	90.82605	91.13968	90.73938	91.51306	90.97652	89.70854	89.07548	90.03647	90.56352
6/3/2025	2:10:33 PM	89.42194	89.49295	90.76289	90.42699	90.87177	90.76662	91.07703	90.67647	91.45112	90.91103	89.64895	89.02365	89.98145	90.50528
6/3/2025	2:10:37 PM	89.36800	89.43780	90.70265	90.36644	90.81086	90.70666	91.01414	90.61361	91.38761	90.85494	89.59237	88.97044	89.92643	90.44662
6/3/2025	2:10:40 PM	89.31303	89.38617	90.64584	90.30691	90.75072	90.64863	90.95305	90.55314	91.32573	90.79456	89.53559	88.91859	89.87355	90.39021
6/3/2025	2:10:44 PM	89.25886	89.32823	90.58955	90.24551	90.68894	90.58978	90.89263	90.49067	91.26350	90.73891	89.47888	88.86393	89.82072	90.33328
6/3/2025	2:10:47 PM	89.20455	89.27605	90.53129	90.18786	90.62843	90.53443	90.83296	90.43270	91.20274	90.68135	89.42334	88.81048	89.76803	90.27776
6/3/2025	2:10:51 PM	89.15054	89.22383	90.47248	90.13151	90.56936	90.47612	90.77376	90.37195	91.14412	90.62572	89.37160	88.75608	89.71681	90.22355
6/3/2025	2:10:55 PM	89.09836	89.16963	90.41451	90.07519	90.51303	90.42200	90.71546	90.31491	91.08489	90.57166	89.31715	88.70213	89.66332	90.16899
6/3/2025	2:10:58 PM	89.04622	89.11560	90.35706	90.01992	90.45689	90.36616	90.65809	90.25696	91.02885	90.51566	89.26722	88.65346	89.61369	90.11663
6/3/2025	2:11:02 PM	88.99517	89.05989	90.30179	89.96511	90.40221	90.31294	90.60169	90.20161	90.97064	90.46416	89.21362	88.60525	89.56182	90.06399
6/3/2025	2:11:05 PM	88.94311	89.00642	90.24809	89.91023	90.34767	90.25928	90.54531	90.14429	90.91547	90.40717	89.16170	88.55833	89.51122	90.01139
6/3/2025	2:11:09 PM	88.89360	88.96099	90.19265	89.85682	90.29300	90.20600	90.49069	90.09015	90.85961	90.35248	89.10960	88.51349	89.46193	89.96118
6/3/2025	2:11:13 PM	88.84851	88.91308	90.13950	89.80552	90.23786	90.15360	90.43538	90.03393	90.80567	90.29480	89.06027	88.46724	89.41425	89.90915
6/3/2025	2:11:16 PM	88.80125	88.86025	90.08748	89.75155	90.18570	90.10218	90.38099	89.98216	90.74962	90.24138	89.01569	88.41874	89.36692	89.85899
6/3/2025	2:11:20 PM	88.75316	88.80928	90.03482	89.69866	90.13398	90.05214	90.32856	89.92725	90.69518	90.18971	88.96757	88.37169	89.31919	89.80977
6/3/2025	2:11:23 PM	88.70589	88.76124	89.98502	89.64741	90.08129	90.00127	90.27518	89.87744	90.63952	90.13823	88.91946	88.32439	89.27249	89.76028
6/3/2025	2:11:27 PM	88.65892	88.71616	89.93714	89.59717	90.02895	89.95137	90.22432	89.82284	90.58657	90.09273	88.87153	88.28016	89.22680	89.71183
6/3/2025	2:11:31 PM	88.61105	88.67196	89.88635	89.54784	89.97656	89.90180	90.17123	89.77281	90.53377	90.04121	88.82095	88.23198	89.18097	89.66493
6/3/2025	2:11:34 PM	88.56553	88.62544	89.83477	89.49890	89.92713	89.85224	90.12191	89.72032	90.48310	89.99382	88.77722	88.18495	89.13783	89.61753
6/3/2025	2:11:38 PM	88.51875	88.57681	89.78415	89.45058	89.88019	89.80739	90.07285	89.67208	90.43546	89.94525	88.73247	88.14121	89.09410	89.57169
6/3/2025	2:11:41 PM	88.47570	88.52932	89.73748	89.40235	89.83162	89.75863	90.02140	89.62220	90.38359	89.89874	88.69090	88.09517	89.05032	89.52571
6/3/2025	2:11:45 PM	88.43059	88.48800	89.69142	89.35476	89.78302	89.71309	89.97511	89.57427	90.33618	89.84980	88.64363	88.05577	89.00824	89.48147
6/3/2025	2:11:49 PM	88.39068	88.44391	89.64035	89.30846	89.73354	89.66524	89.92333	89.52404	90.28343	89.80213	88.60263	88.01476	88.96463	89.43553
6/3/2025	2:11:52 PM	88.34631	88.39586	89.59391	89.26194	89.68839	89.61898	89.87632	89.47663	90.23525	89.75328	88.55752	87.97647	88.92307	89.39159
6/3/2025	2:11:56 PM	88.30374	88.35490	89.54822	89.21658	89.64286	89.57500	89.82986	89.42996	90.18632	89.70968	88.51097	87.93840	88.88111	89.34880
6/3/2025	2:11:59 PM	88.26342	88.31535	89.50459	89.17177	89.59462	89.52953	89.78164	89.38177	90.14082	89.66370	88.46691	87.89864	88.84171	89.30511
6/3/2025	2:12:03 PM	88.22394	88.27166	89.45887	89.12719	89.55117	89.48701	89.73841	89.33959	90.09830	89.61649	88.42954	87.85670	88.80271	89.26427
6/3/2025	2:12:07 PM	88.18286	88.22922	89.41586	89.08351	89.50769	89.44545	89.69390	89.29518	90.04939	89.57542	88.39162	87.81818	88.76332	89.22284
6/3/2025	2:12:10 PM	88.14358	88.19040	89.37389	89.04028	89.46182	89.40231	89.64848	89.24901	90.00441	89.53191	88.34811	87.77897	88.72416	89.18124
6/3/2025	2:12:14 PM	88.10289	88.15169	89.33083	88.99816	89.41729	89.35851	89.60429	89.20520	89.95986	89.48991	88.30395	87.73708	88.68568	89.14095
6/3/2025	2:12:17 PM	88.06298	88.11121	89.28532	88.95525	89.37651	89.31826	89.56157	89.15972	89.91675	89.44580	88.26856	87.69688	88.64760	89.10009
6/3/2025	2:12:21 PM	88.02439	88.06928	89.24436	88.91318	89.33403	89.27747	89.51750	89.11840	89.87292	89.40503	88.23213	87.65720	88.61021	89.06144
6/3/2025	2:12:25 PM	87.98954	88.03624	89.20440	88.87292	89.29110	89.23615	89.47607	89.07624	89.83045	89.36713	88.19150	87.61818	88.57415	89.02371
6/3/2025	2:12:28 PM	87.95082	87.99425	89.16073	88.83271	89.25062	89.19707	89.43522	89.03400	89.78741	89.32921	88.15396	87.58776	88.53789	88.98526
6/3/2025	2:12:32 PM	87.91024	87.95607	89.12179	88.79337	89.21122	89.15789	89.39320	88.99316	89.74765	89.28640	88.11267	87.55128	88.50060	88.94764
6/3/2025	2:12:35 PM	87.87908	87.92438	89.08196	88.75469	89.16990	89.11914	89.35290	88.95368	89.70627	89.24249	88.08015	87.51801	88.46737	88.91128
6/3/2025	2:12:39 PM	87.84267	87.88507	89.04364	88.71706	89.13386	89.08191	89.31406	88.91325	89.66513	89.20613	88.04189	87.48662	88.43287	88.87567
6/3/2025	2:12:42 PM	87.80863	87.85260	89.00795	88.68011	89.09438	89.04558	89.27632	88.87298	89.62895	89.16516	88.00482	87.45311	88.39993	88.84095
6/3/2025	2:12:46 PM	87.77310	87.81473	88.96860	88.64155	89.05598	89.00864	89.23582	88.83563	89.58755	89.12550	87.97344	87.41734	88.36543	88.80515
6/3/2025	2:12:49 PM	87.73875	87.77886	88.93149	88.60346	89.01748	88.97158	89.19740	88.79632	89.54552	89.08951	87.93990	87.38379	88.33259	88.76941
6/3/2025	2:12:53 PM	87.70629	87.74734	88.89662	88.56726	88.97933	88.93572	89.16119	88.76016	89.51103	89.05495	87.90137	87.34923	88.30087	88.73568
6/3/2025	2:12:56 PM	87.67158	87.71231	88.85865	88.53209	88.94434	88.90195	89.12412	88.72303	89.47339	89.01709	87.87013	87.31413	88.26741	88.70151
6/3/2025	2:13:00 PM	87.63917	87.68011	88.82349	88.49701	88.90841	88.86760	89.08664	88.68409	89.43392	88.98235	87.83963	87.27748	88.23627	88.66909
6/3/2025	2:13:04 PM	87.60768	87.64885	88.78884	88.46165	88.87096	88.83130	89.04986	88.64949	89.39741	88.95007	87.80330	87.24722	88.20618	88.63689
6/3/2025	2:13:07 PM	87.57507	87.61397	88.75323	88.42777	88.83862	88.79947	89.01583	88.61436	89.36376	88.91610	87.77052	87.21879	88.17504	88.60468
6/3/2025	2:13:11 PM	87.54477	87.58418	88.71852	88.39333	88.80337	88.76623	88.98014	88.57569	89.32755	88.87773	87.73986	87.18651	88.14463	88.57260
6/3/2025	2:13:14 PM	87.51301	87.55170	88.68407	88.36075	88.76938	88.73317	88.94432	88.54276	89.29008	88.84309	87.71127	87.16039	88.11578	88.54203
6/3/2025	2:13:18 PM	87.48176	87.52063	88.65049	88.32846	88.73674	88.69954	88.91008	88.50861	89.25525	88.80882	87.67377	87.13279	88.08594	88.51122
6/3/2025	2:13:22 PM	87.45245	87.48997	88.61859	88.29465	88.70276	88.66893	88.87793	88.47430	89.22379	88.77304	87.64695	87.10248	88.05863	88.48142
6/3/2025	2:13:25 PM	87.42281	87.45984	88.58639	88.26318	88.67172	88.63967	88.84417	88.44037	89.18902	88.74080	87.62023	87.07297	88.02945	88.45149
6/3/2025	2:13:29 PM	87.39525	87.42990	88.55811	88.23224	88.63718	88.60811	88.81104	88.40924	89.15477	88.71149	87.58614	87.04200	88.00295	88.42241
6/3/2025	2:13:32 PM	87.36525	87.40107	88.52532	88.20178	88.60777	88.57869	88.77990	88.37697	89.12513	88.67998	87.56108	87.01262	87.97575	88.39391
6/3/2025	2:13:36 PM	87.33880	87.37366	88.49568	88.17135	88.57662	88.54892	88.74879	88.34354	89.08953	88.64955	87.53371	86.97991	87.94830	88.36562
6/3/2025	2:13:39 PM	87.30992	87.34573	88.46500	88.14217	88.54565	88.52058	88.71740	88.31302	89.05842	88.62323	87.50207	86.95323	87.92234	88.33727
6/3/2025	2:13:43 PM	87.28319	87.31736	88.43404	88.11218	88.51648	88.49179	88.68541	88.28150	89.02878	88.59339	87.47708	86.92583	87.89635	88.31082
6/3/2025	2:13:47 PM	87.25721	87.29309	88.40574	88.08326	88.48513	88.46173	88.65414	88.24870	88.99592	88.56104	87.44857	86.90053	87.87111	88.28269
6/3/2025	2:13:50 PM	87.22932	87.26416	88.37661	88.05528	88.45792	88.43467	88.62564	88.22150	88.96527	88.53267	87.42151	86.87758	87.84590	88.25768
6/3/2025	2:13:54 PM	87.20372	87.23863	88.34901	88.02729	88.42912	88.40732	88.59618	88.19078	88.93779	88.50033	87.39073	86.85323	87.82146	88.23034
6/3/2025	2:13:57 PM	87.17621	87.21033	88.32009	87.99849	88.40123	88.38063	88.56578	88.16121	88.90601	88.46889	87.37098	86.82731	87.79705	88.20447
6/3/2025	2:14:01 PM	87.15226	87.18550	88.29373	87.97272	88.37359	88.35331	88.53688	88.13229	88.87618	88.44603	87.34089	86.80242	87.77370	88.17979
6/3/2025	2:14:05 PM	87.12777	87.15968	88.26714	87.94579	88.34589	88.32753	88.50944	88.10597	88.85030	88.41740	87.31637	86.77549	87.75052	88.15575
6/3/2025	2:14:08 PM	87.10271	87.13536	88.24070	87.91993	88.31995	88.30324	88.48249	88.07926	88.82137	88.39074	87.29411	86.75001	87.72770	88.13134
6/3/2025	2:14:12 PM	87.07974	87.11168	88.21640	87.89418	88.29257	88.27703	88.45511	88.04796	88.79166	88.36728	87.26583	86.72170	87.70458	88.10590
6/3/2025	2:14:15 PM	87.05365	87.08723	88.18910	87.86796	88.26686	88.25303	88.42729	88.02158	88.76515	88.33952	87.24507	86.69650	87.68236	88.08253
6/3/2025	2:14:19 PM	87.03353	87.06547	88.16477	87.84355	88.24025	88.22728	88.40024	87.99559	88.73861	88.31465	87.21954	86.67712	87.65976	88.05882
6/3/2025	2:14:23 PM	87.00863	87.04053	88.13786	87.81828	88.21554	88.20212	88.37356	87.96793	88.71125	88.29072	87.19410	86.65468	87.63769	88.03531
6/3/2025	2:14:26 PM	86.98659	87.01831	88.11373	87.79488	88.19120	88.17825	88.34843	87.94068	88.68576	88.26009	87.17018	86.63156	87.61596	88.01147
6/3/2025	2:14:30 PM	86.96155	86.99394	88.08879	87.76983	88.16667	88.15470	88.32219	87.91704	88.65796	88.23485	87.15085	86.61379	87.59455	87.98905
6/3/2025	2:14:33 PM	86.94082	86.97146	88.06652	87.74618	88.14120	88.12971	88.29599	87.89031	88.63188	88.21058	87.12181	86.58963	87.57273	87.96606
6/3/2025	2:14:37 PM	86.91778	86.94743	88.04090	87.72131	88.11623	88.10573	88.27022	87.86446	88.60721	88.18276	87.10346	86.56751	87.55205	87.94405
6/3/2025	2:14:41 PM	86.89827	86.92710	88.01915	87.69945	88.09220	88.08289	88.24700	87.83999	88.58097	88.16263	87.07806	86.54459	87.53269	87.92206
6/3/2025	2:14:44 PM	86.87563	86.90381	87.99521	87.67500	88.06965	88.06077	88.22339	87.81694	88.55937	88.13615	87.05850	86.52281	87.51199	87.90064
6/3/2025	2:14:48 PM	86.85516	86.88410	87.97352	87.65317	88.04637	88.04019	88.19877	87.79403	88.53273	88.11575	87.03684	86.49755	87.49194	87.88001
6/3/2025	2:14:51 PM	86.83307	86.86143	87.95084	87.63027	88.02284	88.01629	88.17505	87.76775	88.50920	88.09472	87.01553	86.47815	87.47175	87.85760
6/3/2025	2:14:55 PM	86.81453	86.84299	87.92895	87.60912	88.00096	87.99474	88.15071	87.74252	88.48292	88.06984	86.99695	86.45418	87.45217	87.83817
6/3/2025	2:14:58 PM	86.79651	86.82126	87.90528	87.58681	87.97800	87.97251	88.12769	87.72189	88.46180	88.05166	86.97358	86.43929	87.43331	87.81733
6/3/2025	2:15:02 PM	86.77438	86.80196	87.88470	87.56634	87.95634	87.95087	88.10571	87.69987	88.43972	88.02606	86.95314	86.41780	87.41454	87.79717
6/3/2025	2:15:06 PM	86.75284	86.78263	87.86340	87.54450	87.93485	87.92932	88.08319	87.67662	88.41509	88.00564	86.93556	86.40127	87.39523	87.77769
6/3/2025	2:15:09 PM	86.73590	86.76300	87.84449	87.52449	87.91403	87.90912	88.06162	87.65242	88.39411	87.98188	86.91288	86.38315	87.37696	87.75698
6/3/2025	2:15:13 PM	86.71365	86.74221	87.82112	87.50190	87.89289	87.88929	88.03893	87.63044	88.37107	87.95762	86.89613	86.36419	87.35791	87.73758
6/3/2025	2:15:16 PM	86.69573	86.72370	87.80250	87.48280	87.87043	87.86838	88.01726	87.61138	88.34829	87.93851	86.87124	86.34301	87.34043	87.71830
6/3/2025	2:15:20 PM	86.67579	86.70355	87.78053	87.45739	87.84566	87.84293	87.99579	87.59781	88.34151	87.92107	86.84630	86.28041	87.30983	87.70366
6/3/2025	2:15:24 PM	86.58289	86.55215	87.54359	87.19498	87.44551	87.23023	87.52365	86.96985	87.95214	87.63283	86.58189	86.03995	86.62961	87.01274
6/3/2025	2:15:27 PM	85.58683	86.11975	87.20624	86.98711	87.28112	86.99882	87.31428	86.97374	87.88618	87.48072	86.45832	85.92685	86.78724	87.19236
6/3/2025	2:15:31 PM	83.13631	86.03569	87.20829	86.99057	87.35144	87.34412	87.54477	87.17261	87.94030	87.51722	86.43695	85.93071	86.82520	87.21944
6/3/2025	2:15:34 PM	81.65509	86.01106	87.15316	86.94974	87.34370	87.37661	87.55392	87.17479	87.91229	87.48464	86.38714	85.88682	86.77511	87.18439
6/3/2025	2:15:38 PM	81.12481	85.89926	87.10366	86.88409	87.28941	87.34138	87.51417	87.13296	87.85866	87.42897	86.32174	85.81438	86.70467	87.11756
6/3/2025	2:15:41 PM	80.84984	85.81025	87.04208	86.82173	87.23642	87.30098	87.47467	87.09259	87.81310	87.36886	86.26027	85.74661	86.63824	87.06240
6/3/2025	2:15:45 PM	80.64215	85.74357	86.96679	86.75135	87.18015	87.26026	87.43636	87.05618	87.76994	87.31852	86.20473	85.65520	86.57781	87.00857
6/3/2025	2:15:49 PM	80.53371	85.64524	86.88461	86.68891	87.12881	87.22025	87.40111	87.02309	87.72653	87.26414	86.15174	85.59904	86.51473	86.95656
6/3/2025	2:15:52 PM	80.50691	85.57706	86.81194	86.62939	87.07862	87.17899	87.36383	86.99079	87.68862	87.21772	86.09499	85.52826	86.45623	86.91135
6/3/2025	2:15:56 PM	80.54123	85.50460	86.77962	86.57479	87.03418	87.14765	87.33279	86.95744	87.64968	87.17505	86.04915	85.46173	86.40330	86.86130
6/3/2025	2:15:59 PM	80.60551	85.44375	86.72258	86.52871	86.99218	87.11593	87.30540	86.93449	87.61986	87.13661	86.00321	85.41474	86.35732	86.82682
6/3/2025	2:16:03 PM	80.69408	85.38562	86.66065	86.47063	86.94692	87.08148	87.27482	86.90810	87.58785	87.09422	85.96688	85.36070	86.31228	86.79260
6/3/2025	2:16:07 PM	80.80817	85.34150	86.60361	86.42697	86.90821	87.05028	87.24698	86.88288	87.55518	87.06115	85.92452	85.31867	86.26756	86.75663
6/3/2025	2:16:10 PM	80.92101	85.27781	86.56515	86.38512	86.87290	87.02104	87.21852	86.85802	87.52267	87.02073	85.88983	85.26936	86.22405	86.71689
6/3/2025	2:16:14 PM	81.04066	85.23143	86.52167	86.34020	86.83351	86.98669	87.18864	86.83193	87.49187	86.98562	85.84830	85.22271	86.18372	86.68361
6/3/2025	2:16:17 PM	81.15962	85.18507	86.47438	86.29791	86.79434	86.95457	87.15936	86.80699	87.45624	86.94930	85.80846	85.17026	86.14218	86.64917
6/3/2025	2:16:21 PM	81.28423	85.14227	86.42130	86.25194	86.75643	86.92031	87.12759	86.77843	87.42316	86.91303	85.77178	85.11186	86.10574	86.61662
6/3/2025	2:16:25 PM	81.40806	85.10235	86.38364	86.21400	86.71949	86.88708	87.09850	86.75264	87.39246	86.87863	85.73502	85.07817	86.06793	86.58438
6/3/2025	2:16:28 PM	81.53061	85.06751	86.33450	86.17172	86.68359	86.85600	87.06840	86.72768	87.35865	86.84775	85.70164	85.03385	86.03132	86.55161
6/3/2025	2:16:32 PM	81.65274	85.02689	86.28762	86.13142	86.64569	86.82403	87.04100	86.70306	87.32886	86.81407	85.66869	85.00141	85.99701	86.52048
6/3/2025	2:16:35 PM	81.77321	84.99078	86.24926	86.09696	86.61054	86.79220	87.01184	86.67773	87.29765	86.78338	85.63666	84.97295	85.96294	86.49297
6/3/2025	2:16:39 PM	81.88238	84.95944	86.21558	86.06275	86.57863	86.76141	86.98303	86.65241	87.26577	86.75413	85.60156	84.92985	85.92839	86.45788
6/3/2025	2:16:42 PM	81.98954	84.91641	86.16964	86.02519	86.54157	86.72829	86.95307	86.62575	87.23454	86.72150	85.57302	84.89110	85.89422	86.42779
6/3/2025	2:16:46 PM	82.09524	84.88320	86.13321	85.99340	86.50729	86.69640	86.92274	86.59846	87.20137	86.69102	85.53845	84.85220	85.86113	86.39733
6/3/2025	2:16:50 PM	82.18781	84.85220	86.09201	85.95844	86.47502	86.66604	86.89418	86.57324	87.16843	86.65968	85.50216	84.82188	85.82956	86.36652
6/3/2025	2:16:53 PM	82.29122	84.81839	86.05419	85.92368	86.43935	86.63338	86.86406	86.54538	87.13759	86.62848	85.47594	84.78953	85.80180	86.33829
6/3/2025	2:16:57 PM	82.38348	84.78690	86.01730	85.89382	86.40866	86.60414	86.83625	86.52066	87.10783	86.60046	85.44722	84.75781	85.77379	86.30912
6/3/2025	2:17:00 PM	82.46809	84.76062	85.98156	85.86011	86.37559	86.57501	86.80976	86.49815	87.07972	86.57666	85.41770	84.73211	85.74797	86.28659
6/3/2025	2:17:04 PM	82.54457	84.73693	85.95240	85.83501	86.35001	86.55122	86.78540	86.47569	87.05158	86.54741	85.39206	84.70453	85.72023	86.25698
6/3/2025	2:17:07 PM	82.62956	84.70819	85.92543	85.80614	86.31993	86.52380	86.75989	86.45157	87.02417	86.52191	85.36243	84.67503	85.69391	86.22918
6/3/2025	2:17:11 PM	82.69942	84.67829	85.89383	85.77779	86.29021	86.49383	86.73287	86.42776	86.99434	86.49687	85.33556	84.64497	85.66735	86.20226
6/3/2025	2:17:15 PM	82.76971	84.65550	85.86561	85.74896	86.26141	86.46660	86.70675	86.40410	86.96624	86.46940	85.30662	84.62364	85.64260	86.17790
6/3/2025	2:17:18 PM	82.83474	84.63184	85.83205	85.72337	86.23424	86.44066	86.68169	86.38097	86.94000	86.44420	85.28661	84.59241	85.61802	86.15187
6/3/2025	2:17:22 PM	82.89507	84.60757	85.80628	85.69648	86.20479	86.41205	86.65232	86.35291	86.90830	86.41749	85.25866	84.56478	85.59219	86.12398
6/3/2025	2:17:25 PM	82.95765	84.58697	85.78210	85.67151	86.17783	86.38581	86.62720	86.32879	86.88074	86.39178	85.23019	84.54706	85.56802	86.09793
6/3/2025	2:17:29 PM	83.00967	84.55850	85.74839	85.64277	86.14800	86.35784	86.59974	86.30384	86.85109	86.36708	85.20732	84.52018	85.54346	86.07212
6/3/2025	2:17:33 PM	83.05777	84.53877	85.72416	85.61716	86.12072	86.33071	86.57335	86.27833	86.82301	86.34046	85.17714	84.49478	85.51980	86.04613
6/3/2025	2:17:36 PM	83.11399	84.52162	85.69814	85.59426	86.09610	86.30759	86.54996	86.25647	86.79726	86.31474	85.15527	84.47003	85.49801	86.02182
6/3/2025	2:17:40 PM	83.15486	84.49558	85.66926	85.56993	86.07066	86.28195	86.52562	86.23448	86.77140	86.29441	85.12969	84.44965	85.47776	85.99800
6/3/2025	2:17:43 PM	83.20649	84.47749	85.64852	85.54669	86.04700	86.25974	86.50294	86.21360	86.74788	86.27171	85.11218	84.42874	85.45681	85.97610
6/3/2025	2:17:47 PM	83.24340	84.46004	85.62477	85.52500	85.98691	86.19276	86.44098	86.14823	86.66944	86.17461	85.02104	84.33436	85.33622	85.89035
6/3/2025	2:17:51 PM	83.26959	84.41466	85.55142	85.44605	85.94066	86.12296	86.36845	86.06192	86.54180	86.07780	84.92817	84.16675	84.84291	85.45206
6/3/2025	2:17:54 PM	83.06801	84.07674	85.29033	85.09689	85.46084	85.34717	85.78632	85.57008	86.34073	85.93660	84.84983	84.12117	84.80601	85.51106
6/3/2025	2:17:58 PM	83.08971	84.15487	85.22366	85.17607	85.60664	85.60514	85.96860	85.75644	86.34065	85.91468	84.79539	84.14018	84.89806	85.44423
6/3/2025	2:18:01 PM	83.14580	84.09708	85.17520	85.11354	85.55144	85.63848	85.96106	85.75252	86.32518	85.88071	84.74461	84.10849	84.85176	85.34490
6/3/2025	2:18:05 PM	83.06638	84.01773	85.12003	85.06972	85.50847	85.68916	85.96076	85.74233	86.30937	85.86103	84.72110	84.07649	84.83707	85.39075
6/3/2025	2:18:09 PM	82.94072	83.87560	85.08541	85.04482	85.49437	85.71668	85.97205	85.73940	86.31033	85.86486	84.70725	84.03875	84.91415	85.47751
6/3/2025	2:18:12 PM	83.04194	83.78818	85.02563	85.03072	85.46690	85.71279	85.96539	85.73265	86.28711	85.85596	84.69558	84.01945	84.89355	85.46908
6/3/2025	2:18:16 PM	83.02732	83.69267	84.97542	85.00309	85.44054	85.69551	85.96106	85.72978	86.27257	85.83857	84.67195	84.00046	84.89323	85.44578
6/3/2025	2:18:19 PM	83.01728	83.63076	84.94727	84.97712	85.41585	85.67570	85.94602	85.71908	86.25363	85.82129	84.65551	83.96058	84.86612	85.41842
6/3/2025	2:18:23 PM	83.00390	83.53691	84.90508	84.95811	85.39189	85.65716	85.92934	85.70498	86.23368	85.80140	84.63910	83.94770	84.84698	85.40032
6/3/2025	2:18:26 PM	83.00228	83.45559	84.86995	84.92682	85.36745	85.63685	85.90951	85.68689	86.21035	85.78076	84.61850	83.91416	84.81940	85.37043
6/3/2025	2:18:30 PM	82.92775	83.44473	84.83856	84.90197	85.33777	85.61133	85.88691	85.67128	86.18953	85.76043	84.59680	83.89245	84.80022	85.35303
6/3/2025	2:18:33 PM	82.96207	83.38018	84.80731	84.87650	85.30963	85.59126	85.86680	85.65548	86.16966	85.73572	84.57114	83.85747	84.77447	85.32574
6/3/2025	2:18:37 PM	82.94458	83.34535	84.77144	84.85051	85.28129	85.56712	85.84476	85.63488	86.14688	85.71354	84.55130	83.83970	84.74925	85.30472
6/3/2025	2:18:40 PM	82.89426	83.30608	84.73231	84.82335	85.25659	85.54402	85.82316	85.61898	86.12605	85.69297	84.53320	83.81394	84.73011	85.28466
6/3/2025	2:18:44 PM	82.91137	83.25954	84.69817	84.79700	85.22816	85.52086	85.80010	85.59974	86.10415	85.67010	84.51663	83.79275	84.70624	85.26192
6/3/2025	2:18:48 PM	82.90385	83.24119	84.67764	84.77666	85.20570	85.49985	85.77913	85.58235	86.08523	85.64968	84.49236	83.77237	84.68209	85.23922
6/3/2025	2:18:51 PM	82.88343	83.21589	84.64566	84.74888	85.18080	85.47585	85.75671	85.56465	86.06330	85.62797	84.47125	83.74744	84.65986	85.22010
6/3/2025	2:18:55 PM	82.88166	83.17616	84.60646	84.72700	85.15431	85.45467	85.73673	85.54362	86.03827	85.60554	84.45407	83.72395	84.60147	85.15814
6/3/2025	2:18:58 PM	82.85965	83.14029	84.57198	84.69546	85.12183	85.40098	85.68224	85.48061	85.97264	85.53668	84.40218	83.68388	84.60036	85.14920
6/3/2025	2:19:02 PM	82.87006	83.12805	84.56147	84.67729	85.10324	85.38572	85.66323	85.46593	85.96137	85.52253	84.38606	83.65723	84.59067	85.13981
6/3/2025	2:19:06 PM	82.79053	83.05196	84.52785	84.64929	85.06051	85.34171	85.61383	85.34731	85.89769	85.44316	84.30072	83.53572	84.21883	84.67143
6/3/2025	2:19:09 PM	81.63135	82.90907	84.34406	84.48447	84.88574	84.85684	85.19892	85.06459	85.64633	85.23688	84.15503	83.44332	84.19404	84.82402
6/3/2025	2:19:13 PM	82.58297	82.85641	84.28183	84.45253	84.86807	85.09027	85.40247	85.23165	85.72812	85.27907	84.17154	83.45035	84.32687	84.89551
