10/6/2025	1:40:08 PM	283.63765	282.63991	281.20517	280.93427	280.83142	281.09746	281.99328	282.95534	283.61746	284.71367	285.32967	284.49518	282.34927	282.77278
10/6/2025	1:40:12 PM	283.66879	282.67770	281.25173	280.98133	280.87858	281.14076	282.03140	282.98761	283.64661	284.73692	285.35032	284.52238	282.38581	282.80658
10/6/2025	1:40:15 PM	283.70108	282.71717	281.29798	281.02864	280.92549	281.18289	282.06892	283.02184	283.67552	284.76069	285.37211	284.54660	282.42079	282.84086
10/6/2025	1:40:19 PM	283.73236	282.75527	281.34206	281.08383	280.98020	281.20200	282.09122	283.03710	283.67986	284.74544	285.29095	284.51733	282.23666	282.66826
10/6/2025	1:40:22 PM	283.76495	282.82331	281.45814	281.19631	281.16572	281.20589	282.05165	282.99241	283.65598	284.69746	285.17595	284.52952	281.90778	282.45163
10/6/2025	1:40:26 PM	283.82369	282.90243	281.55547	281.26500	281.22668	281.16890	282.01753	282.96361	283.64217	284.70263	285.15272	284.50783	281.66710	282.31896
10/6/2025	1:40:30 PM	283.79458	282.90828	281.58381	281.28220	281.23597	281.14308	281.98090	282.91602	283.60971	284.67520	285.11612	284.42389	281.07818	281.46047
10/6/2025	1:40:33 PM	280.96808	279.55487	278.85164	277.55141	276.28659	276.20383	275.80245	275.05606	275.07991	274.76212	275.26590	274.66468	274.64705	274.23369
10/6/2025	1:40:37 PM	270.45705	269.53702	272.19098	271.89789	271.34670	271.79921	270.95054	270.48454	271.30690	270.90449	271.17119	272.57714	271.37657	271.10883
10/6/2025	1:40:41 PM	269.91576	271.65857	270.53642	272.48842	272.33088	268.87065	272.88646	272.37116	268.65687	268.85923	272.72080	272.75562	272.54816	269.82508
10/6/2025	1:40:44 PM	270.66083	271.58930	271.16934	272.42855	270.99713	272.71783	272.78512	270.57600	268.09993	272.56573	272.71996	272.76169	272.64058	268.90201
10/6/2025	1:40:48 PM	270.11648	270.80919	272.58599	271.83446	269.58984	272.56964	271.95098	268.35798	271.16056	272.10741	272.70456	272.70685	272.43948	272.70633
10/6/2025	1:40:51 PM	268.73132	269.59122	272.46996	269.83137	267.93541	271.65873	268.89915	266.44921	267.31595	269.95262	272.68096	272.61930	271.69928	272.36134
10/6/2025	1:40:55 PM	266.96334	267.62250	272.10897	266.95960	265.79668	267.91394	265.76007	263.93060	264.12688	266.25063	272.54631	272.48935	266.24418	270.08103
10/6/2025	1:40:58 PM	265.06311	265.46781	270.74008	264.58653	263.28064	265.01938	263.27371	261.33229	261.88530	263.20331	271.47557	271.88839	261.89225	264.65585
10/6/2025	1:41:02 PM	262.70118	263.21800	266.95416	262.28901	261.09130	262.73534	261.05318	258.84926	259.75469	260.72749	267.44229	270.20305	257.73238	260.49508
10/6/2025	1:41:06 PM	260.25989	261.50980	263.74657	259.96184	259.05352	260.46143	258.56681	256.05393	257.23727	257.92084	262.60704	266.25133	253.39043	256.71120
10/6/2025	1:41:09 PM	257.63406	258.78692	260.43263	257.22696	256.28967	257.05516	255.02424	252.50115	253.60952	253.73061	257.90757	260.66191	248.39564	252.71672
10/6/2025	1:41:13 PM	253.21906	254.16979	256.70775	253.42112	253.27284	253.77164	251.76679	249.32771	250.17316	249.90060	254.13060	256.65788	243.83643	249.45918
10/6/2025	1:41:16 PM	248.76636	250.51596	253.97902	250.38820	250.32886	250.81862	248.79704	246.26929	247.18082	246.64573	250.89983	253.96343	240.23578	246.69316
10/6/2025	1:41:20 PM	245.78241	247.76523	251.55557	247.82969	248.06933	248.38174	246.16166	243.34998	244.41366	243.46707	248.03839	251.41274	236.82032	243.73616
10/6/2025	1:41:23 PM	242.65020	244.74675	249.06444	245.04266	245.65528	245.77883	243.48158	240.84156	241.98014	240.77023	245.29627	248.93691	233.72083	240.94653
10/6/2025	1:41:27 PM	239.68496	242.30135	246.72533	242.31660	243.28963	243.25992	240.91501	238.44819	239.57216	238.16174	242.74129	246.56213	230.86004	238.21024
10/6/2025	1:41:31 PM	236.94105	239.62125	244.28269	239.74355	241.08801	240.96969	238.54408	236.22535	237.25232	235.58451	240.42688	244.24637	228.14080	235.63892
10/6/2025	1:41:34 PM	234.40652	237.03382	241.79295	237.25808	239.00621	239.04407	236.41303	233.87869	234.90886	233.10321	238.13604	241.98388	225.31348	233.17729
10/6/2025	1:41:38 PM	231.95970	234.53437	239.54560	234.84379	236.93367	237.07251	234.39893	231.45057	232.59653	230.78804	235.90010	239.72337	222.69829	230.76195
10/6/2025	1:41:41 PM	229.59231	232.19604	237.50713	232.53371	234.68388	234.92221	232.13280	229.08159	230.36256	228.52101	233.73429	237.49723	220.11967	228.34968
10/6/2025	1:41:45 PM	227.30035	229.92728	235.43563	230.22905	232.46425	232.69101	229.81081	226.70762	228.19419	226.24414	231.54396	235.33423	217.54519	225.96942
10/6/2025	1:41:49 PM	225.09432	227.69628	233.31920	227.91552	230.50580	230.44746	227.57015	224.48134	226.11375	223.95564	229.45075	233.28312	214.97794	223.65429
10/6/2025	1:41:52 PM	222.95140	225.53365	231.24105	225.74338	228.51274	228.21315	225.40291	222.31044	224.05580	221.74663	227.31104	231.25920	212.49988	221.43608
10/6/2025	1:41:56 PM	220.85657	223.46217	229.21271	223.66853	226.43135	226.02976	223.27204	220.12003	222.01954	219.57960	225.19519	229.27585	210.05545	219.27792
10/6/2025	1:41:59 PM	218.75712	221.37210	227.14786	221.54918	224.54260	223.82288	221.21516	217.94679	220.00488	217.48021	223.01322	227.28513	207.66463	217.12538
10/6/2025	1:42:03 PM	216.73334	219.36040	225.21563	219.52665	222.48326	221.69987	219.21928	215.82951	218.01547	215.41798	220.97820	225.36373	205.35333	215.03984
10/6/2025	1:42:07 PM	214.69128	217.33831	223.21988	217.55102	220.67620	219.62888	217.26989	213.76597	216.07545	213.41551	218.95328	223.50196	203.10175	213.00211
10/6/2025	1:42:10 PM	212.72327	215.35961	221.30683	215.56730	218.88371	217.63094	215.34613	211.76361	214.17527	211.46787	216.98843	221.65048	200.93200	211.01372
10/6/2025	1:42:14 PM	210.80766	213.43608	219.41455	213.68918	216.72567	215.63704	213.40387	209.77691	212.29607	209.53029	215.03515	219.83254	198.78991	209.03859
10/6/2025	1:42:18 PM	208.86066	211.52157	217.54877	211.71034	215.05426	213.69984	211.51298	207.84158	210.47180	207.65499	213.13255	218.01532	196.73482	207.12413
10/6/2025	1:42:21 PM	206.97425	209.68508	215.75771	209.84978	213.10474	211.85531	209.67850	205.97855	208.70713	205.83591	211.28683	216.28013	194.75525	205.25867
10/6/2025	1:42:25 PM	205.11949	207.83999	213.94000	207.98751	211.43665	210.00230	207.88465	204.13939	206.96736	204.04894	209.46416	214.53768	192.84634	203.45078
10/6/2025	1:42:28 PM	203.30971	206.08101	212.16317	206.19894	209.83082	208.19379	206.09571	202.31989	205.24410	202.27568	207.66500	212.76601	190.95066	201.64385
10/6/2025	1:42:32 PM	201.61518	204.35584	210.44155	204.48924	208.14886	206.44277	204.37468	200.54504	203.56339	200.55377	205.91961	211.08628	189.11914	199.89651
10/6/2025	1:42:36 PM	199.92633	202.68328	208.76872	202.74086	206.44875	204.73008	202.68150	198.81736	201.92186	198.87845	204.19639	209.44037	187.33995	198.19186
10/6/2025	1:42:39 PM	198.25490	200.99425	207.08354	201.05514	204.69434	203.06126	201.02068	197.13552	200.32871	197.26449	202.55888	207.73517	185.64244	196.56445
10/6/2025	1:42:43 PM	196.66089	199.39785	205.46972	199.44876	203.01635	201.41354	199.41789	195.51784	198.76245	195.66737	200.91836	206.16743	183.97183	194.94384
10/6/2025	1:42:46 PM	195.09825	197.81437	203.86631	197.70353	201.37227	199.82286	197.82689	193.91669	197.22646	194.09940	199.29617	204.56284	182.33061	193.37095
10/6/2025	1:42:50 PM	193.58689	196.24549	202.31287	196.17705	199.74937	198.28725	196.28756	192.36427	195.73634	192.58205	197.72839	202.95865	180.75584	191.82856
10/6/2025	1:42:53 PM	192.10180	194.72712	200.76299	194.68032	198.17659	196.74737	194.77897	190.84387	194.27244	191.07818	196.17364	201.42879	179.20864	190.31029
10/6/2025	1:42:57 PM	190.65277	193.27238	199.30526	193.21650	196.59942	195.28881	193.29321	189.36406	192.83674	189.61467	194.67646	199.91983	177.71473	188.85012
10/6/2025	1:43:01 PM	189.21487	191.79774	197.84621	191.76982	195.05638	193.84025	191.85520	187.93363	191.44155	188.19507	193.20018	198.43176	176.26470	187.41674
10/6/2025	1:43:04 PM	187.81758	190.35194	196.38200	190.33861	193.59696	192.41361	190.43869	186.51264	190.05609	186.80142	191.75776	196.98783	174.85525	186.02540
10/6/2025	1:43:08 PM	186.47712	188.93034	194.98691	188.97060	192.18877	191.04491	189.06074	185.13737	188.71267	185.42837	190.33999	195.52747	173.46685	184.64657
10/6/2025	1:43:12 PM	185.15055	187.61105	193.64188	187.59036	190.80688	189.71988	187.72506	183.80157	187.40873	184.10754	188.97366	194.12182	172.13273	183.33091
10/6/2025	1:43:15 PM	183.82915	186.25177	192.29724	186.30009	189.42653	188.40112	186.39810	182.47719	186.10470	182.77818	187.61666	192.73127	170.81809	182.02080
10/6/2025	1:43:19 PM	182.54618	184.96095	191.05781	184.95704	188.12978	187.12698	185.10879	181.19653	184.82227	181.46828	186.27829	191.37734	169.54462	180.75614
10/6/2025	1:43:22 PM	181.28469	183.69576	189.78356	183.66719	186.83087	185.87488	183.84675	179.94625	183.57919	180.19538	184.97498	190.04677	168.30169	179.50814
10/6/2025	1:43:26 PM	180.09437	182.45602	188.55613	182.44853	185.60069	184.65552	182.61366	178.72798	182.36508	178.95651	183.71428	188.73658	167.10275	178.31288
10/6/2025	1:43:29 PM	178.93210	181.21762	187.34626	181.22004	184.36549	183.44257	181.39283	177.51605	181.15358	177.72242	182.44185	187.43973	165.90215	177.11122
10/6/2025	1:43:33 PM	177.73016	180.00608	186.17457	180.04755	183.19427	182.26294	180.20469	176.33907	179.98342	176.52898	181.21282	186.18251	164.74797	175.95232
10/6/2025	1:43:37 PM	176.56031	178.83735	185.02872	178.83411	182.06555	181.10177	179.03955	175.18871	178.82732	175.35216	179.99657	184.94820	163.61821	174.81910
10/6/2025	1:43:40 PM	175.42335	177.67959	183.93080	177.68228	180.94578	179.98811	177.92278	174.08225	177.71487	174.21397	178.81391	183.74523	162.53260	173.72503
10/6/2025	1:43:44 PM	174.32090	176.54619	182.83010	176.49903	179.85471	178.87123	176.80185	172.97456	176.60358	173.07682	177.62554	182.55569	161.46081	172.65279
10/6/2025	1:43:47 PM	173.22026	175.44727	181.77492	175.44487	178.79861	177.79105	175.71511	171.90716	175.52796	171.98227	176.48851	181.40809	160.42783	171.60615
10/6/2025	1:43:51 PM	172.19128	174.40540	180.77125	174.41263	177.73481	176.73836	174.66539	170.88118	174.48962	170.91774	175.39328	180.28673	159.42049	170.59301
10/6/2025	1:43:55 PM	171.10210	173.35770	179.73434	173.31422	176.69172	175.67904	173.60924	169.85333	173.44221	169.85401	174.29108	179.13623	158.40942	169.58171
10/6/2025	1:43:58 PM	170.04690	172.28096	178.71561	172.27827	175.68452	174.61912	172.56642	168.84661	172.41332	168.80515	173.21121	178.01388	157.42708	168.59596
10/6/2025	1:44:02 PM	169.03478	171.28361	177.72051	171.26981	174.65509	173.59201	171.55882	167.87697	171.41549	167.79400	172.16670	176.93156	156.47684	167.64926
10/6/2025	1:44:05 PM	168.04085	170.28061	176.75186	170.22332	173.62116	172.55438	170.53443	166.89853	170.40206	166.77843	171.11247	175.82901	155.52149	166.69293
10/6/2025	1:44:09 PM	167.02942	169.30183	175.80433	169.29902	172.61864	171.55026	169.56201	165.96942	169.44108	165.81213	170.11133	174.77169	154.61502	165.78332
10/6/2025	1:44:13 PM	166.07216	168.34742	174.84159	168.29347	171.67256	170.55215	168.58798	165.04802	168.48040	164.84738	169.11406	173.71562	153.72183	164.88055
10/6/2025	1:44:16 PM	165.12740	167.39045	173.87577	167.37793	170.65296	169.55948	167.62317	164.13776	167.53034	163.89536	168.13308	172.67368	152.84879	163.99703
10/6/2025	1:44:20 PM	164.17191	166.45240	172.90913	166.44032	169.74922	168.59715	166.67791	163.24960	166.60187	162.96952	167.17270	171.63673	151.98848	163.12275
10/6/2025	1:44:23 PM	163.24470	165.52156	171.96410	165.48158	168.77463	167.63785	165.73592	162.36176	165.67147	162.05188	166.22065	170.60664	151.14651	162.25525
10/6/2025	1:44:27 PM	162.33535	164.61746	171.03784	164.58515	167.78101	166.70988	164.82350	161.49748	164.76239	161.15650	165.28400	169.59646	150.32493	161.41119
10/6/2025	1:44:31 PM	161.42326	163.69928	170.11946	163.68021	166.90558	165.78138	163.91572	160.64114	163.86771	160.27915	164.36913	168.61539	149.51136	160.57430
10/6/2025	1:44:34 PM	160.56405	162.80524	169.17893	162.76977	166.01137	164.85827	163.02811	159.80196	162.99663	159.43097	163.47498	167.64199	148.71168	159.75522
10/6/2025	1:44:38 PM	159.70230	161.92261	168.27312	161.87233	165.03428	163.96602	162.16363	158.97937	162.14469	158.59947	162.59996	166.69110	147.93946	158.95186
10/6/2025	1:44:41 PM	158.84865	161.04894	167.38761	161.01564	164.15187	163.07248	161.30587	158.15939	161.29463	157.76833	161.72961	165.75287	147.18431	158.15743
10/6/2025	1:44:45 PM	158.02297	160.17399	166.48788	160.19142	163.24228	162.20138	160.46821	157.35569	160.45700	156.94769	160.86788	164.83002	146.44128	157.36848
10/6/2025	1:44:49 PM	157.19416	159.34125	165.60624	159.32661	162.41176	161.33196	159.63269	156.56044	159.62848	156.13592	160.02401	163.92360	145.71552	156.59090
10/6/2025	1:44:52 PM	156.35455	158.51009	164.77097	158.50370	161.57044	160.49573	158.82359	155.79154	158.83414	155.35367	159.20748	163.04057	145.02562	155.84242
10/6/2025	1:44:56 PM	155.57639	157.69317	163.90611	157.68698	160.76564	159.66086	158.02303	155.02174	158.02957	154.56528	158.38106	162.15236	144.32316	155.07590
10/6/2025	1:44:59 PM	154.79814	156.86933	163.06081	156.88238	159.86384	158.84094	157.22848	154.25910	157.23853	153.78987	157.57490	161.28774	143.64312	154.33820
10/6/2025	1:45:03 PM	154.00467	156.06787	162.23684	156.10566	159.12109	158.01422	156.44737	153.51714	156.46890	153.03333	156.77381	160.42802	142.96468	153.59983
10/6/2025	1:45:07 PM	153.25317	155.28108	161.41255	155.30275	158.32275	157.21465	155.68034	152.78269	155.70078	152.28185	155.99112	159.58637	142.31139	152.87977
10/6/2025	1:45:10 PM	152.49902	154.50948	160.60068	154.52863	157.57695	156.42737	154.92262	152.06209	154.95074	151.54945	155.21732	158.75303	141.66559	152.16579
10/6/2025	1:45:14 PM	151.74977	153.73312	159.77916	153.77941	156.77364	155.64790	154.17038	151.34486	154.20498	150.81945	154.45165	157.92381	141.02325	151.45690
10/6/2025	1:45:17 PM	150.98093	152.97652	158.99681	153.01421	156.00608	154.87678	153.44070	150.64555	153.47463	150.10544	153.70339	157.11364	140.39921	150.76477
10/6/2025	1:45:21 PM	150.28012	152.24204	158.24542	152.27810	155.23166	154.12643	152.71993	149.96146	152.75956	149.41046	152.96544	156.32184	139.78833	150.09491
10/6/2025	1:45:25 PM	149.57089	151.50620	157.47214	151.56759	154.51856	153.38597	152.00438	149.27876	152.04812	148.71914	152.22969	155.52951	139.17881	149.41337
10/6/2025	1:45:28 PM	148.87714	150.78385	156.71527	150.84329	153.79107	152.65422	151.29763	148.60712	151.34880	148.03570	151.51488	154.75838	138.58725	148.75441
10/6/2025	1:45:32 PM	148.17860	150.06603	155.95955	150.13358	153.06636	151.93913	150.60545	147.95499	150.65954	147.36871	150.80892	153.99817	138.00647	148.10382
10/6/2025	1:45:35 PM	147.51025	149.35347	155.21377	149.42460	152.33925	151.22621	149.91473	147.30082	149.97408	146.70182	150.09900	153.22702	137.42134	147.44755
10/6/2025	1:45:39 PM	146.82337	148.65106	154.45681	148.72928	151.61979	150.50133	149.21895	146.64403	149.28457	146.03667	149.40191	152.48056	136.85445	146.80790
10/6/2025	1:45:43 PM	146.17602	147.97673	153.73495	148.02945	150.91774	149.82071	148.55960	146.01870	148.62679	145.39469	148.72615	151.74936	136.29556	146.17841
10/6/2025	1:45:46 PM	145.52791	147.29092	153.01003	147.37058	150.25716	149.13799	147.89203	145.38470	147.96077	144.75318	148.04762	151.01483	135.73416	145.54219
10/6/2025	1:45:50 PM	144.87709	146.59634	152.28009	146.67716	149.55047	148.46442	147.24080	144.76843	147.31627	144.13039	147.39132	150.29778	135.19481	144.93714
10/6/2025	1:45:54 PM	144.24849	145.95472	151.59708	146.03875	148.89583	147.81995	146.60123	144.16228	146.67839	143.50925	146.73597	149.58996	134.65427	144.33067
10/6/2025	1:45:57 PM	143.61959	145.29843	150.86589	145.38535	148.18937	147.15342	145.96963	143.56011	146.04379	142.89934	146.09086	148.89670	134.12327	143.72964
10/6/2025	1:46:01 PM	142.99834	144.64926	150.19698	144.74947	147.55734	146.50332	145.34840	142.97327	145.42635	142.30383	145.46361	148.21799	133.60171	143.14131
10/6/2025	1:46:04 PM	142.38507	144.01136	149.50908	144.10441	146.91542	145.87677	144.73005	142.38465	144.80626	141.70850	144.83405	147.53719	133.08230	142.55710
10/6/2025	1:46:08 PM	141.78692	143.38019	148.84201	143.47473	146.25125	145.23495	144.11360	141.79979	144.19485	141.11495	144.20865	146.85873	132.56673	141.97295
10/6/2025	1:46:12 PM	141.19153	142.73627	148.18883	142.87754	145.63911	144.62141	143.51421	141.23388	143.60287	140.54170	143.60137	146.20566	132.06830	141.40980
10/6/2025	1:46:15 PM	140.60367	142.13512	147.53131	142.28393	144.98193	144.01117	142.91227	140.66148	142.99979	139.96420	142.99307	145.54894	131.56993	140.84841
10/6/2025	1:46:19 PM	140.01722	141.52741	146.86742	141.68351	144.36500	143.41976	142.33353	140.11483	142.42906	139.41192	142.41068	144.92108	131.09226	140.29709
10/6/2025	1:46:22 PM	139.47024	140.95405	146.23383	141.12846	143.74529	142.84148	141.76288	139.56972	141.85278	138.86199	141.82667	144.29703	130.61191	139.74929
10/6/2025	1:46:26 PM	138.90218	140.32323	145.59013	140.53759	143.13866	142.26957	141.18650	139.02639	141.28059	138.31238	141.24171	143.66389	130.13065	139.19611
10/6/2025	1:46:29 PM	138.33770	139.72349	144.94430	139.95920	142.51398	141.67695	140.61246	138.47531	140.70234	137.75750	140.65604	143.03643	129.64750	138.64783
10/6/2025	1:46:33 PM	137.77533	139.14079	144.30645	139.39831	141.93347	141.09984	140.05042	137.94067	140.14074	137.21976	140.08602	142.42790	129.18434	138.11925
10/6/2025	1:46:37 PM	137.22990	138.59008	143.68893	138.84210	141.34954	140.53477	139.49841	137.42055	139.59052	136.69280	139.52834	141.82576	128.72568	137.59338
10/6/2025	1:46:40 PM	136.68536	137.99964	143.06661	138.28075	140.74614	139.96647	138.94428	136.89195	139.03206	136.15934	138.96515	141.22497	128.26812	137.06492
10/6/2025	1:46:44 PM	136.15027	137.43257	142.45840	137.74329	140.18585	139.41368	138.40441	136.37470	138.49193	135.64073	138.41689	140.64202	127.81470	136.54649
10/6/2025	1:46:47 PM	135.60144	136.85567	141.83920	137.17424	139.58446	138.85849	137.86098	135.85660	137.94928	135.12329	137.86876	140.05718	127.36494	136.03370
10/6/2025	1:46:51 PM	135.08340	136.31474	141.25037	136.62179	139.04893	138.32979	137.33691	135.36088	137.42928	134.62477	137.33857	139.49373	126.93106	135.53862
10/6/2025	1:46:55 PM	134.58314	135.79804	140.68111	136.08943	138.51421	137.82525	136.81922	134.86603	136.91095	134.12855	136.81329	138.93397	126.50394	135.03735
10/6/2025	1:46:58 PM	134.07228	135.25433	140.07591	135.55375	137.96044	137.28644	136.29194	134.36406	136.38078	133.62465	136.27665	138.36311	126.06822	134.53582
10/6/2025	1:47:02 PM	133.56604	134.73878	139.52060	135.04098	137.40678	136.77215	135.78688	133.87907	135.87089	133.13759	135.76435	137.82058	125.65060	134.04999
10/6/2025	1:47:05 PM	133.06550	134.19893	138.95020	134.50594	136.86444	136.25946	135.26517	133.39058	135.35867	132.64859	135.24185	137.26922	125.23044	133.55694
10/6/2025	1:47:09 PM	132.55192	133.67497	138.35637	133.97724	136.33173	135.73418	134.75628	132.90841	134.85267	132.16737	134.73015	136.72936	124.81359	133.06940
10/6/2025	1:47:12 PM	132.06043	133.15943	137.83450	133.47504	135.81822	135.22874	134.26495	132.43675	134.35666	131.69165	134.22523	136.19272	124.40631	132.59063
10/6/2025	1:47:16 PM	131.55928	132.64823	137.27807	132.96995	135.30443	134.73918	133.75276	131.96156	133.85778	131.21809	133.72569	135.66610	124.00025	132.11452
10/6/2025	1:47:20 PM	131.08361	132.16992	136.72957	132.45852	134.76737	134.24367	133.27148	131.49513	133.37176	130.75310	133.22850	135.13790	123.60355	131.64468
10/6/2025	1:47:23 PM	130.60903	131.68425	136.17999	131.95039	134.26481	133.76856	132.78877	131.04346	132.89437	130.29708	132.74727	134.62466	123.21395	131.18717
10/6/2025	1:47:27 PM	130.13154	131.18503	135.64823	131.46143	133.77139	133.28031	132.30410	130.58330	132.41099	129.83837	132.25489	134.10794	122.82059	130.72017
10/6/2025	1:47:30 PM	129.65823	130.68770	135.10848	130.94982	133.31022	132.80048	131.83463	130.13470	131.93955	129.38887	131.77939	133.61171	122.43728	130.26873
10/6/2025	1:47:34 PM	129.19562	130.22689	134.58501	130.47262	132.81121	132.32117	131.36666	129.68905	131.46987	128.94086	131.30522	133.10612	122.05494	129.82019
10/6/2025	1:47:38 PM	128.73686	129.75370	134.07730	130.01143	132.32420	131.84303	130.90832	129.24887	131.00652	128.49090	130.83038	132.61352	121.67910	129.37724
10/6/2025	1:47:41 PM	128.27901	129.28936	133.56044	129.53412	131.85615	131.37006	130.45628	128.80657	130.54504	128.05333	130.36528	132.12762	121.31146	128.94170
10/6/2025	1:47:45 PM	127.82397	128.83731	133.04234	129.06391	131.36096	130.91138	129.99909	128.37710	130.09378	127.62323	129.91019	131.64776	120.94668	128.50956
10/6/2025	1:47:48 PM	127.39352	128.40048	132.55982	128.59766	130.88718	130.46596	129.56264	127.95766	129.64946	127.19664	129.46226	131.17564	120.58073	128.07786
10/6/2025	1:47:52 PM	126.95193	127.95746	132.06168	128.14492	130.43398	130.03088	129.11677	127.53025	129.20017	126.77430	129.01689	130.70138	120.22424	127.65510
10/6/2025	1:47:56 PM	126.52311	127.53164	131.57103	127.68907	130.00463	129.59700	128.68668	127.12201	128.77363	126.36564	128.57562	130.24011	119.87241	127.24075
10/6/2025	1:47:59 PM	126.10140	127.09100	131.09728	127.24942	129.56600	129.15586	128.26200	126.71295	128.34973	125.95763	128.14958	129.78351	119.52649	126.83135
10/6/2025	1:48:03 PM	125.67771	126.66614	130.61784	126.81860	129.11512	128.71794	127.82230	126.29935	127.91102	125.54100	127.70248	129.31307	119.17310	126.40897
10/6/2025	1:48:06 PM	125.25654	126.23746	130.14332	126.36953	128.67155	128.28237	127.39467	125.89184	127.48678	125.13801	127.26968	128.85802	118.82684	126.00403
10/6/2025	1:48:10 PM	124.83805	125.81007	129.68111	125.91587	128.22446	127.84255	126.97174	125.48789	127.06450	124.73119	126.83596	128.40577	118.48075	125.59452
10/6/2025	1:48:13 PM	124.42073	125.38507	129.21632	125.49230	127.80711	127.42953	126.54368	125.08710	126.64232	124.32847	126.41110	127.95783	118.14112	125.19009
10/6/2025	1:48:17 PM	124.01524	124.96230	128.74315	125.04274	127.35989	127.00688	126.12262	124.68690	126.22055	123.92876	125.98747	127.50750	117.80223	124.78531
10/6/2025	1:48:21 PM	123.60573	124.54758	128.30181	124.62278	126.95184	126.58250	125.70679	124.28988	125.80508	123.53612	125.56621	127.07026	117.46599	124.38689
10/6/2025	1:48:24 PM	123.20070	124.13856	127.84034	124.20208	126.53036	126.15980	125.30579	123.90488	125.40302	123.14840	125.15360	126.63409	117.13793	124.00399
10/6/2025	1:48:28 PM	122.79907	123.73529	127.39323	123.79926	126.12307	125.75364	124.89764	123.51687	124.99340	122.75751	124.74223	126.20941	116.81099	123.61025
10/6/2025	1:48:31 PM	122.40963	123.33899	126.95093	123.39219	125.70603	125.35126	124.50588	123.13008	124.59108	122.37794	124.33396	125.78094	116.48882	123.22523
10/6/2025	1:48:35 PM	122.01488	122.94021	126.50307	122.98238	125.29025	124.96300	124.10198	122.74806	124.19243	121.99943	123.93114	125.35697	116.16045	122.84293
10/6/2025	1:48:39 PM	121.63489	122.54902	126.07699	122.57259	124.86235	124.55317	123.70784	122.37616	123.80153	121.62671	123.53617	124.94759	115.85017	122.46740
10/6/2025	1:48:42 PM	121.25862	122.15749	125.63579	122.18627	124.48036	124.15986	123.32200	122.00459	123.41320	121.25912	123.14588	124.53559	115.53077	122.09230
10/6/2025	1:48:46 PM	120.87202	121.77110	125.22130	121.80545	124.06922	123.77480	122.93355	121.63274	123.01838	120.88747	122.74530	124.12461	115.21466	121.71677
10/6/2025	1:48:49 PM	120.50147	121.39939	124.79631	121.40918	123.69247	123.38820	122.55144	121.26388	122.64383	120.52521	122.36438	123.72695	114.91016	121.34862
10/6/2025	1:48:53 PM	120.13486	121.02574	124.38902	121.03371	123.31237	123.00151	122.18967	120.90743	122.26242	120.16715	121.98071	123.32484	114.60787	120.98698
10/6/2025	1:48:57 PM	119.76798	120.64748	123.96972	120.66151	122.92536	122.61847	121.80234	120.54053	121.88746	119.80268	121.59548	122.92655	114.30316	120.62347
10/6/2025	1:49:00 PM	119.40920	120.28152	123.57170	120.28459	122.53658	122.25443	121.44929	120.19015	121.52029	119.45757	121.22911	122.54332	114.00772	120.27204
10/6/2025	1:49:04 PM	119.05086	119.92157	123.16603	119.90767	122.15330	121.89613	121.07840	119.83652	121.15347	119.10445	120.85479	122.16225	113.70956	119.92125
10/6/2025	1:49:07 PM	118.69803	119.56183	122.76890	119.54312	121.77616	121.54019	120.71797	119.49561	120.79226	118.75942	120.49051	121.77560	113.41760	119.56291
10/6/2025	1:49:11 PM	118.34696	119.20001	122.36925	119.17733	121.41491	121.18261	120.35841	119.14916	120.42819	118.39589	120.09016	121.35502	113.12476	119.21202
10/6/2025	1:49:15 PM	117.94767	118.79897	121.95626	118.82463	121.07493	120.86192	120.04855	118.83855	120.08242	118.04009	119.67077	120.88499	112.75589	118.84492
10/6/2025	1:49:18 PM	117.39690	118.20980	121.31680	118.28696	120.64825	120.67072	120.10324	119.08632	120.30852	118.25538	119.48347	120.42436	112.50891	118.66871
10/6/2025	1:49:22 PM	116.75126	117.48421	120.64509	117.78224	120.29168	120.46311	119.99594	119.04100	120.16989	118.07350	119.13172	119.96743	112.20776	118.35376
10/6/2025	1:49:25 PM	116.25524	116.94357	120.11229	117.35424	119.91058	120.17807	119.78504	118.86045	119.93482	117.82221	118.77933	119.54457	111.90824	118.03032
10/6/2025	1:49:29 PM	115.79964	116.44533	119.61177	116.92858	119.52683	119.85880	119.47730	118.57883	119.60486	117.46499	118.33469	119.10331	111.55139	117.65992
10/6/2025	1:49:32 PM	115.34788	116.00379	119.17403	116.58735	119.24711	119.63690	119.33664	118.43795	119.41298	117.25437	118.01551	118.69273	111.38508	117.38982
10/6/2025	1:49:36 PM	114.93260	115.59642	118.75816	116.26810	118.92057	119.37322	119.09198	118.20019	119.13090	116.98484	117.65980	118.28525	111.09671	117.07177
10/6/2025	1:49:40 PM	114.51626	115.17117	118.32674	115.91410	118.59166	119.08870	118.83196	117.95524	118.85397	116.70555	117.31543	117.88593	110.81730	116.75445
10/6/2025	1:49:43 PM	114.10717	114.76049	117.90847	115.56428	118.25748	118.79721	118.55856	117.69897	118.56699	116.42370	116.97408	117.49209	110.53592	116.43311
10/6/2025	1:49:47 PM	113.70469	114.35515	117.48621	115.20990	117.91699	118.50851	118.29519	117.44967	118.28281	116.14748	116.63948	117.10788	110.25989	116.11667
10/6/2025	1:49:50 PM	113.31997	113.95880	117.08268	114.86880	117.58858	118.22141	118.02527	117.18809	117.99683	115.86617	116.30431	116.72628	109.99199	115.80282
10/6/2025	1:49:54 PM	112.94335	113.57654	116.68091	114.52436	117.25387	117.91551	117.75716	116.92995	117.71097	115.59309	115.97691	116.35561	109.71887	115.49035
10/6/2025	1:49:58 PM	112.57098	113.19702	116.28682	114.19087	116.92268	117.62951	117.48239	116.66883	117.41582	115.31411	115.64902	115.97996	109.45185	115.17502
10/6/2025	1:50:01 PM	112.20322	112.82562	115.89972	113.85691	116.60157	117.32979	117.20157	116.40424	117.12898	115.03413	115.32361	115.61859	109.18503	114.86656
10/6/2025	1:50:05 PM	111.84161	112.45302	115.50641	113.52243	116.26535	117.03546	116.92286	116.13329	116.83472	114.75395	114.99728	115.25850	108.91568	114.55582
10/6/2025	1:50:08 PM	111.48825	112.09046	115.12398	113.19359	115.93851	116.73667	116.64301	115.86532	116.54579	114.47504	114.68269	114.90275	108.65285	114.25437
10/6/2025	1:50:12 PM	111.13863	111.73093	114.74590	112.87323	115.62439	116.44076	116.35925	115.59002	116.25818	114.19567	114.36190	114.55427	108.38966	113.94774
10/6/2025	1:50:16 PM	110.80005	111.38549	114.38382	112.55479	115.31600	116.14786	116.08348	115.32821	115.97328	113.92336	114.05488	114.22047	108.13644	113.65106
10/6/2025	1:50:19 PM	110.45722	111.04362	114.01581	112.24194	114.99198	115.85473	115.80663	115.04902	115.67725	113.64746	113.74607	113.88519	107.87662	113.34549
10/6/2025	1:50:23 PM	110.13285	110.70485	113.65855	111.92844	114.69230	115.56612	115.53335	114.78288	115.39513	113.36938	113.43821	113.54254	107.62428	113.05342
10/6/2025	1:50:26 PM	109.80560	110.37402	113.31301	111.63085	114.38167	115.27877	115.26835	114.51515	115.11495	113.09373	113.13034	113.21795	107.37665	112.76351
10/6/2025	1:50:30 PM	109.49173	110.04316	112.97171	111.32543	114.07411	114.98403	114.98586	114.24413	114.82332	112.82798	112.83492	112.89292	107.12955	112.46915
10/6/2025	1:50:34 PM	109.17515	109.72602	112.62500	111.02631	113.77080	114.69803	114.70854	113.98084	114.54417	112.56267	112.53350	112.56389	106.88354	112.18056
10/6/2025	1:50:37 PM	108.86607	109.41039	112.29280	110.73156	113.46281	114.40838	114.43266	113.71429	114.26783	112.28935	112.23071	112.24235	106.63947	111.89938
10/6/2025	1:50:41 PM	108.56369	109.09619	111.96224	110.44263	113.17459	114.12326	114.15682	113.44737	113.98903	112.02699	111.94428	111.93944	106.40275	111.61837
10/6/2025	1:50:44 PM	108.26025	108.78751	111.63537	110.14869	112.86987	113.83895	113.87957	113.18349	113.70876	111.76699	111.65465	111.62750	106.16291	111.33511
10/6/2025	1:50:48 PM	107.96886	108.48075	111.31503	109.86619	112.58307	113.56406	113.60714	112.91766	113.43606	111.51014	111.36488	111.31222	105.93044	111.06146
10/6/2025	1:50:52 PM	107.67984	108.18879	111.00250	109.58812	112.28883	113.28833	113.34112	112.65949	113.16759	111.24968	111.08369	111.01166	105.70112	110.79183
10/6/2025	1:50:55 PM	107.39503	107.89356	110.69274	109.31032	112.00936	113.01232	113.06137	112.39619	112.89591	110.98804	110.80304	110.71877	105.47233	110.52286
10/6/2025	1:50:59 PM	107.11391	107.60811	110.38629	109.03228	111.71955	112.73753	112.79714	112.13655	112.63061	110.73751	110.52875	110.42897	105.24684	110.24239
10/6/2025	1:51:02 PM	106.82938	107.32220	110.08891	108.75916	111.44008	112.46600	112.53674	111.87858	112.35958	110.48341	110.24877	110.13694	105.01950	109.95653
10/6/2025	1:51:06 PM	106.55603	107.04291	109.79321	108.49282	111.16309	112.19757	112.27292	111.62503	112.09968	110.23318	109.97328	109.85003	104.80039	109.68674
10/6/2025	1:51:10 PM	106.29117	106.76388	109.50442	108.23628	110.88636	111.93551	112.01419	111.37145	111.84247	109.98628	109.70392	109.56178	104.58516	109.42166
10/6/2025	1:51:13 PM	106.02331	106.49788	109.21667	107.97188	110.61563	111.66860	111.74981	111.11803	111.58185	109.73300	109.43274	109.27820	104.36678	109.15361
10/6/2025	1:51:17 PM	105.76248	106.22988	108.93240	107.71356	110.35026	111.40772	111.49728	110.86898	111.32597	109.48605	109.16113	108.99911	104.14823	108.88944
10/6/2025	1:51:20 PM	105.50635	105.95986	108.65323	107.45431	110.07891	111.14864	111.23514	110.61597	111.06769	109.24215	108.89880	108.72572	103.93765	108.63056
10/6/2025	1:51:24 PM	105.25545	105.70728	108.37480	107.20764	109.82350	110.89748	110.98527	110.36846	110.81308	109.00150	108.64088	108.45730	103.73078	108.37884
10/6/2025	1:51:28 PM	105.00300	105.45058	108.09786	106.95723	109.56288	110.63782	110.73555	110.12733	110.56210	108.76401	108.38509	108.18742	103.52185	108.12820
10/6/2025	1:51:31 PM	104.75642	105.20287	107.83526	106.70826	109.29741	110.38287	110.47717	109.88102	110.31069	108.52389	108.13183	107.92330	103.31636	107.87953
10/6/2025	1:51:35 PM	104.50867	104.94895	107.56536	106.46351	109.03654	110.13220	110.23281	109.63727	110.06267	108.28416	107.87747	107.66064	103.10873	107.63384
10/6/2025	1:51:38 PM	104.27111	104.70963	107.30743	106.22545	108.79267	109.88464	109.98307	109.39603	109.81996	108.05360	107.63038	107.40648	102.91123	107.39273
10/6/2025	1:51:42 PM	104.03446	104.46950	107.04162	105.97724	108.53114	109.62758	109.72767	109.15363	109.57210	107.81418	107.37430	107.14747	102.70936	107.14740
10/6/2025	1:51:46 PM	103.79191	104.22540	106.79112	105.74828	108.29262	109.38788	109.49652	108.92066	109.33204	107.58752	107.13412	106.90305	102.51311	106.91349
10/6/2025	1:51:49 PM	103.56628	103.99729	106.54448	105.51977	108.04916	109.15132	109.25641	108.69128	109.10058	107.36632	106.90228	106.66197	102.32898	106.69346
10/6/2025	1:51:53 PM	103.35086	103.78136	106.30836	105.31012	107.82156	108.92441	109.03495	108.47371	108.87587	107.15461	106.67705	106.42889	102.14299	106.47210
10/6/2025	1:51:56 PM	103.13304	103.55956	106.06918	105.08289	107.58679	108.69848	108.80050	108.24488	108.64339	106.93746	106.44737	106.19318	101.95750	106.24808
10/6/2025	1:52:00 PM	102.91573	103.34360	105.84263	104.86479	107.36215	108.46713	108.56788	108.02389	108.41619	106.72016	106.21787	105.95783	101.77098	106.02503
10/6/2025	1:52:03 PM	102.69960	103.12023	105.59733	104.64490	107.12757	108.23414	108.33946	107.79229	108.18181	106.49904	105.98543	105.72679	101.58482	105.80015
10/6/2025	1:52:07 PM	102.48403	102.90564	105.36282	104.42399	106.88705	107.99551	108.10492	107.56716	107.95397	106.27903	105.75520	105.49516	101.39954	105.57699
10/6/2025	1:52:10 PM	102.27147	102.68738	105.13317	104.21040	106.66050	107.77360	107.87833	107.33968	107.72317	106.06046	105.52962	105.26409	101.21696	105.36075
10/6/2025	1:52:14 PM	102.06262	102.47745	104.90144	103.99719	106.43559	107.54700	107.65111	107.12528	107.50342	105.85480	105.30735	105.04199	101.04004	105.14803
10/6/2025	1:52:18 PM	101.86131	102.27367	104.68428	103.79388	106.21675	107.32604	107.43163	106.90517	107.28487	105.64553	105.08711	104.82105	100.86498	104.93596
10/6/2025	1:52:21 PM	101.65392	102.07055	104.46030	103.58597	105.99577	107.11127	107.21000	106.68553	107.06380	105.43531	104.86795	104.60378	100.68802	104.72552
10/6/2025	1:52:25 PM	101.45165	101.86614	104.23967	103.37814	105.77574	106.89079	106.98559	106.47393	106.84787	105.22772	104.65080	104.38810	100.51475	104.51807
10/6/2025	1:52:28 PM	101.25239	101.66812	104.02166	103.17196	105.55966	106.67141	106.76462	106.25613	106.63060	105.02042	104.43736	104.17413	100.34083	104.30659
10/6/2025	1:52:32 PM	101.05728	101.46954	103.80799	102.97671	105.34551	106.45713	106.55290	106.04221	106.41904	104.81828	104.22341	103.96190	100.17264	104.10346
10/6/2025	1:52:35 PM	100.86402	101.27840	103.59521	102.77830	105.13159	106.24828	106.33874	105.83413	106.20720	104.61425	104.01679	103.75294	100.00492	103.90337
10/6/2025	1:52:39 PM	100.67264	101.08525	103.38327	102.58084	104.91896	106.03441	106.12424	105.62611	105.99756	104.41440	103.80972	103.54476	99.83704	103.70432
10/6/2025	1:52:43 PM	100.48333	100.89466	103.17954	102.38536	104.71524	105.82787	105.91340	105.41915	105.78528	104.21921	103.60243	103.33853	99.67123	103.50576
10/6/2025	1:52:46 PM	100.29525	100.70322	102.97221	102.19182	104.50809	105.61882	105.70437	105.21303	105.57880	104.02499	103.39810	103.13771	99.50872	103.31215
10/6/2025	1:52:50 PM	100.11204	100.51950	102.77205	102.00545	104.29753	105.40959	105.49771	105.01008	105.37381	103.83009	103.19477	102.93470	99.34609	103.11466
10/6/2025	1:52:54 PM	99.93121	100.33611	102.57118	101.81766	104.10333	105.20558	105.29730	104.81004	105.17729	103.63654	102.99623	102.73637	99.18847	102.92604
10/6/2025	1:52:57 PM	99.75317	100.15942	102.37663	101.63297	103.90224	105.00861	105.09561	104.60969	104.97456	103.44363	102.79878	102.53839	99.02647	102.73503
10/6/2025	1:53:01 PM	99.57405	99.97664	102.18052	101.44916	103.70142	104.80648	104.89407	104.41060	104.77333	103.25698	102.60571	102.34568	98.87023	102.55021
10/6/2025	1:53:04 PM	99.39709	99.79878	101.98701	101.26655	103.50955	104.60362	104.69678	104.21677	104.57449	103.07781	102.41420	102.15675	98.71868	102.36650
10/6/2025	1:53:08 PM	99.23274	99.63387	101.80206	101.09384	103.31911	104.41391	104.50452	104.02667	104.38707	102.89227	102.22256	101.96627	98.56818	102.18770
10/6/2025	1:53:11 PM	99.05980	99.45843	101.61379	100.91752	103.12566	104.21648	104.30962	103.83526	104.19266	102.70755	102.03491	101.77790	98.41963	102.01136
10/6/2025	1:53:15 PM	98.89171	99.28884	101.42917	100.74330	102.93853	104.02201	104.11396	103.64553	104.00129	102.52972	101.84905	101.59424	98.27449	101.83759
10/6/2025	1:53:19 PM	98.72529	99.11956	101.24997	100.56974	102.75933	103.82928	103.92286	103.45811	103.81057	102.35181	101.66326	101.41073	98.12915	101.65952
10/6/2025	1:53:22 PM	98.56152	98.95631	101.06587	100.39972	102.56775	103.63456	103.73473	103.27123	103.62816	102.17482	101.48124	101.23008	97.98716	101.48703
10/6/2025	1:53:26 PM	98.39841	98.79475	100.89277	100.23379	102.39008	103.45111	103.55172	103.09049	103.44405	102.00325	101.30620	101.05530	97.84848	101.32204
10/6/2025	1:53:29 PM	98.24346	98.63794	100.71933	100.07237	102.21544	103.27235	103.37769	102.91121	103.26451	101.83325	101.12840	100.88083	97.70753	101.15070
10/6/2025	1:53:33 PM	98.08540	98.47928	100.54426	99.90619	102.03812	103.09230	103.19622	102.72835	103.08545	101.65816	100.94919	100.70437	97.56735	100.98327
10/6/2025	1:53:37 PM	97.92907	98.32172	100.37368	99.74623	101.86083	102.91176	103.01139	102.55049	102.90402	101.49246	100.77694	100.53224	97.42852	100.81768
10/6/2025	1:53:40 PM	97.77554	98.16869	100.20564	99.58390	101.68717	102.73159	102.82692	102.37240	102.72338	101.32547	100.60131	100.36002	97.29016	100.65041
10/6/2025	1:53:44 PM	97.62245	98.01314	100.03571	99.42580	101.51363	102.55428	102.65098	102.19834	102.55368	101.15832	100.43318	100.19252	97.15415	100.49064
10/6/2025	1:53:47 PM	97.47210	97.86191	99.87072	99.26808	101.33673	102.37998	102.47822	102.02512	102.37766	100.99705	100.26492	100.02527	97.02110	100.33037
10/6/2025	1:53:51 PM	97.32441	97.71270	99.71294	99.11387	101.17495	102.20719	102.30532	101.85578	102.20840	100.83591	100.09431	99.86065	96.88904	100.16918
10/6/2025	1:53:55 PM	97.17961	97.56495	99.54633	98.96185	101.00639	102.03717	102.13235	101.68594	102.03990	100.66433	99.93267	99.69623	96.75705	100.01425
10/6/2025	1:53:58 PM	97.03660	97.41847	99.39041	98.81141	100.84344	101.86843	101.96392	101.51683	101.86754	100.52125	99.76900	99.53620	96.62707	99.85634
10/6/2025	1:54:02 PM	96.89170	97.27433	99.23378	98.66143	100.67940	101.70091	101.79661	101.35104	101.70626	100.35703	99.60499	99.37239	96.49695	99.69994
10/6/2025	1:54:05 PM	96.75580	97.13995	99.08112	98.50711	100.51393	101.53344	101.62755	101.18440	101.53926	100.20555	99.44617	99.21308	96.37164	99.55153
10/6/2025	1:54:09 PM	96.60817	96.98535	98.92335	98.36517	100.35742	101.37276	101.46791	101.02217	101.37711	100.04919	99.28489	99.05587	96.24546	99.39966
10/6/2025	1:54:12 PM	96.47293	96.84950	98.77162	98.21877	100.19378	101.21164	101.30177	100.85890	101.21579	99.89494	99.13041	98.90081	96.11680	99.24818
10/6/2025	1:54:16 PM	96.33524	96.70850	98.61733	98.07091	100.03680	101.05073	101.14138	100.69740	101.05123	99.74420	98.97238	98.74885	95.99275	99.09763
10/6/2025	1:54:20 PM	96.19853	96.57210	98.47114	97.93024	99.88341	100.89461	100.98463	100.53885	100.89843	99.59273	98.81877	98.59712	95.87010	98.95323
10/6/2025	1:54:23 PM	96.06685	96.43921	98.32619	97.78899	99.72891	100.73959	100.82793	100.38438	100.73856	99.44937	98.66648	98.44888	95.75050	98.80977
10/6/2025	1:54:27 PM	95.93664	96.30563	98.17729	97.64868	99.57524	100.58342	100.66787	100.22813	100.58786	99.30315	98.51637	98.29950	95.62975	98.66697
10/6/2025	1:54:30 PM	95.80641	96.17428	98.03661	97.51406	99.42504	100.43068	100.51378	100.07565	100.42902	99.16402	98.36902	98.15167	95.51289	98.52840
10/6/2025	1:54:34 PM	95.67747	96.04721	97.89391	97.37717	99.27567	100.28025	100.36340	99.92429	100.27919	99.02086	98.22323	98.00754	95.39530	98.38624
10/6/2025	1:54:38 PM	95.55341	95.91780	97.75811	97.24239	99.13546	100.13469	100.21422	99.77751	100.13123	98.88287	98.08289	97.86906	95.27939	98.24820
10/6/2025	1:54:41 PM	95.42780	95.79301	97.61797	97.11154	98.98839	99.99052	100.06412	99.62836	99.98210	98.74425	97.94151	97.72761	95.16440	98.11063
10/6/2025	1:54:45 PM	95.30469	95.66844	97.48096	96.98228	98.84469	99.84031	99.91486	99.48120	99.83712	98.60382	97.80240	97.58971	95.05036	97.97576
10/6/2025	1:54:48 PM	95.18248	95.54570	97.34784	96.84992	98.70724	99.69720	99.77093	99.33449	99.69110	98.46860	97.66413	97.45194	94.93794	97.84247
10/6/2025	1:54:52 PM	95.06220	95.42652	97.21285	96.72345	98.56777	99.55904	99.62845	99.19343	99.55097	98.33331	97.52806	97.31826	94.82888	97.71243
10/6/2025	1:54:56 PM	94.94579	95.30536	97.08594	96.59716	98.43176	99.42031	99.48565	99.04972	99.40917	98.20159	97.39283	97.18451	94.72127	97.58369
10/6/2025	1:54:59 PM	94.82759	95.18931	96.95676	96.47584	98.29376	99.27886	99.34911	98.91091	99.27178	98.07120	97.26015	97.05279	94.61252	97.45566
10/6/2025	1:55:03 PM	94.71155	95.06999	96.82988	96.35068	98.16308	99.14146	99.21044	98.77006	99.13431	97.94371	97.12644	96.92096	94.50672	97.32734
10/6/2025	1:55:06 PM	94.59617	94.95347	96.70117	96.22796	98.02649	99.00250	99.06990	98.62919	98.99539	97.80198	96.98698	96.78904	94.39909	97.20515
10/6/2025	1:55:10 PM	94.48610	94.84326	96.57634	96.10909	97.89336	98.86857	98.93588	98.49412	98.85957	97.68240	96.86144	96.66463	94.29615	97.08001
10/6/2025	1:55:14 PM	94.37337	94.72809	96.45495	95.99019	97.76565	98.73638	98.80301	98.36255	98.73034	97.55716	96.73390	96.53524	94.19078	96.95665
10/6/2025	1:55:17 PM	94.26124	94.62019	96.33329	95.87200	97.63301	98.60420	98.66982	98.22882	98.59648	97.43236	96.60617	96.41174	94.08958	96.83564
10/6/2025	1:55:21 PM	94.15237	94.50706	96.21044	95.75454	97.50722	98.47630	98.53767	98.09737	98.46708	97.30735	96.47928	96.28836	93.98854	96.71662
10/6/2025	1:55:24 PM	94.04414	94.39671	96.09461	95.64001	97.38353	98.35095	98.40525	97.96916	98.33950	97.18677	96.35354	96.16380	93.88995	96.59827
10/6/2025	1:55:28 PM	93.93778	94.28994	95.97702	95.52618	97.25553	98.22004	98.27919	97.83760	98.21174	97.06578	96.22735	96.04161	93.79156	96.47982
10/6/2025	1:55:32 PM	93.83354	94.18256	95.85849	95.41042	97.12890	98.09294	98.15203	97.70909	98.08542	96.94385	96.10484	95.92383	93.69363	96.36365
10/6/2025	1:55:35 PM	93.72907	94.07809	95.74396	95.29800	97.01018	97.97074	98.02285	97.58330	97.96129	96.82726	95.98499	95.80476	93.59545	96.25153
10/6/2025	1:55:39 PM	93.62286	93.97167	95.63091	95.18587	96.88734	97.84568	97.89897	97.45885	97.83622	96.70992	95.86630	95.68756	93.49881	96.13607
10/6/2025	1:55:42 PM	93.52241	93.86847	95.51898	95.07780	96.76998	97.72320	97.77629	97.33546	97.71551	96.59538	95.74788	95.57242	93.40495	96.02453
10/6/2025	1:55:46 PM	93.42253	93.76914	95.40760	94.96923	96.64764	97.59955	97.65585	97.21364	97.59447	96.48194	95.63188	95.45850	93.31255	95.91461
10/6/2025	1:55:50 PM	93.32155	93.66823	95.29892	94.86244	96.53426	97.48276	97.53525	97.09297	97.47567	96.36949	95.51688	95.34621	93.22025	95.80702
10/6/2025	1:55:53 PM	93.22347	93.57025	95.18996	94.75626	96.41570	97.36835	97.41528	96.97606	97.35933	96.25749	95.40384	95.23694	93.12792	95.69751
10/6/2025	1:55:57 PM	93.12807	93.47144	95.08196	94.65085	96.30354	97.24815	97.29791	96.85644	97.24115	96.14712	95.29189	95.12596	93.03779	95.59122
10/6/2025	1:56:00 PM	93.02862	93.37426	94.97748	94.54720	96.19250	97.13459	97.18335	96.74007	97.12623	96.03718	95.18079	95.01669	92.94937	95.48502
10/6/2025	1:56:04 PM	92.93717	93.28018	94.87328	94.44448	96.07941	97.02079	97.06592	96.62475	97.01188	95.92982	95.07259	94.90982	92.86082	95.38132
10/6/2025	1:56:08 PM	92.84157	93.18215	94.76805	94.34651	95.97070	96.90618	96.95341	96.51127	96.90009	95.82366	94.96472	94.80377	92.77458	95.27821
10/6/2025	1:56:11 PM	92.74944	93.09236	94.66927	94.24827	95.86001	96.79614	96.84320	96.40080	96.78969	95.71906	94.85892	94.70085	92.68786	95.17620
10/6/2025	1:56:15 PM	92.65649	92.99981	94.56800	94.14950	95.75350	96.68757	96.72739	96.28733	96.67638	95.61475	94.75271	94.59552	92.60129	95.07584
10/6/2025	1:56:18 PM	92.56631	92.90719	94.46990	94.05183	95.64907	96.57893	96.62210	96.17817	96.56964	95.51285	94.64924	94.49501	92.51894	94.97764
10/6/2025	1:56:22 PM	92.47701	92.81895	94.37177	93.95578	95.54375	96.47057	96.51234	96.06895	96.46132	95.41128	94.54637	94.39307	92.43436	94.87839
10/6/2025	1:56:26 PM	92.39003	92.72928	94.27474	93.85997	95.44370	96.36570	96.40497	95.96170	96.35577	95.31129	94.44535	94.29413	92.35414	94.78185
10/6/2025	1:56:29 PM	92.30217	92.64358	94.18101	93.76935	95.33879	96.25849	96.30060	95.85621	96.25108	95.21185	94.34463	94.19698	92.27272	94.68651
10/6/2025	1:56:33 PM	92.21875	92.55755	94.08570	93.67683	95.23654	96.15577	96.19530	95.75292	96.14743	95.11510	94.24725	94.10066	92.19332	94.59296
10/6/2025	1:56:36 PM	92.13443	92.47446	93.99456	93.58946	95.14160	96.05885	96.09679	95.65386	96.04939	95.02267	94.15396	94.00867	92.11679	94.50289
10/6/2025	1:56:40 PM	92.05170	92.39142	93.90118	93.49849	95.04447	95.95853	95.99472	95.55100	95.94789	94.92743	94.05771	93.91452	92.03797	94.40963
10/6/2025	1:56:43 PM	91.96908	92.30753	93.81194	93.40946	94.94741	95.85715	95.89158	95.44924	95.84762	94.83208	93.96255	93.82025	91.95855	94.31719
10/6/2025	1:56:47 PM	91.88678	92.22612	93.72252	93.32129	94.85150	95.75842	95.79418	95.34939	95.74812	94.73893	93.86805	93.72803	91.88269	94.22777
10/6/2025	1:56:51 PM	91.80283	92.14543	93.63287	93.23354	94.76035	95.66229	95.69257	95.25015	95.64815	94.64510	93.77372	93.63574	91.80590	94.13786
10/6/2025	1:56:54 PM	91.72370	92.06400	93.54351	93.14736	94.66045	95.56145	95.59643	95.15083	95.55139	94.55474	93.68142	93.54546	91.73120	94.05005
10/6/2025	1:56:58 PM	91.64343	91.98437	93.45656	93.06267	94.56182	95.46576	95.49826	95.05447	95.45419	94.46369	93.59039	93.45645	91.65662	93.96222
10/6/2025	1:57:01 PM	91.56700	91.90360	93.36896	92.97701	94.46796	95.37313	95.40072	94.95887	95.36046	94.37472	93.49991	93.36881	91.58296	93.87496
10/6/2025	1:57:05 PM	91.48884	91.82650	93.28393	92.89436	94.37949	95.27751	95.30794	94.86345	95.26514	94.28521	93.41092	93.28004	91.51051	93.78956
10/6/2025	1:57:09 PM	91.41069	91.74829	93.20258	92.81179	94.29009	95.18673	95.21184	94.77080	95.17194	94.19843	93.32272	93.19341	91.43884	93.70469
10/6/2025	1:57:12 PM	91.33500	91.67372	93.11813	92.73190	94.19751	95.09389	95.12425	94.67959	95.08195	94.11298	93.23645	93.10899	91.36832	93.62270
10/6/2025	1:57:16 PM	91.26224	91.60086	93.03951	92.65327	94.10921	95.00813	95.02997	94.58923	94.99154	94.02926	93.15114	93.02507	91.29813	93.54059
10/6/2025	1:57:19 PM	91.18987	91.52718	92.95505	92.57210	94.02343	94.91525	94.94253	94.49842	94.90204	93.94359	93.06725	92.94432	91.23054	93.46085
10/6/2025	1:57:23 PM	91.11785	91.45473	92.87875	92.49701	93.93802	94.83071	94.85417	94.41217	94.81494	93.86306	92.98574	92.86290	91.16369	93.38109
10/6/2025	1:57:26 PM	91.04612	91.37995	92.79984	92.42017	93.85183	94.74278	94.76734	94.32389	94.72750	93.78058	92.90340	92.78203	91.09486	93.30204
10/6/2025	1:57:30 PM	90.97419	91.31004	92.72096	92.34298	93.76862	94.65817	94.67990	94.23672	94.64083	93.69987	92.82036	92.70134	91.02731	93.22349
10/6/2025	1:57:34 PM	90.90170	91.23909	92.64314	92.26740	93.68842	94.57255	94.59264	94.15051	94.55472	93.61867	92.73915	92.62204	90.96107	93.14563
10/6/2025	1:57:37 PM	90.83300	91.16664	92.56679	92.19255	93.60357	94.48371	94.50784	94.06416	94.46982	93.53898	92.65835	92.54327	90.89555	93.06823
10/6/2025	1:57:41 PM	90.76450	91.09826	92.49016	92.11791	93.51844	94.40288	94.42068	93.97857	94.38376	93.45855	92.57701	92.46408	90.82902	92.99040
10/6/2025	1:57:44 PM	90.69470	91.02519	92.41452	92.04380	93.43728	94.31554	94.33840	93.89499	94.30115	93.37995	92.49954	92.38810	90.76478	92.91674
10/6/2025	1:57:48 PM	90.62665	90.95631	92.33976	91.97158	93.35880	94.23859	94.25238	93.81279	94.21965	93.30498	92.42288	92.31314	90.70246	92.84282
10/6/2025	1:57:52 PM	90.56239	90.89357	92.26710	91.89892	93.28013	94.15533	94.17415	93.73084	94.13862	93.22802	92.34507	92.23804	90.63947	92.76928
10/6/2025	1:57:55 PM	90.49636	90.82582	92.19430	91.82882	93.20506	94.07740	94.09198	93.65258	94.05892	93.15329	92.27093	92.16526	90.57912	92.68869
10/6/2025	1:57:59 PM	90.42294	90.74925	92.10651	91.73428	93.09830	93.97050	93.99161	93.57403	93.94826	93.01679	92.16329	92.06078	90.47342	92.58141
10/6/2025	1:58:02 PM	90.29054	90.63627	92.01918	91.67022	93.04791	93.90660	93.90690	93.46503	93.83905	92.88125	92.03981	91.93462	90.41644	92.47561
10/6/2025	1:58:06 PM	90.22358	90.56151	91.91010	91.56445	92.91126	93.76102	93.76841	93.30831	93.69019	92.76903	91.90027	91.79007	90.28848	92.31129
10/6/2025	1:58:09 PM	90.11298	90.31613	91.63624	91.41767	92.75062	93.63149	93.64826	93.17293	93.55253	92.66124	91.79792	91.70329	90.21013	92.19205
10/6/2025	1:58:13 PM	90.00854	90.31180	91.59724	91.36967	92.71826	93.56585	93.56127	93.08560	93.45761	92.57152	91.68468	91.58477	90.14293	92.08612
10/6/2025	1:58:17 PM	89.93656	90.14435	91.53639	91.30045	92.62462	93.46439	93.46308	92.98470	93.35444	92.47726	91.57720	91.47597	90.05327	92.00095
10/6/2025	1:58:20 PM	89.84471	90.10163	91.38058	91.21352	92.53042	93.36646	93.35289	92.88130	93.24709	92.38145	91.47493	91.37407	89.96717	91.90041
10/6/2025	1:58:24 PM	89.75131	89.98746	91.33095	91.12796	92.43781	93.26422	93.26007	92.78681	93.14797	92.28316	91.37057	91.26964	89.89055	91.80401
10/6/2025	1:58:27 PM	89.65446	89.92630	91.25056	91.04458	92.34200	93.17458	93.16422	92.68568	93.04418	92.18981	91.27142	91.16684	89.79628	91.71424
10/6/2025	1:58:31 PM	89.56311	89.82031	91.16573	90.95014	92.25416	93.08177	93.06909	92.59219	92.94883	92.09808	91.17540	91.07230	89.71770	91.62632
10/6/2025	1:58:34 PM	89.47623	89.75181	91.07895	90.87996	92.17199	92.99439	92.98075	92.50395	92.85629	92.00997	91.08224	90.97524	89.64085	91.54062
10/6/2025	1:58:38 PM	89.40066	89.66874	91.02515	90.79144	92.08801	92.90553	92.89019	92.41592	92.76602	91.92278	90.99394	90.88354	89.56618	91.45629
10/6/2025	1:58:42 PM	89.32236	89.59475	90.94917	90.72268	92.00645	92.82111	92.80633	92.33374	92.68106	91.84047	90.90860	90.79936	89.49176	91.37449
10/6/2025	1:58:45 PM	89.25115	89.50235	90.87320	90.64542	91.92798	92.74058	92.72612	92.25099	92.59553	91.75889	90.82457	90.71361	89.42091	91.29456
10/6/2025	1:58:49 PM	89.17165	89.43974	90.79699	90.57561	91.84762	92.66020	92.63885	92.17033	92.51154	91.67900	90.74227	90.62519	89.35188	91.21749
10/6/2025	1:58:52 PM	89.10840	89.36282	90.71643	90.50220	91.76795	92.57729	92.56145	92.08983	92.42934	91.60460	90.66251	90.54304	89.28158	91.14132
10/6/2025	1:58:56 PM	89.03544	89.29809	90.64775	90.43127	91.69121	92.50128	92.48061	92.00871	92.34859	91.52978	90.58397	90.46187	89.22486	91.07122
10/6/2025	1:58:59 PM	88.96300	89.23897	90.57589	90.36899	91.62096	92.42619	92.40725	91.93461	92.27176	91.45803	90.51004	90.38694	89.16543	90.99850
10/6/2025	1:59:03 PM	88.89317	89.17162	90.51240	90.29837	91.54600	92.35050	92.32459	91.85919	92.19044	91.38211	90.43337	90.30447	89.10237	90.92552
10/6/2025	1:59:06 PM	88.83653	89.10095	90.43997	90.22833	91.46611	92.27260	92.24796	91.77809	92.11048	91.30717	90.35734	90.23097	89.03818	90.85321
10/6/2025	1:59:10 PM	88.76502	89.03245	90.37099	90.15961	91.39144	92.19588	92.17125	91.70570	92.03595	91.23635	90.28083	90.15695	88.97357	90.77797
10/6/2025	1:59:14 PM	88.70798	88.96977	90.29923	90.09092	91.31454	92.11966	92.09379	91.62897	91.95840	91.16411	90.20996	90.07826	88.91434	90.71034
10/6/2025	1:59:17 PM	88.62897	88.91410	90.23381	90.02604	91.24334	92.04431	92.01909	91.55448	91.88364	91.09269	90.13494	90.00269	88.85243	90.63493
10/6/2025	1:59:21 PM	88.56874	88.84104	90.16105	89.95955	91.17215	91.96787	91.94351	91.47918	91.80494	91.01975	90.06401	89.92904	88.78753	90.56390
10/6/2025	1:59:24 PM	88.51530	88.77551	90.09845	89.89197	91.10224	91.89858	91.86955	91.40814	91.73204	90.94810	89.99284	89.85815	88.73121	90.49807
10/6/2025	1:59:28 PM	88.44123	88.71414	90.03047	89.82967	91.03119	91.82494	91.79575	91.33520	91.66021	90.88128	89.92285	89.78756	88.67407	90.43150
10/6/2025	1:59:31 PM	88.38550	88.64889	89.96909	89.76498	90.96346	91.75597	91.72598	91.26429	91.58728	90.81414	89.85598	89.72035	88.61431	90.36543
10/6/2025	1:59:35 PM	88.32274	88.58837	89.90657	89.70227	90.89658	91.68546	91.65218	91.19426	91.51661	90.74700	89.78708	89.64914	88.55851	90.30175
10/6/2025	1:59:39 PM	88.25676	88.53547	89.83454	89.63938	90.82026	91.61490	91.58237	91.12590	91.44806	90.68319	89.71893	89.58384	88.50302	90.23534
10/6/2025	1:59:42 PM	88.20249	88.46959	89.77884	89.58197	90.75794	91.54792	91.51364	91.06076	91.37846	90.61818	89.65214	89.51687	88.44503	90.16978
10/6/2025	1:59:46 PM	88.14591	88.40701	89.70914	89.51550	90.68705	91.47899	91.44260	90.98916	91.30932	90.55320	89.58787	89.45312	88.39377	90.11141
10/6/2025	1:59:49 PM	88.08044	88.34960	89.64640	89.45803	90.62808	91.41022	91.37530	90.92180	91.24054	90.49021	89.52289	89.38730	88.33985	90.04719
10/6/2025	1:59:53 PM	88.03494	88.28708	89.58934	89.39725	90.56206	91.34181	91.30613	90.85593	91.17362	90.42542	89.45876	89.32488	88.28732	89.98600
10/6/2025	1:59:57 PM	87.97309	88.23082	89.53121	89.33877	90.50216	91.27618	91.24030	90.79242	91.10765	90.36351	89.39748	89.26299	88.23656	89.92398
10/6/2025	2:00:00 PM	87.91611	88.19489	89.47712	89.28158	90.43494	91.21809	91.17687	90.72892	91.04391	90.30433	89.33348	89.19745	88.18414	89.86604
10/6/2025	2:00:04 PM	87.85742	88.13840	89.41295	89.22440	90.37142	91.14474	91.10707	90.66422	90.97704	90.24212	89.27579	89.13652	88.13277	89.80748
10/6/2025	2:00:07 PM	87.80678	88.07188	89.35869	89.16962	90.31207	91.08644	91.04570	90.60203	90.91429	90.18248	89.21352	89.07745	88.08307	89.74880
10/6/2025	2:00:11 PM	87.75037	88.02577	89.29640	89.10973	90.24716	91.02362	90.97734	90.53901	90.85196	90.12369	89.15455	89.01515	88.03608	89.69324
10/6/2025	2:00:15 PM	87.69714	87.98065	89.24059	89.05715	90.18831	90.96193	90.91963	90.47969	90.79266	90.06853	89.09721	88.95961	87.98907	89.63995
10/6/2025	2:00:18 PM	87.64720	87.92692	89.19484	89.00356	90.13027	90.90275	90.85570	90.41901	90.73029	90.00905	89.03879	88.90581	87.93804	89.58215
10/6/2025	2:00:22 PM	87.60196	87.87640	89.14279	88.95451	90.06858	90.84386	90.79713	90.36164	90.67116	89.95539	88.98557	88.85156	87.89636	89.53151
10/6/2025	2:00:25 PM	87.55209	87.83663	89.09377	88.89828	90.01459	90.78159	90.73711	90.29910	90.61079	89.89855	88.92795	88.79241	87.84483	89.47643
10/6/2025	2:00:29 PM	87.50075	87.80476	89.03238	88.84820	89.96046	90.72418	90.67638	90.24038	90.55052	89.84441	88.87462	88.73723	87.80232	89.42404
10/6/2025	2:00:32 PM	87.45502	87.74530	88.98035	88.79568	89.89779	90.66565	90.61701	90.18362	90.49288	89.78950	88.81918	88.68185	87.75550	89.36851
10/6/2025	2:00:36 PM	87.40487	87.69450	88.92668	88.74384	89.84319	90.60881	90.55922	90.12676	90.43528	89.73468	88.76382	88.63058	87.70853	89.31659
10/6/2025	2:00:40 PM	87.35919	87.65233	88.88152	88.69228	89.78424	90.55406	90.50198	90.07060	90.37976	89.68329	88.71240	88.57679	87.66615	89.26719
10/6/2025	2:00:43 PM	87.30982	87.60812	88.83400	88.64128	89.73714	90.49783	90.44559	90.01607	90.32511	89.63020	88.65826	88.52715	87.62460	89.21584
10/6/2025	2:00:47 PM	87.26085	87.56204	88.78351	88.59788	89.67694	90.44316	90.38827	89.96101	90.27064	89.57919	88.60746	88.47292	87.58012	89.16752
10/6/2025	2:00:50 PM	87.21907	87.51393	88.73498	88.54821	89.62776	90.38709	90.33346	89.90650	90.21434	89.52849	88.55552	88.42380	87.53645	89.11855
10/6/2025	2:00:54 PM	87.17496	87.47239	88.68738	88.50273	89.57449	90.33323	90.27861	89.85249	90.16067	89.47722	88.50620	88.37411	87.49438	89.06954
10/6/2025	2:00:58 PM	87.13367	87.42941	88.63746	88.45194	89.52187	90.28023	90.22287	89.79987	90.10910	89.42872	88.45572	88.32804	87.45746	89.02337
10/6/2025	2:01:01 PM	87.09121	87.38856	88.59413	88.41172	89.47745	90.23193	90.17318	89.74938	90.05936	89.38170	88.40860	88.28072	87.41891	88.97659
10/6/2025	2:01:05 PM	87.04673	87.35104	88.54353	88.36164	89.42164	90.17707	90.11943	89.69612	90.00677	89.33247	88.36014	88.23460	87.37848	88.92889
10/6/2025	2:01:08 PM	87.00178	87.30282	88.50329	88.31548	89.37489	90.12430	90.06561	89.64189	89.95475	89.28395	88.31210	88.18541	87.33862	88.88136
10/6/2025	2:01:12 PM	86.96109	87.26935	88.45638	88.27246	89.32447	90.07233	90.01483	89.59257	89.90567	89.23854	88.26752	88.14044	87.30174	88.83853
10/6/2025	2:01:15 PM	86.91950	87.22798	88.41045	88.23405	89.27810	90.02540	89.96643	89.54285	89.85510	89.19232	88.22033	88.09688	87.26293	88.79441
10/6/2025	2:01:19 PM	86.88258	87.19382	88.36909	88.18658	89.22687	89.97569	89.91617	89.49313	89.80627	89.14574	88.17531	88.05216	87.22715	88.75143
10/6/2025	2:01:23 PM	86.84137	87.15076	88.32855	88.14215	89.18115	89.92610	89.86493	89.44455	89.75746	89.09964	88.12984	88.00607	87.18744	88.70637
10/6/2025	2:01:26 PM	86.80169	87.11690	88.28915	88.09957	89.13229	89.88103	89.81724	89.39534	89.70952	89.05549	88.08860	87.96188	87.15106	88.66525
10/6/2025	2:01:30 PM	86.76489	87.07893	88.24257	88.05801	89.08624	89.82814	89.76786	89.34732	89.66138	89.01218	88.04402	87.92001	87.11469	88.62163
10/6/2025	2:01:33 PM	86.72206	87.04168	88.20546	88.01666	89.04110	89.78295	89.72094	89.30045	89.61567	88.96968	88.00145	87.87879	87.07950	88.58233
10/6/2025	2:01:37 PM	86.68658	87.00504	88.16765	87.97696	88.99947	89.73667	89.67310	89.25475	89.56934	88.92737	87.95913	87.83801	87.04455	88.54142
10/6/2025	2:01:41 PM	86.65301	86.96876	88.12703	87.93960	88.95251	89.69275	89.62959	89.21093	89.52350	88.88417	87.91621	87.79703	87.01207	88.50238
10/6/2025	2:01:44 PM	86.61043	86.93547	88.08400	87.89897	88.90883	89.64878	89.58254	89.16521	89.47859	88.84178	87.87449	87.75649	86.97628	88.46132
10/6/2025	2:01:48 PM	86.57701	86.90026	88.04896	87.86070	88.86489	89.60561	89.53781	89.12260	89.43468	88.80103	87.83313	87.71660	86.94176	88.42038
10/6/2025	2:01:51 PM	86.54555	86.87072	88.00813	87.82187	88.81977	89.55792	89.49201	89.07596	89.38951	88.75900	87.79364	87.67534	86.91151	88.38156
10/6/2025	2:01:55 PM	86.50242	86.82838	87.97003	87.78316	88.77801	89.51756	89.44773	89.03219	89.34581	88.71798	87.75206	87.63533	86.87865	88.34254
10/6/2025	2:01:58 PM	86.47264	86.79489	87.93297	87.74494	88.73637	89.47230	89.40426	88.99071	89.30530	88.67932	87.71275	87.59764	86.84327	88.30428
10/6/2025	2:02:02 PM	86.43709	86.76124	87.89782	87.70873	88.69484	89.43218	89.36219	88.94772	89.26236	88.63968	87.67546	87.55925	86.81138	88.26760
10/6/2025	2:02:05 PM	86.40007	86.73591	87.86116	87.67276	88.65763	89.38645	89.31892	88.90641	89.22015	88.60060	87.63850	87.52414	86.78100	88.23023
10/6/2025	2:02:09 PM	86.36864	86.69980	87.82623	87.63599	88.61364	89.34426	89.27581	88.86378	89.17846	88.56249	87.59961	87.48838	86.75078	88.19458
10/6/2025	2:02:13 PM	86.33713	86.67273	87.78816	87.60070	88.57599	89.30579	89.23627	88.82431	89.13886	88.52457	87.56058	87.45012	86.71726	88.15741
10/6/2025	2:02:16 PM	86.30063	86.63560	87.75342	87.56234	88.53360	89.26493	89.19277	88.78205	89.09665	88.48489	87.52317	87.41489	86.68805	88.12139
10/6/2025	2:02:20 PM	86.27897	86.60689	87.72024	87.52648	88.49725	89.22202	89.15230	88.74221	89.05681	88.44917	87.48721	87.37932	86.65933	88.08581
10/6/2025	2:02:23 PM	86.24430	86.57899	87.68211	87.49628	88.45783	89.18503	89.11306	88.70234	89.01631	88.41138	87.44991	87.34310	86.62636	88.05007
10/6/2025	2:02:27 PM	86.21083	86.54510	87.64619	87.46250	88.42216	89.14592	89.07397	88.66488	88.98007	88.37796	87.41644	87.30969	86.59876	88.01752
10/6/2025	2:02:31 PM	86.17927	86.52142	87.61614	87.42765	88.38207	89.10577	89.03297	88.62499	88.93875	88.33930	87.37964	87.27312	86.56734	87.98319
10/6/2025	2:02:34 PM	86.15291	86.48973	87.58202	87.39474	88.34317	89.07005	88.99373	88.58737	88.90083	88.30467	87.34454	87.24021	86.53878	87.94829
10/6/2025	2:02:38 PM	86.12310	86.45954	87.55453	87.36177	88.30927	89.03067	88.95694	88.54984	88.86307	88.26873	87.31078	87.20261	86.50984	87.91463
10/6/2025	2:02:41 PM	86.09031	86.43196	87.51812	87.33003	88.26890	88.99392	88.91788	88.51211	88.82533	88.23328	87.27471	87.17235	86.48381	87.88190
10/6/2025	2:02:45 PM	86.06652	86.40461	87.48826	87.29595	88.23631	88.95404	88.88095	88.47459	88.78832	88.19983	87.24257	87.13577	86.45510	87.84885
10/6/2025	2:02:49 PM	86.03759	86.37102	87.45262	87.26493	88.19725	88.91868	88.84369	88.43805	88.75123	88.16566	87.20715	87.10669	86.42718	87.81803
10/6/2025	2:02:52 PM	86.00584	86.34502	87.42206	87.23165	88.16202	88.88405	88.80667	88.40246	88.71661	88.13203	87.17527	87.07293	86.39869	87.78547
10/6/2025	2:02:56 PM	85.97814	86.31464	87.39042	87.19981	88.12542	88.84550	88.77121	88.36691	88.68103	88.09846	87.14218	87.04204	86.37196	87.75585
10/6/2025	2:02:59 PM	85.95296	86.28993	87.35945	87.16878	88.09478	88.81137	88.73520	88.33145	88.64507	88.06533	87.10937	87.01077	86.34459	87.72407
10/6/2025	2:03:03 PM	85.92615	86.25903	87.32570	87.13975	88.06047	88.77644	88.70046	88.29652	88.61040	88.03278	87.07610	86.97848	86.31582	87.69254
10/6/2025	2:03:07 PM	85.89605	86.23614	87.29574	87.10936	88.02752	88.74127	88.66505	88.26332	88.57791	88.00054	87.04709	86.95070	86.29264	87.66322
10/6/2025	2:03:10 PM	85.87123	86.21345	87.27150	87.08152	87.99014	88.70809	88.62960	88.22826	88.54230	87.96854	87.01447	86.91915	86.26633	87.63335
10/6/2025	2:03:14 PM	85.84564	86.19012	87.24173	87.05090	87.96135	88.67297	88.59583	88.19468	88.50882	87.93695	86.98293	86.89069	86.24131	87.60540
10/6/2025	2:03:17 PM	85.82133	86.16043	87.21079	87.02189	87.92563	88.63871	88.56265	88.16142	88.47563	87.90635	86.95444	86.86032	86.21593	87.57608
10/6/2025	2:03:21 PM	85.79530	86.13260	87.18327	86.99589	87.89527	88.60687	88.52897	88.12882	88.44360	87.87637	86.92518	86.83083	86.19075	87.54657
10/6/2025	2:03:25 PM	85.77079	86.10638	87.15495	86.96495	87.86470	88.57394	88.49647	88.09634	88.41097	87.84701	86.89427	86.80389	86.16521	87.52019
10/6/2025	2:03:28 PM	85.74170	86.08304	87.12649	86.93814	87.83182	88.54234	88.46637	88.06611	88.38030	87.81694	86.86687	86.77519	86.14228	87.49281
10/6/2025	2:03:32 PM	85.71688	86.05899	87.10431	86.91157	87.80206	88.51281	88.43337	88.03414	88.34978	87.78902	86.83875	86.74880	86.11800	87.46599
10/6/2025	2:03:35 PM	85.69254	86.03587	87.07289	86.88491	87.77374	88.47970	88.40300	88.00407	88.31890	87.75894	86.80903	86.72192	86.09512	87.43759
10/6/2025	2:03:39 PM	85.67327	86.01639	87.04694	86.85894	87.74555	88.44898	88.37164	87.97325	88.28818	87.73069	86.78171	86.69376	86.07053	87.41075
10/6/2025	2:03:42 PM	85.64606	85.99059	87.01809	86.83358	87.71218	88.41822	88.34028	87.94250	88.25861	87.70353	86.75524	86.66532	86.04895	87.38337
10/6/2025	2:03:46 PM	85.62396	85.96837	86.99473	86.80647	87.68294	88.38930	88.31030	87.91275	88.22874	87.67570	86.72737	86.63938	86.02631	87.35939
10/6/2025	2:03:49 PM	85.59913	85.95325	86.96516	86.78126	87.65539	88.36142	88.28192	87.88424	88.19953	87.64829	86.70030	86.61360	86.00564	87.33296
10/6/2025	2:03:53 PM	85.57853	85.92477	86.94431	86.75405	87.62742	88.32953	88.25171	87.85483	88.17063	87.62170	86.67245	86.58777	85.98191	87.30775
10/6/2025	2:03:56 PM	85.55717	85.90832	86.92184	86.73122	87.59750	88.29901	88.22062	87.82516	88.14146	87.59425	86.64690	86.56365	85.95975	87.28274
10/6/2025	2:04:00 PM	85.53300	85.87769	86.89340	86.70494	87.56980	88.27006	88.19247	87.79692	88.11356	87.56738	86.62007	86.53759	85.93597	87.25750
10/6/2025	2:04:04 PM	85.51106	85.85555	86.86975	86.68063	87.53941	88.23997	88.16402	87.76819	88.08609	87.54000	86.59493	86.51296	85.91623	87.23251
10/6/2025	2:04:07 PM	85.49202	85.83508	86.84532	86.65716	87.51208	88.21278	88.13555	87.74018	88.05756	87.51528	86.57078	86.48654	85.89491	87.20899
10/6/2025	2:04:11 PM	85.46760	85.81530	86.82290	86.63173	87.48910	88.18411	88.10714	87.71393	88.03179	87.49031	86.54573	86.46358	85.87549	87.18623
10/6/2025	2:04:14 PM	85.44664	85.79516	86.80116	86.60943	87.46065	88.15792	88.07990	87.68615	88.00471	87.46610	86.52059	86.44051	85.85354	87.16181
10/6/2025	2:04:18 PM	85.42691	85.77036	86.77688	86.58749	87.43166	88.13349	88.05378	87.65935	87.97768	87.44064	86.49724	86.41700	85.83381	87.13879
10/6/2025	2:04:21 PM	85.40438	85.74847	86.75425	86.56501	87.41206	88.10913	88.02756	87.63378	87.95242	87.41706	86.47328	86.39636	85.81488	87.11797
10/6/2025	2:04:25 PM	85.38439	85.73765	86.73117	86.54195	87.38346	88.07987	88.00048	87.60770	87.92605	87.39183	86.45046	86.37138	85.79271	87.09235
10/6/2025	2:04:28 PM	85.36498	85.71173	86.70526	86.51753	87.35862	88.05356	87.97249	87.58142	87.90064	87.36775	86.42596	86.34729	85.77332	87.07111
10/6/2025	2:04:32 PM	85.34541	85.69164	86.68520	86.49608	87.33456	88.02747	87.94669	87.55566	87.87501	87.34420	86.40303	86.32538	85.75347	87.04924
10/6/2025	2:04:36 PM	85.32720	85.67493	86.66466	86.47413	87.30488	88.00225	87.92052	87.52918	87.84868	87.31998	86.38012	86.30167	85.73573	87.02654
10/6/2025	2:04:39 PM	85.30627	85.65302	86.64207	86.45271	87.27923	87.97647	87.89404	87.50343	87.82332	87.29630	86.35733	86.28100	85.71627	87.00228
10/6/2025	2:04:43 PM	85.28864	85.63359	86.61918	86.43040	87.25721	87.95110	87.87000	87.47881	87.79877	87.27352	86.33375	86.25894	85.69605	86.98205
10/6/2025	2:04:46 PM	85.26662	85.61120	86.59633	86.40719	87.23262	87.92457	87.84405	87.45444	87.77527	87.25037	86.31285	86.23776	85.67643	86.95962
10/6/2025	2:04:50 PM	85.24654	85.59627	86.57901	86.38752	87.20781	87.90078	87.81927	87.42982	87.75030	87.22731	86.28865	86.21756	85.65811	86.93899
10/6/2025	2:04:54 PM	85.23001	85.57381	86.55546	86.36696	87.18522	87.87722	87.79568	87.40575	87.72636	87.20556	86.26695	86.19483	85.63857	86.91767
10/6/2025	2:04:57 PM	85.20606	85.55405	86.52955	86.34424	87.16297	87.85361	87.77076	87.38117	87.70233	87.18295	86.24566	86.17503	85.62199	86.89904
10/6/2025	2:05:01 PM	85.18857	85.54462	86.51588	86.32483	87.13772	87.82891	87.74669	87.35853	87.68020	87.16114	86.22395	86.15500	85.60297	86.87618
10/6/2025	2:05:04 PM	85.17346	85.52030	86.49505	86.30689	87.11779	87.80542	87.72344	87.33501	87.65677	87.13952	86.20388	86.13423	85.58668	86.85803
10/6/2025	2:05:08 PM	85.15489	85.50461	86.47593	86.28471	87.09315	87.78112	87.70003	87.31209	87.63492	87.11872	86.18342	86.11513	85.56958	86.83759
10/6/2025	2:05:12 PM	85.13518	85.48557	86.45474	86.26643	87.07133	87.75880	87.67606	87.28842	87.61182	87.09765	86.16227	86.09546	85.55183	86.81788
10/6/2025	2:05:15 PM	85.11658	85.47025	86.43474	86.24825	87.05111	87.73727	87.65347	87.26747	87.59030	87.07726	86.14178	86.07636	85.53475	86.79898
10/6/2025	2:05:19 PM	85.10136	85.45168	86.41327	86.22606	87.02838	87.71460	87.63139	87.24527	87.56859	87.05687	86.12219	86.05705	85.51721	86.77869
10/6/2025	2:05:22 PM	85.08505	85.43497	86.39722	86.20765	87.00604	87.69209	87.60937	87.22243	87.54696	87.03567	86.10223	86.03684	85.50198	86.76074
10/6/2025	2:05:26 PM	85.06813	85.41963	86.37886	86.19000	86.98532	87.67046	87.58794	87.20225	87.52624	87.01659	86.08381	86.01706	85.48477	86.74157
10/6/2025	2:05:29 PM	85.04947	85.40144	86.35932	86.17165	86.96326	87.64920	87.56567	87.17953	87.50584	86.99682	86.06434	85.99896	85.46928	86.72368
10/6/2025	2:05:33 PM	85.03499	85.38474	86.34125	86.15419	86.94290	87.62860	87.54595	87.16030	87.48630	86.97763	86.04519	85.98015	85.45298	86.70637
10/6/2025	2:05:37 PM	85.01949	85.37012	86.32799	86.13484	86.92587	87.60883	87.52586	87.13962	87.46579	86.95935	86.02695	85.96472	85.43767	86.68785
10/6/2025	2:05:40 PM	85.00094	85.35161	86.30939	86.11649	86.90368	87.58839	87.50493	87.11835	87.44560	86.94006	86.00867	85.94561	85.42257	86.67129
10/6/2025	2:05:44 PM	84.98757	85.33802	86.28822	86.09919	86.88160	87.56672	87.48422	87.09869	87.42602	86.92126	85.98984	85.92993	85.40634	86.65244
10/6/2025	2:05:47 PM	84.97493	85.32389	86.27145	86.08282	86.86390	87.54778	87.46396	87.07859	87.40618	86.90264	85.97263	85.91083	85.39065	86.63575
10/6/2025	2:05:51 PM	84.95732	85.30830	86.25362	86.06411	86.84585	87.52862	87.44419	87.05952	87.38689	86.88366	85.95361	85.89371	85.37655	86.61834
10/6/2025	2:05:54 PM	84.94492	85.29552	86.23736	86.04882	86.82592	87.50786	87.42393	87.03887	87.36658	86.86611	85.93726	85.87605	85.36053	86.60051
10/6/2025	2:05:58 PM	84.92832	85.27711	86.21918	86.03173	86.80942	87.48867	87.40443	87.01962	87.34832	86.84873	85.91952	85.86086	85.34643	86.58586
10/6/2025	2:06:02 PM	84.91245	85.26352	86.20547	86.01650	86.79075	87.47083	87.38681	87.00197	87.33143	86.83269	85.90383	85.84391	85.33444	86.57059
10/6/2025	2:06:05 PM	84.90052	85.24975	86.19127	85.99855	86.77297	87.45217	87.36819	86.98381	87.31246	86.81426	85.88646	85.82921	85.32036	86.55287
10/6/2025	2:06:09 PM	84.88369	85.23371	86.17312	85.98369	86.75215	87.43136	87.34768	86.96412	87.29329	86.79711	85.86903	85.81322	85.30443	86.53554
10/6/2025	2:06:12 PM	84.87346	85.21862	86.15579	85.96761	86.73337	87.41423	87.32850	86.94507	87.27479	86.78019	85.85300	85.79715	85.29130	86.52062
10/6/2025	2:06:16 PM	84.85595	85.20322	86.13895	85.95168	86.71558	87.39534	87.30985	86.92730	87.25692	86.76285	85.83496	85.78086	85.27487	86.50345
10/6/2025	2:06:19 PM	84.84268	85.18730	86.12342	85.93494	86.69950	87.37812	87.29204	86.90883	87.23952	86.74581	85.81921	85.76492	85.26188	86.48839
10/6/2025	2:06:23 PM	84.82890	85.17511	86.10851	85.91884	86.68224	87.36032	87.27469	86.89128	87.22220	86.73022	85.80393	85.74898	85.24960	86.47387
10/6/2025	2:06:27 PM	84.81530	85.16278	86.09438	85.90575	86.66531	87.34352	87.25782	86.87448	87.20472	86.71391	85.78901	85.73614	85.23708	86.45768
10/6/2025	2:06:30 PM	84.80376	85.14876	86.08082	85.89015	86.64805	87.32502	87.23953	86.85641	87.18777	86.69829	85.77267	85.72140	85.22464	86.44365
10/6/2025	2:06:34 PM	84.78927	85.13462	86.06681	85.87605	86.63250	87.30781	87.22264	86.83969	87.17065	86.68219	85.75812	85.70573	85.21184	86.42969
10/6/2025	2:06:37 PM	84.77246	85.12264	86.04740	85.85933	86.61628	87.29031	87.20483	86.82321	87.15503	86.66661	85.74102	85.69064	85.19888	86.41393
10/6/2025	2:06:41 PM	84.75959	85.11327	86.03174	85.84541	86.59758	87.27308	87.18845	86.80648	87.13769	86.65023	85.72588	85.67720	85.18534	86.39817
10/6/2025	2:06:44 PM	84.74958	85.09415	86.01894	85.83091	86.58088	87.25742	87.17056	86.78864	87.12083	86.63560	85.71083	85.66160	85.17213	86.38363
10/6/2025	2:06:48 PM	84.73566	85.08403	86.00465	85.81555	86.56516	87.24071	87.15419	86.77277	87.10524	86.62035	85.69565	85.64773	85.16037	86.37163
10/6/2025	2:06:52 PM	84.72061	85.07003	85.99019	85.80152	86.55000	87.22580	87.13940	86.75719	87.08923	86.60416	85.68192	85.63327	85.14940	86.35644
10/6/2025	2:06:55 PM	84.70718	85.06006	85.98070	85.78825	86.53569	87.20906	87.12263	86.74092	87.07318	86.59046	85.66786	85.62173	85.13820	86.34304
10/6/2025	2:06:59 PM	84.69850	85.04444	85.96329	85.77407	86.51776	87.19160	87.10652	86.72512	87.05767	86.57516	85.65204	85.60554	85.12394	86.32849
10/6/2025	2:07:02 PM	84.68513	85.02867	85.94703	85.75881	86.50110	87.17665	87.08978	86.70938	87.04223	86.56164	85.63794	85.59225	85.11194	86.31493
10/6/2025	2:07:06 PM	84.67170	85.01824	85.93584	85.74628	86.48648	87.16120	87.07468	86.69418	87.02782	86.54635	85.62387	85.57882	85.09951	86.30155
10/6/2025	2:07:10 PM	84.66501	85.00954	85.92110	85.73314	86.47182	87.14617	87.05896	86.67845	87.01269	86.53322	85.61200	85.56577	85.08841	86.28902
10/6/2025	2:07:13 PM	84.65421	84.99358	85.91080	85.71994	86.45852	87.13117	87.04328	86.66381	86.99826	86.51886	85.59717	85.55397	85.07782	86.27653
10/6/2025	2:07:17 PM	84.63931	84.98229	85.89901	85.70716	86.44587	87.11782	87.03098	86.64991	86.98390	86.50600	85.58473	85.54171	85.06682	86.26397
10/6/2025	2:07:20 PM	84.63169	84.97020	85.88343	85.69528	86.43160	87.10234	87.01471	86.63531	86.96904	86.49167	85.57002	85.52735	85.05400	86.24981
10/6/2025	2:07:24 PM	84.61540	84.95901	85.86856	85.68200	86.41313	87.08744	86.99895	86.61938	86.95444	86.47836	85.55751	85.51437	85.04512	86.23842
10/6/2025	2:07:28 PM	84.60066	84.94607	85.85928	85.66923	86.39990	87.07232	86.98461	86.60554	86.94065	86.46438	85.54495	85.50174	85.03418	86.22675
10/6/2025	2:07:31 PM	84.59310	84.94134	85.84671	85.65924	86.38696	87.05906	86.97266	86.59220	86.92694	86.45203	85.53290	85.49165	85.02261	86.21399
10/6/2025	2:07:35 PM	84.58490	84.92463	85.83531	85.64493	86.37355	87.04476	86.95831	86.57790	86.91314	86.43985	85.52066	85.47804	85.01275	86.20179
10/6/2025	2:07:38 PM	84.57687	84.91647	85.82428	85.63309	86.35976	87.03194	86.94500	86.56486	86.89961	86.42721	85.50893	85.46679	85.00220	86.19035
10/6/2025	2:07:42 PM	84.56387	84.90521	85.81200	85.62117	86.34829	87.01758	86.93008	86.55043	86.88677	86.41516	85.49696	85.45616	84.99158	86.17940
10/6/2025	2:07:46 PM	84.54952	84.89447	85.79698	85.60947	86.33474	87.00446	86.91659	86.53790	86.87406	86.40186	85.48335	85.44407	84.98285	86.16627
10/6/2025	2:07:49 PM	84.54266	84.88801	85.78746	85.59767	86.32089	86.99094	86.90319	86.52423	86.85995	86.38950	85.47048	85.43349	84.97256	86.15498
10/6/2025	2:07:53 PM	84.53289	84.87222	85.77687	85.58631	86.30606	86.97723	86.88938	86.51118	86.84700	86.37730	85.45846	85.42210	84.96227	86.14328
10/6/2025	2:07:56 PM	84.52528	84.86068	85.76721	85.57650	86.29371	86.96485	86.87694	86.49827	86.83465	86.36500	85.44738	85.41203	84.95267	86.13244
10/6/2025	2:08:00 PM	84.51696	84.84729	85.75431	85.56431	86.28079	86.95162	86.86380	86.48486	86.82203	86.35331	85.43487	85.40072	84.94258	86.12011
10/6/2025	2:08:04 PM	84.50623	84.83361	85.74303	85.55355	86.26842	86.93883	86.84985	86.47103	86.80831	86.33939	85.42210	85.38718	84.93227	86.10822
10/6/2025	2:08:07 PM	84.48817	84.82115	85.73275	85.54258	86.25667	86.92618	86.83750	86.45913	86.79710	86.32864	85.41100	85.37652	84.92392	86.09777
10/6/2025	2:08:11 PM	84.48136	84.81045	85.72094	85.53196	86.24529	86.91349	86.82509	86.44639	86.78467	86.31670	85.39903	85.36664	84.91431	86.08595
10/6/2025	2:08:14 PM	84.46692	84.80007	85.71235	85.52149	86.23435	86.90129	86.81286	86.43347	86.77269	86.30558	85.38901	85.35452	84.90439	86.07564
10/6/2025	2:08:18 PM	84.45321	84.78561	85.69947	85.50847	86.22061	86.88766	86.79963	86.42092	86.76107	86.29522	85.37851	85.34365	84.89484	86.06446
10/6/2025	2:08:21 PM	84.44380	84.77421	85.69050	85.49818	86.20792	86.87531	86.78775	86.40862	86.74862	86.28310	85.36694	85.33215	84.88604	86.05466
10/6/2025	2:08:25 PM	84.43416	84.76894	85.67918	85.48769	86.19526	86.86349	86.77579	86.39695	86.73662	86.27185	85.35630	85.32274	84.87688	86.04340
10/6/2025	2:08:29 PM	84.42423	84.75638	85.66922	85.47853	86.18265	86.85265	86.76364	86.38554	86.72611	86.26205	85.34675	85.31259	84.86822	86.03244
10/6/2025	2:08:32 PM	84.41402	84.75080	85.65861	85.46798	86.17193	86.84105	86.75148	86.37263	86.71371	86.25087	85.33511	85.30270	84.85947	86.02312
10/6/2025	2:08:36 PM	84.40842	84.73944	85.64873	85.45667	86.15979	86.82874	86.74003	86.36210	86.70322	86.24077	85.32620	85.29445	84.85066	86.01346
10/6/2025	2:08:39 PM	84.39636	84.72914	85.63506	85.44650	86.15014	86.81849	86.72954	86.34988	86.69091	86.23013	85.31483	85.28306	84.84171	86.00186
10/6/2025	2:08:43 PM	84.38706	84.71812	85.62727	85.43700	86.13937	86.80634	86.71776	86.33927	86.68053	86.22001	85.30543	85.27430	84.83393	85.99403
10/6/2025	2:08:47 PM	84.38140	84.71543	85.61631	85.42612	86.12756	86.79538	86.70701	86.32806	86.66867	86.20858	85.29434	85.26474	84.82438	85.98315
10/6/2025	2:08:50 PM	84.36948	84.70465	85.60672	85.41672	86.11731	86.78520	86.69673	86.31761	86.65832	86.19967	85.28598	85.25605	84.81839	85.97605
10/6/2025	2:08:54 PM	84.36549	84.69869	85.59903	85.40775	86.10830	86.77569	86.68660	86.30760	86.64827	86.19067	85.27707	85.24856	84.81033	85.96793
10/6/2025	2:08:57 PM	84.36138	84.69007	85.58629	85.39926	86.09788	86.76511	86.67665	86.29765	86.63845	86.18084	85.26746	85.24101	84.80242	85.95634
10/6/2025	2:09:01 PM	84.35280	84.67687	85.57864	85.38959	86.08708	86.75419	86.66553	86.28688	86.62752	86.17080	85.25627	85.22918	84.79283	85.94669
10/6/2025	2:09:05 PM	84.34905	84.67428	85.57016	85.38046	86.07622	86.74287	86.65348	86.27634	86.61702	86.16073	85.24612	85.22177	84.78478	85.93750
10/6/2025	2:09:08 PM	84.33790	84.66450	85.56155	85.37022	86.06497	86.73191	86.64325	86.26559	86.60687	86.15070	85.23690	85.21255	84.77764	85.92917
10/6/2025	2:09:12 PM	84.33120	84.65189	85.55304	85.36464	86.05452	86.72404	86.63439	86.25611	86.59798	86.14214	85.22909	85.20447	84.76925	85.92025
10/6/2025	2:09:15 PM	84.32172	84.64382	85.54459	85.35421	86.04490	86.71385	86.62364	86.24485	86.58741	86.13240	85.21985	85.19659	84.76179	85.91253
