10/6/2025	11:00:32 AM	298.08928	298.21086	298.11395	298.16585	298.17503	298.13181	298.16150	298.18185	298.19939	298.16036	298.15181	298.01690	297.61829	298.23716
10/6/2025	11:00:35 AM	298.08819	298.20963	298.11250	298.16510	298.17424	298.13080	298.16031	298.18119	298.19768	298.15905	298.15011	298.01512	297.61546	298.23520
10/6/2025	11:00:39 AM	298.08687	298.20794	298.11124	298.16345	298.17262	298.12963	298.15876	298.17934	298.19563	298.15684	298.14790	298.01421	297.61538	298.23403
10/6/2025	11:00:42 AM	298.08608	298.20725	298.10927	298.16290	298.17193	298.12880	298.15788	298.17840	298.19453	298.15604	298.14696	298.01222	297.61404	298.23196
10/6/2025	11:00:46 AM	298.08404	298.20549	298.10876	298.16079	298.17021	298.12666	298.15620	298.17666	298.19305	298.15393	298.14476	298.01065	297.61119	298.23111
10/6/2025	11:00:49 AM	298.08289	298.20415	298.10719	298.15939	298.16954	298.12565	298.15507	298.17551	298.19186	298.15313	298.14403	298.00972	297.61068	298.22977
10/6/2025	11:00:53 AM	298.08222	298.20369	298.10688	298.15893	298.16812	298.12446	298.15370	298.17384	298.18988	298.15190	298.14274	298.00861	297.61012	298.22832
10/6/2025	11:00:57 AM	298.08088	298.20241	298.10550	298.15733	298.16729	298.12322	298.15271	298.17336	298.18932	298.15122	298.14208	298.00820	297.60901	298.22737
10/6/2025	11:01:00 AM	298.08037	298.20216	298.10475	298.15775	298.16623	298.12236	298.15183	298.17259	298.18848	298.15014	298.14101	298.00716	297.60771	298.22649
10/6/2025	11:01:04 AM	298.07917	298.20056	298.10399	298.15621	298.16492	298.12157	298.15101	298.17145	298.18682	298.14871	298.14040	298.00673	297.60664	298.22533
10/6/2025	11:01:07 AM	298.07787	298.19950	298.10219	298.15472	298.16336	298.11993	298.14883	298.16926	298.18497	298.14725	298.13829	298.00513	297.60432	298.22282
10/6/2025	11:01:11 AM	298.07718	298.19847	298.10114	298.15366	298.16336	298.11892	298.14826	298.16836	298.18467	298.14637	298.13785	298.00398	297.60471	298.22276
10/6/2025	11:01:15 AM	298.07611	298.19744	298.09964	298.15236	298.16196	298.11839	298.14734	298.16770	298.18357	298.14511	298.13659	298.00309	297.60258	298.22087
10/6/2025	11:01:18 AM	298.07498	298.19645	298.09903	298.15163	298.16107	298.11668	298.14558	298.16638	298.18169	298.14386	298.13436	298.00073	297.60031	298.21912
10/6/2025	11:01:22 AM	298.07417	298.19544	298.09737	298.14997	298.15958	298.11549	298.14355	298.16365	298.17972	298.14228	298.13313	298.00054	297.59912	298.21727
10/6/2025	11:01:25 AM	298.07281	298.19441	298.09574	298.14631	298.15575	298.11246	298.13735	298.15696	298.17507	298.13425	298.13143	297.99861	297.59424	298.21313
10/6/2025	11:01:29 AM	298.06863	298.19051	298.09278	298.14583	298.15613	298.11109	298.13756	298.15560	298.17189	298.13098	298.12159	297.99122	297.59158	298.21018
10/6/2025	11:01:33 AM	298.06523	298.18877	298.09391	298.14531	298.15490	298.10998	298.13629	298.15630	298.17115	298.13031	298.12250	297.99055	297.59122	298.20767
10/6/2025	11:01:36 AM	298.05261	298.16275	298.07300	298.12379	298.12225	298.06913	298.07306	298.05724	298.07762	297.97577	297.96498	297.80378	297.40416	298.01129
10/6/2025	11:01:40 AM	297.66037	297.71947	297.64167	297.46320	297.28644	297.00015	297.06473	296.98086	297.13778	296.88982	297.21412	297.08096	296.47188	297.14569
10/6/2025	11:01:43 AM	296.66673	296.58007	296.45704	296.17429	296.03795	295.65945	295.60794	295.47283	295.76491	295.23652	295.95501	296.11481	294.77847	295.71459
10/6/2025	11:01:47 AM	295.12111	295.01776	294.84846	294.40847	294.29911	293.97564	293.61466	293.20709	294.04955	293.45398	294.33997	294.87623	292.29873	293.69011
10/6/2025	11:01:50 AM	293.52146	292.93749	292.98478	291.96497	292.10427	292.06133	291.18179	290.69861	292.18400	291.60205	292.67586	293.51559	289.49283	291.41312
10/6/2025	11:01:54 AM	291.81748	291.13318	291.19417	289.90192	290.02354	290.03298	288.61233	288.16230	290.22706	289.86188	291.05010	292.13933	286.49577	289.00494
10/6/2025	11:01:58 AM	289.98239	289.29274	289.54904	288.07932	287.95246	288.04633	286.04375	285.54204	288.21936	287.94798	289.42591	290.55384	283.26195	286.63733
10/6/2025	11:02:01 AM	287.99102	287.18602	287.90346	286.28830	285.78967	285.83912	283.40309	283.13877	286.10870	285.81515	287.75599	288.96409	280.40056	284.37530
10/6/2025	11:02:05 AM	285.96486	284.97084	286.46430	284.50604	283.79251	283.54053	281.01943	280.57519	283.94863	283.50920	286.01453	287.32855	277.59878	282.15003
10/6/2025	11:02:08 AM	283.92534	282.85757	285.16870	282.35140	281.94708	281.42867	278.71548	278.21576	281.78048	281.17080	284.05665	285.58504	274.91139	280.02230
10/6/2025	11:02:12 AM	281.62540	280.80988	283.54534	280.21211	280.09016	279.36611	276.42797	275.81230	279.56185	278.93725	281.95201	283.62167	272.36818	277.93657
10/6/2025	11:02:16 AM	279.10588	278.85317	281.68311	278.08551	278.16568	277.40414	274.25315	273.27926	277.43737	276.65541	279.83751	281.50986	269.98465	275.95807
10/6/2025	11:02:19 AM	276.65100	276.93599	279.58593	275.98343	276.22731	275.27569	272.21021	270.04149	275.25047	274.20965	277.65118	279.44416	267.62889	273.63652
10/6/2025	11:02:23 AM	274.33163	275.15633	277.62162	273.90570	274.32901	273.40079	270.92284	268.58065	272.99681	272.09644	276.16792	277.70066	265.75156	271.96163
10/6/2025	11:02:26 AM	272.68898	273.65201	276.31219	272.51928	272.83276	271.76491	269.19404	266.68259	270.68937	269.85307	273.80278	275.49001	263.57655	269.80456
10/6/2025	11:02:30 AM	270.12749	270.87122	274.30896	270.28960	270.08363	269.17914	266.12989	263.77497	267.68436	266.80510	271.07366	272.89505	260.39493	266.82364
10/6/2025	11:02:34 AM	266.72584	268.33360	271.66547	267.37364	267.25582	266.24651	262.96362	260.68055	264.48314	263.58851	268.23742	270.35133	257.02985	263.87749
10/6/2025	11:02:37 AM	263.62063	265.83152	269.34999	264.48702	264.46916	263.40618	259.95379	257.55621	261.27188	260.51222	265.50737	267.88525	253.87968	261.20726
10/6/2025	11:02:41 AM	260.79177	263.31101	267.13022	261.74037	261.87769	260.67544	257.18472	254.51535	258.32211	257.55458	262.98825	265.56138	250.92359	258.71489
10/6/2025	11:02:44 AM	258.19761	260.97963	265.02107	259.16105	259.42576	258.13741	254.61744	251.68343	255.57382	254.79710	260.56509	263.35951	248.14364	256.33693
10/6/2025	11:02:48 AM	255.88951	258.65556	262.95592	256.69626	257.01158	255.72726	252.18716	248.99934	253.02968	252.15690	258.22728	261.21189	245.38983	253.99122
10/6/2025	11:02:52 AM	253.66842	256.39950	260.88976	254.33334	254.65220	253.36502	249.83216	246.52453	250.63459	249.68222	255.96158	259.13070	242.74752	251.69743
10/6/2025	11:02:55 AM	251.62551	254.31712	258.89657	252.13210	252.45716	251.16582	247.62816	244.20180	248.39749	247.35862	253.75275	257.15851	240.17309	249.40816
10/6/2025	11:02:59 AM	249.57090	252.30040	256.83298	249.96623	250.31310	249.03282	245.46505	241.87979	246.21460	245.09901	251.56265	255.17986	237.59961	247.04320
10/6/2025	11:03:02 AM	247.48876	250.34185	254.73810	247.82417	248.21113	246.90682	243.34565	239.61533	244.15880	242.90482	249.40681	253.22466	235.06507	244.71318
10/6/2025	11:03:06 AM	245.48956	248.37053	252.72187	245.70349	246.14827	244.83731	241.25731	237.40561	242.12503	240.74449	247.29618	251.31587	232.62396	242.47585
10/6/2025	11:03:09 AM	243.56154	246.46063	250.79811	243.68423	244.16658	242.81875	239.25369	235.32187	240.17819	238.62850	245.27542	249.43491	230.27376	240.30939
10/6/2025	11:03:13 AM	241.65355	244.55282	248.90232	241.70090	242.22468	240.87210	237.31029	233.26870	238.26169	236.55443	243.31162	247.59389	227.96693	238.17315
10/6/2025	11:03:16 AM	239.74034	242.62920	246.98887	239.69847	240.24615	238.89525	235.31457	231.19537	236.28772	234.48458	241.35892	245.73597	225.66157	236.02557
10/6/2025	11:03:20 AM	237.84713	240.72228	245.09647	237.74455	238.33686	236.97096	233.38116	229.16882	234.31749	232.46681	239.46062	243.93033	223.43005	233.94017
10/6/2025	11:03:24 AM	235.99290	238.85436	243.26416	235.84575	236.48011	235.11868	231.49099	227.21593	232.40189	230.49844	237.59918	242.15048	221.25062	231.89148
10/6/2025	11:03:27 AM	234.14815	236.98302	241.44383	233.94782	234.62850	233.27376	229.62055	225.29308	230.50327	228.58735	235.76480	240.41695	219.13262	229.91975
10/6/2025	11:03:31 AM	232.35035	235.16514	239.69008	232.13935	232.86444	231.50385	227.80154	223.45875	228.71999	226.74655	233.98591	238.73777	217.10049	228.02782
10/6/2025	11:03:34 AM	230.60156	233.40728	237.99785	230.39763	231.15955	229.81066	226.05773	221.65817	226.96446	224.97388	232.27165	237.12068	215.16040	226.22640
10/6/2025	11:03:38 AM	228.86121	231.66166	236.32816	228.67380	229.46816	228.12295	224.30096	219.86199	225.25048	223.22063	230.55029	235.48851	213.23297	224.44566
10/6/2025	11:03:42 AM	227.11453	229.92470	234.65543	226.96096	227.80304	226.45407	222.58077	218.10166	223.56358	221.52711	228.86731	233.89137	211.37209	222.73399
10/6/2025	11:03:45 AM	225.41979	228.27355	233.08056	225.36143	226.22123	224.89238	220.95607	216.41104	221.93126	219.88562	227.24016	232.32662	209.58202	221.07121
10/6/2025	11:03:49 AM	223.75718	226.64086	231.53006	223.77987	224.65089	223.33008	219.32675	214.73284	220.31138	218.24628	225.61734	230.77437	207.82223	219.44298
10/6/2025	11:03:52 AM	222.13628	225.04969	230.01639	222.24037	223.12066	221.81204	217.77245	213.12523	218.73998	216.67168	224.06248	229.29214	206.17822	217.93510
10/6/2025	11:03:56 AM	220.61195	223.56984	228.61680	220.80379	221.72359	220.41151	216.31913	211.64461	217.27482	215.19589	222.57756	227.87278	204.63089	216.51526
10/6/2025	11:04:00 AM	219.15531	222.16452	227.27790	219.42605	220.34609	219.03819	214.90380	210.17416	215.85119	213.75274	221.13793	226.47794	203.09685	215.10020
10/6/2025	11:04:03 AM	217.71697	220.77324	225.97240	218.06599	218.99489	217.67214	213.48855	208.71329	214.42668	212.31311	219.71888	225.10915	201.59400	213.70739
10/6/2025	11:04:07 AM	216.30406	219.39556	224.67437	216.71010	217.64379	216.27387	212.04567	207.25104	212.98425	210.84940	218.29552	223.73441	200.08554	212.30418
10/6/2025	11:04:10 AM	214.92536	218.05752	223.40367	215.38213	216.33661	214.91414	210.64412	205.80826	211.59048	209.42773	216.90515	222.40681	198.64214	210.94361
10/6/2025	11:04:14 AM	213.61142	216.78584	222.20194	214.12206	215.10477	213.62242	209.32581	204.44363	210.25267	208.08592	215.60323	221.18858	197.30993	209.68846
10/6/2025	11:04:18 AM	212.39018	215.60006	221.07928	212.93813	213.93506	212.38155	208.04722	203.12478	208.98178	206.79106	214.35195	220.01649	196.01206	208.47604
10/6/2025	11:04:21 AM	211.24568	214.49932	220.02510	211.82752	212.82713	211.21390	206.83319	201.85390	207.76194	205.54509	213.13916	218.89104	194.78297	207.29764
10/6/2025	11:04:25 AM	210.13549	213.41958	218.99194	210.72268	211.72409	210.04515	205.60281	200.59158	206.54355	204.30819	211.96083	217.80026	193.56465	206.13409
10/6/2025	11:04:28 AM	209.03606	212.33877	217.95942	209.61021	210.60682	208.80086	204.35007	199.30676	205.30617	203.06841	210.78121	216.71414	192.31132	204.95152
10/6/2025	11:04:32 AM	207.95107	211.26616	216.94595	208.48952	209.46650	207.58460	203.10666	198.04628	204.10152	201.85924	209.64314	215.69052	191.10019	203.82263
10/6/2025	11:04:35 AM	206.93580	210.27629	216.02033	207.42655	208.38355	206.40835	201.90443	196.84105	202.94300	200.71967	208.56105	214.74474	189.97021	202.77802
10/6/2025	11:04:39 AM	205.99671	209.35842	215.15325	206.42613	207.37803	205.25736	200.76151	195.71911	201.85936	199.65133	207.55359	213.88980	188.90640	201.80315
10/6/2025	11:04:43 AM	205.14613	208.53399	214.34761	205.48623	206.37936	204.16719	199.66769	194.62960	200.80736	198.61777	206.60550	213.06986	187.87921	200.86374
10/6/2025	11:04:46 AM	204.31663	207.73914	213.57568	204.55848	205.39024	203.06494	198.54720	193.52389	199.76626	197.57872	205.67428	212.25418	186.84133	199.92201
10/6/2025	11:04:50 AM	203.50169	206.93226	212.74899	203.59719	204.36833	201.92933	197.39675	192.37465	198.69118	196.53145	204.73993	211.42803	185.81117	198.96953
10/6/2025	11:04:53 AM	202.69888	206.12268	211.93253	202.63752	203.35442	200.81051	196.26244	191.25682	197.63582	195.52915	203.85172	210.64031	184.81357	198.03950
10/6/2025	11:04:57 AM	201.93697	205.35777	211.15031	201.70920	202.34262	199.69556	195.13088	190.15562	196.59870	194.54750	202.98536	209.86785	183.83360	197.13040
10/6/2025	11:05:01 AM	201.20869	204.61393	210.37912	200.78104	201.35110	198.59008	194.00827	189.07386	195.56664	193.58095	202.11942	209.07701	182.86252	196.23247
10/6/2025	11:05:04 AM	200.48321	203.88178	209.61397	199.86546	200.35797	197.50190	192.91138	188.02856	194.57472	192.64936	201.30112	208.32879	181.93851	195.38832
10/6/2025	11:05:08 AM	199.81818	203.20610	208.91424	199.00974	199.41279	196.44788	191.84686	187.02299	193.61290	191.75890	200.51490	207.62335	181.07499	194.60348
10/6/2025	11:05:11 AM	199.25663	202.63274	208.26614	198.22984	198.53350	195.45336	190.85885	186.08832	192.71632	190.94020	199.80221	206.96034	180.30012	193.87729
10/6/2025	11:05:15 AM	198.73277	202.08159	207.61838	197.46197	197.66694	194.48512	189.87843	185.14037	191.81343	190.11448	199.08120	206.27018	179.53097	193.13311
10/6/2025	11:05:19 AM	198.17857	201.48220	206.93024	196.65243	196.77046	193.49656	188.87654	184.17199	190.89421	189.25505	198.33570	205.55411	178.74055	192.36897
10/6/2025	11:05:22 AM	197.60815	200.86774	206.24997	195.85826	195.91846	192.53295	187.90779	183.25641	190.01604	188.43948	197.62630	204.87256	177.99815	191.64675
10/6/2025	11:05:26 AM	197.06510	200.28723	205.59022	195.10838	195.09803	191.61116	186.98488	182.37174	189.15355	187.64850	196.93460	204.19622	177.28203	190.93289
10/6/2025	11:05:29 AM	196.49611	199.68588	204.92723	194.36542	194.27239	190.69255	186.06360	181.47747	188.28258	186.85003	196.22949	203.50304	176.56777	190.21015
10/6/2025	11:05:33 AM	195.93098	199.08444	204.27405	193.63134	193.47247	189.80938	185.17739	180.61229	187.43790	186.06684	195.53316	202.82040	175.87160	189.49392
10/6/2025	11:05:37 AM	195.32786	198.45712	203.59095	192.87805	192.67273	188.91690	184.29317	179.74714	186.59245	185.28487	194.83638	202.14257	175.18487	188.78414
10/6/2025	11:05:40 AM	194.72306	197.83382	202.91800	192.13968	191.88429	188.05035	183.43458	178.91071	185.78365	184.54243	194.16755	201.47204	174.52585	188.08964
10/6/2025	11:05:44 AM	194.13712	197.22727	202.26143	191.43082	191.12011	187.19960	182.59057	178.06497	184.96834	183.79537	193.48228	200.79183	173.86367	187.38805
10/6/2025	11:05:47 AM	193.53160	196.61399	201.61378	190.72378	190.37018	186.37378	181.78252	177.26788	184.19834	183.08608	192.82725	200.14018	173.23502	186.71433
10/6/2025	11:05:51 AM	192.93654	196.00005	200.97489	190.02722	189.63805	185.55562	180.96366	176.47085	183.43039	182.38278	192.18520	199.50313	172.63918	186.07793
10/6/2025	11:05:55 AM	192.41812	195.45649	200.37958	189.39040	188.96355	184.79635	180.20614	175.73334	182.71264	181.72592	191.57944	198.89195	172.07562	185.46474
10/6/2025	11:05:58 AM	191.89379	194.90795	199.77688	188.75432	188.29906	184.05781	179.46226	175.00891	182.00512	181.07347	190.97513	198.27634	171.51857	184.84564
10/6/2025	11:06:02 AM	191.35084	194.34636	199.16689	188.10980	187.62933	183.31738	178.71680	174.28784	181.30286	180.41490	190.35951	197.64855	170.94122	184.20847
10/6/2025	11:06:06 AM	190.75123	193.73398	198.51075	187.42231	186.91584	182.53853	177.95035	173.54746	180.57986	179.73280	189.71189	197.00274	170.33521	183.56706
10/6/2025	11:06:09 AM	190.15171	193.13527	197.89120	186.77356	186.24737	181.79914	177.21060	172.83634	179.88438	179.08090	189.09346	196.38428	169.76446	182.95365
10/6/2025	11:06:13 AM	189.58049	192.56053	197.28938	186.14972	185.59025	181.07756	176.49105	172.15179	179.22016	178.46503	188.49935	195.78423	169.22887	182.36796
10/6/2025	11:06:16 AM	189.05751	192.02014	196.72063	185.57363	184.97942	180.39879	175.81351	171.49960	178.57303	177.85700	187.91776	195.19799	168.70003	181.79270
10/6/2025	11:06:20 AM	188.52259	191.46703	196.15516	184.99717	184.37205	179.72366	175.14476	170.85782	177.94197	177.26591	187.34711	194.62164	168.20739	181.24595
10/6/2025	11:06:24 AM	188.03490	190.96360	195.60791	184.44662	183.78333	179.08528	174.51083	170.24387	177.32874	176.69828	186.78935	194.05400	167.72109	180.70281
10/6/2025	11:06:27 AM	187.54220	190.45465	195.06607	183.90051	183.21528	178.46462	173.89991	169.65149	176.74671	176.14860	186.25267	193.50529	167.25694	180.18297
10/6/2025	11:06:31 AM	187.06464	189.96313	194.52231	183.36449	182.63784	177.85069	173.29684	169.06870	176.16444	175.61045	185.71761	192.95468	166.79712	179.66504
10/6/2025	11:06:35 AM	186.57897	189.46662	193.98943	182.83102	182.06900	177.25179	172.70741	168.49249	175.57923	175.06365	185.17885	192.40379	166.33944	179.14584
10/6/2025	11:06:38 AM	186.10725	188.97422	193.45271	182.30590	181.51930	176.66997	172.12791	167.92793	175.01162	174.53383	184.64979	191.86333	165.87169	178.62946
10/6/2025	11:06:42 AM	185.60359	188.46111	192.91079	181.76859	180.96190	176.07454	171.54676	167.36062	174.45529	174.01010	184.12634	191.32806	165.42430	178.12520
10/6/2025	11:06:45 AM	185.12761	187.97547	192.39129	181.26007	180.43342	175.51461	170.99655	166.82666	173.92017	173.51506	183.63031	190.81934	165.00973	177.65749
10/6/2025	11:06:49 AM	184.68993	187.52285	191.91459	180.79208	179.95180	174.99457	170.47972	166.33392	173.42722	173.04558	183.16472	190.34161	164.61830	177.21169
10/6/2025	11:06:53 AM	184.27555	187.08251	191.43837	180.32572	179.46228	174.46790	169.96458	165.84205	172.93181	172.58097	182.69138	189.85035	164.22189	176.76252
10/6/2025	11:06:56 AM	183.84713	186.63658	190.95530	179.86045	178.97774	173.95984	169.46097	165.35594	172.45017	172.13411	182.23959	189.37365	163.84270	176.32501
10/6/2025	11:07:00 AM	183.43728	186.21042	190.49759	179.41997	178.51383	173.46154	168.96703	164.88743	171.97597	171.69550	181.78775	188.90681	163.47428	175.89753
10/6/2025	11:07:03 AM	183.01297	185.76208	190.02061	178.96193	178.05662	172.96197	168.47575	164.42075	171.50213	171.24697	181.34107	188.44552	163.11261	175.47397
10/6/2025	11:07:07 AM	182.63222	185.36572	189.61116	178.56361	177.63247	172.50266	168.03514	164.00596	171.07184	170.84544	180.92879	188.00987	162.79164	175.09754
10/6/2025	11:07:11 AM	182.27605	184.98659	189.19620	178.16598	177.21684	172.06428	167.60498	163.60512	170.65907	170.45519	180.52004	187.57819	162.47023	174.72589
10/6/2025	11:07:14 AM	181.92049	184.60441	188.76346	177.76325	176.80469	171.62736	167.18257	163.20566	170.24603	170.06146	180.11579	187.15324	162.14554	174.34062
10/6/2025	11:07:18 AM	181.54288	184.21255	188.33121	177.35319	176.38983	171.19447	166.76427	162.79754	169.82401	169.65613	179.69685	186.71527	161.80282	173.93917
10/6/2025	11:07:21 AM	181.13045	183.78848	187.87856	176.91632	175.94279	170.72716	166.31306	162.35943	169.37567	169.22823	179.25894	186.25677	161.43131	173.51797
10/6/2025	11:07:25 AM	180.71919	183.36805	187.43609	176.49297	175.50973	170.28181	165.87295	161.94111	168.95023	168.82549	178.83456	185.81119	161.07062	173.11350
10/6/2025	11:07:29 AM	180.30175	182.94149	186.99372	176.06821	175.07295	169.82795	165.43110	161.51577	168.51364	168.40506	178.41001	185.37166	160.71436	172.71131
10/6/2025	11:07:32 AM	179.90146	182.52970	186.55892	175.65291	174.65375	169.39076	165.00731	161.10987	168.09487	168.01020	177.99894	184.93501	160.36941	172.31836
10/6/2025	11:07:36 AM	179.51227	182.12775	186.12776	175.25040	174.25057	168.97486	164.60091	160.72379	167.69752	167.63537	177.60760	184.52803	160.04570	171.95196
10/6/2025	11:07:39 AM	179.14197	181.74022	185.72311	174.86851	173.85554	168.56656	164.20717	160.35078	167.30716	167.26397	177.21543	184.11021	159.71695	171.57674
10/6/2025	11:07:43 AM	178.76309	181.34877	185.30863	174.47750	173.45554	168.15522	163.79932	159.96497	166.90237	166.88127	176.81317	183.69110	159.38412	171.19147
10/6/2025	11:07:47 AM	178.37708	180.95331	184.89185	174.08698	173.05213	167.74265	163.39324	159.58479	166.50675	166.50564	176.41275	183.27186	159.04844	170.80675
10/6/2025	11:07:50 AM	177.98586	180.55077	184.47206	173.69150	172.64066	167.32410	162.97882	159.19677	166.09977	166.11570	176.00311	182.84537	158.70697	170.42297
10/6/2025	11:07:54 AM	177.59927	180.15588	184.05901	173.30536	172.24631	166.92499	162.59080	158.83035	165.71750	165.74917	175.61567	182.43883	158.38515	170.05532
10/6/2025	11:07:57 AM	177.22200	179.76973	183.65074	172.92123	171.85363	166.52676	162.19673	158.46367	165.33028	165.38119	175.22255	182.02481	158.06272	169.67971
10/6/2025	11:08:01 AM	176.84297	179.37565	183.22815	172.53008	171.45370	166.11795	161.79571	158.08677	164.93297	164.99736	174.81715	181.60815	157.72609	169.30116
10/6/2025	11:08:05 AM	176.46327	178.98771	182.84798	172.16727	171.07948	165.73370	161.42034	157.73679	164.56186	164.64422	174.44400	181.21533	157.42660	168.95503
10/6/2025	11:08:08 AM	176.10544	178.62551	182.45541	171.80300	170.71494	165.35799	161.04926	157.39157	164.19086	164.29655	174.07819	180.82750	157.13662	168.61453
10/6/2025	11:08:12 AM	175.75910	178.26689	182.06096	171.45378	170.35637	164.99367	160.68996	157.04556	163.82457	163.94930	173.70689	180.43332	156.83518	168.26983
10/6/2025	11:08:15 AM	175.41585	177.91061	181.68973	171.11116	170.00182	164.64164	160.34900	156.72224	163.48590	163.62771	173.35919	180.06185	156.56235	167.94567
10/6/2025	11:08:19 AM	175.08086	177.56168	181.31801	170.77189	169.65484	164.28503	159.99871	156.40016	163.13042	163.28732	172.99649	179.68225	156.27954	167.60611
10/6/2025	11:08:23 AM	174.73566	177.19926	180.94400	170.42680	169.29684	163.93051	159.65034	156.07732	162.78318	162.95513	172.64032	179.30396	156.00339	167.27478
10/6/2025	11:08:26 AM	174.39974	176.85694	180.56626	170.08909	168.95779	163.59013	159.31443	155.76836	162.44964	162.64293	172.30715	178.94620	155.74373	166.96740
10/6/2025	11:08:30 AM	174.08928	176.52645	180.19659	169.75891	168.62408	163.25287	158.98223	155.45791	162.10840	162.31388	171.95141	178.57491	155.46046	166.63261
10/6/2025	11:08:34 AM	173.74335	176.16399	179.80666	169.40438	168.25644	162.89079	158.62847	155.12796	161.75759	161.97756	171.59349	178.20060	155.16688	166.30357
10/6/2025	11:08:37 AM	173.41094	175.82457	179.44082	169.07002	167.91387	162.55290	158.29367	154.81407	161.41610	161.64995	171.24192	177.83051	154.87647	165.96838
10/6/2025	11:08:41 AM	173.06905	175.46862	179.06331	168.72454	167.55774	162.20736	157.95130	154.48998	161.06964	161.32108	170.89211	177.46909	154.59000	165.64010
10/6/2025	11:08:45 AM	172.72930	175.11574	178.71125	168.39490	167.22033	161.87038	157.62222	154.17955	160.73491	160.99982	170.54802	177.11005	154.32149	165.32099
10/6/2025	11:08:48 AM	172.40495	174.78536	178.35785	168.07114	166.88686	161.53540	157.29535	153.87101	160.40858	160.68797	170.20897	176.75086	154.06031	165.00455
10/6/2025	11:08:52 AM	172.08138	174.45447	177.98896	167.75319	166.56508	161.22022	156.97840	153.57511	160.08854	160.38607	169.87542	176.40244	153.80062	164.69483
10/6/2025	11:08:56 AM	171.76000	174.11845	177.65041	167.43416	166.23633	160.90039	156.66772	153.29027	159.77220	160.08259	169.54733	176.05818	153.54753	164.39874
10/6/2025	11:08:59 AM	171.45495	173.80393	177.30015	167.12624	165.93004	160.59130	156.36320	153.00157	159.45928	159.78397	169.22317	175.71506	153.28760	164.09583
10/6/2025	11:09:03 AM	171.14883	173.48268	176.95444	166.82191	165.61376	160.28873	156.07123	152.72851	159.16205	159.50296	168.90838	175.38488	153.03767	163.80876
10/6/2025	11:09:06 AM	170.84485	173.15994	176.59967	166.50637	165.29015	159.97532	155.76403	152.44178	158.84651	159.20321	168.58348	175.04279	152.77430	163.50139
10/6/2025	11:09:10 AM	170.52700	172.82492	176.23877	166.18157	164.95981	159.65567	155.44343	152.13859	158.52279	158.89803	168.25336	174.69898	152.50977	163.19301
10/6/2025	11:09:14 AM	170.21460	172.49886	175.89906	165.87048	164.63454	159.34392	155.13768	151.85316	158.21383	158.59898	167.92628	174.36228	152.24402	162.89013
10/6/2025	11:09:17 AM	169.90619	172.18137	175.56271	165.56362	164.32522	159.04056	154.83927	151.57486	157.91118	158.30366	167.60782	174.03055	151.99053	162.59334
10/6/2025	11:09:21 AM	169.59861	171.86394	175.22459	165.26161	164.01839	158.74197	154.54809	151.30423	157.61124	158.02026	167.29463	173.70321	151.74709	162.30403
10/6/2025	11:09:25 AM	169.29925	171.55080	174.90283	164.96687	163.71904	158.44829	154.26092	151.03924	157.31536	157.73738	166.98063	173.37291	151.49823	162.01222
10/6/2025	11:09:28 AM	168.99826	171.24290	174.57635	164.67013	163.41206	158.15069	153.96986	150.76522	157.01773	157.44943	166.66899	173.05217	151.25679	161.73287
10/6/2025	11:09:32 AM	168.70460	170.93876	174.24996	164.37977	163.11778	157.86902	153.69048	150.49959	156.72850	157.17193	166.36478	172.73213	151.01306	161.45314
10/6/2025	11:09:35 AM	168.42111	170.64333	173.93122	164.10049	162.83291	157.60246	153.42872	150.25794	156.46365	156.92178	166.08769	172.43733	150.79704	161.19382
10/6/2025	11:09:39 AM	168.15297	170.35934	173.61266	163.82223	162.54484	157.32870	153.15672	150.00074	156.18394	156.65898	165.79571	172.13233	150.56417	160.92118
10/6/2025	11:09:43 AM	167.86947	170.05585	173.28915	163.53228	162.24495	157.04099	152.87426	149.73051	155.89715	156.38188	165.49370	171.81863	150.31358	160.64236
10/6/2025	11:09:46 AM	167.58512	169.75295	172.97369	163.24328	161.95137	156.76014	152.59836	149.47284	155.61514	156.10959	165.19643	171.51051	150.07247	160.36907
10/6/2025	11:09:50 AM	167.30070	169.45156	172.65092	162.95350	161.65479	156.47576	152.31463	149.20486	155.32819	155.83598	164.89591	171.19837	149.83074	160.08516
10/6/2025	11:09:53 AM	167.01450	169.15743	172.33730	162.67613	161.36638	156.20265	152.05088	148.95576	155.06418	155.58486	164.61316	170.90437	149.60739	159.82520
10/6/2025	11:09:57 AM	166.74109	168.87437	172.04646	162.41227	161.09637	155.93922	151.79370	148.71726	154.80056	155.32986	164.32890	170.60165	149.39065	159.56018
10/6/2025	11:10:01 AM	166.45951	168.59134	171.75762	162.14560	160.82439	155.67559	151.53675	148.47121	154.53687	155.07469	164.04128	170.29997	149.18464	159.30375
10/6/2025	11:10:04 AM	166.18697	168.31530	171.46082	161.88804	160.55711	155.42708	151.28208	148.23782	154.28309	154.83550	163.77319	170.01182	148.97897	159.06024
10/6/2025	11:10:08 AM	165.93797	168.05066	171.16585	161.63858	160.30392	155.18590	151.04188	148.01422	154.04054	154.60269	163.51168	169.73412	148.78390	158.82371
10/6/2025	11:10:11 AM	165.68793	167.78215	170.88667	161.38915	160.03993	154.93524	150.79593	147.78414	153.78429	154.35303	163.23996	169.44769	148.56541	158.57157
10/6/2025	11:10:15 AM	165.42185	167.50595	170.59689	161.12828	159.77822	154.68649	150.54959	147.55571	153.53274	154.10853	162.97005	169.16131	148.36201	158.33128
10/6/2025	11:10:19 AM	165.16780	167.23699	170.30475	160.87405	159.51415	154.44275	150.31499	147.33478	153.28861	153.87840	162.71237	168.88640	148.15772	158.09177
10/6/2025	11:10:22 AM	164.91536	166.97121	170.01863	160.62113	159.25643	154.20182	150.07323	147.11104	153.04945	153.65185	162.45441	168.60998	147.95070	157.85179
10/6/2025	11:10:26 AM	164.66999	166.70935	169.73485	160.37252	158.99829	153.96013	149.83266	146.89008	152.80762	153.41563	162.19246	168.33703	147.74606	157.61551
10/6/2025	11:10:29 AM	164.42019	166.44529	169.47167	160.12384	158.74722	153.72084	149.60043	146.67145	152.57630	153.19036	161.94183	168.07100	147.55026	157.38102
10/6/2025	11:10:33 AM	164.17304	166.18759	169.16953	159.87423	158.48998	153.48438	149.36438	146.45209	152.34155	152.96711	161.68579	167.79939	147.35536	157.14466
10/6/2025	11:10:37 AM	163.93254	165.92942	168.89706	159.63764	158.24093	153.25519	149.13779	146.24046	152.10622	152.74523	161.43761	167.53461	147.15731	156.90786
10/6/2025	11:10:40 AM	163.68540	165.66880	168.63292	159.39086	157.98899	153.01612	148.90431	146.02393	151.87256	152.51792	161.18865	167.27486	146.96512	156.68692
10/6/2025	11:10:44 AM	163.44548	165.42064	168.35564	159.15095	157.75062	152.78673	148.67795	145.81152	151.64209	152.29433	160.93913	167.00951	146.77686	156.45591
10/6/2025	11:10:48 AM	163.19834	165.16145	168.07013	158.90797	157.49793	152.55687	148.44742	145.59529	151.40922	152.06962	160.68606	166.74031	146.57126	156.22272
10/6/2025	11:10:51 AM	162.95501	164.90224	167.79910	158.67078	157.25071	152.33101	148.22418	145.38724	151.17934	151.84742	160.43981	166.48218	146.37343	155.99134
10/6/2025	11:10:55 AM	162.71880	164.65672	167.55410	158.43926	157.03416	152.10916	148.00436	145.18437	150.96002	151.62620	160.19467	166.22595	146.19451	155.77339
10/6/2025	11:10:58 AM	162.48546	164.41889	167.30082	158.21317	156.80072	151.89803	147.79503	144.98599	150.74351	151.42376	159.95915	165.97325	146.01515	155.55672
10/6/2025	11:11:02 AM	162.25005	164.18050	167.03377	157.98117	156.55786	151.67784	147.58027	144.78249	150.52773	151.21333	159.71892	165.71572	145.83224	155.33257
10/6/2025	11:11:06 AM	162.00586	163.92044	166.76247	157.74428	156.31050	151.45074	147.35957	144.57415	150.30208	150.99202	159.47552	165.45728	145.62433	155.10735
10/6/2025	11:11:09 AM	161.76840	163.67121	166.50301	157.50835	156.06929	151.22567	147.13360	144.36174	150.07724	150.77294	159.23173	165.20175	145.42506	154.88145
10/6/2025	11:11:13 AM	161.53856	163.42920	166.24918	157.28004	155.83835	151.01338	146.92079	144.16392	149.86200	150.55786	159.00142	164.95933	145.23828	154.67111
10/6/2025	11:11:17 AM	161.31266	163.19426	165.98674	157.05480	155.60762	150.80033	146.70640	143.96241	149.64262	150.34492	158.76254	164.70803	145.04986	154.44568
10/6/2025	11:11:20 AM	161.08099	162.94513	165.72914	156.81477	155.38740	150.57848	146.48430	143.75288	149.42007	150.13257	158.51801	164.45275	144.85356	154.22015
10/6/2025	11:11:24 AM	160.84064	162.70076	165.45982	156.58304	155.14008	150.35956	146.25831	143.54206	149.19989	149.92061	158.28294	164.20719	144.67112	154.00541
10/6/2025	11:11:27 AM	160.61480	162.46124	165.19647	156.35993	154.90989	150.14730	146.04274	143.34250	148.99551	149.73071	158.06213	163.97159	144.49951	153.80336
10/6/2025	11:11:31 AM	160.40272	162.22847	164.93837	156.14426	154.68630	149.94574	145.83664	143.15308	148.79758	149.52910	157.84304	163.73858	144.31971	153.60168
10/6/2025	11:11:35 AM	160.18535	161.99399	164.68971	155.92548	154.45539	149.73458	145.62131	142.95314	148.58758	149.32898	157.61749	163.50153	144.12719	153.39137
10/6/2025	11:11:38 AM	159.96279	161.75353	164.43026	155.69813	154.22596	149.52461	145.40651	142.75960	148.37933	149.12112	157.38805	163.25835	143.93867	153.17304
10/6/2025	11:11:42 AM	159.73701	161.51361	164.18812	155.47254	154.00165	149.31521	145.19935	142.56608	148.17315	148.91397	157.16105	163.02089	143.75927	152.96778
10/6/2025	11:11:46 AM	159.51390	161.27707	163.94821	155.24622	153.77638	149.11082	144.99351	142.37666	147.97377	148.72418	156.94179	162.79090	143.58508	152.76255
10/6/2025	11:11:49 AM	159.28951	161.04671	163.69848	155.02955	153.55481	148.90509	144.78687	142.18212	147.76670	148.52752	156.71372	162.54842	143.40413	152.55195
10/6/2025	11:11:53 AM	159.06950	160.81574	163.46241	154.81816	153.34613	148.70618	144.58555	141.99824	147.57201	148.34344	156.49984	162.32343	143.23839	152.35445
10/6/2025	11:11:56 AM	158.85739	160.59110	163.21618	154.60151	153.12870	148.50702	144.39249	141.81154	147.37577	148.14387	156.27957	162.09138	143.06804	152.15097
10/6/2025	11:12:00 AM	158.64284	160.36509	162.97962	154.39011	152.91280	148.31117	144.18884	141.62397	147.17626	147.95088	156.05750	161.85946	142.89097	151.94000
10/6/2025	11:12:04 AM	158.42030	160.13367	162.74414	154.17092	152.71890	148.10463	143.98138	141.42661	146.96305	147.74218	155.83456	161.63043	142.70872	151.73008
10/6/2025	11:12:07 AM	158.20080	159.90048	162.51354	153.95529	152.51638	147.90981	143.78724	141.24257	146.76832	147.54704	155.61037	161.39475	142.53494	151.52608
10/6/2025	11:12:11 AM	157.98215	159.67580	162.26161	153.75178	152.29258	147.72133	143.59058	141.05940	146.58362	147.36756	155.39678	161.16612	142.36608	151.33103
10/6/2025	11:12:14 AM	157.76403	159.44930	162.01450	153.53996	152.07402	147.52011	143.39224	140.87492	146.38988	147.18364	155.18634	160.94236	142.19005	151.14010
10/6/2025	11:12:18 AM	157.56135	159.23268	161.78450	153.33540	151.86177	147.32370	143.19782	140.69171	146.19917	146.98836	154.97209	160.71762	142.01623	150.94105
10/6/2025	11:12:22 AM	157.34939	159.00691	161.57429	153.13066	151.65646	147.13112	143.00918	140.51129	146.00389	146.79968	154.75608	160.49192	141.83849	150.73911
10/6/2025	11:12:25 AM	157.13885	158.78614	161.33426	152.92399	151.44818	146.93832	142.81257	140.32672	145.81136	146.60800	154.54398	160.27110	141.67131	150.55011
10/6/2025	11:12:29 AM	156.93357	158.57255	161.09840	152.72560	151.24275	146.75410	142.62492	140.15058	145.63056	146.42204	154.33937	160.05394	141.51195	150.36345
10/6/2025	11:12:33 AM	156.73239	158.35500	160.86480	152.52165	151.03857	146.56634	142.43705	139.97643	145.44126	146.24077	154.12846	159.83295	141.34264	150.16960
10/6/2025	11:12:36 AM	156.52689	158.13958	160.64983	152.32158	150.83990	146.37811	142.25200	139.79882	145.25718	146.06050	153.91930	159.61265	141.17184	149.96942
10/6/2025	11:12:40 AM	156.31560	157.91722	160.41726	152.11066	150.62680	146.18207	142.05503	139.61104	145.05902	145.86536	153.69933	159.38550	140.99821	149.76779
10/6/2025	11:12:44 AM	156.09812	157.69184	160.18082	151.89656	150.41753	145.98405	141.85808	139.42313	144.86894	145.67395	153.48499	159.16373	140.82143	149.57364
10/6/2025	11:12:47 AM	155.89527	157.48231	159.94938	151.70207	150.22686	145.80817	141.68031	139.25713	144.69209	145.49502	153.28251	158.95071	140.65885	149.39006
10/6/2025	11:12:51 AM	155.69282	157.26980	159.74182	151.50228	150.04464	145.62469	141.49781	139.08525	144.50897	145.31284	153.07484	158.73145	140.48797	149.19400
10/6/2025	11:12:55 AM	155.48328	157.05052	159.51019	151.30096	149.83114	145.43739	141.30988	138.90426	144.31855	145.12847	152.86392	158.51305	140.32264	149.00315
10/6/2025	11:12:58 AM	155.28070	156.84068	159.27980	151.10340	149.63329	145.25488	141.12963	138.73279	144.14487	144.95121	152.66345	158.30116	140.15880	148.81127
10/6/2025	11:13:02 AM	155.07176	156.62101	159.06564	150.90109	149.45084	145.06835	140.94497	138.55906	143.95630	144.77341	152.45867	158.08461	139.99290	148.62344
10/6/2025	11:13:05 AM	154.88025	156.41778	158.88191	150.72109	149.26746	144.89976	140.78018	138.40205	143.79107	144.60371	152.27049	157.88582	139.84354	148.44652
10/6/2025	11:13:09 AM	154.68615	156.21871	158.65015	150.43780	149.00541	144.97402	141.40631	139.35378	144.62659	145.19462	152.03720	157.13383	139.83216	148.80681
10/6/2025	11:13:13 AM	152.74307	154.36371	157.31023	149.86551	149.13278	145.69237	142.26327	140.10504	144.64893	144.67702	150.83492	155.13820	138.95773	147.50394
10/6/2025	11:13:16 AM	150.48306	152.32230	155.43314	148.24333	147.67488	144.46598	141.18427	138.95617	143.34328	143.25204	149.25732	153.55072	137.42181	145.99473
10/6/2025	11:13:20 AM	148.38215	150.27455	153.54244	146.64208	146.34095	143.60024	140.41914	138.24190	142.49993	142.27016	147.99963	152.28709	136.14939	144.78692
10/6/2025	11:13:23 AM	146.94184	148.81970	152.20350	145.42889	145.28208	142.75812	139.67359	137.46250	141.63139	141.30138	146.90091	151.08399	135.09408	143.71682
10/6/2025	11:13:27 AM	145.63427	147.41996	150.81603	144.10946	144.15443	141.56252	138.54785	135.71264	139.91995	139.01110	144.13913	148.77000	133.58747	141.54709
10/6/2025	11:13:30 AM	142.88514	144.83908	148.15364	141.92454	141.83526	139.12476	136.61165	133.93368	137.92021	136.29016	142.00739	146.24929	131.22912	139.64153
10/6/2025	11:13:34 AM	140.72783	142.40247	145.76682	139.61686	139.73806	137.58648	134.91437	132.17081	135.89101	134.08756	139.93585	144.11103	129.72829	137.66180
10/6/2025	11:13:38 AM	138.69628	140.51357	144.24268	138.44370	138.56347	136.18701	133.51897	130.99717	134.05696	132.45020	138.01407	142.04150	127.88138	135.68196
10/6/2025	11:13:41 AM	136.69203	138.68990	142.36055	136.82241	137.12469	134.80438	132.10466	129.22690	132.86589	131.92950	136.84742	140.58392	126.38356	134.46675
10/6/2025	11:13:45 AM	135.59510	137.44303	140.97774	135.69093	136.21788	134.20431	131.56509	129.12210	132.62266	131.54079	136.04346	139.70506	124.80487	133.53723
10/6/2025	11:13:48 AM	134.59830	136.29333	139.63250	134.51630	135.41100	133.51897	130.93591	128.56632	131.82917	130.88197	135.01372	138.84241	123.18406	132.32546
10/6/2025	11:13:52 AM	133.61153	135.13140	138.25382	133.17960	134.39822	132.76228	130.27424	127.91686	130.99375	130.00565	134.18894	137.68621	121.69468	131.12279
10/6/2025	11:13:56 AM	132.55565	134.06702	136.95829	131.87738	133.47033	132.03349	129.61942	127.28608	130.24083	129.22306	133.30660	136.61872	120.33495	130.06445
10/6/2025	11:13:59 AM	131.61896	133.00189	135.72753	130.68634	132.57747	131.36675	129.01011	126.72240	129.51998	128.42116	132.41731	135.58050	119.12010	129.04140
10/6/2025	11:14:03 AM	130.62342	131.99569	134.59538	129.61260	131.84395	130.71304	128.44187	126.22118	128.82848	127.69484	131.61733	134.62780	118.09335	128.13248
10/6/2025	11:14:06 AM	129.69286	131.05263	133.46916	128.60342	131.05923	130.05915	127.84360	125.71571	128.18861	127.00749	130.85651	133.77408	117.24419	127.28773
10/6/2025	11:14:10 AM	128.84573	130.15341	132.43378	127.62974	130.27512	129.41505	127.28269	125.21517	127.56425	126.31830	130.10602	132.92148	116.45809	126.45683
10/6/2025	11:14:14 AM	128.02089	129.28761	131.44277	126.72904	129.54209	128.80412	126.73444	124.72215	126.92080	125.65329	129.39415	132.09266	115.76308	125.67326
10/6/2025	11:14:17 AM	127.19073	128.44390	130.42854	125.83320	128.81209	128.15774	126.16209	124.19938	126.26163	124.96009	128.64584	131.24549	115.07610	124.87338
10/6/2025	11:14:21 AM	126.39521	127.59257	129.49584	124.94460	128.05739	127.52337	125.57681	123.69677	125.63437	124.30255	127.93453	130.41859	114.45819	124.15409
10/6/2025	11:14:24 AM	125.60110	126.77314	128.52895	124.15711	127.34716	126.90534	125.01150	123.20546	124.99465	123.67852	127.22593	129.61282	113.87928	123.44099
10/6/2025	11:14:28 AM	124.86916	125.97445	127.62998	123.36442	126.62126	126.27360	124.43705	122.69889	124.37727	123.03084	126.52595	128.86332	113.31969	122.73906
10/6/2025	11:14:32 AM	124.09596	125.17020	126.77232	122.57529	125.88759	125.66264	123.86793	122.17553	123.75056	122.38062	125.83722	128.07734	112.78284	122.06172
10/6/2025	11:14:35 AM	123.41038	124.41856	125.90431	121.83439	125.22664	125.06135	123.31126	121.67745	123.13083	121.75619	125.16632	127.34244	112.28809	121.41012
10/6/2025	11:14:39 AM	122.63083	123.66659	125.06914	121.10989	124.57132	124.46691	122.76564	121.19141	122.53373	121.14476	124.49841	126.58194	111.80815	120.77799
10/6/2025	11:14:42 AM	121.97736	122.92266	124.24078	120.45484	123.93006	123.88975	122.21224	120.69274	121.94960	120.55367	123.84927	125.85355	111.34403	120.16119
10/6/2025	11:14:46 AM	121.29015	122.20717	123.44401	119.76979	123.28391	123.30596	121.65626	120.19681	121.36206	119.97079	123.20545	125.14751	110.91067	119.56572
10/6/2025	11:14:50 AM	120.64661	121.51751	122.72081	119.12089	122.67201	122.74447	121.12807	119.72012	120.81189	119.40443	122.57975	124.48278	110.49429	119.01082
10/6/2025	11:14:53 AM	120.02113	120.81463	121.98368	118.48400	122.04021	122.18327	120.59636	119.24973	120.25302	118.83552	121.95781	123.79602	110.08627	118.44926
10/6/2025	11:14:57 AM	119.37601	120.16738	121.28623	117.88210	121.45652	121.65108	120.07225	118.77276	119.73166	118.30428	121.37196	123.14262	109.71937	117.93028
10/6/2025	11:15:00 AM	118.79173	119.52795	120.60259	117.30728	120.89669	121.11425	119.56755	118.32103	119.20848	117.76372	120.76513	122.49987	109.33680	117.40422
10/6/2025	11:15:04 AM	118.18419	118.88931	119.92966	116.71533	120.32208	120.58599	119.06153	117.85950	118.68792	117.25148	120.19146	121.87748	108.97334	116.89713
10/6/2025	11:15:08 AM	117.63365	118.27142	119.29078	116.16217	119.76002	120.06672	118.56944	117.42052	118.19041	116.73450	119.61808	121.26853	108.61912	116.41312
10/6/2025	11:15:11 AM	117.06795	117.68696	118.66603	115.65403	119.23040	119.56802	118.08787	116.97386	117.70346	116.23947	119.06483	120.67036	108.28023	115.93807
10/6/2025	11:15:15 AM	116.52621	117.10394	118.05907	115.12553	118.70366	119.07094	117.61895	116.54512	117.20920	115.74227	118.51074	120.07515	107.94775	115.46615
10/6/2025	11:15:18 AM	115.98175	116.53582	117.49103	114.61814	118.18185	118.57521	117.14366	116.10721	116.73608	115.25987	117.97096	119.50006	107.62820	115.01468
10/6/2025	11:15:22 AM	115.44505	115.99155	116.91132	114.14161	117.66146	118.09634	116.67854	115.67795	116.27337	114.78997	117.44038	118.93401	107.31066	114.57323
10/6/2025	11:15:26 AM	114.93761	115.43710	116.33026	113.66121	117.17214	117.61645	116.22820	115.26209	115.80652	114.32923	116.91651	118.37999	106.98856	114.12564
10/6/2025	11:15:29 AM	114.45509	114.90843	115.80175	113.19784	116.68205	117.14724	115.78207	114.84901	115.36010	113.88108	116.41108	117.84408	106.69680	113.70750
10/6/2025	11:15:33 AM	113.95688	114.39467	115.28205	112.74797	116.19786	116.69282	115.33833	114.43319	114.92983	113.44195	115.92023	117.31343	106.40470	113.29984
10/6/2025	11:15:36 AM	113.48112	113.89074	114.78674	112.30839	115.72889	116.24781	114.90425	114.03327	114.50421	113.00724	115.42839	116.78440	106.11997	112.89762
10/6/2025	11:15:40 AM	113.01318	113.40756	114.29282	111.87655	115.28638	115.81367	114.49316	113.64408	114.08162	112.58850	114.95211	116.28679	105.83769	112.49956
10/6/2025	11:15:44 AM	112.55978	112.92107	113.81017	111.45457	114.82516	115.37970	114.07312	113.24412	113.66263	112.17467	114.47718	115.77610	105.56340	112.11362
10/6/2025	11:15:47 AM	112.11169	112.46313	113.34568	111.04152	114.37701	114.95015	113.65992	112.85869	113.25717	111.77028	114.01200	115.28467	105.28304	111.72940
10/6/2025	11:15:51 AM	111.67096	112.00243	112.87986	110.64732	113.94264	114.54355	113.26954	112.48534	112.86862	111.37711	113.56641	114.81324	105.02206	111.36480
10/6/2025	11:15:54 AM	111.23374	111.55575	112.44826	110.25871	113.51200	114.12948	112.86859	112.10740	112.47192	110.99078	113.11890	114.32660	104.76332	111.00367
10/6/2025	11:15:58 AM	110.80851	111.12018	112.03495	109.88806	113.10231	113.72806	112.47170	111.73586	112.08752	110.60894	112.68214	113.86645	104.51040	110.65455
10/6/2025	11:16:02 AM	110.40299	110.68882	111.59999	109.51525	112.69417	113.33453	112.09736	111.37632	111.71480	110.22753	112.25442	113.41421	104.26015	110.30783
10/6/2025	11:16:05 AM	109.99616	110.27788	111.19427	109.16189	112.29760	112.94430	111.71526	111.01494	111.34854	109.86640	111.83057	112.96442	104.01306	109.96745
10/6/2025	11:16:09 AM	109.59037	109.85964	110.80015	108.79610	111.90104	112.55726	111.34009	110.66166	110.97372	109.49842	111.41994	112.52090	103.75981	109.61746
10/6/2025	11:16:12 AM	109.18474	109.45776	110.40607	108.44627	111.50889	112.18244	110.98920	110.31280	110.62558	109.14740	111.01089	112.07109	103.53062	109.29918
10/6/2025	11:16:16 AM	108.80419	109.07411	110.05182	108.10771	111.14018	111.81780	110.63767	109.97520	110.27794	108.79918	110.62297	111.66937	103.29663	108.97990
10/6/2025	11:16:20 AM	108.42541	108.69434	109.67348	107.77228	110.76514	111.45288	110.27836	109.63863	109.93715	108.45803	110.23595	111.25038	103.07136	108.66632
10/6/2025	11:16:23 AM	108.05172	108.31906	109.31816	107.45535	110.40600	111.10309	109.93458	109.30428	109.59299	108.13128	109.85908	110.83741	102.83926	108.35398
10/6/2025	11:16:27 AM	107.69144	107.95022	108.96697	107.13431	110.04437	110.75590	109.59635	108.98489	109.26080	107.80805	109.49276	110.43977	102.61108	108.05198
10/6/2025	11:16:30 AM	107.33520	107.59007	108.61746	106.82793	109.69464	110.41293	109.26568	108.65976	108.93911	107.49470	109.13002	110.06501	102.39097	107.75363
10/6/2025	11:16:34 AM	106.96588	107.23954	108.28491	106.52460	109.34349	110.06253	108.93256	108.34140	108.61958	107.17335	108.77249	109.66728	102.17285	107.46003
10/6/2025	11:16:38 AM	106.62946	106.90041	107.94628	106.22049	109.00570	109.73360	108.60780	108.03383	108.30431	106.86509	108.41988	109.30853	101.95790	107.17533
10/6/2025	11:16:41 AM	106.30720	106.56986	107.63818	105.92546	108.67899	109.40927	108.29405	107.72384	107.99089	106.56334	108.07062	108.93946	101.74436	106.89032
10/6/2025	11:16:45 AM	105.96877	106.22439	107.30816	105.63840	108.34722	109.08398	107.98550	107.41465	107.68747	106.25885	107.72965	108.57064	101.53332	106.60938
10/6/2025	11:16:48 AM	105.65351	105.90262	107.00288	105.35654	108.02871	108.76552	107.67683	107.12036	107.38996	105.97377	107.40319	108.21581	101.33048	106.33800
10/6/2025	11:16:52 AM	105.34253	105.58922	106.69438	105.07333	107.71156	108.45254	107.36913	106.82373	107.08975	105.68031	107.06371	107.86374	101.12188	106.06327
10/6/2025	11:16:56 AM	105.01403	105.27432	106.40885	104.79940	107.39595	108.14750	107.07412	106.53123	106.80277	105.40215	106.74654	107.52576	100.92078	105.79735
10/6/2025	11:16:59 AM	104.71467	104.97669	106.10889	104.53995	107.09521	107.84269	106.77898	106.24533	106.51478	105.12258	106.42954	107.19875	100.71611	105.53300
10/6/2025	11:17:03 AM	104.41903	104.67322	105.82575	104.25584	106.78691	107.54144	106.48650	105.96855	106.23544	104.85476	106.12116	106.86303	100.52288	105.27488
10/6/2025	11:17:06 AM	104.12928	104.36726	105.54814	104.01594	106.49352	107.25270	106.20976	105.68515	105.95718	104.58670	105.82140	106.54017	100.32600	105.02140
10/6/2025	11:17:10 AM	103.83927	104.08126	105.27801	103.75412	106.20579	106.96804	105.93195	105.41640	105.68775	104.32798	105.52578	106.21217	100.13516	104.77319
10/6/2025	11:17:14 AM	103.54910	103.80867	105.00306	103.51031	105.92148	106.68908	105.66212	105.14759	105.42463	104.08147	105.23620	105.90022	99.94593	104.53144
10/6/2025	11:17:17 AM	103.26629	103.52899	104.73814	103.26103	105.64496	106.40530	105.38752	104.87574	105.15826	103.82000	104.94759	105.58827	99.75869	104.28874
10/6/2025	11:17:21 AM	102.99280	103.25687	104.48235	103.02139	105.36548	106.13187	105.11898	104.61584	104.89748	103.56870	104.65640	105.28939	99.57218	104.04977
10/6/2025	11:17:24 AM	102.71547	102.99077	104.22874	102.78116	105.09417	105.86410	104.85811	104.36370	104.64826	103.32409	104.38228	105.00906	99.39315	103.81589
10/6/2025	11:17:28 AM	102.45136	102.72688	103.96826	102.55269	104.82790	105.59865	104.60306	104.10509	104.39992	103.08110	104.10620	104.72725	99.21282	103.58237
10/6/2025	11:17:32 AM	102.20355	102.48024	103.72941	102.32504	104.56891	105.34408	104.35086	103.85965	104.15424	102.85321	103.84174	104.43565	99.03350	103.35720
10/6/2025	11:17:35 AM	101.95752	102.22483	103.48654	102.09473	104.31451	105.08725	104.10620	103.61256	103.91341	102.62626	103.57763	104.14026	98.85880	103.13267
10/6/2025	11:17:39 AM	101.70865	101.97663	103.25412	101.87098	104.06673	104.83237	103.85268	103.36634	103.66740	102.39305	103.30801	103.85158	98.68486	102.91094
10/6/2025	11:17:43 AM	101.45626	101.72124	103.01863	101.65561	103.81067	104.58421	103.60944	103.11847	103.42935	102.15852	103.04780	103.59742	98.51474	102.69138
10/6/2025	11:17:46 AM	101.20038	101.49156	102.77614	101.43690	103.56802	104.33808	103.37132	102.88937	103.20744	101.94554	102.80421	103.33351	98.34403	102.47660
10/6/2025	11:17:50 AM	100.97144	101.25491	102.55026	101.22775	103.32683	104.10318	103.13715	102.65761	102.97282	101.72544	102.54609	103.07755	98.17108	102.26094
10/6/2025	11:17:53 AM	100.74307	101.02605	102.33214	101.01605	103.09533	103.86735	102.91174	102.43023	102.75777	101.52203	102.30746	102.82746	98.01547	102.06242
10/6/2025	11:17:57 AM	100.51434	100.80509	102.11292	100.82652	102.86034	103.63769	102.69018	102.21349	102.54302	101.31586	102.07422	102.57186	97.85877	101.86257
10/6/2025	11:18:00 AM	100.28536	100.59007	101.90845	100.62708	102.63788	103.41263	102.46706	101.99371	102.32535	101.10863	101.83852	102.32354	97.69546	101.65727
10/6/2025	11:18:04 AM	100.08462	100.37243	101.69397	100.42651	102.41492	103.18512	102.24783	101.77255	102.11289	100.90692	101.60562	102.07924	97.53884	101.46448
10/6/2025	11:18:08 AM	99.86220	100.15659	101.49473	100.23564	102.20569	102.95960	102.03400	101.56010	101.90454	100.70771	101.37894	101.84890	97.38276	101.26426
10/6/2025	11:18:11 AM	99.63859	99.95427	101.28025	100.03979	101.97944	102.74492	101.81763	101.35029	101.69719	100.51708	101.15788	101.61231	97.22808	101.07326
10/6/2025	11:18:15 AM	99.45153	99.74348	101.08067	99.85375	101.76443	102.53433	101.61289	101.14366	101.50053	100.31930	100.93521	101.39972	97.07679	100.88602
10/6/2025	11:18:18 AM	99.23032	99.53255	100.88199	99.66076	101.55961	102.32136	101.40324	100.94178	101.29608	100.13386	100.71197	101.16750	96.92307	100.69136
10/6/2025	11:18:22 AM	99.02265	99.33453	100.67946	99.47584	101.34864	102.10458	101.19297	100.73079	101.09664	99.93944	100.49212	100.94524	96.77464	100.50801
10/6/2025	11:18:26 AM	98.81289	99.13157	100.49352	99.29544	101.14457	101.90188	100.99367	100.52824	100.90089	99.75048	100.28217	100.72889	96.62949	100.32438
10/6/2025	11:18:29 AM	98.62325	98.93272	100.29438	99.11818	100.94028	101.70033	100.79316	100.33121	100.70706	99.57033	100.07083	100.50340	96.47976	100.14040
10/6/2025	11:18:33 AM	98.44429	98.74995	100.11025	98.93642	100.74362	101.49608	100.59665	100.13845	100.51796	99.38155	99.85800	100.29436	96.33501	99.96192
10/6/2025	11:18:37 AM	98.23626	98.56090	99.92984	98.76931	100.54700	101.30016	100.40958	99.95227	100.33682	99.22056	99.66383	100.07195	96.20139	99.79442
10/6/2025	11:18:40 AM	98.06910	98.38658	99.74573	98.60244	100.36789	101.11522	100.22347	99.76909	100.15703	99.03997	99.46608	99.87989	96.06371	99.62100
10/6/2025	11:18:44 AM	97.87201	98.20260	99.57181	98.43474	100.17321	100.92161	100.04130	99.57868	99.97303	98.87505	99.27867	99.66837	95.92419	99.45155
10/6/2025	11:18:47 AM	97.71896	98.03036	99.39943	98.26716	99.99763	100.73905	99.85606	99.39767	99.79760	98.69919	99.07447	99.46318	95.78540	99.28044
10/6/2025	11:18:51 AM	97.53725	97.84922	99.22400	98.10373	99.81027	100.54943	99.67787	99.21580	99.62049	98.53698	98.88569	99.25992	95.64991	99.11236
10/6/2025	11:18:55 AM	97.35346	97.67889	99.05075	97.94459	99.63343	100.36984	99.49533	99.03849	99.44600	98.36709	98.70057	99.07850	95.51914	98.95258
10/6/2025	11:18:58 AM	97.18566	97.50864	98.87887	97.78639	99.45246	100.19022	99.32229	98.86403	99.27698	98.21305	98.51937	98.89004	95.38849	98.79202
10/6/2025	11:19:02 AM	97.00417	97.34606	98.72074	97.62372	99.28428	100.01592	99.15213	98.69323	99.11302	98.05068	98.33930	98.71436	95.26149	98.63615
10/6/2025	11:19:06 AM	96.84556	97.18761	98.55624	97.47804	99.11222	99.84395	98.98365	98.53156	98.95062	97.90250	98.17009	98.55129	95.13405	98.47945
10/6/2025	11:19:09 AM	96.68267	97.02627	98.39698	97.32298	98.94779	99.67587	98.81926	98.36139	98.78742	97.74041	97.99833	98.37153	95.00750	98.32179
10/6/2025	11:19:13 AM	96.51320	96.86173	98.23699	97.17832	98.77956	99.51204	98.65633	98.19406	98.62970	97.59242	97.82487	98.19496	94.88630	98.17500
10/6/2025	11:19:17 AM	96.35810	96.70849	98.08947	97.02995	98.62036	99.34555	98.49712	98.04150	98.47235	97.44585	97.66133	98.01404	94.76276	98.02591
10/6/2025	11:19:20 AM	96.20077	96.55758	97.93575	96.88938	98.45599	99.18556	98.33614	97.87662	98.31732	97.29267	97.48680	97.84448	94.64157	97.87551
10/6/2025	11:19:24 AM	96.04098	96.40506	97.77656	96.74456	98.29606	99.02275	98.17649	97.71409	98.15976	97.14729	97.32142	97.68224	94.52116	97.73029
10/6/2025	11:19:27 AM	95.89683	96.25815	97.63094	96.60560	98.14912	98.86975	98.02612	97.56894	98.01673	97.01022	97.15639	97.51558	94.40813	97.59052
10/6/2025	11:19:31 AM	95.75480	96.11409	97.48466	96.46938	97.98930	98.71086	97.86766	97.41235	97.86669	96.86152	96.98482	97.33956	94.29330	97.45023
10/6/2025	11:19:35 AM	95.59739	95.97105	97.33633	96.33228	97.83785	98.55520	97.72371	97.26301	97.71875	96.73015	96.82663	97.16663	94.17630	97.30868
10/6/2025	11:19:38 AM	95.46378	95.82951	97.19368	96.19721	97.69131	98.40886	97.57643	97.11352	97.57335	96.59309	96.68455	97.02877	94.06549	97.17161
10/6/2025	11:19:42 AM	95.32088	95.69358	97.05226	96.06472	97.54429	98.25855	97.43257	96.97054	97.43439	96.45443	96.53888	96.89044	93.95167	97.03288
10/6/2025	11:19:46 AM	95.17578	95.55351	96.91401	95.93019	97.40051	98.10757	97.28448	96.82513	97.29104	96.32465	96.39763	96.73162	93.83881	96.90230
10/6/2025	11:19:49 AM	95.05429	95.41829	96.78188	95.80612	97.25953	97.96781	97.14515	96.68691	97.15740	96.19708	96.24925	96.59204	93.73428	96.77490
10/6/2025	11:19:53 AM	94.92473	95.28979	96.65128	95.67944	97.11603	97.82423	97.00587	96.54613	97.02448	96.06530	96.09256	96.41375	93.62923	96.64421
10/6/2025	11:19:56 AM	94.78368	95.15705	96.51367	95.55260	96.98672	97.68920	96.87437	96.40980	96.88985	95.94272	95.95240	96.27325	93.52183	96.51742
10/6/2025	11:20:00 AM	94.66081	95.03084	96.38617	95.43036	96.85025	97.55230	96.73811	96.27503	96.75652	95.81947	95.81576	96.13931	93.41754	96.38986
10/6/2025	11:20:04 AM	94.52174	94.90671	96.25725	95.30857	96.71830	97.41639	96.60550	96.14196	96.62896	95.69632	95.68973	96.00716	93.31464	96.26423
10/6/2025	11:20:07 AM	94.39952	94.78625	96.12892	95.19020	96.58689	97.28082	96.47688	96.01425	96.50256	95.57251	95.55722	95.86952	93.21594	96.14481
10/6/2025	11:20:11 AM	94.26888	94.66461	96.00939	95.07936	96.46574	97.15361	96.35347	95.88379	96.37666	95.45340	95.42220	95.73595	93.11609	96.02612
10/6/2025	11:20:15 AM	94.15518	94.54098	95.88749	94.96224	96.33765	97.02624	96.22412	95.75860	96.25451	95.33862	95.28451	95.60337	93.01797	95.90803
10/6/2025	11:20:18 AM	94.03640	94.42358	95.76853	94.84746	96.21201	96.90381	96.10151	95.63575	96.13247	95.22606	95.15191	95.46760	92.92280	95.79508
10/6/2025	11:20:22 AM	93.92044	94.31084	95.65078	94.73872	96.08765	96.77660	95.97476	95.51174	96.01279	95.11914	95.01821	95.32863	92.82929	95.67862
10/6/2025	11:20:25 AM	93.80749	94.19210	95.52819	94.62413	95.96500	96.65072	95.85844	95.39365	95.89625	95.00372	94.90118	95.20892	92.73329	95.56404
10/6/2025	11:20:29 AM	93.69505	94.08010	95.41019	94.51421	95.84711	96.52828	95.73618	95.27256	95.77990	94.88650	94.78308	95.10106	92.64082	95.45050
10/6/2025	11:20:33 AM	93.57953	93.96515	95.29408	94.40312	95.72890	96.41323	95.61792	95.14616	95.65967	94.77605	94.66484	94.97768	92.54749	95.33662
10/6/2025	11:20:36 AM	93.46958	93.85877	95.18081	94.29832	95.61578	96.29383	95.50199	95.03076	95.54787	94.67078	94.55004	94.85228	92.45836	95.21975
10/6/2025	11:20:40 AM	93.35584	93.75123	95.07378	94.19380	95.50145	96.17978	95.39177	94.92115	95.43640	94.56446	94.43232	94.73112	92.36951	95.10312
10/6/2025	11:20:43 AM	93.25443	93.64333	94.96568	94.09306	95.38598	96.06468	95.28102	94.80521	95.32536	94.45989	94.31285	94.61566	92.28041	94.99088
10/6/2025	11:20:47 AM	93.15326	93.54084	94.85479	93.99223	95.27970	95.94930	95.16904	94.69490	95.21999	94.35788	94.19969	94.50504	92.19756	94.88130
10/6/2025	11:20:51 AM	93.04713	93.43781	94.75275	93.89340	95.16887	95.83823	95.06339	94.58932	95.11117	94.25749	94.08624	94.38900	92.10810	94.77317
10/6/2025	11:20:54 AM	92.93955	93.34021	94.64980	93.79179	95.06097	95.72370	94.95440	94.48280	95.00890	94.15875	93.97548	94.27884	92.02723	94.66730
10/6/2025	11:20:58 AM	92.83425	93.23480	94.53918	93.69413	94.95374	95.61941	94.84883	94.37397	94.90441	94.06115	93.86460	94.17090	91.94429	94.56394
10/6/2025	11:21:01 AM	92.73326	93.13876	94.43951	93.59871	94.84948	95.51406	94.74030	94.26893	94.80203	93.96325	93.75410	94.06301	91.86135	94.46197
10/6/2025	11:21:05 AM	92.63913	93.04321	94.34347	93.50415	94.74637	95.40715	94.63929	94.17026	94.70444	93.86635	93.64595	93.95712	91.78111	94.36461
10/6/2025	11:21:09 AM	92.54731	92.95430	94.25277	93.41382	94.64796	95.31304	94.53939	94.06830	94.60227	93.77053	93.53471	93.85065	91.70179	94.26917
10/6/2025	11:21:12 AM	92.44739	92.85441	94.14803	93.31941	94.54764	95.20655	94.43796	93.96401	94.50133	93.67808	93.43382	93.74773	91.61782	94.16817
10/6/2025	11:21:16 AM	92.35179	92.76315	94.04678	93.22332	94.44849	95.09965	94.33669	93.86465	94.40241	93.58418	93.34140	93.65254	91.54003	94.07381
10/6/2025	11:21:20 AM	92.26074	92.67124	93.95811	93.13612	94.34920	95.00680	94.23871	93.76491	94.30762	93.49429	93.24642	93.55009	91.46214	93.98202
10/6/2025	11:21:23 AM	92.17711	92.57503	93.85503	93.04801	94.25522	94.90735	94.14544	93.66359	94.21351	93.40575	93.14804	93.45555	91.38621	93.89314
10/6/2025	11:21:27 AM	92.08653	92.49395	93.77372	92.96214	94.16212	94.81302	94.05389	93.57483	94.12567	93.31447	93.04764	93.35580	91.31226	93.80394
10/6/2025	11:21:30 AM	91.99853	92.40844	93.68164	92.87676	94.06691	94.71705	93.95546	93.48142	94.03257	93.22756	92.94742	93.25127	91.23987	93.71388
10/6/2025	11:21:34 AM	91.91278	92.31948	93.59152	92.79034	93.97340	94.61844	93.86192	93.38806	93.93824	93.14219	92.85507	93.16325	91.16377	93.62390
10/6/2025	11:21:38 AM	91.82183	92.22652	93.50238	92.70468	93.88291	94.52878	93.77337	93.29594	93.84792	93.06069	92.77147	93.07033	91.08958	93.53396
10/6/2025	11:21:41 AM	91.73166	92.14455	93.41553	92.61543	93.78949	94.43140	93.67739	93.19721	93.75740	92.97909	92.68229	92.97394	91.01839	93.44885
10/6/2025	11:21:45 AM	91.65259	92.05880	93.32699	92.53593	93.70337	94.33917	93.59336	93.11448	93.67184	92.89576	92.58920	92.88441	90.94755	93.36708
10/6/2025	11:21:49 AM	91.56810	91.97827	93.24389	92.46130	93.61882	94.25651	93.50957	93.03118	93.58932	92.81462	92.50007	92.79752	90.88049	93.28602
10/6/2025	11:21:52 AM	91.48457	91.89660	93.15860	92.38006	93.53070	94.16615	93.41750	92.94123	93.50269	92.73346	92.41114	92.71148	90.81121	93.20770
10/6/2025	11:21:56 AM	91.41299	91.82221	93.07847	92.30023	93.44866	94.08151	93.33648	92.86388	93.41998	92.65592	92.32944	92.63008	90.74659	93.12852
10/6/2025	11:22:00 AM	91.33184	91.74502	92.99472	92.22418	93.36542	93.99372	93.25153	92.77360	93.33937	92.57679	92.24396	92.54234	90.68123	93.05031
10/6/2025	11:22:03 AM	91.25298	91.67027	92.92138	92.15076	93.28063	93.90881	93.17449	92.69526	93.26014	92.49952	92.15730	92.45899	90.61668	92.97367
10/6/2025	11:22:07 AM	91.17995	91.59433	92.83972	92.08004	93.20105	93.83543	93.09277	92.61566	93.18012	92.42551	92.07363	92.37858	90.55430	92.90021
10/6/2025	11:22:10 AM	91.10885	91.52113	92.76630	92.00385	93.12515	93.75074	93.01518	92.53699	93.10088	92.35460	91.99665	92.30051	90.48822	92.82406
10/6/2025	11:22:14 AM	91.04516	91.45084	92.69379	91.93017	93.04639	93.67127	92.93878	92.45191	93.02445	92.28281	91.92511	92.22258	90.42741	92.75003
10/6/2025	11:22:18 AM	90.97011	91.37777	92.61318	91.85996	92.96905	93.59170	92.85993	92.37717	92.94824	92.20980	91.84751	92.13883	90.36391	92.67515
10/6/2025	11:22:21 AM	90.88230	91.30599	92.54016	91.78811	92.88746	93.51553	92.78131	92.30271	92.87179	92.13759	91.76583	92.05737	90.30469	92.60305
10/6/2025	11:22:25 AM	90.81020	91.23133	92.46691	91.72159	92.81624	93.43875	92.70784	92.22827	92.79942	92.07092	91.69127	91.98553	90.24323	92.53436
10/6/2025	11:22:29 AM	90.75246	91.16566	92.39425	91.65350	92.74165	93.36527	92.63298	92.15618	92.72611	91.99927	91.61632	91.91184	90.18428	92.46332
10/6/2025	11:22:32 AM	90.68837	91.09510	92.32097	91.57938	92.66808	93.28492	92.55814	92.07760	92.65242	91.92767	91.54302	91.83458	90.12507	92.39406
10/6/2025	11:22:36 AM	90.61382	91.02871	92.24881	91.51414	92.59402	93.21239	92.48695	92.00893	92.58156	91.86205	91.46494	91.76016	90.07051	92.32675
10/6/2025	11:22:39 AM	90.54918	90.96411	92.18243	91.45356	92.52465	93.14101	92.41865	91.93916	92.51245	91.79983	91.39471	91.69259	90.01269	92.26253
10/6/2025	11:22:43 AM	90.48661	90.90027	92.12135	91.38776	92.45519	93.06818	92.34869	91.86813	92.44345	91.73471	91.33072	91.62190	89.95778	92.19411
10/6/2025	11:22:47 AM	90.41419	90.83498	92.04938	91.32200	92.38559	93.00031	92.27853	91.79983	92.37558	91.67250	91.26248	91.55077	89.90013	92.12978
10/6/2025	11:22:50 AM	90.35469	90.76988	91.98311	91.25971	92.31759	92.93076	92.21004	91.72681	92.30711	91.60986	91.19319	91.48246	89.84538	92.06714
10/6/2025	11:22:54 AM	90.29525	90.71094	91.92051	91.19752	92.25552	92.86231	92.14174	91.66289	92.24007	91.54759	91.12977	91.41608	89.79255	92.00288
10/6/2025	11:22:57 AM	90.22992	90.64816	91.85199	91.13369	92.18540	92.79483	92.07821	91.59952	92.17936	91.48767	91.05934	91.34868	89.74222	91.94394
10/6/2025	11:23:01 AM	90.16940	90.58847	91.78797	91.07364	92.11996	92.72524	92.01205	91.53278	92.11245	91.42622	90.99606	91.28471	89.68875	91.88258
10/6/2025	11:23:05 AM	90.12212	90.52747	91.72880	91.02190	92.05882	92.66449	91.94796	91.46935	92.05029	91.36521	90.93517	91.21879	89.63848	91.82281
10/6/2025	11:23:08 AM	90.05321	90.47117	91.66691	90.96031	91.99508	92.60266	91.88736	91.40620	91.98827	91.30664	90.86646	91.15202	89.58618	91.76200
10/6/2025	11:23:12 AM	89.99657	90.41223	91.60067	90.90073	91.93299	92.53557	91.82176	91.34170	91.92380	91.25000	90.80132	91.09018	89.53660	91.70533
10/6/2025	11:23:15 AM	89.94190	90.36011	91.55110	90.84301	91.86973	92.47319	91.76224	91.28340	91.86340	91.19427	90.74818	91.02967	89.48596	91.64386
10/6/2025	11:23:19 AM	89.87613	90.29640	91.48522	90.78584	91.80716	92.40874	91.70034	91.21869	91.80315	91.13660	90.68815	90.96828	89.43739	91.58677
10/6/2025	11:23:23 AM	89.77257	90.19996	91.37507	90.67139	91.68743	92.32865	91.62269	91.09224	91.62130	90.88056	90.28994	90.41107	87.82498	90.20577
10/6/2025	11:23:26 AM	88.77657	89.16216	90.10395	80.30468	90.89110	91.67936	90.78167	90.18660	90.96420	90.36792	89.62094	90.13249	87.86747	90.14024
10/6/2025	11:23:30 AM	88.32741	88.88138	90.18455	77.23546	90.87097	91.57719	90.84143	90.17338	90.83203	90.24247	89.11084	89.91947	87.42243	90.24087
10/6/2025	11:23:34 AM	88.15579	88.69183	89.71009	76.33945	90.59373	91.28183	90.59053	90.03493	90.74136	90.06808	88.56173	89.61432	86.57806	89.94805
10/6/2025	11:23:37 AM	87.99470	87.72672	89.11965	76.30616	90.30849	91.03550	90.36291	89.77890	90.50057	89.82749	88.19180	89.17762	85.85906	89.64630
10/6/2025	11:23:41 AM	87.54094	86.50488	88.54799	76.29939	89.99596	90.76641	90.13146	89.65170	90.24610	89.62452	87.84480	88.72013	85.24749	89.39543
10/6/2025	11:23:44 AM	76.87418	85.26511	87.96665	76.29164	89.63309	90.44573	89.82510	89.41823	89.96210	89.31048	87.42551	88.25617	76.72643	89.12365
10/6/2025	11:23:48 AM	76.75583	76.68182	87.45821	76.28087	89.28058	90.15838	89.52265	89.15851	89.68321	89.03577	87.25822	87.93995	76.72742	88.72652
10/6/2025	11:23:52 AM	76.57396	76.60003	86.90433	76.28628	88.89124	89.84608	89.24809	88.89839	89.37203	88.73043	86.96880	87.45981	76.71522	88.22373
10/6/2025	11:23:55 AM	76.44032	76.48759	86.33201	76.29484	88.53758	89.53890	88.94364	88.65109	89.08763	88.43537	86.70832	87.04943	76.69053	87.97289
10/6/2025	11:23:59 AM	76.37637	76.41751	85.81936	76.30816	88.17762	89.22466	88.64386	88.39516	88.79026	88.14478	86.46266	86.59540	76.69126	87.76262
10/6/2025	11:24:02 AM	76.36659	76.37237	85.27153	76.28795	87.83002	88.91597	88.35523	88.14434	88.52052	87.84407	86.21615	86.18070	76.64143	87.48015
10/6/2025	11:24:06 AM	76.36991	76.35966	84.72159	76.27870	87.49216	88.62426	88.08031	87.88522	88.24189	87.56921	86.00071	85.75397	76.60336	87.16601
10/6/2025	11:24:10 AM	76.37133	76.34495	76.88687	76.27851	87.18149	88.33988	87.80344	87.64517	87.98211	87.30519	85.80268	85.32362	76.61275	86.92979
10/6/2025	11:24:13 AM	76.37430	76.33865	76.88408	76.27930	86.87034	88.07087	87.54119	87.40851	87.72780	87.04399	85.59689	84.86402	76.61108	86.70784
10/6/2025	11:24:17 AM	76.37391	76.33579	76.86497	76.27662	86.58257	87.80705	87.29085	87.18083	87.49353	86.78628	85.39944	76.92837	76.58855	86.48122
10/6/2025	11:24:20 AM	76.37803	76.33179	76.83915	76.27333	86.29442	87.54755	87.03244	86.96440	87.24901	86.52980	85.19512	76.83437	76.57401	86.27923
10/6/2025	11:24:24 AM	76.37553	76.33443	76.82649	76.27600	86.02178	87.29969	86.78473	86.74632	87.02466	86.27120	84.97673	76.87493	76.58853	86.03945
10/6/2025	11:24:28 AM	76.38419	76.31725	76.77700	76.28127	85.73520	87.05978	86.54061	86.54045	86.81608	86.02667	76.89251	76.84764	76.60271	85.73500
10/6/2025	11:24:31 AM	76.38275	76.31829	76.74913	76.27959	85.43709	86.82265	86.30879	86.34123	86.61571	85.75402	76.82948	76.82762	76.60468	85.46635
10/6/2025	11:24:35 AM	76.37674	76.32104	76.72152	76.27919	85.09198	86.59174	86.07673	86.14926	86.41239	85.50097	76.82798	76.81938	76.63611	85.20538
10/6/2025	11:24:38 AM	76.37848	76.32076	76.67026	76.27713	76.97031	86.35822	85.83767	85.95621	86.22633	85.25421	76.79850	76.84199	76.62595	77.12615
10/6/2025	11:24:42 AM	76.37708	76.32415	76.67750	76.27792	76.86891	86.14085	85.60630	85.76324	86.04070	85.00748	76.78310	76.85811	76.60991	77.07994
10/6/2025	11:24:46 AM	76.38167	76.32671	76.70205	76.27754	76.82795	85.93775	85.38357	85.57857	85.86852	84.76322	76.77130	76.87685	76.58212	77.03914
10/6/2025	11:24:49 AM	76.38318	76.32777	76.71537	76.27574	76.81001	85.73547	85.15505	85.38810	85.69743	84.51377	76.75636	76.88430	76.56636	77.00732
10/6/2025	11:24:53 AM	76.38006	76.32564	76.72357	76.27451	76.76845	85.53428	84.95512	85.21027	85.53080	84.22230	76.73951	76.89176	76.58135	76.98454
10/6/2025	11:24:56 AM	76.37989	76.32542	76.72779	76.27418	76.74376	85.34789	84.75686	85.03632	85.36619	77.06852	76.72593	76.89519	76.58061	76.97044
10/6/2025	11:25:00 AM	76.38589	76.32470	76.73867	76.27212	76.72764	85.17301	84.55575	84.73395	76.69215	76.79809	76.45498	76.43984	76.43666	76.75069
10/6/2025	11:25:03 AM	76.44316	76.38217	76.54635	76.33134	76.39874	76.84775	76.70087	76.74766	76.64244	76.87512	76.48745	76.43252	76.41367	76.72973
10/6/2025	11:25:07 AM	76.43343	76.37380	76.51147	76.33238	76.37453	76.80500	76.66317	76.74337	76.65551	76.86251	76.46847	76.40722	76.41030	76.68701
10/6/2025	11:25:11 AM	76.43034	76.36912	76.50551	76.32929	76.36554	76.76560	76.61977	76.71978	76.65834	76.84565	76.43258	76.40581	76.41194	76.68277
10/6/2025	11:25:14 AM	76.43014	76.36940	76.49950	76.32762	76.34762	76.74606	76.59054	76.73262	76.64946	76.83394	76.42919	76.40251	76.40641	76.67108
10/6/2025	11:25:18 AM	76.41814	76.35416	76.49017	76.32267	76.33843	76.74280	76.58593	76.71747	76.63985	76.81741	76.41793	76.40261	76.40494	76.66766
10/6/2025	11:25:22 AM	76.42050	76.36154	76.48396	76.31725	76.33198	76.70959	76.58385	76.65530	76.56944	76.79132	76.42104	76.40132	76.40290	76.65919
10/6/2025	11:25:25 AM	76.42469	76.35551	76.48394	76.31759	76.32887	76.71171	76.57477	76.63008	76.53455	76.78194	76.41522	76.39901	76.39910	76.65075
