8/7/2025	10:03:12 AM	266.93699	269.39191	269.25969	267.79486	256.32503	263.93513	260.12821	260.41995	260.91741	260.18345	262.12764	262.63573	257.92016	258.89803
8/7/2025	10:03:16 AM	262.95537	265.64620	265.43683	263.86604	251.12092	259.40760	255.14920	255.59842	256.16587	255.43321	257.71055	258.37721	253.19454	254.27903
8/7/2025	10:03:19 AM	258.92818	261.85538	261.55766	259.88371	245.99336	254.89534	250.19622	250.80015	251.47036	250.73520	253.35165	254.14128	248.59195	249.83886
8/7/2025	10:03:23 AM	254.66167	257.67704	257.28721	255.61469	240.78341	250.44642	245.54386	246.39295	246.85584	245.72350	247.98355	248.28419	241.72544	243.28556
8/7/2025	10:03:27 AM	248.22676	251.28400	250.38516	248.63130	231.96296	243.02810	238.08676	239.59735	240.48386	239.69980	242.34507	242.88817	235.01913	237.25479
8/7/2025	10:03:30 AM	243.04753	245.92513	244.55725	242.70605	224.56689	236.95234	231.96570	234.06055	235.26326	234.62998	237.36938	237.86518	228.89758	231.48280
8/7/2025	10:03:34 AM	237.87029	240.53942	238.76073	236.83745	217.41869	230.90992	225.84379	228.43526	229.84364	229.32213	232.12079	232.67666	222.68937	225.53896
8/7/2025	10:03:37 AM	232.42791	234.89400	232.72429	230.77124	210.15833	224.67053	219.50079	222.46156	224.07748	223.56943	226.50382	227.14586	216.00442	219.01600
8/7/2025	10:03:41 AM	226.56331	228.82386	226.15928	224.05828	201.97040	217.44687	212.12827	215.53033	217.47436	217.01164	220.08485	220.72000	208.33900	211.50430
8/7/2025	10:03:45 AM	219.78619	221.87011	218.62373	216.61910	193.16974	209.70159	204.29888	208.03187	210.26191	209.94863	213.19171	213.90020	200.39421	203.67892
8/7/2025	10:03:48 AM	212.87539	214.90510	211.24194	209.26712	184.54346	202.10320	196.63475	200.77397	203.34747	203.12892	206.51944	207.33703	193.00158	196.40809
8/7/2025	10:03:52 AM	206.46323	208.36414	204.32790	202.46740	176.87384	195.19803	189.66199	194.15852	197.06066	196.79420	200.35521	201.22718	186.33137	189.86269
8/7/2025	10:03:55 AM	200.50182	202.31157	197.90594	196.21947	170.03585	188.93318	183.31370	188.13017	191.28348	190.95326	194.66154	195.64277	180.31965	183.92316
8/7/2025	10:03:59 AM	194.95678	196.67844	191.96199	190.52776	164.08956	183.22630	177.60003	182.68621	186.01297	185.60741	189.39321	190.44027	174.87901	178.52192
8/7/2025	10:04:03 AM	189.83237	191.46384	186.49859	185.36167	158.90458	178.13130	172.44363	177.74685	181.21699	180.70028	184.57046	185.67092	170.02371	173.70015
8/7/2025	10:04:06 AM	185.17311	186.70175	181.51677	180.67453	154.36620	173.52941	167.79443	173.26531	176.84465	176.23860	180.18946	181.32225	165.64943	169.30771
8/7/2025	10:04:10 AM	180.89160	182.31826	176.95204	176.40756	150.36129	169.36603	163.60369	169.17590	172.82663	172.12945	176.13713	177.32365	161.69790	165.34137
8/7/2025	10:04:13 AM	177.03496	178.33945	172.85231	172.58454	146.88978	165.65984	159.87982	165.51189	169.22954	168.42911	172.47883	173.69895	158.17798	161.79041
8/7/2025	10:04:17 AM	173.50550	174.68634	169.13902	169.08049	143.76944	162.27260	156.49634	162.16104	165.92840	165.03702	169.10763	170.38334	154.98845	158.52887
8/7/2025	10:04:21 AM	170.28369	171.35595	165.76155	165.90240	141.00387	159.22635	153.46375	159.10658	162.89126	161.90160	165.98301	167.33028	152.06958	155.55334
8/7/2025	10:04:24 AM	167.34398	168.31939	162.69779	162.99556	138.53960	156.46003	150.73817	156.35491	160.16844	159.08634	163.17298	164.57954	149.46473	152.89842
8/7/2025	10:04:28 AM	164.65266	165.52920	159.89958	160.33344	136.32299	153.93781	148.26812	153.83233	157.65939	156.50307	160.57356	162.03890	147.08145	150.45610
8/7/2025	10:04:31 AM	162.18347	162.99027	157.37154	157.91213	134.33808	151.66726	146.04714	151.53971	155.36930	154.13352	158.19323	159.71396	144.91806	148.23037
8/7/2025	10:04:35 AM	159.91355	160.64613	155.04962	155.68775	132.52137	149.55736	143.99451	149.40925	153.23932	151.93700	155.97734	157.54433	142.91234	146.16523
8/7/2025	10:04:39 AM	157.82168	158.49436	152.93429	153.63714	130.87436	147.62225	142.14269	147.47441	151.30331	149.94239	153.95714	155.56557	141.09531	144.29371
8/7/2025	10:04:42 AM	155.90313	156.53430	151.01433	151.76989	129.38610	145.86835	140.45312	145.70724	149.53332	148.12915	152.11634	153.75029	139.43713	142.58727
8/7/2025	10:04:46 AM	154.11157	154.68762	149.20945	150.00974	127.99345	144.21445	138.87315	144.04240	147.87032	146.42079	150.37232	152.03227	137.87789	140.98336
8/7/2025	10:04:49 AM	152.46888	152.99634	147.57380	148.39973	126.73389	142.70291	137.43766	142.53082	146.34925	144.86855	148.78213	150.45767	136.45679	139.51867
8/7/2025	10:04:53 AM	150.92330	151.40992	146.04363	146.87972	125.55480	141.29501	136.10641	141.11923	144.93708	143.42339	147.29576	148.98374	135.12942	138.14789
8/7/2025	10:04:57 AM	149.48090	149.92804	144.62046	145.45823	124.45237	139.96054	134.85173	139.79054	143.60087	142.06808	145.90102	147.59626	133.87952	136.86414
8/7/2025	10:05:00 AM	148.11872	148.53031	143.27488	144.10893	123.40700	138.69419	133.66317	138.53127	142.33882	140.79473	144.58623	146.28853	132.69804	135.65076
8/7/2025	10:05:04 AM	146.84215	147.21839	142.01713	142.84114	122.42829	137.50445	132.55120	137.35331	141.15672	139.60570	143.35988	145.06834	131.60105	134.52153
8/7/2025	10:05:07 AM	145.63186	145.97932	140.84177	141.64511	121.50790	136.37091	131.49261	136.24009	140.04386	138.48924	142.20673	143.90949	130.55962	133.45328
8/7/2025	10:05:11 AM	144.48559	144.80341	139.72024	140.49679	120.62919	135.28492	130.47773	135.16172	138.96079	137.40854	141.08912	142.79147	129.55753	132.42434
8/7/2025	10:05:15 AM	143.40364	143.69877	138.67180	139.41575	119.80802	134.26464	129.52995	134.15905	137.95207	136.40735	140.05282	141.75163	128.62633	131.47015
8/7/2025	10:05:18 AM	142.37730	142.65242	137.68143	138.39263	119.03211	133.29441	128.63157	133.20632	136.99607	135.45954	139.06896	140.76514	127.74601	130.56715
8/7/2025	10:05:22 AM	141.39395	141.64438	136.72414	137.39770	118.28616	132.35406	127.76116	132.28407	136.07041	134.54677	138.12124	139.80983	126.89556	129.69643
8/7/2025	10:05:25 AM	140.45411	140.68317	135.81400	136.45678	117.58254	131.46242	126.94081	131.41460	135.19531	133.68156	137.22368	138.90532	126.09290	128.87724
8/7/2025	10:05:29 AM	139.55949	139.76904	134.95086	135.55469	116.90942	130.60802	126.15377	130.57582	134.35202	132.85171	136.36149	138.03502	125.31935	128.08276
8/7/2025	10:05:33 AM	138.70283	138.89502	134.12400	134.68932	116.27030	129.78722	125.40103	129.77897	133.54786	132.06583	135.54610	137.20964	124.59019	127.33701
8/7/2025	10:05:36 AM	137.87407	138.04871	133.32501	133.85160	115.65169	128.99345	124.67599	129.01013	132.77241	131.30094	134.69054	136.19060	123.89312	126.59089
8/7/2025	10:05:40 AM	136.48951	136.72627	132.28885	133.19437	115.94636	129.38752	125.24637	129.17081	132.19855	129.94962	132.65699	133.62899	123.34508	125.94990
8/7/2025	10:05:43 AM	134.20192	134.86889	131.21426	132.76419	116.57635	129.88321	125.85151	129.35384	131.74012	128.90998	131.08683	131.72118	122.74135	125.30346
8/7/2025	10:05:47 AM	132.39445	133.33491	130.19615	132.14922	116.67369	129.98364	126.10954	129.30495	131.26276	128.16907	130.09574	130.61329	122.11503	124.61266
8/7/2025	10:05:51 AM	131.33739	132.31274	129.28297	131.20417	115.96942	128.94740	124.86061	128.05598	129.86130	125.05592	128.43923	128.38048	120.25017	122.77996
8/7/2025	10:05:54 AM	129.15848	129.17780	126.91888	128.28821	114.25723	127.51773	123.71239	126.71353	128.56631	123.75578	126.69313	126.26863	118.24933	120.93991
8/7/2025	10:05:58 AM	127.06630	126.82638	124.70240	126.40281	112.37162	125.61342	122.04043	125.18818	127.23255	122.81483	125.23284	124.69668	116.73259	119.48336
8/7/2025	10:06:01 AM	125.37190	125.28025	123.43723	125.53772	111.53376	124.94562	121.60470	124.77171	126.62116	122.48357	124.38107	123.91587	116.14818	118.86355
8/7/2025	10:06:05 AM	124.22827	124.36929	122.64667	125.02546	111.13351	124.50661	121.28671	124.48628	126.12204	122.17626	123.62746	123.21716	115.60953	118.32238
8/7/2025	10:06:09 AM	123.16157	123.59089	121.94225	124.48373	110.77237	124.09639	120.98887	124.22996	125.68824	121.86630	122.94851	122.57280	115.13960	117.85746
8/7/2025	10:06:12 AM	122.19840	122.94818	121.28935	123.92844	110.43545	123.67776	120.65308	123.91371	125.23761	121.50296	122.30821	121.95653	114.68604	117.40994
8/7/2025	10:06:16 AM	121.33074	122.39118	120.69273	123.37505	110.09367	123.23708	120.28197	123.54673	124.76608	121.09842	121.69702	121.36009	114.24182	116.96553
8/7/2025	10:06:19 AM	120.54904	121.88206	120.13179	122.82363	109.74887	122.78177	119.89181	123.15112	124.28983	120.67072	121.11629	120.78869	113.80589	116.52760
8/7/2025	10:06:23 AM	119.83752	121.38808	119.59880	122.27610	109.39843	122.31703	119.48357	122.73155	123.80302	120.22283	120.54765	120.22316	113.36612	116.08446
8/7/2025	10:06:27 AM	119.17621	120.89302	119.07170	121.72661	109.04271	121.84378	119.06986	122.30174	123.31857	119.76763	120.00577	119.67669	112.93522	115.65289
8/7/2025	10:06:30 AM	118.55541	120.38981	118.55487	121.17819	108.68642	121.36942	118.65200	121.86560	122.83396	119.30774	119.47548	119.13268	112.50295	115.21742
8/7/2025	10:06:34 AM	117.96118	119.87870	118.03345	120.62859	108.32246	120.88301	118.22197	121.41603	122.34121	118.83529	118.94715	118.59202	112.06616	114.77802
8/7/2025	10:06:37 AM	117.38684	119.35681	117.50942	120.07252	107.95334	120.39362	117.79024	120.96545	121.85087	118.36650	118.43279	118.05918	111.63570	114.34414
8/7/2025	10:06:41 AM	116.84142	118.83944	117.00392	119.53301	107.59713	119.91615	117.36750	120.52245	121.36819	117.90526	117.93384	117.53873	111.21080	113.91495
8/7/2025	10:06:45 AM	116.31190	118.31769	116.49968	118.99171	107.23695	119.43308	116.93994	120.07660	120.89120	117.44470	117.44410	117.02944	110.79725	113.49879
8/7/2025	10:06:48 AM	115.79655	117.80193	116.00628	118.45656	106.88177	118.95585	116.51627	119.63229	120.41665	116.98912	116.96130	116.52340	110.38084	113.07586
8/7/2025	10:06:52 AM	115.30312	117.29301	115.51240	117.92886	106.53165	118.48117	116.09566	119.19077	119.94512	116.53777	116.48552	116.02320	109.97152	112.65972
8/7/2025	10:06:55 AM	114.81784	116.78668	115.02955	117.40976	106.18581	118.01385	115.68029	118.75325	119.48087	116.09240	116.02177	115.54007	109.56783	112.24860
8/7/2025	10:06:59 AM	114.34179	116.27651	114.54736	116.88758	105.83697	117.54145	115.25832	118.31195	119.01335	115.64583	115.55567	115.05092	109.16286	111.83657
8/7/2025	10:07:03 AM	113.87655	115.78046	114.07867	116.37945	105.49743	117.08093	114.84758	117.88077	118.55756	115.20706	115.10179	114.57224	108.76618	111.43184
8/7/2025	10:07:06 AM	113.41895	115.28762	113.61458	115.87661	105.15805	116.62330	114.43859	117.45111	118.10483	114.77462	114.65342	114.10396	108.37657	111.03414
8/7/2025	10:07:10 AM	112.97344	114.80107	113.15234	115.37969	104.82489	116.17042	114.03233	117.02746	117.65697	114.34640	114.20954	113.63757	107.98941	110.63728
8/7/2025	10:07:13 AM	112.53016	114.32162	112.69500	114.89085	104.49336	115.72213	113.62947	116.60297	117.20826	113.91860	113.76631	113.17050	107.60221	110.23833
8/7/2025	10:07:17 AM	112.07829	113.83019	112.22225	114.39458	104.15659	115.26215	113.21534	116.17124	116.75594	113.48756	113.32430	112.70350	107.21520	109.84048
8/7/2025	10:07:21 AM	111.63433	113.33926	111.75976	113.90360	103.82046	114.80890	112.80668	115.74319	116.30339	113.05720	112.87922	112.23434	106.82612	109.43989
8/7/2025	10:07:25 AM	111.20197	112.86097	111.32062	113.42067	103.49537	114.36390	112.40849	115.32370	115.86743	112.64211	112.45309	111.79098	106.45763	109.06164
8/7/2025	10:07:28 AM	110.78827	112.39862	110.87300	112.95064	103.17354	113.92462	112.01207	114.90344	115.42890	112.22420	112.02533	111.34457	106.08294	108.67481
8/7/2025	10:07:32 AM	110.37466	111.94026	110.43494	112.48810	102.85566	113.49338	111.62324	114.49695	115.00346	111.82258	111.61164	110.91214	105.72356	108.30346
8/7/2025	10:07:36 AM	109.96332	111.48597	110.01570	112.03252	102.54589	113.07236	111.24166	114.09330	114.58254	111.42463	111.20124	110.48598	105.36860	107.93500
8/7/2025	10:07:39 AM	109.56552	111.04593	109.61057	111.58431	102.23915	112.65087	110.85944	113.69048	114.16414	111.02587	110.79411	110.06153	105.01300	107.56677
8/7/2025	10:07:43 AM	109.16986	110.60736	109.20906	111.14347	101.93618	112.23858	110.48383	113.29268	113.75162	110.63785	110.39901	109.65135	104.67273	107.21378
8/7/2025	10:07:47 AM	108.78035	110.18074	108.81059	110.71570	101.64330	111.83597	110.11913	112.90836	113.35341	110.26327	110.01631	109.25282	104.34107	106.86617
8/7/2025	10:07:50 AM	108.40516	109.76225	108.42346	110.29488	101.35476	111.43749	109.75592	112.52195	112.95436	109.88515	109.63131	108.85190	104.00712	106.51895
8/7/2025	10:07:54 AM	108.03297	109.35616	108.04144	109.88545	101.07263	111.04747	109.40210	112.14587	112.56259	109.51893	109.25624	108.46623	103.68534	106.18107
8/7/2025	10:07:58 AM	107.67504	108.95963	107.66485	109.48459	100.79496	110.66522	109.05339	111.77623	112.18002	109.15870	108.89018	108.08800	103.36993	105.85059
8/7/2025	10:08:01 AM	107.31967	108.56354	107.29379	109.08619	100.51760	110.28483	108.70264	111.40254	111.79378	108.79504	108.52213	107.70918	103.05316	105.51997
8/7/2025	10:08:05 AM	106.95479	108.15590	106.91838	108.68344	100.23648	109.90052	108.35201	111.03306	111.41025	108.43643	108.15346	107.33173	102.73648	105.18886
8/7/2025	10:08:09 AM	106.59949	107.76567	106.55424	108.29302	99.96150	109.52263	108.00499	110.66299	111.03021	108.07916	107.79140	106.96126	102.42392	104.85968
8/7/2025	10:08:12 AM	106.24740	107.37769	106.18485	107.90191	99.68901	109.14729	107.66212	110.29932	110.65587	107.72720	107.43467	106.59540	102.11793	104.53776
8/7/2025	10:08:16 AM	105.90622	107.00423	105.82166	107.52584	99.42648	108.78543	107.33090	109.94320	110.28817	107.38401	107.08716	106.24126	101.82092	104.22401
8/7/2025	10:08:20 AM	105.57398	106.63818	105.47683	107.16322	99.17491	108.43500	107.00771	109.59988	109.93497	107.05301	106.75276	105.90118	101.53627	103.92127
8/7/2025	10:08:24 AM	105.25020	106.28328	105.14724	106.81037	98.92780	108.09244	106.69035	109.25933	109.58542	106.72583	106.42257	105.56069	101.25222	103.61832
8/7/2025	10:08:27 AM	104.92425	105.92236	104.80830	106.45720	98.68064	107.74639	106.37223	108.92018	109.23528	106.40101	106.09319	105.22735	100.97407	103.32500
8/7/2025	10:08:31 AM	104.60576	105.57268	104.47758	106.10828	98.43589	107.40795	106.05985	108.58483	108.89002	106.07806	105.76759	104.89759	100.69353	103.02730
8/7/2025	10:08:35 AM	104.28695	105.22036	104.14161	105.75595	98.18572	107.06302	105.74181	108.24197	108.53932	105.74801	105.43271	104.55830	100.40503	102.72133
8/7/2025	10:08:38 AM	103.96451	104.87098	103.81396	105.40628	97.93579	106.72037	105.42266	107.90095	108.18983	105.42283	105.10265	104.22754	100.12583	102.42278
8/7/2025	10:08:42 AM	103.64615	104.52984	103.49053	105.06702	97.69677	106.38705	105.11396	107.57332	107.85322	105.10947	104.78899	103.90990	99.85790	102.13681
8/7/2025	10:08:46 AM	103.34976	104.20177	103.18185	104.74037	97.46693	106.06700	104.81652	107.25174	107.52543	104.80445	104.48270	103.59937	99.59390	101.85598
8/7/2025	10:08:49 AM	103.04441	103.86844	102.86671	104.41047	97.23275	105.74278	104.51378	106.92805	107.19492	104.49867	104.17406	103.28995	99.33106	101.57527
8/7/2025	10:08:53 AM	102.75435	103.55009	102.56296	104.09247	97.00595	105.43000	104.22317	106.61694	106.87638	104.19961	103.87500	102.98751	99.07382	101.29969
8/7/2025	10:08:57 AM	102.45957	103.23069	102.26340	103.77461	96.78149	105.11888	103.93448	106.30214	106.55936	103.90473	103.57475	102.68773	98.81979	101.02773
8/7/2025	10:09:00 AM	102.17132	102.91410	101.97189	103.46154	96.56017	104.81055	103.64651	105.99182	106.24254	103.61029	103.28090	102.39056	98.56571	100.75592
8/7/2025	10:09:04 AM	101.88286	102.60063	101.67166	103.14474	96.33490	104.49571	103.35549	105.68002	105.92281	103.31428	102.98258	102.09172	98.31236	100.48389
8/7/2025	10:09:08 AM	101.59161	102.28993	101.37283	102.83360	96.11705	104.19294	103.07224	105.37453	105.61209	103.02494	102.69054	101.80040	98.06528	100.21822
8/7/2025	10:09:12 AM	101.31754	101.99739	101.09660	102.53945	95.90895	103.90148	102.80108	105.08208	105.31379	102.74631	102.41212	101.52290	97.82918	99.96373
8/7/2025	10:09:15 AM	101.04373	101.69589	100.81707	102.24217	95.69683	103.60503	102.52387	104.78160	105.01003	102.46464	102.12848	101.23673	97.58784	99.70242
8/7/2025	10:09:19 AM	100.77276	101.40302	100.53447	101.94759	95.48324	103.31021	102.24739	104.48163	104.70395	102.18301	101.84531	100.95652	97.34656	99.44330
8/7/2025	10:09:23 AM	100.50193	101.11431	100.27088	101.66165	95.28355	103.02963	101.98233	104.19463	104.41309	101.91196	101.57575	100.68770	97.11980	99.19835
8/7/2025	10:09:26 AM	100.24563	100.83754	99.99904	101.38110	95.08196	102.74878	101.72060	103.91114	104.12700	101.64749	101.31036	100.42539	96.89643	98.95593
8/7/2025	10:09:30 AM	99.99420	100.56675	99.73973	101.10940	94.89162	102.47716	101.46493	103.63192	103.84107	101.38333	101.04455	100.16122	96.67002	98.71075
8/7/2025	10:09:34 AM	99.73348	100.28894	99.47173	100.82783	94.69134	102.19892	101.20268	103.35007	103.55537	101.11844	100.77952	99.89852	96.44514	98.46846
8/7/2025	10:09:38 AM	99.48048	100.01885	99.20945	100.55335	94.49182	101.92119	100.93971	103.06451	103.26726	100.84913	100.51269	99.63461	96.21818	98.22183
8/7/2025	10:09:41 AM	99.22159	99.74003	98.94935	100.27592	94.29267	101.64483	100.68135	102.78300	102.98162	100.58678	100.24949	99.37379	95.99588	97.98164
8/7/2025	10:09:45 AM	98.97429	99.47993	98.70339	100.01372	94.10414	101.37958	100.43001	102.51196	102.70606	100.33252	99.99442	99.12632	95.78299	97.74825
8/7/2025	10:09:49 AM	98.73165	99.22040	98.45431	99.75800	93.91915	101.12061	100.18596	102.24592	102.43844	100.08540	99.74960	98.88294	95.57655	97.52289
8/7/2025	10:09:52 AM	98.50113	98.97283	98.21451	99.50973	93.74195	100.87284	99.95082	101.98826	102.17986	99.84740	99.51179	98.65090	95.37618	97.30340
8/7/2025	10:09:56 AM	98.26801	98.72279	97.97945	99.26006	93.56368	100.62033	99.71240	101.72751	101.91548	99.60350	99.27336	98.41958	95.17142	97.08041
8/7/2025	10:10:00 AM	98.04458	98.48279	97.74909	99.01566	93.38662	100.36915	99.47377	101.47184	101.66063	99.37383	99.03868	98.18706	94.96858	96.86081
8/7/2025	10:10:03 AM	97.82363	98.25032	97.51846	98.76482	93.19461	100.11030	99.21771	101.19727	101.43865	99.29645	98.61318	97.54123	92.05121	95.89371
8/7/2025	10:10:07 AM	94.82940	96.51117	96.01718	97.45950	92.50522	99.03991	97.99208	100.08082	100.09712	98.10344	96.40762	96.34535	92.19356	95.12421
8/7/2025	10:10:11 AM	94.03977	96.24239	95.71713	97.22032	92.18309	98.87384	97.85226	99.97915	99.98304	97.84070	95.80141	95.95371	92.58334	94.99829
8/7/2025	10:10:15 AM	93.87345	96.08643	95.56180	97.07826	92.06644	98.78962	97.84860	99.88382	99.85984	97.62152	95.85476	95.72288	92.73335	94.88480
8/7/2025	10:10:18 AM	93.86500	95.89586	95.38841	96.90786	91.96046	98.68432	97.83899	99.78044	99.73404	97.43893	95.94517	95.54167	92.77371	94.77349
8/7/2025	10:10:22 AM	93.88114	95.68980	95.21118	96.73334	91.86331	98.58179	97.81615	99.68741	99.61099	97.27673	95.95411	95.38878	92.76277	94.67421
8/7/2025	10:10:26 AM	93.87090	95.47791	95.03757	96.56046	91.79486	98.48168	97.76628	99.58380	99.48219	97.13330	95.94280	95.25558	92.72938	94.58197
8/7/2025	10:10:29 AM	93.83484	95.27715	94.88645	96.40409	91.73090	98.36508	97.68596	99.45961	99.33774	96.98281	95.91422	95.12717	92.67200	94.47731
8/7/2025	10:10:33 AM	93.76713	95.03929	94.73037	96.24910	91.66529	98.22859	97.57503	99.31440	99.17710	96.82820	95.85520	94.98539	92.58765	94.36303
8/7/2025	10:10:37 AM	93.68139	94.85065	94.57357	96.08451	91.58317	98.08607	97.45932	99.17476	99.02349	96.67912	95.77323	94.84356	92.48703	94.25067
8/7/2025	10:10:40 AM	93.57079	94.71915	94.41756	95.91553	91.50179	97.95064	97.34829	99.04443	98.87288	96.53546	95.67271	94.69472	92.38324	94.13419
8/7/2025	10:10:44 AM	93.45179	94.57033	94.24418	95.73961	91.40957	97.79165	97.20941	98.88410	98.69592	96.37020	95.54366	94.52956	92.26433	93.99907
8/7/2025	10:10:48 AM	93.33475	94.31766	94.04989	95.55293	91.29787	97.58891	97.01404	98.65567	98.46498	96.16555	95.37653	94.34836	92.11470	93.81435
8/7/2025	10:10:52 AM	93.20472	94.11570	93.85286	95.32384	91.13684	97.34346	96.78382	98.40384	98.20659	95.93263	95.17345	94.13229	91.92899	93.60712
8/7/2025	10:10:55 AM	93.05008	93.86531	93.63303	95.08888	90.96777	97.09813	96.55106	98.14959	97.94749	95.69695	94.95732	93.90784	91.72992	93.38839
8/7/2025	10:10:59 AM	92.87833	93.61734	93.40033	94.85199	90.78688	96.84067	96.30673	97.88588	97.68043	95.45184	94.72955	93.68171	91.52448	93.16821
8/7/2025	10:11:03 AM	92.71662	93.39961	93.17808	94.62180	90.61526	96.60407	96.08185	97.64457	97.43707	95.23058	94.52051	93.47020	91.33375	92.96631
8/7/2025	10:11:06 AM	92.54929	93.19451	92.97061	94.40320	90.45508	96.38540	95.87613	97.42723	97.21490	95.02374	94.31308	93.25922	91.14358	92.77299
8/7/2025	10:11:10 AM	92.37343	93.01129	92.76259	94.19002	90.30332	96.19059	95.69711	97.23998	97.01727	94.83742	94.12322	93.06465	90.97599	92.60212
8/7/2025	10:11:14 AM	92.20916	92.82758	92.57291	93.99372	90.16430	96.00255	95.51930	97.05071	96.81911	94.65157	93.93473	92.87289	90.81338	92.43267
8/7/2025	10:11:18 AM	92.04457	92.64516	92.38723	93.80046	90.02601	95.81002	95.33647	96.85317	96.61793	94.46519	93.74962	92.68916	90.65648	92.26523
8/7/2025	10:11:21 AM	91.88600	92.46335	92.20996	93.61346	89.89010	95.62054	95.15407	96.65691	96.41826	94.28038	93.56483	92.50578	90.50045	92.09656
8/7/2025	10:11:25 AM	91.72794	92.28824	92.03903	93.43662	89.76016	95.43784	94.97890	96.46521	96.22588	94.10416	93.39113	92.33497	90.35623	91.94076
8/7/2025	10:11:28 AM	91.57694	92.11689	91.87586	93.26130	89.63442	95.25998	94.80622	96.27749	96.03622	93.93135	93.22020	92.16626	90.21317	91.78255
8/7/2025	10:11:32 AM	91.42552	91.94533	91.71299	93.08830	89.50691	95.07778	94.62948	96.08380	95.84185	93.75311	93.04370	91.99575	90.06731	91.62208
8/7/2025	10:11:36 AM	91.26915	91.77230	91.54772	92.91222	89.37802	94.89328	94.45182	95.88941	95.64808	93.57758	92.87168	91.82609	89.92426	91.46396
8/7/2025	10:11:39 AM	91.11858	91.60431	91.38619	92.74171	89.25194	94.71308	94.27829	95.69884	95.45697	93.40243	92.69717	91.65678	89.77969	91.30374
8/7/2025	10:11:43 AM	90.96324	91.43722	91.22349	92.56938	89.12333	94.53184	94.10200	95.50747	95.26702	93.22906	92.52778	91.49251	89.63835	91.14804
8/7/2025	10:11:47 AM	90.81305	91.27204	91.06457	92.40091	88.99871	94.35310	93.93038	95.31932	95.08030	93.05989	92.36053	91.33140	89.50061	90.99352
8/7/2025	10:11:51 AM	90.66651	91.11197	90.90976	92.23703	88.87741	94.17818	93.76046	95.13229	94.89515	92.89269	92.19660	91.17171	89.36407	90.84030
8/7/2025	10:11:54 AM	90.51941	90.94980	90.75771	92.07451	88.75616	94.00413	93.59190	94.94663	94.71046	92.72464	92.03253	91.01554	89.22801	90.68880
8/7/2025	10:11:58 AM	90.37528	90.79338	90.60797	91.91048	88.63301	93.82935	93.42290	94.75960	94.52716	92.55897	91.87035	90.86008	89.09250	90.53832
8/7/2025	10:12:02 AM	90.23341	90.64072	90.46275	91.75544	88.51814	93.66160	93.26172	94.58269	94.35106	92.39878	91.71337	90.70979	88.96383	90.39292
8/7/2025	10:12:05 AM	90.09645	90.48907	90.31858	91.60256	88.40323	93.49708	93.10358	94.40964	94.17886	92.24178	91.55894	90.56214	88.83651	90.24905
8/7/2025	10:12:09 AM	89.96317	90.34519	90.17999	91.45244	88.29175	93.33570	92.94746	94.23878	94.00724	92.08781	91.40811	90.41799	88.71081	90.10821
8/7/2025	10:12:13 AM	89.82889	90.19963	90.03921	91.30353	88.18054	93.17525	92.79338	94.06804	93.83942	91.93604	91.25952	90.27816	88.58882	89.97072
8/7/2025	10:12:16 AM	89.70045	90.06269	89.90671	91.16152	88.07392	93.01933	92.64244	93.90277	93.67525	91.78796	91.11484	90.14021	88.47072	89.83745
8/7/2025	10:12:20 AM	89.57594	89.92576	89.77437	91.02099	87.96808	92.86407	92.49411	93.73668	93.51165	91.64111	90.96954	90.00325	88.35166	89.70209
8/7/2025	10:12:24 AM	89.44736	89.78877	89.64177	90.87991	87.86147	92.71002	92.34564	93.57244	93.35016	91.49405	90.82641	89.86812	88.23417	89.56977
8/7/2025	10:12:27 AM	89.31952	89.64975	89.50943	90.73735	87.75444	92.55373	92.19393	93.40451	93.18387	91.34551	90.67966	89.72874	88.11230	89.43116
8/7/2025	10:12:31 AM	89.19174	89.51206	89.37735	90.59582	87.64750	92.39966	92.04509	93.23940	93.02130	91.19845	90.53756	89.59650	87.99617	89.30069
8/7/2025	10:12:35 AM	89.06966	89.38226	89.25196	90.46138	87.54535	92.25143	91.90077	93.08017	92.86701	91.05933	90.40066	89.46621	87.88188	89.17095
8/7/2025	10:12:38 AM	88.94786	89.25255	89.12697	90.32535	87.44156	92.10213	91.75628	92.92020	92.70998	90.91820	90.26232	89.33607	87.76744	89.04209
8/7/2025	10:12:42 AM	88.82790	89.12506	89.00139	90.19376	87.34059	91.95585	91.61552	92.76238	92.55636	90.78086	90.12783	89.21125	87.65667	88.91648
8/7/2025	10:12:46 AM	88.71159	89.00111	88.88158	90.06635	87.24410	91.81490	91.47951	92.61076	92.40812	90.64679	89.99691	89.08902	87.55014	88.79515
8/7/2025	10:12:49 AM	88.59583	88.87702	88.76076	89.93697	87.14568	91.67113	91.34077	92.45684	92.25865	90.51253	89.86542	88.96460	87.44090	88.67181
8/7/2025	10:12:53 AM	88.48195	88.75486	88.64158	89.81027	87.04960	91.53084	91.20339	92.30536	92.11094	90.37990	89.73665	88.84507	87.33556	88.55250
8/7/2025	10:12:57 AM	88.37085	88.63959	88.52762	89.68776	86.95794	91.39565	91.07291	92.15881	91.96907	90.25292	89.61246	88.72958	87.23359	88.43576
8/7/2025	10:13:00 AM	88.26131	88.52417	88.41450	89.56611	86.86610	91.25929	90.94070	92.01070	91.82433	90.12257	89.48491	88.61037	87.12889	88.31703
8/7/2025	10:13:04 AM	88.15010	88.40654	88.30068	89.44303	86.77190	91.12242	90.80824	91.86272	91.67956	89.99236	89.35885	88.49360	87.02632	88.20026
8/7/2025	10:13:08 AM	88.04254	88.29090	88.18844	89.32412	86.68208	90.98974	90.67979	91.71986	91.54170	89.86762	89.23762	88.38081	86.92647	88.08661
8/7/2025	10:13:11 AM	87.93770	88.17947	88.07923	89.20559	86.59323	90.86018	90.55303	91.57825	91.40304	89.74461	89.11751	88.26772	86.82856	87.97491
8/7/2025	10:13:15 AM	87.83231	88.06871	87.97257	89.09102	86.50658	90.73179	90.42973	91.44003	91.27038	89.62548	89.00077	88.16090	86.73382	87.86688
8/7/2025	10:13:19 AM	87.73006	87.96052	87.86817	88.97830	86.42008	90.60480	90.30672	91.30245	91.13643	89.50581	88.88490	88.05394	86.63879	87.75971
8/7/2025	10:13:22 AM	87.63104	87.85501	87.76513	88.86804	86.33728	90.48041	90.18582	91.16608	91.00562	89.38849	88.77089	87.94818	86.54490	87.65146
8/7/2025	10:13:26 AM	87.53037	87.74988	87.66063	88.75709	86.25232	90.35518	90.06391	91.02889	90.87299	89.26915	88.65549	87.84015	86.44948	87.54291
8/7/2025	10:13:30 AM	87.43317	87.64255	87.55987	88.64759	86.16947	90.23331	89.94592	90.89789	90.74596	89.15489	88.54364	87.73767	86.35846	87.44010
8/7/2025	10:13:34 AM	87.33486	87.54076	87.45982	88.53974	86.08577	90.10961	89.82589	90.76350	90.61581	89.03978	88.43128	87.63368	86.26688	87.33490
8/7/2025	10:13:37 AM	87.24025	87.44218	87.36342	88.43623	86.00788	89.99375	89.71424	90.63717	90.49332	88.93030	88.32595	87.53563	86.17959	87.23623
8/7/2025	10:13:41 AM	87.14705	87.34630	87.26871	88.33440	85.92929	89.87859	89.60195	90.51176	90.37159	88.82102	88.21960	87.43713	86.09207	87.13626
8/7/2025	10:13:45 AM	87.05344	87.24991	87.17303	88.23077	85.85118	89.76202	89.48865	90.38622	90.25040	88.71280	88.11393	87.33963	86.00602	87.03806
8/7/2025	10:13:48 AM	86.96134	87.15461	87.07684	88.12899	85.77369	89.64842	89.37825	90.26110	90.12999	88.60533	88.01127	87.24301	85.92089	86.94032
8/7/2025	10:13:52 AM	86.87068	87.05897	86.98465	88.02973	85.69760	89.53387	89.26757	90.13678	90.00967	88.49673	87.90551	87.14713	85.83443	86.84220
8/7/2025	10:13:56 AM	86.78044	86.96533	86.89383	87.93085	85.62174	89.42351	89.15996	90.01614	89.89368	88.39358	87.80543	87.05471	85.75187	86.74899
8/7/2025	10:13:59 AM	86.69296	86.87271	86.80310	87.83421	85.54797	89.31367	89.05370	89.89716	89.77888	88.29146	87.70704	86.96338	85.66983	86.65626
8/7/2025	10:14:03 AM	86.60825	86.78386	86.71574	87.74039	85.47583	89.20717	88.95047	89.78104	89.66646	88.19185	87.60947	86.87371	85.59107	86.56511
8/7/2025	10:14:07 AM	86.52313	86.69452	86.62884	87.64684	85.40541	89.10133	88.84716	89.66483	89.55560	88.09250	87.51450	86.78645	85.51221	86.47624
8/7/2025	10:14:10 AM	86.44012	86.61005	86.54478	87.55556	85.33560	88.99699	88.74619	89.55043	89.44488	87.99381	87.41870	86.69816	85.43366	86.38640
8/7/2025	10:14:14 AM	86.35842	86.52131	86.45986	87.46468	85.26544	88.89346	88.64521	89.43736	89.33559	87.89650	87.32447	86.61127	85.35627	86.29862
8/7/2025	10:14:18 AM	86.27574	86.43449	86.37571	87.37314	85.19629	88.79039	88.54551	89.32506	89.22669	87.79862	87.23086	86.52414	85.27818	86.21075
8/7/2025	10:14:22 AM	86.19421	86.35011	86.29278	87.28400	85.12831	88.68992	88.44638	89.21544	89.12160	87.70511	87.14005	86.44125	85.20343	86.12604
8/7/2025	10:14:25 AM	86.11502	86.26753	86.21278	87.19877	85.06193	88.58992	88.35031	89.10647	89.01592	87.61197	87.04997	86.35809	85.12925	86.04099
8/7/2025	10:14:29 AM	86.03655	86.18315	86.13215	87.11111	84.99475	88.49006	88.25267	88.99678	88.91088	87.51824	86.95944	86.27390	85.05431	85.95612
8/7/2025	10:14:33 AM	85.95797	86.10279	86.05340	87.02622	84.92834	88.39329	88.15880	88.89167	88.80909	87.42693	86.87190	86.19314	84.98090	85.87363
8/7/2025	10:14:36 AM	85.88091	86.02282	85.97505	86.94110	84.86437	88.29857	88.06626	88.78775	88.70900	87.33823	86.78600	86.11387	84.91024	85.79336
8/7/2025	10:14:40 AM	85.80544	85.94505	85.89922	86.86021	84.80142	88.20449	87.97548	88.68531	88.61095	87.25133	86.70234	86.03714	84.84083	85.71491
8/7/2025	10:14:44 AM	85.73289	85.86724	85.82366	86.77844	84.73868	88.11142	87.88396	88.58266	88.51182	87.16235	86.61691	85.95844	84.77043	85.63437
8/7/2025	10:14:47 AM	85.65816	85.78816	85.74786	86.69629	84.67551	88.01702	87.79266	88.47942	88.41198	87.07441	86.53188	85.88032	84.70003	85.55515
8/7/2025	10:14:51 AM	85.58476	85.71284	85.67265	86.61596	84.61326	87.92522	87.70189	88.37814	88.31458	86.98679	86.44692	85.80351	84.63042	85.47652
8/7/2025	10:14:55 AM	85.51151	85.63699	85.59880	86.53536	84.55089	87.83351	87.61286	88.27808	88.21840	86.90158	86.36557	85.72689	84.56152	85.39905
8/7/2025	10:14:59 AM	85.44020	85.56286	85.52559	86.45661	84.49069	87.74494	87.52649	88.18176	88.12597	86.81932	86.28607	85.65335	84.49588	85.32485
8/7/2025	10:15:02 AM	85.37059	85.49051	85.45504	86.37921	84.43107	87.65686	87.44148	88.08644	88.03337	86.73644	86.20631	85.57966	84.42972	85.25028
8/7/2025	10:15:06 AM	85.30281	85.42104	85.38406	86.30473	84.37308	87.57063	87.35695	87.99082	87.94112	86.65471	86.12789	85.50717	84.36460	85.17601
8/7/2025	10:15:10 AM	85.23276	85.34935	85.31371	86.22888	84.31428	87.48318	87.27060	87.89427	87.84832	86.57255	86.04834	85.43406	84.29790	85.10056
8/7/2025	10:15:14 AM	85.16458	85.27912	85.24503	86.15467	84.25665	87.39805	87.18792	87.80161	87.75912	86.49392	85.97285	85.36420	84.23525	85.03047
8/7/2025	10:15:17 AM	85.09927	85.21009	85.17681	86.08128	84.19938	87.31373	87.10639	87.71021	87.67113	86.41504	85.89717	85.29522	84.17248	84.95974
8/7/2025	10:15:21 AM	85.03245	85.14100	85.10918	86.00891	84.14345	87.23125	87.02574	87.61944	87.58403	86.33770	85.82260	85.22545	84.10923	84.88881
8/7/2025	10:15:25 AM	84.96721	85.07346	85.04300	85.93703	84.08775	87.15006	86.94681	87.52999	87.49740	86.26070	85.74904	85.15795	84.04799	84.82004
8/7/2025	10:15:28 AM	84.90404	85.00804	84.97862	85.86758	84.03338	87.06994	86.86876	87.44311	87.41450	86.18675	85.67792	85.09157	83.98839	84.75313
8/7/2025	10:15:32 AM	84.84300	84.94328	84.91612	85.79950	83.98042	86.99193	86.79241	87.35785	87.33207	86.11401	85.60793	85.02698	83.92980	84.68770
8/7/2025	10:15:36 AM	84.78107	84.87954	84.85383	85.73133	83.92793	86.91450	86.71658	87.27276	87.25008	86.04124	85.53832	84.96298	83.87180	84.62225
8/7/2025	10:15:39 AM	84.72082	84.81686	84.79291	85.66593	83.87664	86.83890	86.64339	87.19138	87.17289	85.97272	85.47301	84.90344	83.81749	84.56139
8/7/2025	10:15:43 AM	84.66659	84.75951	84.73689	85.60568	83.83028	86.77055	86.57647	87.11598	87.09977	85.90818	85.41074	84.84547	83.76576	84.50331
8/7/2025	10:15:46 AM	84.61119	84.70259	84.68029	85.54550	83.78306	86.70021	86.50765	87.03854	87.02556	85.84237	85.34726	84.78678	83.71333	84.44476
8/7/2025	10:15:50 AM	84.55720	84.64653	84.62510	85.48562	83.73500	86.60684	86.40443	86.92316	86.91340	85.74308	85.25177	84.69829	83.62686	84.34532
8/7/2025	10:15:53 AM	84.47995	84.57799	84.55182	85.38462	83.63904	86.47740	86.26652	86.85551	86.69215	85.50421	83.94547	84.32072	83.22267	83.98881
8/7/2025	10:15:57 AM	77.00947	84.08438	83.89289	84.56474	83.20363	85.67777	85.43784	85.84516	85.80256	84.72576	81.51260	83.76566	82.72480	83.40407
8/7/2025	10:16:00 AM	76.99314	83.67402	83.61610	84.28148	82.81611	85.11513	84.90979	85.37878	85.40376	84.53451	81.57794	83.74408	82.47874	83.28145
8/7/2025	10:16:04 AM	76.99365	83.78801	83.67578	84.35526	82.64891	85.09169	84.88943	85.37951	85.50254	84.61683	81.75001	83.81578	82.28907	83.23453
