9/15/2025	2:16:52 PM	77.22931	77.13161	77.15639	77.97945	77.18510	77.08835	77.09869	77.06663	77.10559	77.11916	77.11724	77.09280	76.63117	76.66583
9/15/2025	2:16:55 PM	77.22875	77.13101	77.15657	77.97880	77.18461	77.08854	77.09870	77.06658	77.10560	77.11909	77.11638	77.09245	76.63181	76.66629
9/15/2025	2:16:59 PM	77.22858	77.13075	77.15646	77.97824	77.18492	77.08852	77.09876	77.06634	77.10610	77.11887	77.11608	77.09177	76.63126	76.66542
9/15/2025	2:17:02 PM	77.22842	77.13042	77.15584	77.98024	77.18672	77.09259	77.10058	77.06822	77.10679	77.11958	77.11498	77.09186	76.62937	76.66405
9/15/2025	2:17:06 PM	77.22690	77.13002	77.15838	77.97985	783.39912	77.09016	77.20753	76.98300	77.01147	77.03779	77.04403	77.02449	76.55113	76.58032
9/15/2025	2:17:09 PM	77.14515	77.04799	77.07479	77.89604	907.37299	77.00669	77.01776	76.98775	77.02962	77.04985	77.04048	77.01526	76.55236	76.58690
9/15/2025	2:17:13 PM	77.15276	77.05621	77.08151	77.90608	705.68557	77.02658	77.04602	77.02968	77.06836	77.09985	77.14166	77.10721	76.59917	76.63700
9/15/2025	2:17:16 PM	77.22055	77.11699	77.11900	77.93901	77.09753	77.02248	77.05837	77.04486	77.09464	77.10718	77.10007	77.07233	76.57661	76.62455
9/15/2025	2:17:20 PM	77.17875	77.09903	77.11457	77.93256	77.13289	77.03072	77.05350	77.03622	77.08180	77.11809	77.12496	77.06493	76.58336	76.62966
9/15/2025	2:17:23 PM	77.18249	77.09641	77.11599	77.93380	77.13680	77.04146	77.05765	77.03660	77.07803	77.65365	77.31469	77.06394	76.58636	76.63137
9/15/2025	2:17:27 PM	77.18642	77.09637	77.11964	77.94349	77.14517	77.05150	77.06315	77.04112	77.09180	81.24268	81.19484	77.13696	76.59388	76.63810
9/15/2025	2:17:30 PM	77.20056	77.10599	77.13146	77.95668	77.15940	77.06838	77.07629	77.06086	77.13819	83.75462	84.27623	77.45585	76.61243	76.65648
9/15/2025	2:17:34 PM	77.22734	77.12669	77.15190	77.98015	77.18803	77.09462	77.10457	77.10007	78.39011	85.74452	85.91793	78.14001	76.64641	76.68924
9/15/2025	2:17:37 PM	77.27160	77.16539	77.19154	78.03025	77.23941	77.13606	77.15295	77.16532	84.85001	88.50777	87.55802	80.55901	76.69450	76.73709
9/15/2025	2:17:41 PM	77.35588	77.23536	77.25382	78.08094	77.29223	77.20493	77.22946	77.24383	88.74759	92.74757	90.99405	83.52608	76.76922	76.80014
9/15/2025	2:17:44 PM	79.43405	77.33103	77.33552	78.15531	77.38033	77.28172	77.34034	77.34604	96.21248	99.75399	97.50076	88.45512	76.86819	76.88576
9/15/2025	2:17:48 PM	86.66063	82.94923	77.84071	80.98755	80.24595	77.37616	81.17070	82.72983	101.76980	105.02854	103.27305	93.86586	78.04594	80.20094
9/15/2025	2:17:51 PM	90.13188	91.03144	87.27322	86.50400	86.33351	81.14335	90.53680	90.58597	105.81405	110.04760	108.48424	99.48196	88.95305	90.66384
9/15/2025	2:17:55 PM	96.00851	96.54066	92.73452	91.36982	90.77121	89.13116	96.01943	97.30447	109.77712	114.44733	112.67652	106.06315	95.94494	97.44897
9/15/2025	2:17:58 PM	101.24247	101.29529	96.65074	95.28430	94.46630	93.75617	99.67542	102.04372	113.01882	118.44718	117.02241	112.40465	100.87240	102.64186
9/15/2025	2:18:02 PM	106.15903	105.79504	100.04938	99.04499	97.77538	97.36068	103.23191	106.19973	116.86872	122.50533	120.88233	117.23148	105.06250	107.22744
9/15/2025	2:18:05 PM	111.25654	109.76430	103.49408	102.46865	100.82887	100.42220	106.56150	110.47846	120.09795	126.47937	124.74966	121.70192	108.75639	111.45830
9/15/2025	2:18:09 PM	115.56471	113.08180	106.64420	105.85882	103.46326	103.10194	109.68396	114.17938	123.70227	130.07510	128.52951	125.75070	112.06216	115.29237
9/15/2025	2:18:12 PM	119.41230	116.53465	109.94330	108.91568	106.07562	105.84620	112.81933	117.58501	127.19606	133.88629	132.45545	129.65475	115.42606	119.03205
9/15/2025	2:18:16 PM	123.01813	119.73373	112.81329	111.94089	108.64619	108.44895	115.61391	120.49230	130.63602	137.76021	136.30089	133.53449	118.63267	122.41698
9/15/2025	2:18:19 PM	126.51040	122.87609	115.80072	114.74768	111.06489	110.78247	118.57882	123.68989	133.80789	141.81443	140.17556	137.38677	121.72011	125.77964
9/15/2025	2:18:23 PM	130.02035	126.19351	118.85418	117.70489	113.56419	113.14570	121.51880	127.16174	137.18952	145.62869	143.87181	141.15737	124.78136	129.02953
9/15/2025	2:18:26 PM	133.38621	129.16696	121.84460	120.53876	115.95914	115.70982	124.31680	130.43776	140.72536	149.40872	147.39877	144.85626	128.03287	132.51359
9/15/2025	2:18:30 PM	136.75219	132.02203	124.68719	123.28521	118.42629	118.24164	127.01347	133.40198	144.71468	153.21582	150.89315	148.41442	131.01704	135.76204
9/15/2025	2:18:33 PM	140.27424	135.19180	127.71751	126.20362	120.82702	120.73041	129.54859	136.28481	148.18579	156.73725	154.28394	151.85434	134.01616	139.12947
9/15/2025	2:18:37 PM	143.45727	138.03791	130.48677	129.13920	123.27345	123.27423	132.25277	139.14824	151.55660	160.20198	157.73559	155.13522	136.87599	142.22205
9/15/2025	2:18:40 PM	146.70865	140.96916	133.28624	131.79925	125.76254	125.71004	134.87970	142.15329	155.08835	163.62983	161.13024	158.56392	139.84971	145.63094
9/15/2025	2:18:44 PM	149.84141	143.81812	135.82373	134.51731	128.40361	128.20206	137.56506	144.99083	158.26810	166.86709	164.28124	161.64336	142.72974	148.56291
9/15/2025	2:18:47 PM	152.90655	146.62387	138.40018	137.05392	131.00565	130.44232	139.98336	147.77241	161.20523	169.90496	167.09264	164.53993	145.30058	151.31980
9/15/2025	2:18:51 PM	155.73770	149.07231	140.70581	139.40931	133.38284	132.65164	142.58088	150.46278	163.92841	172.97364	170.10656	167.40273	147.98345	154.32262
9/15/2025	2:18:54 PM	158.52870	151.58184	143.24836	141.97626	136.06880	135.17854	145.01148	153.01265	166.76781	175.86445	172.93328	170.18303	150.67891	157.11316
9/15/2025	2:18:58 PM	161.42801	153.79321	145.31117	144.41527	138.38979	137.47355	147.39023	155.65858	169.44669	178.96876	175.78331	172.80070	153.24170	159.74326
9/15/2025	2:19:01 PM	164.29185	156.17460	147.78539	146.99327	140.61718	139.79415	149.65712	158.29502	172.23178	181.87116	178.59187	175.47372	155.74952	162.55637
9/15/2025	2:19:05 PM	166.93659	158.59829	149.77524	149.21960	142.66307	142.09561	151.89939	160.71955	175.01224	184.69759	181.29700	178.39253	158.16074	165.07551
9/15/2025	2:19:08 PM	169.51487	160.82446	151.99983	151.42690	144.84271	144.21024	154.15914	163.13087	177.63454	187.45372	183.99718	181.16420	160.47590	167.62729
9/15/2025	2:19:12 PM	171.98836	162.79519	153.82144	153.59398	146.98303	146.19128	156.17465	165.60107	180.08808	190.12125	186.59348	183.74801	162.92099	170.22851
9/15/2025	2:19:15 PM	174.47778	165.09696	155.88570	155.88522	149.08202	148.39432	158.46159	168.15076	182.74028	192.71165	189.20686	186.29215	165.25823	172.61211
9/15/2025	2:19:19 PM	176.84735	167.17258	158.03507	158.04308	151.23001	150.40793	160.54008	170.48461	185.14049	195.33887	191.76745	188.69009	167.51720	175.24786
9/15/2025	2:19:22 PM	179.23145	169.30943	160.00291	160.09561	153.14975	152.39861	162.96935	172.92679	187.64389	197.87475	194.25939	191.00730	169.78243	177.58110
9/15/2025	2:19:26 PM	181.57593	171.31173	162.04430	162.15285	154.97956	154.31359	164.98044	175.04650	190.05627	200.24357	196.53395	193.28650	171.95649	180.06157
9/15/2025	2:19:29 PM	183.83617	173.43050	164.12986	164.25326	156.99663	156.29628	167.02961	177.35711	192.51317	202.62649	198.94737	195.67316	174.17485	182.43972
9/15/2025	2:19:33 PM	186.02537	175.50371	166.06654	166.27875	158.79863	158.15286	168.93695	179.58965	194.74927	204.90140	201.23246	197.91224	176.14465	184.49714
9/15/2025	2:19:36 PM	188.04547	177.58900	168.20502	168.12823	160.63186	159.97472	170.84181	181.72494	197.00763	207.09769	203.44977	200.11169	178.23052	186.72319
9/15/2025	2:19:40 PM	190.17569	179.53740	169.91836	169.77065	162.51899	161.82694	172.67378	183.80978	199.12584	209.24508	205.63865	202.27707	180.26767	188.71715
9/15/2025	2:19:43 PM	192.18287	181.37866	171.62081	171.47004	164.23143	163.66383	174.56008	186.00754	201.25143	211.27299	207.77766	204.40564	182.25989	190.75682
9/15/2025	2:19:47 PM	194.20666	183.33819	173.46856	173.37783	165.90453	165.46958	176.53197	188.01100	203.38651	213.41944	209.86359	206.32401	184.20746	192.75642
9/15/2025	2:19:50 PM	196.19147	185.26627	175.31640	175.17108	167.82312	167.28749	178.34958	189.92390	205.35769	215.51424	211.91505	208.36449	186.06922	194.82468
9/15/2025	2:19:54 PM	198.16698	187.18058	176.97402	176.83752	169.69901	169.00375	180.13326	191.83293	207.29741	217.57288	213.86994	210.31416	187.94990	196.86638
9/15/2025	2:19:57 PM	200.08307	189.04463	178.62027	178.53097	171.45958	170.82265	182.02507	193.79729	209.23577	219.48335	215.82667	212.23307	189.79431	198.70986
9/15/2025	2:20:01 PM	202.00980	190.77365	180.42127	180.23121	173.27373	172.43060	183.87687	195.63524	211.09159	221.34346	217.61651	214.09574	191.53160	200.46898
9/15/2025	2:20:04 PM	203.80717	192.57775	181.99902	181.80451	174.91672	173.99841	185.53271	197.40260	212.95212	223.23608	219.48605	216.01479	193.20218	202.26873
9/15/2025	2:20:08 PM	205.56602	194.26414	183.57791	183.43131	176.42169	175.47763	187.15253	199.15935	214.70954	224.96055	221.39669	217.71632	194.85521	203.95836
9/15/2025	2:20:11 PM	207.33148	195.89628	185.16675	184.84394	177.82219	177.06211	188.74662	200.86415	216.34422	226.68921	223.06109	219.52541	196.53959	205.87647
9/15/2025	2:20:15 PM	209.00669	197.54334	186.70558	186.25864	179.29814	178.63396	190.37188	202.65474	218.01071	228.31392	224.79514	221.20251	198.18801	207.55717
9/15/2025	2:20:18 PM	210.69662	199.15803	188.15390	187.83525	180.74953	180.15065	191.93725	204.26197	219.65445	229.89763	226.45678	222.88188	199.79296	209.27610
9/15/2025	2:20:22 PM	212.32105	200.72592	189.64140	189.20676	182.15278	181.62023	193.38731	205.86553	221.22470	231.46289	228.05361	224.48908	201.32689	210.75272
9/15/2025	2:20:25 PM	213.93606	202.25909	191.08908	190.62570	183.62654	183.07021	194.76789	207.43222	222.79178	233.04737	229.58622	225.94364	202.84930	212.24597
9/15/2025	2:20:29 PM	215.53115	203.75861	192.39066	191.89704	185.08124	184.44823	196.13852	208.92437	224.20654	234.52136	231.16709	227.48151	204.35461	213.80368
9/15/2025	2:20:32 PM	217.04280	205.20974	193.70052	193.21713	186.36059	185.83596	197.60054	210.41250	225.65486	236.00558	232.70354	228.97235	205.80536	215.31150
9/15/2025	2:20:36 PM	218.58904	206.65116	194.96259	194.56182	187.64707	187.19661	198.93226	211.92848	227.07458	237.44950	234.17495	230.44869	207.16866	216.72559
9/15/2025	2:20:39 PM	220.01569	208.07543	196.19455	195.74967	188.82976	188.43845	200.34071	213.41893	228.37954	238.80251	235.56387	231.81315	208.61698	218.18593
9/15/2025	2:20:43 PM	221.40732	209.51239	197.46071	197.09566	189.99245	189.65542	201.59548	214.71169	229.73694	240.13408	236.98265	233.19654	210.02899	219.76719
9/15/2025	2:20:46 PM	222.76486	210.82488	198.71013	198.38046	191.15036	190.92682	202.92292	216.14798	230.98613	241.43454	238.30824	234.47092	211.34924	221.11503
9/15/2025	2:20:50 PM	224.15830	212.19424	199.99519	199.77025	192.38372	192.12648	204.20073	217.44680	232.13422	242.65927	239.61367	235.78632	212.62893	222.55222
9/15/2025	2:20:53 PM	225.47978	213.51899	201.19000	200.83366	193.46696	193.25087	205.49527	218.71619	233.24636	243.79279	240.83304	237.04646	213.87734	223.93756
9/15/2025	2:20:56 PM	226.73778	214.78894	202.40972	202.01126	194.45104	194.39467	206.75034	219.95546	234.39543	244.90169	242.04483	238.26756	215.09075	225.22714
9/15/2025	2:21:00 PM	228.00169	216.01886	203.48575	203.00984	195.52420	195.37454	207.87025	221.14864	235.51945	246.03967	243.16383	239.40768	216.25915	226.42513
9/15/2025	2:21:03 PM	229.29280	217.30428	204.62604	204.21193	196.62590	196.49706	209.01760	222.32595	236.65147	247.12732	244.35039	240.60468	217.44114	227.67282
9/15/2025	2:21:07 PM	230.49131	218.47639	205.71475	205.26501	197.58938	197.49254	210.08491	223.42488	237.65714	248.18223	245.38174	241.67295	218.55357	228.77266
9/15/2025	2:21:10 PM	231.64649	219.62594	206.78018	206.16675	198.53073	198.47926	211.22302	224.58253	238.74187	249.21934	246.41232	242.73236	219.65682	229.84408
9/15/2025	2:21:14 PM	232.82711	220.76027	207.82745	207.15498	199.58778	199.60863	212.34529	225.71698	239.76713	250.21089	247.43458	243.80801	220.76492	230.89589
9/15/2025	2:21:17 PM	233.94530	221.88421	208.83155	208.01081	200.60283	200.57178	213.39456	226.82976	240.72445	251.13392	248.42652	244.79569	221.79796	231.96610
9/15/2025	2:21:21 PM	235.04824	222.96719	209.83864	208.89685	201.58833	201.54331	214.39726	227.92684	241.63514	252.04228	249.41042	245.72753	222.85849	233.12624
9/15/2025	2:21:24 PM	236.12942	224.07398	210.80642	209.87576	202.51355	202.53316	215.44222	228.99497	242.61145	252.94651	250.38418	246.71863	223.92845	234.22776
9/15/2025	2:21:28 PM	237.16261	225.11268	211.73191	210.91193	203.45900	203.40470	216.45181	230.00058	243.51970	253.83163	251.24349	247.57712	224.95438	235.23465
9/15/2025	2:21:31 PM	238.15536	226.14949	212.67045	211.75841	204.41032	204.34057	217.52083	230.97543	244.39124	254.69691	252.04910	248.41027	225.96604	236.13664
9/15/2025	2:21:35 PM	239.10521	227.12955	213.67249	212.64498	205.43277	205.33981	218.58345	232.01101	245.26741	255.50898	252.89581	249.34223	226.96654	237.08228
9/15/2025	2:21:38 PM	240.05287	228.14693	214.64410	213.51780	206.44726	206.21278	219.58275	233.00710	246.03164	256.30145	253.71618	250.17392	227.91214	238.05053
9/15/2025	2:21:42 PM	240.97520	229.11252	215.53737	214.39176	207.29762	207.15665	220.49168	233.92195	246.81740	257.06515	254.45748	250.92904	228.82770	238.93091
9/15/2025	2:21:46 PM	241.89229	230.03795	216.34367	215.27501	208.11147	208.04054	221.33506	234.82801	247.64175	257.79622	255.27168	251.78456	229.74296	239.84905
9/15/2025	2:21:49 PM	242.80482	230.99356	217.17522	216.16065	208.92840	208.94606	222.23584	235.71890	248.40582	258.47763	256.00779	252.52488	230.64625	240.66634
9/15/2025	2:21:53 PM	243.67274	231.87543	218.01267	217.08169	209.75519	209.83812	223.11310	236.58565	249.12584	259.17186	256.72245	253.27033	231.49707	241.47725
9/15/2025	2:21:56 PM	244.55143	232.75731	218.82257	217.90967	210.55820	210.66991	223.97801	237.42819	249.84272	259.78680	257.41928	253.99372	232.37067	242.30679
9/15/2025	2:22:00 PM	245.38777	233.66695	219.65538	218.66379	211.47865	211.44633	224.80448	238.34892	250.52749	260.34470	258.15489	254.74425	233.25086	243.07785
9/15/2025	2:22:03 PM	246.22424	234.50144	220.49757	219.47053	212.25087	212.26897	225.69242	239.04785	250.83621	260.39837	258.17625	254.67408	234.26158	243.61709
9/15/2025	2:22:07 PM	246.66585	235.73735	222.48507	221.54921	214.12335	213.54006	227.45841	239.93897	250.92384	259.96945	257.77844	254.60005	235.99777	244.99953
9/15/2025	2:22:10 PM	247.16438	236.84229	224.33086	223.24798	215.47070	214.61884	228.62145	240.59165	251.38344	260.19751	258.02121	254.98126	236.91815	245.94914
9/15/2025	2:22:14 PM	247.68552	237.49563	224.83631	223.71505	216.18023	215.46633	229.27996	241.31299	252.09007	260.56126	258.41853	255.09229	236.65456	245.47445
9/15/2025	2:22:17 PM	247.49521	236.74674	224.34249	223.71014	217.28965	216.91272	229.87357	241.90596	251.54970	258.80374	256.08804	252.84732	236.78685	244.70288
9/15/2025	2:22:21 PM	245.87116	236.41235	225.01087	225.94307	221.79737	220.46877	231.62168	242.77879	251.71878	258.37273	255.63675	252.47634	237.19722	245.20484
9/15/2025	2:22:24 PM	246.09614	237.27397	227.02229	227.42446	224.27233	221.86399	232.29254	243.18299	251.78819	257.86453	256.27354	252.81678	236.80569	245.96501
9/15/2025	2:22:28 PM	246.92705	239.19598	228.55940	228.32146	225.71118	222.25681	232.78041	243.49836	251.93618	257.56119	256.50706	253.13864	236.04107	246.75722
9/15/2025	2:22:31 PM	247.57869	240.74828	229.87363	229.34979	227.05349	223.36169	233.22185	243.84318	252.07338	257.25647	256.58178	253.61568	235.98706	247.55569
9/15/2025	2:22:35 PM	248.23924	242.18819	231.12320	230.32063	228.26361	224.94180	233.88803	244.12229	252.26772	257.10913	256.73701	253.94795	236.34051	248.21321
9/15/2025	2:22:38 PM	249.07692	243.49580	232.24432	231.30850	229.96868	226.40040	234.52630	244.32772	252.47767	256.99083	256.91128	254.36036	236.76254	248.80185
9/15/2025	2:22:42 PM	249.85413	244.59025	233.13105	232.30511	230.90773	228.08552	235.32901	244.55683	252.76468	257.08544	257.10693	254.70728	237.54854	249.43305
9/15/2025	2:22:46 PM	250.66828	245.68422	234.06722	233.15701	231.42729	230.03981	236.19167	244.85536	253.14523	257.29263	257.41722	255.12321	238.49147	250.04581
9/15/2025	2:22:49 PM	251.56895	246.66502	234.79761	234.04473	232.08801	231.97005	237.10552	245.16692	253.44860	257.49605	257.72474	255.56683	239.72766	250.56941
9/15/2025	2:22:53 PM	252.49038	247.63797	235.70901	234.94189	232.66782	233.97725	237.99375	245.48393	253.81428	257.83668	258.15078	256.10836	241.21831	251.26316
9/15/2025	2:22:56 PM	253.39085	248.61539	236.47753	235.71915	233.16030	235.28541	238.83403	245.82953	254.27755	258.24654	258.69067	256.67928	242.66409	251.90418
9/15/2025	2:23:00 PM	254.27715	249.64342	237.34933	236.53125	233.80306	236.58328	239.66676	246.16888	254.70985	258.68079	259.14284	257.21492	244.00397	252.51470
9/15/2025	2:23:03 PM	255.16963	250.56949	238.23704	237.40101	234.54155	237.61433	240.52287	246.53629	255.22988	259.13793	259.59651	257.76942	245.25693	253.20946
9/15/2025	2:23:07 PM	256.02534	251.44994	239.11131	238.20546	235.22036	238.71562	241.42870	246.89850	255.65773	259.55879	260.02465	258.24428	246.36279	253.87158
9/15/2025	2:23:11 PM	256.66181	252.09010	239.81968	238.96387	235.81302	239.91978	242.23932	247.38157	256.05350	259.90973	260.28673	258.59471	247.29421	254.41420
9/15/2025	2:23:14 PM	257.30888	252.67653	240.40140	239.81914	236.20945	240.84211	242.99184	247.94336	256.41575	260.20241	260.51939	258.97879	248.12242	254.92695
9/15/2025	2:23:18 PM	257.95059	253.24776	240.94722	240.57261	236.60719	241.51542	243.77611	248.44808	256.78822	260.57044	260.82489	259.37023	248.99355	255.53867
9/15/2025	2:23:22 PM	258.60120	253.82594	241.59688	241.46166	237.23283	242.46294	244.58226	248.93379	257.25791	261.01945	261.17458	259.83202	249.77418	256.07368
9/15/2025	2:23:25 PM	259.29984	254.42732	242.27390	242.27133	237.69271	243.32590	245.29215	249.48541	257.58381	261.41703	261.46825	260.25829	250.46117	256.60372
9/15/2025	2:23:29 PM	259.84826	255.13041	242.95549	243.01839	238.07215	244.28683	246.02160	250.03945	257.98145	261.79245	261.81028	260.70457	251.09348	257.01795
9/15/2025	2:23:32 PM	260.44763	255.78045	243.61214	243.73752	238.52393	245.24743	246.60411	250.57003	258.35974	262.20369	262.21558	261.18095	251.73182	257.53531
9/15/2025	2:23:36 PM	261.01185	256.38476	244.31295	244.56025	239.04420	246.13611	247.23084	251.14433	258.70817	262.68290	262.65514	261.72862	252.38879	258.03693
9/15/2025	2:23:40 PM	261.63893	257.01456	245.03090	245.36922	239.65836	246.88303	247.89455	251.75323	259.29444	263.19195	263.04490	262.24954	252.94945	258.39816
9/15/2025	2:23:43 PM	262.23901	257.72405	245.76090	246.19144	240.29263	247.92538	248.55114	252.35439	259.82611	263.73429	263.50893	262.84164	253.54315	258.84057
9/15/2025	2:23:47 PM	262.84718	258.35957	246.50757	246.97808	240.99071	248.83563	249.19101	252.89628	260.32066	264.27288	264.00411	263.42830	254.11359	259.32891
9/15/2025	2:23:50 PM	263.39376	259.06267	247.23228	247.71179	241.60035	249.89142	249.80556	253.47043	260.74464	264.66832	264.46563	263.95421	254.62782	259.72718
9/15/2025	2:23:54 PM	263.97989	259.76579	247.92892	248.44297	242.20026	250.90881	250.34578	254.04252	261.27399	265.13580	264.90440	264.56218	255.14700	260.17297
9/15/2025	2:23:58 PM	264.52470	260.44263	248.61696	249.21080	242.87701	251.94542	251.01614	254.64158	261.82437	265.62427	265.36016	265.11713	255.67959	260.55829
9/15/2025	2:24:01 PM	265.12833	261.14204	249.31012	249.87969	243.56400	252.85572	251.64302	255.24510	262.30797	266.05595	265.82756	265.64415	256.18416	260.97703
9/15/2025	2:24:05 PM	265.66737	261.81188	249.98615	250.50231	244.32001	253.78677	252.20492	255.87719	262.76677	266.52012	266.24851	266.12340	256.72864	261.40901
9/15/2025	2:24:08 PM	266.15879	262.46813	250.67878	251.12456	245.06287	254.67164	252.82217	256.50580	263.19185	266.93214	266.68162	266.65690	257.27671	261.82869
9/15/2025	2:24:12 PM	266.67579	263.13414	251.46102	251.73290	245.95204	255.68492	253.44792	257.19310	263.70146	267.37454	267.12608	267.13860	257.81436	262.29085
9/15/2025	2:24:15 PM	267.18544	263.79199	252.19614	252.44176	246.74973	256.57627	254.09466	257.83374	264.20163	267.84535	267.63047	267.66753	258.35186	262.72109
9/15/2025	2:24:19 PM	267.69250	264.33774	252.85029	253.07303	247.70559	257.41097	254.68238	258.45809	264.62633	268.26683	268.09673	268.18499	258.87018	263.11382
9/15/2025	2:24:23 PM	268.21221	264.90359	253.57113	253.77924	248.47412	258.22122	255.19180	259.05508	265.11222	268.69475	268.55023	268.67712	259.38058	263.53936
9/15/2025	2:24:26 PM	268.69602	265.42471	254.26088	254.43372	249.37775	259.11302	255.77106	259.62144	265.62901	269.14568	268.97394	269.12954	259.91579	263.96699
9/15/2025	2:24:30 PM	269.12175	266.00864	254.89572	255.10611	250.13813	259.98345	256.32497	260.17493	266.11396	269.58772	269.43945	269.64880	260.41850	264.42032
9/15/2025	2:24:33 PM	269.67178	266.59214	255.49193	255.84440	250.99198	260.76975	256.84121	260.72816	266.61023	270.06172	269.92188	270.15553	260.98299	264.94380
9/15/2025	2:24:37 PM	270.16526	267.08137	256.17982	256.62634	252.02216	261.54152	257.36012	261.31744	267.10146	270.49645	270.37876	270.62753	261.55451	265.44609
9/15/2025	2:24:40 PM	270.65018	267.61935	256.84865	257.36456	252.85895	262.36420	257.84614	261.86614	267.61982	270.92143	270.81782	271.10275	262.08095	265.90471
9/15/2025	2:24:44 PM	271.11826	268.14636	257.54853	258.12317	253.86390	263.11663	258.24484	262.48355	268.11779	271.34947	271.27043	271.61824	262.59340	266.37999
9/15/2025	2:24:48 PM	271.62469	268.64091	258.20610	258.83953	254.85635	264.26323	258.68150	262.96892	268.61812	271.80822	271.73202	272.07779	263.11559	266.86237
9/15/2025	2:24:51 PM	272.05438	269.03091	258.78086	259.56160	255.68431	265.14631	259.03414	263.41034	269.13456	272.20833	272.18903	272.51058	263.60893	267.31654
9/15/2025	2:24:55 PM	272.47824	269.51817	259.45066	260.25048	256.54093	266.18596	259.54769	263.80865	269.71740	272.67978	272.66912	272.85248	264.13163	267.79860
9/15/2025	2:24:58 PM	272.88382	269.90016	260.01568	260.86605	257.37961	267.06257	260.00019	264.21463	270.24549	272.98826	272.96883	273.03782	264.62558	268.22368
9/15/2025	2:25:02 PM	273.16910	270.21094	260.57118	261.49536	258.19050	267.81413	260.36575	264.69556	270.82576	273.17168	273.15399	273.11542	265.12513	268.69006
9/15/2025	2:25:06 PM	273.36311	270.65725	261.18448	262.10357	259.13024	268.65864	260.89618	265.17097	271.34350	273.25044	273.23541	273.31740	265.58660	269.12899
9/15/2025	2:25:09 PM	273.45206	271.09346	261.76100	262.75897	260.03143	269.55293	261.27194	265.63980	271.84319	273.33431	273.33677	273.69388	266.05769	269.58629
9/15/2025	2:25:13 PM	273.50969	271.51217	262.36539	263.33995	260.88413	270.42773	261.65088	266.06638	272.25588	273.57849	273.47714	274.04818	266.51923	269.96708
9/15/2025	2:25:16 PM	273.71562	271.98541	263.05181	263.91518	261.81981	271.46628	262.12730	266.47832	272.62178	273.95129	273.66259	274.60081	267.00495	270.40530
9/15/2025	2:25:20 PM	274.07902	272.41522	263.71707	264.44382	262.78287	272.22847	262.58967	266.94199	272.93842	274.29404	274.10719	275.29476	267.44115	270.79809
9/15/2025	2:25:24 PM	274.45262	272.85025	264.39929	265.01495	263.88112	272.93720	263.03441	267.43687	273.10763	274.84031	274.80626	276.00728	267.88266	271.20334
9/15/2025	2:25:27 PM	274.79006	273.14698	265.06234	265.55045	265.03884	273.15243	263.54136	267.90308	273.16957	275.49407	275.53730	276.61021	268.35438	271.59264
9/15/2025	2:25:31 PM	275.37952	273.28755	265.70497	266.07468	266.17851	273.63258	264.07578	268.40662	273.20437	276.16121	276.32096	277.18065	268.83830	272.00226
9/15/2025	2:25:34 PM	276.05551	273.32613	266.14216	266.44087	266.93297	273.64239	264.56372	268.55454	273.20758	276.28641	276.43756	277.05718	267.81141	270.62125
9/15/2025	2:25:38 PM	275.57681	273.13532	265.95539	266.63192	267.56699	273.31762	264.78492	267.67947	272.99118	275.81486	276.04069	276.54324	265.83787	268.70773
9/15/2025	2:25:41 PM	275.06382	272.87054	265.70669	266.39612	267.99188	272.97247	264.93590	266.73921	272.59724	275.40654	275.68872	275.99845	264.16346	267.02514
9/15/2025	2:25:45 PM	274.47869	272.13754	264.98074	265.85612	267.94436	272.46513	264.62617	265.20098	271.79994	274.48676	274.76140	274.82915	263.17946	266.03062
9/15/2025	2:25:48 PM	273.43820	270.78385	263.44239	264.68423	267.07294	271.13192	263.74475	263.42180	269.50819	272.04687	271.81235	271.35766	260.31237	262.44092
9/15/2025	2:25:52 PM	271.51163	265.40655	258.49384	257.96547	259.36445	265.58011	257.04250	256.37329	262.68215	267.48349	268.02062	264.70951	253.36530	255.70348
9/15/2025	2:25:55 PM	263.50767	258.04550	252.20620	249.68544	250.81581	258.05942	249.86372	250.41941	256.29994	260.03086	259.69995	255.04061	245.66073	247.87490
9/15/2025	2:25:59 PM	254.59114	250.06290	245.27755	240.94420	241.79438	250.93663	243.22174	243.46179	249.59080	253.30466	253.35968	249.02186	239.89022	242.10326
9/15/2025	2:26:02 PM	249.48731	245.48846	241.25265	236.18232	236.62455	246.68026	239.23204	239.15152	244.89053	248.36113	248.26114	244.38597	234.54983	236.47381
9/15/2025	2:26:06 PM	244.88291	241.49514	237.60684	231.95638	232.04872	242.50108	234.97528	234.38858	239.98651	243.03552	242.98147	239.35605	229.25553	231.07665
9/15/2025	2:26:09 PM	239.93236	237.01844	233.64398	227.06877	226.74745	237.78065	230.27118	229.18312	234.75356	237.58383	237.43811	233.92477	224.00125	225.73864
9/15/2025	2:26:13 PM	234.44449	231.78544	229.11278	221.43382	220.85402	232.50553	224.98534	223.41214	229.06130	231.61978	231.34574	227.91536	218.68027	220.37124
9/15/2025	2:26:16 PM	228.82360	226.56767	224.13734	215.45975	215.01188	227.03693	219.57513	217.59137	223.30844	225.64534	225.30903	221.85004	213.42267	215.15589
9/15/2025	2:26:20 PM	223.15676	221.33164	219.15164	209.67000	209.07558	221.58776	214.23219	211.83262	217.52666	219.55539	219.23597	215.90323	208.07181	209.74406
9/15/2025	2:26:23 PM	217.30214	215.98265	214.19590	203.61202	203.12689	216.06050	208.60273	205.65438	211.07699	212.68444	212.42173	209.14413	201.72781	203.22292
9/15/2025	2:26:27 PM	210.58084	209.82961	208.57947	196.68604	196.15393	209.59005	201.49135	198.13601	203.19341	204.56544	204.43938	201.23446	194.21177	195.71589
9/15/2025	2:26:30 PM	203.00861	202.98972	202.19907	188.85766	188.66087	202.77656	194.31353	190.50842	195.17867	196.31398	196.45712	193.53277	186.95930	188.26823
9/15/2025	2:26:34 PM	195.83762	196.47458	196.13442	181.75483	181.60237	196.42208	187.73074	183.43605	187.80327	188.62766	189.09215	186.47592	180.49452	181.54866
9/15/2025	2:26:37 PM	188.84081	190.24014	190.29032	175.16826	175.00279	190.33750	181.48729	176.73321	180.88131	181.35021	182.16969	179.83975	174.45192	175.32068
9/15/2025	2:26:41 PM	182.58186	184.57655	184.95326	169.37432	169.18730	184.80633	175.80327	170.66207	174.60837	174.76768	175.95257	173.93659	168.99977	169.65375
9/15/2025	2:26:44 PM	176.73860	179.26388	179.93918	164.13226	163.93069	179.71704	170.60939	165.18811	168.95199	168.86067	170.40907	168.72668	164.11570	164.55709
9/15/2025	2:26:48 PM	171.39071	174.36096	175.28734	159.43325	159.16888	174.97921	165.80682	160.16781	163.79551	163.49021	165.38541	164.03276	159.65874	159.94654
9/15/2025	2:26:51 PM	166.55833	169.92864	171.05123	155.27997	154.98750	170.69672	161.51536	155.73875	159.22349	158.71698	160.91187	159.85660	155.66682	155.80119
9/15/2025	2:26:55 PM	162.18004	165.89442	167.17897	151.58294	151.27211	166.78687	157.64336	151.76971	155.13367	154.49210	156.94186	156.13704	152.07667	152.08228
9/15/2025	2:26:58 PM	158.22897	162.23718	163.65756	148.27393	147.97984	163.23159	154.18373	148.27393	151.53397	150.80229	153.44460	152.84226	148.86757	148.76696
9/15/2025	2:27:02 PM	154.66919	158.95098	160.47700	145.33690	145.01970	160.00836	151.06655	145.18147	148.34739	147.53206	150.32031	149.91004	145.96680	145.77347
9/15/2025	2:27:05 PM	151.47204	155.96800	157.58674	142.69503	142.32586	157.06881	148.27992	142.45769	145.52147	144.66604	147.54909	147.29990	143.38606	143.11742
9/15/2025	2:27:09 PM	148.59664	153.26907	154.95615	140.31039	139.87306	154.38105	145.74067	139.99754	142.95065	142.06163	145.01090	144.89365	140.98878	140.66663
9/15/2025	2:27:12 PM	146.01578	150.82440	152.58487	138.17672	137.66824	151.94155	143.44447	137.80427	140.67418	139.76523	142.74809	142.74854	138.84354	138.47465
9/15/2025	2:27:16 PM	143.69413	148.60710	150.42724	136.26043	135.67666	149.73392	141.40046	135.87975	138.65985	137.73306	140.73094	140.82075	136.92485	136.51765
9/15/2025	2:27:19 PM	141.60510	146.60535	148.48878	134.53670	133.90231	147.75622	139.56724	134.15781	136.84541	135.91681	138.92486	139.09215	135.19597	134.75868
9/15/2025	2:27:23 PM	139.77063	144.82595	146.75668	132.98612	132.30499	145.94929	137.91190	132.60949	135.22064	134.29390	137.29498	137.51931	133.62330	133.16293
9/15/2025	2:27:26 PM	138.05320	143.16079	145.13989	131.54423	130.83142	144.28203	136.38413	131.18091	133.71411	132.78641	135.77523	136.06030	132.16582	131.68846
9/15/2025	2:27:30 PM	136.49217	141.62996	143.65948	130.22942	129.49825	142.74966	134.99307	129.89768	132.36435	131.43333	134.40319	134.73011	130.85050	130.35711
9/15/2025	2:27:33 PM	135.06068	140.23029	142.30621	129.01883	128.26919	141.33943	133.71081	128.71069	131.09601	130.16741	133.11671	133.48641	129.62859	129.12894
9/15/2025	2:27:37 PM	133.75962	138.95171	141.06970	127.92416	127.16641	140.06813	132.54991	127.64301	129.96063	129.03763	131.96274	132.36401	128.53897	128.02846
9/15/2025	2:27:40 PM	132.55968	137.76442	139.92276	126.90026	126.13056	138.86669	131.45540	126.63874	128.89050	127.96555	130.86145	131.29551	127.50521	126.98537
9/15/2025	2:27:44 PM	131.45428	136.67395	138.86767	125.96777	125.19330	137.77705	130.46588	125.73161	127.91735	126.98824	129.85309	130.31175	126.56977	126.04356
9/15/2025	2:27:47 PM	130.43266	135.66013	137.89467	125.10806	124.33265	136.76615	129.54660	124.88782	127.00823	126.07676	128.91702	129.39999	125.70570	125.17003
9/15/2025	2:27:51 PM	129.48730	134.71992	136.99129	124.30913	123.53157	135.81742	128.67799	124.09658	126.15540	125.22371	128.03794	128.54882	124.90885	124.37128
9/15/2025	2:27:54 PM	128.63076	133.86554	136.17102	123.58606	122.81202	134.95520	127.89596	123.38398	125.38795	124.44624	127.23667	127.76581	124.18122	123.63429
9/15/2025	2:27:57 PM	127.80976	133.04144	135.37961	122.89254	122.12658	134.12549	127.13649	122.68477	124.62718	123.67736	126.44272	126.99058	123.46651	122.91539
9/15/2025	2:28:01 PM	127.04209	132.27464	134.64993	122.25662	121.49053	133.35333	126.43318	122.04590	123.93686	122.98178	125.69568	126.29469	122.83122	122.27220
9/15/2025	2:28:04 PM	126.32039	131.54569	133.95362	121.65022	120.88388	132.61227	125.76212	121.43470	123.27098	122.30501	124.96596	125.61663	122.21643	121.65433
9/15/2025	2:28:08 PM	125.64111	130.86049	133.30067	121.08624	120.32231	131.92278	125.13558	120.86327	122.64781	121.67159	124.29045	124.97777	121.64050	121.07326
9/15/2025	2:28:11 PM	125.00069	130.21494	132.68591	120.55691	119.79129	131.26632	124.54137	120.32421	122.06272	121.07346	123.65849	124.37244	121.10496	120.53583
9/15/2025	2:28:15 PM	124.41233	129.61889	132.11641	120.07013	119.30431	130.65697	123.98876	119.82363	121.51668	120.51411	123.06898	123.80263	120.60375	120.03079
9/15/2025	2:28:18 PM	123.83556	129.03455	131.56033	119.59806	118.83366	130.06833	123.45834	119.34469	120.99114	119.95427	122.50253	123.25081	120.11901	119.54414
9/15/2025	2:28:22 PM	123.28624	128.47531	131.02902	119.14833	118.38171	129.49841	122.94571	118.87901	120.48095	119.39221	121.96335	122.72868	119.65984	119.08180
9/15/2025	2:28:25 PM	122.77295	127.95037	130.52690	118.72051	117.94590	128.94848	122.44935	118.43491	120.00366	118.87983	121.46052	122.24020	119.22432	118.64633
9/15/2025	2:28:29 PM	122.28502	127.44890	130.04445	118.30944	117.52501	128.41302	121.96937	118.00286	119.53566	118.38568	120.96456	121.75759	118.79706	118.22034
9/15/2025	2:28:32 PM	121.81537	126.96520	129.57737	117.91270	117.11989	127.89498	121.50678	117.58918	119.08912	117.91914	120.49031	121.29647	118.39632	117.81716
9/15/2025	2:28:36 PM	121.36734	126.50607	129.13811	117.54419	116.74631	127.41560	121.07894	117.20518	118.67068	117.48430	120.04390	120.86217	118.02036	117.44041
9/15/2025	2:28:39 PM	120.93275	126.05985	128.71051	117.18874	116.38803	126.94934	120.66267	116.83170	118.26045	117.06037	119.60683	120.43100	117.65330	117.07433
9/15/2025	2:28:43 PM	120.52496	125.63895	128.30718	116.85279	116.04763	126.50587	120.26663	116.47489	117.86970	116.65817	119.18876	120.01678	117.30278	116.72156
9/15/2025	2:28:46 PM	120.11835	125.21956	127.90390	116.52018	115.71038	126.06396	119.87357	116.12246	117.48218	116.25528	118.76890	119.60410	116.95315	116.37434
9/15/2025	2:28:50 PM	119.71567	124.80548	127.50689	116.19521	115.38246	125.63174	119.49208	115.78193	117.10865	115.87255	118.37018	119.21126	116.62184	116.04193
9/15/2025	2:28:53 PM	119.33811	124.41542	127.13290	115.88992	115.07519	125.22350	119.12977	115.45717	116.74909	115.50082	117.98253	118.83100	116.30316	115.72380
9/15/2025	2:28:57 PM	118.97467	124.04004	126.77436	115.59759	114.78136	124.83271	118.78428	115.14810	116.40888	115.15206	117.61633	118.46959	116.00054	115.42166
9/15/2025	2:29:00 PM	118.62220	123.67468	126.42284	115.31354	114.49652	124.45117	118.44883	114.84757	116.07617	114.80817	117.25880	118.11770	115.70750	115.12991
9/15/2025	2:29:04 PM	118.28071	123.31981	126.08204	115.04024	114.22216	124.08145	118.12366	114.55734	115.75530	114.47814	116.91406	117.77687	115.42469	114.84756
9/15/2025	2:29:07 PM	117.96274	122.98956	125.76203	114.78485	113.96326	123.73044	117.81380	114.28026	115.44715	114.15912	116.57979	117.44869	115.15421	114.57803
9/15/2025	2:29:11 PM	117.64268	122.65777	125.44241	114.53142	113.70851	123.38308	117.50945	114.00889	115.14532	113.84661	116.25384	117.12592	114.88884	114.31419
9/15/2025	2:29:14 PM	117.33356	122.33756	125.13323	114.28803	113.46205	123.04641	117.21611	113.74704	114.85515	113.54722	115.94168	116.81656	114.63313	114.05911
9/15/2025	2:29:18 PM	117.03474	122.02473	124.82726	114.04733	113.21783	122.71246	116.92398	113.48856	114.56788	113.24950	115.62877	116.50831	114.38133	113.80843
9/15/2025	2:29:21 PM	116.74297	121.72051	124.53304	113.81729	112.98625	122.39200	116.64327	113.23868	114.29064	112.96366	115.32905	116.21051	114.13654	113.56536
9/15/2025	2:29:25 PM	116.46053	121.42575	124.24463	113.59425	112.75879	122.08142	116.37292	112.99890	114.02269	112.69115	115.04007	115.92511	113.90279	113.33075
9/15/2025	2:29:28 PM	116.18487	121.13694	123.96341	113.37693	112.53971	121.77887	116.11089	112.76662	113.76373	112.42648	114.76177	115.64918	113.67694	113.10576
9/15/2025	2:29:32 PM	115.91665	120.85622	123.68796	113.16379	112.32248	121.47661	115.84846	112.53428	113.50440	112.15912	114.47962	115.36980	113.45060	112.87830
9/15/2025	2:29:35 PM	115.65596	120.57999	123.41790	112.95569	112.11279	121.18557	115.59612	112.31145	113.25810	111.90460	114.21260	115.10508	113.23434	112.66434
9/15/2025	2:29:39 PM	115.40336	120.31431	123.15767	112.75742	111.91152	120.90580	115.35445	112.09851	113.02077	111.66017	113.95494	114.84833	113.02666	112.45722
9/15/2025	2:29:42 PM	115.15703	120.05372	122.90029	112.56250	111.71615	120.63146	115.11715	111.88786	112.78636	111.41886	113.69974	114.59504	112.82267	112.25472
9/15/2025	2:29:46 PM	114.91540	119.79836	122.64990	112.37356	111.52342	120.36153	114.88304	111.68128	112.55663	111.18267	113.45088	114.34638	112.62220	112.05687
9/15/2025	2:29:49 PM	114.68180	119.54966	122.40446	112.18968	111.33750	120.09903	114.65690	111.48338	112.33666	110.95577	113.21228	114.10761	112.42873	111.86474
9/15/2025	2:29:53 PM	114.45274	119.30602	122.16226	112.00773	111.15362	119.83861	114.43260	111.28502	112.11542	110.72728	112.97039	113.86507	112.23339	111.67135
9/15/2025	2:29:56 PM	114.22400	119.06249	121.92078	111.82861	110.97137	119.58163	114.21148	111.09022	111.89942	110.50560	112.73809	113.63289	112.04750	111.48841
9/15/2025	2:30:00 PM	114.00848	118.83243	121.69199	111.66018	110.80161	119.33925	114.00403	110.90816	111.69741	110.29813	112.51721	113.41130	111.87023	111.31223
9/15/2025	2:30:03 PM	113.79173	118.60055	121.46158	111.49026	110.63031	119.09216	113.79241	110.72252	111.49015	110.08379	112.29095	113.18532	111.68886	111.13329
9/15/2025	2:30:07 PM	113.58021	118.37475	121.23548	111.32558	110.46404	118.85393	113.58804	110.54455	111.29313	109.88103	112.07629	112.96967	111.51736	110.96339
9/15/2025	2:30:11 PM	113.37509	118.15490	121.01602	111.16702	110.30408	118.62271	113.38880	110.36969	111.09826	109.68008	111.86362	112.75669	111.34691	110.79556
9/15/2025	2:30:14 PM	113.17314	117.93639	120.79669	111.00810	110.14410	118.39149	113.19101	110.19670	110.90612	109.48260	111.65642	112.54584	111.17943	110.62993
9/15/2025	2:30:18 PM	112.97678	117.72481	120.58339	110.85538	109.98906	118.16753	112.99939	110.02811	110.72013	109.29186	111.45470	112.34323	111.01803	110.47046
9/15/2025	2:30:21 PM	112.78497	117.51738	120.37508	110.70528	109.83772	117.94879	112.81286	109.86445	110.53809	109.10414	111.25591	112.14279	110.85886	110.31360
9/15/2025	2:30:25 PM	112.59511	117.31208	120.16597	110.55739	109.68898	117.73150	112.62721	109.70234	110.35929	108.92119	111.06225	111.94885	110.70484	110.16175
9/15/2025	2:30:29 PM	112.41150	117.11391	119.96669	110.41646	109.54649	117.52344	112.44970	109.54822	110.18904	108.74573	110.87525	111.76111	110.55656	110.01513
9/15/2025	2:30:32 PM	112.23784	116.92278	119.77230	110.28021	109.40953	117.32111	112.27743	109.39676	110.02091	108.57255	110.69181	111.57598	110.41130	109.87079
9/15/2025	2:30:36 PM	112.06059	116.72934	119.57526	110.14401	109.27133	117.11706	112.10405	109.24655	109.85563	108.40345	110.51184	111.39486	110.26811	109.72973
9/15/2025	2:30:39 PM	111.89115	116.54417	119.38609	110.01359	109.13991	116.92149	111.93914	109.10271	109.69772	108.24026	110.33817	111.21932	110.13099	109.59306
9/15/2025	2:30:43 PM	111.72430	116.36124	119.19959	109.88630	109.01159	116.72889	111.77512	108.96133	109.54048	108.07925	110.16741	111.04700	109.99597	109.45957
9/15/2025	2:30:47 PM	111.56578	116.18693	119.01926	109.76523	108.89020	116.54609	111.62161	108.82711	109.39384	107.92796	110.00591	110.88393	109.86887	109.33345
9/15/2025	2:30:50 PM	111.41012	116.01457	118.84306	109.64705	108.77031	116.36429	111.46846	108.69545	109.24803	107.77793	109.84611	110.72264	109.74286	109.20928
9/15/2025	2:30:54 PM	111.25647	115.84457	118.66745	109.53051	108.65343	116.18588	111.31840	108.56466	109.10460	107.63062	109.68865	110.56221	109.61866	109.08525
9/15/2025	2:30:57 PM	111.10707	115.67895	118.49534	109.41600	108.53769	116.00875	111.17057	108.43656	108.96332	107.48570	109.53407	110.40652	109.49627	108.96432
9/15/2025	2:31:01 PM	110.95962	115.51442	118.32471	109.30295	108.42370	115.83398	111.02473	108.31040	108.82473	107.34419	109.38194	110.25365	109.37769	108.84620
9/15/2025	2:31:05 PM	110.81576	115.35426	118.15778	109.19359	108.31355	115.66353	110.88247	108.18712	108.69030	107.20527	109.23365	110.10211	109.25727	108.73017
9/15/2025	2:31:08 PM	110.67584	115.19720	117.99438	109.08814	108.20774	115.49980	110.74706	108.07057	108.56271	107.07462	109.09306	109.96060	109.14620	108.61949
9/15/2025	2:31:12 PM	110.53767	115.04144	117.83209	108.98149	108.09988	115.33294	110.60803	107.94987	108.43116	106.93956	108.94930	109.81485	109.03077	108.50635
9/15/2025	2:31:15 PM	110.40222	114.88938	117.67170	108.87840	107.99653	115.17258	110.47445	107.83587	108.30651	106.81230	108.81285	109.67829	108.92300	108.39932
9/15/2025	2:31:19 PM	110.27124	114.74151	117.51677	108.77974	107.89673	115.01676	110.34576	107.72409	108.18563	106.68803	108.67909	109.53913	108.81668	108.29297
9/15/2025	2:31:23 PM	110.14201	114.59534	117.36265	108.68219	107.79761	114.86329	110.21873	107.61501	108.06700	106.56618	108.54859	109.40133	108.71310	108.19061
9/15/2025	2:31:26 PM	110.01617	114.45259	117.21178	108.58730	107.70181	114.71294	110.09394	107.50877	107.95174	106.44927	108.42290	109.26903	108.61434	108.09217
9/15/2025	2:31:30 PM	109.89664	114.31663	117.06734	108.49783	107.61214	114.57186	109.97782	107.40968	107.84327	106.33808	108.30078	109.14008	108.51842	107.99693
9/15/2025	2:31:33 PM	109.77710	114.17894	116.92007	108.40790	107.52220	114.42929	109.86043	107.30921	107.73424	106.22525	108.17803	109.01097	108.42214	107.90054
9/15/2025	2:31:37 PM	109.66194	114.04660	116.77869	108.32208	107.43573	114.29043	109.74648	107.21203	107.62843	106.11707	108.06177	108.88907	108.33123	107.80907
9/15/2025	2:31:41 PM	109.54768	113.91511	116.63769	108.23653	107.34903	114.15295	109.63247	107.11489	107.52319	106.01019	107.94442	108.76553	108.23701	107.71598
9/15/2025	2:31:44 PM	109.43253	113.78231	116.49487	108.14887	107.26012	114.01413	109.51860	107.01965	107.42017	105.90402	107.82915	108.64391	108.14420	107.62448
9/15/2025	2:31:48 PM	109.32118	113.65324	116.35595	108.06472	107.17547	113.87968	109.40908	106.92909	107.32202	105.80286	107.71850	108.52802	108.05490	107.53455
9/15/2025	2:31:51 PM	109.21248	113.52687	116.21870	107.98250	107.09263	113.74880	109.30291	106.83880	107.22407	105.70275	107.60884	108.41278	107.96544	107.44620
9/15/2025	2:31:55 PM	109.10449	113.40034	116.08376	107.89873	107.00892	113.61826	109.19749	106.74968	107.12706	105.60368	107.50022	108.30020	107.87737	107.36050
9/15/2025	2:31:59 PM	108.99955	113.27770	115.95111	107.81983	106.92864	113.49335	109.09644	106.66425	107.03645	105.51203	107.39960	108.19558	107.79516	107.27904
9/15/2025	2:32:02 PM	108.89969	113.16061	115.82224	107.74300	106.85107	113.37141	108.99751	106.57952	106.94483	105.41839	107.29664	108.08981	107.71232	107.19644
9/15/2025	2:32:06 PM	108.79851	113.04154	115.69121	107.66513	106.77241	113.24723	108.89654	106.49248	106.85176	105.32433	107.19285	107.98298	107.62803	107.11291
9/15/2025	2:32:09 PM	108.69893	112.92386	115.56244	107.58852	106.69496	113.12594	108.79693	106.40733	106.76162	105.23291	107.09300	107.88069	107.54646	107.03196
9/15/2025	2:32:13 PM	108.60256	112.80915	115.43634	107.51337	106.61884	113.00556	108.69894	106.32267	106.67082	105.14146	106.99145	107.77649	107.46328	106.94933
9/15/2025	2:32:16 PM	108.50150	112.68862	115.30332	107.43347	106.53795	112.87989	108.59696	106.23544	106.57750	105.04931	106.89072	107.67337	107.38178	106.86805
9/15/2025	2:32:20 PM	108.40598	112.57518	115.17912	107.36042	106.46451	112.76395	108.50344	106.15586	106.49131	104.96387	106.79577	107.57298	107.30232	106.78877
9/15/2025	2:32:24 PM	108.31122	112.46244	115.05386	107.28611	106.38858	112.64455	108.40482	106.07100	106.39583	104.87033	106.69223	107.46282	107.21235	106.69764
9/15/2025	2:32:27 PM	108.20268	112.33493	114.91570	107.19199	106.29295	112.50697	108.28606	105.96449	106.28112	104.76146	106.57672	107.34488	107.11537	106.60188
9/15/2025	2:32:31 PM	108.09750	112.21377	114.78526	107.11181	106.21318	112.38935	108.19249	105.88645	106.19817	104.68318	106.48976	107.25635	107.04169	106.52936
9/15/2025	2:32:34 PM	108.00927	112.10506	114.66317	107.04156	106.14175	112.27759	108.10286	105.81119	106.11593	104.60316	106.40055	107.16508	106.96501	106.45316
9/15/2025	2:32:38 PM	107.92117	111.99815	114.54413	106.97119	106.06986	112.16502	108.01175	105.73439	106.03247	104.52228	106.31127	107.07383	106.88921	106.37727
9/15/2025	2:32:42 PM	107.83242	111.89109	114.42497	106.90216	105.99974	112.05629	107.92411	105.66004	105.95302	104.44519	106.22521	106.98644	106.81611	106.30446
9/15/2025	2:32:45 PM	107.74671	111.78671	114.30810	106.83411	105.93112	111.94832	107.83799	105.58810	105.87516	104.36986	106.14176	106.90054	106.74417	106.23284
9/15/2025	2:32:49 PM	107.66301	111.68384	114.19276	106.76868	105.86431	111.84244	107.75333	105.51731	105.80005	104.29710	106.06090	106.81768	106.67390	106.16267
9/15/2025	2:32:52 PM	107.58309	111.58530	114.08207	106.70611	105.79996	111.74150	107.67450	105.44755	105.72548	104.22474	105.97947	106.73463	106.60409	106.09268
9/15/2025	2:32:56 PM	107.50031	111.48436	113.96879	106.64191	105.73651	111.64205	107.59792	105.37859	105.65174	104.15259	105.89872	106.65336	106.53582	106.02498
9/15/2025	2:32:59 PM	107.42014	111.38624	113.85963	106.58031	105.67329	111.54195	107.52075	105.31071	105.57927	104.08137	105.81921	106.57242	106.46734	105.95673
9/15/2025	2:33:03 PM	107.34118	111.28869	113.74922	106.51664	105.60975	111.44099	107.44145	105.24039	105.50534	104.00821	105.73707	106.48800	106.39349	105.88430
9/15/2025	2:33:07 PM	107.25581	111.18575	113.63467	106.45075	105.54075	111.33350	107.35624	105.16702	105.42929	103.93357	105.65441	106.40470	106.32106	105.81252
9/15/2025	2:33:10 PM	107.17561	111.08716	113.52474	106.38740	105.47624	111.23456	107.27866	105.10068	105.36064	103.86680	105.57896	106.32846	106.25336	105.74508
9/15/2025	2:33:14 PM	107.09817	110.99056	113.41666	106.32515	105.41223	111.13393	107.19879	105.03228	105.29007	103.79754	105.50066	106.24826	106.18268	105.67498
9/15/2025	2:33:17 PM	107.01588	110.88932	113.30341	106.25906	105.34558	111.03119	107.11742	104.96350	105.21940	103.72999	105.42363	106.16953	106.11221	105.60556
9/15/2025	2:33:21 PM	106.93897	110.79318	113.19561	106.19721	105.28217	110.93293	107.04000	104.89902	105.15250	103.66428	105.35007	106.09345	106.04453	105.53852
9/15/2025	2:33:24 PM	106.86150	110.69797	113.08715	106.13444	105.21930	110.83471	106.96191	104.83316	105.08509	103.59921	105.27673	106.01853	105.97702	105.47139
9/15/2025	2:33:28 PM	106.78634	110.60418	112.98146	106.07321	105.15606	110.73821	106.88553	104.76822	105.01908	103.53622	105.20543	105.94556	105.91064	105.40639
9/15/2025	2:33:32 PM	106.71166	110.51103	112.87565	106.01243	105.09486	110.64390	106.81141	104.70724	104.95700	103.47649	105.13720	105.87554	105.84740	105.34341
9/15/2025	2:33:35 PM	106.64091	110.42172	112.77334	105.95518	105.03714	110.55243	106.74092	104.64768	104.89801	103.42074	105.07227	105.80850	105.78566	105.28303
9/15/2025	2:33:39 PM	106.57294	110.33560	112.67474	105.90159	104.98226	110.46528	106.67315	104.59079	104.84077	103.36556	105.00898	105.74315	105.72586	105.22404
9/15/2025	2:33:42 PM	106.50578	110.24959	112.57687	105.84635	104.92639	110.37719	106.60372	104.53239	104.78254	103.31087	104.94479	105.67685	105.66539	105.16350
9/15/2025	2:33:46 PM	106.43751	110.16312	112.47799	105.79095	104.87067	110.28981	106.53559	104.47466	104.72635	103.25760	104.88249	105.61248	105.60648	105.10570
9/15/2025	2:33:49 PM	106.37317	110.08107	112.38380	105.73876	104.81778	110.20629	106.47097	104.42002	104.67257	103.20631	104.82267	105.55038	105.54889	105.04837
9/15/2025	2:33:53 PM	106.30722	109.99642	112.28695	105.68432	104.76290	110.11997	106.40331	104.36156	104.61467	103.15217	104.75889	105.48497	105.48817	104.98817
9/15/2025	2:33:57 PM	106.24079	109.91242	112.19040	105.63063	104.70851	110.03526	106.33683	104.30600	104.55945	103.10003	104.69852	105.42255	105.42953	104.93037
9/15/2025	2:34:00 PM	106.17477	109.82794	112.09416	105.57556	104.65408	109.95002	106.27087	104.25001	104.50455	103.04832	104.63816	105.35991	105.37211	104.87346
9/15/2025	2:34:04 PM	106.11263	109.74740	112.00122	105.52379	104.60154	109.86768	106.20610	104.19584	104.45099	102.99869	104.57936	105.29867	105.31385	104.81631
9/15/2025	2:34:07 PM	106.04848	109.66556	111.90740	105.47058	104.54828	109.78428	106.14122	104.14138	104.39691	102.94831	104.52014	105.23789	105.25774	104.76040
9/15/2025	2:34:11 PM	105.98481	109.58447	111.81525	105.41816	104.49535	109.70227	106.07704	104.08676	104.34348	102.89807	104.46004	105.17561	105.19851	104.70054
9/15/2025	2:34:15 PM	105.92116	109.50196	111.72015	105.36453	104.44137	109.61889	106.01145	104.03272	104.28962	102.84871	104.40231	105.11510	105.14064	104.64245
9/15/2025	2:34:18 PM	105.85819	109.42266	111.62892	105.31245	104.38913	109.53901	105.94916	103.98035	104.23786	102.80087	104.34600	105.05716	105.08569	104.58691
9/15/2025	2:34:22 PM	105.79770	109.34401	111.53912	105.26129	104.33793	109.45923	105.88720	103.92867	104.18718	102.75367	104.28991	104.99896	105.03040	104.53019
9/15/2025	2:34:25 PM	105.73602	109.26497	111.44807	105.20963	104.28561	109.37865	105.82421	103.87566	104.13420	102.70504	104.23211	104.93868	104.97269	104.47181
9/15/2025	2:34:29 PM	105.67319	109.18429	111.35660	105.15665	104.23244	109.29812	105.76090	103.82173	104.08096	102.65581	104.17455	104.87905	104.91538	104.41465
9/15/2025	2:34:32 PM	105.61368	109.10798	111.26863	105.10611	104.18196	109.22073	105.70042	103.77204	104.03160	102.61099	104.12046	104.82215	104.86094	104.35945
9/15/2025	2:34:36 PM	105.55440	109.03159	111.18053	105.05685	104.13281	109.14534	105.64174	103.72388	103.98411	102.56729	104.06829	104.76700	104.80855	104.30653
9/15/2025	2:34:40 PM	105.49644	108.95717	111.09410	105.00833	104.08411	109.06869	105.58274	103.67541	103.93563	102.52418	104.01630	104.71100	104.75538	104.25332
9/15/2025	2:34:43 PM	105.43839	108.88233	111.00695	104.95924	104.03516	108.99251	105.52282	103.62562	103.88653	102.47837	103.96117	104.65222	104.70007	104.19789
9/15/2025	2:34:47 PM	105.37850	108.80520	110.91898	104.90892	103.98487	108.91571	105.46268	103.57585	103.83749	102.43472	103.90795	104.59677	104.64685	104.14505
9/15/2025	2:34:50 PM	105.32169	108.73222	110.83404	104.86106	103.93620	108.84137	105.40360	103.52729	103.78952	102.39021	103.85538	104.54053	104.59233	104.09150
9/15/2025	2:34:54 PM	105.26359	108.65706	110.74730	104.81085	103.88655	108.76528	105.34381	103.47737	103.73966	102.34488	103.80057	104.48374	104.53725	104.03673
9/15/2025	2:34:58 PM	105.20554	108.58265	110.66211	104.76147	103.83692	108.69071	105.28477	103.42858	103.69103	102.30128	103.74695	104.42881	104.48475	103.98421
9/15/2025	2:35:01 PM	105.14809	108.50914	110.57842	104.71314	103.78913	108.61842	105.22768	103.38055	103.64301	102.25816	103.69250	104.37425	104.43114	103.93115
9/15/2025	2:35:05 PM	105.09187	108.43670	110.49477	104.66377	103.73948	108.54382	105.16926	103.33052	103.59314	102.21245	103.63597	104.31815	104.37728	103.87776
9/15/2025	2:35:08 PM	105.03260	108.36162	110.40956	104.61352	103.68923	108.46941	105.10920	103.27988	103.54275	102.16699	103.57945	104.26153	104.32247	103.82374
9/15/2025	2:35:12 PM	104.97605	108.29042	110.32827	104.56502	103.64058	108.39724	105.05119	103.23116	103.49452	102.12298	103.52496	104.20682	104.26823	103.77015
9/15/2025	2:35:15 PM	104.91678	108.21515	110.24222	104.51377	103.59018	108.32257	104.99261	103.18168	103.44601	102.08036	103.47194	104.15300	104.21549	103.71890
9/15/2025	2:35:19 PM	104.86126	108.14419	110.16050	104.46561	103.54219	108.25087	104.93623	103.13496	103.39939	102.03775	103.41996	104.10024	104.16338	103.66756
9/15/2025	2:35:23 PM	104.80613	108.07348	110.07951	104.41749	103.49419	108.17953	104.87976	103.08681	103.35125	101.99483	103.36680	104.04606	104.10799	103.61475
9/15/2025	2:35:26 PM	104.74926	108.00175	109.99702	104.36800	103.44499	108.10830	104.82295	103.03904	103.30456	101.95305	103.31591	103.99422	104.05473	103.56337
9/15/2025	2:35:30 PM	104.69488	107.93243	109.91755	104.32113	103.39754	108.03866	104.76806	102.99313	103.25911	101.91215	103.26616	103.94379	104.00123	103.51181
9/15/2025	2:35:33 PM	104.62240	107.81194	109.73552	104.11265	103.13987	107.78934	104.64793	103.04491	103.53009	102.29977	103.57455	104.06676	103.74937	103.51444
9/15/2025	2:35:37 PM	104.38606	107.15187	108.86536	103.28683	102.46570	107.44506	104.69460	103.48071	103.94763	102.71894	103.86017	104.16521	103.58310	103.49668
9/15/2025	2:35:40 PM	104.08262	106.59538	108.18949	102.60926	101.74779	106.72166	104.20085	103.00766	103.39684	101.99786	102.68071	102.88002	102.12850	101.87218
9/15/2025	2:35:44 PM	101.94735	103.97981	105.39101	97.89111	98.96087	103.43872	101.78233	100.24604	100.67292	99.86759	81.03958	100.07201	99.30464	99.02624
9/15/2025	2:35:48 PM	76.90295	100.95169	102.40929	93.75486	96.55421	101.06086	99.56769	98.53171	98.84874	98.12536	77.33641	97.40927	96.85097	96.49070
9/15/2025	2:35:51 PM	77.09473	98.68320	99.73936	91.91956	94.49581	99.31603	97.66921	97.00030	97.67709	96.89878	77.58825	95.81990	95.54669	95.47954
9/15/2025	2:35:55 PM	77.08960	97.64591	98.43130	91.28877	93.32493	98.71807	97.10818	96.54157	97.04808	96.16134	77.68656	95.00019	94.60742	94.82393
9/15/2025	2:35:58 PM	77.15927	96.91871	97.67288	91.07697	92.55490	98.21440	96.63677	96.13449	96.54800	95.58984	77.84477	94.47033	93.76727	94.28724
9/15/2025	2:36:02 PM	77.31244	96.35491	97.17830	90.95104	91.95578	97.74855	96.18974	95.74527	96.10780	95.13480	77.98525	94.03909	92.98922	93.79350
9/15/2025	2:36:05 PM	77.63393	95.84806	96.71712	90.80591	91.44123	97.29687	95.76899	95.38003	95.71806	94.74873	78.16647	93.65793	92.29001	93.34539
9/15/2025	2:36:09 PM	77.81661	95.39411	96.28356	90.64826	91.00088	96.88668	95.39403	95.05865	95.38341	94.42284	78.37966	93.33787	91.68664	92.95242
9/15/2025	2:36:12 PM	77.97067	94.99466	95.89571	90.48924	90.63270	96.52028	95.06977	94.78476	95.09562	94.14821	78.67504	93.05007	91.18156	92.61784
9/15/2025	2:36:16 PM	78.09487	94.64161	95.52324	90.32989	90.32112	96.19381	94.78086	94.53588	94.83788	93.90145	78.93769	92.80954	90.76473	92.32741
9/15/2025	2:36:19 PM	78.30133	94.31688	95.18415	90.17606	90.05883	95.89591	94.52190	94.31442	94.60527	93.67961	79.29362	92.58904	90.40480	92.06114
9/15/2025	2:36:23 PM	78.49536	94.01793	94.85525	90.01722	89.82224	95.60760	94.27246	94.09715	94.37891	93.46342	79.68601	92.38568	90.09381	91.81699
9/15/2025	2:36:26 PM	78.69836	93.73630	94.54389	89.86318	89.60880	95.33251	94.03520	93.88967	94.16079	93.25246	80.22921	92.19632	89.81599	91.58422
9/15/2025	2:36:30 PM	79.11216	93.46604	94.24554	89.70615	89.41352	95.06992	93.80919	93.69210	93.95322	93.05440	80.70103	92.01696	89.57715	91.37165
9/15/2025	2:36:33 PM	80.07362	93.20583	93.96065	89.55159	89.23024	94.81207	93.58674	93.49219	93.74496	92.85640	81.22190	91.84978	89.35802	91.16616
9/15/2025	2:36:37 PM	81.21727	92.94900	93.67806	89.39404	89.05078	94.55460	93.36250	93.28898	93.53566	92.65468	81.80605	91.68041	89.14933	90.96150
9/15/2025	2:36:40 PM	82.19446	92.70683	93.40885	89.24078	88.88115	94.31536	93.15509	93.09990	93.33818	92.46626	82.54654	91.52400	88.96930	90.77494
9/15/2025	2:36:44 PM	82.92511	92.46524	93.14633	89.09026	88.72088	94.07840	92.94962	92.91475	93.14132	92.27850	83.50475	91.37091	88.80060	90.59274
9/15/2025	2:36:47 PM	83.56240	92.24602	92.89903	88.94914	88.57203	93.85664	92.75469	92.73784	92.95714	92.10187	84.47458	91.23184	88.64718	90.42072
9/15/2025	2:36:51 PM	84.20948	92.02693	92.65484	88.80927	88.42538	93.63511	92.56102	92.56131	92.77289	91.92362	85.44419	91.08615	88.49990	90.25114
9/15/2025	2:36:54 PM	84.80481	91.81703	92.42241	88.67550	88.28542	93.42386	92.37381	92.38881	92.59078	91.75248	86.19699	90.93856	88.36427	90.08804
9/15/2025	2:36:58 PM	85.36855	91.61162	92.19845	88.54505	88.15176	93.21785	92.19415	92.22463	92.42111	91.59029	86.68084	90.79787	88.24214	89.93779
9/15/2025	2:37:01 PM	85.77387	91.41708	91.98807	88.42351	88.02701	93.02399	92.02255	92.06428	92.25605	91.43226	86.98724	90.65563	88.12324	89.78754
9/15/2025	2:37:05 PM	86.02969	91.22788	91.77618	88.30508	87.90742	92.83660	91.85582	91.91156	92.09641	91.27996	87.17874	90.51447	88.01388	89.64496
9/15/2025	2:37:08 PM	86.20416	91.04598	91.58021	88.18882	87.79000	92.65169	91.69207	91.75905	91.93803	91.12877	87.31745	90.37776	87.90571	89.50400
9/15/2025	2:37:12 PM	86.33545	90.87163	91.38726	88.07613	87.67661	92.47243	91.53284	91.60849	91.78181	90.98052	87.42006	90.24808	87.80222	89.36725
9/15/2025	2:37:15 PM	86.43142	90.69979	91.20000	87.96924	87.56615	92.29976	91.37938	91.46372	91.63227	90.84128	87.50054	90.11544	87.70386	89.23441
9/15/2025	2:37:19 PM	86.50379	90.53548	91.02047	87.86310	87.45620	92.12764	91.22346	91.31810	91.48228	90.69941	87.56744	89.98218	87.60505	89.10049
9/15/2025	2:37:22 PM	86.55212	90.37468	90.84340	87.76038	87.34914	91.96113	91.07414	91.17533	91.33646	90.56244	87.61445	89.85198	87.51290	88.97381
9/15/2025	2:37:25 PM	86.58401	90.21870	90.67883	87.66038	87.24512	91.80148	90.93170	91.03909	91.19447	90.43138	87.65276	89.72343	87.42128	88.84942
9/15/2025	2:37:29 PM	86.60335	90.06818	90.51488	87.56256	87.14269	91.64029	90.78634	90.89924	91.05361	90.29772	87.67826	89.59243	87.33058	88.72506
9/15/2025	2:37:32 PM	86.60901	89.91117	90.34709	87.46193	87.03993	91.48280	90.64259	90.76114	90.91462	90.16772	87.69244	89.46230	87.24164	88.60234
9/15/2025	2:37:36 PM	86.60387	89.75720	90.18864	87.36312	86.94016	91.32789	90.50034	90.62345	90.77369	90.03477	87.69490	89.33266	87.15223	88.47906
9/15/2025	2:37:39 PM	86.58551	89.60539	90.02900	87.26351	86.83906	91.17283	90.35876	90.48816	90.63596	89.90694	87.68606	89.20359	87.06318	88.35863
9/15/2025	2:37:43 PM	86.56138	89.45741	89.87791	87.16577	86.74002	91.02387	90.22161	90.35537	90.50299	89.78220	87.67321	89.07811	86.97734	88.24062
9/15/2025	2:37:46 PM	86.53443	89.31704	89.72832	87.06950	86.63981	90.87609	90.08689	90.22378	90.37031	89.65763	87.65565	88.95322	86.89176	88.12409
9/15/2025	2:37:50 PM	86.50257	89.17829	89.58476	86.97390	86.54196	90.72768	89.95077	90.09067	90.23752	89.53292	87.62887	88.82747	86.80441	88.00774
9/15/2025	2:37:53 PM	86.46394	89.03736	89.44255	86.87892	86.44644	90.58697	89.82013	89.96430	90.11241	89.41559	87.60015	88.70798	86.72203	87.89526
9/15/2025	2:37:57 PM	86.42279	88.89955	89.30344	86.78711	86.35222	90.44578	89.69002	89.83593	89.98428	89.29524	87.56845	88.58768	86.63888	87.78316
9/15/2025	2:38:00 PM	86.38001	88.76273	89.16704	86.69391	86.25831	90.30530	89.56179	89.70947	89.85801	89.17674	87.53009	88.46845	86.55424	87.67119
9/15/2025	2:38:04 PM	86.33407	88.63509	89.03362	86.60292	86.16688	90.16952	89.43684	89.58634	89.73600	89.06155	87.49003	88.35267	86.47344	87.56258
9/15/2025	2:38:07 PM	86.28458	88.50453	88.90620	86.51454	86.07565	90.03665	89.31445	89.46589	89.61686	88.94932	87.44713	88.23984	86.39372	87.45648
9/15/2025	2:38:11 PM	86.23629	88.38064	88.77891	86.42795	85.98613	89.90759	89.19443	89.34620	89.49863	88.83873	87.40256	88.12802	86.31500	87.35158
9/15/2025	2:38:14 PM	86.18719	88.25678	88.65583	86.34299	85.89731	89.78016	89.07618	89.22837	89.38248	88.73043	87.35417	88.01752	86.23603	87.24728
9/15/2025	2:38:18 PM	86.13208	88.13397	88.53358	86.25586	85.80804	89.65204	88.95647	89.10882	89.26560	88.62046	87.30350	87.90891	86.15766	87.14417
9/15/2025	2:38:21 PM	86.08037	88.01367	88.41238	86.17184	85.72212	89.52888	88.84088	88.99427	89.15357	88.51482	87.25235	87.80441	86.08138	87.04473
9/15/2025	2:38:25 PM	86.02495	87.89330	88.29481	86.08957	85.63804	89.40615	88.72655	88.87896	89.04119	88.40932	87.20006	87.70212	86.00526	86.94536
9/15/2025	2:38:28 PM	85.97297	87.77687	88.17848	86.00923	85.55565	89.28790	88.61778	88.76979	88.93486	88.30908	87.14849	87.60536	85.93279	86.85074
9/15/2025	2:38:32 PM	85.92288	87.66854	88.07103	85.93343	85.47745	89.17369	88.50944	88.66075	88.82875	88.21004	87.09542	87.50627	85.86043	86.75707
9/15/2025	2:38:35 PM	85.86901	87.56158	87.96329	85.85675	85.39758	89.05874	88.40235	88.55250	88.72334	88.11120	87.03977	87.40669	85.78750	86.66335
9/15/2025	2:38:39 PM	85.81417	87.45272	87.85652	85.78123	85.31958	88.94613	88.29658	88.44585	88.61935	88.01410	86.98489	87.31209	85.71620	86.57100
9/15/2025	2:38:42 PM	85.76001	87.34739	87.74975	85.70621	85.24175	88.83497	88.19205	88.34055	88.51639	87.91793	86.92830	87.21835	85.64544	86.48153
9/15/2025	2:38:46 PM	85.70530	87.24544	87.64803	85.63255	85.16543	88.72507	88.08754	88.23535	88.41363	87.82162	86.86807	87.12206	85.57229	86.38903
9/15/2025	2:38:49 PM	85.64888	87.14205	87.54501	85.55934	85.09040	88.61735	87.98682	88.13303	88.31306	87.72847	86.81010	87.03072	85.50189	86.30134
9/15/2025	2:38:53 PM	85.59295	87.04360	87.44371	85.48722	85.01544	88.50967	87.88649	88.03089	88.21391	87.63615	86.75100	86.93903	85.43158	86.21263
9/15/2025	2:38:56 PM	85.53729	86.94457	87.34527	85.41744	84.94261	88.40576	87.78827	87.93178	88.11803	87.54737	86.69352	86.85434	85.36463	86.12918
9/15/2025	2:39:00 PM	85.48381	86.84958	87.25182	85.35067	84.87328	88.30658	87.69369	87.83524	88.02426	87.45937	86.63510	86.76865	85.29783	86.04627
9/15/2025	2:39:03 PM	85.42979	86.75422	87.15648	85.28203	84.80323	88.20579	87.59972	87.73910	87.93059	87.37205	86.57654	86.68471	85.23075	85.96353
9/15/2025	2:39:07 PM	85.37563	86.66223	87.06656	85.21574	84.73396	88.10670	87.50585	87.64394	87.83878	87.28626	86.51746	86.60195	85.16481	85.88155
9/15/2025	2:39:10 PM	85.32107	86.57440	86.97501	85.15069	84.66599	88.01026	87.41414	87.55005	87.74712	87.20044	86.45734	86.51793	85.09977	85.80129
9/15/2025	2:39:14 PM	85.26708	86.48632	86.88672	85.08722	84.60081	87.91577	87.32550	87.45819	87.65826	87.11809	86.39901	86.43800	85.03490	85.72182
9/15/2025	2:39:17 PM	85.21266	86.39602	86.79704	85.02214	84.53340	87.82033	87.23419	87.36615	87.57008	87.03567	86.34031	86.35873	84.97100	85.64448
9/15/2025	2:39:21 PM	85.15915	86.30888	86.71168	84.96066	84.46870	87.72812	87.14673	87.27683	87.48376	86.95536	86.28222	86.28238	84.90884	85.56886
9/15/2025	2:39:24 PM	85.10774	86.22520	86.62970	84.89970	84.40639	87.63818	87.06242	87.18925	87.39880	86.87646	86.22344	86.20675	84.84702	85.49352
9/15/2025	2:39:28 PM	85.05428	86.14113	86.54626	84.83967	84.34360	87.54817	86.97771	87.10190	87.31463	86.79728	86.16473	86.13072	84.78561	85.41942
9/15/2025	2:39:31 PM	85.00161	86.06112	86.46453	84.78183	84.28343	87.46068	86.89466	87.01614	87.23211	86.72005	86.10675	86.05807	84.72575	85.34712
9/15/2025	2:39:35 PM	84.95020	85.98345	86.38564	84.72373	84.22301	87.37533	86.81322	86.93260	87.15217	86.64564	86.04958	85.98524	84.66557	85.27528
9/15/2025	2:39:38 PM	84.89851	85.90675	86.30858	84.66876	84.16547	87.29292	86.73485	86.85267	87.07622	86.57361	85.99522	85.91785	84.61053	85.20857
9/15/2025	2:39:42 PM	84.84997	85.83262	86.23483	84.61707	84.11021	87.21434	86.65965	86.77542	87.00097	86.50347	85.94023	85.85044	84.55443	85.14191
9/15/2025	2:39:45 PM	84.80125	85.75989	86.15985	84.56303	84.05418	87.13456	86.58242	86.69582	86.92484	86.43328	85.88531	85.78390	84.49776	85.07518
9/15/2025	2:39:49 PM	84.75173	85.68883	86.08787	84.51081	84.00036	87.05467	86.50748	86.61910	86.85112	86.36305	85.83037	85.71680	84.44280	85.00937
9/15/2025	2:39:52 PM	84.70286	85.61647	86.01372	84.45809	83.94555	86.97536	86.43208	86.54023	86.77517	86.29225	85.77370	85.64988	84.38603	84.94237
9/15/2025	2:39:56 PM	84.65186	85.54460	85.94049	84.40517	83.88984	86.89635	86.35661	86.46241	86.70103	86.22319	85.71761	85.58404	84.33069	84.87749
9/15/2025	2:40:00 PM	84.60365	85.47502	85.87091	84.35542	83.83814	86.82235	86.28581	86.38891	86.63027	86.15718	85.66466	85.52205	84.27837	84.81585
9/15/2025	2:40:03 PM	84.55493	85.40967	85.80242	84.30734	83.78765	86.74778	86.21384	86.31499	86.55918	86.09046	85.61051	85.45809	84.22460	84.75236
9/15/2025	2:40:07 PM	84.50824	85.34301	85.73507	84.25858	83.73751	86.67412	86.14457	86.24352	86.49019	86.02545	85.55645	85.39780	84.17235	84.69123
9/15/2025	2:40:10 PM	84.46229	85.27793	85.66931	84.21008	83.68713	86.60232	86.07582	86.17202	86.42122	85.96091	85.50277	85.33654	84.11987	84.63136
9/15/2025	2:40:14 PM	84.41584	85.21544	85.60499	84.16276	83.63793	86.53045	86.00654	86.10155	86.35413	85.89787	85.45070	85.27638	84.06988	84.57199
9/15/2025	2:40:17 PM	84.36919	85.14973	85.53976	84.11655	83.59009	86.46198	85.94078	86.03395	86.28951	85.83824	85.40015	85.21976	84.02097	84.51538
9/15/2025	2:40:21 PM	84.32600	85.08972	85.47915	84.07238	83.54440	86.39549	85.87717	85.96864	86.22707	85.77881	85.35069	85.16335	83.97361	84.46002
9/15/2025	2:40:24 PM	84.28198	85.03156	85.41785	84.02999	83.50091	86.32970	85.81485	85.90390	86.16386	85.72046	85.30042	85.10866	83.92649	84.40612
9/15/2025	2:40:28 PM	84.23889	84.97450	85.35944	83.98754	83.45571	86.26526	85.75522	85.84475	86.10771	85.66519	85.24757	85.03862	83.87594	84.34883
9/15/2025	2:40:32 PM	84.15356	84.87483	85.26272	83.91981	83.40174	86.20875	85.72837	85.83271	86.07647	85.61619	85.17887	84.94515	83.81778	84.29754
9/15/2025	2:40:35 PM	84.08193	84.77606	85.17616	83.85958	83.35883	86.16827	85.69618	85.80471	86.04439	85.58081	85.13738	84.88724	83.76989	84.25017
9/15/2025	2:40:39 PM	84.02349	84.70178	85.10428	83.80922	83.31934	86.12344	85.65795	85.76860	86.00452	85.54132	85.09691	84.83528	83.72658	84.20475
9/15/2025	2:40:42 PM	83.97454	84.63571	85.03833	83.76531	83.28035	86.07688	85.61599	85.72742	85.96198	85.49878	85.05458	84.78398	83.68360	84.15975
9/15/2025	2:40:45 PM	83.92598	84.57651	84.97768	83.72253	83.24263	86.02594	85.57079	85.68287	85.91658	85.45400	85.01058	84.73319	83.64192	84.11377
9/15/2025	2:40:49 PM	83.88111	84.52034	84.91943	83.68187	83.20406	85.97397	85.52308	85.63382	85.86731	85.40685	84.96701	84.68286	83.60015	84.06835
9/15/2025	2:40:52 PM	83.83789	84.46536	84.86463	83.64251	83.16708	85.92123	85.47361	85.58489	85.81861	85.36049	84.92348	84.63425	83.55810	84.02219
9/15/2025	2:40:56 PM	83.79392	84.40920	84.80808	83.60314	83.12808	85.86714	85.42338	85.53350	85.76819	85.31249	84.87862	84.58424	83.51650	83.97665
9/15/2025	2:40:59 PM	83.75253	84.35619	84.75360	83.56480	83.09061	85.81503	85.37528	85.48390	85.71897	85.26505	84.83516	84.53601	83.47516	83.93215
9/15/2025	2:41:03 PM	83.71237	84.30867	84.70268	83.52876	83.05477	85.76436	85.32635	85.43307	85.66983	85.21905	84.79133	84.48757	83.43575	83.88699
9/15/2025	2:41:06 PM	83.67244	84.25679	84.64966	83.49309	83.01866	85.71159	85.27767	85.38333	85.62068	85.17283	84.74959	84.44299	83.39693	83.84484
9/15/2025	2:41:10 PM	83.63370	84.20930	84.60149	83.45866	82.98381	85.66200	85.23134	85.33511	85.57412	85.12716	84.70725	84.39713	83.35731	83.80122
9/15/2025	2:41:13 PM	83.59409	84.16096	84.55085	83.42258	82.94675	85.60978	85.18201	85.28406	85.52360	85.08016	84.66395	84.35255	83.31749	83.75772
9/15/2025	2:41:17 PM	83.55637	84.11285	84.50076	83.38957	82.91249	85.55996	85.13499	85.23631	85.47833	85.03648	84.62366	84.30937	83.28059	83.71665
9/15/2025	2:41:20 PM	83.52054	84.06907	84.45459	83.35711	82.87958	85.51090	85.08870	85.18665	85.42966	84.99119	84.58224	84.26446	83.24209	83.67396
9/15/2025	2:41:24 PM	83.48286	84.01995	84.40610	83.32328	82.84348	85.46205	85.04017	85.13790	85.38153	84.94563	84.54043	84.22180	83.20496	83.63300
9/15/2025	2:41:27 PM	83.44678	83.97650	84.36025	83.29168	82.81033	85.41283	84.99495	85.09025	85.33567	84.90227	84.49959	84.17824	83.16662	83.59077
9/15/2025	2:41:31 PM	83.40999	83.93457	84.31500	83.25860	82.77619	85.36476	84.94825	85.04309	85.29037	84.85861	84.46011	84.13700	83.12998	83.55060
9/15/2025	2:41:34 PM	83.37518	83.89003	84.27038	83.22692	82.74324	85.31659	84.90272	84.99630	85.24337	84.81545	84.41989	84.09609	83.09392	83.51101
9/15/2025	2:41:38 PM	83.34123	83.84950	84.22649	83.19604	82.71144	85.27074	84.85835	84.95022	85.19954	84.77336	84.38133	84.05538	83.05776	83.47129
9/15/2025	2:41:41 PM	83.30698	83.80782	84.18343	83.16578	82.68035	85.22356	84.81433	84.90402	85.15357	84.73054	84.34221	84.01506	83.02247	83.43191
9/15/2025	2:41:45 PM	83.27267	83.76450	84.13943	83.13575	82.64781	85.17595	84.76851	84.85798	85.10947	84.68850	84.30189	83.97440	82.98583	83.39260
9/15/2025	2:41:48 PM	83.23859	83.72283	84.09618	83.10541	82.61623	85.12927	84.72491	84.81265	85.06501	84.64662	84.26369	83.93475	82.95138	83.35453
9/15/2025	2:41:52 PM	83.20470	83.68392	84.05502	83.07609	82.58562	85.08429	84.68200	84.76756	85.02133	84.60625	84.22521	83.89558	82.91714	83.31681
9/15/2025	2:41:55 PM	83.17265	83.64724	84.01613	83.04858	82.55678	85.04101	84.64141	84.72492	84.97979	84.56670	84.18946	83.85985	82.88511	83.28111
9/15/2025	2:41:59 PM	83.14250	83.61012	83.97717	83.02189	82.52725	84.99844	84.60065	84.68236	84.93851	84.52744	84.15241	83.82334	82.85147	83.24447
9/15/2025	2:42:02 PM	83.11139	83.57219	83.93727	82.99355	82.49797	84.95501	84.55968	84.63976	84.89600	84.48801	84.11580	83.78634	82.81792	83.20821
9/15/2025	2:42:06 PM	83.07905	83.53256	83.89797	82.96612	82.46815	84.91030	84.51878	84.59701	84.85351	84.44846	84.07887	83.74943	82.78486	83.17175
9/15/2025	2:42:09 PM	83.04801	83.49598	83.85963	82.93866	82.43947	84.86750	84.47738	84.55443	84.81255	84.41005	84.04340	83.71393	82.75315	83.13659
9/15/2025	2:42:12 PM	83.01566	83.45756	83.82091	82.91180	82.41083	84.82535	84.43674	84.51167	84.77084	84.37053	84.00735	83.67788	82.71961	83.10084
9/15/2025	2:42:16 PM	82.98599	83.42394	83.78256	82.88607	82.38220	84.78385	84.39751	84.47120	84.73117	84.33395	83.97234	83.64249	82.68781	83.06607
9/15/2025	2:42:19 PM	82.95627	83.38990	83.74646	82.85969	82.35544	84.74277	84.35887	84.43122	84.69183	84.29699	83.93742	83.60830	82.65642	83.03196
9/15/2025	2:42:23 PM	82.92532	83.35322	83.70944	82.83289	82.32758	84.70096	84.31971	84.39028	84.65197	84.25904	83.90279	83.57385	82.62508	82.99768
9/15/2025	2:42:26 PM	82.89607	83.32160	83.67446	82.80742	82.30084	84.66177	84.28220	84.35084	84.61293	84.22234	83.86810	83.53934	82.59435	82.96431
9/15/2025	2:42:30 PM	82.86721	83.28846	83.63822	82.78215	82.27446	84.62178	84.24346	84.31151	84.57430	84.18633	83.83501	83.50579	82.56433	82.93191
9/15/2025	2:42:33 PM	82.83736	83.25401	83.60334	82.75812	82.24875	84.58216	84.20712	84.27433	84.53742	84.15103	83.80166	83.47350	82.53426	82.89936
9/15/2025	2:42:37 PM	82.80978	83.22134	83.56711	82.73302	82.22193	84.54308	84.16862	84.23373	84.49838	84.11528	83.76826	83.44100	82.50331	82.86595
9/15/2025	2:42:40 PM	82.78051	83.18892	83.53256	82.70855	82.19561	84.50437	84.13264	84.19601	84.46125	84.08065	83.73488	83.40854	82.47415	82.83381
9/15/2025	2:42:44 PM	82.75349	83.15731	83.49862	82.68491	82.17059	84.46703	84.09671	84.15901	84.42472	84.04575	83.70265	83.37647	82.44550	82.80269
9/15/2025	2:42:47 PM	82.72525	83.12481	83.46460	82.66102	82.14548	84.42822	84.06100	84.12180	84.38776	84.01124	83.67029	83.34377	82.41705	82.77158
9/15/2025	2:42:51 PM	82.69798	83.09227	83.43045	82.63786	82.12113	84.39211	84.02552	84.08510	84.35205	83.97766	83.63776	83.31336	82.38807	82.74054
9/15/2025	2:42:54 PM	82.66978	83.06005	83.39705	82.61430	82.09612	84.35426	83.98947	84.04864	84.31582	83.94342	83.60606	83.28196	82.35889	82.70889
9/15/2025	2:42:58 PM	82.64412	83.02920	83.36525	82.59154	82.07161	84.31792	83.95502	84.01252	84.28018	83.91032	83.57494	83.25064	82.33101	82.67902
9/15/2025	2:43:01 PM	82.61735	82.99904	83.33300	82.56850	82.04691	84.28154	83.92107	83.97677	84.24518	83.87720	83.54368	83.22008	82.30309	82.64896
9/15/2025	2:43:05 PM	82.59055	82.97017	83.30145	82.54623	82.02347	84.24704	83.88690	83.94266	84.21109	83.84520	83.51323	83.19230	82.27589	82.61942
9/15/2025	2:43:08 PM	82.56591	82.94165	83.27086	82.52465	82.00026	84.21165	83.85410	83.90785	84.17711	83.81274	83.48320	83.16219	82.24922	82.59057
9/15/2025	2:43:12 PM	82.54050	82.91291	83.23998	82.50324	81.97799	84.17774	83.82144	83.87425	84.14359	83.78103	83.45321	83.13297	82.22309	82.56243
9/15/2025	2:43:15 PM	82.51561	82.88591	83.20994	82.48288	81.95596	84.14424	83.78994	83.84165	84.11083	83.75074	83.42382	83.10469	82.19709	82.53402
9/15/2025	2:43:19 PM	82.49006	82.85591	83.17921	82.46022	81.93303	84.10927	83.75621	83.80646	84.07620	83.71826	83.39269	83.07553	82.16974	82.50490
9/15/2025	2:43:22 PM	82.46327	82.82418	83.14889	82.43898	81.90954	84.07477	83.72400	83.77315	84.04283	83.68634	83.36320	83.04547	82.14322	82.47610
9/15/2025	2:43:26 PM	82.43823	82.79752	83.11971	82.41816	81.88826	84.04279	83.69364	83.74164	84.01088	83.65627	83.33427	83.01846	82.11843	82.44943
9/15/2025	2:43:29 PM	82.41476	82.76857	83.09048	82.39740	81.86655	84.01143	83.66363	83.71049	83.98043	83.62785	83.30688	82.99174	82.09413	82.42336
9/15/2025	2:43:33 PM	82.39171	82.74319	83.06341	82.37865	81.84590	83.98028	83.63418	83.67974	83.95062	83.59991	83.27981	82.96581	82.07033	82.39801
9/15/2025	2:43:36 PM	82.36896	82.71903	83.03565	82.35885	81.82558	83.94916	83.60509	83.64954	83.92105	83.57162	83.25384	82.94007	82.04674	82.37298
