1/22/2025	10:44:32 AM	76.46642	76.50901	76.46388	76.49678	76.51968	76.53359	76.52484	76.49890	76.51233	76.48202	76.51947	76.52772	76.44251	76.47291
1/22/2025	10:44:36 AM	76.46623	76.50823	76.46374	76.49711	76.51947	76.53350	76.52484	76.49859	76.51223	76.48227	76.51955	76.52716	76.44211	76.47261
1/22/2025	10:44:40 AM	76.46667	76.50817	76.46358	76.49666	76.51854	76.53312	76.52495	76.49847	76.51238	76.48191	76.51949	76.52743	76.44271	76.47300
1/22/2025	10:44:43 AM	76.46728	76.50813	76.46376	76.49697	76.51909	76.53324	76.52527	76.49877	76.51246	76.48275	76.52001	76.52746	76.44259	76.47358
1/22/2025	10:44:47 AM	76.46766	76.50879	76.46420	76.49729	76.51889	76.53329	76.52551	76.49883	76.51255	76.48251	76.52024	76.52769	76.44301	76.47424
1/22/2025	10:44:50 AM	76.46752	76.50817	76.46402	76.49704	76.51898	76.53314	76.52548	76.49884	76.51252	76.48273	76.52032	76.52780	76.44282	76.47449
1/22/2025	10:44:54 AM	76.46834	76.50853	76.46460	76.49733	76.51949	76.53343	76.52603	76.49948	76.51294	76.48313	76.52088	76.52860	76.44299	76.47446
1/22/2025	10:44:58 AM	76.46852	76.50890	76.46466	76.49762	76.51975	76.53378	76.52559	76.49894	76.51299	76.48295	76.52096	76.52791	76.44266	76.47484
1/22/2025	10:45:01 AM	76.46822	76.50852	76.46419	76.49790	76.51946	76.53394	76.52655	76.49959	76.51304	76.48333	76.52138	76.52853	76.44303	76.47487
1/22/2025	10:45:05 AM	76.46835	76.50864	76.46480	76.49768	76.51999	76.53403	76.52609	76.49956	76.51302	76.48328	76.52119	76.52814	76.44281	76.47487
1/22/2025	10:45:08 AM	76.46822	76.50867	76.46442	76.49732	76.51946	76.53390	76.52614	76.49918	76.51251	76.48315	76.52064	76.52832	76.44271	76.47474
1/22/2025	10:45:12 AM	76.46799	76.50833	76.46458	76.49696	76.51926	76.53372	76.52649	76.49923	76.51280	76.48334	76.52118	76.52808	76.44249	76.47482
1/22/2025	10:45:16 AM	76.46842	76.50829	76.46456	76.49739	76.51978	76.53370	76.52642	76.49962	76.51284	76.48374	76.52145	76.52797	76.44259	76.47512
1/22/2025	10:45:19 AM	76.46842	76.50831	76.46505	76.49744	76.51943	76.53377	76.52651	76.49956	76.51298	76.48378	76.52128	76.52829	76.44275	76.47547
1/22/2025	10:45:23 AM	76.46852	76.50858	76.46498	76.49743	76.51937	76.53320	76.52591	76.49895	76.51294	76.48345	76.52128	76.52796	76.44245	76.47534
1/22/2025	10:45:27 AM	76.46823	76.50838	76.46470	76.49745	76.51945	76.53346	76.52645	76.49948	76.51298	76.48382	76.52176	76.52807	76.44243	76.47569
1/22/2025	10:45:30 AM	76.46892	76.50889	76.46536	76.49803	76.51961	76.53375	76.52644	76.49976	76.51342	76.48432	76.52229	76.52894	76.44316	76.47655
1/22/2025	10:45:34 AM	76.46930	76.50936	76.46551	76.49811	76.52017	76.53446	76.52746	76.50041	76.51401	76.48447	76.52229	76.52728	76.44139	76.47558
1/22/2025	10:45:38 AM	76.46912	76.50879	76.46555	76.49844	76.52030	76.53498	76.52726	76.50052	76.51352	76.48447	76.52241	76.52898	76.44306	76.47661
1/22/2025	10:45:41 AM	76.46952	76.50944	76.46547	76.49829	76.52066	76.53440	76.52721	76.50042	76.51405	76.48447	76.52226	76.52912	76.44318	76.47648
1/22/2025	10:45:45 AM	76.46948	76.50909	76.46531	76.49836	76.52005	76.53440	76.52721	76.50046	76.51383	76.48472	76.52221	76.52898	76.44333	76.47657
1/22/2025	10:45:48 AM	76.46903	76.50877	76.46561	76.49842	76.52006	76.53479	76.52763	76.50082	76.51408	76.48434	76.52282	76.52909	76.44251	76.47678
1/22/2025	10:45:52 AM	76.46925	76.50908	76.46587	76.49798	76.51973	76.53420	76.52712	76.50014	76.51378	76.48464	76.52244	76.52865	76.44298	76.47638
1/22/2025	10:45:56 AM	76.46919	76.50896	76.46615	76.49858	76.52042	76.53432	76.52760	76.50012	76.51373	76.48411	76.52227	76.52840	76.44290	76.47678
1/22/2025	10:45:59 AM	76.46927	76.50898	76.46584	76.49847	76.52024	76.53437	76.52737	76.50050	76.51372	76.48465	76.52265	76.52890	76.44290	76.47678
1/22/2025	10:46:03 AM	76.46937	76.50907	76.46580	76.49862	76.52054	76.53495	76.52708	76.50053	76.51430	76.48504	76.52275	76.52876	76.44253	76.47704
1/22/2025	10:46:07 AM	76.46933	76.50922	76.46586	76.49838	76.52008	76.53440	76.52735	76.50023	76.51422	76.48500	76.52258	76.52910	76.44290	76.47685
1/22/2025	10:46:10 AM	76.46915	76.50899	76.46577	76.49866	76.52009	76.53465	76.52733	76.50056	76.51417	76.48511	76.52314	76.52933	76.44338	76.47689
1/22/2025	10:46:14 AM	76.46957	76.50943	76.46613	76.49905	76.52081	76.53516	76.52741	76.50085	76.51417	76.48517	76.52310	76.52907	76.44313	76.47729
1/22/2025	10:46:18 AM	76.46948	76.50980	76.46650	76.49932	76.52119	76.53498	76.52775	76.50069	76.51410	76.48527	76.52320	76.52903	76.44306	76.47718
1/22/2025	10:46:21 AM	76.46978	76.50955	76.46597	76.49922	76.52082	76.53488	76.52780	76.50104	76.51442	76.48513	76.52262	76.52873	76.44317	76.47729
1/22/2025	10:46:25 AM	76.46948	76.50909	76.46585	76.49877	76.52025	76.53470	76.52785	76.50042	76.51442	76.48537	76.52274	76.52955	76.44323	76.47712
1/22/2025	10:46:28 AM	76.46963	76.50929	76.46639	76.49911	76.52111	76.53527	76.52780	76.50064	76.51383	76.48522	76.52277	76.52897	76.44309	76.47701
1/22/2025	10:46:32 AM	76.46957	76.50921	76.46612	76.49875	76.52068	76.53490	76.52778	76.50093	76.51414	76.48542	76.52298	76.52902	76.44296	76.47729
1/22/2025	10:46:36 AM	76.46970	76.50910	76.46599	76.49902	76.52101	76.53542	76.52810	76.50072	76.51452	76.48540	76.52292	76.52914	76.44353	76.47718
1/22/2025	10:46:39 AM	76.46968	76.50900	76.46620	76.49890	76.52060	76.53499	76.52800	76.50090	76.51418	76.48532	76.52309	76.52940	76.44345	76.47777
1/22/2025	10:46:43 AM	76.46997	76.50996	76.46636	76.49947	76.52107	76.53523	76.52806	76.50135	76.51476	76.48573	76.52299	76.52949	76.44345	76.47786
1/22/2025	10:46:46 AM	76.47006	76.50978	76.46646	76.49908	76.52050	76.53508	76.52751	76.50068	76.51436	76.48536	76.52314	76.52928	76.44341	76.47763
1/22/2025	10:46:50 AM	76.47006	76.50948	76.46642	76.49939	76.52112	76.53581	76.52843	76.50145	76.51524	76.48580	76.52312	76.52927	76.44391	76.47821
1/22/2025	10:46:54 AM	76.46991	76.50989	76.46696	76.49954	76.52129	76.53551	76.52852	76.50166	76.51491	76.48571	76.52368	76.52974	76.44343	76.47768
1/22/2025	10:46:57 AM	76.47027	76.50976	76.46693	76.49961	76.52098	76.53572	76.52836	76.50157	76.51531	76.48612	76.52374	76.52950	76.44404	76.47827
1/22/2025	10:47:01 AM	76.47048	76.51019	76.46707	76.49986	76.52150	76.53576	76.52916	76.50187	76.51502	76.48598	76.52372	76.52987	76.44380	76.47824
1/22/2025	10:47:04 AM	76.47081	76.51015	76.46687	76.49966	76.52125	76.53538	76.52843	76.50109	76.51497	76.48550	76.52379	76.52951	76.44367	76.47801
1/22/2025	10:47:08 AM	76.46984	76.50981	76.46679	76.49931	76.52127	76.53529	76.52795	76.50091	76.51443	76.48558	76.52352	76.52920	76.44328	76.47748
1/22/2025	10:47:12 AM	76.46972	76.50955	76.46645	76.49918	76.52143	76.53524	76.52845	76.50148	76.51489	76.48548	76.52372	76.52963	76.44333	76.47728
1/22/2025	10:47:15 AM	76.46932	76.50937	76.46646	76.49923	76.52077	76.53521	76.52792	76.50099	76.51433	76.48543	76.52365	76.52909	76.44375	76.47784
1/22/2025	10:47:19 AM	76.46989	76.50975	76.46705	76.49940	76.52107	76.53571	76.52834	76.50119	76.51441	76.48563	76.52364	76.52927	76.44307	76.47793
1/22/2025	10:47:22 AM	76.47028	76.50963	76.46644	76.49915	76.52103	76.53525	76.52810	76.50107	76.51491	76.48580	76.52397	76.52980	76.44336	76.47858
1/22/2025	10:47:26 AM	76.47027	76.50991	76.46703	76.49993	76.52184	76.53608	76.52906	76.50138	76.51494	76.48568	76.52371	76.52928	76.44359	76.47797
1/22/2025	10:47:30 AM	76.46998	76.51003	76.46701	76.49977	76.52133	76.53579	76.52852	76.50146	76.51481	76.48597	76.52389	76.52971	76.44344	76.47819
1/22/2025	10:47:33 AM	76.46979	76.50955	76.46664	76.49971	76.52163	76.53615	76.52874	76.50149	76.51479	76.48593	76.52375	76.52957	76.44391	76.47822
1/22/2025	10:47:37 AM	76.47055	76.50989	76.46704	76.49939	76.52162	76.53554	76.52856	76.50093	76.51482	76.48536	76.52333	76.52927	76.44298	76.47814
1/22/2025	10:47:41 AM	76.46972	76.50948	76.46683	76.49950	76.52131	76.53544	76.52840	76.50127	76.51423	76.48544	76.52375	76.52945	76.44290	76.47790
1/22/2025	10:47:44 AM	76.46964	76.50937	76.46643	76.49953	76.52088	76.53563	76.52813	76.50055	76.51452	76.48570	76.52353	76.52886	76.44317	76.47779
1/22/2025	10:47:48 AM	76.46981	76.50949	76.46665	76.49917	76.52105	76.53581	76.52862	76.50130	76.51491	76.48581	76.52416	76.52923	76.44361	76.47858
1/22/2025	10:47:51 AM	76.46974	76.50995	76.46707	76.49995	76.52169	76.53602	76.52902	76.50156	76.51526	76.48573	76.52363	76.52940	76.44366	76.47798
1/22/2025	10:47:55 AM	76.46994	76.50989	76.46691	76.49932	76.52084	76.53579	76.52865	76.50137	76.51471	76.48601	76.52360	76.52950	76.44396	76.47840
1/22/2025	10:47:59 AM	76.46978	76.50964	76.46661	76.49995	76.52123	76.53569	76.52838	76.50158	76.51516	76.48580	76.52389	76.52941	76.44358	76.47828
1/22/2025	10:48:02 AM	76.46994	76.50999	76.46696	76.49954	76.52153	76.53552	76.52871	76.50131	76.51492	76.48575	76.52399	76.52960	76.44351	76.47801
1/22/2025	10:48:06 AM	76.46959	76.51000	76.46658	76.49930	76.52113	76.53585	76.52850	76.50094	76.51486	76.48585	76.52389	76.52904	76.44327	76.47841
1/22/2025	10:48:09 AM	76.47004	76.50994	76.46728	76.49978	76.52122	76.53587	76.52858	76.50092	76.51454	76.48593	76.52393	76.52988	76.44375	76.47844
1/22/2025	10:48:13 AM	76.46984	76.50967	76.46693	76.49975	76.52180	76.53618	76.52878	76.50151	76.51494	76.48610	76.52411	76.52952	76.44365	76.47869
1/22/2025	10:48:17 AM	76.47051	76.51020	76.46732	76.50017	76.52183	76.53646	76.52910	76.50168	76.51533	76.48596	76.52405	76.52964	76.44346	76.47804
1/22/2025	10:48:20 AM	76.46980	76.50973	76.46705	76.49976	76.52183	76.53605	76.52927	76.50189	76.51514	76.48597	76.52429	76.52952	76.44409	76.47868
1/22/2025	10:48:24 AM	76.47050	76.50985	76.46733	76.49990	76.52208	76.53572	76.52863	76.50117	76.51465	76.48599	76.52404	76.52953	76.44323	76.47802
1/22/2025	10:48:27 AM	76.46976	76.50961	76.46686	76.49977	76.52144	76.53589	76.52863	76.50124	76.51455	76.48619	76.52391	76.52938	76.44325	76.47835
1/22/2025	10:48:31 AM	76.46985	76.50973	76.46713	76.49977	76.52140	76.53590	76.52873	76.50121	76.51472	76.48578	76.52314	76.52957	76.44284	76.47822
1/22/2025	10:48:35 AM	76.46956	76.50963	76.46682	76.49912	76.52104	76.53547	76.52846	76.50104	76.51470	76.48572	76.52396	76.52929	76.44300	76.47826
1/22/2025	10:48:38 AM	76.47009	76.50971	76.46697	76.49965	76.52094	76.53598	76.52857	76.50128	76.51469	76.48547	76.52422	76.52922	76.44323	76.47856
1/22/2025	10:48:42 AM	76.46925	76.50944	76.46688	76.49927	76.52107	76.53576	76.52860	76.50126	76.51448	76.48590	76.52370	76.52935	76.44251	76.47801
1/22/2025	10:48:46 AM	76.46956	76.50937	76.46698	76.49969	76.52137	76.53588	76.52821	76.50135	76.51478	76.48607	76.52425	76.53016	76.44329	76.47886
1/22/2025	10:48:49 AM	76.46995	76.50923	76.46664	76.49953	76.52084	76.53552	76.52865	76.50095	76.51462	76.48585	76.52383	76.52934	76.44288	76.47795
1/22/2025	10:48:53 AM	76.46973	76.50936	76.46665	76.49927	76.52128	76.53550	76.52834	76.50103	76.51465	76.48570	76.52377	76.52927	76.44349	76.47857
1/22/2025	10:48:56 AM	76.47004	76.50982	76.46682	76.49986	76.52144	76.53606	76.52897	76.50096	76.51464	76.48594	76.52416	76.52970	76.44394	76.47875
1/22/2025	10:49:00 AM	76.47039	76.50995	76.46717	76.50014	76.52179	76.53595	76.52893	76.50146	76.51499	76.48578	76.52412	76.52989	76.44356	76.47888
1/22/2025	10:49:04 AM	76.47002	76.50961	76.46690	76.49975	76.52159	76.53599	76.52872	76.50139	76.51448	76.48589	76.52403	76.52959	76.44330	76.47888
1/22/2025	10:49:07 AM	76.47012	76.50981	76.46736	76.50015	76.52165	76.53607	76.52877	76.50185	76.51513	76.48641	76.52409	76.52961	76.44392	76.47912
1/22/2025	10:49:11 AM	76.47062	76.51027	76.46753	76.50001	76.52214	76.53667	76.52948	76.50201	76.51489	76.48682	76.52440	76.52998	76.44397	76.47920
1/22/2025	10:49:14 AM	76.47055	76.51046	76.46816	76.50072	76.52254	76.53685	76.52995	76.50238	76.51567	76.48729	76.52529	76.53048	76.44375	76.47948
1/22/2025	10:49:18 AM	76.47078	76.51045	76.46784	76.50057	76.52205	76.53710	76.52986	76.50192	76.51555	76.48674	76.52421	76.53019	76.44426	76.47923
1/22/2025	10:49:22 AM	76.47072	76.51015	76.46764	76.50015	76.52289	76.53683	76.52954	76.50218	76.51505	76.48633	76.52507	76.52956	76.44389	76.47910
1/22/2025	10:49:25 AM	76.47014	76.51049	76.46764	76.50023	76.52209	76.53644	76.52944	76.50196	76.51495	76.48681	76.52448	76.52985	76.44343	76.47895
1/22/2025	10:49:29 AM	76.47046	76.51013	76.46764	76.50029	76.52212	76.53671	76.52921	76.50194	76.51517	76.48650	76.52463	76.52977	76.44380	76.47906
1/22/2025	10:49:32 AM	76.47014	76.51016	76.46788	76.50044	76.52204	76.53638	76.52934	76.50146	76.51503	76.48611	76.52460	76.52985	76.44355	76.47887
1/22/2025	10:49:36 AM	76.47050	76.51009	76.46720	76.50035	76.52189	76.53630	76.52909	76.50126	76.51476	76.48603	76.52408	76.52960	76.44345	76.47917
1/22/2025	10:49:40 AM	76.47034	76.50983	76.46735	76.50026	76.52229	76.53660	76.52900	76.50190	76.51504	76.48654	76.52485	76.53003	76.44330	76.47904
1/22/2025	10:49:43 AM	76.47038	76.51004	76.46761	76.50041	76.52183	76.53656	76.52956	76.50195	76.51478	76.48594	76.52460	76.52984	76.44340	76.47902
1/22/2025	10:49:47 AM	76.47024	76.50984	76.46730	76.50014	76.52198	76.53604	76.52884	76.50150	76.51485	76.48636	76.52450	76.52996	76.44374	76.47927
1/22/2025	10:49:50 AM	76.47039	76.51024	76.46755	76.50025	76.52178	76.53655	76.52953	76.50212	76.51528	76.48669	76.52468	76.53023	76.44386	76.47921
1/22/2025	10:49:54 AM	76.47028	76.51015	76.46717	76.50010	76.52179	76.53643	76.52873	76.50153	76.51488	76.48589	76.52477	76.52956	76.44358	76.47863
1/22/2025	10:49:58 AM	76.47023	76.50999	76.46730	76.50014	76.52177	76.53640	76.52944	76.50119	76.51493	76.48595	76.52426	76.52933	76.44341	76.47860
1/22/2025	10:50:01 AM	76.46976	76.51010	76.46727	76.50050	76.52237	76.53654	76.52920	76.50176	76.51508	76.48644	76.52436	76.52997	76.44360	76.47883
1/22/2025	10:50:05 AM	76.46997	76.50974	76.46737	76.49990	76.52163	76.53630	76.52891	76.50120	76.51475	76.48619	76.52469	76.52956	76.44338	76.47893
1/22/2025	10:50:09 AM	76.47015	76.50992	76.46762	76.50013	76.52222	76.53640	76.52924	76.50120	76.51486	76.48568	76.52430	76.52956	76.44319	76.47864
1/22/2025	10:50:12 AM	76.46986	76.51001	76.46742	76.50003	76.52172	76.53620	76.52927	76.50139	76.51467	76.48613	76.52475	76.52978	76.44340	76.47941
1/22/2025	10:50:16 AM	76.47039	76.51003	76.46746	76.49999	76.52239	76.53637	76.52958	76.50144	76.51488	76.48596	76.52429	76.52957	76.44343	76.47894
1/22/2025	10:50:19 AM	76.47010	76.50943	76.46708	76.49976	76.52164	76.53624	76.52909	76.50132	76.51488	76.48595	76.52426	76.52944	76.44330	76.47888
1/22/2025	10:50:23 AM	76.47009	76.50971	76.46718	76.49998	76.52204	76.53610	76.52901	76.50153	76.51474	76.48628	76.52459	76.52965	76.44324	76.47906
1/22/2025	10:50:27 AM	76.47039	76.50961	76.46735	76.50025	76.52175	76.53670	76.52938	76.50125	76.51501	76.48611	76.52463	76.52972	76.44367	76.47908
1/22/2025	10:50:30 AM	76.47041	76.50999	76.46755	76.50017	76.52183	76.53631	76.52920	76.50121	76.51458	76.48649	76.52421	76.52950	76.44332	76.47915
1/22/2025	10:50:34 AM	76.46977	76.50972	76.46748	76.50023	76.52179	76.53671	76.52881	76.50152	76.51459	76.48586	76.52438	76.52956	76.44355	76.47886
1/22/2025	10:50:38 AM	76.46992	76.51007	76.46733	76.50019	76.52204	76.53630	76.52897	76.50143	76.51475	76.48633	76.52457	76.53004	76.44370	76.47959
1/22/2025	10:50:41 AM	76.47078	76.51015	76.46778	76.50026	76.52211	76.53667	76.52916	76.50143	76.51525	76.48684	76.52462	76.52967	76.44397	76.47965
1/22/2025	10:50:45 AM	76.47054	76.51013	76.46758	76.50089	76.52266	76.53688	76.52952	76.50186	76.51514	76.48661	76.52485	76.53003	76.44395	76.47958
1/22/2025	10:50:49 AM	76.47067	76.51039	76.46782	76.50022	76.52224	76.53684	76.52940	76.50164	76.51533	76.48629	76.52500	76.52980	76.44360	76.47920
1/22/2025	10:50:52 AM	76.47016	76.50969	76.46763	76.50018	76.52150	76.53627	76.52900	76.50098	76.51469	76.48628	76.52463	76.52996	76.44329	76.47908
1/22/2025	10:50:56 AM	76.47017	76.50995	76.46767	76.50027	76.52194	76.53639	76.52940	76.50140	76.51437	76.48619	76.52456	76.52973	76.44381	76.47931
1/22/2025	10:50:59 AM	76.47045	76.50937	76.46742	76.49993	76.52210	76.53654	76.52939	76.50141	76.51457	76.48619	76.52471	76.52980	76.44340	76.47887
1/22/2025	10:51:03 AM	76.47022	76.50996	76.46746	76.50021	76.52176	76.53624	76.52923	76.50157	76.51504	76.48651	76.52493	76.52991	76.44388	76.47919
1/22/2025	10:51:07 AM	76.47017	76.50964	76.46756	76.49994	76.52172	76.53673	76.52911	76.50163	76.51458	76.48594	76.52415	76.52927	76.44328	76.47950
1/22/2025	10:51:10 AM	76.47053	76.51011	76.46771	76.50024	76.52189	76.53651	76.52920	76.50116	76.51475	76.48630	76.52443	76.52975	76.44367	76.47924
1/22/2025	10:51:14 AM	76.47024	76.51022	76.46751	76.50001	76.52144	76.53656	76.52939	76.50121	76.51481	76.48637	76.52486	76.52944	76.44396	76.47961
1/22/2025	10:51:17 AM	76.47060	76.51017	76.46746	76.50035	76.52188	76.53673	76.52925	76.50163	76.51510	76.48643	76.52476	76.52995	76.44407	76.47926
1/22/2025	10:51:21 AM	76.47013	76.50982	76.46756	76.50008	76.52212	76.53620	76.52891	76.50101	76.51463	76.48581	76.52437	76.52965	76.44361	76.47948
1/22/2025	10:51:25 AM	76.47071	76.50983	76.46751	76.50021	76.52188	76.53670	76.52952	76.50130	76.51492	76.48585	76.52470	76.52986	76.44356	76.47908
1/22/2025	10:51:28 AM	76.47006	76.50978	76.46747	76.50017	76.52202	76.53643	76.52936	76.50099	76.51415	76.48576	76.52463	76.52949	76.44349	76.47907
1/22/2025	10:51:32 AM	76.47021	76.51016	76.46741	76.50037	76.52192	76.53647	76.52936	76.50138	76.51462	76.48603	76.52478	76.52943	76.44369	76.47943
1/22/2025	10:51:35 AM	76.47000	76.50987	76.46748	76.50038	76.52188	76.53620	76.52886	76.50089	76.51478	76.48567	76.52420	76.52953	76.44316	76.47923
1/22/2025	10:51:39 AM	76.47012	76.50986	76.46725	76.50015	76.52213	76.53683	76.52937	76.50149	76.51463	76.48568	76.52451	76.52956	76.44351	76.47906
1/22/2025	10:51:43 AM	76.46951	76.50939	76.46725	76.49995	76.52161	76.53623	76.52935	76.50101	76.51444	76.48620	76.52492	76.52995	76.44359	76.47898
1/22/2025	10:51:46 AM	76.47014	76.50986	76.46727	76.49972	76.52224	76.53614	76.52913	76.50134	76.51436	76.48616	76.52449	76.52931	76.44363	76.47922
1/22/2025	10:51:50 AM	76.47023	76.50997	76.46748	76.50018	76.52218	76.53654	76.52890	76.50110	76.51464	76.48615	76.52474	76.52975	76.44386	76.47991
1/22/2025	10:51:53 AM	76.47058	76.50997	76.46802	76.50052	76.52264	76.53719	76.52984	76.50176	76.51556	76.48671	76.52573	76.53058	76.44440	76.47995
1/22/2025	10:51:57 AM	76.47024	76.50995	76.46805	76.50055	76.52207	76.53681	76.52982	76.50198	76.51475	76.48630	76.52477	76.52980	76.44405	76.47965
1/22/2025	10:52:01 AM	76.47070	76.50999	76.46780	76.50040	76.52204	76.53640	76.52930	76.50122	76.51480	76.48585	76.52456	76.52956	76.44342	76.47950
1/22/2025	10:52:04 AM	76.47017	76.51040	76.46783	76.50043	76.52230	76.53670	76.52913	76.50150	76.51464	76.48597	76.52487	76.52986	76.44366	76.47976
1/22/2025	10:52:08 AM	76.47014	76.51009	76.46783	76.50030	76.52202	76.53676	76.52936	76.50085	76.51448	76.48591	76.52458	76.52941	76.44340	76.47949
1/22/2025	10:52:11 AM	76.47022	76.50973	76.46755	76.50029	76.52177	76.53615	76.52895	76.50087	76.51408	76.48590	76.52425	76.52926	76.44337	76.47947
1/22/2025	10:52:15 AM	76.47010	76.50979	76.46766	76.50023	76.52241	76.53669	76.52904	76.50117	76.51488	76.48668	76.52464	76.53010	76.44433	76.47987
1/22/2025	10:52:19 AM	76.47034	76.50993	76.46775	76.50077	76.52253	76.53672	76.52953	76.50137	76.51430	76.48642	76.52484	76.52983	76.44384	76.48007
1/22/2025	10:52:22 AM	76.47062	76.51042	76.46781	76.50098	76.52233	76.53679	76.52951	76.50137	76.51478	76.48616	76.52499	76.52966	76.44373	76.47947
1/22/2025	10:52:26 AM	76.46984	76.50993	76.46684	76.50018	76.52198	76.53637	76.52894	76.50111	76.51435	76.48597	76.52473	76.52979	76.44378	76.48000
1/22/2025	10:52:29 AM	76.47054	76.50995	76.46801	76.50037	76.52241	76.53668	76.52917	76.50121	76.51466	76.48597	76.52494	76.52999	76.44403	76.48004
1/22/2025	10:52:33 AM	76.46948	76.50958	76.46729	76.50011	76.52212	76.53667	76.52894	76.50075	76.51428	76.48601	76.52461	76.52972	76.44343	76.47947
1/22/2025	10:52:37 AM	76.47006	76.50966	76.46758	76.50018	76.52194	76.53654	76.52934	76.50099	76.51437	76.48602	76.52489	76.52962	76.44375	76.47936
1/22/2025	10:52:40 AM	76.46997	76.50963	76.46785	76.50069	76.52245	76.53691	76.52980	76.50133	76.51488	76.48614	76.52475	76.52969	76.44432	76.48029
1/22/2025	10:52:44 AM	76.47079	76.51018	76.46786	76.50062	76.52253	76.53692	76.52936	76.50126	76.51465	76.48603	76.52461	76.53005	76.44420	76.47988
1/22/2025	10:52:48 AM	76.47026	76.50971	76.46767	76.50023	76.52198	76.53646	76.52906	76.50067	76.51464	76.48555	76.52456	76.52917	76.44336	76.47912
1/22/2025	10:52:51 AM	76.47034	76.50956	76.46746	76.49998	76.52175	76.53607	76.52846	76.50072	76.51426	76.48557	76.52427	76.52935	76.44347	76.47912
1/22/2025	10:52:55 AM	76.47006	76.50982	76.46740	76.50012	76.52177	76.53655	76.52859	76.50049	76.51439	76.48595	76.52408	76.52924	76.44329	76.47894
1/22/2025	10:52:58 AM	76.46991	76.50985	76.46694	76.49987	76.52190	76.53615	76.52916	76.50075	76.51425	76.48577	76.52482	76.52987	76.44424	76.48012
1/22/2025	10:53:02 AM	76.46993	76.50972	76.46765	76.50020	76.52184	76.53661	76.52846	76.50088	76.51438	76.48591	76.52435	76.52915	76.44322	76.47894
1/22/2025	10:53:06 AM	76.46987	76.50973	76.46751	76.50016	76.52182	76.53666	76.52903	76.50113	76.51437	76.48578	76.52466	76.52973	76.44357	76.47983
1/22/2025	10:53:09 AM	76.47003	76.51001	76.46787	76.50051	76.52191	76.53648	76.52904	76.50032	76.51438	76.48602	76.52441	76.52950	76.44333	76.48010
1/22/2025	10:53:13 AM	76.47023	76.51012	76.46769	76.50070	76.52240	76.53718	76.52952	76.50140	76.51484	76.48583	76.52461	76.52950	76.44385	76.47921
1/22/2025	10:53:17 AM	76.47008	76.50998	76.46780	76.50028	76.52229	76.53663	76.52927	76.50073	76.51383	76.48578	76.52424	76.52978	76.44375	76.47976
1/22/2025	10:53:20 AM	76.47033	76.50975	76.46760	76.50038	76.52205	76.53629	76.52875	76.50075	76.51388	76.48559	76.52445	76.52938	76.44354	76.47928
1/22/2025	10:53:24 AM	76.46990	76.50957	76.46743	76.50026	76.52189	76.53655	76.52911	76.50099	76.51386	76.48594	76.52458	76.52948	76.44348	76.47967
1/22/2025	10:53:27 AM	76.47019	76.50989	76.46803	76.50020	76.52235	76.53672	76.52914	76.50081	76.51425	76.48572	76.52449	76.52936	76.44352	76.47966
1/22/2025	10:53:31 AM	76.47007	76.50966	76.46761	76.50000	76.52173	76.53633	76.52844	76.49967	76.51384	76.48541	76.52419	76.52925	76.44378	76.47981
1/22/2025	10:53:35 AM	76.47025	76.50963	76.46778	76.50044	76.52194	76.53636	76.52891	76.50091	76.51400	76.48557	76.52463	76.52921	76.44362	76.48000
1/22/2025	10:53:38 AM	76.46995	76.50923	76.46742	76.49969	76.52163	76.53573	76.52858	76.50034	76.51401	76.48536	76.52418	76.52901	76.44309	76.47949
1/22/2025	10:53:42 AM	76.47001	76.50942	76.46753	76.50006	76.52178	76.53648	76.52860	76.50032	76.51384	76.48532	76.52383	76.52939	76.44373	76.47932
1/22/2025	10:53:46 AM	76.47002	76.50960	76.46754	76.50006	76.52188	76.53615	76.52818	76.50010	76.51377	76.48561	76.52462	76.52941	76.44399	76.48007
1/22/2025	10:53:49 AM	76.47013	76.51007	76.46788	76.49995	76.52202	76.53663	76.52917	76.50053	76.51414	76.48581	76.52448	76.52920	76.44361	76.47979
1/22/2025	10:53:53 AM	76.46992	76.50971	76.46756	76.50023	76.52220	76.53703	76.52926	76.50090	76.51419	76.48560	76.52467	76.52949	76.44342	76.47967
1/22/2025	10:53:57 AM	76.46983	76.50986	76.46776	76.50018	76.52199	76.53633	76.52884	76.50050	76.51404	76.48561	76.52413	76.52924	76.44346	76.47952
1/22/2025	10:54:00 AM	76.46997	76.50950	76.46781	76.50044	76.52226	76.53674	76.52911	76.50067	76.51431	76.48596	76.52474	76.52972	76.44375	76.48031
1/22/2025	10:54:04 AM	76.47034	76.51005	76.46777	76.50047	76.52218	76.53686	76.52933	76.50086	76.51409	76.48543	76.52435	76.52972	76.44387	76.47964
1/22/2025	10:54:07 AM	76.47006	76.50989	76.46790	76.50033	76.52209	76.53651	76.52902	76.50020	76.51426	76.48573	76.52463	76.52936	76.44368	76.47957
1/22/2025	10:54:11 AM	76.47017	76.50961	76.46783	76.50021	76.52193	76.53657	76.52890	76.50074	76.51403	76.48574	76.52483	76.52921	76.44348	76.47941
1/22/2025	10:54:15 AM	76.47032	76.50969	76.46760	76.50019	76.52200	76.53665	76.52905	76.50047	76.51427	76.48551	76.52412	76.52944	76.44362	76.47985
1/22/2025	10:54:18 AM	76.47003	76.50943	76.46773	76.50026	76.52186	76.53603	76.52860	76.50040	76.51378	76.48545	76.52419	76.52897	76.44342	76.47925
1/22/2025	10:54:22 AM	76.46981	76.50919	76.46720	76.49990	76.52189	76.53602	76.52873	76.50055	76.51332	76.48552	76.52448	76.52919	76.44368	76.47980
1/22/2025	10:54:26 AM	76.47050	76.50961	76.46788	76.50020	76.52212	76.53646	76.52893	76.50066	76.51368	76.48564	76.52469	76.52929	76.44367	76.47955
1/22/2025	10:54:29 AM	76.46951	76.50908	76.46747	76.50007	76.52192	76.53607	76.52863	76.50039	76.51373	76.48551	76.52421	76.52944	76.44398	76.48016
1/22/2025	10:54:33 AM	76.46985	76.50986	76.46793	76.50050	76.52226	76.53673	76.52882	76.50058	76.51387	76.48527	76.52424	76.52896	76.44361	76.47959
1/22/2025	10:54:36 AM	76.46982	76.50943	76.46773	76.50011	76.52184	76.53619	76.52879	76.50035	76.51374	76.48553	76.52451	76.52930	76.44389	76.48008
1/22/2025	10:54:40 AM	76.47028	76.51027	76.46821	76.50043	76.52279	76.53639	76.52888	76.50062	76.51373	76.48574	76.52511	76.52968	76.44393	76.48000
1/22/2025	10:54:44 AM	76.47008	76.50996	76.46814	76.50035	76.52188	76.53642	76.52891	76.50038	76.51339	76.48528	76.52449	76.52973	76.44411	76.48019
1/22/2025	10:54:47 AM	76.47033	76.50962	76.46807	76.50036	76.52201	76.53660	76.52901	76.50025	76.51349	76.48470	76.52476	76.52919	76.44375	76.47981
1/22/2025	10:54:51 AM	76.46989	76.50933	76.46732	76.49984	76.52183	76.53623	76.52897	76.50025	76.51378	76.48530	76.52440	76.52930	76.44394	76.48005
1/22/2025	10:54:54 AM	76.46976	76.50944	76.46749	76.50019	76.52194	76.53577	76.52904	76.50033	76.51383	76.48521	76.52410	76.52894	76.44373	76.48022
1/22/2025	10:54:58 AM	76.46991	76.50981	76.46784	76.50008	76.52246	76.53677	76.52908	76.50032	76.51412	76.48543	76.52502	76.53012	76.44442	76.48085
1/22/2025	10:55:02 AM	76.47039	76.51015	76.46813	76.50076	76.52235	76.53693	76.52901	76.50067	76.51366	76.48592	76.52451	76.52957	76.44434	76.48011
1/22/2025	10:55:05 AM	76.47012	76.51010	76.46806	76.50057	76.52246	76.53696	76.52908	76.50058	76.51356	76.48532	76.52455	76.52933	76.44383	76.47985
1/22/2025	10:55:09 AM	76.47009	76.50975	76.46781	76.49995	76.52172	76.53594	76.52871	76.50006	76.51320	76.48460	76.52397	76.52869	76.44363	76.47985
1/22/2025	10:55:13 AM	76.47010	76.50973	76.46759	76.50016	76.52210	76.53642	76.52927	76.50059	76.51364	76.48566	76.52494	76.52997	76.44453	76.48039
1/22/2025	10:55:16 AM	76.47062	76.51031	76.46852	76.50078	76.52267	76.53703	76.52920	76.50022	76.51413	76.48557	76.52485	76.53017	76.44415	76.48019
1/22/2025	10:55:20 AM	76.47038	76.51001	76.46816	76.50064	76.52196	76.53689	76.52925	76.50109	76.51413	76.48576	76.52518	76.53001	76.44432	76.48095
1/22/2025	10:55:23 AM	76.47068	76.51003	76.46844	76.50098	76.52251	76.53729	76.52937	76.50105	76.51458	76.48555	76.52502	76.52993	76.44467	76.48063
1/22/2025	10:55:27 AM	76.47051	76.51031	76.46839	76.50074	76.52277	76.53676	76.52914	76.50070	76.51410	76.48595	76.52515	76.52986	76.44451	76.48070
1/22/2025	10:55:31 AM	76.47088	76.51080	76.46849	76.50092	76.52267	76.53677	76.52901	76.50050	76.51391	76.48539	76.52458	76.52944	76.44384	76.47981
1/22/2025	10:55:34 AM	76.47009	76.50976	76.46773	76.50091	76.52212	76.53622	76.52839	76.50011	76.51352	76.48507	76.52454	76.52903	76.44378	76.47962
1/22/2025	10:55:38 AM	76.47021	76.51028	76.46842	76.50019	76.52245	76.53627	76.52892	76.50035	76.51357	76.48534	76.52467	76.52900	76.44409	76.47994
1/22/2025	10:55:42 AM	76.46984	76.50950	76.46752	76.49996	76.52189	76.53611	76.52887	76.49994	76.51367	76.48453	76.52388	76.52889	76.44363	76.47975
1/22/2025	10:55:45 AM	76.46945	76.50917	76.46712	76.49957	76.52163	76.53624	76.52854	76.50026	76.51306	76.48481	76.52457	76.52884	76.44390	76.47980
1/22/2025	10:55:49 AM	76.46970	76.50925	76.46758	76.49954	76.52219	76.53630	76.52855	76.49985	76.51318	76.48468	76.52396	76.52887	76.44347	76.47936
1/22/2025	10:55:53 AM	76.46977	76.50981	76.46777	76.50048	76.52199	76.53625	76.52865	76.50035	76.51342	76.48485	76.52467	76.52907	76.44377	76.47981
1/22/2025	10:55:56 AM	76.47001	76.50945	76.46739	76.49982	76.52162	76.53603	76.52846	76.50011	76.51296	76.48494	76.52397	76.52884	76.44394	76.48004
1/22/2025	10:56:00 AM	76.46976	76.50949	76.46743	76.50013	76.52186	76.53616	76.52817	76.49973	76.51331	76.48465	76.52437	76.52882	76.44366	76.48004
1/22/2025	10:56:03 AM	76.46973	76.50936	76.46774	76.50015	76.52210	76.53603	76.52866	76.49990	76.51308	76.48465	76.52417	76.52917	76.44399	76.48026
1/22/2025	10:56:07 AM	76.47008	76.51003	76.46793	76.50086	76.52231	76.53678	76.52916	76.50045	76.51349	76.48500	76.52442	76.52937	76.44412	76.48035
1/22/2025	10:56:11 AM	76.46990	76.50979	76.46822	76.50044	76.52245	76.53664	76.52889	76.50037	76.51355	76.48483	76.52430	76.52912	76.44372	76.47983
1/22/2025	10:56:14 AM	76.47011	76.50955	76.46766	76.50010	76.52189	76.53615	76.52864	76.50034	76.51327	76.48519	76.52433	76.52957	76.44373	76.47991
1/22/2025	10:56:18 AM	76.46984	76.50977	76.46784	76.49984	76.52175	76.53650	76.52867	76.49998	76.51316	76.48490	76.52418	76.52937	76.44409	76.48005
1/22/2025	10:56:22 AM	76.46998	76.50976	76.46785	76.50036	76.52230	76.53663	76.52867	76.50010	76.51332	76.48504	76.52433	76.52918	76.44372	76.47987
1/22/2025	10:56:25 AM	76.46984	76.50947	76.46785	76.50017	76.52182	76.53623	76.52829	76.49957	76.51263	76.48449	76.52386	76.52859	76.44358	76.48022
1/22/2025	10:56:29 AM	76.46996	76.50950	76.46747	76.50003	76.52181	76.53605	76.52828	76.49973	76.51269	76.48505	76.52404	76.52866	76.44333	76.47970
1/22/2025	10:56:33 AM	76.46917	76.50933	76.46716	76.49960	76.52145	76.53575	76.52820	76.49927	76.51263	76.48438	76.52388	76.52897	76.44346	76.47972
1/22/2025	10:56:36 AM	76.46991	76.50914	76.46727	76.49985	76.52077	76.53571	76.52846	76.49951	76.51268	76.48426	76.52376	76.52866	76.44349	76.47948
1/22/2025	10:56:40 AM	76.46977	76.50932	76.46724	76.49973	76.52161	76.53616	76.52826	76.49960	76.51281	76.48455	76.52408	76.52875	76.44384	76.47975
1/22/2025	10:56:44 AM	76.46971	76.50968	76.46750	76.49975	76.52185	76.53628	76.52828	76.49973	76.51270	76.48470	76.52420	76.52914	76.44367	76.47973
1/22/2025	10:56:47 AM	76.46972	76.50917	76.46721	76.50002	76.52154	76.53577	76.52824	76.49964	76.51355	76.48471	76.52387	76.52885	76.44372	76.47998
1/22/2025	10:56:51 AM	76.46993	76.50956	76.46793	76.50022	76.52189	76.53632	76.52870	76.49996	76.51316	76.48452	76.52422	76.52920	76.44395	76.48024
1/22/2025	10:56:54 AM	76.46996	76.50958	76.46761	76.49990	76.52159	76.53594	76.52865	76.49981	76.51298	76.48431	76.52405	76.52875	76.44363	76.48016
1/22/2025	10:56:58 AM	76.46979	76.50951	76.46797	76.50004	76.52193	76.53637	76.52857	76.49981	76.51263	76.48441	76.52406	76.52890	76.44379	76.48005
1/22/2025	10:57:02 AM	76.47003	76.50913	76.46792	76.49990	76.52192	76.53600	76.52854	76.49953	76.51263	76.48444	76.52395	76.52921	76.44421	76.48030
1/22/2025	10:57:05 AM	76.47009	76.50986	76.46794	76.50022	76.52170	76.53604	76.52822	76.49935	76.51269	76.48458	76.52415	76.52883	76.44399	76.48001
1/22/2025	10:57:09 AM	76.46970	76.50920	76.46721	76.49991	76.52128	76.53585	76.52849	76.49920	76.51245	76.48425	76.52382	76.52871	76.44381	76.47978
1/22/2025	10:57:12 AM	76.46974	76.50940	76.46754	76.49992	76.52145	76.53584	76.52826	76.49961	76.51286	76.48413	76.52373	76.52863	76.44371	76.47966
1/22/2025	10:57:16 AM	76.46953	76.50888	76.46749	76.50004	76.52132	76.53561	76.52781	76.49920	76.51227	76.48385	76.52362	76.52826	76.44316	76.47943
1/22/2025	10:57:20 AM	76.46950	76.50892	76.46709	76.49943	76.52138	76.53590	76.52789	76.49913	76.51259	76.48417	76.52349	76.52842	76.44341	76.47974
1/22/2025	10:57:23 AM	76.46927	76.50897	76.46713	76.49928	76.52097	76.53562	76.52786	76.49907	76.51226	76.48409	76.52355	76.52821	76.44312	76.47982
1/22/2025	10:57:27 AM	76.46926	76.50897	76.46761	76.49951	76.52120	76.53561	76.52797	76.49903	76.51263	76.48407	76.52379	76.52840	76.44339	76.47998
1/22/2025	10:57:31 AM	76.46981	76.50910	76.46777	76.50000	76.52095	76.53527	76.52774	76.49888	76.51212	76.48393	76.52304	76.52828	76.44321	76.47951
1/22/2025	10:57:34 AM	76.46913	76.50847	76.46691	76.49974	76.52107	76.53551	76.52793	76.49925	76.51246	76.48408	76.52359	76.52847	76.44369	76.47970
1/22/2025	10:57:38 AM	76.46922	76.50886	76.46741	76.49974	76.52128	76.53554	76.52773	76.49896	76.51203	76.48365	76.52333	76.52824	76.44310	76.47904
1/22/2025	10:57:42 AM	76.46926	76.50861	76.46673	76.49920	76.52126	76.53486	76.52757	76.49889	76.51216	76.48394	76.52356	76.52827	76.44352	76.47956
1/22/2025	10:57:45 AM	76.46947	76.50890	76.46719	76.49956	76.52085	76.53510	76.52771	76.49880	76.51208	76.48384	76.52353	76.52830	76.44295	76.47957
1/22/2025	10:57:49 AM	76.46925	76.50897	76.46732	76.49944	76.52116	76.53553	76.52775	76.49865	76.51198	76.48336	76.52317	76.52811	76.44327	76.47961
1/22/2025	10:57:53 AM	76.46892	76.50867	76.46696	76.49962	76.52131	76.53526	76.52782	76.49860	76.51202	76.48339	76.52292	76.52799	76.44307	76.47922
1/22/2025	10:57:56 AM	76.46902	76.50855	76.46652	76.49914	76.52088	76.53531	76.52800	76.49856	76.51168	76.48345	76.52329	76.52787	76.44356	76.47930
1/22/2025	10:58:00 AM	76.46863	76.50886	76.46693	76.49897	76.52086	76.53510	76.52736	76.49826	76.51175	76.48344	76.52315	76.52740	76.44277	76.47883
1/22/2025	10:58:03 AM	76.46863	76.50814	76.46657	76.49901	76.52086	76.53490	76.52728	76.49852	76.51153	76.48303	76.52271	76.52745	76.44263	76.47931
1/22/2025	10:58:07 AM	76.46858	76.50830	76.46667	76.49884	76.52066	76.53504	76.52735	76.49858	76.51163	76.48329	76.52284	76.52793	76.44295	76.47913
1/22/2025	10:58:11 AM	76.46871	76.50847	76.46717	76.49871	76.52052	76.53512	76.52743	76.49820	76.51213	76.48335	76.52293	76.52783	76.44327	76.47923
1/22/2025	10:58:14 AM	76.46882	76.50873	76.46705	76.49914	76.52138	76.53512	76.52763	76.49868	76.51213	76.48371	76.52339	76.52853	76.44392	76.47981
1/22/2025	10:58:18 AM	76.46936	76.50916	76.46722	76.49941	76.52150	76.53554	76.52779	76.49901	76.51199	76.48363	76.52359	76.52833	76.44328	76.47924
1/22/2025	10:58:22 AM	76.46913	76.50872	76.46716	76.49903	76.52142	76.53508	76.52777	76.49840	76.51189	76.48363	76.52321	76.52814	76.44373	76.47957
1/22/2025	10:58:25 AM	76.46927	76.50908	76.46730	76.49961	76.52116	76.53558	76.52801	76.49889	76.51203	76.48378	76.52355	76.52792	76.44308	76.47924
1/22/2025	10:58:29 AM	76.46887	76.50854	76.46678	76.49906	76.52043	76.53478	76.52735	76.49798	76.51138	76.48346	76.52299	76.52739	76.44295	76.47920
1/22/2025	10:58:32 AM	76.46896	76.50861	76.46671	76.49912	76.52081	76.53496	76.52692	76.49775	76.51171	76.48317	76.52275	76.52748	76.44281	76.47905
1/22/2025	10:58:36 AM	76.46836	76.50823	76.46665	76.49916	76.52100	76.53468	76.52712	76.49793	76.51131	76.48322	76.52293	76.52769	76.44297	76.47927
1/22/2025	10:58:40 AM	76.46897	76.50854	76.46685	76.49903	76.52055	76.53526	76.52732	76.49820	76.51127	76.48325	76.52291	76.52766	76.44285	76.47941
1/22/2025	10:58:43 AM	76.46870	76.50865	76.46680	76.49904	76.52078	76.53479	76.52697	76.49804	76.51131	76.48283	76.52292	76.52765	76.44324	76.47956
1/22/2025	10:58:47 AM	76.46867	76.50848	76.46687	76.49895	76.52071	76.53492	76.52706	76.49779	76.51116	76.48313	76.52293	76.52767	76.44303	76.47939
1/22/2025	10:58:50 AM	76.46866	76.50844	76.46695	76.49909	76.52011	76.53515	76.52751	76.49819	76.51167	76.48321	76.52288	76.52747	76.44341	76.47976
1/22/2025	10:58:54 AM	76.46897	76.50870	76.46672	76.49927	76.52093	76.53513	76.52756	76.49835	76.51177	76.48343	76.52313	76.52768	76.44336	76.47972
1/22/2025	10:58:58 AM	76.46888	76.50822	76.46695	76.49978	76.52094	76.53499	76.52711	76.49809	76.51119	76.48322	76.52291	76.52773	76.44311	76.47950
1/22/2025	10:59:01 AM	76.46897	76.50864	76.46700	76.49922	76.52088	76.53496	76.52728	76.49794	76.51113	76.48317	76.52240	76.52734	76.44290	76.47900
1/22/2025	10:59:05 AM	76.46866	76.50864	76.46654	76.49917	76.52072	76.53523	76.52699	76.49818	76.51112	76.48325	76.52288	76.52758	76.44265	76.47923
1/22/2025	10:59:09 AM	76.46891	76.50847	76.46671	76.49858	76.52074	76.53508	76.52739	76.49814	76.51114	76.48333	76.52293	76.52803	76.44336	76.47948
1/22/2025	10:59:12 AM	76.46888	76.50887	76.46750	76.49956	76.52136	76.53551	76.52736	76.49847	76.51160	76.48336	76.52288	76.52789	76.44321	76.47959
1/22/2025	10:59:16 AM	76.46899	76.50861	76.46711	76.49910	76.52079	76.53483	76.52713	76.49803	76.51129	76.48325	76.52261	76.52765	76.44321	76.47909
1/22/2025	10:59:19 AM	76.46845	76.50783	76.46659	76.49892	76.52094	76.53479	76.52694	76.49814	76.51138	76.48308	76.52279	76.52750	76.44312	76.47956
1/22/2025	10:59:23 AM	76.46904	76.50865	76.46707	76.49942	76.52082	76.53496	76.52683	76.49796	76.51111	76.48308	76.52279	76.52762	76.44329	76.47910
1/22/2025	10:59:27 AM	76.46826	76.50793	76.46669	76.49912	76.52054	76.53484	76.52709	76.49794	76.51149	76.48291	76.52299	76.52784	76.44318	76.47966
1/22/2025	10:59:30 AM	76.46905	76.50860	76.46677	76.49879	76.52064	76.53468	76.52727	76.49817	76.51106	76.48261	76.52250	76.52739	76.44298	76.47913
1/22/2025	10:59:34 AM	76.46882	76.50840	76.46656	76.49916	76.52044	76.53440	76.52703	76.49769	76.51064	76.48270	76.52264	76.52745	76.44331	76.47912
1/22/2025	10:59:37 AM	76.46841	76.50808	76.46697	76.49880	76.52047	76.53456	76.52696	76.49787	76.51084	76.48255	76.52232	76.52696	76.44257	76.47865
1/22/2025	10:59:41 AM	76.46817	76.50788	76.46633	76.49874	76.52025	76.53469	76.52674	76.49790	76.51111	76.48296	76.52286	76.52753	76.44332	76.47900
1/22/2025	10:59:45 AM	76.46860	76.50804	76.46628	76.49887	76.52046	76.53398	76.52668	76.49780	76.51050	76.48269	76.52253	76.52718	76.44312	76.47942
1/22/2025	10:59:48 AM	76.46798	76.50821	76.46668	76.49843	76.52097	76.53446	76.52638	76.49722	76.51063	76.48245	76.52202	76.52681	76.44290	76.47895
1/22/2025	10:59:52 AM	76.46843	76.50795	76.46635	76.49878	76.52043	76.53480	76.52684	76.49762	76.51128	76.48280	76.52249	76.52719	76.44311	76.47936
1/22/2025	10:59:55 AM	76.46843	76.50822	76.46675	76.49923	76.52085	76.53435	76.52664	76.49759	76.51060	76.48236	76.52232	76.52705	76.44280	76.47893
1/22/2025	10:59:59 AM	76.46814	76.50818	76.46630	76.49841	76.52047	76.53436	76.52670	76.49716	76.51078	76.48220	76.52210	76.52715	76.44318	76.47924
1/22/2025	11:00:03 AM	76.46847	76.50797	76.46635	76.49824	76.52008	76.53410	76.52682	76.49776	76.51116	76.48309	76.52263	76.52739	76.44303	76.47924
1/22/2025	11:00:06 AM	76.46883	76.50864	76.46708	76.49897	76.52081	76.53471	76.52738	76.49830	76.51123	76.48302	76.52264	76.52733	76.44312	76.47910
1/22/2025	11:00:10 AM	76.46856	76.50819	76.46654	76.49902	76.52041	76.53452	76.52665	76.49738	76.51078	76.48242	76.52222	76.52720	76.44261	76.47917
1/22/2025	11:00:14 AM	76.46858	76.50832	76.46646	76.49879	76.52049	76.53468	76.52690	76.49759	76.51095	76.48246	76.52234	76.52739	76.44290	76.47922
1/22/2025	11:00:17 AM	76.46816	76.50782	76.46647	76.49887	76.52052	76.53459	76.52734	76.49791	76.51060	76.48255	76.52251	76.52736	76.44266	76.47913
1/22/2025	11:00:21 AM	76.46830	76.50794	76.46656	76.49904	76.52035	76.53478	76.52712	76.49764	76.51071	76.48244	76.52256	76.52708	76.44262	76.47901
1/22/2025	11:00:24 AM	76.46846	76.50809	76.46690	76.49884	76.52032	76.53442	76.52704	76.49786	76.51114	76.48254	76.52267	76.52721	76.44291	76.47885
1/22/2025	11:00:28 AM	76.46854	76.50782	76.46687	76.49883	76.52013	76.53459	76.52660	76.49745	76.51081	76.48279	76.52254	76.52717	76.44344	76.47975
1/22/2025	11:00:32 AM	76.46793	76.50819	76.46647	76.49859	76.52012	76.53436	76.52640	76.49744	76.51033	76.48255	76.52238	76.52727	76.44288	76.47882
1/22/2025	11:00:36 AM	76.46819	76.50801	76.46630	76.49815	76.52015	76.53402	76.52619	76.49718	76.51036	76.48196	76.52226	76.52681	76.44225	76.47912
1/22/2025	11:00:39 AM	76.46801	76.50769	76.46633	76.49808	76.51976	76.53430	76.52708	76.49706	76.51036	76.48188	76.52213	76.52698	76.44249	76.47903
1/22/2025	11:00:43 AM	76.46819	76.50818	76.46647	76.49892	76.52037	76.53474	76.52672	76.49770	76.51079	76.48277	76.52283	76.52722	76.44272	76.47892
1/22/2025	11:00:46 AM	76.46812	76.50783	76.46621	76.49817	76.51982	76.53406	76.52601	76.49722	76.51066	76.48233	76.52246	76.52628	76.44249	76.47864
1/22/2025	11:00:50 AM	76.46794	76.50808	76.46615	76.49874	76.52008	76.53462	76.52638	76.49779	76.51077	76.48256	76.52206	76.52705	76.44310	76.47924
1/22/2025	11:00:54 AM	76.46828	76.50790	76.46657	76.49869	76.52005	76.53439	76.52648	76.49710	76.51062	76.48233	76.52169	76.52662	76.44292	76.47870
1/22/2025	11:00:57 AM	76.46780	76.50747	76.46599	76.49792	76.51928	76.53364	76.52579	76.49650	76.50999	76.48148	76.52179	76.52693	76.44278	76.47871
1/22/2025	11:01:01 AM	76.46777	76.50789	76.46644	76.49838	76.51965	76.53407	76.52620	76.49747	76.51029	76.48216	76.52218	76.52687	76.44247	76.47897
1/22/2025	11:01:05 AM	76.46787	76.50784	76.46605	76.49852	76.52013	76.53422	76.52634	76.49715	76.51036	76.48215	76.52207	76.52718	76.44293	76.47896
1/22/2025	11:01:08 AM	76.46831	76.50800	76.46637	76.49844	76.52041	76.53434	76.52654	76.49702	76.51009	76.48202	76.52153	76.52674	76.44264	76.47873
1/22/2025	11:01:12 AM	76.46800	76.50802	76.46645	76.49855	76.52029	76.53413	76.52632	76.49736	76.51090	76.48216	76.52195	76.52641	76.44255	76.47885
1/22/2025	11:01:15 AM	76.46783	76.50755	76.46623	76.49842	76.51998	76.53440	76.52637	76.49701	76.51000	76.48244	76.52189	76.52620	76.44259	76.47875
1/22/2025	11:01:19 AM	76.46797	76.50743	76.46574	76.49790	76.51961	76.53395	76.52596	76.49692	76.50990	76.48184	76.52155	76.52633	76.44238	76.47839
1/22/2025	11:01:23 AM	76.46737	76.50669	76.46543	76.49772	76.51955	76.53341	76.52591	76.49661	76.50989	76.48162	76.52138	76.52659	76.44236	76.47866
1/22/2025	11:01:26 AM	76.46749	76.50740	76.46590	76.49782	76.51940	76.53384	76.52596	76.49649	76.50979	76.48179	76.52157	76.52645	76.44225	76.47883
1/22/2025	11:01:30 AM	76.46750	76.50727	76.46570	76.49791	76.51981	76.53339	76.52560	76.49652	76.50975	76.48200	76.52185	76.52658	76.44234	76.47864
1/22/2025	11:01:33 AM	76.46803	76.50794	76.46597	76.49824	76.51930	76.53395	76.52605	76.49653	76.50987	76.48198	76.52149	76.52589	76.44216	76.47857
1/22/2025	11:01:37 AM	76.46729	76.50765	76.46610	76.49800	76.51986	76.53390	76.52597	76.49686	76.51037	76.48182	76.52209	76.52680	76.44303	76.47896
1/22/2025	11:01:41 AM	76.46817	76.50759	76.46627	76.49829	76.51979	76.53401	76.52676	76.49669	76.50983	76.48191	76.52147	76.52622	76.44271	76.47871
1/22/2025	11:01:44 AM	76.46756	76.50722	76.46611	76.49797	76.51949	76.53362	76.52613	76.49677	76.50950	76.48147	76.52136	76.52633	76.44242	76.47867
1/22/2025	11:01:48 AM	76.46802	76.50736	76.46614	76.49858	76.51966	76.53374	76.52594	76.49647	76.50948	76.48171	76.52127	76.52623	76.44247	76.47843
1/22/2025	11:01:51 AM	76.46745	76.50688	76.46580	76.49782	76.51934	76.53355	76.52570	76.49640	76.50961	76.48165	76.52163	76.52648	76.44220	76.47835
1/22/2025	11:01:55 AM	76.46811	76.50753	76.46582	76.49814	76.51989	76.53318	76.52563	76.49637	76.50972	76.48164	76.52123	76.52610	76.44227	76.47819
1/22/2025	11:01:59 AM	76.46719	76.50721	76.46582	76.49784	76.51948	76.53349	76.52570	76.49665	76.50971	76.48144	76.52141	76.52603	76.44204	76.47840
1/22/2025	11:02:02 AM	76.46751	76.50721	76.46575	76.49782	76.51945	76.53359	76.52571	76.49640	76.50946	76.48138	76.52147	76.52606	76.44242	76.47881
1/22/2025	11:02:06 AM	76.46716	76.50685	76.46532	76.49763	76.51922	76.53358	76.52542	76.49647	76.50947	76.48148	76.52123	76.52604	76.44257	76.47902
1/22/2025	11:02:10 AM	76.46763	76.50696	76.46553	76.49780	76.51928	76.53350	76.52558	76.49607	76.50891	76.48119	76.52131	76.52627	76.44238	76.47855
1/22/2025	11:02:13 AM	76.46709	76.50727	76.46544	76.49747	76.51937	76.53360	76.52567	76.49671	76.50952	76.48144	76.52145	76.52585	76.44200	76.47839
1/22/2025	11:02:17 AM	76.46760	76.50701	76.46582	76.49787	76.51943	76.53356	76.52591	76.49682	76.50962	76.48182	76.52127	76.52619	76.44219	76.47865
1/22/2025	11:02:21 AM	76.46742	76.50726	76.46587	76.49780	76.51946	76.53329	76.52558	76.49632	76.50912	76.48144	76.52095	76.52566	76.44210	76.47834
1/22/2025	11:02:24 AM	76.46734	76.50709	76.46562	76.49813	76.51957	76.53350	76.52579	76.49636	76.50938	76.48138	76.52109	76.52576	76.44249	76.47812
1/22/2025	11:02:28 AM	76.46676	76.50677	76.46569	76.49787	76.51921	76.53311	76.52555	76.49618	76.50915	76.48116	76.52105	76.52607	76.44205	76.47838
1/22/2025	11:02:31 AM	76.46730	76.50723	76.46555	76.49783	76.51962	76.53354	76.52594	76.49663	76.50965	76.48154	76.52125	76.52557	76.44210	76.47790
1/22/2025	11:02:35 AM	76.46728	76.50693	76.46544	76.49764	76.51905	76.53314	76.52520	76.49578	76.50897	76.48087	76.52063	76.52554	76.44210	76.47728
1/22/2025	11:02:39 AM	76.46692	76.50685	76.46527	76.49708	76.51871	76.53273	76.52495	76.49581	76.50923	76.48111	76.52089	76.52585	76.44198	76.47849
1/22/2025	11:02:42 AM	76.46708	76.50684	76.46531	76.49755	76.51917	76.53311	76.52550	76.49626	76.50922	76.48130	76.52090	76.52559	76.44174	76.47811
1/22/2025	11:02:46 AM	76.46702	76.50675	76.46517	76.49760	76.51926	76.53363	76.52533	76.49566	76.50914	76.48109	76.52083	76.52550	76.44178	76.47802
1/22/2025	11:02:50 AM	76.46667	76.50646	76.46554	76.49724	76.51910	76.53313	76.52504	76.49607	76.50938	76.48126	76.52092	76.52565	76.44212	76.47821
1/22/2025	11:02:53 AM	76.46701	76.50668	76.46499	76.49751	76.51907	76.53344	76.52541	76.49612	76.50910	76.48066	76.52075	76.52501	76.44146	76.47771
1/22/2025	11:02:57 AM	76.46701	76.50661	76.46531	76.49740	76.51883	76.53316	76.52520	76.49608	76.50888	76.48100	76.52082	76.52603	76.44248	76.47839
1/22/2025	11:03:00 AM	76.46750	76.50698	76.46556	76.49777	76.51939	76.53320	76.52550	76.49617	76.50895	76.48084	76.52095	76.52564	76.44202	76.47806
1/22/2025	11:03:04 AM	76.46652	76.50681	76.46522	76.49760	76.51890	76.53302	76.52473	76.49580	76.50903	76.48102	76.52073	76.52574	76.44180	76.47763
1/22/2025	11:03:08 AM	76.46695	76.50671	76.46525	76.49726	76.51905	76.53284	76.52497	76.49571	76.50881	76.48067	76.52046	76.52592	76.44251	76.47782
1/22/2025	11:03:11 AM	76.46690	76.50684	76.46513	76.49709	76.51851	76.53281	76.52487	76.49592	76.50855	76.48059	76.52059	76.52532	76.44194	76.47790
1/22/2025	11:03:15 AM	76.46707	76.50663	76.46505	76.49716	76.51887	76.53280	76.52498	76.49522	76.50869	76.48037	76.52045	76.52556	76.44236	76.47780
1/22/2025	11:03:18 AM	76.46705	76.50676	76.46532	76.49728	76.51865	76.53255	76.52485	76.49557	76.50914	76.48085	76.52085	76.52542	76.44183	76.47790
1/22/2025	11:03:22 AM	76.46723	76.50671	76.46543	76.49724	76.51911	76.53305	76.52540	76.49575	76.50849	76.48085	76.52069	76.52556	76.44205	76.47790
1/22/2025	11:03:26 AM	76.46670	76.50659	76.46523	76.49732	76.51881	76.53314	76.52479	76.49566	76.50852	76.48046	76.52051	76.52517	76.44183	76.47805
1/22/2025	11:03:29 AM	76.46672	76.50664	76.46499	76.49746	76.51860	76.53255	76.52495	76.49576	76.50939	76.48072	76.52041	76.52533	76.44204	76.47778
1/22/2025	11:03:33 AM	76.46674	76.50611	76.46508	76.49715	76.51872	76.53240	76.52488	76.49577	76.50895	76.48059	76.52073	76.52576	76.44195	76.47782
1/22/2025	11:03:36 AM	76.46656	76.50671	76.46511	76.49717	76.51904	76.53271	76.52499	76.49605	76.50877	76.48052	76.52089	76.52537	76.44139	76.47777
1/22/2025	11:03:40 AM	76.46659	76.50642	76.46545	76.49689	76.51851	76.53283	76.52527	76.49560	76.50882	76.48045	76.52043	76.52497	76.44158	76.47791
1/22/2025	11:03:44 AM	76.46692	76.50636	76.46519	76.49702	76.51884	76.53287	76.52497	76.49533	76.50820	76.48045	76.52040	76.52530	76.44178	76.47769
1/22/2025	11:03:47 AM	76.46664	76.50625	76.46480	76.49674	76.51820	76.53224	76.52448	76.49567	76.50863	76.48037	76.52005	76.52511	76.44162	76.47764
1/22/2025	11:03:51 AM	76.46680	76.50637	76.46494	76.49699	76.51861	76.53239	76.52491	76.49548	76.50877	76.48045	76.52028	76.52536	76.44182	76.47800
1/22/2025	11:03:54 AM	76.46678	76.50678	76.46506	76.49718	76.51877	76.53278	76.52500	76.49545	76.50830	76.48038	76.52023	76.52497	76.44185	76.47760
1/22/2025	11:03:58 AM	76.46656	76.50592	76.46492	76.49694	76.51877	76.53269	76.52521	76.49538	76.50859	76.48028	76.52059	76.52489	76.44154	76.47756
1/22/2025	11:04:02 AM	76.46650	76.50645	76.46472	76.49668	76.51814	76.53268	76.52447	76.49536	76.50826	76.48030	76.52014	76.52485	76.44159	76.47757
1/22/2025	11:04:05 AM	76.46672	76.50658	76.46518	76.49733	76.51861	76.53282	76.52493	76.49584	76.50878	76.48023	76.52048	76.52512	76.44194	76.47841
1/22/2025	11:04:09 AM	76.46680	76.50624	76.46489	76.49712	76.51857	76.53281	76.52514	76.49576	76.50880	76.48067	76.52044	76.52504	76.44184	76.47815
1/22/2025	11:04:13 AM	76.46670	76.50695	76.46556	76.49726	76.51890	76.53295	76.52505	76.49553	76.50889	76.48054	76.52052	76.52502	76.44192	76.47805
1/22/2025	11:04:16 AM	76.46667	76.50637	76.46530	76.49694	76.51865	76.53292	76.52477	76.49531	76.50865	76.48047	76.52051	76.52515	76.44155	76.47798
1/22/2025	11:04:20 AM	76.46695	76.50616	76.46500	76.49653	76.51872	76.53259	76.52471	76.49544	76.50827	76.48056	76.52052	76.52499	76.44191	76.47791
1/22/2025	11:04:24 AM	76.46639	76.50582	76.46487	76.49647	76.51858	76.53258	76.52439	76.49544	76.50887	76.48028	76.52030	76.52488	76.44168	76.47765
1/22/2025	11:04:27 AM	76.46650	76.50638	76.46515	76.49704	76.51839	76.53256	76.52444	76.49532	76.50824	76.48008	76.52021	76.52520	76.44191	76.47790
1/22/2025	11:04:31 AM	76.46669	76.50640	76.46509	76.49745	76.51790	76.53255	76.52467	76.49573	76.50809	76.48018	76.51996	76.52476	76.44154	76.47733
1/22/2025	11:04:35 AM	76.46620	76.50572	76.46473	76.49669	76.51838	76.53259	76.52469	76.49502	76.50810	76.47986	76.51971	76.52463	76.44189	76.47771
1/22/2025	11:04:38 AM	76.46618	76.50623	76.46471	76.49707	76.51816	76.53218	76.52427	76.49474	76.50818	76.48009	76.52042	76.52503	76.44166	76.47752
1/22/2025	11:04:42 AM	76.46663	76.50655	76.46491	76.49704	76.51845	76.53290	76.52499	76.49570	76.50870	76.48048	76.52008	76.52493	76.44149	76.47794
1/22/2025	11:04:46 AM	76.46663	76.50635	76.46498	76.49671	76.51815	76.53241	76.52462	76.49529	76.50837	76.48031	76.52028	76.52476	76.44186	76.47806
1/22/2025	11:04:49 AM	76.46655	76.50618	76.46500	76.49707	76.51850	76.53237	76.52461	76.49545	76.50853	76.48044	76.52045	76.52505	76.44175	76.47795
1/22/2025	11:04:53 AM	76.46666	76.50632	76.46496	76.49713	76.51849	76.53275	76.52478	76.49546	76.50857	76.48003	76.52028	76.52525	76.44173	76.47758
1/22/2025	11:04:56 AM	76.46675	76.50637	76.46483	76.49716	76.51849	76.53272	76.52479	76.49537	76.50853	76.48044	76.52063	76.52529	76.44171	76.47790
1/22/2025	11:05:00 AM	76.46700	76.50625	76.46521	76.49722	76.51878	76.53272	76.52477	76.49573	76.50833	76.48012	76.52053	76.52528	76.44211	76.47823
1/22/2025	11:05:04 AM	76.46696	76.50666	76.46527	76.49719	76.51916	76.53288	76.52483	76.49515	76.50858	76.48054	76.52018	76.52491	76.44157	76.47750
1/22/2025	11:05:07 AM	76.46639	76.50625	76.46452	76.49694	76.51820	76.53220	76.52470	76.49509	76.50784	76.47985	76.51984	76.52461	76.44125	76.47776
1/22/2025	11:05:11 AM	76.46629	76.50620	76.46468	76.49667	76.51846	76.53206	76.52479	76.49516	76.50813	76.48049	76.52004	76.52496	76.44147	76.47773
1/22/2025	11:05:14 AM	76.46620	76.50586	76.46489	76.49661	76.51809	76.53204	76.52442	76.49489	76.50827	76.48004	76.51991	76.52484	76.44127	76.47759
1/22/2025	11:05:18 AM	76.46627	76.50587	76.46422	76.49652	76.51824	76.53212	76.52401	76.49460	76.50791	76.47979	76.51980	76.52425	76.44142	76.47741
1/22/2025	11:05:22 AM	76.46607	76.50550	76.46453	76.49646	76.51788	76.53181	76.52417	76.49450	76.50757	76.47964	76.51960	76.52457	76.44137	76.47767
1/22/2025	11:05:25 AM	76.46605	76.50606	76.46457	76.49643	76.51827	76.53217	76.52430	76.49459	76.50806	76.47964	76.52004	76.52465	76.44143	76.47750
1/22/2025	11:05:29 AM	76.46582	76.50565	76.46415	76.49613	76.51787	76.53154	76.52375	76.49488	76.50776	76.47942	76.51963	76.52419	76.44086	76.47675
1/22/2025	11:05:33 AM	76.46575	76.50546	76.46433	76.49635	76.51802	76.53201	76.52403	76.49464	76.50767	76.47956	76.51960	76.52454	76.44153	76.47751
1/22/2025	11:05:36 AM	76.46585	76.50565	76.46422	76.49639	76.51833	76.53215	76.52413	76.49482	76.50812	76.47976	76.51988	76.52483	76.44143	76.47800
1/22/2025	11:05:40 AM	76.46621	76.50622	76.46459	76.49679	76.51826	76.53249	76.52413	76.49512	76.50811	76.47991	76.51966	76.52456	76.44137	76.47776
1/22/2025	11:05:43 AM	76.46609	76.50571	76.46466	76.49640	76.51786	76.53211	76.52432	76.49483	76.50809	76.47992	76.51942	76.52428	76.44131	76.47752
1/22/2025	11:05:47 AM	76.46615	76.50580	76.46455	76.49655	76.51821	76.53212	76.52396	76.49454	76.50807	76.47999	76.51965	76.52455	76.44148	76.47737
1/22/2025	11:05:51 AM	76.46604	76.50581	76.46453	76.49649	76.51822	76.53178	76.52452	76.49486	76.50792	76.47989	76.51964	76.52451	76.44163	76.47757
1/22/2025	11:05:54 AM	76.46594	76.50602	76.46453	76.49651	76.51781	76.53160	76.52381	76.49438	76.50727	76.47936	76.51905	76.52368	76.44089	76.47685
1/22/2025	11:05:58 AM	76.46546	76.50497	76.46467	76.49635	76.51842	76.53237	76.52389	76.49506	76.50791	76.47950	76.51969	76.52470	76.44115	76.47742
1/22/2025	11:06:02 AM	76.46581	76.50571	76.46450	76.49635	76.51781	76.53164	76.52358	76.49430	76.50741	76.47946	76.51910	76.52406	76.44103	76.47693
1/22/2025	11:06:05 AM	76.46526	76.50545	76.46424	76.49579	76.51731	76.53130	76.52397	76.49465	76.50721	76.47914	76.51930	76.52424	76.44092	76.47711
1/22/2025	11:06:09 AM	76.46607	76.50548	76.46433	76.49611	76.51752	76.53180	76.52386	76.49459	76.50762	76.47901	76.51948	76.52380	76.44080	76.47711
1/22/2025	11:06:13 AM	76.46597	76.50524	76.46399	76.49589	76.51801	76.53154	76.52352	76.49450	76.50731	76.47940	76.51927	76.52421	76.44137	76.47730
1/22/2025	11:06:16 AM	76.46539	76.50559	76.46438	76.49668	76.51784	76.53202	76.52390	76.49495	76.50816	76.48011	76.51949	76.52415	76.44112	76.47740
1/22/2025	11:06:20 AM	76.46552	76.50550	76.46457	76.49605	76.51737	76.53145	76.52369	76.49474	76.50773	76.47955	76.51939	76.52454	76.44125	76.47721
1/22/2025	11:06:23 AM	76.46572	76.50524	76.46425	76.49604	76.51759	76.53166	76.52382	76.49414	76.50729	76.47934	76.51885	76.52374	76.44068	76.47692
1/22/2025	11:06:27 AM	76.46533	76.50475	76.46388	76.49603	76.51683	76.53096	76.52312	76.49402	76.50712	76.47872	76.51880	76.52306	76.44060	76.47622
1/22/2025	11:06:31 AM	76.46530	76.50498	76.46397	76.49606	76.51751	76.53124	76.52349	76.49424	76.50719	76.47912	76.51885	76.52367	76.44059	76.47612
1/22/2025	11:06:34 AM	76.46484	76.50442	76.46366	76.49544	76.51730	76.53147	76.52353	76.49405	76.50736	76.47923	76.51893	76.52367	76.44084	76.47696
1/22/2025	11:06:38 AM	76.46550	76.50544	76.46380	76.49568	76.51710	76.53138	76.52356	76.49394	76.50674	76.47889	76.51913	76.52386	76.44088	76.47703
1/22/2025	11:06:41 AM	76.46540	76.50517	76.46397	76.49569	76.51724	76.53115	76.52359	76.49438	76.50718	76.47948	76.51898	76.52407	76.44083	76.47726
1/22/2025	11:06:45 AM	76.46550	76.50496	76.46386	76.49582	76.51726	76.53154	76.52364	76.49371	76.50706	76.47886	76.51838	76.52349	76.44043	76.47649
1/22/2025	11:06:49 AM	76.46506	76.50480	76.46362	76.49567	76.51710	76.53102	76.52357	76.49442	76.50740	76.47917	76.51896	76.52384	76.44106	76.47682
1/22/2025	11:06:52 AM	76.46558	76.50535	76.46398	76.49621	76.51741	76.53158	76.52376	76.49432	76.50713	76.47899	76.51901	76.52334	76.44080	76.47671
1/22/2025	11:06:56 AM	76.46530	76.50498	76.46349	76.49641	76.51761	76.53157	76.52374	76.49462	76.50726	76.47931	76.51926	76.52405	76.44123	76.47752
1/22/2025	11:07:00 AM	76.46581	76.50548	76.46432	76.49629	76.51817	76.53207	76.52426	76.49461	76.50762	76.47908	76.51920	76.52385	76.44110	76.47665
1/22/2025	11:07:03 AM	76.46509	76.50527	76.46412	76.49589	76.51716	76.53170	76.52358	76.49443	76.50757	76.47934	76.51912	76.52421	76.44094	76.47740
1/22/2025	11:07:07 AM	76.46563	76.50558	76.46445	76.49619	76.51775	76.53154	76.52394	76.49445	76.50741	76.47898	76.51892	76.52375	76.44118	76.47719
1/22/2025	11:07:10 AM	76.46543	76.50525	76.46409	76.49612	76.51773	76.53152	76.52357	76.49417	76.50707	76.47882	76.51884	76.52367	76.44076	76.47647
1/22/2025	11:07:14 AM	76.46501	76.50520	76.46357	76.49553	76.51737	76.53102	76.52317	76.49422	76.50680	76.47891	76.51917	76.52342	76.44109	76.47684
1/22/2025	11:07:18 AM	76.46519	76.50520	76.46383	76.49539	76.51743	76.53136	76.52362	76.49410	76.50759	76.47918	76.51895	76.52385	76.44086	76.47668
1/22/2025	11:07:21 AM	76.46528	76.50471	76.46371	76.49579	76.51769	76.53131	76.52337	76.49431	76.50763	76.47940	76.51941	76.52404	76.44127	76.47714
1/22/2025	11:07:25 AM	76.46565	76.50558	76.46394	76.49596	76.51748	76.53183	76.52355	76.49458	76.50752	76.47955	76.51910	76.52420	76.44094	76.47716
1/22/2025	11:07:28 AM	76.46544	76.50559	76.46420	76.49599	76.51737	76.53178	76.52384	76.49471	76.50751	76.47966	76.51935	76.52387	76.44093	76.47685
1/22/2025	11:07:32 AM	76.46549	76.50509	76.46396	76.49557	76.51702	76.53161	76.52352	76.49428	76.50770	76.47928	76.51906	76.52386	76.44123	76.47736
1/22/2025	11:07:36 AM	76.46595	76.50544	76.46430	76.49612	76.51718	76.53185	76.52376	76.49440	76.50762	76.47925	76.51899	76.52396	76.44117	76.47672
1/22/2025	11:07:39 AM	76.46567	76.50507	76.46418	76.49652	76.51752	76.53176	76.52383	76.49453	76.50753	76.47937	76.51900	76.52413	76.44110	76.47671
1/22/2025	11:07:43 AM	76.46548	76.50562	76.46424	76.49612	76.51734	76.53120	76.52373	76.49438	76.50741	76.47919	76.51930	76.52402	76.44072	76.47705
1/22/2025	11:07:46 AM	76.46552	76.50492	76.46390	76.49597	76.51737	76.53130	76.52311	76.49425	76.50751	76.47940	76.51946	76.52420	76.44114	76.47713
1/22/2025	11:07:50 AM	76.46555	76.50555	76.46427	76.49607	76.51753	76.53164	76.52377	76.49479	76.50770	76.47934	76.51950	76.52420	76.44143	76.47741
1/22/2025	11:07:54 AM	76.46555	76.50529	76.46439	76.49612	76.51725	76.53161	76.52369	76.49459	76.50752	76.47951	76.51908	76.52369	76.44109	76.47677
1/22/2025	11:07:57 AM	76.46560	76.50532	76.46389	76.49618	76.51783	76.53169	76.52378	76.49476	76.50798	76.47961	76.51923	76.52386	76.44138	76.47640
1/22/2025	11:08:01 AM	76.46518	76.50495	76.46372	76.49557	76.51717	76.53147	76.52354	76.49436	76.50738	76.47904	76.51901	76.52357	76.44073	76.47656
1/22/2025	11:08:04 AM	76.46506	76.50467	76.46342	76.49520	76.51724	76.53122	76.52328	76.49355	76.50736	76.47867	76.51859	76.52371	76.44054	76.47664
1/22/2025	11:08:08 AM	76.46493	76.50433	76.46316	76.49514	76.51705	76.53098	76.52254	76.49401	76.50665	76.47874	76.51837	76.52345	76.44077	76.47646
1/22/2025	11:08:12 AM	76.46533	76.50488	76.46358	76.49551	76.51687	76.53085	76.52325	76.49391	76.50693	76.47893	76.51871	76.52354	76.44065	76.47668
1/22/2025	11:08:15 AM	76.46515	76.50467	76.46328	76.49549	76.51703	76.53177	76.52350	76.49416	76.50750	76.47950	76.51894	76.52364	76.44122	76.47688
1/22/2025	11:08:19 AM	76.46529	76.50486	76.46382	76.49581	76.51773	76.53189	76.52351	76.49427	76.50717	76.47924	76.51911	76.52392	76.44109	76.47668
1/22/2025	11:08:22 AM	76.46507	76.50495	76.46415	76.49574	76.51702	76.53137	76.52327	76.49399	76.50719	76.47919	76.51890	76.52344	76.44111	76.47667
1/22/2025	11:08:26 AM	76.46514	76.50490	76.46344	76.49586	76.51727	76.53120	76.52337	76.49410	76.50730	76.47859	76.51852	76.52308	76.44042	76.47697
1/22/2025	11:08:30 AM	76.46538	76.50497	76.46369	76.49542	76.51704	76.53075	76.52320	76.49393	76.50692	76.47869	76.51891	76.52308	76.44053	76.47636
1/22/2025	11:08:33 AM	76.46480	76.50485	76.46363	76.49573	76.51721	76.53143	76.52335	76.49432	76.50762	76.47898	76.51862	76.52336	76.44089	76.47685
1/22/2025	11:08:37 AM	76.46514	76.50428	76.46386	76.49562	76.51704	76.53153	76.52357	76.49425	76.50719	76.47914	76.51877	76.52380	76.44062	76.47654
1/22/2025	11:08:40 AM	76.46522	76.50497	76.46372	76.49577	76.51755	76.53148	76.52352	76.49457	76.50724	76.47890	76.51886	76.52326	76.44069	76.47650
1/22/2025	11:08:44 AM	76.46506	76.50438	76.46330	76.49529	76.51705	76.53110	76.52345	76.49430	76.50705	76.47896	76.51852	76.52335	76.44056	76.47664
1/22/2025	11:08:48 AM	76.46529	76.50470	76.46389	76.49570	76.51703	76.53147	76.52353	76.49452	76.50739	76.47881	76.51894	76.52318	76.44020	76.47618
1/22/2025	11:08:51 AM	76.46497	76.50458	76.46361	76.49573	76.51741	76.53168	76.52355	76.49437	76.50722	76.47847	76.51864	76.52340	76.44066	76.47655
1/22/2025	11:08:55 AM	76.46510	76.50483	76.46374	76.49544	76.51698	76.53125	76.52314	76.49362	76.50695	76.47852	76.51832	76.52321	76.44006	76.47640
1/22/2025	11:08:58 AM	76.46455	76.50455	76.46366	76.49538	76.51634	76.53095	76.52313	76.49376	76.50691	76.47886	76.51824	76.52316	76.44093	76.47638
1/22/2025	11:09:02 AM	76.46493	76.50459	76.46337	76.49530	76.51661	76.53092	76.52323	76.49381	76.50673	76.47842	76.51839	76.52308	76.43980	76.47608
1/22/2025	11:09:06 AM	76.46472	76.50430	76.46299	76.49505	76.51717	76.53084	76.52323	76.49405	76.50693	76.47878	76.51847	76.52279	76.44033	76.47598
1/22/2025	11:09:09 AM	76.46453	76.50464	76.46345	76.49499	76.51686	76.53066	76.52299	76.49383	76.50701	76.47849	76.51818	76.52310	76.43994	76.47613
1/22/2025	11:09:13 AM	76.46415	76.50380	76.46273	76.49468	76.51678	76.53057	76.52293	76.49388	76.50679	76.47827	76.51812	76.52283	76.44045	76.47627
1/22/2025	11:09:16 AM	76.46469	76.50420	76.46295	76.49510	76.51670	76.53095	76.52298	76.49339	76.50716	76.47902	76.51837	76.52319	76.44073	76.47679
1/22/2025	11:09:20 AM	76.46459	76.50430	76.46344	76.49531	76.51651	76.53040	76.52272	76.49359	76.50681	76.47851	76.51831	76.52347	76.44032	76.47612
1/22/2025	11:09:24 AM	76.46431	76.50412	76.46309	76.49519	76.51670	76.53072	76.52296	76.49399	76.50674	76.47848	76.51850	76.52320	76.44028	76.47621
1/22/2025	11:09:27 AM	76.46459	76.50449	76.46323	76.49508	76.51641	76.53067	76.52267	76.49370	76.50688	76.47861	76.51815	76.52282	76.44009	76.47667
1/22/2025	11:09:31 AM	76.46465	76.50463	76.46306	76.49477	76.51660	76.53123	76.52270	76.49411	76.50667	76.47853	76.51855	76.52324	76.44004	76.47616
1/22/2025	11:09:34 AM	76.46413	76.50423	76.46334	76.49488	76.51650	76.53098	76.52320	76.49400	76.50679	76.47810	76.51765	76.52286	76.44051	76.47649
1/22/2025	11:09:38 AM	76.46455	76.50408	76.46298	76.49507	76.51641	76.53080	76.52270	76.49350	76.50696	76.47835	76.51803	76.52267	76.44025	76.47601
1/22/2025	11:09:42 AM	76.46437	76.50417	76.46272	76.49495	76.51616	76.53039	76.52273	76.49345	76.50676	76.47847	76.51803	76.52264	76.44028	76.47589
1/22/2025	11:09:45 AM	76.46458	76.50455	76.46325	76.49553	76.51717	76.53100	76.52281	76.49335	76.50668	76.47847	76.51811	76.52261	76.43993	76.47623
1/22/2025	11:09:49 AM	76.46482	76.50423	76.46299	76.49498	76.51690	76.53124	76.52297	76.49407	76.50729	76.47869	76.51873	76.52320	76.44033	76.47600
1/22/2025	11:09:52 AM	76.46490	76.50465	76.46335	76.49516	76.51682	76.53091	76.52288	76.49378	76.50693	76.47832	76.51807	76.52255	76.44008	76.47588
1/22/2025	11:09:56 AM	76.46476	76.50424	76.46286	76.49502	76.51649	76.53073	76.52286	76.49364	76.50651	76.47818	76.51837	76.52295	76.43992	76.47570
1/22/2025	11:10:00 AM	76.46429	76.50417	76.46277	76.49476	76.51634	76.53075	76.52262	76.49350	76.50657	76.47836	76.51814	76.52250	76.43995	76.47561
1/22/2025	11:10:03 AM	76.46394	76.50377	76.46322	76.49494	76.51606	76.53072	76.52276	76.49352	76.50669	76.47819	76.51813	76.52280	76.44003	76.47610
1/22/2025	11:10:07 AM	76.46467	76.50424	76.46320	76.49510	76.51699	76.53062	76.52288	76.49346	76.50640	76.47842	76.51813	76.52195	76.43965	76.47571
1/22/2025	11:10:10 AM	76.46398	76.50352	76.46238	76.49463	76.51658	76.53028	76.52229	76.49358	76.50648	76.47855	76.51829	76.52272	76.43979	76.47584
1/22/2025	11:10:14 AM	76.46408	76.50400	76.46311	76.49518	76.51674	76.53088	76.52309	76.49368	76.50665	76.47842	76.51818	76.52265	76.43969	76.47600
1/22/2025	11:10:18 AM	76.46432	76.50383	76.46285	76.49465	76.51643	76.53043	76.52254	76.49353	76.50643	76.47846	76.51812	76.52309	76.44015	76.47611
1/22/2025	11:10:21 AM	76.46434	76.50391	76.46306	76.49501	76.51619	76.53051	76.52279	76.49398	76.50665	76.47836	76.51807	76.52238	76.44002	76.47570
1/22/2025	11:10:25 AM	76.46427	76.50402	76.46277	76.49473	76.51650	76.53053	76.52297	76.49372	76.50670	76.47817	76.51820	76.52259	76.43997	76.47570
1/22/2025	11:10:29 AM	76.46442	76.50382	76.46266	76.49460	76.51653	76.53063	76.52281	76.49364	76.50663	76.47809	76.51783	76.52230	76.43969	76.47577
1/22/2025	11:10:32 AM	76.46430	76.50409	76.46255	76.49453	76.51665	76.53054	76.52293	76.49391	76.50711	76.47857	76.51802	76.52308	76.43984	76.47664
1/22/2025	11:10:36 AM	76.46449	76.50438	76.46358	76.49532	76.51657	76.53082	76.52238	76.49363	76.50674	76.47868	76.51842	76.52271	76.44018	76.47588
1/22/2025	11:10:39 AM	76.46434	76.50399	76.46323	76.49478	76.51654	76.53093	76.52288	76.49397	76.50667	76.47863	76.51806	76.52273	76.43992	76.47566
1/22/2025	11:10:43 AM	76.46410	76.50411	76.46314	76.49503	76.51661	76.53069	76.52277	76.49376	76.50629	76.47844	76.51779	76.52246	76.44013	76.47614
1/22/2025	11:10:47 AM	76.46423	76.50388	76.46285	76.49491	76.51638	76.53041	76.52278	76.49350	76.50675	76.47852	76.51816	76.52304	76.44012	76.47602
1/22/2025	11:10:50 AM	76.46449	76.50422	76.46290	76.49516	76.51657	76.53087	76.52277	76.49362	76.50656	76.47791	76.51759	76.52291	76.43992	76.47571
1/22/2025	11:10:54 AM	76.46414	76.50379	76.46245	76.49518	76.51646	76.53066	76.52272	76.49360	76.50657	76.47839	76.51829	76.52272	76.44023	76.47603
1/22/2025	11:10:57 AM	76.46439	76.50424	76.46302	76.49511	76.51696	76.53070	76.52276	76.49352	76.50676	76.47873	76.51816	76.52240	76.44008	76.47587
1/22/2025	11:11:01 AM	76.46410	76.50391	76.46267	76.49439	76.51629	76.53053	76.52252	76.49345	76.50623	76.47830	76.51762	76.52262	76.43959	76.47594
1/22/2025	11:11:05 AM	76.46423	76.50390	76.46298	76.49470	76.51617	76.53062	76.52257	76.49366	76.50638	76.47819	76.51790	76.52240	76.43959	76.47582
1/22/2025	11:11:08 AM	76.46399	76.50351	76.46261	76.49474	76.51647	76.53042	76.52240	76.49396	76.50669	76.47820	76.51770	76.52256	76.43979	76.47562
1/22/2025	11:11:12 AM	76.46436	76.50408	76.46266	76.49449	76.51585	76.52995	76.52261	76.49343	76.50637	76.47792	76.51781	76.52239	76.43980	76.47589
1/22/2025	11:11:15 AM	76.46390	76.50362	76.46279	76.49453	76.51664	76.53064	76.52241	76.49377	76.50656	76.47858	76.51819	76.52273	76.43997	76.47583
1/22/2025	11:11:19 AM	76.46405	76.50425	76.46295	76.49465	76.51642	76.53029	76.52271	76.49381	76.50686	76.47820	76.51786	76.52238	76.43997	76.47593
1/22/2025	11:11:23 AM	76.46422	76.50374	76.46252	76.49468	76.51599	76.53036	76.52249	76.49340	76.50662	76.47765	76.51757	76.52161	76.43964	76.47529
1/22/2025	11:11:26 AM	76.46443	76.50349	76.46266	76.49452	76.51624	76.53087	76.52282	76.49371	76.50646	76.47803	76.51787	76.52194	76.43973	76.47552
1/22/2025	11:11:30 AM	76.46390	76.50380	76.46236	76.49471	76.51656	76.53043	76.52276	76.49377	76.50701	76.47822	76.51760	76.52186	76.43946	76.47547
1/22/2025	11:11:33 AM	76.46360	76.50393	76.46267	76.49444	76.51624	76.52992	76.52233	76.49354	76.50629	76.47823	76.51784	76.52228	76.43956	76.47539
1/22/2025	11:11:37 AM	76.46379	76.50342	76.46266	76.49471	76.51594	76.53072	76.52287	76.49357	76.50702	76.47821	76.51753	76.52220	76.43942	76.47541
1/22/2025	11:11:41 AM	76.46374	76.50309	76.46231	76.49429	76.51595	76.53017	76.52280	76.49367	76.50611	76.47826	76.51793	76.52229	76.43976	76.47542
1/22/2025	11:11:44 AM	76.46389	76.50363	76.46230	76.49419	76.51618	76.53005	76.52225	76.49324	76.50621	76.47797	76.51743	76.52213	76.43915	76.47566
1/22/2025	11:11:48 AM	76.46399	76.50407	76.46257	76.49453	76.51619	76.53039	76.52281	76.49363	76.50681	76.47852	76.51798	76.52260	76.44001	76.47518
1/22/2025	11:11:51 AM	76.46405	76.50344	76.46223	76.49427	76.51573	76.53030	76.52257	76.49377	76.50690	76.47799	76.51788	76.52244	76.43974	76.47557
1/22/2025	11:11:55 AM	76.46425	76.50394	76.46266	76.49446	76.51633	76.53039	76.52244	76.49313	76.50603	76.47786	76.51733	76.52190	76.43946	76.47612
1/22/2025	11:11:59 AM	76.46415	76.50422	76.46329	76.49455	76.51675	76.53066	76.52283	76.49392	76.50679	76.47893	76.51820	76.52249	76.43971	76.47611
1/22/2025	11:12:02 AM	76.46450	76.50377	76.46273	76.49483	76.51641	76.53049	76.52268	76.49376	76.50666	76.47827	76.51773	76.52230	76.43958	76.47583
1/22/2025	11:12:06 AM	76.46423	76.50360	76.46287	76.49413	76.51582	76.53034	76.52217	76.49347	76.50602	76.47769	76.51752	76.52208	76.43942	76.47536
1/22/2025	11:12:09 AM	76.46386	76.50364	76.46243	76.49451	76.51623	76.53056	76.52238	76.49402	76.50641	76.47822	76.51767	76.52248	76.44004	76.47547
1/22/2025	11:12:13 AM	76.46336	76.50343	76.46249	76.49396	76.51618	76.53068	76.52245	76.49369	76.50691	76.47796	76.51765	76.52237	76.43988	76.47533
1/22/2025	11:12:17 AM	76.46385	76.50326	76.46178	76.49420	76.51561	76.52968	76.52204	76.49287	76.50629	76.47738	76.51700	76.52196	76.43882	76.47514
1/22/2025	11:12:20 AM	76.46355	76.50314	76.46171	76.49419	76.51598	76.53025	76.52283	76.49348	76.50650	76.47774	76.51745	76.52183	76.43944	76.47536
1/22/2025	11:12:24 AM	76.46382	76.50339	76.46208	76.49421	76.51611	76.52996	76.52258	76.49356	76.50630	76.47782	76.51715	76.52178	76.43958	76.47514
1/22/2025	11:12:27 AM	76.46287	76.50317	76.46220	76.49382	76.51546	76.52982	76.52228	76.49330	76.50647	76.47805	76.51777	76.52189	76.43929	76.47541
1/22/2025	11:12:31 AM	76.46372	76.50361	76.46226	76.49408	76.51598	76.53025	76.52241	76.49313	76.50607	76.47802	76.51758	76.52179	76.43878	76.47515
1/22/2025	11:12:35 AM	76.46338	76.50307	76.46183	76.49391	76.51554	76.53026	76.52203	76.49318	76.50610	76.47757	76.51765	76.52197	76.43915	76.47531
1/22/2025	11:12:38 AM	76.46371	76.50339	76.46217	76.49392	76.51588	76.53011	76.52221	76.49339	76.50650	76.47804	76.51730	76.52227	76.43948	76.47526
1/22/2025	11:12:42 AM	76.46312	76.50308	76.46274	76.49414	76.51590	76.53025	76.52252	76.49340	76.50616	76.47781	76.51752	76.52177	76.43899	76.47509
1/22/2025	11:12:45 AM	76.46344	76.50325	76.46215	76.49365	76.51596	76.52980	76.52217	76.49348	76.50640	76.47799	76.51710	76.52198	76.43940	76.47484
1/22/2025	11:12:49 AM	76.46334	76.50305	76.46186	76.49406	76.51574	76.53002	76.52237	76.49356	76.50613	76.47841	76.51770	76.52205	76.43925	76.47500
1/22/2025	11:12:53 AM	76.46367	76.50319	76.46255	76.49434	76.51594	76.52976	76.52247	76.49332	76.50605	76.47775	76.51743	76.52219	76.43950	76.47495
1/22/2025	11:12:56 AM	76.46335	76.50283	76.46182	76.49415	76.51540	76.53008	76.52208	76.49320	76.50633	76.47805	76.51684	76.52225	76.43948	76.47513
1/22/2025	11:13:00 AM	76.46382	76.50349	76.46241	76.49416	76.51578	76.53060	76.52261	76.49339	76.50617	76.47829	76.51778	76.52204	76.43915	76.47517
1/22/2025	11:13:03 AM	76.46341	76.50327	76.46295	76.49451	76.51592	76.53012	76.52241	76.49347	76.50654	76.47790	76.51767	76.52189	76.43929	76.47525
1/22/2025	11:13:07 AM	76.46359	76.50359	76.46264	76.49437	76.51617	76.53026	76.52240	76.49358	76.50665	76.47814	76.51737	76.52198	76.43924	76.47539
1/22/2025	11:13:11 AM	76.46322	76.50285	76.46175	76.49416	76.51598	76.53016	76.52207	76.49354	76.50645	76.47788	76.51750	76.52200	76.43928	76.47521
1/22/2025	11:13:14 AM	76.46336	76.50295	76.46200	76.49432	76.51646	76.53056	76.52269	76.49360	76.50635	76.47773	76.51712	76.52168	76.43899	76.47492
1/22/2025	11:13:18 AM	76.46325	76.50274	76.46208	76.49392	76.51569	76.53002	76.52275	76.49370	76.50664	76.47783	76.51768	76.52190	76.43945	76.47514
1/22/2025	11:13:21 AM	76.46326	76.50325	76.46204	76.49386	76.51564	76.53004	76.52211	76.49343	76.50604	76.47740	76.51689	76.52150	76.43842	76.47492
1/22/2025	11:13:25 AM	76.46258	76.50263	76.46182	76.49356	76.51564	76.52989	76.52185	76.49325	76.50630	76.47792	76.51712	76.52157	76.43872	76.47478
1/22/2025	11:13:29 AM	76.46307	76.50263	76.46164	76.49390	76.51551	76.52982	76.52160	76.49340	76.50649	76.47783	76.51718	76.52155	76.43912	76.47535
1/22/2025	11:13:32 AM	76.46347	76.50287	76.46178	76.49391	76.51580	76.53004	76.52221	76.49324	76.50646	76.47792	76.51760	76.52168	76.43905	76.47507
1/22/2025	11:13:36 AM	76.46315	76.50330	76.46223	76.49376	76.51582	76.53008	76.52261	76.49366	76.50640	76.47779	76.51713	76.52197	76.43926	76.47453
1/22/2025	11:13:39 AM	76.46325	76.50322	76.46222	76.49392	76.51558	76.52979	76.52248	76.49333	76.50655	76.47825	76.51722	76.52202	76.43949	76.47523
1/22/2025	11:13:43 AM	76.46384	76.50330	76.46242	76.49411	76.51622	76.53035	76.52290	76.49379	76.50672	76.47815	76.51765	76.52187	76.43915	76.47508
1/22/2025	11:13:47 AM	76.46280	76.50298	76.46207	76.49384	76.51558	76.52980	76.52244	76.49372	76.50636	76.47798	76.51763	76.52232	76.43942	76.47560
1/22/2025	11:13:50 AM	76.46369	76.50351	76.46222	76.49390	76.51630	76.53024	76.52274	76.49366	76.50656	76.47794	76.51758	76.52180	76.43963	76.47526
1/22/2025	11:13:54 AM	76.46317	76.50273	76.46175	76.49398	76.51592	76.53004	76.52222	76.49331	76.50653	76.47829	76.51721	76.52156	76.43905	76.47547
1/22/2025	11:13:57 AM	76.46321	76.50330	76.46188	76.49402	76.51546	76.53023	76.52186	76.49311	76.50663	76.47769	76.51683	76.52147	76.43878	76.47463
1/22/2025	11:14:01 AM	76.46290	76.50263	76.46182	76.49338	76.51550	76.52976	76.52236	76.49327	76.50638	76.47781	76.51694	76.52189	76.43894	76.47519
1/22/2025	11:14:05 AM	76.46268	76.50288	76.46192	76.49355	76.51577	76.53015	76.52181	76.49306	76.50609	76.47751	76.51705	76.52143	76.43915	76.47455
1/22/2025	11:14:08 AM	76.46316	76.50273	76.46185	76.49362	76.51567	76.53012	76.52227	76.49320	76.50612	76.47756	76.51725	76.52173	76.43886	76.47455
1/22/2025	11:14:12 AM	76.46336	76.50326	76.46158	76.49408	76.51550	76.53015	76.52232	76.49386	76.50677	76.47770	76.51714	76.52187	76.43887	76.47475
1/22/2025	11:14:15 AM	76.46299	76.50247	76.46146	76.49382	76.51580	76.52987	76.52246	76.49389	76.50632	76.47791	76.51725	76.52146	76.43890	76.47477
1/22/2025	11:14:19 AM	76.46357	76.50325	76.46193	76.49392	76.51560	76.53022	76.52228	76.49318	76.50610	76.47754	76.51673	76.52170	76.43872	76.47459
1/22/2025	11:14:23 AM	76.46298	76.50322	76.46197	76.49407	76.51597	76.53018	76.52238	76.49377	76.50700	76.47810	76.51757	76.52165	76.43900	76.47512
1/22/2025	11:14:26 AM	76.46348	76.50300	76.46183	76.49373	76.51559	76.53003	76.52231	76.49351	76.50643	76.47782	76.51723	76.52175	76.43910	76.47515
1/22/2025	11:14:30 AM	76.46303	76.50305	76.46184	76.49421	76.51605	76.53014	76.52301	76.49365	76.50632	76.47784	76.51704	76.52173	76.43873	76.47467
1/22/2025	11:14:33 AM	76.46359	76.50341	76.46217	76.49408	76.51560	76.53001	76.52229	76.49321	76.50672	76.47764	76.51726	76.52154	76.43889	76.47453
1/22/2025	11:14:37 AM	76.46267	76.50282	76.46189	76.49366	76.51560	76.52977	76.52245	76.49351	76.50652	76.47777	76.51738	76.52211	76.43903	76.47488
1/22/2025	11:14:41 AM	76.46349	76.50298	76.46191	76.49412	76.51609	76.53001	76.52257	76.49356	76.50684	76.47778	76.51731	76.52153	76.43916	76.47468
1/22/2025	11:14:44 AM	76.46318	76.50303	76.46196	76.49415	76.51564	76.53048	76.52268	76.49399	76.50735	76.47865	76.51760	76.52224	76.43927	76.47478
1/22/2025	11:14:48 AM	76.46379	76.50350	76.46241	76.49420	76.51627	76.53049	76.52287	76.49392	76.50672	76.47810	76.51793	76.52194	76.43905	76.47504
1/22/2025	11:14:52 AM	76.46363	76.50324	76.46192	76.49384	76.51589	76.53062	76.52290	76.49410	76.50691	76.47844	76.51780	76.52207	76.43957	76.47526
1/22/2025	11:14:55 AM	76.46385	76.50345	76.46206	76.49419	76.51618	76.53058	76.52237	76.49412	76.50686	76.47835	76.51724	76.52201	76.43882	76.47468
1/22/2025	11:14:59 AM	76.46344	76.50294	76.46190	76.49381	76.51611	76.53028	76.52243	76.49353	76.50638	76.47823	76.51711	76.52170	76.43880	76.47483
1/22/2025	11:15:02 AM	76.46314	76.50245	76.46189	76.49363	76.51550	76.53010	76.52220	76.49343	76.50644	76.47764	76.51703	76.52178	76.43892	76.47474
1/22/2025	11:15:06 AM	76.46297	76.50307	76.46167	76.49385	76.51565	76.53001	76.52241	76.49402	76.50674	76.47793	76.51720	76.52214	76.43870	76.47433
1/22/2025	11:15:10 AM	76.46317	76.50271	76.46156	76.49352	76.51592	76.53030	76.52204	76.49354	76.50641	76.47805	76.51741	76.52206	76.43908	76.47467
1/22/2025	11:15:13 AM	76.46323	76.50304	76.46183	76.49348	76.51583	76.53061	76.52275	76.49369	76.50645	76.47809	76.51757	76.52161	76.43911	76.47447
1/22/2025	11:15:17 AM	76.46323	76.50272	76.46168	76.49354	76.51570	76.52988	76.52217	76.49335	76.50644	76.47814	76.51724	76.52116	76.43916	76.47461
1/22/2025	11:15:20 AM	76.46311	76.50283	76.46136	76.49345	76.51549	76.52957	76.52242	76.49316	76.50612	76.47771	76.51709	76.52168	76.43873	76.47485
1/22/2025	11:15:24 AM	76.46358	76.50291	76.46223	76.49409	76.51586	76.53096	76.52291	76.49414	76.50696	76.47794	76.51742	76.52194	76.43897	76.47520
1/22/2025	11:15:28 AM	76.46336	76.50312	76.46193	76.49407	76.51548	76.53069	76.52323	76.49411	76.50702	76.47829	76.51762	76.52227	76.43931	76.47526
1/22/2025	11:15:31 AM	76.46402	76.50376	76.46235	76.49457	76.51632	76.53088	76.52292	76.49420	76.50696	76.47821	76.51770	76.52228	76.43940	76.47508
1/22/2025	11:15:35 AM	76.46343	76.50342	76.46260	76.49434	76.51633	76.53065	76.52300	76.49427	76.50710	76.47859	76.51747	76.52205	76.43940	76.47524
1/22/2025	11:15:38 AM	76.46390	76.50377	76.46234	76.49462	76.51620	76.53067	76.52335	76.49415	76.50694	76.47856	76.51743	76.52223	76.43878	76.47478
1/22/2025	11:15:42 AM	76.46263	76.50258	76.46205	76.49387	76.51562	76.53053	76.52271	76.49372	76.50671	76.47762	76.51713	76.52136	76.43921	76.47526
1/22/2025	11:15:46 AM	76.46332	76.50311	76.46179	76.49364	76.51587	76.53025	76.52216	76.49357	76.50644	76.47833	76.51746	76.52120	76.43860	76.47455
1/22/2025	11:15:49 AM	76.46305	76.50295	76.46165	76.49388	76.51586	76.53020	76.52277	76.49330	76.50692	76.47740	76.51667	76.52165	76.43857	76.47440
1/22/2025	11:15:53 AM	76.46324	76.50282	76.46179	76.49394	76.51601	76.53017	76.52266	76.49375	76.50655	76.47792	76.51716	76.52150	76.43877	76.47485
1/22/2025	11:15:56 AM	76.46298	76.50258	76.46178	76.49389	76.51583	76.53056	76.52248	76.49403	76.50676	76.47764	76.51676	76.52153	76.43833	76.47464
1/22/2025	11:16:00 AM	76.46323	76.50253	76.46136	76.49390	76.51564	76.52975	76.52207	76.49341	76.50615	76.47804	76.51712	76.52143	76.43862	76.47441
1/22/2025	11:16:04 AM	76.46276	76.50268	76.46198	76.49341	76.51561	76.53012	76.52227	76.49379	76.50656	76.47776	76.51693	76.52145	76.43871	76.47435
1/22/2025	11:16:07 AM	76.46326	76.50300	76.46170	76.49422	76.51597	76.53058	76.52319	76.49388	76.50662	76.47835	76.51732	76.52145	76.43882	76.47411
1/22/2025	11:16:11 AM	76.46279	76.50242	76.46134	76.49372	76.51599	76.53021	76.52300	76.49421	76.50686	76.47832	76.51717	76.52144	76.43898	76.47492
1/22/2025	11:16:14 AM	76.46321	76.50324	76.46156	76.49366	76.51574	76.53020	76.52268	76.49376	76.50660	76.47791	76.51716	76.52158	76.43886	76.47479
1/22/2025	11:16:18 AM	76.46300	76.50243	76.46163	76.49363	76.51571	76.53051	76.52293	76.49416	76.50704	76.47817	76.51729	76.52181	76.43893	76.47498
1/22/2025	11:16:22 AM	76.46334	76.50333	76.46185	76.49432	76.51544	76.52996	76.52305	76.49386	76.50694	76.47826	76.51681	76.52164	76.43854	76.47473
1/22/2025	11:16:25 AM	76.46295	76.50287	76.46164	76.49349	76.51585	76.53033	76.52274	76.49429	76.50663	76.47776	76.51757	76.52151	76.43889	76.47476
1/22/2025	11:16:29 AM	76.46343	76.50279	76.46220	76.49403	76.51587	76.53069	76.52317	76.49378	76.50715	76.47822	76.51734	76.52161	76.43864	76.47465
1/22/2025	11:16:32 AM	76.46278	76.50226	76.46098	76.49312	76.51510	76.52953	76.52195	76.49336	76.50601	76.47783	76.51668	76.52109	76.43871	76.47423
1/22/2025	11:16:36 AM	76.46250	76.50238	76.46127	76.49286	76.51559	76.52996	76.52251	76.49365	76.50652	76.47798	76.51675	76.52171	76.43912	76.47476
1/22/2025	11:16:40 AM	76.46302	76.50295	76.46153	76.49362	76.51538	76.52983	76.52277	76.49415	76.50643	76.47816	76.51721	76.52135	76.43820	76.47434
1/22/2025	11:16:43 AM	76.46282	76.50227	76.46138	76.49330	76.51549	76.52977	76.52222	76.49346	76.50635	76.47800	76.51696	76.52123	76.43872	76.47405
1/22/2025	11:16:47 AM	76.46296	76.50252	76.46109	76.49376	76.51548	76.53042	76.52231	76.49365	76.50689	76.47820	76.51695	76.52167	76.43815	76.47419
1/22/2025	11:16:50 AM	76.46287	76.50239	76.46145	76.49344	76.51532	76.52986	76.52259	76.49385	76.50686	76.47799	76.51690	76.52153	76.43879	76.47450
1/22/2025	11:16:54 AM	76.46270	76.50227	76.46088	76.49330	76.51520	76.52988	76.52207	76.49360	76.50636	76.47783	76.51680	76.52103	76.43856	76.47418
1/22/2025	11:16:58 AM	76.46282	76.50257	76.46172	76.49364	76.51574	76.53036	76.52286	76.49397	76.50718	76.47821	76.51679	76.52127	76.43851	76.47417
1/22/2025	11:17:01 AM	76.46262	76.50253	76.46146	76.49331	76.51563	76.53021	76.52264	76.49409	76.50667	76.47808	76.51729	76.52156	76.43854	76.47480
1/22/2025	11:17:05 AM	76.46290	76.50269	76.46147	76.49371	76.51556	76.53053	76.52257	76.49407	76.50659	76.47814	76.51750	76.52191	76.43882	76.47449
1/22/2025	11:17:08 AM	76.46284	76.50265	76.46101	76.49354	76.51557	76.53038	76.52238	76.49356	76.50661	76.47810	76.51666	76.52117	76.43838	76.47439
1/22/2025	11:17:12 AM	76.46251	76.50242	76.46130	76.49351	76.51530	76.53015	76.52277	76.49371	76.50672	76.47828	76.51693	76.52148	76.43851	76.47479
1/22/2025	11:17:16 AM	76.46289	76.50281	76.46160	76.49365	76.51615	76.53019	76.52281	76.49434	76.50677	76.47813	76.51712	76.52165	76.43866	76.47431
1/22/2025	11:17:19 AM	76.46322	76.50283	76.46135	76.49346	76.51555	76.53009	76.52256	76.49406	76.50670	76.47809	76.51647	76.52135	76.43842	76.47424
1/22/2025	11:17:23 AM	76.46260	76.50273	76.46131	76.49356	76.51569	76.53050	76.52268	76.49376	76.50674	76.47838	76.51687	76.52158	76.43832	76.47461
1/22/2025	11:17:26 AM	76.46326	76.50266	76.46175	76.49369	76.51579	76.53050	76.52274	76.49389	76.50681	76.47844	76.51701	76.52164	76.43871	76.47452
1/22/2025	11:17:30 AM	76.46282	76.50281	76.46189	76.49404	76.51580	76.53075	76.52293	76.49419	76.50697	76.47801	76.51693	76.52128	76.43841	76.47458
1/22/2025	11:17:34 AM	76.46298	76.50219	76.46089	76.49347	76.51534	76.53015	76.52267	76.49400	76.50664	76.47777	76.51716	76.52124	76.43841	76.47409
1/22/2025	11:17:37 AM	76.46297	76.50248	76.46192	76.49394	76.51591	76.53052	76.52293	76.49394	76.50702	76.47847	76.51718	76.52195	76.43879	76.47476
1/22/2025	11:17:41 AM	76.46281	76.50266	76.46135	76.49364	76.51581	76.53033	76.52264	76.49403	76.50697	76.47882	76.51752	76.52197	76.43851	76.47456
1/22/2025	11:17:44 AM	76.46264	76.50272	76.46156	76.49385	76.51584	76.53061	76.52267	76.49427	76.50726	76.47819	76.51739	76.52183	76.43915	76.47443
1/22/2025	11:17:48 AM	76.46303	76.50306	76.46163	76.49380	76.51639	76.53044	76.52268	76.49440	76.50736	76.47829	76.51757	76.52188	76.43886	76.47458
1/22/2025	11:17:52 AM	76.46315	76.50275	76.46142	76.49357	76.51585	76.53036	76.52304	76.49420	76.50738	76.47827	76.51738	76.52201	76.43911	76.47483
1/22/2025	11:17:55 AM	76.46340	76.50344	76.46175	76.49415	76.51620	76.53083	76.52302	76.49482	76.50765	76.47880	76.51754	76.52196	76.43875	76.47503
1/22/2025	11:17:59 AM	76.46333	76.50329	76.46210	76.49394	76.51634	76.53092	76.52340	76.49449	76.50759	76.47868	76.51769	76.52196	76.43872	76.47497
1/22/2025	11:18:02 AM	76.46367	76.50314	76.46238	76.49403	76.51598	76.53052	76.52315	76.49408	76.50748	76.47846	76.51732	76.52213	76.43892	76.47446
1/22/2025	11:18:06 AM	76.46289	76.50232	76.46162	76.49335	76.51572	76.53052	76.52302	76.49419	76.50682	76.47831	76.51758	76.52141	76.43851	76.47451
1/22/2025	11:18:10 AM	76.46350	76.50345	76.46169	76.49385	76.51594	76.53073	76.52306	76.49411	76.50675	76.47802	76.51684	76.52147	76.43863	76.47445
1/22/2025	11:18:13 AM	76.46296	76.50244	76.46115	76.49357	76.51563	76.53007	76.52257	76.49399	76.50666	76.47814	76.51721	76.52167	76.43847	76.47415
1/22/2025	11:18:17 AM	76.46250	76.50192	76.46114	76.49346	76.51557	76.53064	76.52312	76.49432	76.50749	76.47839	76.51727	76.52186	76.43848	76.47458
1/22/2025	11:18:20 AM	76.46312	76.50255	76.46143	76.49328	76.51588	76.53043	76.52317	76.49442	76.50740	76.47858	76.51741	76.52157	76.43879	76.47449
1/22/2025	11:18:24 AM	76.46320	76.50285	76.46191	76.49345	76.51612	76.53074	76.52308	76.49416	76.50759	76.47881	76.51778	76.52192	76.43859	76.47498
1/22/2025	11:18:28 AM	76.46310	76.50262	76.46196	76.49338	76.51578	76.53061	76.52295	76.49457	76.50709	76.47833	76.51754	76.52143	76.43830	76.47437
1/22/2025	11:18:31 AM	76.46274	76.50273	76.46172	76.49368	76.51597	76.53074	76.52301	76.49426	76.50735	76.47850	76.51724	76.52183	76.43867	76.47474
1/22/2025	11:18:35 AM	76.46279	76.50249	76.46137	76.49353	76.51564	76.53059	76.52288	76.49397	76.50749	76.47842	76.51741	76.52130	76.43891	76.47484
1/22/2025	11:18:38 AM	76.46347	76.50281	76.46193	76.49393	76.51637	76.53069	76.52290	76.49469	76.50727	76.47887	76.51741	76.52226	76.43862	76.47446
1/22/2025	11:18:42 AM	76.46290	76.50248	76.46114	76.49312	76.51511	76.53013	76.52232	76.49388	76.50706	76.47822	76.51697	76.52151	76.43883	76.47453
1/22/2025	11:18:46 AM	76.46293	76.50256	76.46158	76.49393	76.51591	76.53037	76.52298	76.49411	76.50692	76.47798	76.51676	76.52108	76.43818	76.47429
1/22/2025	11:18:49 AM	76.46255	76.50230	76.46121	76.49366	76.51548	76.53018	76.52281	76.49441	76.50706	76.47861	76.51744	76.52185	76.43877	76.47445
1/22/2025	11:18:53 AM	76.46299	76.50270	76.46181	76.49363	76.51558	76.53019	76.52315	76.49442	76.50749	76.47846	76.51739	76.52181	76.43834	76.47454
1/22/2025	11:18:56 AM	76.46292	76.50232	76.46144	76.49414	76.51573	76.53067	76.52310	76.49453	76.50782	76.47858	76.51726	76.52145	76.43882	76.47455
1/22/2025	11:19:00 AM	76.46328	76.50289	76.46169	76.49384	76.51592	76.53038	76.52288	76.49441	76.50736	76.47837	76.51737	76.52162	76.43812	76.47463
1/22/2025	11:19:04 AM	76.46327	76.50225	76.46154	76.49382	76.51577	76.53089	76.52345	76.49477	76.50775	76.47886	76.51750	76.52146	76.43859	76.47476
1/22/2025	11:19:07 AM	76.46310	76.50277	76.46178	76.49397	76.51599	76.53092	76.52313	76.49438	76.50759	76.47914	76.51728	76.52204	76.43888	76.47498
1/22/2025	11:19:11 AM	76.46335	76.50312	76.46178	76.49389	76.51631	76.53066	76.52295	76.49464	76.50752	76.47891	76.51755	76.52211	76.43865	76.47516
1/22/2025	11:19:14 AM	76.46347	76.50290	76.46223	76.49458	76.51653	76.53130	76.52386	76.49493	76.50778	76.47916	76.51764	76.52192	76.43861	76.47435
1/22/2025	11:19:18 AM	76.46296	76.50253	76.46143	76.49388	76.51616	76.53067	76.52349	76.49462	76.50770	76.47859	76.51758	76.52204	76.43867	76.47469
1/22/2025	11:19:22 AM	76.46338	76.50314	76.46185	76.49395	76.51594	76.53074	76.52318	76.49444	76.50770	76.47845	76.51763	76.52175	76.43857	76.47464
1/22/2025	11:19:25 AM	76.46285	76.50255	76.46157	76.49414	76.51595	76.53032	76.52295	76.49486	76.50750	76.47893	76.51751	76.52184	76.43886	76.47496
1/22/2025	11:19:29 AM	76.46340	76.50268	76.46189	76.49407	76.51615	76.53090	76.52316	76.49465	76.50779	76.47877	76.51740	76.52174	76.43867	76.47492
1/22/2025	11:19:32 AM	76.46301	76.50274	76.46150	76.49378	76.51601	76.53078	76.52324	76.49416	76.50729	76.47881	76.51725	76.52189	76.43833	76.47436
1/22/2025	11:19:36 AM	76.46311	76.50238	76.46148	76.49380	76.51628	76.53101	76.52327	76.49474	76.50713	76.47865	76.51747	76.52195	76.43860	76.47415
1/22/2025	11:19:40 AM	76.46285	76.50289	76.46167	76.49395	76.51616	76.53088	76.52319	76.49460	76.50751	76.47842	76.51758	76.52193	76.43848	76.47418
1/22/2025	11:19:43 AM	76.46337	76.50292	76.46152	76.49380	76.51575	76.53027	76.52292	76.49437	76.50746	76.47809	76.51714	76.52162	76.43823	76.47402
1/22/2025	11:19:47 AM	76.46282	76.50248	76.46122	76.49326	76.51556	76.53007	76.52266	76.49401	76.50699	76.47835	76.51717	76.52134	76.43810	76.47424
1/22/2025	11:19:50 AM	76.46284	76.50232	76.46144	76.49423	76.51598	76.53068	76.52322	76.49458	76.50752	76.47914	76.51779	76.52223	76.43882	76.47490
1/22/2025	11:19:54 AM	76.46317	76.50272	76.46157	76.49383	76.51598	76.53077	76.52324	76.49498	76.50817	76.47883	76.51738	76.52205	76.43873	76.47464
1/22/2025	11:19:58 AM	76.46311	76.50292	76.46148	76.49393	76.51634	76.53070	76.52339	76.49452	76.50741	76.47885	76.51747	76.52184	76.43818	76.47451
1/22/2025	11:20:01 AM	76.46288	76.50273	76.46153	76.49388	76.51598	76.53054	76.52271	76.49445	76.50749	76.47829	76.51687	76.52130	76.43827	76.47414
1/22/2025	11:20:05 AM	76.46323	76.50284	76.46136	76.49369	76.51628	76.53085	76.52326	76.49446	76.50714	76.47831	76.51721	76.52138	76.43813	76.47416
1/22/2025	11:20:08 AM	76.46303	76.50221	76.46120	76.49370	76.51582	76.53032	76.52283	76.49442	76.50723	76.47869	76.51750	76.52167	76.43804	76.47434
1/22/2025	11:20:12 AM	76.46292	76.50279	76.46189	76.49381	76.51600	76.53114	76.52326	76.49466	76.50781	76.47898	76.51768	76.52193	76.43845	76.47421
1/22/2025	11:20:16 AM	76.46305	76.50243	76.46155	76.49399	76.51610	76.53055	76.52325	76.49461	76.50744	76.47887	76.51772	76.52172	76.43842	76.47445
1/22/2025	11:20:19 AM	76.46331	76.50260	76.46105	76.49291	76.51573	76.53056	76.52313	76.49440	76.50768	76.47869	76.51746	76.52212	76.43849	76.47452
1/22/2025	11:20:23 AM	76.46305	76.50324	76.46161	76.49403	76.51662	76.53080	76.52322	76.49459	76.50777	76.47880	76.51748	76.52177	76.43849	76.47448
1/22/2025	11:20:26 AM	76.46288	76.50262	76.46147	76.49329	76.51587	76.53072	76.52315	76.49427	76.50719	76.47895	76.51751	76.52199	76.43843	76.47468
1/22/2025	11:20:30 AM	76.46315	76.50281	76.46202	76.49387	76.51600	76.53110	76.52356	76.49491	76.50740	76.47867	76.51730	76.52153	76.43865	76.47463
1/22/2025	11:20:34 AM	76.46322	76.50245	76.46141	76.49356	76.51600	76.53075	76.52349	76.49460	76.50746	76.47848	76.51720	76.52172	76.43764	76.47414
1/22/2025	11:20:37 AM	76.46272	76.50244	76.46143	76.49365	76.51567	76.53082	76.52302	76.49461	76.50760	76.47878	76.51735	76.52193	76.43829	76.47428
1/22/2025	11:20:41 AM	76.46286	76.50278	76.46105	76.49373	76.51593	76.53079	76.52339	76.49496	76.50802	76.47880	76.51768	76.52216	76.43871	76.47461
1/22/2025	11:20:44 AM	76.46295	76.50270	76.46142	76.49349	76.51620	76.53114	76.52345	76.49511	76.50775	76.47939	76.51778	76.52182	76.43828	76.47483
1/22/2025	11:20:48 AM	76.46305	76.50262	76.46190	76.49377	76.51585	76.53125	76.52317	76.49485	76.50762	76.47899	76.51700	76.52163	76.43856	76.47407
1/22/2025	11:20:52 AM	76.46287	76.50246	76.46176	76.49373	76.51604	76.53105	76.52315	76.49473	76.50776	76.47870	76.51742	76.52179	76.43828	76.47375
1/22/2025	11:20:55 AM	76.46283	76.50236	76.46167	76.49384	76.51589	76.53055	76.52319	76.49483	76.50755	76.47865	76.51766	76.52159	76.43822	76.47442
1/22/2025	11:20:59 AM	76.46310	76.50272	76.46132	76.49355	76.51590	76.53083	76.52317	76.49465	76.50776	76.47880	76.51770	76.52162	76.43809	76.47429
1/22/2025	11:21:02 AM	76.46320	76.50321	76.46148	76.49390	76.51638	76.53132	76.52349	76.49547	76.50834	76.47933	76.51809	76.52223	76.43900	76.47473
1/22/2025	11:21:06 AM	76.46343	76.50287	76.46157	76.49361	76.51616	76.53097	76.52297	76.49500	76.50794	76.47882	76.51758	76.52236	76.43852	76.47463
1/22/2025	11:21:10 AM	76.46342	76.50283	76.46177	76.49390	76.51644	76.53122	76.52389	76.49544	76.50805	76.47953	76.51824	76.52250	76.43899	76.47496
1/22/2025	11:21:13 AM	76.46404	76.50318	76.46228	76.49420	76.51657	76.53123	76.52351	76.49507	76.50862	76.47978	76.51826	76.52278	76.43857	76.47451
1/22/2025	11:21:17 AM	76.46327	76.50330	76.46205	76.49417	76.51658	76.53141	76.52381	76.49538	76.50856	76.47956	76.51825	76.52224	76.43898	76.47464
1/22/2025	11:21:20 AM	76.46371	76.50313	76.46240	76.49423	76.51667	76.53140	76.52400	76.49528	76.50839	76.47927	76.51831	76.52233	76.43921	76.47469
1/22/2025	11:21:24 AM	76.46351	76.50324	76.46229	76.49421	76.51640	76.53144	76.52386	76.49575	76.50877	76.47962	76.51778	76.52237	76.43892	76.47434
1/22/2025	11:21:28 AM	76.46301	76.50295	76.46111	76.49376	76.51657	76.53123	76.52383	76.49532	76.50805	76.47957	76.51819	76.52201	76.43863	76.47440
1/22/2025	11:21:31 AM	76.46332	76.50307	76.46241	76.49489	76.51712	76.53178	76.52404	76.49579	76.50847	76.47920	76.51798	76.52254	76.43899	76.47487
1/22/2025	11:21:35 AM	76.46345	76.50293	76.46160	76.49419	76.51642	76.53123	76.52332	76.49520	76.50818	76.47946	76.51772	76.52214	76.43826	76.47457
1/22/2025	11:21:38 AM	76.46340	76.50340	76.46167	76.49417	76.51633	76.53094	76.52346	76.49501	76.50842	76.47945	76.51815	76.52200	76.43868	76.47458
1/22/2025	11:21:42 AM	76.46307	76.50246	76.46161	76.49385	76.51633	76.53155	76.52376	76.49510	76.50842	76.47939	76.51810	76.52209	76.43875	76.47414
1/22/2025	11:21:46 AM	76.46322	76.50249	76.46152	76.49392	76.51608	76.53091	76.52350	76.49517	76.50787	76.47918	76.51779	76.52173	76.43848	76.47418
1/22/2025	11:21:49 AM	76.46294	76.50260	76.46118	76.49356	76.51588	76.53061	76.52325	76.49500	76.50822	76.47954	76.51798	76.52209	76.43856	76.47462
1/22/2025	11:21:53 AM	76.46339	76.50330	76.46189	76.49376	76.51657	76.53075	76.52372	76.49532	76.50828	76.47936	76.51794	76.52193	76.43807	76.47442
1/22/2025	11:21:56 AM	76.46290	76.50263	76.46160	76.49392	76.51596	76.53093	76.52345	76.49495	76.50796	76.47915	76.51731	76.52164	76.43834	76.47463
1/22/2025	11:22:00 AM	76.46313	76.50286	76.46187	76.49393	76.51653	76.53117	76.52367	76.49529	76.50824	76.47914	76.51786	76.52226	76.43847	76.47431
1/22/2025	11:22:04 AM	76.46319	76.50261	76.46131	76.49392	76.51600	76.53124	76.52340	76.49483	76.50789	76.47960	76.51773	76.52177	76.43787	76.47395
1/22/2025	11:22:07 AM	76.46291	76.50247	76.46128	76.49326	76.51590	76.53103	76.52304	76.49494	76.50839	76.47914	76.51727	76.52193	76.43818	76.47418
1/22/2025	11:22:11 AM	76.46286	76.50246	76.46129	76.49378	76.51616	76.53094	76.52377	76.49528	76.50809	76.47950	76.51820	76.52219	76.43862	76.47443
1/22/2025	11:22:14 AM	76.46347	76.50290	76.46175	76.49402	76.51640	76.53120	76.52349	76.49536	76.50822	76.47935	76.51776	76.52194	76.43847	76.47418
1/22/2025	11:22:18 AM	76.46306	76.50271	76.46136	76.49409	76.51594	76.53118	76.52363	76.49518	76.50836	76.47955	76.51824	76.52224	76.43863	76.47462
1/22/2025	11:22:22 AM	76.46299	76.50227	76.46113	76.49387	76.51591	76.53058	76.52336	76.49497	76.50798	76.47920	76.51749	76.52196	76.43819	76.47408
1/22/2025	11:22:25 AM	76.46338	76.50285	76.46170	76.49402	76.51653	76.53094	76.52376	76.49562	76.50839	76.47929	76.51868	76.52198	76.43840	76.47473
1/22/2025	11:22:29 AM	76.46335	76.50313	76.46167	76.49427	76.51656	76.53132	76.52379	76.49523	76.50854	76.47944	76.51813	76.52218	76.43838	76.47423
1/22/2025	11:22:32 AM	76.46316	76.50273	76.46117	76.49308	76.51618	76.53124	76.52380	76.49532	76.50844	76.47952	76.51816	76.52259	76.43859	76.47499
1/22/2025	11:22:36 AM	76.46349	76.50295	76.46191	76.49431	76.51630	76.53131	76.52418	76.49570	76.50886	76.47977	76.51845	76.52232	76.43839	76.47436
1/22/2025	11:22:40 AM	76.46305	76.50273	76.46146	76.49355	76.51598	76.53091	76.52341	76.49520	76.50800	76.47942	76.51749	76.52199	76.43783	76.47390
1/22/2025	11:22:43 AM	76.46290	76.50290	76.46158	76.49404	76.51623	76.53112	76.52354	76.49515	76.50813	76.47965	76.51760	76.52209	76.43845	76.47438
1/22/2025	11:22:47 AM	76.46342	76.50296	76.46162	76.49393	76.51560	76.53095	76.52325	76.49533	76.50868	76.47932	76.51781	76.52159	76.43854	76.47468
1/22/2025	11:22:50 AM	76.46336	76.50293	76.46197	76.49458	76.51624	76.53119	76.52363	76.49531	76.50853	76.47936	76.51826	76.52249	76.43848	76.47468
1/22/2025	11:22:54 AM	76.46322	76.50300	76.46176	76.49413	76.51634	76.53148	76.52369	76.49572	76.50873	76.47967	76.51788	76.52228	76.43877	76.47483
1/22/2025	11:22:58 AM	76.46333	76.50309	76.46163	76.49393	76.51621	76.53124	76.52366	76.49561	76.50851	76.47955	76.51807	76.52232	76.43817	76.47421
1/22/2025	11:23:01 AM	76.46333	76.50309	76.46145	76.49383	76.51642	76.53133	76.52393	76.49571	76.50892	76.47922	76.51804	76.52230	76.43867	76.47430
1/22/2025	11:23:05 AM	76.46305	76.50243	76.46161	76.49352	76.51619	76.53093	76.52347	76.49516	76.50815	76.47895	76.51763	76.52216	76.43800	76.47435
1/22/2025	11:23:08 AM	76.46303	76.50272	76.46114	76.49390	76.51610	76.53094	76.52367	76.49481	76.50825	76.47971	76.51766	76.52217	76.43837	76.47447
1/22/2025	11:23:12 AM	76.46317	76.50296	76.46162	76.49394	76.51623	76.53140	76.52380	76.49530	76.50853	76.47977	76.51770	76.52183	76.43801	76.47427
1/22/2025	11:23:16 AM	76.46285	76.50218	76.46117	76.49377	76.51597	76.53104	76.52384	76.49524	76.50848	76.47910	76.51778	76.52154	76.43825	76.47402
1/22/2025	11:23:19 AM	76.46321	76.50276	76.46140	76.49416	76.51637	76.53116	76.52366	76.49555	76.50858	76.47943	76.51804	76.52194	76.43873	76.47442
1/22/2025	11:23:23 AM	76.46338	76.50323	76.46195	76.49425	76.51697	76.53165	76.52403	76.49559	76.50923	76.47995	76.51822	76.52242	76.43880	76.47468
1/22/2025	11:23:26 AM	76.46382	76.50347	76.46237	76.49451	76.51655	76.53159	76.52405	76.49576	76.50908	76.48021	76.51863	76.52250	76.43812	76.47490
1/22/2025	11:23:30 AM	76.46331	76.50287	76.46167	76.49398	76.51621	76.53121	76.52343	76.49580	76.50839	76.47997	76.51816	76.52259	76.43858	76.47431
1/22/2025	11:23:34 AM	76.46360	76.50336	76.46159	76.49375	76.51578	76.53087	76.52287	76.49487	76.50781	76.47928	76.51738	76.52162	76.43796	76.47435
1/22/2025	11:23:37 AM	76.46269	76.50291	76.46125	76.49375	76.51634	76.53119	76.52327	76.49517	76.50797	76.47909	76.51771	76.52170	76.43813	76.47404
1/22/2025	11:23:41 AM	76.46279	76.50262	76.46124	76.49390	76.51593	76.53071	76.52348	76.49607	76.50910	76.47988	76.51820	76.52226	76.43846	76.47405
1/22/2025	11:23:44 AM	76.46346	76.50269	76.46185	76.49378	76.51645	76.53122	76.52386	76.49540	76.50871	76.47984	76.51795	76.52243	76.43845	76.47421
1/22/2025	11:23:48 AM	76.46310	76.50289	76.46162	76.49417	76.51632	76.53131	76.52403	76.49555	76.50892	76.47983	76.51807	76.52226	76.43822	76.47388
1/22/2025	11:23:52 AM	76.46265	76.50236	76.46113	76.49365	76.51640	76.53100	76.52359	76.49539	76.50836	76.47961	76.51795	76.52199	76.43836	76.47422
1/22/2025	11:23:55 AM	76.46324	76.50258	76.46137	76.49401	76.51658	76.53141	76.52361	76.49551	76.50887	76.47986	76.51834	76.52234	76.43847	76.47417
1/22/2025	11:23:59 AM	76.46309	76.50248	76.46153	76.49401	76.51621	76.53088	76.52379	76.49545	76.50836	76.47991	76.51804	76.52173	76.43811	76.47443
1/22/2025	11:24:02 AM	76.46299	76.50260	76.46108	76.49358	76.51572	76.53087	76.52380	76.49549	76.50851	76.47967	76.51779	76.52164	76.43836	76.47405
1/22/2025	11:24:06 AM	76.46300	76.50242	76.46111	76.49372	76.51617	76.53116	76.52370	76.49558	76.50888	76.47970	76.51832	76.52225	76.43826	76.47438
1/22/2025	11:24:10 AM	76.46347	76.50270	76.46176	76.49388	76.51621	76.53127	76.52390	76.49509	76.50882	76.47921	76.51817	76.52211	76.43817	76.47413
