7/23/2025	12:18:49 PM	76.49659	76.50108	76.57544	76.50745	76.51947	76.52309	76.54737	76.52598	76.52066	76.53511	76.55861	76.60372	76.52563	76.53148
7/23/2025	12:18:52 PM	76.49696	76.50322	76.57562	76.50798	76.51946	76.52311	76.54738	76.52645	76.52028	76.53630	76.55872	76.60480	76.52697	76.53182
7/23/2025	12:18:56 PM	76.49714	76.50490	76.57635	76.50883	76.51950	76.52389	76.54698	76.52622	76.52102	76.53733	76.55932	76.60568	76.52705	76.53301
7/23/2025	12:18:59 PM	76.49749	76.50510	76.57695	76.50959	76.51984	76.52394	76.54689	76.52636	76.52012	76.53659	76.55920	76.60618	76.52816	76.53343
7/23/2025	12:19:03 PM	76.49772	76.50667	76.57705	76.50899	76.51953	76.52336	76.54859	76.52676	76.51991	76.53643	76.55941	76.60747	76.52748	76.53477
7/23/2025	12:19:06 PM	76.50137	76.50335	76.57804	76.50819	76.51712	76.52033	76.54377	76.55973	76.47607	76.45542	76.46423	76.50598	76.43569	76.44639
7/23/2025	12:19:09 PM	76.40698	76.41245	76.49561	76.43254	76.44346	76.45171	76.48284	76.47426	76.48238	76.50998	76.52261	76.57082	76.49613	76.51098
7/23/2025	12:19:13 PM	76.46750	76.49355	76.57018	76.49905	76.52806	76.55820	76.58320	76.54747	76.61730	76.70111	76.65548	76.68735	76.63746	76.69758
7/23/2025	12:19:16 PM	76.60276	76.66360	76.71282	76.67095	76.70513	76.78955	76.80228	76.70893	76.82816	76.93897	76.84451	76.87430	76.84559	76.86717
7/23/2025	12:19:20 PM	76.75715	76.77683	76.85664	76.72379	76.76445	76.78747	76.78485	76.80881	76.87067	76.93092	76.89094	76.91793	76.83894	76.85181
7/23/2025	12:19:23 PM	76.82016	76.78510	76.84212	76.73057	76.76736	76.78595	76.80681	76.79582	76.82451	77.00958	77.27642	77.02204	76.82445	76.85246
7/23/2025	12:19:27 PM	76.82750	76.78115	76.86734	76.75681	76.79510	76.85917	76.82853	76.79440	77.59890	78.31415	80.13048	78.93872	77.10517	77.19737
7/23/2025	12:19:30 PM	77.83043	76.94235	77.59425	76.85866	76.99981	77.47767	77.04723	76.88435	81.92933	82.58283	85.90750	83.16868	78.03914	78.86343
7/23/2025	12:19:34 PM	80.26515	77.38872	80.87758	77.12259	77.66009	78.57771	77.75509	77.05541	86.87256	88.51198	91.99107	88.91726	81.40205	85.29447
7/23/2025	12:19:37 PM	87.17500	79.10874	85.18365	78.26349	80.15804	82.07769	79.99712	77.49019	91.31478	92.60513	98.30004	94.36979	86.15034	91.07148
7/23/2025	12:19:41 PM	92.63296	86.35088	88.57056	82.47176	83.63723	85.80745	84.84615	81.75889	95.39164	99.12376	104.54849	100.20486	90.25183	95.37834
7/23/2025	12:19:44 PM	97.74201	91.83738	91.92177	86.47264	86.24682	88.98680	88.97709	89.63861	99.91917	104.82251	110.10709	105.26229	93.84653	100.28061
7/23/2025	12:19:48 PM	102.67685	96.48195	95.74170	90.22367	88.67585	91.84750	92.21266	94.45984	104.22676	110.70314	115.47633	110.06363	97.23446	103.97201
7/23/2025	12:19:51 PM	107.23553	101.42013	98.78573	93.81256	91.18735	94.46769	95.47972	98.80394	108.15218	115.32494	120.47390	114.74620	101.45310	107.55562
7/23/2025	12:19:55 PM	111.31032	105.41640	101.72786	96.64201	94.37071	97.06729	99.28633	104.00485	112.01085	119.56453	125.31076	119.54876	104.68370	110.86278
7/23/2025	12:19:58 PM	115.31615	109.09782	105.04921	99.33429	96.83841	99.45143	102.62228	108.13978	115.61611	124.14846	129.91053	123.78775	107.84055	114.12733
7/23/2025	12:20:02 PM	119.01229	112.61162	107.79821	101.83721	99.04284	101.77818	105.76196	111.96943	119.45065	128.52963	134.42856	128.08880	111.03534	117.33771
7/23/2025	12:20:05 PM	122.46807	115.93598	110.45705	104.28526	101.43311	103.89854	108.67712	115.40925	122.47502	132.66840	138.60521	132.15479	114.05394	120.40800
7/23/2025	12:20:09 PM	126.01126	118.93154	113.06786	106.68545	103.79089	106.39181	111.54821	118.62316	125.61211	136.42960	142.73988	135.78930	116.92982	123.48380
7/23/2025	12:20:12 PM	129.46909	122.02557	115.50506	108.93386	106.06289	108.49665	114.36982	121.69909	128.80167	139.95801	146.80193	139.57313	119.82344	126.66915
7/23/2025	12:20:16 PM	132.79976	125.01137	118.14798	111.23762	108.16360	110.64632	116.98524	124.68240	132.10786	143.26040	150.79115	143.63982	122.67256	129.82126
7/23/2025	12:20:19 PM	136.25248	127.95547	120.59266	113.52346	110.25182	112.84569	119.54793	127.74594	135.33917	147.01223	154.82377	147.44766	125.43198	132.65904
7/23/2025	12:20:23 PM	139.55422	130.79727	123.18400	115.86283	112.33015	114.96364	121.94960	130.72397	138.45810	150.77799	158.60121	151.08952	128.26667	135.52629
7/23/2025	12:20:26 PM	142.70639	133.68192	125.59855	118.00576	114.22340	117.11299	124.34627	133.63580	141.59494	154.40170	162.27522	154.61493	130.99590	138.31577
7/23/2025	12:20:30 PM	145.98980	136.60233	128.11490	120.21706	116.21451	119.16573	126.78812	136.29884	144.69393	157.99495	165.85248	158.11906	133.67313	141.22336
7/23/2025	12:20:33 PM	149.22512	139.50793	130.50994	122.53903	118.32011	121.49493	129.49261	139.00235	147.92459	161.18959	169.49157	161.20193	136.42214	144.17135
7/23/2025	12:20:37 PM	152.34458	142.39411	133.16485	124.82252	120.48373	123.72690	131.99494	141.51655	150.91827	164.70699	172.75113	164.72742	139.00406	147.10466
7/23/2025	12:20:40 PM	155.28991	145.33127	135.54361	127.18624	122.85836	126.01616	134.46701	144.38336	154.16242	168.46627	176.11768	167.93702	141.81142	149.91202
7/23/2025	12:20:44 PM	158.21515	147.88940	138.03901	129.49267	125.04765	128.30915	137.02065	147.13586	156.94571	171.59664	179.61909	171.11170	144.45530	152.80374
7/23/2025	12:20:47 PM	161.19762	150.64096	140.47544	131.95461	127.13357	130.54135	139.51129	149.67872	159.85684	174.37011	183.05487	174.21176	147.03093	155.52981
7/23/2025	12:20:51 PM	164.19906	153.38821	142.88531	134.41512	129.77734	132.88448	141.84080	152.08835	162.57200	177.57518	186.30607	177.01646	149.55426	158.43573
7/23/2025	12:20:54 PM	166.95552	156.06331	145.49926	136.70401	132.22904	135.15120	144.27275	154.85094	165.37945	180.43848	189.36523	179.94306	151.91553	160.97824
7/23/2025	12:20:58 PM	169.82847	158.48304	147.83234	138.89157	134.43585	137.41238	146.47504	157.42008	168.27394	183.40075	192.40197	182.73380	154.33918	163.35739
7/23/2025	12:21:01 PM	172.45607	161.03664	150.11387	141.08835	136.75408	139.67413	148.86872	159.88873	171.07002	185.90047	195.28267	185.59915	156.73770	165.93947
7/23/2025	12:21:05 PM	175.09368	163.56239	152.16317	143.26053	138.94461	141.89650	151.05499	162.34882	173.90333	188.72890	198.27728	188.19359	158.91603	168.23312
7/23/2025	12:21:08 PM	177.50526	165.65523	154.41406	145.43398	140.97866	144.00919	153.13566	164.72463	176.49817	191.42876	201.02895	190.80279	161.14381	170.80976
7/23/2025	12:21:11 PM	180.01773	168.11982	156.45571	147.53728	143.06347	146.07978	155.30667	166.96079	178.93398	193.81562	203.49182	193.38295	163.35545	173.09892
7/23/2025	12:21:15 PM	182.28399	170.24821	158.46067	149.46147	145.03949	147.96601	157.38183	169.12672	181.16734	196.19054	205.98033	195.87042	165.54482	175.41037
7/23/2025	12:21:18 PM	184.51539	172.27876	160.39000	151.41596	146.96765	149.80807	159.36158	171.20303	183.54130	198.52704	208.40113	198.48296	167.62284	177.56027
7/23/2025	12:21:22 PM	186.69402	174.19764	162.22575	153.25344	148.75900	151.47199	161.34756	173.32069	185.94982	200.67535	210.78422	200.94312	169.65045	179.60730
7/23/2025	12:21:25 PM	188.93245	176.28992	164.03556	155.08136	150.40463	153.05384	163.27851	175.41838	188.20061	202.88888	212.88870	203.06380	171.60110	181.79274
7/23/2025	12:21:29 PM	191.01350	178.26269	166.04997	157.02498	152.18637	154.97539	165.12437	177.50705	190.29353	205.23012	215.01303	205.21505	173.62167	183.78998
7/23/2025	12:21:32 PM	193.12590	180.21569	167.76417	159.02335	153.88065	156.65565	166.98180	179.48027	192.59695	207.18523	217.13099	207.28764	175.57182	185.80392
7/23/2025	12:21:36 PM	195.15336	182.16437	169.66170	160.89054	155.55525	158.43091	168.80202	181.36492	194.56649	209.14996	219.08894	209.30749	177.45026	187.73812
7/23/2025	12:21:39 PM	197.09864	183.86403	171.36964	162.44697	157.31279	160.05303	170.52892	183.23901	196.59227	211.06064	221.02704	211.09319	179.26572	189.62402
7/23/2025	12:21:43 PM	198.83306	185.65081	173.02848	163.96436	159.05616	161.60504	172.29090	185.06585	198.47165	212.98522	222.89133	212.98592	181.03185	191.42729
7/23/2025	12:21:46 PM	200.68870	187.50487	174.52757	165.53164	160.38434	163.19056	173.96577	186.80128	200.39667	214.77417	224.69939	214.47879	182.76628	193.10836
7/23/2025	12:21:50 PM	202.51078	189.30145	176.22440	167.02541	161.94760	164.73170	175.66810	188.51012	202.21380	216.20950	226.40053	216.23325	184.41194	194.87115
7/23/2025	12:21:53 PM	204.22381	190.92385	177.76727	168.69246	163.57070	166.31132	177.27870	190.25616	204.02466	218.00858	228.07532	217.81713	186.18937	196.68802
7/23/2025	12:21:57 PM	205.90806	192.54600	179.48534	170.26427	164.98936	167.87617	178.72912	191.92666	205.83495	219.44175	229.63567	219.43614	187.83092	198.53084
7/23/2025	12:22:00 PM	207.56163	194.13263	180.97207	171.84246	166.30826	169.29667	180.34801	193.56471	207.26681	220.89646	231.17155	221.03609	189.41697	200.10719
7/23/2025	12:22:04 PM	209.09194	195.76221	182.39275	173.23989	167.82873	170.88006	181.78246	195.13142	208.88643	222.45729	232.62459	222.59152	190.96636	201.75635
7/23/2025	12:22:07 PM	210.60547	197.23208	183.85332	174.67064	169.36368	172.35244	183.34420	196.77310	210.44525	223.98803	234.00889	224.09165	192.46292	203.27411
7/23/2025	12:22:11 PM	212.12665	198.69503	185.26185	176.22754	170.83303	173.84514	184.77535	198.27074	211.98004	225.34760	235.40040	225.68355	193.91071	204.81711
7/23/2025	12:22:14 PM	213.63161	200.23602	186.63288	177.70157	172.14663	175.11819	186.19233	199.77927	213.55115	226.95349	236.83009	227.05660	195.33576	206.22749
7/23/2025	12:22:18 PM	215.18633	201.78176	188.04729	179.08594	173.37054	176.46313	187.57526	201.16848	215.11143	228.28410	238.17884	228.28081	196.71545	207.76733
7/23/2025	12:22:21 PM	216.59587	203.22529	189.36521	180.35231	174.68595	177.73381	188.87688	202.57323	216.69983	229.57135	239.47862	229.70018	198.04857	209.20784
7/23/2025	12:22:25 PM	217.95150	204.55635	190.64013	181.60560	175.75747	178.98602	190.22308	203.99703	218.13821	230.70666	240.68937	231.01392	199.47756	210.65519
7/23/2025	12:22:28 PM	219.27789	205.92761	191.89732	182.87799	176.94312	180.22410	191.47276	205.32872	219.52353	232.09321	241.96561	232.35304	200.83438	211.93003
7/23/2025	12:22:32 PM	220.56435	207.20809	193.22426	183.99313	178.21474	181.53995	192.76429	206.80112	220.87943	233.50886	243.12462	233.57240	202.12083	213.25305
7/23/2025	12:22:35 PM	221.80793	208.49272	194.47747	185.28573	179.36838	182.68352	194.03310	208.09362	222.11517	234.56702	244.30452	234.78159	203.35616	214.55119
7/23/2025	12:22:39 PM	223.09394	209.71187	195.66208	186.53267	180.58954	183.88190	195.27073	209.33992	223.42688	235.52530	245.36853	235.86323	204.55227	215.90546
7/23/2025	12:22:42 PM	224.36652	210.95729	196.76091	187.71528	181.83437	185.01331	196.41812	210.57643	224.64839	236.71193	246.42710	236.94241	205.75335	217.22897
7/23/2025	12:22:45 PM	225.55031	212.18999	197.87650	188.71032	182.81774	186.04692	197.53797	211.86264	225.84253	237.64431	247.38544	238.03762	206.94349	218.44171
7/23/2025	12:22:49 PM	226.79578	213.37846	198.96984	189.84099	183.97749	187.15045	198.64842	213.10843	227.03066	238.83066	248.35440	238.97966	208.18165	219.60749
7/23/2025	12:22:53 PM	227.95495	214.67476	200.14750	190.95163	184.96296	188.28357	199.79565	214.29994	228.29783	239.76881	249.29361	239.95333	209.35859	220.81374
7/23/2025	12:22:56 PM	228.99410	215.81697	201.25945	192.11263	186.12341	189.44722	200.95034	215.49532	229.48521	240.81719	250.25626	241.14118	210.55828	222.04956
7/23/2025	12:23:00 PM	230.05749	216.83814	202.33458	193.21309	187.20115	190.56341	201.95626	216.68049	230.56727	241.80364	251.23388	242.16175	211.76537	223.25234
7/23/2025	12:23:03 PM	231.14964	218.02637	203.55324	194.22142	188.39317	191.70382	203.14823	217.80426	231.71063	242.83222	252.08382	242.96688	212.93117	224.49608
7/23/2025	12:23:07 PM	232.25700	219.12454	204.56612	195.32601	189.33415	192.73424	204.14953	218.93015	232.83766	243.80125	252.93017	243.97752	214.04513	225.68321
7/23/2025	12:23:10 PM	233.26891	220.24064	205.58375	196.30371	190.37054	193.90880	205.11408	220.02693	233.91875	244.65220	253.75234	244.85444	215.12667	226.85555
7/23/2025	12:23:14 PM	234.28075	221.29719	206.57154	197.25834	191.41125	194.94711	206.12723	221.14390	235.02665	245.54334	254.53094	245.88383	216.19820	227.95354
7/23/2025	12:23:18 PM	235.29233	222.31131	207.57408	198.24518	192.37975	195.98618	207.09803	222.12465	236.09392	246.38633	255.29202	246.59342	217.18549	228.91799
7/23/2025	12:23:21 PM	236.19341	223.28703	208.58423	199.22299	193.47615	196.99437	208.05502	223.14732	236.97283	247.14548	256.04130	247.40118	218.23669	229.92847
7/23/2025	12:23:25 PM	237.11537	224.29654	209.53307	200.22481	194.42467	197.95553	209.07113	224.18592	237.92775	248.08470	256.73762	248.23451	219.25963	230.99390
7/23/2025	12:23:28 PM	238.02333	225.29887	210.46204	201.17827	195.30308	198.91685	210.03616	225.20042	238.79045	248.89796	257.43938	249.04976	220.25847	231.97206
7/23/2025	12:23:32 PM	238.94687	226.31484	211.42827	202.15879	196.30104	199.88196	211.07877	226.13561	239.70656	249.66388	258.08467	249.81496	221.22747	232.92940
7/23/2025	12:23:35 PM	239.76718	227.28281	212.49213	203.20284	197.28343	200.91042	212.07413	227.13369	240.50666	250.41848	258.68232	250.57169	222.22062	233.85959
7/23/2025	12:23:39 PM	240.55809	228.27005	213.44109	204.10527	198.18962	201.91368	213.08142	228.04769	241.16355	251.20707	258.96223	250.79846	223.63692	234.67988
7/23/2025	12:23:43 PM	240.76578	229.28371	215.15952	205.68197	199.16764	202.99876	214.12955	228.71326	241.23508	251.13542	258.50368	250.43282	225.03944	235.49303
7/23/2025	12:23:46 PM	240.75951	229.96271	216.58165	207.22267	200.43005	204.36670	215.48547	229.61362	241.54594	251.33659	257.99094	250.27093	226.28744	236.70090
7/23/2025	12:23:50 PM	241.05184	230.79423	217.96565	208.43233	201.40106	205.84370	216.79716	230.40063	242.05543	251.74998	257.62038	250.33312	225.92657	237.49766
7/23/2025	12:23:53 PM	240.93668	231.24930	218.75210	209.06121	202.06525	207.12194	217.72466	230.35753	242.64147	252.81467	258.26468	250.60031	225.45550	237.73463
7/23/2025	12:23:57 PM	240.55838	231.67923	219.20061	209.27348	202.81076	208.20334	218.38830	230.42727	243.22382	253.66605	258.86619	250.80335	225.24824	237.91415
7/23/2025	12:24:01 PM	240.26933	232.14710	219.67697	209.36856	203.52140	209.25822	219.07954	230.65048	243.86627	254.46656	259.51187	251.11326	225.15425	238.09883
7/23/2025	12:24:04 PM	240.16403	232.72619	220.13443	209.68626	203.97756	210.33693	219.80260	230.82137	244.46952	255.22663	259.96378	251.50355	225.30863	238.28667
7/23/2025	12:24:08 PM	240.15305	233.24632	220.81887	209.99181	204.36787	211.45374	220.55500	231.13967	245.08519	255.89160	260.30803	251.92100	225.80322	238.49785
7/23/2025	12:24:11 PM	240.24859	233.90231	221.39498	210.25226	204.83909	212.48921	221.31211	231.57992	245.68380	256.41270	260.62592	252.35608	226.53655	238.83426
7/23/2025	12:24:15 PM	240.62810	234.55918	222.08187	210.88038	205.48537	213.50408	222.16591	232.19265	246.32311	257.03472	260.85497	252.55524	227.18380	239.32846
7/23/2025	12:24:19 PM	241.08999	235.34471	223.14109	211.66436	206.33815	214.50913	222.97973	232.79800	246.94609	257.74104	261.12323	252.77190	227.85110	239.90628
7/23/2025	12:24:22 PM	241.62678	236.20306	224.25106	212.68814	207.41428	215.53099	223.90291	233.42966	247.60241	258.54450	261.48382	253.16485	228.41999	240.55965
7/23/2025	12:24:26 PM	242.20897	237.06412	225.05534	213.74287	208.56067	216.52936	224.72454	234.04120	248.32840	259.22337	261.81687	253.45627	229.04112	241.14328
7/23/2025	12:24:29 PM	242.68198	238.00230	225.90675	214.92539	209.76155	217.58082	225.52562	234.66370	248.91159	259.77968	262.27944	253.83690	229.79138	241.72431
7/23/2025	12:24:33 PM	243.13379	239.10937	226.95636	216.21478	210.96128	218.62139	226.37260	235.26742	249.59987	260.29667	262.78465	254.39499	230.39881	242.36860
7/23/2025	12:24:37 PM	243.64350	240.26132	227.98910	217.50350	212.17818	219.58450	227.19851	235.94160	250.12329	260.73724	263.23292	254.96800	231.05134	243.01892
7/23/2025	12:24:40 PM	244.29170	241.49849	229.05671	218.69909	213.51035	220.64500	228.10709	236.60192	250.67862	261.17747	263.68653	255.59042	231.73532	243.73768
7/23/2025	12:24:44 PM	244.84319	242.65174	230.16415	219.91169	214.74151	221.66792	228.97806	237.36214	251.19927	261.59487	264.11560	256.21992	232.41701	244.33443
7/23/2025	12:24:47 PM	245.52858	243.75750	231.20790	221.16569	216.09247	222.73667	229.85445	238.15954	251.79834	262.01554	264.59451	256.93939	233.08081	245.07656
7/23/2025	12:24:51 PM	246.24114	244.58461	232.33192	222.42015	217.35633	223.76204	230.78110	239.01570	252.37378	262.42296	265.05671	257.64090	233.66277	245.80459
7/23/2025	12:24:54 PM	246.84285	245.65498	233.42475	223.59755	218.50174	224.80323	231.74045	239.82520	252.96220	262.83540	265.48365	258.33234	234.33828	246.43399
7/23/2025	12:24:58 PM	247.60870	246.65306	234.68285	224.91430	219.64169	225.81850	232.65964	240.85795	253.31254	263.20903	265.81519	258.93229	234.99018	246.98624
7/23/2025	12:25:02 PM	248.45522	247.65282	236.01906	226.65350	220.85107	226.76287	233.55453	241.99979	253.62384	263.53382	266.14747	259.50551	235.80155	247.63428
7/23/2025	12:25:05 PM	249.53390	248.69218	237.38255	228.14144	221.97902	227.69431	234.44955	242.92374	254.06010	263.88162	266.42337	260.05016	236.64144	248.21835
7/23/2025	12:25:09 PM	250.49671	249.66037	238.67851	229.65090	223.03448	228.60749	235.30654	243.88897	254.48210	264.20363	266.65167	260.54430	237.47302	248.85164
7/23/2025	12:25:12 PM	251.49383	250.70282	239.91947	231.09430	224.05945	229.50594	236.31098	244.92641	254.96764	264.50375	266.84969	261.02319	238.32204	249.33518
7/23/2025	12:25:16 PM	252.49885	251.70391	241.27565	232.54635	225.04187	230.36865	237.19705	245.85275	255.52008	264.83736	267.01840	261.42855	239.02137	249.88698
7/23/2025	12:25:20 PM	253.34499	252.55794	242.30312	233.78098	226.02976	231.28140	238.12723	246.85223	255.92182	265.19165	267.20245	261.79597	239.78910	250.43839
7/23/2025	12:25:23 PM	254.21240	253.45732	243.43035	235.07418	227.03741	232.18524	239.11787	247.71095	256.50736	265.53063	267.42757	262.19464	240.51428	251.09319
7/23/2025	12:25:27 PM	255.06886	254.27029	244.41700	236.10509	228.06366	233.03755	239.97764	248.68219	257.00207	265.84691	267.67326	262.55506	241.22427	251.65682
7/23/2025	12:25:30 PM	255.83250	255.04836	245.33289	237.10688	229.10995	233.91599	240.82877	249.40629	257.54598	266.21927	267.91487	262.92639	241.91653	252.27786
7/23/2025	12:25:34 PM	256.51833	255.86335	246.13645	238.07185	230.15968	234.83681	241.73492	250.28714	258.01853	266.56442	268.16845	263.26534	242.65421	252.81840
7/23/2025	12:25:38 PM	257.09123	256.54757	246.94487	238.95152	231.16696	235.68537	242.54113	251.06335	258.47536	266.92246	268.41105	263.60875	243.37773	253.40095
7/23/2025	12:25:41 PM	257.73396	257.26061	247.71242	239.74343	232.17257	236.54678	243.41475	251.90223	258.93327	267.26101	268.67678	263.94971	244.04395	253.95551
7/23/2025	12:25:45 PM	258.32437	257.86469	248.56947	240.67915	233.09587	237.42054	244.29323	252.69036	259.43969	267.61489	268.91919	264.30273	244.70428	254.53159
7/23/2025	12:25:48 PM	258.86083	258.45831	249.36605	241.50005	233.93393	238.22397	245.10860	253.50816	259.86820	267.91753	269.14539	264.63877	245.32598	255.01518
7/23/2025	12:25:52 PM	259.35493	259.04087	250.16733	242.14548	234.71716	239.04101	245.91917	254.24019	260.35091	268.26803	269.37357	264.98882	245.88076	255.50452
7/23/2025	12:25:55 PM	259.86942	259.61315	250.87459	242.86428	235.51755	239.84190	246.75136	254.92557	260.65576	268.58280	269.63452	265.33133	246.42151	256.03838
7/23/2025	12:25:59 PM	260.31123	260.06599	251.63815	243.64552	236.26520	240.63074	247.52144	255.62178	261.06810	268.91064	269.88134	265.68433	247.03472	256.55095
7/23/2025	12:26:03 PM	260.82393	260.60395	252.35128	244.38713	237.04455	241.43758	248.30057	256.32699	261.49685	269.23309	270.14409	266.02251	247.60598	257.04362
7/23/2025	12:26:06 PM	261.23299	261.11232	253.05846	245.01983	237.71096	242.18427	249.02507	256.84927	262.02690	269.57275	270.41391	266.41858	248.42942	257.59507
7/23/2025	12:26:10 PM	261.77311	261.36954	253.34468	245.22692	238.37673	242.72012	249.76769	257.65028	262.97572	269.94786	270.52929	266.92144	249.73075	258.41079
7/23/2025	12:26:13 PM	262.37383	261.51919	253.42056	245.52576	239.04752	243.21319	250.43973	258.44099	263.80000	270.21781	270.60015	267.34016	250.97209	259.12818
7/23/2025	12:26:17 PM	262.89292	261.66908	253.47195	245.85809	239.69702	243.68525	251.05942	259.14130	264.51323	270.45202	270.68520	267.71722	252.14359	259.77997
7/23/2025	12:26:20 PM	263.34584	261.82039	253.54302	246.18486	240.29378	244.11768	251.60364	259.73780	265.12526	270.66646	270.79451	268.06290	253.20033	260.34938
7/23/2025	12:26:24 PM	263.75093	261.97639	253.64012	246.53084	240.85720	244.53500	252.11206	260.26014	265.64048	270.87253	270.93249	268.37158	254.17200	260.86851
7/23/2025	12:26:27 PM	264.11573	262.13758	253.76403	246.86306	241.38660	244.93638	252.58817	260.71706	266.06646	271.08047	271.09987	268.64809	255.05584	261.34148
7/23/2025	12:26:31 PM	264.44378	262.30483	253.91343	247.20140	241.89826	245.33351	253.03842	261.12319	266.43074	271.30577	271.29032	268.90041	255.87403	261.77636
7/23/2025	12:26:34 PM	264.73873	262.46940	254.08194	247.50069	242.38118	245.71215	253.45217	261.48087	266.74416	271.54382	271.49262	269.12926	256.60323	262.16580
7/23/2025	12:26:38 PM	265.01224	262.63948	254.26956	247.82247	242.85019	246.08714	253.85036	261.81676	267.02964	271.81350	271.72262	269.35876	257.28302	262.52429
7/23/2025	12:26:41 PM	265.26769	262.81159	254.46851	248.16053	243.30039	246.45331	254.22556	262.12395	267.29245	272.10479	271.97776	269.58941	257.87967	262.83037
7/23/2025	12:26:45 PM	265.50831	262.98637	254.67431	248.55936	243.73945	246.81395	254.58046	262.41040	267.53374	272.40785	272.25124	269.82620	258.42394	263.10224
7/23/2025	12:26:48 PM	265.73307	263.16133	254.88005	248.96933	244.16654	247.16826	254.91595	262.67676	267.75460	272.71788	272.52912	270.08153	258.92167	263.35070
7/23/2025	12:26:52 PM	265.93710	263.33118	255.08619	249.36043	244.58467	247.51689	255.22916	262.91964	267.96817	273.01816	272.78797	270.34709	259.35949	263.56842
7/23/2025	12:26:55 PM	266.11731	263.49191	255.30001	249.71705	244.96575	247.84689	255.50600	263.15248	268.16651	273.30523	273.02161	270.61114	259.74573	263.75041
7/23/2025	12:26:59 PM	266.27776	263.63859	255.50999	250.08507	245.31137	248.15695	255.75969	263.38071	268.36104	273.57408	273.25022	270.88453	260.09544	263.92602
7/23/2025	12:27:02 PM	266.43927	263.78837	255.72357	250.46898	245.65636	248.47708	256.00908	263.61703	268.56441	273.83159	273.48862	271.15982	260.40754	264.09446
7/23/2025	12:27:06 PM	266.60729	263.94478	255.93687	250.81967	246.00758	248.79148	256.25018	263.85473	268.76723	274.06635	273.71690	271.42429	260.68196	264.25956
7/23/2025	12:27:09 PM	266.78356	264.10328	256.15425	251.17170	246.36429	249.10492	256.49154	264.09493	268.98139	274.29038	273.94034	271.68483	260.93923	264.41693
7/23/2025	12:27:12 PM	266.97709	264.26964	256.37899	251.50772	246.71526	249.41884	256.72774	264.33466	269.22328	274.50390	274.15198	271.93154	261.17585	264.56310
7/23/2025	12:27:16 PM	267.17985	264.43431	256.59672	251.83176	247.06485	249.72387	256.95538	264.56889	269.48641	274.70838	274.35359	272.16826	261.39778	264.70295
7/23/2025	12:27:19 PM	267.38678	264.60090	256.81143	252.14092	247.40718	250.01913	257.17294	264.79551	269.75608	274.89806	274.54096	272.38951	261.60440	264.83806
7/23/2025	12:27:23 PM	267.59569	264.76487	257.02190	252.42978	247.74780	250.30617	257.38343	265.01762	270.02387	275.07476	274.71792	272.60161	261.79980	264.97117
7/23/2025	12:27:26 PM	267.79841	264.92518	257.22655	252.70196	248.07719	250.58443	257.58505	265.23378	270.27847	275.24009	274.88310	272.79741	261.97938	265.09786
7/23/2025	12:27:30 PM	268.00497	265.08783	257.43153	252.97825	248.39134	250.85916	257.78036	265.44959	270.51864	275.39811	275.04059	272.98705	262.15000	265.21758
7/23/2025	12:27:33 PM	268.21734	265.25139	257.63388	253.25787	248.68900	251.12789	257.96836	265.66282	270.74313	275.54793	275.19087	273.16485	262.30602	265.33323
7/23/2025	12:27:37 PM	268.42430	265.40831	257.82631	253.52714	248.96923	251.38435	258.14770	265.86806	270.94659	275.68643	275.33211	273.33286	262.45524	265.44928
7/23/2025	12:27:40 PM	268.63296	265.56925	258.02146	253.79714	249.25483	251.64025	258.32559	266.07234	271.14079	275.81791	275.46434	273.49426	262.59757	265.56780
7/23/2025	12:27:44 PM	268.83714	265.72977	258.21465	254.06233	249.54000	251.89509	258.50321	266.27350	271.32745	275.94432	275.59202	273.64994	262.73504	265.68892
7/23/2025	12:27:47 PM	269.03686	265.88805	258.40356	254.31972	249.81785	252.14313	258.67614	266.46613	271.50329	276.06352	275.71366	273.79755	262.86549	265.81153
7/23/2025	12:27:51 PM	269.23115	266.04802	258.58748	254.57152	250.08935	252.38760	258.84702	266.65256	271.67141	276.17592	275.82712	273.93528	262.99045	265.93786
7/23/2025	12:27:54 PM	269.41850	266.21091	258.76855	254.81779	250.35993	252.62903	259.01720	266.83398	271.83254	276.28439	275.93651	274.06870	263.11227	266.07311
7/23/2025	12:27:58 PM	269.60122	266.37801	258.94999	255.06135	250.63120	252.86766	259.18845	267.01062	271.98690	276.38939	276.04130	274.19436	263.23171	266.21338
7/23/2025	12:28:01 PM	269.77337	266.54052	259.12655	255.29535	250.89470	253.09824	259.35667	267.18093	272.13339	276.49023	276.14316	274.31498	263.35011	266.36332
7/23/2025	12:28:05 PM	269.94669	266.71118	259.30892	255.53462	251.16644	253.33477	259.53137	267.35130	272.27916	276.59197	276.24770	274.43351	263.47008	266.52442
7/23/2025	12:28:08 PM	270.11428	266.87949	259.48710	255.76603	251.43265	253.56094	259.70141	267.51351	272.41414	276.68996	276.34874	274.54772	263.58797	266.68803
7/23/2025	12:28:12 PM	270.27299	267.04069	259.66085	255.99248	251.69716	253.78311	259.87010	267.67209	272.54487	276.78807	276.44809	274.65961	263.70687	266.85718
7/23/2025	12:28:15 PM	270.43181	267.20466	259.84028	256.22198	251.96414	254.00579	260.04538	267.82948	272.67342	276.88692	276.54648	274.77119	263.82936	267.03183
7/23/2025	12:28:19 PM	270.58841	267.36628	260.01573	256.44827	252.23227	254.22789	260.22163	267.98505	272.79765	276.98472	276.64229	274.88341	263.95303	267.20645
7/23/2025	12:28:22 PM	270.73898	267.52539	260.19118	256.67232	252.49779	254.44748	260.39982	268.13955	272.91879	277.08097	276.73571	274.99551	264.07757	267.37758
7/23/2025	12:28:26 PM	270.88764	267.68046	260.36531	256.89528	252.76515	254.66447	260.57741	268.29085	273.03652	277.17733	276.82852	275.11072	264.20639	267.54971
7/23/2025	12:28:29 PM	271.03100	267.83094	260.53658	257.11421	253.02747	254.87691	260.75360	268.43703	273.14948	277.27172	276.91787	275.22171	264.33717	267.71430
7/23/2025	12:28:33 PM	271.17208	267.97789	260.70660	257.33028	253.28852	255.08981	260.93069	268.58180	273.26066	277.37094	277.00915	275.33380	264.47127	267.87710
7/23/2025	12:28:36 PM	271.31123	268.12180	260.87453	257.54134	253.54615	255.29892	261.10820	268.72463	273.36993	277.46795	277.09986	275.44409	264.61006	268.03772
7/23/2025	12:28:40 PM	271.44723	268.26174	261.03864	257.74828	253.79702	255.50407	261.28274	268.86366	273.47732	277.55601	277.19123	275.55241	264.75072	268.18951
7/23/2025	12:28:43 PM	271.58190	268.39989	261.20326	257.95238	254.04799	255.70836	261.45883	268.99974	273.58352	277.63492	277.27809	275.65928	264.89960	268.33915
7/23/2025	12:28:47 PM	271.71517	268.53513	261.36453	258.15167	254.29129	255.90725	261.63250	269.13351	273.68961	277.70774	277.36403	275.76687	265.05024	268.48414
7/23/2025	12:28:50 PM	271.84722	268.66827	261.52435	258.35033	254.53418	256.10730	261.80870	269.26634	273.79730	277.77396	277.44456	275.87291	265.20566	268.62783
7/23/2025	12:28:54 PM	271.97836	268.79989	261.68200	258.54139	254.77029	256.30279	261.98093	269.39533	273.90341	277.83584	277.51918	275.97423	265.36164	268.76623
7/23/2025	12:28:57 PM	272.10918	268.93016	261.83863	258.73017	255.00450	256.49664	262.15420	269.52521	274.01086	277.89389	277.58869	276.07124	265.51939	268.90318
7/23/2025	12:29:00 PM	272.24016	269.05861	261.99049	258.91310	255.22954	256.68698	262.32511	269.65180	274.11690	277.94952	277.65461	276.16332	265.68006	269.03886
7/23/2025	12:29:04 PM	272.37168	269.18526	262.14179	259.09287	255.45242	256.87436	262.49293	269.77604	274.22097	278.00162	277.71536	276.24870	265.84021	269.17207
7/23/2025	12:29:08 PM	272.50409	269.31066	262.29011	259.26995	255.67082	257.05931	262.66224	269.89985	274.32577	278.05146	277.77364	276.33034	265.99948	269.30250
7/23/2025	12:29:11 PM	272.63633	269.43447	262.43556	259.44174	255.88149	257.23941	262.82653	270.02148	274.42993	278.09880	277.82885	276.40734	266.15449	269.42980
7/23/2025	12:29:14 PM	272.76730	269.55376	262.57477	259.60823	256.08741	257.41596	262.98886	270.14076	274.53250	278.14360	277.88123	276.47947	266.30633	269.55613
7/23/2025	12:29:18 PM	272.90536	269.67609	262.71614	259.77593	256.29334	257.59152	263.15119	270.26097	274.63585	278.18687	277.93194	276.54920	266.45401	269.68029
7/23/2025	12:29:21 PM	273.04153	269.79373	262.84923	259.93667	256.49009	257.76053	263.30753	270.37610	274.73210	278.22785	277.98021	276.61549	266.59551	269.80207
7/23/2025	12:29:25 PM	273.17912	269.91590	262.98738	260.09996	256.69136	257.93526	263.46985	270.49736	274.82933	278.26949	278.03148	276.68266	266.73940	269.92835
7/23/2025	12:29:28 PM	273.30936	270.03734	263.12461	260.25745	256.88610	258.10258	263.62557	270.61229	274.91768	278.30855	278.07768	276.74635	266.87599	270.05049
7/23/2025	12:29:32 PM	273.43233	270.15944	263.26453	260.41555	257.08236	258.27288	263.78578	270.73122	275.00431	278.34782	278.12471	276.80879	267.00920	270.17175
7/23/2025	12:29:35 PM	273.54877	270.28083	263.40215	260.57193	257.27428	258.43521	263.93842	270.84489	275.08419	278.38367	278.17003	276.86955	267.13629	270.28730
7/23/2025	12:29:39 PM	273.65539	270.39941	263.53651	260.72642	257.46144	258.59201	264.08556	270.95893	275.16031	278.41849	278.21565	276.93013	267.25904	270.40068
7/23/2025	12:29:42 PM	273.75967	270.52304	263.67860	260.88224	257.65158	258.75206	264.23599	271.07579	275.23537	278.45392	278.26209	276.98971	267.38034	270.51562
7/23/2025	12:29:46 PM	273.85972	270.64632	263.82104	261.03158	257.83678	258.90684	264.38142	271.18975	275.30767	278.48791	278.30826	277.04978	267.49504	270.62436
7/23/2025	12:29:49 PM	273.95441	270.77124	263.96622	261.17840	258.02425	259.06253	264.52685	271.30239	275.37624	278.52079	278.35434	277.10895	267.60699	270.73187
7/23/2025	12:29:53 PM	274.04483	270.89561	264.11269	261.32029	258.20623	259.21311	264.66655	271.41237	275.44237	278.55305	278.40037	277.16802	267.71520	270.83901
7/23/2025	12:29:56 PM	274.13346	271.02014	264.26146	261.45762	258.38574	259.36318	264.80524	271.51970	275.50768	278.58423	278.44472	277.22387	267.81836	270.94117
7/23/2025	12:30:00 PM	274.21686	271.14174	264.40827	261.59071	258.56325	259.51093	264.94480	271.62830	275.57074	278.61677	278.49002	277.28091	267.92375	271.04735
7/23/2025	12:30:03 PM	274.30358	271.26786	264.55864	261.72283	258.74039	259.65897	265.08394	271.73538	275.63380	278.64848	278.53332	277.33462	268.02813	271.15234
7/23/2025	12:30:07 PM	274.38769	271.39387	264.71195	261.85638	258.91821	259.80783	265.22682	271.84440	275.69735	278.68179	278.57886	277.39082	268.13538	271.26015
7/23/2025	12:30:10 PM	274.47241	271.51716	264.86670	261.98966	259.09669	259.95670	265.37081	271.95173	275.75956	278.71552	278.62262	277.44534	268.24212	271.36557
7/23/2025	12:30:14 PM	274.55603	271.63583	265.02131	262.12169	259.27247	260.10543	265.51565	272.05956	275.82303	278.75006	278.66767	277.50037	268.35039	271.47292
7/23/2025	12:30:17 PM	274.63879	271.75189	265.17662	262.25291	259.44479	260.25201	265.65908	272.16396	275.88470	278.78526	278.71247	277.55606	268.46109	271.58113
7/23/2025	12:30:21 PM	274.72401	271.86828	265.33849	262.38834	259.62269	260.40588	265.80879	272.27148	275.94969	278.82158	278.75863	277.61246	268.57473	271.69186
7/23/2025	12:30:24 PM	274.80984	271.98299	265.50288	262.52480	259.79989	260.55990	265.95937	272.37812	276.01469	278.86032	278.80598	277.66961	268.68975	271.80297
7/23/2025	12:30:28 PM	274.89423	272.09290	265.66336	262.66022	259.97200	260.71083	266.10790	272.48283	276.07908	278.89790	278.85269	277.72647	268.80351	271.91375
7/23/2025	12:30:31 PM	274.97804	272.20254	265.82197	262.79602	260.14258	260.86197	266.25722	272.58656	276.14382	278.93659	278.90030	277.78398	268.91975	272.02665
7/23/2025	12:30:35 PM	275.06199	272.31105	265.98242	262.93211	260.31247	261.01386	266.40656	272.68890	276.20821	278.97714	278.94915	277.84211	269.03371	272.13849
7/23/2025	12:30:39 PM	275.14532	272.41754	266.13988	263.06801	260.47944	261.16295	266.55333	272.78980	276.27220	279.01683	278.99658	277.89976	269.14787	272.25060
7/23/2025	12:30:42 PM	275.22830	272.52305	266.29786	263.20558	260.64574	261.31328	266.70134	272.89138	276.33695	279.05825	279.04610	277.95864	269.26299	272.36458
7/23/2025	12:30:46 PM	275.31138	272.62855	266.45349	263.34285	260.80994	261.46278	266.84696	272.99033	276.40024	279.09957	279.09407	278.01568	269.37531	272.47646
7/23/2025	12:30:49 PM	275.39092	272.72871	266.60471	263.47735	260.96887	261.60840	266.98952	273.08575	276.46287	279.14179	279.14144	278.07292	269.48649	272.58797
7/23/2025	12:30:53 PM	275.47062	272.82856	266.75334	263.61169	261.12635	261.75485	267.13104	273.18317	276.52553	279.18477	279.18947	278.12985	269.59729	272.69892
7/23/2025	12:30:56 PM	275.55145	272.93017	266.90491	263.75039	261.28513	261.90553	267.27512	273.28076	276.58879	279.22824	279.23835	278.18845	269.70901	272.81182
7/23/2025	12:31:00 PM	275.63125	273.02858	267.05123	263.88687	261.44232	262.05458	267.41758	273.37688	276.65205	279.27307	279.28799	278.24834	269.82130	272.92490
7/23/2025	12:31:04 PM	275.71218	273.12846	267.19793	264.02532	261.60023	262.20466	267.55955	273.47298	276.71461	279.31766	279.33626	278.30705	269.92942	273.02938
7/23/2025	12:31:07 PM	275.80155	273.22503	267.33726	264.13000	261.69721	262.22877	267.22182	273.17246	276.49322	279.16256	279.19624	278.15692	269.41296	272.41071
7/23/2025	12:31:11 PM	275.70034	273.28934	267.63502	264.29161	261.82708	261.86553	266.53802	272.53946	275.82455	278.74328	278.83454	277.85631	268.29447	271.55811
7/23/2025	12:31:14 PM	275.48874	273.16978	267.66180	264.03989	261.45667	261.17601	265.35492	271.65357	275.13942	277.90968	278.02090	277.07042	267.85863	270.91734
7/23/2025	12:31:18 PM	274.68133	272.36452	267.16225	263.49013	260.78085	260.35385	264.17944	270.23986	273.37591	275.88369	276.17267	275.25161	266.39358	269.14262
7/23/2025	12:31:22 PM	272.71087	270.28450	265.77651	262.14834	259.49834	258.82914	262.17176	267.73279	270.63438	273.18624	273.51229	272.37730	263.62138	266.01781
7/23/2025	12:31:25 PM	269.79462	267.33547	263.59570	259.78337	257.07609	256.14620	258.99325	264.16625	266.83455	269.63974	269.98808	268.54604	259.68104	261.77948
7/23/2025	12:31:29 PM	266.06681	263.48061	260.54086	256.51229	253.72912	252.63866	254.85614	259.68040	262.17570	265.26478	265.63536	264.01633	254.81473	256.53798
7/23/2025	12:31:32 PM	261.41601	258.79137	256.46938	252.23426	249.46338	248.27062	249.78790	254.33785	256.87030	260.11743	260.51405	258.85477	249.16479	250.51166
7/23/2025	12:31:35 PM	255.99603	253.27251	251.48719	247.16209	244.39435	243.12828	244.10511	248.52806	250.77087	254.23282	254.73963	253.02357	242.79892	243.75352
7/23/2025	12:31:39 PM	249.75716	247.30542	245.82923	241.27358	238.55090	237.41029	237.61037	242.18781	244.01171	247.57434	248.15696	246.75503	235.87955	236.69631
7/23/2025	12:31:42 PM	243.31068	240.84345	239.78859	234.72280	232.02657	231.15087	230.60849	235.13987	236.66161	240.31988	240.97778	240.06857	228.99074	229.66296
7/23/2025	12:31:46 PM	236.69454	234.06302	233.11734	227.80781	225.17861	224.53880	223.33967	227.63544	229.24486	233.00165	233.59643	233.20342	222.61934	222.94784
7/23/2025	12:31:49 PM	229.66438	226.81579	226.19474	220.56533	218.31837	217.71929	216.07602	219.99820	222.20065	225.53404	226.27624	226.10574	216.26380	216.59525
7/23/2025	12:31:53 PM	222.53815	219.60687	219.37934	213.31678	211.37777	210.69986	208.50468	212.45357	215.18759	218.34974	218.98174	218.89352	209.78236	209.80094
7/23/2025	12:31:56 PM	215.61206	212.20340	211.65829	205.60858	203.78788	202.87708	200.02884	204.00179	207.10586	210.32094	211.14552	211.52537	201.84495	201.99845
7/23/2025	12:32:00 PM	207.92300	204.12358	203.25024	197.34888	195.74386	194.58663	191.00075	195.02500	198.83169	201.98155	202.88586	203.74816	194.24979	194.19501
7/23/2025	12:32:03 PM	199.95147	195.97208	195.37606	189.25853	187.87847	186.47047	182.43870	186.40423	190.94958	194.06290	194.99684	196.25899	186.94347	186.85764
7/23/2025	12:32:07 PM	192.48807	188.24946	188.16800	181.69503	180.51281	178.86965	174.46861	178.39642	183.60736	186.72123	187.92560	189.38606	180.15324	180.05330
7/23/2025	12:32:10 PM	185.64185	181.34697	181.68388	174.92625	174.00379	172.16453	167.46361	171.22182	177.00090	180.15667	181.51605	183.17194	174.09485	174.01686
7/23/2025	12:32:14 PM	179.72566	175.29615	175.90396	168.98438	168.28696	166.32294	161.38192	164.98641	171.21091	174.38657	175.86378	177.67020	168.66993	168.54718
7/23/2025	12:32:17 PM	174.20327	169.60995	170.43756	163.49622	162.98041	160.88117	155.76690	159.16994	165.75238	168.98309	170.54779	172.52996	163.65459	163.52706
7/23/2025	12:32:21 PM	169.25450	164.54413	165.50094	158.59589	158.24650	156.09450	150.92583	154.11064	161.00690	164.35837	165.92658	167.98501	159.20594	159.04536
7/23/2025	12:32:24 PM	164.78727	159.95488	161.01916	154.18494	154.00187	151.79427	146.59376	149.49404	156.65323	160.07076	161.65313	163.79167	155.09575	154.88580
7/23/2025	12:32:28 PM	160.75018	155.79465	156.97625	150.23843	150.22146	147.97546	142.80196	145.41337	152.78496	156.26825	157.84638	160.05250	151.46960	151.24749
7/23/2025	12:32:31 PM	157.10873	152.08044	153.35918	146.71518	146.83799	144.58469	139.48717	141.81981	149.33825	152.85834	154.41683	156.65141	148.17243	147.91700
7/23/2025	12:32:35 PM	153.80700	148.71326	150.07607	143.53081	143.79823	141.56365	136.56131	138.61251	146.21205	149.76271	151.30382	153.56867	145.22160	144.93726
7/23/2025	12:32:38 PM	150.87762	145.73376	147.15782	140.71334	141.09868	138.88191	133.97718	135.79263	143.45544	146.99901	148.50723	150.79443	142.57365	142.26033
7/23/2025	12:32:42 PM	148.19511	143.04895	144.52698	138.18551	138.67453	136.47339	131.68103	133.26457	140.95773	144.47879	145.93876	148.24327	140.15224	139.81652
7/23/2025	12:32:45 PM	145.69760	140.53869	142.04158	135.80924	136.40477	134.22823	129.55093	130.92635	138.62627	142.10295	143.53012	145.84699	137.88808	137.52802
7/23/2025	12:32:49 PM	143.39783	138.26912	139.80341	133.67710	134.34313	132.19513	127.62335	128.81835	136.51016	139.93336	141.34161	143.65637	135.83208	135.45658
7/23/2025	12:32:52 PM	141.30885	136.20981	137.76059	131.75046	132.49560	130.37847	125.92338	126.96765	134.64393	138.00690	139.38127	141.69128	134.00389	133.60858
7/23/2025	12:32:56 PM	139.44748	134.37197	135.93823	130.02772	130.82856	128.74463	124.39033	125.29965	132.93748	136.22683	137.57625	139.89272	132.33624	131.93559
7/23/2025	12:32:59 PM	137.72880	132.69754	134.26779	128.44204	129.28739	127.23184	122.96997	123.75881	131.34669	134.57393	135.89350	138.22235	130.79128	130.38551
7/23/2025	12:33:02 PM	136.09568	131.12494	132.70386	126.96530	127.84970	125.82680	121.65312	122.34975	129.88338	133.04378	134.33232	136.65713	129.34638	128.93730
7/23/2025	12:33:06 PM	134.59551	129.67602	131.25242	125.60181	126.51786	124.51869	120.43817	121.04846	128.52769	131.62243	132.88157	135.21702	128.01736	127.61406
7/23/2025	12:33:09 PM	133.21224	128.35284	129.93281	124.35428	125.29100	123.32602	119.32567	119.86437	127.27980	130.31986	131.54731	133.88122	126.79206	126.39356
7/23/2025	12:33:13 PM	131.93083	127.12801	128.70494	123.19954	124.14687	122.20554	118.28526	118.76001	126.10523	129.09132	130.29600	132.63778	125.65351	125.27000
7/23/2025	12:33:16 PM	130.74108	125.99491	127.56929	122.13103	123.09312	121.17629	117.32516	117.74926	125.02734	127.96173	129.14981	131.48843	124.59595	124.21639
7/23/2025	12:33:20 PM	129.62396	124.93350	126.50086	121.12962	122.09727	120.20031	116.41570	116.79762	124.00466	126.88333	128.05369	130.39072	123.59410	123.22885
7/23/2025	12:33:23 PM	128.59485	123.95861	125.51487	120.20533	121.16943	119.29365	115.57774	115.91929	123.06275	125.89543	127.05254	129.39022	122.68036	122.32592
7/23/2025	12:33:27 PM	127.63614	123.04825	124.59969	119.34829	120.30927	118.45545	114.79748	115.10431	122.17653	124.95994	126.10427	128.44026	121.81780	121.48039
7/23/2025	12:33:30 PM	126.73754	122.20626	123.74575	118.54629	119.50140	117.66975	114.07294	114.35499	121.36283	124.10204	125.24111	127.56984	121.02451	120.70027
7/23/2025	12:33:34 PM	125.89830	121.41418	122.94584	117.79907	118.74293	116.93572	113.39231	113.65239	120.58979	123.28785	124.41815	126.74521	120.27594	119.96294
7/23/2025	12:33:37 PM	125.11069	120.67663	122.20128	117.10120	118.03045	116.24287	112.75279	112.99953	119.87538	122.52923	123.65096	125.97224	119.56917	119.27207
7/23/2025	12:33:41 PM	124.36582	119.98276	121.49924	116.43937	117.35274	115.58245	112.14165	112.37593	119.18382	121.80281	122.91878	125.23597	118.90173	118.61585
7/23/2025	12:33:44 PM	123.66769	119.33152	120.83708	115.81696	116.71204	114.95934	111.56322	111.78747	118.52900	121.10940	122.22011	124.52889	118.26204	117.99046
7/23/2025	12:33:48 PM	123.00417	118.71366	120.20754	115.22445	116.10342	114.37128	111.02169	111.23896	117.91741	120.46313	121.57093	123.87378	117.66778	117.40484
7/23/2025	12:33:51 PM	122.36838	118.12168	119.60799	114.66341	115.52511	113.81087	110.50280	110.71210	117.32863	119.83984	120.94221	123.24242	117.09406	116.84342
7/23/2025	12:33:55 PM	121.76935	117.56633	119.04378	114.13456	114.97607	113.27635	110.00923	110.21377	116.76772	119.24500	120.34703	122.64103	116.55286	116.31509
7/23/2025	12:33:58 PM	121.20183	117.04119	118.50902	113.63087	114.45319	112.77108	109.54298	109.74283	116.23891	118.68252	119.78466	122.07229	116.03858	115.81320
7/23/2025	12:34:02 PM	120.65571	116.53578	117.99450	113.14844	113.95071	112.28402	109.09266	109.29132	115.72949	118.14303	119.24552	121.52810	115.54585	115.33168
7/23/2025	12:34:05 PM	120.13636	116.05911	117.51116	112.69680	113.48146	111.82848	108.67367	108.87249	115.25165	117.63307	118.73463	121.00828	115.07633	114.87295
7/23/2025	12:34:09 PM	119.63883	115.60001	117.04644	112.25893	113.02470	111.38641	108.26464	108.46372	114.78710	117.13708	118.23866	120.50714	114.62400	114.43062
7/23/2025	12:34:12 PM	119.15835	115.15561	116.59373	111.83646	112.58194	110.95915	107.87028	108.07019	114.33946	116.66022	117.76365	120.02649	114.19146	114.00723
7/23/2025	12:34:16 PM	118.69722	114.73227	116.16366	111.43135	112.15643	110.54462	107.48964	107.68968	113.90400	116.19552	117.30068	119.55638	113.76635	113.59317
7/23/2025	12:34:19 PM	118.24923	114.31983	115.74250	111.03742	111.74549	110.14942	107.12517	107.32767	113.49116	115.75788	116.86467	119.11475	113.36743	113.20258
7/23/2025	12:34:23 PM	117.82463	113.93245	115.34818	110.66752	111.35813	109.77379	106.78012	106.98240	113.09252	115.33205	116.43736	118.67937	112.97760	112.82368
7/23/2025	12:34:26 PM	117.41148	113.55416	114.96315	110.30765	110.97972	109.40697	106.44185	106.64718	112.70546	114.92115	116.02806	118.26244	112.60139	112.45582
7/23/2025	12:34:30 PM	117.00607	113.18350	114.58510	109.95323	110.60824	109.04659	106.10937	106.31565	112.32255	114.51396	115.62447	117.85092	112.23222	112.09477
7/23/2025	12:34:33 PM	116.61630	112.82719	114.21959	109.61087	110.24923	108.70019	105.79270	106.00125	111.95942	114.12609	115.23903	117.45939	111.88236	111.75617
7/23/2025	12:34:37 PM	116.24327	112.48757	113.87175	109.28657	109.90892	108.37185	105.49029	105.69987	111.60675	113.75162	114.86512	117.07736	111.54070	111.42139
7/23/2025	12:34:40 PM	115.88011	112.15604	113.53377	108.97050	109.57538	108.05013	105.19417	105.40695	111.26678	113.38924	114.50584	116.71175	111.21481	111.10523
7/23/2025	12:34:44 PM	115.53958	111.84750	113.21568	108.67574	109.26625	107.75301	104.92147	105.13555	110.94903	113.05001	114.16818	116.36656	110.90651	110.80351
7/23/2025	12:34:47 PM	115.19844	111.53567	112.89535	108.37619	108.95142	107.44965	104.64298	104.85956	110.62546	112.70368	113.82338	116.01369	110.59333	110.49983
7/23/2025	12:34:51 PM	114.86680	111.23479	112.58754	108.08994	108.65004	107.15957	104.37764	104.59606	110.31409	112.37223	113.49347	115.67820	110.29392	110.20839
7/23/2025	12:34:54 PM	114.54661	110.94362	112.28716	107.81179	108.35722	106.87804	104.11795	104.33881	110.01163	112.04985	113.17215	115.34695	110.00177	109.92397
7/23/2025	12:34:58 PM	114.23600	110.66246	111.99915	107.54463	108.07640	106.60649	103.86917	104.09160	109.71891	111.73881	112.86348	115.03373	109.72411	109.65280
7/23/2025	12:35:01 PM	113.93344	110.38759	111.71399	107.27964	107.79813	106.33914	103.62487	103.85130	109.43515	111.43759	112.56396	114.72577	109.45239	109.38785
7/23/2025	12:35:05 PM	113.64182	110.12339	111.44283	107.02983	107.53468	106.08620	103.39415	103.62230	109.16200	111.14925	112.27732	114.43176	109.19319	109.13541
7/23/2025	12:35:08 PM	113.36646	109.87431	111.18487	106.79127	107.28442	105.84579	103.17267	103.40185	108.89938	110.86955	111.99821	114.14485	108.94144	108.89118
7/23/2025	12:35:12 PM	113.09046	109.62610	110.92725	106.55261	107.03282	105.60422	102.95316	103.18586	108.63974	110.59411	111.72325	113.86249	108.69232	108.64741
7/23/2025	12:35:15 PM	112.82200	109.38372	110.67695	106.32144	106.78915	105.36955	102.73901	102.97364	108.38675	110.32645	111.45765	113.58984	108.45485	108.41673
7/23/2025	12:35:19 PM	112.55891	109.14684	110.42950	106.09389	106.55001	105.14012	102.52920	102.76610	108.13869	110.06284	111.19469	113.31837	108.21617	108.18386
7/23/2025	12:35:22 PM	112.30429	108.91701	110.19125	105.87525	106.31964	104.91814	102.32530	102.56346	107.89315	109.80302	110.93610	113.05141	107.98323	107.95649
7/23/2025	12:35:26 PM	112.04541	108.68447	109.94934	105.65206	106.08527	104.69270	102.12056	102.36060	107.65017	109.54677	110.67952	112.78654	107.74965	107.72939
7/23/2025	12:35:29 PM	111.79675	108.46123	109.71711	105.43917	105.86132	104.47814	101.92330	102.16618	107.41734	109.30183	110.43405	112.53353	107.52766	107.51287
7/23/2025	12:35:33 PM	111.55185	108.24017	109.48684	105.22721	105.63824	104.26422	101.72723	101.97203	107.18340	109.05307	110.18651	112.27718	107.30512	107.29556
7/23/2025	12:35:36 PM	111.30754	108.02011	109.25770	105.01636	105.41761	104.05331	101.53411	101.78047	106.95230	108.81132	109.94428	112.02867	107.08759	107.08308
7/23/2025	12:35:40 PM	111.07369	107.80864	109.03786	104.81391	105.20567	103.84846	101.34661	101.59307	106.72743	108.57382	109.70643	111.78179	106.87009	106.87017
7/23/2025	12:35:44 PM	110.83250	107.59211	108.81245	104.60722	104.98920	103.64280	101.15758	101.40614	106.50147	108.33456	109.46671	111.53384	106.65467	106.65948
7/23/2025	12:35:47 PM	110.59734	107.38145	108.59442	104.40833	104.78264	103.44459	100.97600	101.22560	106.28326	108.10549	109.23720	111.29721	106.44888	106.45838
7/23/2025	12:35:51 PM	110.36947	107.17690	108.38005	104.21224	104.57744	103.24852	100.79586	101.04568	106.06577	107.87613	109.00724	111.05969	106.24216	106.25563
7/23/2025	12:35:54 PM	110.14142	106.97175	108.16777	104.01812	104.37479	103.05437	100.61833	100.86884	105.85244	107.65174	108.78231	110.82707	106.04016	106.05819
7/23/2025	12:35:58 PM	109.92059	106.77478	107.96237	103.83141	104.18131	102.87016	100.45067	100.70347	105.65285	107.44156	108.57272	110.60899	105.85341	105.87596
7/23/2025	12:36:01 PM	109.71178	106.58907	107.76811	103.65539	103.99855	102.69525	100.29223	100.54454	105.45769	107.23493	108.36580	110.39309	105.66569	105.69171
7/23/2025	12:36:05 PM	109.50376	106.40220	107.57178	103.47659	103.81203	102.51786	100.12940	100.38244	105.26016	107.02451	108.15439	110.17346	105.47579	105.50629
7/23/2025	12:36:09 PM	109.29315	106.21297	107.37500	103.29768	103.62548	102.33931	99.96816	100.22181	105.06633	106.82005	107.94947	109.96170	105.29174	105.32610
7/23/2025	12:36:12 PM	109.08792	106.02963	107.18295	103.12393	103.44542	102.16742	99.81101	100.06502	104.87557	106.61801	107.74784	109.75212	105.11095	105.14999
7/23/2025	12:36:16 PM	108.89309	105.85681	107.00143	102.95999	103.27662	102.00727	99.66501	99.92149	104.70096	106.43448	107.56428	109.56154	104.94820	104.99135
7/23/2025	12:36:19 PM	108.71390	105.69759	106.83541	102.81056	103.12106	101.85934	99.53168	99.78888	104.53684	106.26038	107.39028	109.37912	104.79243	104.83886
7/23/2025	12:36:23 PM	108.53814	105.54067	106.66922	102.66024	102.96403	101.71029	99.39566	99.65412	104.37267	106.08567	107.21514	109.19676	104.63512	104.68566
7/23/2025	12:36:26 PM	108.35936	105.38282	106.50299	102.51077	102.80943	101.56302	99.26181	99.52161	104.20988	105.91339	107.04214	109.01557	104.48031	104.53496
7/23/2025	12:36:30 PM	108.18868	105.23115	106.34342	102.36741	102.65980	101.42030	99.13268	99.39518	104.05409	105.74929	106.87837	108.84365	104.33467	104.39294
7/23/2025	12:36:34 PM	108.02425	105.08602	106.18961	102.22934	102.51682	101.28435	99.00905	99.27213	103.90206	105.58767	106.71671	108.67249	104.18955	104.25082
7/23/2025	12:36:37 PM	107.86224	104.94311	106.03832	102.09492	102.37657	101.14956	98.88688	99.15304	103.75442	105.43068	106.55892	108.50806	104.04917	104.11415
7/23/2025	12:36:41 PM	107.70128	104.79937	105.88780	101.95954	102.23580	101.01568	98.76561	99.03250	103.60520	105.27323	106.40191	108.34365	103.91083	103.98014
7/23/2025	12:36:44 PM	107.54694	104.66526	105.74526	101.83292	102.10426	100.89051	98.65198	98.92048	103.46616	105.12432	106.25350	108.18668	103.77922	103.85109
7/23/2025	12:36:48 PM	107.39743	104.53415	105.60678	101.71013	101.97547	100.76811	98.54157	98.81184	103.33014	104.98022	106.10828	108.03321	103.65141	103.72698
7/23/2025	12:36:52 PM	107.25234	104.40646	105.47111	101.59019	101.85015	100.64963	98.43521	98.70679	103.19904	104.84045	105.96770	107.88583	103.52826	103.60625
7/23/2025	12:36:55 PM	107.10812	104.28112	105.33857	101.47352	101.72874	100.53499	98.33174	98.60336	103.06941	104.70190	105.82821	107.73802	103.40542	103.48635
7/23/2025	12:36:59 PM	106.96955	104.16022	105.21006	101.36009	101.60917	100.42080	98.22878	98.50196	102.94205	104.56604	105.69270	107.59490	103.28641	103.36960
7/23/2025	12:37:02 PM	106.83206	104.03992	105.08327	101.24799	101.49339	100.31154	98.13062	98.40510	102.81954	104.43560	105.56084	107.45511	103.17095	103.25708
7/23/2025	12:37:06 PM	106.69923	103.92408	104.96044	101.13982	101.38007	100.20375	98.03349	98.30808	102.69775	104.30517	105.43029	107.31703	103.05647	103.14445
7/23/2025	12:37:09 PM	106.56769	103.80962	104.83984	101.03383	101.26997	100.09938	97.93929	98.21587	102.58107	104.18015	105.30429	107.18342	102.94667	103.03638
7/23/2025	12:37:13 PM	106.43732	103.69676	104.71944	100.92789	101.15902	99.99426	97.84441	98.12151	102.46216	104.05371	105.17656	107.04836	102.83408	102.92702
7/23/2025	12:37:17 PM	106.30662	103.58227	104.59804	100.82174	101.04898	99.88983	97.75136	98.02926	102.34623	103.92989	105.05308	106.91703	102.72629	102.82031
7/23/2025	12:37:20 PM	106.18277	103.47588	104.48567	100.72387	100.94677	99.79349	97.66456	97.94334	102.23744	103.81312	104.93504	106.79234	102.62416	102.72007
7/23/2025	12:37:24 PM	106.06382	103.37267	104.37608	100.62844	100.84733	99.69937	97.58031	97.86028	102.13047	103.69872	104.81964	106.66924	102.52380	102.62081
7/23/2025	12:37:27 PM	105.94487	103.26976	104.26628	100.53317	100.74857	99.60609	97.49574	97.77622	102.02382	103.58425	104.70434	106.54631	102.42230	102.52168
7/23/2025	12:37:31 PM	105.82591	103.16682	104.15734	100.43840	100.64910	99.51186	97.41378	97.69328	101.91910	103.47234	104.59068	106.42474	102.32435	102.42385
7/23/2025	12:37:35 PM	105.70907	103.06695	104.05037	100.34603	100.55338	99.42136	97.33199	97.61232	101.81456	103.36088	104.47753	106.30472	102.22611	102.32674
7/23/2025	12:37:38 PM	105.59430	102.96856	103.94602	100.25658	100.45987	99.33317	97.25300	97.53402	101.71482	103.25364	104.36930	106.18876	102.13172	102.23442
7/23/2025	12:37:42 PM	105.48453	102.87477	103.84720	100.17188	100.37158	99.24981	97.17909	97.46076	101.61945	103.15115	104.26505	106.07742	102.04252	102.14550
7/23/2025	12:37:45 PM	105.37846	102.78376	103.74969	100.08865	100.28566	99.16936	97.10659	97.38803	101.52597	103.05054	104.16393	105.96949	101.95522	102.05929
7/23/2025	12:37:49 PM	105.27596	102.69644	103.65630	100.00901	100.20190	99.09092	97.03690	97.31865	101.43602	102.95393	104.06583	105.86371	101.87110	101.97603
7/23/2025	12:37:52 PM	105.17554	102.61028	103.56492	99.93159	100.12134	99.01503	96.96894	97.25103	101.34824	102.85909	103.96974	105.76098	101.78798	101.89259
7/23/2025	12:37:56 PM	105.07382	102.52374	103.47228	99.85243	100.03870	98.93689	96.90009	97.18233	101.25884	102.76294	103.87205	105.65591	101.70370	101.80908
7/23/2025	12:38:00 PM	104.97430	102.43925	103.38173	99.77629	99.95977	98.86287	96.83525	97.11825	101.17520	102.67236	103.77999	105.55693	101.62508	101.73107
7/23/2025	12:38:03 PM	104.87892	102.35881	103.29591	99.70402	99.88343	98.79162	96.77212	97.05484	101.09198	102.58290	103.68780	105.45728	101.54644	101.65253
7/23/2025	12:38:07 PM	104.78399	102.27854	103.20956	99.63179	99.80750	98.72088	96.70974	96.99279	101.01061	102.49433	103.59754	105.35987	101.46816	101.57473
7/23/2025	12:38:10 PM	104.68759	102.19647	103.12118	99.55711	99.72934	98.64752	96.64473	96.92791	100.92591	102.40301	103.50359	105.25858	101.38802	101.49529
7/23/2025	12:38:14 PM	104.59323	102.11661	103.03623	99.48580	99.65471	98.57807	96.58405	96.86770	100.84700	102.31680	103.41486	105.16335	101.31260	101.42033
7/23/2025	12:38:18 PM	104.50017	102.03684	102.95040	99.41400	99.57982	98.50765	96.52185	96.80455	100.76504	102.22844	103.32393	105.06469	101.23364	101.34102
7/23/2025	12:38:21 PM	104.40488	101.95555	102.86467	99.34234	99.50523	98.43694	96.45952	96.74314	100.68516	102.14132	103.23419	104.96835	101.15661	101.26465
7/23/2025	12:38:25 PM	104.31171	101.87610	102.77952	99.27133	99.43211	98.36871	96.39918	96.68331	100.60711	102.05662	103.14610	104.87326	101.08276	101.19121
7/23/2025	12:38:28 PM	104.22283	101.80075	102.69920	99.20527	99.36334	98.30523	96.34364	96.62812	100.53388	101.97741	103.06479	104.77587	101.01240	101.10621
7/23/2025	12:38:32 PM	103.95886	101.54499	102.53093	99.18715	99.47872	98.55126	96.60368	96.81739	100.46852	101.58357	102.36945	103.81324	100.81284	100.88446
7/23/2025	12:38:36 PM	102.94770	100.69904	102.02306	99.10791	99.77082	99.02105	97.12322	97.19263	100.43689	101.22651	101.62509	102.80926	100.45824	100.54638
7/23/2025	12:38:39 PM	101.78275	99.58369	101.14955	98.68411	99.67121	99.23546	97.46932	97.48736	100.34025	100.82512	100.84833	101.82425	99.96812	100.07733
7/23/2025	12:38:43 PM	100.77155	98.63938	100.37569	98.24702	99.43040	99.21093	97.46178	97.41432	100.13368	99.84191	100.31319	101.33047	99.39645	99.59183
7/23/2025	12:38:46 PM	99.65985	97.38805	99.15615	97.02023	98.74429	98.80950	97.31698	97.31384	99.67888	99.20625	99.34602	100.09849	98.71960	98.84573
7/23/2025	12:38:50 PM	98.63644	96.43106	98.31500	96.37509	98.30013	98.41510	96.94313	96.89930	98.96681	98.67038	98.48808	99.16244	98.09168	98.20781
7/23/2025	12:38:54 PM	97.81361	95.67810	97.70476	95.99477	97.98245	98.11811	96.65259	96.54309	98.37350	98.22046	97.79268	98.43310	97.59232	97.69158
7/23/2025	12:38:57 PM	97.15250	95.10640	97.21188	95.70690	97.68978	97.85697	96.39812	96.24092	97.91283	97.82520	97.22364	97.82733	97.17070	97.25874
7/23/2025	12:39:01 PM	96.60033	94.63875	96.79466	95.46520	97.42258	97.62739	96.18172	95.99401	97.55952	97.47772	96.73502	97.29767	96.79868	96.88336
7/23/2025	12:39:04 PM	96.12816	94.25519	96.43059	95.22915	97.17792	97.41435	95.98755	95.78075	97.28285	97.16836	96.32469	96.85589	96.48109	96.56856
7/23/2025	12:39:08 PM	95.70651	93.89846	96.11398	95.01985	96.94961	97.21573	95.80521	95.59033	97.04997	96.88595	95.97258	96.46952	96.20000	96.28888
7/23/2025	12:39:12 PM	95.33185	93.60358	95.81442	94.80571	96.72953	97.02135	95.62879	95.41099	96.84057	96.61511	95.64900	96.11650	95.93245	96.02520
7/23/2025	12:39:15 PM	94.99367	93.33522	95.53855	94.59924	96.51893	96.83195	95.45753	95.23833	96.64731	96.36061	95.35963	95.79604	95.68245	95.78325
7/23/2025	12:39:19 PM	94.67866	93.07474	95.27788	94.39667	96.30959	96.64416	95.28962	95.07238	96.46655	96.12006	95.09171	95.49885	95.44916	95.55871
7/23/2025	12:39:22 PM	94.37448	92.81584	95.03814	94.19118	96.10677	96.46207	95.12895	94.91599	96.29302	95.89079	94.84360	95.22640	95.22417	95.34504
7/23/2025	12:39:26 PM	94.09123	92.60370	94.81547	94.00023	95.91911	96.29428	94.97857	94.76909	96.12583	95.67508	94.60924	94.96109	95.01268	95.14439
7/23/2025	12:39:30 PM	93.83483	92.40417	94.59977	93.81281	95.73564	96.12922	94.82895	94.62099	95.95908	95.45825	94.38045	94.70201	94.80335	94.94440
7/23/2025	12:39:33 PM	93.58932	92.20221	94.38405	93.62443	95.55090	95.96246	94.67781	94.47149	95.78709	95.24885	94.16215	94.45280	94.59979	94.74904
7/23/2025	12:39:37 PM	93.35901	92.00995	94.17280	93.44481	95.37282	95.79805	94.52697	94.32110	95.61831	95.04428	93.95283	94.21962	94.40490	94.56195
7/23/2025	12:39:40 PM	93.14457	91.82162	93.97109	93.26905	95.19616	95.63466	94.37731	94.17161	95.44629	94.84465	93.74693	93.98932	94.20815	94.37037
7/23/2025	12:39:44 PM	92.91959	91.61900	93.76361	93.08438	95.00778	95.45963	94.21283	94.00939	95.26417	94.63700	93.53364	93.75112	94.00182	94.16943
7/23/2025	12:39:47 PM	92.68584	91.41353	93.54871	92.89191	94.81084	95.27254	94.03927	93.83633	95.06987	94.42097	93.31671	93.50816	93.79214	93.96469
7/23/2025	12:39:51 PM	92.45351	91.20554	93.33036	92.69620	94.61103	95.08460	93.86530	93.66266	94.87736	94.20798	93.10290	93.27060	93.58563	93.76176
7/23/2025	12:39:55 PM	92.23014	91.00874	93.11949	92.50461	94.41918	94.90164	93.69495	93.49280	94.68846	94.00420	92.89766	93.04504	93.38628	93.56620
7/23/2025	12:39:58 PM	92.01768	90.81670	92.91742	92.31926	94.22980	94.71990	93.52472	93.32376	94.50244	93.80403	92.70038	92.82859	93.19426	93.37729
7/23/2025	12:40:02 PM	91.80706	90.62347	92.71224	92.13211	94.04088	94.53789	93.35458	93.15389	94.31603	93.60567	92.50118	92.61305	92.99995	93.18566
7/23/2025	12:40:05 PM	91.60459	90.44113	92.51606	91.95024	93.85321	94.35436	93.18293	92.98311	94.12887	93.40941	92.30788	92.40324	92.80861	92.99641
7/23/2025	12:40:09 PM	91.40330	90.25972	92.31769	91.76944	93.66492	94.17334	93.01498	92.81472	93.94526	93.21816	92.11893	92.19744	92.62221	92.81143
7/23/2025	12:40:13 PM	91.20631	90.08511	92.12532	91.59310	93.48223	93.99511	92.85040	92.65226	93.76456	93.02909	91.93508	91.99811	92.43686	92.62953
7/23/2025	12:40:16 PM	91.02138	89.91423	91.94241	91.42167	93.30569	93.82179	92.68937	92.49089	93.58938	92.84671	91.75766	91.80993	92.26134	92.45516
7/23/2025	12:40:20 PM	90.84412	89.74413	91.76133	91.25304	93.12919	93.64886	92.52878	92.33272	93.41610	92.66884	91.58545	91.62476	92.08987	92.28353
7/23/2025	12:40:23 PM	90.67097	89.58150	91.58736	91.09128	92.96044	93.48246	92.37463	92.17827	93.24700	92.49695	91.41802	91.44833	91.92404	92.11976
7/23/2025	12:40:27 PM	90.50529	89.43250	91.42109	90.93802	92.79974	93.32574	92.22921	92.03313	93.08866	92.33370	91.26029	91.27908	91.76587	91.96250
7/23/2025	12:40:31 PM	90.34875	89.28882	91.25950	90.79084	92.64198	93.17126	92.08582	91.88949	92.93087	92.17334	91.10403	91.11289	91.60828	91.80497
7/23/2025	12:40:34 PM	90.18906	89.14133	91.09815	90.63936	92.47990	93.01156	91.93751	91.74216	92.77143	92.01045	90.95036	90.95020	91.45152	91.64973
7/23/2025	12:40:38 PM	90.03762	88.99832	90.94154	90.49326	92.32316	92.85702	91.79447	91.60154	92.61621	91.85267	90.79791	90.79027	91.29962	91.49836
7/23/2025	12:40:41 PM	89.88685	88.86017	90.78887	90.35107	92.17068	92.70422	91.65395	91.46160	92.46376	91.69951	90.65153	90.63420	91.15158	91.35060
7/23/2025	12:40:45 PM	89.74172	88.72596	90.64084	90.21367	92.02361	92.55911	91.51980	91.32750	92.31747	91.55166	90.50881	90.48544	91.00720	91.20630
7/23/2025	12:40:49 PM	89.60193	88.59371	90.49587	90.07761	91.87597	92.41227	91.38381	91.19379	92.17071	91.40388	90.36793	90.33742	90.86438	91.06296
7/23/2025	12:40:52 PM	89.46432	88.46286	90.35196	89.94215	91.73116	92.26949	91.25100	91.06215	92.02678	91.25887	90.23014	90.19340	90.72434	90.92443
7/23/2025	12:40:56 PM	89.33055	88.33727	90.21139	89.81079	91.59008	92.12851	91.12056	90.93299	91.88662	91.11906	90.09805	90.05587	90.59014	90.79045
7/23/2025	12:40:59 PM	89.20151	88.22315	90.07811	89.68503	91.45239	91.99074	90.99394	90.80535	91.74706	90.97971	89.96492	89.91611	90.45389	90.65306
7/23/2025	12:41:03 PM	89.06972	88.10142	89.93916	89.55605	91.31236	91.85204	90.86414	90.67792	91.60671	90.83992	89.83161	89.77834	90.31776	90.51685
7/23/2025	12:41:06 PM	88.93779	87.97830	89.80394	89.42867	91.17253	91.71310	90.73476	90.55010	91.46780	90.70183	89.69993	89.64266	90.18304	90.38175
7/23/2025	12:41:10 PM	88.80823	87.85782	89.66490	89.29674	91.03185	91.57223	90.60362	90.41930	91.32482	90.55958	89.56460	89.50116	90.04407	90.24304
7/23/2025	12:41:14 PM	88.67901	87.73845	89.53331	89.17171	90.89467	91.43543	90.47667	90.29375	91.18911	90.42506	89.43727	89.37126	89.91542	90.11361
7/23/2025	12:41:17 PM	88.55782	87.62438	89.40402	89.05159	90.76435	91.30402	90.35372	90.17315	91.05785	90.29436	89.31356	89.24374	89.79111	89.98876
7/23/2025	12:41:21 PM	88.43691	87.51634	89.28020	88.93357	90.63527	91.17513	90.23414	90.05399	90.92945	90.16839	89.19484	89.11847	89.66894	89.86504
7/23/2025	12:41:24 PM	88.32067	87.40843	89.15754	88.81804	90.50820	91.04847	90.11537	89.93742	90.80207	90.04242	89.07630	88.99917	89.54857	89.74309
7/23/2025	12:41:28 PM	88.20785	87.30173	89.03982	88.70474	90.38483	90.92383	89.99947	89.82105	90.67701	89.92042	88.95817	88.87770	89.42828	89.62041
7/23/2025	12:41:31 PM	88.09548	87.19604	88.92037	88.59092	90.25822	90.79521	89.87983	89.70285	90.54968	89.79421	88.84138	88.75927	89.30796	89.49715
7/23/2025	12:41:35 PM	87.98279	87.08968	88.79976	88.47869	90.13452	90.67139	89.76339	89.58843	90.42570	89.67356	88.72738	88.64142	89.18991	89.37871
7/23/2025	12:41:39 PM	87.87252	86.98733	88.68596	88.36926	90.01255	90.54807	89.64845	89.47447	90.30315	89.55368	88.61401	88.52764	89.07468	89.26071
7/23/2025	12:41:42 PM	87.76363	86.88947	88.57200	88.25957	89.88959	90.42340	89.53230	89.36031	90.18064	89.43451	88.50086	88.41201	88.95851	89.14319
7/23/2025	12:41:46 PM	87.65601	86.79045	88.45744	88.15111	89.77096	90.30392	89.42121	89.25035	90.06119	89.31806	88.39054	88.30014	88.84635	89.02762
7/23/2025	12:41:49 PM	87.55080	86.69277	88.34649	88.04564	89.65375	90.18420	89.30860	89.13918	89.94331	89.20171	88.28089	88.18870	88.73414	88.91474
7/23/2025	12:41:53 PM	87.44524	86.59940	88.23234	87.93806	89.53611	90.06502	89.19748	89.02996	89.82558	89.08822	88.17408	88.08002	88.62573	88.80439
7/23/2025	12:41:57 PM	87.34603	86.50499	88.12586	87.83750	89.42376	89.95175	89.09176	88.92510	89.71268	88.97875	88.07038	87.97615	88.51837	88.69565
7/23/2025	12:42:00 PM	87.24732	86.41240	88.02027	87.73712	89.31009	89.83686	88.98505	88.81901	89.59889	88.86800	87.96633	87.87071	88.41183	88.58697
7/23/2025	12:42:04 PM	87.14842	86.31932	87.91352	87.63571	89.19820	89.72425	88.87899	88.71505	89.48748	88.76039	87.86511	87.77027	88.30788	88.48144
7/23/2025	12:42:07 PM	87.05289	86.23158	87.81383	87.53868	89.08900	89.61252	88.77471	88.61198	89.37822	88.65447	87.76594	87.67117	88.20724	88.37776
7/23/2025	12:42:11 PM	86.95840	86.14571	87.71400	87.44254	88.98135	89.50307	88.67215	88.51033	89.26942	88.54707	87.66532	87.56817	88.10177	88.27099
7/23/2025	12:42:14 PM	86.86158	86.05899	87.61248	87.34493	88.87159	89.39339	88.56847	88.40911	89.16023	88.44356	87.56615	87.46995	88.00237	88.16965
7/23/2025	12:42:18 PM	86.76691	85.97409	87.51298	87.24992	88.76789	89.28619	88.46921	88.30971	89.05379	88.34066	87.46901	87.37308	87.90296	88.06798
7/23/2025	12:42:22 PM	86.67535	85.89082	87.41509	87.15701	88.66278	89.17942	88.36840	88.21012	88.94700	88.23596	87.37245	87.27606	87.80224	87.96512
7/23/2025	12:42:25 PM	86.58610	85.80548	87.31798	87.06377	88.55907	89.07303	88.26956	88.11212	88.84363	88.13741	87.28013	87.18375	87.70726	87.86905
7/23/2025	12:42:29 PM	86.49870	85.72481	87.22533	86.97305	88.45674	88.96947	88.17268	88.01573	88.73960	88.03751	87.18730	87.09075	87.61138	87.77003
7/23/2025	12:42:32 PM	86.41173	85.64392	87.13240	86.88319	88.35628	88.86471	88.07535	87.91893	88.63729	87.93899	87.09392	86.99634	87.51493	87.67229
7/23/2025	12:42:36 PM	86.32277	85.56303	87.04033	86.79480	88.25554	88.76392	87.98088	87.82562	88.53833	87.84351	87.00532	86.90739	87.42516	87.57933
7/23/2025	12:42:39 PM	86.23906	85.48610	86.95037	86.70900	88.16045	88.66560	87.88798	87.73351	88.43929	87.74915	86.91679	86.81921	87.33196	87.48543
7/23/2025	12:42:43 PM	86.15117	85.40658	86.85779	86.62071	88.05956	88.56234	87.79196	87.63864	88.33857	87.65313	86.82747	86.73051	87.24021	87.39211
7/23/2025	12:42:47 PM	86.06827	85.33072	86.77043	86.53504	87.96270	88.46389	87.69909	87.54643	88.24200	87.55928	86.73959	86.64209	87.14905	87.29829
7/23/2025	12:42:50 PM	85.98751	85.25671	86.68424	86.45241	87.86924	88.36704	87.60795	87.45622	88.14524	87.46703	86.65239	86.55730	87.06073	87.20878
7/23/2025	12:42:54 PM	85.90789	85.18198	86.59684	86.36929	87.77598	88.27196	87.51834	87.36741	88.05060	87.37692	86.56832	86.47207	86.97354	87.11893
7/23/2025	12:42:57 PM	85.82654	85.10708	86.51163	86.28650	87.68274	88.17692	87.43030	87.27876	87.95770	87.28780	86.48378	86.39066	86.88802	87.03169
7/23/2025	12:43:01 PM	85.74875	85.03555	86.42816	86.20620	87.59059	88.08158	87.34070	87.19107	87.86474	87.19915	86.40041	86.30756	86.80143	86.94255
7/23/2025	12:43:05 PM	85.66985	84.96304	86.34395	86.12533	87.50053	87.98959	87.25344	87.10461	87.77275	87.11082	86.31835	86.22615	86.71694	86.85725
7/23/2025	12:43:08 PM	85.59645	84.89490	86.26525	86.04976	87.41320	87.89972	87.17009	87.02167	87.68508	87.02824	86.24111	86.14977	86.63679	86.77430
7/23/2025	12:43:12 PM	85.52274	84.82606	86.18655	85.97257	87.32687	87.81056	87.08646	86.93814	87.59570	86.94254	86.16133	86.07158	86.55513	86.68992
7/23/2025	12:43:15 PM	85.44640	84.75794	86.10620	85.89473	87.23848	87.72085	87.00206	86.85401	87.50626	86.85853	86.08293	85.99417	86.47313	86.60747
7/23/2025	12:43:19 PM	85.37393	84.69086	86.02816	85.81922	87.15254	87.63169	86.91810	86.77188	87.41889	86.77477	86.00484	85.91739	86.39263	86.52492
7/23/2025	12:43:22 PM	85.30019	84.62278	85.94923	85.74371	87.06777	87.54468	86.83675	86.68878	87.33140	86.69216	85.92821	85.84034	86.31311	86.44363
7/23/2025	12:43:26 PM	85.22938	84.56310	85.87463	85.67193	86.98593	87.46042	86.75816	86.61054	87.24877	86.61303	85.85470	85.76883	86.23906	86.36723
7/23/2025	12:43:30 PM	85.15900	84.50104	85.79951	85.60047	86.90414	87.37620	86.67864	86.53261	87.16562	86.53280	85.78092	85.69496	86.16136	86.28833
7/23/2025	12:43:33 PM	85.08985	84.43390	85.72475	85.52955	86.82323	87.29260	86.59984	86.45369	87.08283	86.45544	85.70765	85.62301	86.08518	86.21048
7/23/2025	12:43:37 PM	85.02159	84.37359	85.65355	85.45851	86.74343	87.21096	86.52337	86.37803	87.00204	86.37835	85.63693	85.55319	86.01176	86.13590
7/23/2025	12:43:40 PM	84.95319	84.30978	85.58100	85.38896	86.66284	87.12854	86.44576	86.30071	86.92033	86.30051	85.56528	85.48295	85.93682	86.05956
7/23/2025	12:43:44 PM	84.88694	84.24780	85.50978	85.32060	86.58544	87.04774	86.36989	86.22573	86.84077	86.22485	85.49412	85.41331	85.86465	85.98474
7/23/2025	12:43:47 PM	84.81994	84.18458	85.43884	85.25151	86.50725	86.96742	86.29480	86.15071	86.76151	86.14924	85.42438	85.34409	85.79182	85.91020
7/23/2025	12:43:51 PM	84.75525	84.12407	85.36956	85.18369	86.43027	86.88791	86.22033	86.07615	86.68322	86.07385	85.35473	85.27574	85.71908	85.83660
7/23/2025	12:43:55 PM	84.68968	84.06464	85.29968	85.11623	86.35405	86.80871	86.14590	86.00185	86.60421	85.99921	85.28501	85.20715	85.64792	85.76390
7/23/2025	12:43:58 PM	84.62762	84.00793	85.23200	85.05022	86.27976	86.73191	86.07385	85.92983	86.52865	85.92743	85.21843	85.14113	85.57916	85.69270
7/23/2025	12:44:02 PM	84.56386	83.95138	85.16443	84.98551	86.20597	86.65571	86.00138	85.85754	86.45226	85.85536	85.15097	85.07616	85.51050	85.62201
7/23/2025	12:44:06 PM	84.50205	83.89379	85.09885	84.92149	86.13346	86.58043	85.93079	85.78792	86.37932	85.78576	85.08792	85.01377	85.44259	85.55265
7/23/2025	12:44:09 PM	84.44235	83.83805	85.03429	84.85731	86.06072	86.50639	85.86076	85.71754	86.30444	85.71469	85.02230	84.94821	85.37436	85.48359
7/23/2025	12:44:13 PM	84.38103	83.78455	84.96951	84.79536	85.98970	86.43237	85.79146	85.64862	86.23158	85.64648	84.95920	84.88761	85.30921	85.41741
7/23/2025	12:44:16 PM	84.32298	83.73089	84.90827	84.73580	85.92098	86.36202	85.72607	85.58264	86.16308	85.58193	84.89942	84.82729	85.24573	85.35250
7/23/2025	12:44:20 PM	84.26449	83.67694	84.84573	84.67462	85.85185	86.28998	85.65733	85.51386	86.09028	85.51354	84.83527	84.76309	85.17924	85.28396
7/23/2025	12:44:23 PM	84.20392	83.62199	84.78270	84.61378	85.78253	86.21889	85.59085	85.44774	86.02100	85.44818	84.77398	84.70387	85.11533	85.21901
7/23/2025	12:44:27 PM	84.14784	83.56727	84.72144	84.55432	85.71487	86.14843	85.52537	85.38229	85.95238	85.38276	84.71399	84.64509	85.05374	85.15520
7/23/2025	12:44:30 PM	84.09047	83.51561	84.66219	84.49625	85.64874	86.07944	85.45981	85.31701	85.88406	85.31871	84.65345	84.58750	84.99251	85.09313
7/23/2025	12:44:34 PM	84.03486	83.46579	84.60347	84.43925	85.58409	86.01250	85.39661	85.25409	85.81885	85.25764	84.59527	84.53031	84.93154	85.03153
7/23/2025	12:44:38 PM	83.98301	83.41862	84.54786	84.38500	85.52162	85.94771	85.33577	85.19283	85.75457	85.19743	84.53962	84.47619	84.87341	84.97142
7/23/2025	12:44:41 PM	83.93160	83.37094	84.49138	84.32950	85.45835	85.88139	85.27257	85.13038	85.68779	85.13369	84.48100	84.41907	84.81301	84.90993
7/23/2025	12:44:45 PM	83.87645	83.31868	84.43337	84.27222	85.39214	85.81348	85.20928	85.06679	85.62180	85.07216	84.42402	84.36293	84.75367	84.84982
7/23/2025	12:44:48 PM	83.82490	83.27077	84.37720	84.21813	85.33065	85.75003	85.14949	85.00719	85.55909	85.01306	84.36893	84.31019	84.69659	84.79078
7/23/2025	12:44:52 PM	83.77322	83.22606	84.32240	84.16562	85.26967	85.68621	85.08973	84.94670	85.49552	84.95313	84.31413	84.25478	84.63906	84.73216
7/23/2025	12:44:56 PM	83.72047	83.17895	84.26744	84.11098	85.20823	85.62279	85.02978	84.88703	85.43279	84.89372	84.25963	84.20177	84.58319	84.67485
7/23/2025	12:44:59 PM	83.67015	83.13234	84.21456	84.05966	85.14852	85.56033	84.97108	84.82884	85.37073	84.83566	84.20517	84.14754	84.52665	84.61718
7/23/2025	12:45:03 PM	83.61786	83.08528	84.16006	84.00681	85.08842	85.49785	84.91177	84.76954	85.30921	84.77733	84.15084	84.09501	84.46995	84.55959
7/23/2025	12:45:06 PM	83.56866	83.04055	84.10545	83.95309	85.02787	85.43506	84.85311	84.71081	85.24791	84.71928	84.09669	84.04177	84.41427	84.50273
7/23/2025	12:45:10 PM	83.51732	82.99666	84.05298	83.90191	84.96984	85.37405	84.79631	84.65328	85.18811	84.66318	84.04471	83.99089	84.36009	84.44785
7/23/2025	12:45:14 PM	83.46896	82.95100	84.00098	83.85122	84.91185	85.31439	84.73938	84.59718	85.12887	84.60840	83.99283	83.94020	84.30640	84.39350
7/23/2025	12:45:17 PM	83.42135	82.90614	83.94945	83.80126	84.85476	85.25516	84.68443	84.54170	85.07028	84.55269	83.94149	83.89046	84.25331	84.33901
7/23/2025	12:45:21 PM	83.37361	82.86254	83.89945	83.75286	84.79929	85.19797	84.62984	84.48711	85.01399	84.49946	83.89195	83.84167	84.20228	84.28693
7/23/2025	12:45:25 PM	83.32699	82.81938	83.84968	83.70455	84.74491	85.14089	84.57672	84.43444	84.95821	84.44726	83.84390	83.79479	84.15236	84.23647
7/23/2025	12:45:28 PM	83.28391	82.77911	83.80277	83.65849	84.69207	85.08586	84.52437	84.38166	84.90505	84.39643	83.79646	83.74874	84.10339	84.18672
7/23/2025	12:45:32 PM	83.23794	82.73867	83.75392	83.61203	84.63871	85.02975	84.47132	84.32873	84.84956	84.34452	83.74793	83.70077	84.05233	84.13506
7/23/2025	12:45:35 PM	83.19404	82.70012	83.70630	83.56589	84.58534	84.97400	84.42048	84.27760	84.79568	84.29462	83.70139	83.65684	84.00502	84.08579
7/23/2025	12:45:39 PM	83.15059	82.66111	83.66008	83.52031	84.53394	84.92025	84.36997	84.22632	84.74194	84.24411	83.65401	83.61001	83.95556	84.03614
7/23/2025	12:45:43 PM	83.10629	82.62189	83.61403	83.47554	84.48185	84.86637	84.31922	84.17544	84.68938	84.19427	83.60756	83.56576	83.90759	83.98816
7/23/2025	12:45:46 PM	83.06555	82.58437	83.56963	83.43123	84.43146	84.81362	84.26935	84.12589	84.63783	84.14710	83.56309	83.52158	83.86149	83.94082
7/23/2025	12:45:50 PM	83.02492	82.54727	83.52585	83.38937	84.38337	84.76313	84.22213	84.07834	84.58921	84.10064	83.51922	83.47973	83.81737	83.89580
7/23/2025	12:45:53 PM	82.98418	82.51011	83.48368	83.34733	84.33561	84.71238	84.17491	84.03163	84.53976	84.05504	83.47690	83.43796	83.77186	83.85029
7/23/2025	12:45:57 PM	82.94204	82.47206	83.43929	83.30314	84.28555	84.66195	84.12681	83.98305	84.48997	84.00798	83.43370	83.39489	83.72706	83.80433
7/23/2025	12:46:00 PM	82.90200	82.43695	83.39748	83.26304	84.23834	84.61268	84.08134	83.93678	84.44141	83.96322	83.39219	83.35457	83.68452	83.76061
7/23/2025	12:46:04 PM	82.86366	82.40079	83.35653	83.22303	84.19224	84.56422	84.03574	83.89106	84.39593	83.91717	83.35012	83.31363	83.63989	83.71514
7/23/2025	12:46:07 PM	82.82118	82.35997	83.31144	83.18135	84.14799	84.51718	83.98762	83.83837	84.33679	83.86375	83.29945	83.26622	83.59066	83.66282
7/23/2025	12:46:11 PM	82.78007	82.32750	83.27011	78.88715	84.03139	84.35319	83.62078	83.56983	83.91353	83.27329	76.55786	80.82451	82.89732	82.97108
7/23/2025	12:46:14 PM	81.09888	81.20525	81.84325	76.75464	83.29262	83.71851	83.07411	82.99901	83.35674	82.82297	76.53806	81.53000	82.55217	82.57525
7/23/2025	12:46:18 PM	80.40134	81.11761	81.70943	76.72640	83.02139	83.41636	82.82652	82.73698	83.17976	82.73447	76.54807	81.76402	82.43883	82.47097
7/23/2025	12:46:21 PM	80.10241	81.11151	81.77243	76.80554	82.88032	83.26926	82.67722	82.59414	83.05534	82.61552	76.55201	81.78476	82.31975	82.36120
7/23/2025	12:46:25 PM	79.80875	81.02387	81.73266	76.91740	82.69151	83.07590	82.48861	82.39513	82.87371	82.47235	76.55230	81.74968	82.14578	82.19283
7/23/2025	12:46:28 PM	79.60516	80.94216	81.66201	77.21817	82.53505	82.90840	82.34317	82.27668	82.79561	82.41971	76.55263	81.75775	82.04187	82.12479
7/23/2025	12:46:32 PM	79.51742	80.92435	81.63613	77.86422	82.42829	82.78922	82.24124	82.19586	82.73834	82.37532	76.55404	81.76612	81.96269	82.06210
7/23/2025	12:46:35 PM	79.47078	80.91233	81.60614	78.88930	82.34356	82.68869	82.15908	82.12317	82.68078	82.32569	76.55670	81.76071	81.89026	81.99953
