4/15/2025	12:21:14 PM	297.83350	297.99871	297.31962	297.64661	297.74743	297.52091	297.66819	297.62555	297.61219	297.70101	297.63596	297.95546	297.86509	297.64230
4/15/2025	12:21:17 PM	297.84191	298.00885	297.32915	297.65494	297.75120	297.52380	297.67100	297.62835	297.60350	297.70535	297.64148	297.96764	297.88898	297.64380
4/15/2025	12:21:21 PM	297.84752	298.01479	297.33460	297.66032	297.75829	297.52784	297.67374	297.62643	297.61150	297.69488	297.63107	297.94595	297.85732	297.60976
4/15/2025	12:21:24 PM	297.80562	297.92057	297.26443	297.54314	297.58311	297.28859	297.40447	297.32811	297.30677	297.40236	297.34656	297.67760	297.37000	297.21884
4/15/2025	12:21:28 PM	297.44001	297.31445	296.83882	296.95387	296.88900	296.47501	296.51369	296.46234	296.43245	296.59311	296.63141	297.03671	296.33243	296.43779
4/15/2025	12:21:31 PM	296.73094	296.12594	295.97329	295.84003	295.70928	295.17682	295.15437	295.19057	295.14077	295.37530	295.49965	295.99889	294.89071	295.35414
4/15/2025	12:21:35 PM	295.59295	294.30013	294.70103	294.38321	294.27904	293.64173	293.56777	293.72107	293.60406	293.85891	294.05751	294.65368	293.16396	294.03637
4/15/2025	12:21:39 PM	294.15879	292.11050	293.14576	292.64229	292.56204	291.81375	291.70237	292.02059	291.83463	292.15073	292.45723	293.21926	291.19463	292.50653
4/15/2025	12:21:42 PM	292.73324	289.86644	291.41153	290.62955	290.49130	289.61112	289.49332	290.05223	289.87267	290.34604	290.81252	291.70269	289.03812	290.78463
4/15/2025	12:21:46 PM	291.05926	287.38844	289.55033	288.57255	288.44158	287.41344	287.26557	288.02140	287.70417	288.14989	288.63907	289.70947	286.71210	288.83804
4/15/2025	12:21:49 PM	289.10826	284.66001	287.51585	286.40982	286.29610	285.10658	284.91989	285.87612	285.46908	285.97245	286.60424	287.86115	284.32336	286.84486
4/15/2025	12:21:53 PM	287.19586	282.01148	285.43282	284.15648	284.07121	282.75914	282.54326	283.67727	283.18992	283.76420	284.41598	285.81708	281.95034	284.84803
4/15/2025	12:21:56 PM	285.16390	279.34813	283.32572	281.96501	281.95507	280.56494	280.34578	281.72926	281.11635	281.70908	282.36673	283.93897	279.64286	282.87551
4/15/2025	12:22:00 PM	283.31535	276.92120	281.28824	279.81968	279.79479	278.28315	278.03263	279.61449	278.88766	279.51652	280.28758	282.08540	277.23750	280.67603
4/15/2025	12:22:03 PM	281.41139	274.48530	279.20279	277.51755	277.36293	275.60020	275.20905	276.88738	275.95967	276.52390	277.31654	279.26333	273.97792	277.83006
4/15/2025	12:22:07 PM	278.63394	270.88999	276.32759	274.41479	274.11627	272.04373	271.46925	273.20259	272.13450	272.87146	273.99493	276.24057	269.81933	274.20559
4/15/2025	12:22:10 PM	275.37284	266.48983	272.56508	270.27877	269.78991	267.43209	266.78653	268.73646	267.49108	268.32635	269.61342	272.09038	264.71617	269.79652
4/15/2025	12:22:14 PM	271.07596	261.08444	268.25998	265.81952	265.30993	262.64008	261.83874	263.90475	262.37350	263.25035	264.66883	267.45822	258.89328	264.81218
4/15/2025	12:22:18 PM	266.42452	255.13326	263.29369	260.60218	259.98984	257.05157	256.13829	258.51986	256.79431	257.80874	259.35754	262.55997	252.72452	259.51149
4/15/2025	12:22:21 PM	261.49488	248.92382	258.05189	255.17483	254.48257	251.30084	250.26414	253.05212	251.09899	252.23973	253.86770	257.49545	246.34118	253.97819
4/15/2025	12:22:25 PM	256.25796	242.38070	252.44913	249.37873	248.54988	245.07729	243.93261	247.21766	245.07682	246.46399	248.06603	252.15675	239.65630	248.18077
4/15/2025	12:22:28 PM	250.76542	235.64413	246.58736	243.28673	242.39313	238.57521	237.31428	241.18325	238.85030	240.48510	242.11548	246.68464	232.77030	242.14039
4/15/2025	12:22:32 PM	245.18932	228.90986	240.68617	237.16796	236.03727	231.85269	230.49903	234.93584	232.52767	234.56457	236.24812	241.23310	225.81274	235.97755
4/15/2025	12:22:35 PM	239.42107	221.81703	233.95439	230.63677	229.30551	224.66798	223.16097	228.15552	225.70345	228.17468	229.88011	235.26839	218.10607	229.13673
4/15/2025	12:22:39 PM	233.28834	214.21441	226.68505	223.62110	222.10203	217.08482	215.31448	220.95917	218.41744	221.15146	222.84856	228.88597	210.19224	221.92949
4/15/2025	12:22:42 PM	226.48359	206.17523	219.81314	216.53189	214.81645	209.40659	207.57538	213.91992	211.19915	214.26546	215.97453	222.57831	202.55066	214.99525
4/15/2025	12:22:46 PM	219.80680	198.59186	213.11089	209.61340	207.72455	201.98020	200.07444	207.14067	204.24981	207.60295	209.28438	216.35365	195.22271	208.22737
4/15/2025	12:22:49 PM	213.39001	191.67572	206.70877	203.12498	201.13915	195.10933	193.16156	200.87985	197.87201	201.43325	203.06075	210.49363	188.46230	201.84765
4/15/2025	12:22:53 PM	207.28942	185.27319	200.57932	197.00025	194.90719	188.67636	186.67739	195.04576	191.95466	195.68515	197.18074	204.91165	182.22265	195.87632
4/15/2025	12:22:56 PM	201.60163	179.46416	194.93790	191.45004	189.29298	182.87080	180.84494	189.86722	186.68431	190.54656	191.85722	199.84298	176.65754	190.38291
4/15/2025	12:23:00 PM	196.48273	174.37534	189.89013	186.53786	184.31421	177.67814	175.65808	185.26044	182.01160	185.94944	187.09724	195.26173	171.76433	185.49919
4/15/2025	12:23:04 PM	191.77133	169.80401	185.26584	182.06330	179.80761	172.98944	170.95038	181.06713	177.76767	181.78758	182.76963	191.03512	167.31520	180.97013
4/15/2025	12:23:07 PM	187.37596	165.60191	180.97193	177.93558	175.60661	168.66717	166.65366	177.21202	173.85695	177.90418	178.71527	187.06096	163.24418	176.78100
4/15/2025	12:23:11 PM	183.34674	161.84530	177.06628	174.21509	171.84269	164.83090	162.84996	173.73533	170.35896	174.41212	175.04056	183.44184	159.61870	172.97684
4/15/2025	12:23:14 PM	179.70371	158.52084	173.52392	170.83638	168.42755	161.37781	159.43152	170.58379	167.18891	171.23052	171.69512	180.11846	156.36173	169.50021
4/15/2025	12:23:18 PM	176.40186	155.55301	170.31318	167.79996	165.38325	158.33199	156.42334	167.76746	164.39390	168.42952	168.74018	177.19235	153.55057	166.46819
4/15/2025	12:23:21 PM	173.49304	152.99129	167.50304	165.12711	162.69808	155.66953	153.79922	165.28099	161.93194	165.93661	166.10330	174.54087	151.04040	163.73694
4/15/2025	12:23:25 PM	170.86500	150.71244	164.96971	162.74355	160.30232	153.30809	151.47186	163.03424	159.71296	163.67632	163.70545	172.12022	148.80032	161.28804
4/15/2025	12:23:28 PM	168.48029	148.67823	162.68853	160.57713	158.13308	151.19056	149.38808	161.00344	157.72903	161.66136	161.56771	169.94837	146.80629	159.07996
4/15/2025	12:23:32 PM	166.34374	146.86760	160.62577	158.62074	156.19212	149.31275	147.54347	159.18304	155.95177	159.86193	159.67099	168.01717	145.07143	157.13913
4/15/2025	12:23:35 PM	164.43395	145.28595	158.81261	156.88150	154.45241	147.64172	145.88409	157.51855	154.34820	158.22544	157.93722	166.23915	143.49648	155.36438
4/15/2025	12:23:39 PM	162.73699	143.88249	157.19682	155.32381	152.89785	146.16420	144.42411	156.04558	152.93473	156.78400	156.44965	164.69613	142.13888	153.81562
4/15/2025	12:23:42 PM	161.20344	142.64028	155.73469	153.90015	151.47333	144.82240	143.10628	154.71414	151.67765	155.48729	155.10508	163.29936	140.92305	152.42168
4/15/2025	12:23:46 PM	159.88515	141.57841	154.47287	152.66066	150.22435	143.66743	141.97037	153.55882	150.59110	154.36684	153.94756	162.07949	139.87466	151.19432
4/15/2025	12:23:50 PM	158.67066	140.61729	153.31823	151.52160	149.08139	142.60975	140.92913	152.47669	149.58623	153.33275	152.89218	160.97374	138.94449	150.10469
4/15/2025	12:23:53 PM	157.64095	139.82880	152.35554	150.55535	148.10566	141.72088	140.05683	151.56527	148.74666	152.46317	152.01368	160.04547	138.16927	149.16991
4/15/2025	12:23:57 PM	156.72017	139.15137	151.51338	149.70461	147.23919	140.92631	139.27935	150.74125	147.99159	151.68816	151.23812	159.21777	137.49088	148.34267
4/15/2025	12:24:00 PM	155.90428	138.56591	150.77086	148.94407	146.46930	140.23529	138.60868	150.02543	147.34534	151.02769	150.58800	158.52391	136.95561	147.65748
4/15/2025	12:24:04 PM	155.24512	138.13849	150.18211	148.32071	145.83543	139.66886	138.05300	149.41569	146.79051	150.45148	150.02429	157.91594	136.49854	147.05168
4/15/2025	12:24:07 PM	154.66055	137.77362	149.65687	147.75145	145.26121	139.16226	137.55949	148.87302	146.31303	149.95612	149.54981	157.39125	136.11869	146.52778
4/15/2025	12:24:11 PM	154.16979	137.47107	149.20845	147.23957	144.74515	138.71085	137.11986	148.37948	145.87414	149.50434	149.10969	156.90061	135.77316	146.04638
4/15/2025	12:24:14 PM	153.70262	137.18767	148.79170	146.75541	144.25507	138.27692	136.69762	147.89580	145.44264	149.05147	148.67188	156.41645	135.42834	145.57698
4/15/2025	12:24:18 PM	153.23701	136.88920	148.37116	146.27676	143.77834	137.85983	136.29824	147.44453	145.04446	148.63928	148.28560	155.99620	135.13346	145.16665
4/15/2025	12:24:21 PM	152.83607	136.64235	148.00667	145.85240	143.35069	137.48472	135.93693	147.03060	144.68494	148.25955	147.92509	155.60360	134.86639	144.78191
4/15/2025	12:24:25 PM	152.46297	136.41853	147.66497	145.45288	142.94972	137.13180	135.59818	146.63685	144.34572	147.89903	147.58442	155.24056	134.62185	144.43238
4/15/2025	12:24:28 PM	152.12026	136.22011	147.35741	145.09319	142.59091	136.81995	135.30282	146.28966	144.05508	147.58038	147.28151	154.90438	134.41921	144.11952
4/15/2025	12:24:32 PM	151.81093	136.05863	147.07854	144.75939	142.25459	136.53083	135.03210	145.96919	143.79361	147.28913	147.01216	154.60114	134.23543	143.83942
4/15/2025	12:24:35 PM	151.53004	135.90183	146.81351	144.43342	141.94620	136.27835	134.78511	145.67540	143.54551	146.99406	146.73313	154.27965	134.04317	143.55145
4/15/2025	12:24:39 PM	151.20815	135.71171	146.51500	144.09102	141.62392	135.99473	134.51424	145.35863	143.27027	146.67779	146.43580	153.94178	133.82462	143.23945
4/15/2025	12:24:42 PM	150.86650	135.49015	146.20271	143.72929	141.28906	135.69502	134.23297	145.02681	142.97955	146.35465	146.13202	153.60155	133.59429	142.92055
4/15/2025	12:24:46 PM	150.53497	135.26598	145.88897	143.36583	140.94452	135.37714	133.93240	144.66896	142.66397	146.02062	145.82492	153.26366	133.36266	142.61409
4/15/2025	12:24:49 PM	150.21356	135.04187	145.57793	143.01263	140.61191	135.07690	133.65686	144.33868	142.37663	145.71043	145.53497	152.93007	133.12774	142.30833
4/15/2025	12:24:53 PM	149.89907	134.81753	145.26901	142.65473	140.27620	134.77255	133.37571	144.00599	142.08566	145.39733	145.24243	152.59197	132.88293	141.99193
4/15/2025	12:24:56 PM	149.56276	134.57027	144.93319	142.27522	139.90741	134.43940	133.06969	143.64894	141.77064	145.06828	144.93419	152.24678	132.62681	141.66895
4/15/2025	12:25:00 PM	149.21083	134.30319	144.58091	141.88064	139.52258	134.08638	132.74115	143.27243	141.43294	144.72400	144.61362	151.88822	132.34503	141.33309
4/15/2025	12:25:03 PM	148.87374	134.04179	144.23677	141.49779	139.15156	133.74717	132.42728	142.91434	141.10960	144.38703	144.29099	151.52165	132.05621	140.98413
4/15/2025	12:25:07 PM	148.50417	133.74974	143.86028	141.08808	138.74759	133.37252	132.07689	142.51385	140.74307	144.01569	143.93964	151.13723	131.74286	140.62387
4/15/2025	12:25:10 PM	148.13190	133.45145	143.47898	140.67712	138.34526	133.00021	131.73071	142.12254	140.38554	143.65229	143.59453	150.75416	131.43269	140.26253
4/15/2025	12:25:14 PM	147.76037	133.15258	143.09819	140.27856	137.95067	132.63062	131.38478	141.73128	140.02484	143.29685	143.26068	150.38203	131.12021	139.90765
4/15/2025	12:25:17 PM	147.39388	132.84902	142.71125	139.87854	137.54300	132.24564	131.03316	141.33326	139.65738	142.94240	142.93109	150.01249	130.80665	139.55393
4/15/2025	12:25:21 PM	147.03677	132.55301	142.33325	139.48757	137.14373	131.88030	130.69545	140.95817	139.30984	142.60562	142.61274	149.65507	130.50571	139.21177
4/15/2025	12:25:25 PM	146.68586	132.26714	141.96199	139.10367	136.74920	131.51828	130.36087	140.58526	138.96372	142.26199	142.28723	149.29620	130.20698	138.87358
4/15/2025	12:25:28 PM	146.34703	131.99153	141.60386	138.73443	136.37339	131.17034	130.03965	140.22673	138.63113	141.93240	141.97290	148.94989	129.92016	138.55336
4/15/2025	12:25:32 PM	146.03013	131.73445	141.27280	138.38925	136.02450	130.85711	129.75667	139.92114	138.35926	141.66538	141.72755	148.67036	129.69761	138.29163
4/15/2025	12:25:35 PM	145.73663	131.51403	140.95901	138.06204	135.68977	130.55231	129.46573	139.58869	138.06083	141.33998	141.41112	148.31502	129.41021	137.96059
4/15/2025	12:25:39 PM	145.37693	131.22235	140.59120	137.68296	135.31496	130.20401	129.12971	139.21794	137.72081	140.99069	141.07189	147.94620	129.09779	137.61140
4/15/2025	12:25:42 PM	145.01425	130.91842	140.22360	137.31140	134.94455	129.86000	128.80559	138.86532	137.39341	140.66109	140.75956	147.60399	128.80733	137.28631
4/15/2025	12:25:46 PM	144.67794	130.63669	139.87198	136.95013	134.57942	129.52370	128.48912	138.51284	137.06525	140.33156	140.43938	147.24943	128.50946	136.95096
4/15/2025	12:25:49 PM	144.31629	130.33466	139.49630	136.56710	134.19476	129.16961	128.15593	138.14522	136.72082	139.98394	140.10839	146.88711	128.19884	136.61117
4/15/2025	12:25:53 PM	143.96564	130.03896	139.13549	136.20052	133.82893	128.83205	127.83568	137.79330	136.39099	139.65649	139.79434	146.53649	127.90340	136.28229
4/15/2025	12:25:56 PM	143.61906	129.74752	138.77549	135.83674	133.46362	128.49395	127.51687	137.44608	136.06328	139.32527	139.48095	146.19267	127.61123	135.96349
4/15/2025	12:26:00 PM	143.28812	129.47600	138.43787	135.49464	133.11919	128.17703	127.21877	137.12270	135.76222	139.02357	139.19252	145.87330	127.34192	135.66352
4/15/2025	12:26:03 PM	142.96470	129.21039	138.10185	135.15341	132.77696	127.86044	126.91950	136.79170	135.45546	138.71210	138.88543	145.53583	127.05826	135.34965
4/15/2025	12:26:07 PM	142.63411	128.93684	137.76327	134.81086	132.43500	127.54494	126.61726	136.45873	135.14320	138.39317	138.58133	145.20231	126.77904	135.04183
4/15/2025	12:26:11 PM	142.30346	128.66378	137.43024	134.47663	132.10089	127.24031	126.32716	136.13887	134.84004	138.08839	138.28272	144.86840	126.49965	134.72898
4/15/2025	12:26:14 PM	141.96274	128.37586	137.08105	134.12719	131.75211	126.91740	126.01325	135.79581	134.50947	137.75240	137.95676	144.51083	126.18928	134.39048
4/15/2025	12:26:18 PM	141.59769	128.05834	136.70445	133.75344	131.37850	126.56846	125.67886	135.43825	134.17487	137.42310	137.64785	144.17482	125.88539	134.07497
4/15/2025	12:26:21 PM	141.27636	127.77207	136.35359	133.39162	131.01493	126.24707	125.38985	135.15110	133.91991	137.16560	137.38679	143.86707	125.60392	133.77269
4/15/2025	12:26:25 PM	140.93586	127.46460	135.97358	133.00434	130.62689	125.89269	125.06193	134.80524	133.60775	136.85741	137.08637	143.52661	125.29391	133.45171
4/15/2025	12:26:28 PM	140.59413	127.16425	135.61081	132.63896	130.26041	125.55850	124.74114	134.46879	133.29512	136.54465	136.77545	143.17965	124.98273	133.11853
4/15/2025	12:26:32 PM	140.24380	126.85568	135.24336	132.27768	129.90173	125.23458	124.43572	134.15481	132.99935	136.24897	136.49023	142.85800	124.69494	132.81372
4/15/2025	12:26:35 PM	139.92135	126.56867	134.89750	131.93282	129.56380	124.92975	124.15363	133.86307	132.72577	135.97111	136.21797	142.55100	124.42470	132.52639
4/15/2025	12:26:39 PM	139.60929	126.29760	134.56932	131.60767	129.24155	124.63770	123.88170	133.57612	132.46200	135.69835	135.95145	142.25157	124.16187	132.21851
4/15/2025	12:26:42 PM	139.26104	126.02333	134.32646	131.47763	129.19021	124.60285	123.75878	133.27206	132.02243	135.13483	135.34466	141.61592	123.90053	131.85552
4/15/2025	12:26:46 PM	138.62221	125.52221	133.91354	131.05119	128.84188	124.29387	123.45676	132.83240	131.48328	134.46267	134.49267	140.67963	123.24341	131.14335
4/15/2025	12:26:49 PM	137.54500	124.51986	132.86121	130.13926	127.98737	123.54508	122.75115	131.97068	130.56546	133.46897	133.37735	139.50157	122.27097	130.18827
4/15/2025	12:26:53 PM	136.28659	123.31586	131.64509	129.05668	126.97276	122.64303	121.87714	130.97607	129.53305	132.38929	132.20190	138.26564	121.20225	129.14799
4/15/2025	12:26:56 PM	135.00425	122.09686	130.42585	127.95068	125.92095	121.68877	120.94475	129.93752	128.47608	131.29587	131.03021	137.04059	120.12261	128.09806
4/15/2025	12:27:00 PM	133.76284	120.93130	129.24399	126.87995	124.89959	120.75671	120.02983	128.93362	127.46023	130.25355	129.91827	135.86846	119.08561	127.08261
4/15/2025	12:27:03 PM	132.59534	119.85725	128.14659	125.87975	123.93627	119.87000	119.15843	127.98740	126.50425	129.26650	128.87253	134.76586	118.11611	126.08395
4/15/2025	12:27:07 PM	131.52430	118.88027	127.13355	124.94862	123.03929	119.04340	118.34255	127.10154	125.61271	128.34969	127.90920	133.74162	117.21669	125.16481
4/15/2025	12:27:11 PM	130.52069	117.97582	126.18778	124.07179	122.18805	118.25787	117.56418	126.26221	124.77141	127.48488	127.00635	132.78176	116.36935	124.30060
4/15/2025	12:27:14 PM	129.58892	117.14145	125.30547	123.24618	121.38595	117.51610	116.82856	125.46547	123.98337	126.67626	126.16632	131.89485	115.58746	123.49691
4/15/2025	12:27:18 PM	128.69909	116.35367	124.46776	122.45692	120.61207	116.79606	116.12035	124.70385	123.23115	125.90182	125.37004	131.05197	114.84824	122.73575
4/15/2025	12:27:21 PM	127.89228	115.64493	123.70896	121.74033	119.91398	116.14890	115.48176	124.01020	122.55265	125.19736	124.64902	130.28697	114.18479	122.04526
4/15/2025	12:27:25 PM	127.12881	114.98258	122.99424	121.05552	119.24467	115.52699	114.86687	123.34317	121.90438	124.52569	123.96179	129.55052	113.54901	121.38165
4/15/2025	12:27:28 PM	126.41325	114.36404	122.31333	120.40071	118.60878	114.93598	114.28593	122.71323	121.29373	123.89332	123.31907	128.86402	112.96361	120.76259
4/15/2025	12:27:32 PM	125.75069	113.80208	121.69216	119.80026	118.02176	114.39330	113.75204	122.13010	120.73197	123.31243	122.73009	128.23386	112.42892	120.19484
4/15/2025	12:27:36 PM	125.14036	113.28530	121.11210	119.23623	117.47200	113.88132	113.24610	121.57942	120.20409	122.76219	122.17448	127.63543	111.93108	119.66010
4/15/2025	12:27:39 PM	124.56801	112.80728	120.57616	118.71330	116.96460	113.41259	112.78475	121.07582	119.72105	122.26163	121.67098	127.09389	111.48199	119.17519
4/15/2025	12:27:43 PM	124.05223	112.37984	120.08860	118.23150	116.49282	112.97775	112.35524	120.60663	119.27421	121.79308	121.20135	126.58684	111.06392	118.71665
4/15/2025	12:27:46 PM	123.55670	111.96904	119.61880	117.76735	116.04153	112.56098	111.94313	120.15238	118.84473	121.34510	120.75379	126.10325	110.66924	118.28396
4/15/2025	12:27:50 PM	123.07419	111.57574	119.16248	117.31604	115.60281	112.15914	111.54824	119.71824	118.43605	120.91942	120.33231	125.64370	110.29575	117.87182
4/15/2025	12:27:53 PM	122.63900	111.22546	118.75475	116.90838	115.20705	111.79635	111.19088	119.32258	118.06165	120.52924	119.94740	125.22359	109.96007	117.49509
4/15/2025	12:27:57 PM	122.23458	110.90533	118.37229	116.52427	114.83376	111.45775	110.85959	118.95331	117.71609	120.16936	119.59636	124.83794	109.65622	117.15164
4/15/2025	12:28:01 PM	121.86636	110.61996	118.02560	116.17378	114.48866	111.14553	110.55465	118.60956	117.39481	119.83420	119.27054	124.47603	109.37511	116.82677
4/15/2025	12:28:04 PM	121.51923	110.35470	117.69823	115.84081	114.16487	110.85238	110.26773	118.28707	117.09355	119.52100	118.97147	124.14088	109.11682	116.52871
4/15/2025	12:28:08 PM	121.19877	110.11094	117.39518	115.53316	113.86118	110.57605	109.99909	117.98372	116.81104	119.22889	118.69383	123.82667	108.87368	116.24568
4/15/2025	12:28:11 PM	120.89489	109.88214	117.10567	115.23847	113.57184	110.31147	109.74042	117.69270	116.53799	118.94832	118.42875	123.52684	108.64389	115.97422
4/15/2025	12:28:15 PM	120.60691	109.66228	116.82243	114.94910	113.28743	110.05304	109.48850	117.40880	116.27067	118.67345	118.16986	123.23491	108.42162	115.71171
4/15/2025	12:28:18 PM	120.33421	109.45556	116.55300	114.67460	113.01932	109.81197	109.25368	117.14337	116.02079	118.41912	117.93265	122.96588	108.21754	115.47127
4/15/2025	12:28:22 PM	120.09161	109.27390	116.30897	114.42427	112.77444	109.59164	109.03943	116.90254	115.79509	118.18803	117.71559	122.72075	108.03438	115.24960
4/15/2025	12:28:26 PM	119.86705	109.10827	116.07732	114.18328	112.53875	109.38062	108.83622	116.67195	115.57805	117.96948	117.51570	122.49162	107.86530	115.04575
4/15/2025	12:28:29 PM	119.67062	108.96564	115.86976	113.96511	112.32412	109.18768	108.65120	116.46261	115.38323	117.77275	117.34030	122.28306	107.71401	114.85720
4/15/2025	12:28:33 PM	119.48279	108.83021	115.66475	113.74905	112.11112	108.99417	108.46673	116.24767	115.18269	117.57082	117.15701	122.06933	107.56210	114.66674
4/15/2025	12:28:36 PM	119.29231	108.69379	115.46467	113.53828	111.90401	108.80688	108.28777	116.04107	114.99151	117.38012	116.98380	121.86879	107.41944	114.48986
4/15/2025	12:28:40 PM	119.12044	108.57242	115.28081	113.33961	111.70862	108.63092	108.11957	115.84603	114.80949	117.19583	116.81671	121.67723	107.28494	114.31644
4/15/2025	12:28:43 PM	118.94858	108.45474	115.10098	113.14747	111.51800	108.46134	107.95676	115.65497	114.63393	117.01737	116.65425	121.49067	107.15595	114.14970
4/15/2025	12:28:47 PM	118.78300	108.34263	114.92996	112.96441	111.33568	108.29700	107.79818	115.46796	114.46227	116.84271	116.49349	121.31189	107.03299	113.99125
4/15/2025	12:28:50 PM	118.62004	108.23446	114.76396	112.78461	111.15683	108.13940	107.64653	115.28896	114.29532	116.67135	116.33575	121.13545	106.91259	113.83375
4/15/2025	12:28:54 PM	118.46077	108.12876	114.59813	112.60753	110.98062	107.98111	107.49374	115.10772	114.12736	116.49688	116.17642	120.95684	106.79105	113.67534
4/15/2025	12:28:58 PM	118.30094	108.02250	114.43654	112.43728	110.81218	107.83255	107.35190	114.94012	113.97382	116.34023	116.03787	120.79733	106.68603	113.53744
4/15/2025	12:29:01 PM	118.16014	107.93541	114.29254	112.28175	110.65819	107.69650	107.22189	114.78457	113.83138	116.19170	115.90134	120.64386	106.58822	113.40328
4/15/2025	12:29:05 PM	118.01827	107.84897	114.14552	112.12586	110.50275	107.55679	107.08782	114.62121	113.67749	116.03090	115.75324	120.47508	106.47617	113.25494
4/15/2025	12:29:08 PM	117.86349	107.74776	113.98762	111.96097	110.34121	107.41348	106.95220	114.46003	113.52945	115.87779	115.61450	120.31808	106.37477	113.12081
4/15/2025	12:29:12 PM	117.72320	107.65986	113.84597	111.81102	110.19434	107.28334	106.82922	114.31282	113.39448	115.73803	115.48631	120.16856	106.27802	112.99034
4/15/2025	12:29:15 PM	117.58066	107.56914	113.70050	111.65897	110.04412	107.14864	106.70238	114.15828	113.25075	115.58638	115.34205	120.00366	106.17055	112.85038
4/15/2025	12:29:19 PM	117.42551	107.46677	113.54709	111.50154	109.89327	107.01628	106.58077	114.01161	113.11917	115.45004	115.21371	119.85730	106.07566	112.72684
4/15/2025	12:29:23 PM	117.29240	107.38089	113.40861	111.35795	109.75305	106.89225	106.46614	113.87365	112.99356	115.31862	115.08833	119.70797	105.97674	112.59562
4/15/2025	12:29:26 PM	117.14605	107.28040	113.24934	111.19494	109.59317	106.74833	106.33125	113.71046	112.84383	115.16256	114.94016	119.53719	105.85672	112.44829
4/15/2025	12:29:30 PM	116.98575	107.16736	113.08473	111.03061	109.43489	106.60929	106.20448	113.56062	112.70896	115.02193	114.80584	119.38155	105.74978	112.31518
4/15/2025	12:29:33 PM	116.83396	107.06060	112.92702	110.87138	109.27983	106.47313	106.07740	113.40748	112.56690	114.87369	114.66211	119.21369	105.63104	112.16721
4/15/2025	12:29:37 PM	116.66671	106.93766	112.75253	110.69802	109.11166	106.32378	105.93776	113.24024	112.41168	114.71231	114.50478	119.03543	105.50287	112.01165
4/15/2025	12:29:41 PM	116.49283	106.80765	112.57457	110.52273	108.94401	106.17318	105.79792	113.07402	112.25895	114.55461	114.35261	118.86772	105.38346	111.87124
4/15/2025	12:29:44 PM	116.33741	106.69577	112.41645	110.36561	108.79369	106.04083	105.67696	112.92920	112.12565	114.41481	114.21195	118.70281	105.26168	111.72595
4/15/2025	12:29:48 PM	116.16958	106.56749	112.23723	110.18782	108.62378	105.89158	105.54045	112.76997	111.98064	114.26546	114.06454	118.52978	105.12956	111.57285
4/15/2025	12:29:51 PM	115.99199	106.42679	112.04951	110.00239	108.44653	105.73491	105.39878	112.60806	111.83244	114.11329	113.91428	118.35785	105.00014	111.42482
4/15/2025	12:29:55 PM	115.81953	106.29471	111.87316	109.83085	108.28328	105.59143	105.26500	112.44688	111.67999	113.95124	113.74883	118.17000	104.86243	111.26326
4/15/2025	12:29:59 PM	115.63488	106.15246	111.69135	109.65672	108.11787	105.44707	105.13198	112.28819	111.53112	113.79603	113.59695	117.99663	104.73511	111.11445
4/15/2025	12:30:02 PM	115.46612	106.02417	111.52033	109.49117	107.96020	105.30507	104.99681	112.12456	111.37661	113.63412	113.43608	117.81716	104.60081	110.95709
4/15/2025	12:30:06 PM	115.28769	105.88700	111.34290	109.31939	107.79698	105.15731	104.85587	111.95571	111.22108	113.47393	113.27816	117.64058	104.46968	110.80498
4/15/2025	12:30:09 PM	115.12198	105.76345	111.18003	109.16217	107.64957	105.02360	104.72696	111.79897	111.07673	113.32176	113.12428	117.46708	104.34379	110.65412
4/15/2025	12:30:13 PM	114.95520	105.63665	111.01073	108.99972	107.49551	104.88395	104.59150	111.63881	110.93143	113.17295	112.97776	117.30875	104.22875	110.52071
4/15/2025	12:30:17 PM	114.81179	105.53185	110.86731	108.86084	107.36486	104.76611	104.47718	111.49861	110.79985	113.02808	112.82769	117.13641	104.10347	110.36467
4/15/2025	12:30:20 PM	114.63567	105.39522	110.68889	108.69013	107.20318	104.62051	104.33784	111.33260	110.64471	112.86738	112.66830	116.96216	103.97299	110.21477
4/15/2025	12:30:24 PM	114.46956	105.26858	110.52643	108.53453	107.05634	104.48814	104.21188	111.18027	110.50043	112.71509	112.51494	116.79077	103.84773	110.06823
4/15/2025	12:30:27 PM	114.30487	105.14318	110.36338	108.37768	106.90856	104.35623	104.08566	111.03126	110.36281	112.56783	112.36568	116.62308	103.72534	109.92420
4/15/2025	12:30:31 PM	114.14407	105.02156	110.20526	108.22603	106.76613	104.23052	103.96723	110.88887	110.23099	112.42825	112.22641	116.46552	103.60968	109.78767
4/15/2025	12:30:35 PM	113.98756	104.89996	110.04544	108.07298	106.62169	104.10164	103.84522	110.74135	110.09293	112.27240	112.07569	116.29504	103.48363	109.64015
4/15/2025	12:30:38 PM	113.82253	104.76913	109.87991	107.91430	106.47348	103.97046	103.71866	110.59053	109.95358	112.11921	111.92837	116.12940	103.36157	109.49735
4/15/2025	12:30:42 PM	113.65953	104.64319	109.71696	107.75957	106.32833	103.84087	103.59442	110.44043	109.81274	111.96458	111.77522	115.95791	103.23566	109.34890
4/15/2025	12:30:45 PM	113.49367	104.51576	109.55558	107.60680	106.18433	103.71147	103.47047	110.28922	109.66935	111.80833	111.61889	115.78508	103.10888	109.19968
4/15/2025	12:30:49 PM	113.32867	104.38740	109.39374	107.45206	106.04024	103.58167	103.34631	110.14149	109.52940	111.65887	111.47306	115.61925	102.98629	109.05722
4/15/2025	12:30:53 PM	113.16870	104.26156	109.23520	107.30215	105.90027	103.45618	103.22541	109.99595	109.39123	111.51077	111.32407	115.45194	102.86319	108.91374
4/15/2025	12:30:56 PM	113.00931	104.13623	109.07680	107.15229	105.76039	103.33038	103.10578	109.85283	109.25635	111.36796	111.18171	115.29132	102.74527	108.77616
4/15/2025	12:31:00 PM	112.85486	104.01604	108.92429	107.00736	105.62481	103.21015	102.99092	109.71131	109.12209	111.22443	111.03670	115.12675	102.62536	108.63594
4/15/2025	12:31:03 PM	112.69659	103.89217	108.76839	106.86045	105.48754	103.08712	102.87223	109.56665	108.98469	111.07846	110.89006	114.96359	102.50412	108.49498
4/15/2025	12:31:07 PM	112.53991	103.76979	108.61502	106.71415	105.35119	102.96501	102.75610	109.42464	108.84980	110.93660	110.74570	114.80153	102.38514	108.35495
4/15/2025	12:31:11 PM	112.38177	103.64758	108.46228	106.57064	105.21695	102.84435	102.64038	109.28425	108.71731	110.79477	110.60480	114.64263	102.26822	108.21833
4/15/2025	12:31:14 PM	112.22884	103.52782	108.31237	106.43082	105.08652	102.72726	102.52670	109.14554	108.58644	110.65513	110.46383	114.48464	102.15234	108.08237
4/15/2025	12:31:18 PM	112.07877	103.41113	108.16699	106.29264	104.95722	102.61066	102.41519	109.00826	108.45613	110.51725	110.32634	114.33070	102.03866	107.94997
4/15/2025	12:31:21 PM	111.93186	103.29644	108.02300	106.15709	104.83149	102.49761	102.30505	108.87411	108.32852	110.38074	110.18819	114.17614	101.92599	107.81832
4/15/2025	12:31:25 PM	111.78362	103.18172	107.87952	106.02311	104.70703	102.38573	102.19703	108.74129	108.20243	110.24453	110.05049	114.02125	101.81423	107.68588
4/15/2025	12:31:29 PM	111.63653	103.06906	107.73871	105.89206	104.58553	102.27801	102.09333	108.61431	108.08297	110.11628	109.92015	113.87638	101.70987	107.56315
4/15/2025	12:31:32 PM	111.49642	102.96096	107.60238	105.76331	104.46600	102.17124	101.98988	108.48563	107.96089	109.98395	109.78597	113.72578	101.60043	107.43240
4/15/2025	12:31:36 PM	111.35180	102.84853	107.46248	105.63346	104.34544	102.06233	101.88566	108.35541	107.83563	109.84912	109.65032	113.57608	101.49188	107.30642
4/15/2025	12:31:39 PM	111.21369	102.74232	107.33043	105.50846	104.23080	101.96065	101.78633	108.23181	107.71724	109.72048	109.52174	113.42855	101.38552	107.17998
4/15/2025	12:31:43 PM	111.07326	102.63498	107.19611	105.38497	104.11595	101.85868	101.68756	108.10912	107.60209	109.59832	109.40201	113.29163	101.28578	107.06155
4/15/2025	12:31:47 PM	110.94091	102.53520	107.06912	105.26454	104.00459	101.75934	101.59155	107.99002	107.48977	109.47913	109.28381	113.15580	101.18993	106.94677
4/15/2025	12:31:50 PM	110.81272	102.43909	106.94630	105.14973	103.89719	101.66250	101.49712	107.87092	107.37804	109.35811	109.16043	113.01630	101.09110	106.82891
4/15/2025	12:31:54 PM	110.68120	102.33897	106.81871	105.03023	103.78529	101.56260	101.39996	107.74960	107.26385	109.23750	109.04095	112.88175	100.99618	106.71697
4/15/2025	12:31:57 PM	110.55636	102.24679	106.70067	104.91970	103.68225	101.47025	101.30932	107.63484	107.15521	109.11876	108.92136	112.74652	100.90135	106.60282
4/15/2025	12:32:01 PM	110.42825	102.14962	106.57828	104.80426	103.57435	101.37301	101.21436	107.51544	107.04247	108.99580	108.79509	112.60266	100.79962	106.48091
4/15/2025	12:32:05 PM	110.29331	102.04690	106.45078	104.68626	103.46445	101.27568	101.12073	107.40031	106.93425	108.87940	108.67978	112.47038	100.70481	106.36601
4/15/2025	12:32:08 PM	110.16319	101.94784	106.32594	104.57116	103.35633	101.17866	101.02623	107.28504	106.82470	108.76147	108.56264	112.33797	100.61121	106.25551
4/15/2025	12:32:12 PM	110.03948	101.85385	106.20846	104.46222	103.25563	101.08865	100.93877	107.17487	106.71997	108.64804	108.45002	112.21020	100.51940	106.14618
4/15/2025	12:32:15 PM	109.91715	101.76020	106.08896	104.34968	103.14886	100.98998	100.84204	107.05360	106.60410	108.52535	108.32962	112.07619	100.42158	106.03361
4/15/2025	12:32:19 PM	109.79097	101.66594	105.97330	104.24196	103.05016	100.90282	100.75742	106.94941	106.50659	108.41845	108.21971	111.94490	100.32910	105.92068
4/15/2025	12:32:22 PM	109.66153	101.56733	105.85000	104.12679	102.94279	100.80585	100.66377	106.83488	106.39773	108.30344	108.10415	111.81290	100.23342	105.80972
4/15/2025	12:32:26 PM	109.53979	101.47232	105.73353	104.01815	102.84210	100.71547	100.57598	106.72781	106.29736	108.19843	107.99726	111.68870	100.14314	105.70438
4/15/2025	12:32:30 PM	109.42367	101.38411	105.62515	103.91670	102.74889	100.63344	100.49750	106.63044	106.20741	108.10085	107.89701	111.57158	100.06163	105.60528
4/15/2025	12:32:33 PM	109.30663	101.29581	105.51167	103.80938	102.64811	100.54171	100.40735	106.51644	106.09986	107.98503	107.78192	111.43984	99.96643	105.49662
4/15/2025	12:32:37 PM	109.18503	101.20331	105.39982	103.70615	102.55367	100.46045	100.33065	106.42245	106.01445	107.89129	107.68623	111.32513	99.88652	105.40079
4/15/2025	12:32:40 PM	109.07051	101.11734	105.28991	103.60200	102.45631	100.37256	100.24579	106.31544	105.91113	107.77990	107.57513	111.19675	99.79647	105.29436
4/15/2025	12:32:44 PM	108.95129	101.02720	105.18024	103.50035	102.36355	100.29200	100.16802	106.21892	105.82212	107.68267	107.47777	111.08052	99.71792	105.19938
4/15/2025	12:32:47 PM	108.83949	100.94446	105.07472	103.40171	102.27154	100.20931	100.08663	106.11794	105.72791	107.58089	107.37615	110.96309	99.63593	105.10077
4/15/2025	12:32:51 PM	108.72534	100.85946	104.96829	103.30239	102.17855	100.12524	100.00458	106.01407	105.62960	107.47466	107.27245	110.84567	99.55333	105.00487
4/15/2025	12:32:55 PM	108.61944	100.78056	104.87048	103.21144	102.09457	100.05163	99.93334	105.92404	105.54393	107.37875	107.17449	110.73242	99.47609	104.91061
4/15/2025	12:32:58 PM	108.51128	100.70103	104.77162	103.11953	102.01022	99.97726	99.86098	105.83209	105.45727	107.28345	107.07890	110.61868	99.39769	104.81381
4/15/2025	12:33:02 PM	108.39481	100.61414	104.66424	103.01987	101.91838	99.89520	99.78249	105.73516	105.36656	107.18574	106.98092	110.50508	99.31937	104.72038
4/15/2025	12:33:05 PM	108.28691	100.53392	104.56439	102.92558	101.83099	99.81765	99.70669	105.64015	105.27835	107.09043	106.88679	110.39528	99.24402	104.62940
4/15/2025	12:33:09 PM	108.18030	100.45610	104.46846	102.83527	101.74723	99.74082	99.63046	105.54229	105.18300	106.98396	106.77870	110.27435	99.15941	104.52949
4/15/2025	12:33:13 PM	108.06741	100.37259	104.36777	102.74197	101.66116	99.66496	99.55656	105.44954	105.09688	106.89021	106.68488	110.16463	99.08312	104.43676
4/15/2025	12:33:16 PM	107.95865	100.29407	104.27298	102.65411	101.58032	99.59266	99.48687	105.36314	105.01682	106.80073	106.59502	110.05861	99.01125	104.34994
4/15/2025	12:33:20 PM	107.85675	100.21923	104.17943	102.56462	101.49633	99.51736	99.41423	105.27182	104.93120	106.70995	106.50550	109.95554	98.94061	104.26638
4/15/2025	12:33:23 PM	107.75794	100.14665	104.09133	102.48246	101.42098	99.45086	99.34870	105.18758	104.85081	106.61793	106.41229	109.84702	98.86748	104.18157
4/15/2025	12:33:27 PM	107.66288	100.07747	104.00748	102.40504	101.35053	99.39002	99.29015	105.11064	104.77835	106.53734	106.33013	109.74656	98.80233	104.09494
4/15/2025	12:33:31 PM	107.55948	99.99989	103.90748	102.31287	101.26393	99.31087	99.21289	105.01372	104.68733	106.44463	106.24071	109.64393	98.73183	104.01209
4/15/2025	12:33:34 PM	107.46391	99.92980	103.82202	102.23434	101.19159	99.24625	99.14937	104.93018	104.60420	106.35115	106.14245	109.52560	98.65207	103.91188
4/15/2025	12:33:38 PM	107.34344	99.83898	103.71222	102.13311	101.09561	99.16134	99.06647	104.82650	104.50265	106.24430	106.03633	109.39963	98.56350	103.80861
4/15/2025	12:33:41 PM	107.21272	99.74061	103.60194	102.06952	101.07059	99.12620	98.97055	104.59481	104.16200	105.76923	105.50039	108.84136	98.49802	103.59214
4/15/2025	12:33:45 PM	106.69544	99.55017	103.73401	102.45745	101.74138	99.78148	99.45881	104.74448	104.01172	105.35016	104.92439	108.19098	98.49767	103.48047
4/15/2025	12:33:49 PM	106.23756	99.30673	103.50452	102.35349	101.66680	99.73757	99.44246	104.61445	103.80336	105.00088	104.37526	107.47311	98.25053	103.10463
4/15/2025	12:33:52 PM	105.32811	98.68527	103.05959	102.21227	101.83936	100.00915	99.58978	104.35409	103.20884	104.11584	103.32724	106.46043	97.95132	102.68582
4/15/2025	12:33:56 PM	104.60463	98.21284	102.70427	101.95943	101.57589	99.72166	99.26664	103.91472	102.79958	103.75446	102.99104	106.15713	97.65331	102.37343
4/15/2025	12:33:59 PM	104.33534	97.96487	102.38014	101.63011	101.18058	99.32419	98.88252	103.49288	102.42533	103.41015	102.66182	105.83541	97.33969	102.03068
4/15/2025	12:34:03 PM	104.01688	97.68930	102.04141	101.30236	100.81000	98.96283	98.51835	103.08952	102.05391	103.05437	102.31250	105.48370	97.01882	101.68222
4/15/2025	12:34:06 PM	103.67541	97.40315	101.70723	100.98875	100.47417	98.63679	98.18795	102.71968	101.70230	102.70373	101.96581	105.12549	96.70755	101.34429
4/15/2025	12:34:10 PM	103.33675	97.12264	101.38963	100.69070	100.16429	98.33946	97.88412	102.37551	101.37065	102.36706	101.63112	104.77630	96.41065	101.02038
4/15/2025	12:34:14 PM	103.00146	96.84943	101.08257	100.40659	99.87154	98.05820	97.59553	102.04735	101.05223	102.04004	101.30321	104.43140	96.12446	100.70676
4/15/2025	12:34:17 PM	102.67018	96.57995	100.78179	100.12608	99.58838	97.78803	97.31836	101.73078	100.74372	101.72250	100.98327	104.09108	95.84470	100.39942
4/15/2025	12:34:21 PM	102.35208	96.32311	100.49782	99.85779	99.31988	97.53309	97.05525	101.42996	100.45328	101.42193	100.68075	103.76604	95.58109	100.11094
4/15/2025	12:34:24 PM	102.04381	96.07381	100.22242	99.59660	99.05785	97.28752	96.80255	101.13931	100.17251	101.12868	100.38568	103.44792	95.32701	99.83015
4/15/2025	12:34:28 PM	101.74660	95.83552	99.95688	99.34486	98.80699	97.05059	96.55854	100.85707	99.90111	100.84480	100.09813	103.13909	95.08386	99.55935
4/15/2025	12:34:32 PM	101.45862	95.60402	99.69686	99.09684	98.55988	96.81685	96.31911	100.58151	99.63417	100.56665	99.81614	102.83738	94.84597	99.29490
4/15/2025	12:34:35 PM	101.17788	95.37798	99.44391	98.85697	98.32044	96.59108	96.08952	100.31509	99.37744	100.29958	99.54685	102.54817	94.61890	99.04133
4/15/2025	12:34:39 PM	100.90507	95.15996	99.19857	98.62065	98.08734	96.37402	95.86618	100.05752	99.12820	100.04225	99.28644	102.26821	94.40280	98.79663
4/15/2025	12:34:42 PM	100.64819	94.95459	98.96576	98.39682	97.86620	96.16397	95.65489	99.80850	98.88545	99.78927	99.03269	101.99317	94.19150	98.55593
4/15/2025	12:34:46 PM	100.38778	94.74679	98.73104	98.17045	97.64347	95.95421	95.44153	99.56115	98.64576	99.53998	98.78357	101.72305	93.98445	98.31933
4/15/2025	12:34:50 PM	100.13517	94.54719	98.50278	97.95118	97.42871	95.75171	95.23744	99.32216	98.41234	99.29853	98.54277	101.46219	93.78710	98.09224
4/15/2025	12:34:53 PM	99.88795	94.35138	98.27777	97.73399	97.21681	95.55328	95.03603	99.08578	98.18193	99.05819	98.30367	101.20260	93.59120	97.86512
4/15/2025	12:34:57 PM	99.64662	94.16161	98.05834	97.52257	97.00975	95.35829	94.83772	98.85461	97.95552	98.82220	98.07011	100.94954	93.40176	97.64546
4/15/2025	12:35:00 PM	99.41089	93.97634	97.84615	97.31911	96.80757	95.16874	94.64736	98.63390	97.73985	98.59800	97.84913	100.70876	93.22288	97.43728
4/15/2025	12:35:04 PM	99.18468	93.79932	97.64164	97.12154	96.61421	94.98696	94.46501	98.41908	97.53015	98.38004	97.63332	100.47364	93.04900	97.23425
4/15/2025	12:35:08 PM	98.96642	93.62750	97.44333	96.93034	96.42720	94.81199	94.28732	98.21043	97.32654	98.16616	97.42390	100.24504	92.88239	97.03801
4/15/2025	12:35:11 PM	98.74936	93.45842	97.24741	96.74038	96.24214	94.63852	94.11363	98.00609	97.12568	97.95609	97.21648	100.01778	92.71671	96.84269
4/15/2025	12:35:15 PM	98.53803	93.29345	97.05673	96.55606	96.06183	94.46902	93.94454	97.80578	96.92981	97.75205	97.01530	99.79840	92.55781	96.65414
4/15/2025	12:35:18 PM	98.33248	93.13356	96.86977	96.37641	95.88591	94.30393	93.78031	97.61104	96.73904	97.55262	96.81877	99.58267	92.40371	96.46924
4/15/2025	12:35:22 PM	98.13048	92.97743	96.68647	96.19896	95.71163	94.14236	93.61862	97.41987	96.55214	97.35631	96.62631	99.37181	92.25267	96.28877
4/15/2025	12:35:26 PM	97.93167	92.82369	96.50690	96.02524	95.54352	93.98452	93.46030	97.23135	96.36804	97.16388	96.43786	99.16392	92.10492	96.11123
4/15/2025	12:35:29 PM	97.73775	92.67508	96.32976	95.85333	95.37774	93.83141	93.30902	97.04993	96.19202	96.97953	96.25837	98.96575	91.96322	95.94222
4/15/2025	12:35:33 PM	97.54989	92.53240	96.15889	95.68865	95.21794	93.68113	93.15995	96.87303	96.01765	96.79604	96.07917	98.76743	91.82304	95.77411
4/15/2025	12:35:36 PM	97.36487	92.39167	95.99104	95.52499	95.06001	93.53297	93.01389	96.69587	95.84551	96.61521	95.90188	98.57071	91.68529	95.60664
4/15/2025	12:35:40 PM	97.18343	92.25354	95.82534	95.36363	94.90448	93.39028	92.87312	96.52565	95.67934	96.44119	95.73269	98.38293	91.55405	95.44668
4/15/2025	12:35:44 PM	97.00651	92.11980	95.66291	95.20743	94.75417	93.25094	92.73478	96.35902	95.51664	96.27034	95.56573	98.19750	91.42613	95.29013
4/15/2025	12:35:47 PM	96.83262	91.98891	95.50334	95.05281	94.60576	93.11381	92.59935	96.19491	95.35666	96.10210	95.40136	98.01495	91.30028	95.13634
4/15/2025	12:35:51 PM	96.66314	91.86127	95.34740	94.90028	94.45995	92.97911	92.46729	96.03554	95.20049	95.93809	95.24123	97.83598	91.17525	94.98349
4/15/2025	12:35:54 PM	96.49356	91.73409	95.19302	94.75107	94.31484	92.84632	92.33643	95.87484	95.04486	95.77481	95.08207	97.65960	91.05328	94.83417
4/15/2025	12:35:58 PM	96.32958	91.61188	95.04298	94.60471	94.17418	92.71834	92.20900	95.72033	94.89431	95.61697	94.92720	97.48618	90.93188	94.68845
4/15/2025	12:36:02 PM	96.16801	91.49047	94.89596	94.46145	94.03774	92.59230	92.08519	95.56792	94.74628	95.46092	94.77467	97.31507	90.81335	94.54467
4/15/2025	12:36:05 PM	96.00653	91.37108	94.74883	94.31958	93.90122	92.46627	91.96172	95.41735	94.60013	95.30708	94.62466	97.14722	90.69693	94.40446
4/15/2025	12:36:09 PM	95.85056	91.25479	94.60655	94.18088	93.76797	92.34418	91.84152	95.26993	94.45726	95.15656	94.47936	96.98212	90.58425	94.26681
4/15/2025	12:36:12 PM	95.69740	91.14153	94.46503	94.04442	93.63803	92.22425	91.72419	95.12483	94.31652	95.00897	94.33562	96.82113	90.47348	94.12986
4/15/2025	12:36:16 PM	95.54414	91.02665	94.32576	93.90936	93.50936	92.10376	91.60661	94.97991	94.17625	94.86138	94.19190	96.65807	90.36260	93.99404
4/15/2025	12:36:20 PM	95.39356	90.91572	94.18671	93.77513	93.38171	91.98584	91.49148	94.83919	94.04141	94.72015	94.05336	96.50152	90.25548	93.86122
4/15/2025	12:36:23 PM	95.24553	90.80550	94.05091	93.64513	93.25441	91.86938	91.37753	94.69944	93.90557	94.57712	93.91316	96.34467	90.14762	93.72798
4/15/2025	12:36:27 PM	95.09763	90.69580	93.91512	93.51346	93.12762	91.75372	91.26347	94.55971	93.77186	94.43648	93.77704	96.19068	90.04353	93.59904
4/15/2025	12:36:30 PM	94.95458	90.58987	93.78397	93.38578	93.00488	91.64171	91.15441	94.42524	93.64114	94.29886	93.64402	96.03965	89.93956	93.47059
4/15/2025	12:36:34 PM	94.81154	90.48416	93.65304	93.25903	92.88285	91.53114	91.04509	94.28904	93.51125	94.16335	93.51185	95.88912	89.83668	93.34497
4/15/2025	12:36:38 PM	94.67170	90.38006	93.52397	93.13352	92.76161	91.42172	90.93734	94.15681	93.38476	94.03027	93.38101	95.74240	89.73442	93.21981
4/15/2025	12:36:41 PM	94.53185	90.27606	93.39509	93.00908	92.64044	91.31103	90.82944	94.02361	93.25710	93.89599	93.24905	95.59364	89.63228	93.09323
4/15/2025	12:36:45 PM	94.39412	90.17355	93.26850	92.88760	92.52318	91.20302	90.72363	93.89312	93.13117	93.76329	93.12192	95.44954	89.53341	92.97244
4/15/2025	12:36:48 PM	94.25907	90.07417	93.14344	92.76517	92.40703	91.09642	90.61969	93.76489	93.00823	93.63434	92.99664	95.30720	89.43492	92.85142
4/15/2025	12:36:52 PM	94.12525	89.97576	93.02111	92.64644	92.29309	90.99215	90.51609	93.63806	92.88779	93.50785	92.87144	95.16609	89.33752	92.73226
4/15/2025	12:36:56 PM	93.99415	89.87931	92.89986	92.53053	92.18025	90.88899	90.41651	93.51384	92.76872	93.38214	92.74946	95.02989	89.24395	92.61669
4/15/2025	12:36:59 PM	93.86458	89.78302	92.77937	92.41208	92.06909	90.78624	90.31567	93.39003	92.64966	93.25725	92.62821	94.89127	89.14865	92.49950
4/15/2025	12:37:03 PM	93.73745	89.68844	92.65881	92.29874	91.95925	90.68469	90.21738	93.26762	92.53400	93.13575	92.50934	94.75729	89.05743	92.38592
4/15/2025	12:37:06 PM	93.61089	89.59541	92.54289	92.18527	91.85071	90.58569	90.12026	93.14731	92.41882	93.01408	92.39104	94.62396	88.96530	92.27318
4/15/2025	12:37:10 PM	93.48594	89.50249	92.42728	92.07334	91.74376	90.48619	90.02359	93.02758	92.30482	92.89397	92.27398	94.49141	88.87456	92.16038
4/15/2025	12:37:14 PM	93.36179	89.41126	92.31216	91.96293	91.63841	90.38903	89.92936	92.91041	92.19393	92.77656	92.16015	94.36205	88.78575	92.05092
4/15/2025	12:37:17 PM	93.24168	89.32222	92.19947	91.85556	91.53428	90.29388	89.83629	92.79483	92.08349	92.66065	92.04653	94.23530	88.69920	91.94352
4/15/2025	12:37:21 PM	93.12191	89.23308	92.08681	91.74784	91.43060	90.19989	89.74349	92.67927	91.97428	92.54645	91.93607	94.10841	88.61183	91.83583
4/15/2025	12:37:24 PM	93.00333	89.14538	91.97698	91.64293	91.32832	90.10581	89.65156	92.56650	91.86654	92.43361	91.82549	93.98404	88.52615	91.73039
4/15/2025	12:37:28 PM	92.88697	89.05875	91.86806	91.53780	91.22788	90.01276	89.56097	92.45266	91.75905	92.31955	91.71543	93.85869	88.43993	91.62411
4/15/2025	12:37:32 PM	92.77045	88.97310	91.76171	91.43400	91.12878	89.92286	89.47275	92.34226	91.65492	92.21129	91.60941	93.73888	88.35704	91.52210
4/15/2025	12:37:35 PM	92.65682	88.88866	91.65667	91.33194	91.02995	89.83190	89.38335	92.23133	91.54903	92.09979	91.50070	93.61625	88.27254	91.41740
4/15/2025	12:37:39 PM	92.54233	88.80563	91.55182	91.22987	90.93339	89.74184	89.29595	92.12305	91.44720	91.99305	91.39630	93.49841	88.19147	91.31635
4/15/2025	12:37:42 PM	92.43107	88.72305	91.44952	91.13053	90.83643	89.65258	89.20940	92.01623	91.34510	91.88570	91.29203	93.38001	88.11053	91.21630
4/15/2025	12:37:46 PM	92.32193	88.64186	91.34810	91.03247	90.74122	89.56556	89.12350	91.90963	91.24514	91.78049	91.18915	93.26393	88.03099	91.11709
4/15/2025	12:37:50 PM	92.21404	88.56271	91.24817	90.93560	90.64779	89.48019	89.03991	91.80554	91.14595	91.67653	91.08738	93.14953	87.95221	91.01898
4/15/2025	12:37:53 PM	92.10653	88.48351	91.14774	90.83988	90.55487	89.39478	88.95675	91.70206	91.04827	91.57424	90.98817	93.03705	87.87484	90.92301
4/15/2025	12:37:57 PM	92.00281	88.40783	91.05109	90.74619	90.46590	89.31305	88.87723	91.60206	90.95403	91.47457	90.89022	92.92690	87.80014	90.82995
4/15/2025	12:38:00 PM	91.89978	88.33205	90.95526	90.65406	90.37738	89.23204	88.79709	91.50260	90.85982	91.37661	90.79464	92.81853	87.72568	90.73697
4/15/2025	12:38:04 PM	91.79796	88.25690	90.85995	90.56318	90.28974	89.15101	88.71865	91.40414	90.76687	91.27816	90.69928	92.71069	87.65136	90.64469
4/15/2025	12:38:08 PM	91.69766	88.18273	90.76654	90.47411	90.20443	89.07218	88.64157	91.30613	90.67425	91.18171	90.60551	92.60475	87.57883	90.55484
4/15/2025	12:38:11 PM	91.59816	88.10887	90.67416	90.38292	90.11693	88.99201	88.56336	91.20909	90.58299	91.08520	90.51118	92.49762	87.50501	90.46352
4/15/2025	12:38:15 PM	91.49949	88.03610	90.58148	90.29562	90.03040	88.91364	88.48718	91.11359	90.49258	90.99053	90.41836	92.39388	87.43356	90.37438
4/15/2025	12:38:18 PM	91.40197	87.96374	90.48825	90.20667	89.94611	88.83694	88.41206	91.01937	90.40342	90.89715	90.32675	92.29034	87.36257	90.28642
4/15/2025	12:38:22 PM	91.30529	87.89216	90.39861	90.12091	89.86344	88.76131	88.33805	90.92572	90.31501	90.80465	90.23611	92.18829	87.29299	90.19905
4/15/2025	12:38:26 PM	91.21064	87.82171	90.31122	90.03494	89.78139	88.68549	88.26437	90.83280	90.22773	90.71357	90.14689	92.08734	87.22340	90.11278
4/15/2025	12:38:29 PM	91.11662	87.75192	90.22427	89.95164	89.69993	88.61119	88.19224	90.74212	90.14251	90.62379	90.05836	91.98820	87.15527	90.02818
4/15/2025	12:38:33 PM	91.02384	87.68315	90.13795	89.86863	89.61943	88.53754	88.11991	90.65130	90.05750	90.53445	89.97197	91.88979	87.08744	89.94472
4/15/2025	12:38:36 PM	90.93343	87.61631	90.05289	89.78814	89.54056	88.46466	88.04880	90.56300	89.97459	90.44766	89.88609	91.79379	87.02114	89.86311
4/15/2025	12:38:40 PM	90.84350	87.54966	89.96980	89.70645	89.46295	88.39279	87.97947	90.47630	89.89276	90.36240	89.80239	91.69917	86.95632	89.78222
4/15/2025	12:38:44 PM	90.75543	87.48433	89.88770	89.62792	89.38732	88.32274	87.91155	90.39019	89.81120	90.27701	89.71813	91.60412	86.89147	89.70116
4/15/2025	12:38:47 PM	90.66822	87.41994	89.80543	89.54951	89.31073	88.25271	87.84297	90.30383	89.73040	90.19188	89.63472	91.51073	86.82560	89.62048
4/15/2025	12:38:51 PM	90.57880	87.35375	89.72095	89.46996	89.23411	88.18159	87.77394	90.21677	89.64955	90.10679	89.55119	91.41655	86.76039	89.54104
4/15/2025	12:38:54 PM	90.49290	87.28881	89.63966	89.39150	89.15923	88.11355	87.70847	90.13367	89.57159	90.02554	89.47180	91.32758	86.69925	89.46480
4/15/2025	12:38:58 PM	90.40838	87.22556	89.56120	89.31505	89.08711	88.04644	87.64225	90.05019	89.49398	89.94501	89.39239	91.23741	86.63748	89.38863
4/15/2025	12:39:02 PM	90.32513	87.16383	89.48188	89.23568	89.01999	87.99518	87.60056	89.99582	89.43596	89.85890	89.27541	91.07876	86.57680	89.32176
4/15/2025	12:39:05 PM	90.13745	87.02238	89.35158	89.15761	89.02397	88.04980	87.67107	90.04864	89.43610	89.78646	89.12962	90.86905	86.35917	88.87409
4/15/2025	12:39:09 PM	89.82749	86.77312	89.06510	88.88348	88.77675	87.83859	87.48515	89.72991	89.05913	89.26640	88.44809	90.36512	86.04046	88.66753
4/15/2025	12:39:12 PM	89.55571	86.51682	88.83444	88.70929	88.61220	87.68523	87.33636	89.59041	88.94941	89.25795	88.34439	90.27638	85.95116	88.64344
4/15/2025	12:39:16 PM	89.41834	86.41693	88.73790	88.62529	88.53463	87.61280	87.25168	89.51393	88.87368	89.21094	88.31535	90.21935	85.89328	88.60280
4/15/2025	12:39:20 PM	89.33032	86.33339	88.64141	88.54323	88.45085	87.52887	87.16743	89.43121	88.79278	89.13728	88.29007	90.13219	85.82618	88.52995
4/15/2025	12:39:23 PM	89.23206	86.25275	88.54742	88.45931	88.37176	87.44396	87.08170	89.33741	88.69890	89.04670	88.25475	90.04228	85.75049	88.44438
4/15/2025	12:39:27 PM	89.12936	86.17589	88.44974	88.36712	88.28688	87.36309	87.00074	89.24735	88.60826	88.95882	88.20689	89.95148	85.67872	88.34647
4/15/2025	12:39:30 PM	88.99365	86.06564	88.34734	88.32490	88.33052	87.43570	87.04035	89.12007	88.43485	88.75624	87.92961	89.58230	85.36898	88.11680
4/15/2025	12:39:34 PM	88.60051	85.86902	88.04488	88.13253	88.03567	87.22497	86.75829	88.78924	87.96882	88.22816	87.50329	89.04495	84.07452	87.61063
4/15/2025	12:39:38 PM	88.15003	85.59500	87.79993	87.88933	87.89386	87.12198	86.72864	88.70526	87.86667	88.04927	87.16283	88.26083	84.21962	87.15524
4/15/2025	12:39:41 PM	87.52402	84.50530	87.41795	87.58589	87.53374	86.77969	86.38232	88.30683	87.40415	87.49990	86.41439	87.48680	83.85558	86.18221
4/15/2025	12:39:45 PM	86.97801	84.43880	87.07908	87.22297	86.97442	86.31950	85.87039	87.92672	86.94049	86.80673	86.08554	86.64122	83.60301	86.11600
4/15/2025	12:39:48 PM	86.87138	84.59840	86.91495	87.09112	86.84150	86.27817	85.87121	87.91262	87.08299	87.09100	86.33051	86.45923	83.70001	86.46135
4/15/2025	12:39:52 PM	86.82376	84.63286	86.91567	87.09403	86.90706	86.34566	85.91543	87.89695	87.08066	87.14432	86.37382	86.39074	83.67725	86.59249
4/15/2025	12:39:56 PM	86.72134	84.64415	86.88272	87.06352	86.92535	86.33657	85.89902	87.84732	87.03939	87.11329	86.34462	86.32863	83.58026	86.61455
4/15/2025	12:39:59 PM	86.60938	84.62269	86.80724	86.97252	86.93366	86.28886	85.85028	87.76826	86.96181	87.02628	86.27497	86.24712	83.45437	86.57641
4/15/2025	12:40:03 PM	86.47781	84.57852	86.71592	86.90658	86.89922	86.22104	85.78412	87.67910	86.86852	86.91859	86.18582	86.13503	83.32494	86.50307
4/15/2025	12:40:06 PM	86.33829	84.51761	86.61215	86.82714	86.84281	86.14655	85.71433	87.58846	86.77402	86.80422	86.08897	86.01935	83.20858	86.42112
4/15/2025	12:40:10 PM	86.20983	84.45849	86.49859	86.73161	86.78241	86.07206	85.64360	87.50065	86.68320	86.69090	85.99144	85.89718	83.11022	86.33650
4/15/2025	12:40:13 PM	86.10000	84.40082	86.38953	86.63944	86.73210	86.00779	85.58445	87.42523	86.60123	86.59050	85.90467	85.78196	83.03748	86.26033
4/15/2025	12:40:17 PM	86.00039	84.35119	86.28512	86.55709	86.68895	85.95225	85.53279	87.35701	86.52666	86.49706	85.82523	85.66699	82.98198	86.18655
4/15/2025	12:40:21 PM	85.90671	84.29373	86.18338	86.47354	86.63882	85.89617	85.47907	87.28939	86.45039	86.40049	85.74372	85.54659	82.93607	86.10793
4/15/2025	12:40:24 PM	85.80856	84.23417	86.08051	86.38613	86.57945	85.83331	85.42012	87.21108	86.36739	86.30352	85.65612	85.42311	82.89288	86.02438
4/15/2025	12:40:28 PM	85.71539	84.17073	85.97565	86.29686	86.51590	85.76850	85.36075	87.13497	86.28630	86.20781	85.57162	85.30358	82.85478	85.94233
4/15/2025	12:40:31 PM	85.62313	84.10703	85.87206	86.20690	86.44684	85.70130	85.29900	87.05403	86.20293	86.11338	85.48264	85.18679	82.81813	85.85908
4/15/2025	12:40:35 PM	85.53385	84.04141	85.77029	86.11532	86.37472	85.63249	85.23491	86.97215	86.11828	86.01750	85.39768	85.07395	82.78302	85.77450
4/15/2025	12:40:39 PM	85.44780	83.97242	85.67026	86.02604	86.30195	85.56411	85.17145	86.89245	86.03588	85.92627	85.31496	84.96957	82.75197	85.69313
4/15/2025	12:40:42 PM	85.36544	83.91005	85.57552	85.93975	86.22880	85.49638	85.10871	86.81340	85.95694	85.83805	85.23299	84.87424	82.72380	85.61568
4/15/2025	12:40:46 PM	85.28641	83.84729	85.48457	85.85701	86.15781	85.43010	85.04770	86.73556	85.87996	85.75316	85.15018	84.77963	82.69487	85.53709
4/15/2025	12:40:49 PM	85.20785	83.78484	85.39355	85.77327	86.08424	85.36274	84.98582	86.65674	85.80156	85.67054	85.07005	84.69378	82.66781	85.46191
4/15/2025	12:40:53 PM	85.13503	83.72499	85.30837	85.69440	86.00202	85.29629	84.92531	86.57996	85.72738	85.59067	84.99375	84.61468	82.64184	85.38871
4/15/2025	12:40:57 PM	85.06577	83.66239	85.22304	85.61586	85.92548	85.22991	84.86336	86.50190	85.65216	85.51075	84.91697	84.53833	82.61540	85.31471
4/15/2025	12:41:00 PM	84.99653	83.60274	85.14334	85.54017	85.85329	85.16287	84.80115	86.42268	85.57626	85.43102	84.83764	84.46397	82.58612	85.24010
4/15/2025	12:41:04 PM	84.92520	83.54225	85.06236	85.46059	85.77738	85.09486	84.73814	86.34253	85.50076	85.35255	84.75889	84.39353	82.55700	85.16736
4/15/2025	12:41:07 PM	84.85831	83.48234	84.98584	85.38595	85.70554	85.02948	84.67610	86.26495	85.42659	85.27733	84.68321	84.32786	82.52689	85.09555
4/15/2025	12:41:11 PM	84.78827	83.42155	84.90876	85.31101	85.63224	84.96248	84.61295	86.18518	85.35255	85.20028	84.60744	84.26333	82.49710	85.02447
4/15/2025	12:41:15 PM	84.72154	83.36255	84.83483	85.23756	85.55985	84.89691	84.55161	86.10707	85.27905	85.12586	84.53446	84.20614	82.46679	84.95452
4/15/2025	12:41:18 PM	84.65674	83.30464	84.76433	85.16657	85.49000	84.83256	84.49133	86.03117	85.20975	85.05405	84.46135	84.15371	82.43776	84.88734
4/15/2025	12:41:22 PM	84.59662	83.24944	84.69679	85.09846	85.42281	84.77013	84.43151	85.95526	85.13920	84.98364	84.39017	84.10227	82.40776	84.82058
4/15/2025	12:41:25 PM	84.53613	83.19317	84.63003	85.03123	85.35599	84.70944	84.37346	85.88144	85.07142	84.91553	84.32140	84.05732	82.37825	84.75573
4/15/2025	12:41:29 PM	84.47969	83.14105	84.56623	84.96533	85.28888	84.64850	84.31602	85.80834	85.00474	84.84899	84.25426	84.01527	82.34924	84.69268
4/15/2025	12:41:33 PM	84.42407	83.09074	84.50417	84.90199	85.22558	84.59087	84.26060	85.73693	84.94094	84.78506	84.19082	83.97437	82.32123	84.63192
4/15/2025	12:41:36 PM	84.37053	83.04181	84.44598	84.84197	85.16587	84.53411	84.20654	85.66700	84.87813	84.72201	84.12689	83.93807	82.29231	84.57127
4/15/2025	12:41:40 PM	84.31763	82.99349	84.38782	84.78218	85.10597	84.47945	84.15368	85.59955	84.81721	84.66200	84.06626	83.90672	82.26516	84.51341
4/15/2025	12:41:43 PM	84.26670	82.94629	84.33056	84.72355	85.04588	84.42385	84.10053	85.53107	84.75675	84.60114	84.00599	83.88091	82.23659	84.45547
4/15/2025	12:41:47 PM	84.21877	82.89939	84.27621	84.66592	84.98631	84.37047	84.04910	85.46496	84.69810	84.54397	83.94815	83.86371	82.20938	84.40012
4/15/2025	12:41:51 PM	84.17217	82.85487	84.22446	84.61099	84.92898	84.31754	83.99851	85.39962	84.64105	84.48833	83.89159	83.85235	82.18264	84.34584
4/15/2025	12:41:54 PM	84.12634	82.81193	84.17319	84.55790	84.87475	84.26691	83.95021	85.33699	84.58542	84.43396	83.83722	83.84901	82.15677	84.29356
4/15/2025	12:41:58 PM	84.08141	82.77238	84.12504	84.50553	84.82126	84.21707	83.90221	85.27500	84.53194	84.38158	83.78415	83.85404	82.13072	84.24290
4/15/2025	12:42:01 PM	84.03854	82.73161	84.07765	84.45563	84.76984	84.16894	83.85580	85.21425	84.47922	84.33033	83.73216	83.86599	82.10539	84.19292
4/15/2025	12:42:05 PM	83.99606	82.69253	84.03230	84.40691	84.71940	84.12138	83.81001	85.15451	84.42765	84.28122	83.68278	83.88728	82.08036	84.14477
4/15/2025	12:42:09 PM	83.95735	82.65541	83.98895	84.36081	84.67222	84.07636	83.76715	85.09833	84.37928	84.23430	83.63530	83.91097	82.05613	84.09916
4/15/2025	12:42:12 PM	83.91832	82.61963	83.94574	84.31493	84.62379	84.03111	83.72492	85.04265	84.33186	84.18884	83.58971	83.93173	82.03258	84.05521
4/15/2025	12:42:15 PM	83.88285	82.58455	83.90467	84.27014	84.57500	83.98749	83.68299	84.97157	84.24679	84.09538	83.50389	83.90075	82.00807	83.99746
4/15/2025	12:42:19 PM	83.78595	82.51515	83.85403	84.25573	84.60169	84.04734	83.73578	84.99922	84.25433	84.06196	83.42033	83.84194	82.00434	83.97072
4/15/2025	12:42:23 PM	83.69812	82.45349	83.82774	84.25212	84.62988	84.08139	83.73843	84.84229	83.98117	83.28420	76.88555	82.78996	81.47785	82.86578
4/15/2025	12:42:26 PM	80.74826	81.70322	82.34027	83.37967	83.71110	83.35151	82.86466	83.89964	82.68007	78.71868	76.86791	77.32678	80.86012	80.89029
4/15/2025	12:42:30 PM	78.99556	79.89175	82.43683	82.97698	83.28326	83.02649	78.64542	83.81657	82.83674	77.30434	76.87985	77.32264	80.73712	81.10033
4/15/2025	12:42:33 PM	77.83916	79.35267	79.78167	77.64312	78.26804	78.60285	77.84264	83.60917	82.73120	77.70647	76.87104	78.09674	80.56622	80.50393
4/15/2025	12:42:37 PM	77.93643	79.04918	78.96027	77.74356	78.65334	78.31620	77.65108	83.55234	82.71705	77.89769	76.87321	79.29688	80.44449	80.47859
4/15/2025	12:42:41 PM	77.77492	78.81414	78.92383	77.78010	78.71012	78.51610	77.60306	83.45676	82.64109	77.91809	76.88117	79.85125	80.32313	80.65556
4/15/2025	12:42:44 PM	77.86144	78.64972	78.93675	77.74406	78.67476	78.52562	77.53767	83.23341	82.38488	77.19275	76.90325	77.29061	80.15568	80.18166
4/15/2025	12:42:48 PM	77.14657	78.17418	78.06461	77.30516	78.31192	78.32213	77.44621	82.79252	77.29232	77.12512	76.94918	77.18033	78.51595	78.86533
