4/15/2025	3:54:39 PM	77.03369	77.15578	76.94566	77.00408	77.03065	76.96034	77.02722	76.92573	76.93219	76.93771	76.94831	77.05160	76.48835	76.98022
4/15/2025	3:54:42 PM	77.03298	77.15540	76.94575	77.00328	77.02976	76.95940	77.02673	76.92541	76.93219	76.93762	76.94796	77.05129	76.48848	76.98000
4/15/2025	3:54:46 PM	77.03201	77.15376	76.94400	77.00235	77.02738	76.96044	77.02657	76.92688	76.93334	76.93767	76.94941	77.05232	76.48752	76.98071
4/15/2025	3:54:50 PM	77.03068	77.15185	76.94335	77.00089	77.02969	76.96085	77.02739	76.92556	76.93263	76.94001	76.98462	77.15728	76.53711	77.11308
4/15/2025	3:54:53 PM	77.11412	77.23858	76.97074	77.02168	77.21946	77.03215	76.94237	76.84983	76.86381	76.87473	76.88143	76.97769	76.41160	76.91426
4/15/2025	3:54:57 PM	76.95725	77.07235	76.86274	76.92729	76.97422	76.93857	77.02434	76.94519	76.99058	76.97293	76.97965	77.07692	76.49400	77.05153
4/15/2025	3:55:00 PM	77.06554	77.14009	76.89618	76.96667	77.06081	77.07563	77.18151	77.14077	77.15939	77.15398	77.15979	77.24478	76.66210	77.22245
4/15/2025	3:55:04 PM	77.20955	77.25137	76.99015	77.01894	77.08511	77.04301	77.15333	77.05067	77.02508	76.99202	77.00387	77.08742	76.51955	77.03265
4/15/2025	3:55:08 PM	77.07540	77.18598	76.97049	77.03034	77.06149	76.99678	77.07622	76.98411	76.98860	76.98949	76.99199	77.09641	76.60668	77.12632
4/15/2025	3:55:11 PM	77.10321	77.29067	77.17722	77.36098	77.25488	77.06660	77.11415	77.04316	77.07763	77.07592	77.04290	77.12769	76.71205	77.23408
4/15/2025	3:55:15 PM	77.20850	77.56886	77.68071	78.33232	77.42495	77.18857	77.25044	77.15554	77.26424	77.17836	77.16787	77.25675	77.04739	77.41430
4/15/2025	3:55:18 PM	78.14814	79.51637	83.06102	83.31462	81.43190	77.43034	78.13057	77.71979	77.56070	77.39860	77.36733	77.42178	79.64255	79.54628
4/15/2025	3:55:22 PM	82.64088	84.00690	88.58254	86.71142	86.73728	79.14732	82.00829	82.43423	81.46295	80.19678	80.64312	77.74098	83.02212	83.87198
4/15/2025	3:55:26 PM	86.56144	88.26655	92.75309	90.59467	90.50893	84.63175	85.40840	85.18153	84.66578	83.40520	84.27591	81.47819	86.85563	86.89527
4/15/2025	3:55:29 PM	89.48116	92.06126	95.88457	94.37236	93.66225	88.82665	88.40464	87.12765	86.50054	85.33614	87.02086	86.57422	89.52794	89.04043
4/15/2025	3:55:33 PM	92.16143	95.28372	99.19314	97.61932	96.60067	91.84521	90.89736	89.08384	88.17582	87.12421	89.10377	89.70456	92.19085	90.83426
4/15/2025	3:55:36 PM	94.49802	97.76377	101.95904	100.24946	98.98810	94.41663	92.96052	90.39524	89.68731	88.69038	90.84717	92.00984	94.57556	92.45766
4/15/2025	3:55:40 PM	96.57746	100.52000	104.82220	103.27989	101.70459	96.99744	95.41164	92.34992	91.37759	90.61158	93.09675	94.50146	98.01724	94.84513
4/15/2025	3:55:44 PM	99.07408	103.71782	107.70460	106.35603	104.45890	99.30948	97.62579	93.70173	92.36614	91.62180	94.22539	95.59044	100.45962	96.57319
4/15/2025	3:55:47 PM	100.17013	105.20496	108.89308	108.68258	106.69896	102.18115	100.75248	98.97958	96.27169	96.72105	98.38447	98.68777	104.99861	101.34953
4/15/2025	3:55:51 PM	104.76583	109.68466	112.21854	113.22319	111.31704	108.20735	106.17386	105.27721	100.61546	102.14939	102.70176	102.32742	110.17846	105.53198
4/15/2025	3:55:54 PM	109.24076	114.51517	116.03451	117.19293	115.94731	113.25203	110.72044	110.26834	104.39803	106.95214	106.47676	105.81952	114.88326	110.18875
4/15/2025	3:55:58 PM	113.37201	119.11928	119.66649	120.87048	120.19885	117.77469	114.83584	115.18363	107.91319	111.40899	109.40439	109.04239	118.92138	114.34170
4/15/2025	3:56:02 PM	117.53331	123.34489	123.41227	124.27985	124.04091	121.78274	118.60461	119.51045	111.98753	115.60649	112.78597	112.17040	123.08201	118.29754
4/15/2025	3:56:05 PM	121.08150	127.52008	127.04870	127.68326	127.87592	125.87701	122.30574	123.77929	116.22823	119.52757	116.08604	114.78903	127.05135	121.94037
4/15/2025	3:56:09 PM	124.47780	131.34591	130.60427	130.75631	130.72841	128.43716	124.16286	123.99374	116.74135	118.60977	116.85563	116.31330	128.76265	122.32252
4/15/2025	3:56:13 PM	124.96344	132.68176	132.59157	133.32212	133.17801	128.96310	124.05729	122.65808	116.73077	117.54535	117.62484	117.72454	130.35622	123.03442
4/15/2025	3:56:16 PM	126.40411	134.71368	135.40822	136.97014	136.22862	130.82384	125.28232	122.75968	118.03220	117.62869	119.59754	119.98217	132.30712	124.75218
4/15/2025	3:56:20 PM	128.65670	137.63108	138.86178	141.40180	139.76741	133.57816	127.55076	123.78359	120.05397	118.81897	121.84153	122.60668	134.98357	127.18982
4/15/2025	3:56:23 PM	131.41181	141.10418	142.53338	145.71757	143.50219	136.59313	129.84710	125.40459	122.27552	120.44815	124.13812	125.27258	137.76953	129.79935
4/15/2025	3:56:27 PM	134.31448	144.52708	146.29856	149.90290	147.45742	139.92395	132.93209	127.47831	124.46967	121.85372	126.74009	128.00551	141.05710	132.55060
4/15/2025	3:56:30 PM	137.31828	148.06934	150.00391	153.86831	151.49870	143.35627	135.74179	129.58851	126.96792	124.25780	129.45177	130.92626	144.26981	135.28518
4/15/2025	3:56:34 PM	140.28843	151.60818	153.58540	157.71864	155.68252	147.06674	138.92269	131.87446	129.51390	126.47086	132.18950	133.83115	147.64997	138.19630
4/15/2025	3:56:38 PM	143.32702	155.12398	157.13273	161.65027	159.55225	150.34069	141.83305	134.28575	131.72158	129.07568	134.82477	136.67819	150.86395	140.95608
4/15/2025	3:56:41 PM	146.34685	158.61891	160.60019	165.36624	163.36630	153.86556	144.85470	136.58908	134.16693	131.41504	137.40373	139.40028	154.10623	143.74427
4/15/2025	3:56:45 PM	149.34695	162.04452	163.97818	169.03413	167.17003	156.83175	147.47224	138.97414	136.40263	133.84456	140.00351	142.31495	157.60908	146.52395
4/15/2025	3:56:48 PM	152.30499	165.34197	167.31653	172.57791	170.76992	159.95744	150.22536	141.41361	139.05610	136.47160	142.44908	144.78462	161.25519	149.32007
4/15/2025	3:56:52 PM	155.23839	168.81539	170.56629	175.97668	174.33785	162.98345	153.08906	143.65441	141.35488	138.51145	144.94034	147.52228	164.72891	151.98071
4/15/2025	3:56:56 PM	157.93435	171.97480	173.71669	179.14907	177.62027	166.15132	155.85885	146.12135	143.65885	140.58497	147.14503	149.96764	167.83985	154.57174
4/15/2025	3:56:59 PM	160.66688	175.13320	176.78964	182.33026	181.08575	169.19340	158.58481	148.49640	145.77262	142.46451	149.63030	152.49933	170.89541	157.22033
4/15/2025	3:57:03 PM	163.51154	178.22459	179.89385	185.60226	184.20602	172.29301	161.25874	150.81214	148.13850	144.81516	151.79811	155.03382	174.20971	159.79403
4/15/2025	3:57:06 PM	166.31861	181.39733	182.89252	188.76505	187.24197	175.02479	163.82481	152.90762	150.36143	147.19303	154.20404	157.39327	177.33344	162.16627
4/15/2025	3:57:10 PM	168.87365	184.19162	185.83724	191.71437	190.15922	177.82581	166.30478	155.17826	152.55560	149.41726	156.48762	159.74929	180.39904	164.61318
4/15/2025	3:57:14 PM	171.44488	187.10068	188.67486	194.64333	193.08797	180.53280	168.86109	157.26926	154.59407	151.77648	158.76550	162.21241	183.34626	166.88490
4/15/2025	3:57:17 PM	173.86977	189.93198	191.53307	197.55117	195.85401	183.15635	171.17671	159.26921	156.64686	154.08699	160.91291	164.55682	185.82417	169.04552
4/15/2025	3:57:21 PM	176.17852	192.71225	194.18761	200.23750	198.39003	185.61409	173.46895	161.30081	158.61708	156.28279	163.22956	166.69382	188.52176	171.28741
4/15/2025	3:57:24 PM	178.59178	195.61313	196.79256	203.04380	200.87251	188.04233	175.69466	163.41861	160.59760	158.40137	165.18588	168.74057	191.07428	173.45748
4/15/2025	3:57:28 PM	180.76130	198.14802	199.37969	205.58326	203.10568	190.41891	177.85887	165.27109	162.35864	160.42681	167.01924	170.68253	193.61819	175.57826
4/15/2025	3:57:32 PM	182.97559	200.75720	201.84162	208.16176	205.44637	192.71077	180.10024	167.10707	164.36866	162.38761	168.93050	172.89675	195.96956	177.72493
4/15/2025	3:57:35 PM	185.24731	203.01633	204.25167	210.65246	207.71769	194.98594	182.28920	169.16854	166.13089	164.11530	170.84510	174.89481	198.16468	179.74251
4/15/2025	3:57:39 PM	187.40904	205.34843	206.59817	213.07615	209.97142	197.15818	184.38207	170.93120	167.80134	165.93592	172.80033	176.71501	200.42427	181.68720
4/15/2025	3:57:42 PM	189.46747	207.92207	208.87607	215.41406	212.05052	199.30763	186.45748	172.66892	169.52369	167.66920	174.68791	178.72712	202.63586	183.61810
4/15/2025	3:57:46 PM	191.48035	210.22052	211.04298	217.69417	214.04086	201.35451	188.40669	174.34585	171.23993	169.49025	176.61280	180.60199	204.71496	185.53787
4/15/2025	3:57:50 PM	193.63757	212.33797	213.25409	219.92924	216.07641	203.39722	190.34621	176.01069	172.89265	171.21880	178.35141	182.50443	206.50019	187.38167
4/15/2025	3:57:53 PM	195.68421	214.36752	215.22494	221.79560	217.42779	204.94067	192.16070	178.09685	175.03907	173.35137	180.57142	184.87152	208.42674	189.71029
4/15/2025	3:57:57 PM	197.60973	216.06617	217.00768	223.72015	219.12203	206.75989	194.25655	180.69555	177.41156	176.21575	182.96685	187.31603	210.69006	193.14037
4/15/2025	3:58:00 PM	200.22213	218.11331	218.53708	224.57970	220.36264	208.81762	197.41825	184.36547	180.60713	178.90066	185.49184	189.51701	212.74535	195.16619
4/15/2025	3:58:04 PM	201.98187	220.18404	220.69984	226.24474	221.73602	210.04032	198.67976	185.32444	181.64277	179.93562	186.92876	190.97195	214.51710	196.67362
4/15/2025	3:58:07 PM	203.47444	221.48710	222.14553	227.77276	223.17594	211.55702	200.21905	186.42201	182.56539	180.74999	187.92113	192.15011	215.99959	197.89255
4/15/2025	3:58:11 PM	204.88211	223.25575	223.91324	229.47596	225.04425	213.27008	201.58266	187.29426	183.44597	181.57090	188.89568	193.27474	217.54313	199.15065
4/15/2025	3:58:15 PM	206.26208	225.04781	225.78041	231.23769	227.00634	214.91979	202.98365	188.18904	184.29487	182.25999	189.85207	194.45732	219.08534	200.35619
4/15/2025	3:58:18 PM	207.64188	226.86663	227.64612	233.09095	228.94479	216.59328	204.39105	189.23944	185.38571	183.32946	190.88205	195.68267	220.78229	201.61735
4/15/2025	3:58:22 PM	209.00694	228.66898	229.48309	234.94465	230.83862	218.31759	205.86391	190.29287	186.24821	184.16466	191.84811	196.97780	222.55931	202.89508
4/15/2025	3:58:25 PM	210.51619	230.46659	231.30324	236.83810	232.65646	219.96699	207.32942	191.37173	187.37047	185.28918	192.91207	198.27489	224.50483	204.22952
4/15/2025	3:58:29 PM	212.02692	232.27051	233.09482	238.69133	234.45380	221.51500	208.75324	192.42479	188.33212	186.24861	194.04591	199.56030	226.17830	205.55834
4/15/2025	3:58:33 PM	213.41634	234.04701	234.84653	240.56279	236.15957	223.12244	210.16290	193.51844	189.46733	187.40429	195.22539	200.87658	227.99137	206.88752
4/15/2025	3:58:36 PM	214.89121	235.74206	236.47899	242.35488	237.75764	224.73140	211.56091	194.63841	190.60989	188.54573	196.34533	202.16234	229.70794	208.20432
4/15/2025	3:58:40 PM	216.27897	237.36103	238.12185	244.07170	239.26214	226.26488	212.91476	195.70768	191.58376	189.34573	197.53082	203.38045	231.09870	209.44896
4/15/2025	3:58:43 PM	217.71901	238.92305	239.76262	245.73652	240.75395	227.84910	214.29450	196.84690	192.76949	190.54197	198.67434	204.64629	232.63505	210.74770
4/15/2025	3:58:47 PM	219.10069	240.42745	241.34272	247.37875	242.27003	229.21233	215.66694	197.90684	193.88435	191.54570	199.84371	205.92119	234.08746	212.06841
4/15/2025	3:58:50 PM	220.51939	241.98229	242.76625	248.94794	243.76927	230.63962	216.99346	199.06265	195.04716	192.74278	201.04029	207.16381	235.60726	213.32337
4/15/2025	3:58:54 PM	221.80166	243.41078	244.11279	250.39944	245.14015	231.96100	218.22425	200.14734	196.04071	193.60216	202.21711	208.35303	236.86798	214.52738
4/15/2025	3:58:58 PM	223.11418	244.90640	245.50525	251.82159	246.52212	233.25619	219.57339	201.26838	197.16507	194.87719	203.32076	209.54687	238.12664	215.69826
4/15/2025	3:59:01 PM	224.41591	246.19808	246.81909	253.16147	247.83924	234.55703	220.84129	202.29148	198.20821	195.88707	204.43536	210.70315	239.46249	216.92818
4/15/2025	3:59:05 PM	225.64697	247.47994	248.08109	254.46938	249.11720	235.73648	221.99550	203.37128	199.25942	196.86720	205.59037	211.87715	240.52754	218.11147
4/15/2025	3:59:08 PM	226.84781	248.78942	249.34470	255.69055	250.42577	236.96643	223.14858	204.44276	200.33086	197.91375	206.70185	213.07554	241.68068	219.31218
4/15/2025	3:59:12 PM	228.06662	249.90463	250.52074	256.84983	251.65611	238.21496	224.32693	205.53668	201.45581	199.06088	207.86653	214.19290	242.76600	220.40123
4/15/2025	3:59:16 PM	229.23042	251.02324	251.69279	257.91154	252.75686	239.41497	225.46920	206.57234	202.51090	200.11416	208.88039	215.30738	243.81658	221.50174
4/15/2025	3:59:19 PM	230.39851	252.11463	252.80474	258.92563	253.86695	240.58824	226.62758	207.54558	203.46112	201.17024	209.92580	216.39880	244.83553	222.62937
4/15/2025	3:59:23 PM	231.55420	253.18061	253.90783	259.90858	254.89766	241.74147	227.69677	208.62752	204.49392	202.16135	210.95491	217.50812	245.95142	223.68891
4/15/2025	3:59:26 PM	232.69787	254.20323	254.96737	260.82050	255.88944	242.81786	228.72095	209.64375	205.53150	203.19863	211.95725	218.54504	246.89385	224.70837
4/15/2025	3:59:30 PM	233.81301	255.19853	255.92740	261.74023	256.75705	243.95668	229.82705	210.62536	206.49983	204.13421	212.93943	219.56982	247.88719	225.72579
4/15/2025	3:59:34 PM	234.88771	256.12749	256.87460	262.58971	257.61405	244.98107	230.87738	211.64126	207.38813	205.12365	213.97460	220.66007	248.69452	226.74573
4/15/2025	3:59:37 PM	235.99445	257.02336	257.75193	263.40769	258.52797	246.00593	231.89931	212.55133	208.40176	206.04233	214.89733	221.60848	249.54157	227.68203
4/15/2025	3:59:41 PM	236.99116	257.86257	258.57460	264.16262	259.35249	246.97381	232.85599	213.52366	209.35578	207.04365	215.83635	222.64569	250.40788	228.67296
4/15/2025	3:59:44 PM	238.00208	258.64004	259.38665	264.89870	260.11837	247.84149	233.79069	214.43962	210.19127	207.82550	216.74787	223.61511	251.27005	229.63227
4/15/2025	3:59:48 PM	238.98917	259.41939	260.16250	265.63016	260.85297	248.81010	234.79650	215.37159	211.17229	208.77874	217.65387	224.56281	252.17703	230.62896
4/15/2025	3:59:52 PM	239.97965	260.07628	260.91682	266.34753	261.60727	249.64228	235.78702	216.32912	212.08060	209.71284	218.56421	225.51529	252.90883	231.58811
4/15/2025	3:59:55 PM	240.95618	260.79341	261.62467	267.03848	262.30945	250.52801	236.67451	217.17196	212.91606	210.64615	219.42756	226.38959	253.65333	232.49816
4/15/2025	3:59:59 PM	241.87694	261.48153	262.29843	267.70731	263.01511	251.38238	237.60647	218.03241	213.80605	211.52735	220.31759	227.32116	254.48063	233.38534
4/15/2025	4:00:02 PM	242.70151	262.17121	262.97202	268.32106	263.68354	252.10384	238.46303	218.90752	214.59925	212.30581	221.25472	228.17131	255.11310	234.25445
4/15/2025	4:00:06 PM	243.55938	262.90499	263.65988	268.95508	264.31656	252.91534	239.33824	219.77797	215.48110	213.24150	222.10084	229.01682	255.80685	235.10567
4/15/2025	4:00:09 PM	244.34183	263.58087	264.27605	269.54999	264.95721	253.68468	240.21050	220.65016	216.30869	214.12968	222.96730	229.89007	256.36741	235.96554
4/15/2025	4:00:13 PM	245.14365	264.28055	264.92300	270.14651	265.52129	254.40017	241.07938	221.47887	217.08725	215.01765	223.86117	230.72182	257.02679	236.78262
4/15/2025	4:00:17 PM	245.91438	264.95998	265.51680	270.70014	266.11520	255.10609	241.92774	222.32985	217.98713	215.88883	224.67915	231.55640	257.70048	237.59790
4/15/2025	4:00:20 PM	246.66394	265.75203	266.10590	271.23653	266.73383	255.79229	242.70370	223.10928	218.79497	216.64572	225.46527	232.40276	258.29927	238.42500
4/15/2025	4:00:24 PM	247.41209	266.53065	266.63066	271.72969	267.44847	256.46376	243.52852	223.93286	219.63144	217.48669	226.28132	233.20629	258.97470	239.23472
4/15/2025	4:00:27 PM	248.13404	267.30705	267.20023	272.21824	268.09258	257.13057	244.35818	224.77031	220.45348	218.32791	227.04736	234.02577	259.62885	240.05171
4/15/2025	4:00:31 PM	248.90601	268.02257	267.65498	272.67790	268.85689	257.76030	245.14043	225.52071	221.09614	219.19184	227.87520	234.79674	260.21436	240.81237
4/15/2025	4:00:35 PM	249.60538	268.79854	268.17173	273.20496	269.69542	258.38321	245.87199	226.27472	221.87956	219.98599	228.62098	235.52153	260.82741	241.53207
4/15/2025	4:00:38 PM	250.27203	269.56002	268.67419	273.82947	270.50777	259.02618	246.63015	227.02408	222.65951	220.78270	229.31561	236.28144	261.41179	242.29151
4/15/2025	4:00:42 PM	251.01013	270.19458	269.11244	274.51305	271.36525	259.58568	247.39658	227.80852	223.47916	221.56087	230.08162	236.99506	262.07046	243.01554
4/15/2025	4:00:45 PM	251.63634	270.85301	269.55709	275.26114	272.19807	260.17474	248.07847	228.57711	224.18648	222.28581	230.86442	237.75655	262.69090	243.73008
4/15/2025	4:00:49 PM	252.30135	271.49933	270.00795	276.16373	272.95000	260.70773	248.76222	229.28522	224.92177	223.03224	231.59252	238.48469	263.34501	244.41341
4/15/2025	4:00:53 PM	252.97604	272.08656	270.46511	277.15099	273.66412	261.24656	249.43349	229.95009	225.62290	223.79935	232.28349	239.17203	264.05826	245.09143
4/15/2025	4:00:56 PM	253.58154	272.69778	270.93997	278.09139	274.35574	261.77434	250.05139	230.62921	226.35983	224.51300	232.98538	239.87165	264.68321	245.76827
4/15/2025	4:01:00 PM	254.19216	273.30032	271.45731	278.95790	275.00673	262.30642	250.67796	231.30918	227.00739	225.25628	233.69024	240.55485	265.27177	246.42460
4/15/2025	4:01:03 PM	254.78362	273.88359	272.03765	279.75069	275.62718	262.87524	251.30271	231.99149	227.70375	225.96874	234.42291	241.22328	265.86133	247.04847
4/15/2025	4:01:07 PM	255.37344	274.46318	272.63860	280.46189	276.23518	263.46819	251.92546	232.67230	228.43219	226.66220	235.09767	241.86584	266.44743	247.66071
4/15/2025	4:01:11 PM	255.93741	275.02896	273.30817	281.12933	276.77935	264.08901	252.52836	233.33771	229.09768	227.31310	235.76128	242.51368	267.06292	248.27076
4/15/2025	4:01:14 PM	256.50826	275.57566	274.00603	281.76357	277.34738	264.68456	253.10723	234.00260	229.71711	228.02308	236.43751	243.14932	267.60590	248.86346
4/15/2025	4:01:18 PM	257.04627	276.06192	274.73941	282.36226	277.88321	265.28466	253.63886	234.58286	230.28206	228.67068	237.06316	243.73904	268.14825	249.43919
4/15/2025	4:01:21 PM	257.60504	276.57380	275.50791	282.92448	278.38008	265.91990	254.22831	235.22836	230.96719	229.36749	237.70694	244.36764	268.69105	250.03977
4/15/2025	4:01:25 PM	258.14792	277.04791	276.27388	283.46789	278.90709	266.57732	254.76277	235.90619	231.59466	230.04076	238.36157	245.00556	269.24584	250.61822
4/15/2025	4:01:29 PM	258.69774	277.51239	277.03813	284.00562	279.45020	267.19111	255.30251	236.58914	232.28993	230.63897	239.01357	245.61982	269.82662	251.19917
4/15/2025	4:01:32 PM	259.24586	277.98711	277.76826	284.51684	279.91177	267.81752	255.82367	237.21183	232.93901	231.28271	239.63643	246.21682	270.39361	251.76474
4/15/2025	4:01:36 PM	259.77445	278.48683	278.41263	285.01158	280.40671	268.43344	256.32469	237.87992	233.54980	231.91097	240.25601	246.77929	270.90576	252.29402
4/15/2025	4:01:39 PM	260.27618	278.96378	279.03202	285.47223	280.85914	269.01822	256.84623	238.49453	234.16420	232.56695	240.89614	247.35499	271.42350	252.83885
4/15/2025	4:01:43 PM	260.82211	279.45863	279.61391	285.93371	281.33477	269.58064	257.37468	239.10130	234.83414	233.23769	241.48408	247.90549	271.96727	253.35707
4/15/2025	4:01:46 PM	261.36565	279.89179	280.14706	286.36977	281.80772	270.13722	257.86871	239.66533	235.38418	233.91236	242.11551	248.47131	272.44644	253.88360
4/15/2025	4:01:50 PM	261.91697	280.37595	280.69402	286.81168	282.23969	270.66087	258.37876	240.25302	235.95708	234.56535	242.69944	249.02326	272.96193	254.39969
4/15/2025	4:01:54 PM	262.47145	280.79890	281.21211	287.24492	282.68433	271.19050	258.90884	240.83920	236.61592	235.19437	243.26802	249.54783	273.45258	254.90219
4/15/2025	4:01:57 PM	263.02480	281.23030	281.69121	287.66074	283.10135	271.68769	259.44826	241.46137	237.20344	235.74198	243.86408	250.09035	273.91456	255.40491
4/15/2025	4:02:01 PM	263.56529	281.68079	282.14606	288.06030	283.53933	272.18184	259.94436	242.02733	237.74326	236.28110	244.42854	250.62522	274.44065	255.92341
4/15/2025	4:02:04 PM	264.12726	282.14165	282.61293	288.46295	283.94878	272.68851	260.46092	242.58733	238.36467	236.90161	244.96877	251.12341	274.86877	256.39607
4/15/2025	4:02:08 PM	264.66922	282.58618	283.03731	288.84601	284.36536	273.16669	260.95619	243.18305	238.90981	237.41104	245.54917	251.64691	275.33857	256.89143
4/15/2025	4:02:12 PM	265.21269	283.05096	283.46750	289.22958	284.74840	273.63122	261.47748	243.71861	239.46854	237.94576	246.07434	252.15908	275.80334	257.37308
4/15/2025	4:02:15 PM	265.80041	283.45832	283.90666	289.61055	285.13294	274.08553	262.00098	244.24239	240.05469	238.54749	246.59057	252.64099	276.29140	257.85375
4/15/2025	4:02:19 PM	266.35949	283.87071	284.29959	289.96486	285.51491	274.54086	262.51821	244.79378	240.55765	239.06863	247.13060	253.14250	276.75543	258.34335
4/15/2025	4:02:22 PM	266.90861	284.27659	284.70747	290.31410	285.88757	274.95615	263.03655	245.29974	241.07010	239.59786	247.63416	253.61889	277.19987	258.83008
4/15/2025	4:02:26 PM	267.45031	284.69181	285.10034	290.67277	286.24886	275.39164	263.56799	245.81266	241.62815	240.17426	248.12400	254.08287	277.67429	259.29333
4/15/2025	4:02:30 PM	267.97373	285.09239	285.50159	291.01861	286.59794	275.81737	264.07459	246.27941	242.13964	240.68722	248.62014	254.53421	278.06912	259.74829
4/15/2025	4:02:33 PM	268.46659	285.49498	285.87019	291.34082	286.98727	276.24179	264.57349	246.72910	242.63389	241.21044	249.12718	255.00246	278.50772	260.22672
4/15/2025	4:02:37 PM	268.92902	285.91702	286.22995	291.66765	287.34812	276.65305	265.07284	247.20424	243.11333	241.75700	249.61179	255.46385	278.94876	260.69727
4/15/2025	4:02:40 PM	269.40609	286.28981	286.58600	291.98722	287.71929	277.05665	265.55124	247.65189	243.62422	242.31452	250.08821	255.92356	279.37245	261.15662
4/15/2025	4:02:44 PM	269.86952	286.66509	286.92951	292.30246	288.05643	277.47192	266.02214	248.09878	244.10723	242.81819	250.55963	256.36732	279.75227	261.59500
4/15/2025	4:02:48 PM	270.32713	287.02955	287.27345	292.61076	288.40721	277.87293	266.49203	248.54667	244.57669	243.29571	251.03421	256.82866	280.16767	262.04904
4/15/2025	4:02:51 PM	270.75495	287.38763	287.60982	292.90517	288.74697	278.25162	266.93062	248.99429	245.01061	243.78081	251.48061	257.27908	280.56374	262.48918
4/15/2025	4:02:55 PM	271.17846	287.73959	287.92960	293.20055	289.06113	278.61300	267.36462	249.42693	245.49406	244.27338	251.91292	257.73634	280.97768	262.94588
4/15/2025	4:02:58 PM	271.60390	288.06907	288.24772	293.49029	289.39168	278.97638	267.79737	249.86951	245.95491	244.75732	252.33865	258.17304	281.37853	263.38467
4/15/2025	4:03:02 PM	272.01213	288.34754	288.52854	293.74737	289.66602	279.32381	268.23202	250.31498	246.38922	245.18806	252.72790	258.57170	281.67028	263.77015
4/15/2025	4:03:05 PM	272.36945	288.55758	288.77161	293.95369	289.86971	279.63513	268.59998	250.68393	246.77507	245.56535	253.07098	258.92642	281.81837	264.09194
4/15/2025	4:03:09 PM	272.70853	288.60429	288.76440	293.84518	289.65290	279.74682	269.03484	251.31220	247.51729	246.37987	253.97484	259.70026	281.97042	264.76939
4/15/2025	4:03:12 PM	272.97098	288.32428	288.71291	293.86559	289.75587	280.03543	269.40407	251.88097	248.01744	246.86177	254.35492	260.07409	282.17484	265.19380
4/15/2025	4:03:16 PM	273.23126	288.19060	288.57803	293.57003	289.56113	279.93914	269.41216	252.53019	248.57948	246.62702	254.08526	259.66874	281.17247	264.30329
4/15/2025	4:03:20 PM	272.29790	287.22492	287.32740	291.97239	288.12716	279.31988	269.55346	254.44025	251.13933	248.87083	256.28577	261.26491	279.59783	264.58057
4/15/2025	4:03:23 PM	272.55678	286.56874	286.84661	290.70219	287.05090	278.90703	269.55861	254.33836	252.03404	250.30886	257.31814	261.77472	278.56904	264.40332
4/15/2025	4:03:27 PM	272.89767	285.80397	285.71447	289.17979	285.74672	277.96584	269.50610	257.23663	255.17229	252.83075	257.87880	261.89742	276.77637	263.55958
4/15/2025	4:03:30 PM	271.94698	284.66148	284.55596	287.92483	284.85229	277.29657	268.80168	256.26822	254.21717	252.77718	258.18478	262.48025	275.62357	262.96770
4/15/2025	4:03:34 PM	272.39787	284.21226	284.07297	286.94880	284.09908	276.03238	267.65598	256.90635	256.29784	255.74181	260.09648	263.48727	274.28295	262.26705
4/15/2025	4:03:38 PM	272.21611	283.41259	282.89308	285.56429	283.37823	275.36632	266.98293	257.23547	256.57165	255.52716	259.59180	262.82754	272.55017	260.70259
4/15/2025	4:03:41 PM	271.79095	282.66996	282.26845	284.71902	282.86468	275.21505	266.90412	257.39079	256.91048	255.97204	259.73236	262.88114	271.67665	260.69102
4/15/2025	4:03:45 PM	271.24929	281.81860	280.88234	283.39512	281.65681	274.25337	266.64212	258.71065	258.85592	258.12706	261.23321	263.70509	270.98403	261.19204
4/15/2025	4:03:48 PM	271.04648	280.79546	279.51239	281.89270	280.39011	273.56220	266.63226	260.12237	260.69563	259.97519	262.67235	264.45111	270.46053	261.71939
4/15/2025	4:03:52 PM	270.85430	279.83407	278.28912	280.53026	279.23528	272.98483	266.67160	261.29169	262.31078	261.66925	263.90737	265.11887	270.08723	262.26271
4/15/2025	4:03:56 PM	270.66559	278.95863	277.17847	279.27765	278.17176	272.47933	266.74326	262.27786	263.72068	263.19852	265.01571	265.72748	269.81847	262.80458
4/15/2025	4:03:59 PM	270.49408	278.19018	276.18315	278.14017	277.20244	272.03695	266.83836	263.10279	264.92391	264.53944	266.02111	266.28245	269.62444	263.33235
4/15/2025	4:04:03 PM	270.34733	277.51225	275.29013	277.11990	276.32842	271.64850	266.95061	263.79385	265.95021	265.72737	266.93422	266.79328	269.48149	263.83615
4/15/2025	4:04:06 PM	270.22224	276.90332	274.47882	276.19570	275.53245	271.29828	267.07878	264.39573	266.85274	266.76924	267.79427	267.27354	269.37164	264.32165
4/15/2025	4:04:10 PM	270.11734	276.35685	273.73548	275.35878	274.81354	270.98416	267.21593	264.92510	267.68530	267.66931	268.59581	267.71555	269.28963	264.77419
4/15/2025	4:04:14 PM	270.03155	275.86069	273.06518	274.60605	274.17167	270.70139	267.35704	265.40284	268.45616	268.45572	269.33438	268.12676	269.22706	265.19229
4/15/2025	4:04:17 PM	269.96899	275.42219	272.46099	273.93801	273.60877	270.44804	267.50023	265.84449	269.17546	269.17322	270.02008	268.50936	269.18108	265.58250
4/15/2025	4:04:21 PM	269.92137	275.00757	271.89491	273.31331	273.09321	270.21277	267.64903	266.27893	269.87811	269.87893	270.67911	268.87891	269.14739	265.95912
4/15/2025	4:04:24 PM	269.88989	274.63251	271.38412	272.75295	272.63487	270.00097	267.79541	266.69599	270.55102	270.55887	271.27918	269.22146	269.12777	266.30363
4/15/2025	4:04:28 PM	269.87461	274.28987	270.91220	272.23768	272.21877	269.80575	267.94303	267.09704	271.20211	271.23495	271.83513	269.54319	269.11833	266.62891
4/15/2025	4:04:31 PM	269.87152	273.97615	270.48304	271.77567	271.85313	269.62939	268.08589	267.47767	271.80467	271.88655	272.32810	269.83874	269.11685	266.92538
4/15/2025	4:04:35 PM	269.87730	273.69177	270.09589	271.35481	271.52522	269.46841	268.22641	267.84415	272.35419	272.50853	272.78051	270.12322	269.12274	267.20702
4/15/2025	4:04:39 PM	269.89213	273.43385	269.74533	270.97550	271.23464	269.32345	268.36211	268.19209	272.83368	273.09939	273.18157	270.38461	269.13601	267.46386
4/15/2025	4:04:42 PM	269.91629	273.19992	269.42288	270.62777	270.97171	269.19098	268.49234	268.52252	273.25222	273.63658	273.54441	270.63011	269.15637	267.70487
4/15/2025	4:04:46 PM	269.94504	272.99244	269.14150	270.32515	270.74717	269.07517	268.61552	268.83685	273.61750	274.10135	273.86491	270.85515	269.17971	267.92504
4/15/2025	4:04:49 PM	269.97935	272.79514	268.87271	270.03548	270.53760	268.96601	268.73780	269.13892	273.94721	274.52166	274.16597	271.07349	269.20920	268.13845
4/15/2025	4:04:53 PM	270.01723	272.61995	268.63643	269.77911	270.35306	268.86925	268.85337	269.41342	274.23818	274.89088	274.43890	271.27712	269.23960	268.33407
4/15/2025	4:04:57 PM	270.05882	272.46121	268.42096	269.54423	270.18591	268.78075	268.96597	269.66877	274.50201	275.22627	274.69128	271.47109	269.27296	268.51924
4/15/2025	4:05:00 PM	270.10377	272.31697	268.22571	269.33171	270.03600	268.70257	269.07254	269.89671	274.73221	275.51980	274.91654	271.65011	269.30794	268.69014
4/15/2025	4:05:04 PM	270.14984	272.18760	268.05414	269.14209	269.90413	268.63341	269.17272	270.10401	274.93795	275.78253	275.11859	271.81819	269.34364	268.84880
4/15/2025	4:05:07 PM	270.19784	272.07206	267.89627	268.96714	269.78133	268.57122	269.27214	270.29901	275.12776	276.02441	275.30729	271.98000	269.38117	268.99990
4/15/2025	4:05:11 PM	270.24730	271.96565	267.75609	268.81003	269.67178	268.51544	269.36310	270.47400	275.29290	276.23616	275.47327	272.12912	269.41735	269.13840
4/15/2025	4:05:15 PM	270.29426	271.87092	267.63073	268.66726	269.57186	268.46646	269.45118	270.63650	275.44256	276.42930	275.62658	272.27202	269.45299	269.27043
4/15/2025	4:05:18 PM	270.34336	271.78532	267.51850	268.53875	269.48032	268.42249	269.53555	270.78754	275.57827	276.60506	275.76485	272.40657	269.49026	269.39355
4/15/2025	4:05:22 PM	270.39115	271.70846	267.41852	268.42301	269.39655	268.38480	269.61429	270.92659	275.69721	276.76012	275.88878	272.53176	269.52599	269.50773
4/15/2025	4:05:25 PM	270.43813	271.64081	267.33055	268.31803	269.32107	268.35076	269.69005	271.05723	275.80653	276.90432	276.00348	272.65110	269.56067	269.61716
4/15/2025	4:05:29 PM	270.48447	271.58140	267.25023	268.22007	269.24935	268.32265	269.76193	271.17846	275.90492	277.03558	276.11461	272.76426	269.59421	269.72081
4/15/2025	4:05:33 PM	270.53153	271.53261	267.17584	268.12788	269.17909	268.29726	269.82948	271.29055	275.99110	277.15210	276.21677	272.86884	269.62713	269.81628
4/15/2025	4:05:36 PM	270.57884	271.48831	267.10953	268.04349	269.11082	268.27696	269.89670	271.39999	276.07316	277.26120	276.31291	272.97211	269.65976	269.90966
4/15/2025	4:05:40 PM	270.62645	271.45001	267.05292	267.96964	269.04901	268.26057	269.95895	271.49999	276.14553	277.35608	276.39627	273.06599	269.69122	269.99585
4/15/2025	4:05:43 PM	270.67237	271.41750	267.00475	267.90475	268.99155	268.24775	270.01855	271.59535	276.21029	277.44102	276.47294	273.15579	269.72267	270.07698
4/15/2025	4:05:47 PM	270.71989	271.38777	266.96220	267.84558	268.93722	268.23796	270.07694	271.68844	276.27159	277.51991	276.54375	273.24428	269.75495	270.15537
4/15/2025	4:05:50 PM	270.76718	271.36194	266.92658	267.79314	268.88646	268.23221	270.13425	271.77754	276.32835	277.59177	276.61013	273.32898	269.78697	270.23136
4/15/2025	4:05:54 PM	270.81426	271.34072	266.89746	267.74705	268.83995	268.22858	270.18942	271.86256	276.38057	277.65629	276.66997	273.41094	269.81906	270.30429
4/15/2025	4:05:58 PM	270.86147	271.32169	266.87311	267.70685	268.79604	268.22714	270.24161	271.94380	276.42764	277.71538	276.72433	273.48875	269.85098	270.37302
4/15/2025	4:06:01 PM	270.90846	271.30579	266.85433	267.67216	268.75595	268.22959	270.29374	272.02228	276.47109	277.76751	276.77487	273.56337	269.88218	270.43970
4/15/2025	4:06:05 PM	270.95513	271.29283	266.84077	267.64182	268.71917	268.23361	270.34396	272.09895	276.51229	277.81591	276.82104	273.63583	269.91456	270.50372
4/15/2025	4:06:08 PM	271.00174	271.28306	266.83133	267.61729	268.68591	268.24080	270.39280	272.17202	276.55036	277.85963	276.86432	273.70532	269.94521	270.56476
4/15/2025	4:06:12 PM	271.04725	271.27428	266.82496	267.59620	268.65518	268.24895	270.44032	272.24189	276.58621	277.89937	276.90303	273.77217	269.97726	270.62418
4/15/2025	4:06:16 PM	271.09282	271.26889	266.82338	267.57904	268.62754	268.25973	270.48733	272.31071	276.61949	277.93658	276.94071	273.83709	270.00805	270.68200
4/15/2025	4:06:19 PM	271.13911	271.26539	266.82590	267.56584	268.60351	268.27198	270.53395	272.37812	276.65112	277.97055	276.97543	273.90057	270.04018	270.73825
4/15/2025	4:06:23 PM	271.18455	271.26443	266.83099	267.55561	268.58114	268.28634	270.57895	272.44265	276.68079	278.00183	277.00791	273.96176	270.07170	270.79380
4/15/2025	4:06:26 PM	271.23041	271.26499	266.83861	267.54894	268.56190	268.30225	270.62399	272.50577	276.70982	278.03079	277.03948	274.02132	270.10437	270.84763
4/15/2025	4:06:30 PM	271.27557	271.26781	266.84868	267.54516	268.54624	268.31962	270.66744	272.56727	276.73567	278.05722	277.06820	274.07859	270.13606	270.89932
4/15/2025	4:06:34 PM	271.32065	271.27162	266.86160	267.54315	268.53217	268.33865	270.71054	272.62803	276.76188	278.08330	277.09499	274.13539	270.16747	270.95147
4/15/2025	4:06:37 PM	271.36589	271.27810	266.87692	267.54475	268.52100	268.35916	270.75492	272.68754	276.78658	278.10688	277.12190	274.19103	270.20027	271.00268
4/15/2025	4:06:41 PM	271.41131	271.28521	266.89438	267.54854	268.51237	268.38042	270.79778	272.74612	276.81046	278.13044	277.14723	274.24482	270.23270	271.05218
4/15/2025	4:06:44 PM	271.45623	271.29441	266.91364	267.55427	268.50584	268.40355	270.83977	272.80236	276.83360	278.15290	277.17186	274.29827	270.26519	271.10106
4/15/2025	4:06:48 PM	271.50106	271.30485	266.93496	267.56182	268.50071	268.42793	270.88227	272.85995	276.85637	278.17443	277.19571	274.34997	270.29855	271.14969
4/15/2025	4:06:52 PM	271.54690	271.31674	266.95740	267.57212	268.49843	268.45320	270.92494	272.91559	276.87903	278.19579	277.21862	274.40153	270.33198	271.19915
4/15/2025	4:06:55 PM	271.59139	271.32988	266.98144	267.58332	268.49899	268.47992	270.96730	272.97100	276.90063	278.21636	277.24127	274.45197	270.36582	271.24647
4/15/2025	4:06:59 PM	271.63700	271.34422	267.00744	267.59642	268.50007	268.50743	271.00918	273.02529	276.92183	278.23637	277.26406	274.50172	270.40020	271.29449
4/15/2025	4:07:02 PM	271.68200	271.35918	267.03343	267.61053	268.50379	268.53498	271.05125	273.07909	276.94326	278.25644	277.28643	274.54984	270.43372	271.34096
4/15/2025	4:07:06 PM	271.72756	271.37656	267.06161	267.62682	268.50983	268.56512	271.09357	273.13347	276.96517	278.27651	277.30778	274.59888	270.46919	271.38842
4/15/2025	4:07:10 PM	271.77367	271.39455	267.09090	267.64461	268.51735	268.59591	271.13602	273.18649	276.98718	278.29523	277.32960	274.64645	270.50456	271.43530
4/15/2025	4:07:13 PM	271.81931	271.41309	267.12060	267.66276	268.52504	268.62632	271.17826	273.23896	277.00897	278.31492	277.35119	274.69359	270.54015	271.48260
4/15/2025	4:07:17 PM	271.86461	271.43332	267.15178	267.68288	268.53624	268.65956	271.22145	273.29205	277.03157	278.33391	277.37382	274.74146	270.57654	271.52945
4/15/2025	4:07:20 PM	271.91085	271.45392	267.18371	267.70450	268.54837	268.69280	271.26423	273.34441	277.05374	278.35247	277.39506	274.78714	270.61260	271.57537
4/15/2025	4:07:24 PM	271.95610	271.47547	267.21585	267.72647	268.56124	268.72580	271.30687	273.39669	277.07680	278.37136	277.41669	274.83327	270.64971	271.62247
4/15/2025	4:07:28 PM	272.00348	271.49936	267.24989	267.74946	268.57518	268.76109	271.35061	273.44902	277.09996	278.39141	277.43959	274.88025	270.68778	271.66947
4/15/2025	4:07:31 PM	272.04971	271.52273	267.28320	267.77360	268.59089	268.79624	271.39422	273.50169	277.12313	278.41091	277.46190	274.92531	270.72632	271.71581
4/15/2025	4:07:35 PM	272.09664	271.54669	267.31743	267.79786	268.60796	268.83198	271.43751	273.55320	277.14581	278.43053	277.48492	274.97128	270.76465	271.76270
4/15/2025	4:07:38 PM	272.14404	271.57270	267.35258	267.82344	268.62651	268.86824	271.48192	273.60656	277.17004	278.44960	277.50754	275.01575	270.80230	271.80868
4/15/2025	4:07:42 PM	272.19131	271.59829	267.38606	267.84901	268.64603	268.90608	271.52662	273.65819	277.19264	278.47085	277.53320	275.06218	270.84293	271.85576
4/15/2025	4:07:46 PM	272.23955	271.62517	267.41934	267.87325	268.66930	268.94871	271.57392	273.71299	277.21820	278.49236	277.56031	275.10835	270.88420	271.90505
4/15/2025	4:07:49 PM	272.28997	271.65410	267.45411	267.89980	268.69376	268.99356	271.62109	273.76301	277.19858	278.40263	277.46688	275.06539	270.78473	271.68328
4/15/2025	4:07:53 PM	272.22909	271.61322	267.61872	268.04109	268.95826	269.09764	271.34438	273.41521	276.68411	278.03051	277.21551	274.88919	269.52531	270.54937
4/15/2025	4:07:56 PM	272.11688	271.69484	267.86022	268.32742	269.24158	268.98596	271.03457	273.08664	276.31795	277.68892	276.91609	274.71653	268.32615	269.47584
4/15/2025	4:08:00 PM	271.91968	271.69970	267.97443	268.51520	269.46050	268.82636	270.68195	272.74916	275.97369	277.32484	276.59057	274.43926	267.29388	268.42275
4/15/2025	4:08:04 PM	271.62545	271.56406	268.00998	268.62007	269.54216	268.64729	270.15161	272.13727	275.23557	276.59090	275.87911	273.77820	266.57528	267.67330
4/15/2025	4:08:07 PM	271.09548	270.95150	267.72055	268.29782	269.16307	268.12058	269.33586	271.16799	273.96625	275.14289	274.65397	272.78001	265.66314	266.67444
4/15/2025	4:08:11 PM	270.14366	269.68567	266.89263	267.42298	268.11005	266.75872	267.68582	269.18046	271.57702	272.66195	272.39527	270.87787	263.38176	264.49247
4/15/2025	4:08:14 PM	268.28244	267.24735	265.08118	265.63637	266.02692	264.21800	264.88144	266.03787	268.00797	269.15979	269.11212	267.75369	259.61040	261.05814
4/15/2025	4:08:18 PM	265.50947	263.67026	262.35324	262.95867	263.05675	260.73370	261.11246	261.98245	263.51534	264.60829	264.80238	263.85980	254.46634	256.52448
4/15/2025	4:08:22 PM	261.74540	259.11407	258.93267	259.40418	259.36183	256.50816	256.56753	257.14703	258.37334	259.44457	259.83517	259.53703	248.38549	251.13359
4/15/2025	4:08:25 PM	257.40083	253.65690	254.74941	255.04351	254.90261	251.49923	251.27142	251.75345	252.67959	253.58696	254.10990	254.78521	241.79338	245.17014
4/15/2025	4:08:29 PM	252.44830	247.44297	249.93728	249.85328	249.62449	245.87963	245.33947	245.81523	246.45340	247.36282	247.92883	249.27940	235.23413	239.13707
4/15/2025	4:08:32 PM	246.89370	240.39857	244.26705	244.11826	243.83576	239.92027	239.01729	239.61680	239.67638	240.83660	241.43905	243.39763	229.26314	233.45609
4/15/2025	4:08:36 PM	240.86178	233.09528	238.07239	238.26753	237.82801	233.76044	232.11186	233.09835	232.51239	233.69975	234.55314	237.18864	222.80149	227.76804
4/15/2025	4:08:40 PM	234.73002	225.86046	232.00645	232.11441	231.95815	227.31465	225.35514	226.93155	225.60941	226.78324	227.79326	231.08204	216.23212	221.89949
4/15/2025	4:08:43 PM	228.51545	218.49849	225.76415	225.67812	225.65047	220.60167	218.37578	220.34015	218.31860	219.79747	220.75298	224.56026	209.10485	215.74347
4/15/2025	4:08:47 PM	221.83558	209.76895	217.98220	218.66908	218.27659	212.61383	210.32400	212.54737	210.18554	211.96859	212.76724	217.12220	201.06741	208.66911
4/15/2025	4:08:50 PM	214.31058	200.62124	210.31319	210.94654	210.35527	204.24750	201.86158	204.64236	201.91362	203.89800	204.71312	209.68912	192.90917	201.42439
4/15/2025	4:08:54 PM	206.52587	191.87016	203.03335	203.29871	202.63216	196.27812	193.69133	197.15026	194.15314	196.22500	197.02217	202.63343	185.22836	194.43526
4/15/2025	4:08:58 PM	199.38224	184.02648	196.18854	196.18357	195.46818	188.85124	186.12709	190.32095	187.13608	189.30200	190.01275	196.11014	178.26051	187.94661
4/15/2025	4:09:01 PM	192.86868	176.97986	189.76549	189.65356	188.83024	182.02078	179.27274	184.11149	180.79594	182.99629	183.54148	190.07853	171.96744	181.94740
4/15/2025	4:09:05 PM	186.82006	170.63701	183.78462	183.65321	182.78399	175.80096	173.06877	178.54051	175.08831	177.31747	177.65551	184.46306	166.22648	176.37066
4/15/2025	4:09:08 PM	181.17631	164.92649	178.24191	178.13160	177.19039	170.15094	167.44274	173.51189	169.92894	172.17834	172.25580	179.25869	161.01980	171.23807
4/15/2025	4:09:12 PM	176.00011	159.84409	173.22133	173.12685	172.11809	165.12484	162.44847	169.04514	165.32643	167.60403	167.48420	174.60158	156.42435	166.62957
4/15/2025	4:09:16 PM	171.29327	155.30805	168.64168	168.60930	167.54271	160.63669	157.99652	165.04750	161.24599	163.52401	163.15406	170.30823	152.24661	162.36886
4/15/2025	4:09:19 PM	166.98971	151.22186	164.44739	164.47653	163.36398	156.57778	153.96859	161.41293	157.51543	159.78967	159.22634	166.38151	148.48866	158.49980
4/15/2025	4:09:23 PM	163.07651	147.55007	160.64364	160.75791	159.60651	152.95902	150.38653	158.14364	154.21525	156.45021	155.67870	162.83865	145.13011	155.00687
4/15/2025	4:09:26 PM	159.53159	144.28084	157.20927	157.41189	156.21758	149.73915	147.20643	155.21169	151.23333	153.43475	152.47063	159.60467	142.08477	151.79794
4/15/2025	4:09:30 PM	156.33333	141.35881	154.11510	154.41194	153.17874	146.85180	144.37098	152.55616	148.57570	150.74642	149.60758	156.71492	139.40269	148.95334
4/15/2025	4:09:34 PM	153.41383	138.72482	151.31038	151.66408	150.40066	144.22418	141.79370	150.10932	146.13318	148.26814	146.98018	154.04569	136.95430	146.33495
4/15/2025	4:09:37 PM	150.75130	136.34658	148.76510	149.18031	147.90669	141.88427	139.50808	147.88761	143.92000	146.02406	144.59069	151.60926	134.74536	143.96498
4/15/2025	4:09:41 PM	148.33073	134.19309	146.45406	146.90904	145.61514	139.71521	137.38602	145.80179	141.86006	143.92164	142.37850	149.34897	132.71255	141.76600
4/15/2025	4:09:44 PM	146.11798	132.23747	144.34895	144.84122	143.54849	137.76581	135.48567	143.90584	139.99098	142.00761	140.37036	147.28746	130.88902	139.78246
4/15/2025	4:09:48 PM	144.09698	130.46465	142.43763	142.95726	141.66599	135.99540	133.75130	142.15053	138.26920	140.23817	138.53429	145.37705	129.21341	137.96064
4/15/2025	4:09:52 PM	142.22830	128.83132	140.66453	141.20509	139.92771	134.35977	132.14996	140.50960	136.67515	138.59547	136.83278	143.61773	127.68819	136.28139
4/15/2025	4:09:55 PM	140.54054	127.36661	139.06727	139.62322	138.35660	132.88547	130.71081	139.01272	135.21758	137.09940	135.29038	142.01397	126.31816	134.77096
4/15/2025	4:09:59 PM	138.95628	125.99948	137.57297	138.14043	136.89439	131.50761	129.36579	137.60252	133.85620	135.68685	133.82635	140.48626	125.02198	133.34275
4/15/2025	4:10:02 PM	137.51303	124.75207	136.20890	136.78190	135.55400	130.25251	128.13455	136.29814	132.59388	134.37192	132.48751	139.08402	123.83963	132.03687
4/15/2025	4:10:06 PM	136.14818	123.57722	134.92388	135.49772	134.27962	129.05934	126.97810	135.05479	131.39680	133.12761	131.22752	137.76119	122.73419	130.80797
4/15/2025	4:10:10 PM	134.87964	122.49370	133.73032	134.30244	133.10288	127.96201	125.90800	133.89428	130.28052	131.96469	130.05761	136.52560	121.71247	129.66986
4/15/2025	4:10:13 PM	133.69764	121.48666	132.61903	133.18507	131.99936	126.93671	124.91228	132.81246	129.24665	130.88476	128.97775	135.37541	120.76634	128.61675
4/15/2025	4:10:17 PM	132.57244	120.52757	131.56284	132.11958	130.95467	125.97391	123.97586	131.77969	128.26387	129.85697	127.95937	134.29072	119.88282	127.62565
4/15/2025	4:10:20 PM	131.53815	119.65470	130.58751	131.13383	129.98352	125.07746	123.10438	130.81392	127.34304	128.89529	127.00167	133.26911	119.05520	126.69850
4/15/2025	4:10:24 PM	130.55766	118.82838	129.66145	130.18747	129.05485	124.22018	122.27058	129.88791	126.46591	127.98278	126.10225	132.30348	118.28016	125.82660
4/15/2025	4:10:28 PM	129.63275	118.05184	128.78953	129.29742	128.18048	123.41742	121.49138	129.01427	125.63207	127.11635	125.24908	131.39094	117.55379	125.01462
4/15/2025	4:10:31 PM	128.75726	117.28831	127.90697	128.35071	127.27046	122.58840	120.68597	128.10604	124.82144	126.24977	124.38131	130.42339	116.90049	124.24429
4/15/2025	4:10:35 PM	127.83937	116.60079	127.22217	127.69542	126.66976	122.11153	120.23507	127.48625	124.20654	125.49933	123.53658	129.49521	116.27068	123.54328
4/15/2025	4:10:38 PM	126.92489	115.78272	126.31344	126.74005	125.78982	121.40462	119.63585	126.86052	123.68795	124.93582	122.93829	128.77220	115.60741	122.87151
4/15/2025	4:10:42 PM	126.19952	115.10066	125.45951	125.83260	124.85021	120.56650	118.91794	126.19633	123.20573	124.50249	122.55220	128.23824	115.02782	122.28988
4/15/2025	4:10:46 PM	125.58414	114.49156	124.64328	124.94185	123.94895	119.80034	118.29705	125.60559	122.71486	124.00218	122.02315	127.59896	114.40195	121.64317
4/15/2025	4:10:49 PM	124.88657	113.82406	123.83566	124.08873	123.09999	119.07727	117.66886	124.98682	122.17025	123.44886	121.46218	126.96425	113.79549	121.01265
4/15/2025	4:10:53 PM	124.21349	113.19879	123.08697	123.29420	122.32432	118.40121	117.05380	124.37005	121.61689	122.88891	120.90433	126.33691	113.22703	120.40443
4/15/2025	4:10:56 PM	123.56010	112.61252	122.36939	122.55287	121.59963	117.75525	116.45824	123.75531	121.06207	122.32104	120.34427	125.71419	112.68259	119.81065
4/15/2025	4:11:00 PM	122.92893	112.06245	121.70645	121.85726	120.92061	117.14519	115.88934	123.15355	120.51469	121.76575	119.80276	125.11141	112.17055	119.24568
4/15/2025	4:11:04 PM	122.32291	111.54474	121.07611	121.19346	120.27242	116.55792	115.33631	122.56093	119.96510	121.20566	119.25993	124.51007	111.67096	118.68708
4/15/2025	4:11:07 PM	121.72646	111.04565	120.47218	120.55291	119.64380	115.98917	114.79183	121.97116	119.41507	120.64642	118.71955	123.91263	111.18535	118.13725
4/15/2025	4:11:11 PM	121.14581	110.56743	119.89069	119.93758	119.04152	115.44835	114.27547	121.40768	118.89105	120.11296	118.21124	123.34623	110.73437	117.62486
4/15/2025	4:11:14 PM	120.58598	110.11191	119.33506	119.35135	118.46625	114.92818	113.77328	120.85281	118.36677	119.57815	117.69667	122.77716	110.28458	117.11151
4/15/2025	4:11:18 PM	120.04577	109.67687	118.80380	118.78948	117.91465	114.43202	113.29619	120.31989	117.86408	119.06496	117.20565	122.23294	109.85929	116.62275
4/15/2025	4:11:22 PM	119.52052	109.25634	118.28460	118.23949	117.37553	113.94814	112.82903	119.80252	117.37829	118.56946	116.73134	121.71116	109.45815	116.15825
4/15/2025	4:11:25 PM	119.01747	108.85829	117.79194	117.71899	116.85970	113.48473	112.38055	119.29582	116.89884	118.07710	116.26198	121.18935	109.05917	115.69658
4/15/2025	4:11:29 PM	118.51710	108.46234	117.30208	117.20295	116.35136	113.02751	111.93697	118.79667	116.42376	117.59125	115.79888	120.67827	108.67001	115.24535
4/15/2025	4:11:32 PM	118.03033	108.07946	116.82831	116.70224	115.85968	112.58490	111.51302	118.31625	115.96894	117.12578	115.35405	120.18421	108.29750	114.80938
4/15/2025	4:11:36 PM	117.55311	107.70746	116.36473	116.21422	115.37564	112.14841	111.09217	117.83862	115.51322	116.65858	114.90668	119.68950	107.92467	114.37428
4/15/2025	4:11:40 PM	117.08124	107.33927	115.90528	115.73228	114.89993	111.72012	110.67767	117.36794	115.06496	116.19861	114.47001	119.20524	107.56096	113.94896
4/15/2025	4:11:43 PM	116.62216	106.98217	115.45975	115.26290	114.44045	111.30537	110.27688	116.91269	114.63002	115.75437	114.04755	118.73677	107.21063	113.53773
4/15/2025	4:11:47 PM	116.17296	106.63185	115.02316	114.80610	113.99292	110.90183	109.88726	116.46886	114.20553	115.31993	113.63472	118.27968	106.86894	113.13959
4/15/2025	4:11:50 PM	115.74173	106.29801	114.60416	114.36645	113.56125	110.51336	109.51070	116.03798	113.79367	114.89630	113.22926	117.83150	106.53482	112.74889
4/15/2025	4:11:54 PM	115.31050	105.96400	114.18325	113.92438	113.12534	110.12122	109.13358	115.60496	113.38037	114.47045	112.82432	117.38065	106.19852	112.35559
4/15/2025	4:11:57 PM	114.88295	105.63412	113.76595	113.49012	112.69637	109.73748	108.76427	115.18172	112.97418	114.05523	112.42841	116.93989	105.87049	111.97330
4/15/2025	4:12:01 PM	114.46277	105.30922	113.35636	113.06014	112.26867	109.35866	108.40122	114.76386	112.57355	113.64403	112.03874	116.50649	105.54758	111.59652
4/15/2025	4:12:05 PM	114.05159	104.99386	112.95742	112.64302	111.85993	108.98930	108.04516	114.35624	112.18234	113.24146	111.65595	116.08131	105.23018	111.22695
4/15/2025	4:12:08 PM	113.64485	104.67925	112.55874	112.22791	111.44902	108.62092	107.69154	113.95027	111.79280	112.84232	111.27664	115.65912	104.91800	110.86462
4/15/2025	4:12:12 PM	113.24543	104.37383	112.17120	111.82365	111.05001	108.26564	107.34959	113.55767	111.41704	112.45576	110.90888	115.24857	104.61474	110.51072
4/15/2025	4:12:15 PM	112.86008	104.07821	111.79764	111.43495	110.66795	107.91859	107.01817	113.17381	111.04967	112.07924	110.55105	114.84818	104.31984	110.16622
4/15/2025	4:12:19 PM	112.47944	103.78632	111.42417	111.04686	110.28819	107.57579	106.69052	112.79642	110.68772	111.70769	110.19823	114.45490	104.02925	109.82873
4/15/2025	4:12:23 PM	112.10330	103.49832	111.05759	110.66652	109.91064	107.23956	106.36745	112.42400	110.33031	111.34059	109.84806	114.06290	103.74072	109.49263
4/15/2025	4:12:26 PM	111.73413	103.21662	110.69591	110.28767	109.54067	106.90978	106.05310	112.05901	109.97763	110.97911	109.50440	113.68064	103.45782	109.16348
4/15/2025	4:12:30 PM	111.37191	102.94042	110.34216	109.91894	109.17854	106.58550	105.74541	111.69964	109.63191	110.62362	109.16599	113.30130	103.18024	108.83840
4/15/2025	4:12:33 PM	111.01398	102.66864	109.99351	109.55541	108.82170	106.26427	105.44162	111.34742	109.29337	110.27639	108.83556	112.93022	102.90972	108.52510
4/15/2025	4:12:37 PM	110.66515	102.40355	109.65277	109.20328	108.48145	105.95485	105.14623	111.00147	108.96086	109.93479	108.51115	112.56652	102.64215	108.21171
4/15/2025	4:12:41 PM	110.31828	102.14027	109.31423	108.85516	108.14067	105.64660	104.85430	110.66265	108.63567	109.60092	108.19418	112.20995	102.38309	107.91115
4/15/2025	4:12:44 PM	109.99099	101.88982	108.99100	108.52063	107.81551	105.35034	104.57157	110.33099	108.31768	109.27418	107.88084	111.86011	102.12458	107.60888
4/15/2025	4:12:48 PM	109.65260	101.63207	108.65743	108.17983	107.48355	105.04764	104.28242	109.99586	107.99576	108.94201	107.56652	111.50748	101.86618	107.30854
4/15/2025	4:12:51 PM	109.31963	101.37751	108.32736	107.84280	107.15660	104.74873	103.99568	109.66028	107.67287	108.61154	107.25163	111.15464	101.60755	107.00910
4/15/2025	4:12:55 PM	108.99401	101.13052	108.00605	107.51637	106.83844	104.46075	103.71973	109.33775	107.36514	108.29496	106.94901	110.81579	101.35935	106.71811
4/15/2025	4:12:59 PM	108.67310	100.88571	107.68790	107.19165	106.52380	104.17541	103.44564	109.01693	107.05730	107.97848	106.64677	110.47809	101.11233	106.43059
4/15/2025	4:13:02 PM	108.35481	100.64309	107.37400	106.87571	106.21778	103.89388	103.17461	108.69934	106.75460	107.66709	106.35084	110.14618	100.86890	106.14738
4/15/2025	4:13:06 PM	108.04065	100.40390	107.06581	106.56315	105.91452	103.61735	102.90732	108.38584	106.45433	107.35251	106.03477	109.77937	100.63137	105.84692
4/15/2025	4:13:09 PM	107.63642	100.13759	106.80805	106.38521	105.84285	103.56718	102.80551	108.12276	106.02418	106.73172	105.39132	109.15234	100.47322	105.58044
4/15/2025	4:13:13 PM	107.23533	99.96088	106.67477	106.26594	105.77653	103.49097	102.62913	107.86160	105.84051	106.62188	105.30119	108.97441	100.33551	105.40760
4/15/2025	4:13:16 PM	106.93895	99.79612	106.37902	105.98412	105.48640	103.22073	102.40442	107.58866	105.59007	106.36242	105.04054	108.67214	100.01623	105.09090
4/15/2025	4:13:20 PM	106.54196	99.46798	105.93321	105.51447	104.89261	102.74469	101.97054	107.12502	105.17070	105.96478	104.67198	108.22680	99.62336	104.66621
4/15/2025	4:13:24 PM	106.17301	99.11409	105.43298	105.03042	104.42655	102.24800	101.57768	106.72223	104.81342	105.60596	104.33537	107.87224	99.27575	104.29071
4/15/2025	4:13:27 PM	105.84083	98.78769	105.01734	104.60100	103.98083	101.79123	101.21429	106.33715	104.45665	105.25661	104.00623	107.53210	98.95002	103.94461
4/15/2025	4:13:31 PM	105.53454	98.50900	104.67283	104.23589	103.59807	101.42474	100.90211	106.00300	104.14878	104.95348	103.71847	107.24001	98.67923	103.64919
4/15/2025	4:13:34 PM	105.25705	98.26908	104.36755	103.91031	103.25998	101.11853	100.62139	105.69429	103.86193	104.66779	103.44187	106.95212	98.43381	103.37422
4/15/2025	4:13:38 PM	104.98830	98.04871	104.08074	103.60891	102.95161	100.84825	100.35848	105.40380	103.58953	104.39467	103.17293	106.66820	98.20654	103.11354
4/15/2025	4:13:42 PM	104.72206	97.83528	103.78325	103.31305	102.67443	100.64421	100.16051	105.14208	103.27572	103.99472	102.71126	106.14372	98.02031	102.81249
4/15/2025	4:13:45 PM	104.16702	97.51902	103.52571	103.11265	102.50220	100.57992	100.17684	104.87357	102.91251	103.41200	102.04509	105.43715	97.64655	102.29163
4/15/2025	4:13:49 PM	103.53159	97.03754	102.87539	102.64632	102.15208	100.29098	99.81308	104.42586	102.43361	102.97258	101.58441	104.94258	97.27253	101.91278
4/15/2025	4:13:52 PM	103.11030	96.71180	102.56439	102.34976	101.89898	100.03693	99.49500	104.07951	102.07548	102.61102	101.21396	104.54624	96.97798	101.59277
4/15/2025	4:13:56 PM	102.75843	96.44751	102.27364	102.07775	101.65240	99.79372	99.20229	103.76080	101.74717	102.27271	100.87571	104.18136	96.70838	101.29939
4/15/2025	4:14:00 PM	102.43974	96.20351	102.00294	101.81810	101.40686	99.56813	98.94339	103.46724	101.45147	101.96378	100.57793	103.86258	96.47597	101.03798
4/15/2025	4:14:03 PM	102.16042	95.99337	101.76112	101.58450	101.17902	99.36404	98.71415	103.19795	101.18437	101.68269	100.31020	103.57780	96.27011	100.80084
4/15/2025	4:14:07 PM	101.90373	95.79947	101.53312	101.36216	100.95650	99.16641	98.49886	102.93931	100.93215	101.41613	100.05449	103.29975	96.07714	100.57132
4/15/2025	4:14:10 PM	101.65393	95.61547	101.31172	101.14413	100.73384	98.96710	98.28947	102.68912	100.68884	101.15975	99.80925	103.03098	95.89101	100.34745
4/15/2025	4:14:14 PM	101.40744	95.43285	101.08667	100.92449	100.50942	98.76536	98.08179	102.44014	100.45079	100.91056	99.57119	102.76641	95.70889	100.12794
4/15/2025	4:14:18 PM	101.16039	95.25152	100.86419	100.70295	100.28512	98.56231	97.87868	102.19229	100.21283	100.66149	99.33562	102.50271	95.52569	99.90864
4/15/2025	4:14:21 PM	100.91550	95.07095	100.63654	100.47845	100.05949	98.35632	97.67460	101.94318	99.97459	100.41233	99.09883	102.23786	95.34018	99.68630
4/15/2025	4:14:25 PM	100.67285	94.89152	100.41067	100.25631	99.83895	98.15383	97.47412	101.70175	99.74503	100.17238	98.87230	101.98494	95.16104	99.47318
4/15/2025	4:14:28 PM	100.43197	94.71266	100.18080	100.03223	99.61938	97.95000	97.27350	101.45862	99.51193	99.93334	98.64527	101.72943	94.98050	99.25789
4/15/2025	4:14:32 PM	100.19601	94.53758	99.95337	99.81244	99.40591	97.75055	97.07823	101.22351	99.28826	99.70136	98.42601	101.48276	94.80619	99.05009
4/15/2025	4:14:36 PM	99.96460	94.36569	99.72733	99.59137	99.19383	97.55251	96.88426	100.98809	99.06475	99.47000	98.20572	101.23525	94.63115	98.84046
4/15/2025	4:14:39 PM	99.73433	94.19383	99.50318	99.37261	98.98504	97.35628	96.69213	100.75584	98.84222	99.24006	97.98809	100.98874	94.45591	98.63241
4/15/2025	4:14:43 PM	99.50772	94.02478	99.28371	99.15720	98.77951	97.16224	96.50317	100.52791	98.62758	99.01836	97.77712	100.74984	94.28783	98.43171
4/15/2025	4:14:46 PM	99.28231	93.85615	99.06397	98.93815	98.57302	96.96720	96.31348	100.29437	98.41044	98.79424	97.56607	100.51107	94.11610	98.22418
4/15/2025	4:14:50 PM	99.06030	93.69086	98.84450	98.72740	98.37360	96.77938	96.13000	100.07314	98.20142	98.57820	97.36221	100.28109	93.95166	98.02781
4/15/2025	4:14:54 PM	98.84549	93.53113	98.63126	98.52096	98.17941	96.59397	95.95008	99.85539	97.99596	98.36477	97.15945	100.04976	93.78685	97.82941
4/15/2025	4:14:57 PM	98.63085	93.37165	98.41861	98.31470	97.98594	96.40958	95.77136	99.64002	97.79417	98.15607	96.96164	99.82519	93.62642	97.63560
4/15/2025	4:15:01 PM	98.41944	93.21377	98.21014	98.11023	97.79486	96.22699	95.59490	99.42700	97.59449	97.94849	96.76459	99.60141	93.46649	97.44353
4/15/2025	4:15:04 PM	98.21449	93.06046	98.00563	97.91158	97.60811	96.04812	95.42155	99.21639	97.39637	97.74479	96.57186	99.38355	93.31027	97.25575
4/15/2025	4:15:08 PM	98.01034	92.90902	97.80171	97.71497	97.42432	95.87215	95.25158	99.01109	97.20357	97.54459	96.38249	99.16864	93.15589	97.07049
4/15/2025	4:15:11 PM	97.81604	92.76399	97.60897	97.52668	97.24830	95.70312	95.08642	98.81206	97.01730	97.35285	96.20038	98.96260	93.00684	96.89139
4/15/2025	4:15:15 PM	97.61641	92.61511	97.40886	97.33108	97.06739	95.53017	94.91896	98.60910	96.82876	97.15615	96.01503	98.75237	92.85603	96.70882
4/15/2025	4:15:19 PM	97.42089	92.47003	97.21521	97.14187	96.88995	95.36072	94.75473	98.40929	96.64238	96.96520	95.83324	98.54556	92.70797	96.52962
4/15/2025	4:15:22 PM	97.22932	92.32925	97.02763	96.95842	96.71806	95.19839	94.59676	98.21702	96.46367	96.78041	95.65824	98.34631	92.56611	96.35638
4/15/2025	4:15:26 PM	97.04181	92.19006	96.84135	96.77675	96.54712	95.03456	94.43871	98.02447	96.28488	96.59625	95.48173	98.14498	92.42279	96.18318
4/15/2025	4:15:29 PM	96.85495	92.05283	96.65761	96.59616	96.37863	94.87464	94.28354	97.83630	96.10982	96.41589	95.31192	97.95040	92.28409	96.01447
4/15/2025	4:15:33 PM	96.67393	91.91869	96.47768	96.41994	96.21192	94.71615	94.12931	97.64806	95.93586	96.23747	95.14236	97.75773	92.14568	95.84678
4/15/2025	4:15:37 PM	96.49626	91.78847	96.30045	96.24645	96.05016	94.56078	93.97863	97.46388	95.76571	96.06179	94.97573	97.56761	92.01029	95.68193
4/15/2025	4:15:40 PM	96.31905	91.65784	96.12187	96.07161	95.88609	94.40437	93.82802	97.28071	95.59581	95.88690	94.80970	97.37998	91.87469	95.51736
4/15/2025	4:15:44 PM	96.14382	91.52859	95.94812	95.90123	95.72579	94.24988	93.67956	97.09968	95.42928	95.71601	94.64726	97.19473	91.74066	95.35521
4/15/2025	4:15:47 PM	95.97013	91.39985	95.77615	95.73348	95.56814	94.10265	93.53603	96.92260	95.26707	95.54901	94.48735	97.01409	91.61021	95.19582
4/15/2025	4:15:51 PM	95.80025	91.27351	95.60694	95.56632	95.40883	93.95409	93.39250	96.74694	95.10498	95.38123	94.32806	96.83500	91.48023	95.03739
4/15/2025	4:15:55 PM	95.63054	91.14730	95.44027	95.40276	95.25419	93.80680	93.24883	96.57198	94.94492	95.21728	94.17397	96.65839	91.35243	94.88206
4/15/2025	4:15:58 PM	95.46742	91.02613	95.27929	95.24333	95.10416	93.66467	93.11147	96.40447	94.78956	95.05787	94.02008	96.48397	91.22707	94.72983
4/15/2025	4:16:02 PM	95.30309	90.90499	95.11554	95.08452	94.95126	93.52056	92.97289	96.23499	94.63450	94.89878	93.86820	96.31223	91.10168	94.57738
4/15/2025	4:16:05 PM	95.14170	90.78565	94.95232	94.92604	94.80188	93.38035	92.83677	96.06756	94.48054	94.73953	93.71713	96.13983	90.97687	94.42670
4/15/2025	4:16:09 PM	94.98103	90.66600	94.79317	94.76933	94.65404	93.23979	92.69914	95.89890	94.32502	94.58043	93.56627	95.96726	90.85279	94.27471
4/15/2025	4:16:13 PM	94.82254	90.54875	94.63498	94.61321	94.50669	93.10188	92.56462	95.73527	94.17590	94.42636	93.41913	95.80058	90.73308	94.12902
4/15/2025	4:16:16 PM	94.66633	90.43373	94.48246	94.46320	94.36282	92.96671	92.43491	95.57567	94.02966	94.27691	93.27404	95.63961	90.61434	93.98389
4/15/2025	4:16:20 PM	94.51509	90.32012	94.32783	94.31320	94.22069	92.83262	92.30426	95.41402	93.88216	94.12670	93.13176	95.47685	90.49631	93.84027
4/15/2025	4:16:23 PM	94.36419	90.20876	94.17816	94.16601	94.08113	92.69934	92.17580	95.25803	93.74032	93.98064	92.99215	95.31599	90.38020	93.69803
4/15/2025	4:16:27 PM	94.21423	90.09832	94.02700	94.01772	93.94175	92.56929	92.04865	95.10114	93.59726	93.83273	92.85084	95.15625	90.26392	93.55782
4/15/2025	4:16:31 PM	94.06468	89.98800	93.88021	93.87280	93.80326	92.43858	91.92214	94.94684	93.45634	93.68882	92.71373	95.00001	90.15006	93.41891
4/15/2025	4:16:34 PM	93.91991	89.88158	93.73552	93.72937	93.66481	92.30835	91.79815	94.79361	93.31628	93.54547	92.57626	94.84777	90.03796	93.28161
4/15/2025	4:16:38 PM	93.77784	89.77470	93.59056	93.58977	93.53044	92.18418	91.67646	94.64391	93.18068	93.40728	92.44395	94.69680	89.92777	93.14750
4/15/2025	4:16:41 PM	93.63679	89.66985	93.45065	93.45245	93.39904	92.05905	91.55601	94.49573	93.04570	93.26832	92.31142	94.54585	89.81875	93.01418
4/15/2025	4:16:45 PM	93.49663	89.56596	93.31115	93.31373	93.26787	91.93765	91.43727	94.34822	92.91156	93.13075	92.18024	94.39788	89.70997	92.88164
4/15/2025	4:16:49 PM	93.35862	89.46404	93.17095	93.17680	93.13769	91.81323	91.31648	94.20066	92.77749	92.99298	92.04860	94.24972	89.60016	92.74766
4/15/2025	4:16:52 PM	93.22037	89.36127	93.03377	93.04189	93.00928	91.69227	91.19985	94.05730	92.64772	92.86036	91.92148	94.10578	89.49484	92.61969
4/15/2025	4:16:56 PM	93.08599	89.26092	92.90003	92.90951	92.88029	91.57316	91.08443	93.91393	92.51750	92.72705	91.79314	93.96131	89.38874	92.48953
4/15/2025	4:16:59 PM	92.95048	89.16145	92.76685	92.77909	92.75385	91.45465	90.96997	93.77385	92.38952	92.59466	91.66598	93.82099	89.28436	92.36199
4/15/2025	4:17:03 PM	92.81817	89.06174	92.63265	92.64727	92.62767	91.33709	90.85395	93.63076	92.26074	92.46537	91.54082	93.67919	89.17927	92.23384
4/15/2025	4:17:07 PM	92.68555	88.96282	92.49884	92.51663	92.50092	91.21830	90.74006	93.49106	92.13405	92.33477	91.41744	93.53980	89.07553	92.10806
4/15/2025	4:17:10 PM	92.55514	88.86531	92.36857	92.38941	92.37900	91.10463	90.62887	93.35566	92.01077	92.20875	91.29725	93.40337	88.97458	91.98624
4/15/2025	4:17:14 PM	92.42579	88.76899	92.24137	92.26338	92.26005	90.99317	90.52013	93.22124	91.88931	92.08464	91.17777	93.26865	88.87567	91.86558
4/15/2025	4:17:17 PM	92.30159	88.67781	92.11750	92.14020	92.14143	90.88162	90.41315	93.09099	91.77079	91.96283	91.06234	93.13786	88.77853	91.74574
4/15/2025	4:17:21 PM	92.17683	88.58601	91.99221	92.01693	92.02102	90.77090	90.30517	92.95690	91.65042	91.83953	90.94320	93.00473	88.68008	91.62648
4/15/2025	4:17:25 PM	92.05600	88.49375	91.86795	91.89655	91.90413	90.66362	90.20091	92.82851	91.53336	91.72026	90.82879	92.87722	88.58402	91.50979
4/15/2025	4:17:28 PM	91.93691	88.40338	91.74597	91.77851	91.78848	90.55578	90.09703	92.70073	91.41853	91.60390	90.71636	92.75044	88.49079	91.39499
4/15/2025	4:17:32 PM	91.81555	88.31390	91.62818	91.66029	91.67406	90.44943	89.99400	92.57289	91.30201	91.48522	90.60340	92.62438	88.39604	91.28046
4/15/2025	4:17:35 PM	91.69991	88.22792	91.51304	91.54578	91.56583	90.34838	89.89509	92.45008	91.19200	91.37162	90.49562	92.50126	88.30608	91.16950
4/15/2025	4:17:39 PM	91.58381	88.14227	91.39720	91.43179	91.45461	90.24634	89.79431	92.32730	91.08037	91.25773	90.38603	92.37850	88.21472	91.05832
4/15/2025	4:17:43 PM	91.46888	88.05559	91.27937	91.31787	91.34325	90.14303	89.69508	92.20399	90.96873	91.14450	90.27699	92.25556	88.12337	90.94704
4/15/2025	4:17:46 PM	91.35469	87.96962	91.16466	91.20535	91.23458	90.04119	89.59561	92.08233	90.85840	91.03258	90.16895	92.13599	88.03408	90.83815
4/15/2025	4:17:50 PM	91.24179	87.88557	91.05375	91.09386	91.12570	89.94257	89.49905	91.96280	90.75240	90.92355	90.06337	92.01736	87.94594	90.72989
4/15/2025	4:17:53 PM	91.13041	87.80413	90.94469	90.98522	91.02067	89.84602	89.40540	91.84728	90.64787	90.81753	89.96359	91.90295	87.86071	90.62664
4/15/2025	4:17:57 PM	91.02564	87.72674	90.83990	90.88133	90.92001	89.75192	89.31481	91.73483	90.54609	90.71363	89.86351	91.79095	87.77671	90.52410
4/15/2025	4:18:00 PM	90.91773	87.64547	90.73137	90.77346	90.81538	89.65694	89.22133	91.61884	90.44282	90.60786	89.76170	91.67593	87.69143	90.42006
4/15/2025	4:18:04 PM	90.81306	87.56897	90.62763	90.67016	90.71501	89.56194	89.12999	91.50794	90.34312	90.50556	89.66434	91.56667	87.60954	90.32009
4/15/2025	4:18:08 PM	90.70816	87.49268	90.52521	90.56832	90.61594	89.46905	89.04018	91.39676	90.24245	90.40307	89.56556	91.45608	87.52705	90.21895
4/15/2025	4:18:11 PM	90.60429	87.41448	90.42088	90.46614	90.51547	89.37715	88.95066	91.28574	90.14373	90.30297	89.46876	91.34764	87.44624	90.12126
4/15/2025	4:18:15 PM	90.50452	87.33691	90.31909	90.36633	90.41794	89.28666	88.86303	91.17709	90.04590	90.20305	89.37324	91.24102	87.36619	90.02346
4/15/2025	4:18:18 PM	90.40321	87.26159	90.21863	90.26754	90.32313	89.19658	88.77638	91.06933	89.94945	90.10409	89.27801	91.13466	87.28623	89.92526
4/15/2025	4:18:22 PM	90.30413	87.18989	90.12121	90.17132	90.22880	89.11000	88.69156	90.96387	89.85539	90.00835	89.18538	91.03009	87.20908	89.83028
4/15/2025	4:18:26 PM	90.20714	87.11727	90.02336	90.07597	90.13563	89.02343	88.60688	90.86066	89.76199	89.91281	89.09464	90.92773	87.13252	89.73670
4/15/2025	4:18:29 PM	90.11191	87.04458	89.92713	89.98048	90.04219	88.93644	88.52399	90.75691	89.66872	89.81767	89.00416	90.82621	87.05661	89.64375
4/15/2025	4:18:33 PM	90.01536	86.97340	89.83067	89.88634	89.95001	88.85178	88.44102	90.65389	89.57709	89.72451	88.91349	90.72453	86.98186	89.55166
4/15/2025	4:18:36 PM	89.92014	86.90510	89.73964	89.79525	89.86068	88.76988	88.36008	90.55403	89.48764	89.63398	88.82615	90.62685	86.90855	89.46201
4/15/2025	4:18:40 PM	89.82855	86.83628	89.64665	89.70393	89.77116	88.68585	88.27989	90.45471	89.39886	89.54281	88.73886	90.52868	86.83490	89.37234
4/15/2025	4:18:44 PM	89.73712	86.76675	89.55245	89.61231	89.68118	88.60482	88.20006	90.35560	89.31025	89.45228	88.65262	90.43165	86.76236	89.28338
4/15/2025	4:18:47 PM	89.64523	86.69883	89.46141	89.52343	89.59370	88.52390	88.12118	90.25810	89.22305	89.36322	88.56699	90.33569	86.69075	89.19575
4/15/2025	4:18:51 PM	89.55529	86.63326	89.37379	89.43613	89.50884	88.44339	88.04410	90.16210	89.13689	89.27547	88.48188	90.24024	86.61973	89.10869
4/15/2025	4:18:54 PM	89.46671	86.56700	89.28498	89.34884	89.42434	88.36590	87.96837	90.06759	89.05314	89.19055	88.40022	90.14802	86.55068	89.02438
4/15/2025	4:18:58 PM	89.38375	86.50248	89.19908	89.26524	89.34175	88.29087	87.89521	89.97785	88.97258	89.10841	88.32140	90.05924	86.48493	88.94293
4/15/2025	4:19:02 PM	89.29842	86.44060	89.11413	89.18167	89.26061	88.21384	87.82036	89.88465	88.88964	89.02383	88.24056	89.96837	86.41678	88.86004
4/15/2025	4:19:05 PM	89.21126	86.37698	89.02902	89.09742	89.17841	88.13827	87.74613	89.79252	88.80711	88.94001	88.15926	89.87726	86.34939	88.77767
4/15/2025	4:19:09 PM	89.12755	86.31419	88.94485	89.01421	89.09526	88.06225	87.67252	89.70148	88.72581	88.85750	88.07992	89.78925	86.28250	88.69549
4/15/2025	4:19:12 PM	89.04606	86.25034	88.86009	88.93274	89.01693	87.98837	87.60132	89.61279	88.64608	88.77592	88.00175	89.70124	86.21692	88.61544
4/15/2025	4:19:16 PM	88.96286	86.18994	88.77931	88.85150	88.93739	87.91561	87.53051	89.52466	88.56837	88.69678	87.92555	89.61524	86.15261	88.53603
4/15/2025	4:19:20 PM	88.88212	86.13112	88.70065	88.77318	88.85933	87.84278	87.46019	89.43702	88.49018	88.61719	87.84957	89.52928	86.08925	88.45819
4/15/2025	4:19:23 PM	88.80324	86.07031	88.61956	88.69429	88.78284	87.77292	87.39151	89.35167	88.41383	88.53927	87.77481	89.44503	86.02656	88.38171
4/15/2025	4:19:27 PM	88.72391	86.01201	88.54120	88.61638	88.70768	87.70332	87.32327	89.26629	88.33777	88.46183	87.69997	89.36243	85.96430	88.30516
4/15/2025	4:19:30 PM	88.64549	85.95426	88.46336	88.53941	88.63282	87.63206	87.25457	89.18219	88.26262	88.38503	87.62670	89.27934	85.90225	88.22887
4/15/2025	4:19:34 PM	88.56894	85.89635	88.38613	88.46326	88.55732	87.56369	87.18767	89.09904	88.18872	88.30990	87.55347	89.19753	85.84115	88.15391
4/15/2025	4:19:38 PM	88.49294	85.83945	88.30868	88.38846	88.48513	87.49579	87.12115	89.01726	88.11576	88.23549	87.48202	89.11724	85.78110	88.08000
4/15/2025	4:19:41 PM	88.41723	85.78454	88.23445	88.31440	88.41309	87.42783	87.05572	88.93643	88.04344	88.16213	87.41154	89.03821	85.72213	88.00766
4/15/2025	4:19:45 PM	88.34256	85.72853	88.16128	88.24101	88.34140	87.36252	86.99197	88.85695	87.97305	88.08942	87.34184	88.95931	85.66289	87.93546
4/15/2025	4:19:48 PM	88.27082	85.67321	88.08624	88.16966	88.27068	87.29731	86.92790	88.77808	87.90253	88.01821	87.27395	88.88315	85.60677	87.86571
4/15/2025	4:19:52 PM	88.19912	85.62111	88.01626	88.09997	88.20182	87.23209	86.86665	88.70134	87.83418	87.94816	87.20664	88.80677	85.54901	87.79600
4/15/2025	4:19:56 PM	88.12715	85.56898	87.94598	88.03046	88.13379	87.17049	86.80592	88.62563	87.76640	87.87986	87.14063	88.73241	85.49383	87.72751
4/15/2025	4:19:59 PM	88.05795	85.51546	87.87555	87.96074	88.06532	87.10642	86.74383	88.54825	87.69858	87.81041	87.07385	88.65690	85.43721	87.65884
4/15/2025	4:20:03 PM	87.98885	85.46295	87.80446	87.89135	87.99706	87.04387	86.68340	88.47413	87.63275	87.74339	87.00939	88.58450	85.38293	87.59213
4/15/2025	4:20:06 PM	87.91976	85.41225	87.73687	87.82474	87.93121	86.98365	86.62373	88.39975	87.56636	87.67623	86.94445	88.51214	85.32882	87.52549
4/15/2025	4:20:10 PM	87.85136	85.36305	87.67016	87.75811	87.86502	86.92187	86.56571	88.32767	87.50252	87.61173	86.88299	88.44183	85.27641	87.46170
4/15/2025	4:20:14 PM	87.78790	85.31413	87.60535	87.69404	87.80293	86.86400	86.50808	88.25517	87.43895	87.54688	86.82097	88.37194	85.22450	87.39771
4/15/2025	4:20:17 PM	87.72158	85.26527	87.53898	87.62806	87.73756	86.80413	86.44937	88.18341	87.37449	87.48132	86.75794	88.30112	85.17183	87.33230
4/15/2025	4:20:21 PM	87.65575	85.21754	87.47489	87.56383	87.67417	86.74476	86.39208	88.11260	87.31202	87.41704	86.69641	88.23197	85.12033	87.26973
4/15/2025	4:20:24 PM	87.59208	85.16777	87.41028	87.50064	87.61110	86.68705	86.33563	88.04165	87.24892	87.35351	86.63557	88.16278	85.06849	87.20627
4/15/2025	4:20:28 PM	87.52636	85.12025	87.34434	87.43690	87.54892	86.62922	86.27898	87.97113	87.18592	87.29009	86.57461	88.09419	85.01737	87.14322
4/15/2025	4:20:32 PM	87.46245	85.07269	87.28223	87.37490	87.48758	86.57235	86.22421	87.90368	87.12635	87.22893	86.51631	88.02870	84.96822	87.08344
4/15/2025	4:20:35 PM	87.40223	85.02681	87.22177	87.31447	87.42858	86.51849	86.17082	87.83796	87.06787	87.16951	86.45887	87.96413	84.91902	87.02347
4/15/2025	4:20:39 PM	87.34029	84.98080	87.15883	87.25324	87.36709	86.46189	86.11592	87.77014	87.00707	87.10839	86.40040	87.89811	84.87018	86.96341
4/15/2025	4:20:42 PM	87.27913	84.93596	87.09988	87.19496	87.30931	86.40801	86.06368	87.70471	86.94878	87.04835	86.34377	87.83467	84.82310	86.90526
4/15/2025	4:20:46 PM	87.21974	84.89150	87.04115	87.13680	87.25173	86.35477	86.01129	87.63982	86.89141	86.99050	86.28779	87.77119	84.77495	86.84685
4/15/2025	4:20:50 PM	87.16186	84.84584	86.98080	87.07817	87.19514	86.30150	85.96072	87.57684	86.83537	86.93318	86.23268	87.70920	84.72847	86.78980
4/15/2025	4:20:53 PM	87.10306	84.80331	86.92309	87.02157	87.13897	86.25056	85.91023	87.51370	86.77905	86.87599	86.17761	87.64620	84.68151	86.73279
4/15/2025	4:20:57 PM	87.04477	84.76117	86.86669	86.96471	87.08237	86.19837	85.85903	87.45047	86.72288	86.81882	86.12384	87.58550	84.63605	86.67621
4/15/2025	4:21:00 PM	86.98868	84.71706	86.80903	86.90828	87.02581	86.14481	85.80929	87.38821	86.66730	86.76248	86.06898	87.52369	84.58956	86.62013
4/15/2025	4:21:04 PM	86.93062	84.67401	86.75094	86.85158	86.97094	86.09402	85.75861	87.32614	86.61215	86.70684	86.01624	87.46393	84.54419	86.56558
4/15/2025	4:21:08 PM	86.87490	84.63281	86.69701	86.79725	86.91759	86.04583	85.71174	87.26735	86.56023	86.65403	85.96581	87.40721	84.50188	86.51357
4/15/2025	4:21:11 PM	86.82281	84.59296	86.64504	86.74660	86.86696	85.99805	85.66535	87.20998	86.50929	86.60243	85.91672	87.35083	84.46031	86.46216
4/15/2025	4:21:15 PM	86.77091	84.55227	86.59026	86.69407	86.81531	85.95001	85.61872	87.15250	86.45791	86.54955	85.86541	87.29358	84.41725	86.40998
4/15/2025	4:21:18 PM	86.71553	84.51362	86.53696	86.64132	86.76270	85.90213	85.57279	87.09378	86.40609	86.49678	85.81468	87.23618	84.37459	86.35699
4/15/2025	4:21:22 PM	86.66275	84.47392	86.48512	86.58931	86.71176	85.85484	85.52641	87.03740	86.35576	86.44566	85.76681	87.18195	84.33352	86.30740
4/15/2025	4:21:25 PM	86.61230	84.43503	86.43370	86.53888	86.66169	85.80949	85.48303	86.98192	86.30635	86.39584	85.71878	87.12728	84.29262	86.25786
4/15/2025	4:21:29 PM	86.56211	84.39780	86.38510	86.48962	86.61276	85.76471	85.43890	86.92823	86.25922	86.34801	85.67239	87.07429	84.25440	86.21010
4/15/2025	4:21:32 PM	86.51153	84.36156	86.33602	86.44126	86.56433	85.72004	85.39534	86.87363	86.21057	86.29855	85.62573	87.02161	84.21493	86.16191
4/15/2025	4:21:36 PM	86.46374	84.32361	86.28565	86.39353	86.51697	85.67601	85.35301	86.82065	86.16318	86.25002	85.57935	86.96882	84.17584	86.11352
4/15/2025	4:21:40 PM	86.41379	84.28724	86.23569	86.34509	86.47065	85.63212	85.31061	86.76759	86.11634	86.20161	85.53320	86.91651	84.13644	86.06570
4/15/2025	4:21:43 PM	86.36452	84.25141	86.18720	86.29676	86.42273	85.58694	85.26681	86.71336	86.06818	86.15318	85.48588	86.86330	84.09693	86.01775
4/15/2025	4:21:47 PM	86.31576	84.21405	86.13820	86.24848	86.37392	85.54315	85.22414	86.65987	86.02052	86.10502	85.44038	86.81153	84.05774	85.96999
4/15/2025	4:21:51 PM	86.26795	84.17752	86.09030	86.20104	86.32659	85.50012	85.18290	86.60869	85.97540	86.05855	85.39593	86.76122	84.02075	85.92485
4/15/2025	4:21:54 PM	86.22089	84.14336	86.04456	86.15518	86.28101	85.45813	85.14197	86.55774	85.92980	86.01207	85.35080	86.71035	83.98290	85.87821
4/15/2025	4:21:58 PM	86.17255	84.10814	85.99824	86.10965	86.23422	85.41612	85.10148	86.50734	85.88487	85.96613	85.30782	86.66111	83.94578	85.83359
4/15/2025	4:22:01 PM	86.12848	84.07214	85.95174	86.06452	86.19024	85.37499	85.06210	86.45875	85.84202	85.92274	85.26560	86.61322	83.91050	85.79138
4/15/2025	4:22:05 PM	86.08379	84.03991	85.90697	86.02000	86.14739	85.33497	85.02258	86.41027	85.79874	85.87829	85.22319	86.56479	83.87440	85.74645
4/15/2025	4:22:09 PM	86.03863	84.00747	85.86397	85.97680	86.10339	85.29543	84.98434	86.36226	85.75603	85.83479	85.18182	86.51768	83.83973	85.70437
4/15/2025	4:22:12 PM	85.99538	83.97371	85.82015	85.93289	86.06031	85.25544	84.94611	86.31483	85.71337	85.79133	85.13986	86.47110	83.80445	85.66141
4/15/2025	4:22:16 PM	85.95063	83.93992	85.77494	85.88886	86.01786	85.21613	84.90767	86.26583	85.67051	85.74810	85.09884	86.42427	83.77014	85.61892
4/15/2025	4:22:19 PM	85.90765	83.90856	85.73382	85.84690	85.97556	85.17815	84.87038	86.22121	85.63095	85.70686	85.05869	86.37872	83.73664	85.57802
4/15/2025	4:22:23 PM	85.86554	83.87638	85.69137	85.80681	85.93573	85.14114	84.83441	86.17556	85.59012	85.66601	85.02000	86.33457	83.70370	85.53860
4/15/2025	4:22:27 PM	85.82507	83.84563	85.64968	85.76615	85.89572	85.10368	84.79886	86.13152	85.55126	85.62563	84.98174	86.29088	83.67108	85.49906
4/15/2025	4:22:30 PM	85.78450	83.81638	85.61112	85.72654	85.85666	85.06783	84.76393	86.08793	85.51262	85.58695	84.94409	86.24785	83.63994	85.45949
4/15/2025	4:22:34 PM	85.74440	83.78714	85.57212	85.68734	85.81751	85.03176	84.72850	86.04377	85.47372	85.54634	84.90547	86.20405	83.60712	85.41975
4/15/2025	4:22:37 PM	85.70372	83.75477	85.52955	85.64711	85.77838	84.99492	84.69258	86.00004	85.43455	85.50674	84.86761	86.16075	83.57557	85.38126
4/15/2025	4:22:41 PM	85.66400	83.72570	85.49073	85.60742	85.73897	84.95975	84.65972	85.95802	85.39715	85.46904	84.83133	86.11891	83.54442	85.34363
4/15/2025	4:22:45 PM	85.62520	83.69812	85.45346	85.56993	85.70183	84.92474	84.62612	85.91604	85.35968	85.43045	84.79474	86.07770	83.51357	85.30621
4/15/2025	4:22:48 PM	85.58696	83.66763	85.41406	85.53324	85.66383	84.88996	84.59160	85.87311	85.32195	85.39278	84.75883	86.03713	83.48295	85.26901
4/15/2025	4:22:52 PM	85.54894	83.63939	85.37557	85.49475	85.62664	84.85539	84.55936	85.83351	85.28680	85.35672	84.72417	85.99702	83.45375	85.23340
4/15/2025	4:22:55 PM	85.51169	83.61262	85.34065	85.45836	85.59150	84.82288	84.52721	85.79304	85.25154	85.32049	84.68959	85.95795	83.42486	85.19759
4/15/2025	4:22:59 PM	85.47518	83.58542	85.30291	85.42222	85.55490	84.78973	84.49497	85.75301	85.21544	85.28345	84.65407	85.91686	83.39458	85.16090
4/15/2025	4:23:02 PM	85.43774	83.55593	85.26483	85.38466	85.51865	84.75667	84.46236	85.71199	85.17963	85.24737	84.61976	85.87821	83.36558	85.12632
4/15/2025	4:23:06 PM	85.40135	83.52961	85.22996	85.34906	85.48377	84.72359	84.43128	85.67384	85.14479	85.21211	84.58591	85.83950	83.33696	85.09030
4/15/2025	4:23:10 PM	85.36491	83.50317	85.19414	85.31402	85.44879	84.69109	84.39904	85.63468	85.11071	85.17626	84.55098	85.80066	83.30788	85.05555
4/15/2025	4:23:13 PM	85.32913	83.47516	85.15749	85.27855	85.41290	84.65819	84.36722	85.59580	85.07507	85.14122	84.51818	85.76199	83.28010	85.02112
4/15/2025	4:23:17 PM	85.29316	83.44872	85.12296	85.24297	85.37814	84.62646	84.33764	85.55769	85.04206	85.10678	84.48500	85.72488	83.25189	84.98819
4/15/2025	4:23:20 PM	85.25884	83.42318	85.08962	85.21075	85.34533	84.59569	84.30732	85.52149	85.00939	85.07340	84.45314	85.68833	83.22524	84.95544
4/15/2025	4:23:24 PM	85.22553	83.39799	85.05618	85.17882	85.31195	84.56549	84.27854	85.48526	84.97742	85.04122	84.42241	85.65363	83.19860	84.92380
4/15/2025	4:23:27 PM	85.19431	83.36766	84.98931	85.12197	85.28932	84.55895	84.27014	85.45841	84.93652	84.97726	84.34541	85.54863	83.17413	84.87116
4/15/2025	4:23:31 PM	85.08852	83.31248	84.98298	85.14732	85.33294	84.60564	84.29839	85.44618	84.89386	84.91068	84.26660	85.47020	83.15416	84.84348
4/15/2025	4:23:35 PM	85.02733	83.26861	84.95575	85.13290	85.32095	84.58791	84.27805	85.40673	84.84294	84.84855	84.18913	85.37972	83.10804	84.78323
4/15/2025	4:23:38 PM	84.93772	83.20524	84.89061	85.08621	85.28134	84.54805	84.24043	85.35391	84.78498	84.78102	84.11096	85.29140	83.05607	84.72394
4/15/2025	4:23:42 PM	84.85765	83.14568	84.83386	85.04228	85.24704	84.51629	84.20939	85.31116	84.73832	84.72894	84.05089	85.22479	83.01366	84.67774
4/15/2025	4:23:45 PM	84.79830	83.10197	84.79494	85.00839	85.22130	84.49136	84.18509	85.27538	84.70029	84.68453	84.00133	85.17016	82.97981	84.63877
4/15/2025	4:23:49 PM	84.75023	83.06688	84.76021	84.97793	85.19860	84.46754	84.16108	85.24314	84.66507	84.64387	83.95962	85.12121	82.95103	84.60365
4/15/2025	4:23:52 PM	84.70845	83.03528	84.72896	84.95137	85.17784	84.44573	84.13960	85.21304	84.63317	84.60675	83.91885	85.07436	82.92239	84.56949
4/15/2025	4:23:56 PM	84.66833	83.00512	84.69561	84.92310	85.15541	84.42280	84.11870	85.18357	84.60198	84.57004	83.88066	85.03335	82.89727	84.53820
4/15/2025	4:23:59 PM	84.63526	82.97892	84.66648	84.89819	85.13569	84.40224	84.09995	85.15744	84.57473	84.53834	83.84765	84.99456	82.87484	84.50867
4/15/2025	4:24:03 PM	84.60328	82.95304	84.63783	84.87413	85.11436	84.38231	84.08188	85.13114	84.54829	84.50649	83.81315	84.95495	82.85312	84.47945
4/15/2025	4:24:07 PM	84.57240	82.92835	84.61121	84.85097	85.09580	84.36288	84.06400	85.10668	84.52277	84.47646	83.78246	84.92031	82.83356	84.45329
4/15/2025	4:24:10 PM	84.54312	82.90575	84.58588	84.82797	85.07675	84.34316	84.04571	85.08058	84.49585	84.44305	83.74895	84.87916	82.81045	84.42257
4/15/2025	4:24:14 PM	84.50545	82.87817	84.55372	84.79956	85.05151	84.31916	84.02238	85.05065	84.46569	84.40812	83.71481	84.84069	82.78648	84.39276
4/15/2025	4:24:17 PM	84.47214	82.85217	84.52407	84.77251	85.02861	84.29699	84.00065	85.02316	84.43881	84.37761	83.68466	84.80636	82.76576	84.36709
4/15/2025	4:24:21 PM	84.44226	82.83193	84.49991	84.74960	85.00898	84.27714	83.98175	84.99783	84.41370	84.34875	83.65611	84.77481	82.74572	84.34092
4/15/2025	4:24:25 PM	84.40980	82.80879	84.47228	84.72474	84.98624	84.25490	83.96050	84.97035	84.38696	84.31910	83.62812	84.74230	82.72433	84.31443
4/15/2025	4:24:28 PM	84.37829	82.78466	84.44221	84.69840	84.96251	84.23111	83.93784	84.94221	84.35912	84.28843	83.59900	84.70906	82.70122	84.28622
4/15/2025	4:24:32 PM	84.34609	82.76057	84.41195	84.67087	84.93838	84.20617	83.91394	84.91335	84.33109	84.25777	83.57017	84.67573	82.67795	84.25723
4/15/2025	4:24:35 PM	84.31311	82.73577	84.37972	84.64192	84.91142	84.18064	83.88961	84.88387	84.30265	84.22746	83.54145	84.64272	82.65435	84.22883
4/15/2025	4:24:39 PM	84.28094	82.71150	84.34756	84.61054	84.88220	84.15387	83.86452	84.85364	84.27332	84.19598	83.51304	84.60863	82.62981	84.19963
4/15/2025	4:24:43 PM	84.24776	82.68894	84.31512	84.57989	84.85332	84.12644	83.83991	84.82392	84.24497	84.16520	83.48429	84.57597	82.60582	84.17072
4/15/2025	4:24:46 PM	84.21651	82.66418	84.28256	84.54936	84.82403	84.09980	83.81569	84.79479	84.21692	84.13597	83.45725	84.54307	82.58191	84.14229
4/15/2025	4:24:50 PM	84.18404	82.64069	84.25083	84.51733	84.79302	84.07167	83.78937	84.76408	84.18753	84.10492	83.42818	84.50981	82.55670	84.11251
4/15/2025	4:24:53 PM	84.15043	82.61643	84.21840	84.48642	84.76253	84.04287	83.76352	84.73350	84.15815	84.07458	83.40017	84.47718	82.53123	84.08306
4/15/2025	4:24:57 PM	84.11878	82.59170	84.18626	84.45565	84.73259	84.01444	83.73739	84.70311	84.12989	84.04464	83.37277	84.44490	82.50691	84.05428
4/15/2025	4:25:00 PM	84.08776	82.56883	84.15540	84.42415	84.70228	83.98734	83.71228	84.67357	84.10164	84.01490	83.34585	84.41310	82.48302	84.02568
4/15/2025	4:25:04 PM	84.05666	82.54601	84.12395	84.39428	84.67207	83.95967	83.68681	84.64376	84.07377	83.98615	83.31937	84.38143	82.45923	83.99762
4/15/2025	4:25:08 PM	84.02594	82.52396	84.09386	84.36514	84.64329	83.93157	83.66084	84.61402	84.04579	83.95692	83.29212	84.34902	82.43410	83.96832
4/15/2025	4:25:11 PM	83.99528	82.50104	84.06428	84.33569	84.61319	83.90378	83.63512	84.58356	84.01757	83.92734	83.26535	84.31789	82.41039	83.94026
4/15/2025	4:25:15 PM	83.96518	82.47812	84.03269	84.30499	84.58265	83.87537	83.60796	84.55225	83.98816	83.89741	83.23779	84.28572	82.38552	83.91150
4/15/2025	4:25:18 PM	83.93339	82.45485	84.00197	84.27444	84.55232	83.84704	83.58197	84.52164	83.96020	83.86877	83.21085	84.25407	82.36091	83.88283
4/15/2025	4:25:22 PM	83.90484	82.43214	83.97156	84.24464	84.52314	83.81902	83.55669	84.49240	83.93265	83.83997	83.18444	84.22383	82.33743	83.85553
4/15/2025	4:25:26 PM	83.87698	82.41147	83.94340	84.21747	84.49516	83.79359	83.53233	84.46414	83.90661	83.81330	83.16035	84.19550	82.31528	83.82908
4/15/2025	4:25:29 PM	83.84936	82.39082	83.91552	84.18877	84.46598	83.76731	83.50777	84.43520	83.88000	83.78586	83.13519	84.16567	82.29236	83.80197
4/15/2025	4:25:33 PM	83.82123	82.37022	83.88749	84.16111	84.43878	83.74135	83.48339	84.40691	83.85373	83.75869	83.11076	84.13701	82.27062	83.77636
4/15/2025	4:25:36 PM	83.79434	82.34952	83.85955	84.13311	84.41106	83.71563	83.45887	84.37797	83.82735	83.73158	83.08574	84.10778	82.24828	83.74945
4/15/2025	4:25:40 PM	83.76727	82.32948	83.83214	84.10653	84.38316	83.68982	83.43528	84.35012	83.80157	83.70558	83.06181	84.08007	82.22717	83.72392
4/15/2025	4:25:44 PM	83.74066	82.30967	83.80602	84.07923	84.35630	83.66453	83.41085	84.32159	83.77527	83.67890	83.03710	84.05091	82.20571	83.69752
4/15/2025	4:25:47 PM	83.71368	82.28990	83.77850	84.05230	84.32874	83.63842	83.38665	84.29313	83.74905	83.65217	83.01302	84.02279	82.18375	83.67108
4/15/2025	4:25:51 PM	83.68631	82.26920	83.74987	84.02474	84.30066	83.61284	83.36235	84.26429	83.72215	83.62515	82.98801	83.99333	82.16157	83.64503
4/15/2025	4:25:54 PM	83.65753	82.24810	83.72194	83.99690	84.27240	83.58653	83.33755	84.23558	83.69620	83.59848	82.96397	83.96577	82.14005	83.61924
4/15/2025	4:25:58 PM	83.63163	82.22743	83.69514	83.96980	84.24588	83.56153	83.31378	84.20814	83.67113	83.57273	82.94041	83.93847	82.11840	83.59387
4/15/2025	4:26:02 PM	83.60617	82.20800	83.66795	83.94485	84.21902	83.53711	83.29082	84.18048	83.64615	83.54723	82.91739	83.91182	82.09753	83.56878
4/15/2025	4:26:05 PM	83.58140	82.18969	83.64334	83.91824	84.19275	83.51248	83.26783	84.15378	83.62131	83.52312	82.89470	83.88532	82.07769	83.54497
4/15/2025	4:26:09 PM	83.55621	82.17095	83.61756	83.89272	84.16749	83.48895	83.24532	84.12722	83.59662	83.49788	82.87177	83.85893	82.05690	83.52038
4/15/2025	4:26:12 PM	83.53153	82.15264	83.59238	83.86781	84.14111	83.46476	83.22222	84.10006	83.57192	83.47276	82.84973	83.83310	82.03679	83.49566
4/15/2025	4:26:16 PM	83.50695	82.13402	83.56774	83.84223	84.11536	83.44063	83.19984	84.07346	83.54725	83.44813	82.82680	83.80655	82.01685	83.47182
4/15/2025	4:26:20 PM	83.48197	82.11513	83.54243	83.81712	84.09000	83.41718	83.17684	84.04694	83.52292	83.42436	82.80565	83.78144	81.99799	83.44754
4/15/2025	4:26:23 PM	83.45816	82.09720	83.51710	83.79231	84.06460	83.39376	83.15509	84.02040	83.49908	83.40200	82.78281	83.75355	81.97776	83.42588
4/15/2025	4:26:27 PM	83.36476	82.01198	83.32595	83.46560	83.54537	82.80772	82.43670	82.63677	82.57676	82.31595	76.94328	77.65056	80.98110	81.95186
4/15/2025	4:26:30 PM	81.80847	80.84385	82.47042	82.66541	82.75416	82.18769	82.03939	82.54425	81.95503	81.90134	76.90066	78.84904	80.71207	82.07996
4/15/2025	4:26:34 PM	81.22898	80.57531	82.40999	82.71742	82.88740	82.31781	82.11440	82.79018	81.74468	82.07297	76.91347	80.16119	80.69425	82.23039
4/15/2025	4:26:38 PM	80.33196	80.52749	82.41497	82.73625	82.94066	82.35328	82.11333	82.89723	81.54717	82.14252	76.92539	80.65365	80.70045	82.27414
4/15/2025	4:26:41 PM	79.54148	80.55604	82.38936	82.71859	82.94160	82.33909	82.08058	82.92621	81.38818	82.15171	76.94060	80.83835	80.70295	82.25410
4/15/2025	4:26:45 PM	78.97062	80.59215	82.34125	82.67308	82.90506	82.29876	82.03778	82.91283	81.25391	82.14067	76.96410	80.91337	80.69466	82.22152
4/15/2025	4:26:48 PM	78.63573	80.61507	82.27924	82.61182	82.85259	82.24860	81.98664	82.87580	81.15856	82.11525	76.98365	80.91884	80.67611	82.15445
4/15/2025	4:26:52 PM	78.51050	80.61958	82.21383	82.54366	82.79174	82.19001	81.93173	82.82580	81.08495	82.07794	77.00734	80.89290	80.65020	82.11519
4/15/2025	4:26:56 PM	78.48144	80.61373	82.15171	82.47822	82.72721	82.12877	81.87789	82.76926	81.03550	82.03216	77.02584	80.84339	80.61875	82.06375
4/15/2025	4:26:59 PM	78.47743	80.59980	82.08741	82.41018	82.66070	82.06884	81.82490	82.71347	80.99857	81.98171	77.04009	80.79227	80.58525	82.01010
4/15/2025	4:27:03 PM	78.47281	80.58341	82.02544	82.34152	82.59295	82.00838	81.77279	82.65706	80.97006	81.93107	77.05320	80.73837	80.55137	81.95623
4/15/2025	4:27:06 PM	78.47443	80.56683	81.96860	82.27982	82.53295	81.95718	81.72661	82.60365	80.95187	81.88485	77.06090	80.69568	80.51823	81.90542
4/15/2025	4:27:10 PM	78.47227	80.55549	81.91440	82.22155	82.47586	81.90521	81.68096	82.55110	80.93698	81.83667	77.06659	80.65399	80.48551	81.85548
4/15/2025	4:27:13 PM	78.46925	80.54273	81.86187	82.16513	82.42193	81.85599	81.63665	82.49973	80.92523	81.78795	77.07211	80.61934	80.45250	81.80180
4/15/2025	4:27:17 PM	78.46926	80.53103	81.81105	82.11009	82.36856	81.80765	81.59308	82.44830	80.91555	81.73944	77.07821	80.58627	80.41876	81.75250
4/15/2025	4:27:21 PM	78.47064	80.51628	81.76218	82.05824	82.31825	81.76185	81.55202	82.40007	80.90927	81.69354	77.08690	80.55818	80.38704	81.70607
4/15/2025	4:27:24 PM	78.47470	80.50281	81.71562	82.00819	82.27048	81.71775	81.51213	82.35303	80.90217	81.64837	77.09385	80.54214	80.35659	81.66099
4/15/2025	4:27:28 PM	78.47808	80.48665	81.67067	81.95927	82.22302	81.67635	81.47379	82.30684	80.89862	81.60604	77.09999	80.54140	80.32627	81.62180
4/15/2025	4:27:32 PM	78.49268	80.47102	81.62922	81.91395	82.17978	81.63760	81.43795	82.26451	80.89592	81.56562	77.10901	80.54308	80.29756	81.58700
4/15/2025	4:27:35 PM	78.51629	80.45509	81.59006	81.87143	82.13714	81.60096	81.40388	82.22133	80.89262	81.52703	77.11587	80.54817	80.27061	81.55482
4/15/2025	4:27:39 PM	78.54413	80.43755	81.55057	81.82928	82.09637	81.56464	81.37007	82.18035	80.89030	81.48979	77.12225	80.55879	80.24383	81.52246
