04/11/2024	11:12:49	297.02440	297.04963	297.09364	297.03630	296.96092	296.97360	296.99908	296.95312	297.05091	297.01629	296.93685	297.03539	296.37412	296.43267
04/11/2024	11:12:53	297.02206	297.04620	297.09176	297.03395	296.95739	296.96946	296.99701	296.95212	297.04975	297.01631	296.93400	297.03375	296.37266	296.43126
04/11/2024	11:12:56	297.01987	297.04320	297.08936	297.03340	296.95609	296.97017	296.99515	296.95183	297.05000	297.01543	296.93420	297.03293	296.37271	296.43040
04/11/2024	11:13:00	297.01783	297.04201	297.08793	297.03096	296.95602	296.96880	296.99544	296.95109	297.04923	297.01443	296.93188	297.02970	296.36854	296.42641
04/11/2024	11:13:04	297.01385	297.03513	297.08070	297.02229	296.94277	296.95694	296.98002	296.93122	297.02938	296.99120	296.90350	296.99086	296.33127	296.39250
04/11/2024	11:13:07	296.95031	296.91925	296.95627	296.86935	296.75823	296.73309	296.75215	296.61347	296.68212	296.52438	296.35295	296.45641	295.91895	296.16714
04/11/2024	11:13:11	296.29685	296.07278	296.18918	296.10255	295.87714	295.64333	295.64225	295.33420	295.36123	294.91775	294.62490	295.05734	294.93654	295.49905
04/11/2024	11:13:14	294.65344	293.97398	294.21638	294.09700	293.72715	293.48946	293.66573	293.64387	293.82089	293.22098	292.75913	293.41187	293.81531	294.59151
04/11/2024	11:13:18	292.76647	291.56658	292.21995	292.10123	291.47353	291.31134	291.51471	291.70056	291.89415	291.03384	290.40509	291.39671	292.29376	293.44112
04/11/2024	11:13:22	290.30221	288.73721	289.86169	290.02168	288.91781	289.17977	289.05860	289.43476	289.62752	288.62453	287.14623	289.07354	290.49304	292.08744
04/11/2024	11:13:25	287.34398	285.10940	287.61490	287.88788	286.15814	286.91931	286.43257	286.93751	287.02651	286.11933	283.37040	286.54717	288.46713	290.31077
04/11/2024	11:13:29	284.01182	282.03641	285.48029	285.64236	283.19221	284.24126	283.77135	284.29171	284.16094	283.31372	279.81648	283.84326	285.89479	288.09464
04/11/2024	11:13:32	280.46791	279.73964	283.28345	283.29059	280.45935	280.84203	281.39270	281.35536	280.76306	280.71433	276.47425	281.27699	282.92701	285.19158
04/11/2024	11:13:36	277.43184	277.66347	280.71813	280.48827	277.23793	277.31166	278.82398	278.32424	276.58983	278.50672	274.31183	278.20415	279.67938	281.84076
04/11/2024	11:13:40	274.62836	275.23757	278.28664	277.88228	274.97478	274.68080	276.11286	275.39219	273.20601	275.54533	272.08346	274.99903	276.74932	278.68040
04/11/2024	11:13:44	271.65266	272.73293	275.83870	275.26800	272.44580	272.10302	273.15354	272.40520	270.78051	270.87421	269.93432	272.34346	273.87251	275.69508
04/11/2024	11:13:47	269.38375	269.97090	273.25704	272.73231	269.73320	269.56286	270.05346	269.77671	268.63445	267.06290	267.39164	269.40970	270.87285	272.71378
04/11/2024	11:13:51	267.08174	267.02772	270.54810	269.88476	266.84225	266.78435	267.02909	267.00612	266.39126	263.62678	264.73237	265.79967	267.32892	269.43520
04/11/2024	11:13:54	264.19099	263.24355	266.88671	266.58878	262.84868	263.36883	262.67414	263.20388	263.03627	259.70721	261.31106	261.81527	262.89759	264.84154
04/11/2024	11:13:58	260.68688	258.32912	262.49553	261.86932	257.71313	258.13997	258.11467	258.99110	259.35559	255.78411	256.70592	257.49967	258.32907	260.35270
04/11/2024	11:14:02	256.95646	253.46343	258.40501	257.78432	253.31900	253.40340	253.89102	255.17080	255.49543	252.07499	251.42679	253.76553	253.98681	256.34555
04/11/2024	11:14:06	253.66393	249.89599	254.98740	254.79436	250.20502	250.18286	250.35034	251.91287	252.68382	249.21008	247.59109	250.82253	250.42272	252.97333
04/11/2024	11:14:09	250.32726	246.90297	251.99202	252.03464	247.37414	247.33365	247.30186	248.67486	249.68400	246.26081	244.03661	247.91840	246.99704	249.62469
04/11/2024	11:14:13	247.22110	243.95409	248.86811	249.08393	244.42031	244.37334	244.46150	245.48484	246.65141	243.13769	240.40513	244.73481	243.44189	246.18070
04/11/2024	11:14:17	244.15026	240.71780	245.66629	246.05494	241.32228	241.29023	241.56758	242.10177	243.53588	239.91933	236.93937	241.44633	239.66776	242.62135
04/11/2024	11:14:21	241.04956	237.55809	242.83644	243.39221	238.83649	238.66138	239.09221	239.24833	240.91253	237.20271	234.11710	238.45881	236.25104	239.45913
04/11/2024	11:14:24	238.19057	234.66056	240.01397	240.67225	236.16843	235.89449	236.53930	236.47790	238.27921	234.39266	231.42892	235.51558	232.95303	236.26228
04/11/2024	11:14:28	235.37900	231.68895	237.36159	238.02304	233.47017	233.23004	233.82261	233.82013	235.71293	231.74767	228.81651	232.81730	229.81450	233.24223
04/11/2024	11:14:31	232.65307	228.76045	234.71873	235.40380	230.70953	230.66128	231.09997	231.19552	233.17255	229.16634	226.19975	230.16820	226.74154	230.28727
04/11/2024	11:14:35	230.08796	225.91547	232.16819	232.88943	227.90682	228.31272	228.34640	228.65455	230.59017	226.79555	223.70644	227.77334	223.81194	227.41459
04/11/2024	11:14:39	227.63877	223.29753	229.69752	230.43342	225.31621	226.04449	225.70853	226.18412	228.11790	224.47521	221.31474	225.40553	220.99018	224.63457
04/11/2024	11:14:42	225.23611	220.85960	227.29351	228.01521	222.86932	223.84899	223.26881	223.72564	225.67974	222.12409	218.98618	223.08086	218.21074	221.88871
04/11/2024	11:14:46	222.91502	218.56712	224.89000	225.72628	220.48989	221.70912	220.95805	221.39883	223.33005	219.85360	216.74560	220.79912	215.53926	219.25042
04/11/2024	11:14:49	220.60270	216.31208	222.54960	223.46174	218.19873	219.58474	218.71750	219.16567	221.09205	217.73428	214.56243	218.54225	212.94273	216.69686
04/11/2024	11:14:53	218.30485	214.13548	220.25838	221.27490	215.96308	217.46137	216.48492	216.94788	218.91798	215.62946	212.35954	216.25345	210.35050	214.15307
04/11/2024	11:14:57	216.04468	211.92025	218.00893	219.06438	213.79987	215.40696	214.29973	214.77478	216.78645	213.58444	210.23271	214.01018	207.84862	211.70417
04/11/2024	11:15:00	213.82028	209.77509	215.81525	216.92489	211.61589	213.31116	212.14785	212.59250	214.64408	211.53465	208.09765	211.80294	205.35582	209.27995
04/11/2024	11:15:04	211.66757	207.67007	213.69568	214.84890	209.53053	211.31051	210.07311	210.50186	212.60517	209.55278	206.06482	209.70431	202.98654	206.97718
04/11/2024	11:15:07	209.56920	205.62760	211.63282	212.80652	207.49006	209.35846	208.06747	208.47023	210.59893	207.59102	204.07248	207.65666	200.67951	204.74206
04/11/2024	11:15:11	207.54095	203.63771	209.61437	210.82580	205.48545	207.40168	206.07983	206.45432	208.62289	205.66624	202.11423	205.64412	198.42310	202.55936
04/11/2024	11:15:15	205.56202	201.60975	207.54486	208.78973	203.42640	205.43416	204.06076	204.41209	206.62197	203.71534	200.13329	203.61019	196.15274	200.37541
04/11/2024	11:15:18	203.52808	199.71536	205.46266	206.72748	201.35926	203.41060	202.01358	202.13414	204.38133	201.51576	197.90863	201.33702	193.64065	197.95943
04/11/2024	11:15:23	201.28165	197.51120	203.39017	204.67605	199.28781	201.38752	199.97593	200.27291	202.55614	199.71374	196.09693	199.47122	191.59111	195.99556
04/11/2024	11:15:26	199.44216	195.70116	201.55930	202.85528	197.46815	199.59066	198.18444	198.46565	200.72492	197.91080	194.27911	197.61977	189.57001	194.06505
04/11/2024	11:15:30	197.50429	193.78184	199.62071	200.91299	195.53196	197.68056	196.28707	196.55364	198.88348	196.08783	192.44736	195.75195	187.54525	192.12261
04/11/2024	11:15:34	195.74911	192.04879	197.87136	199.15871	193.77468	195.94594	194.57508	194.82842	197.18056	194.32886	190.69007	193.96590	185.61344	190.28370
04/11/2024	11:15:38	193.96419	190.27646	196.09451	197.36840	191.99235	194.17966	192.83225	193.08005	195.44414	192.66879	189.03258	192.28690	183.80978	188.56374
04/11/2024	11:15:41	192.30992	188.63239	194.43752	195.68389	190.31762	192.51808	191.19658	191.44415	193.80877	191.03166	187.41050	190.64311	182.05272	186.88199
04/11/2024	11:15:45	190.70603	187.03501	192.83292	194.04119	188.69881	190.90464	189.61598	189.86103	192.24985	189.47410	185.86273	189.07969	180.38906	185.29325
04/11/2024	11:15:48	189.13113	185.46639	191.25589	192.42796	187.10774	189.31802	188.06120	188.30995	190.67517	187.89752	184.30523	187.50333	178.72784	183.69769
04/11/2024	11:15:52	187.55908	183.89570	189.68301	190.80422	185.51078	187.72201	186.49233	186.75310	189.15553	186.37215	182.79748	185.98166	177.13308	182.16640
04/11/2024	11:15:56	186.07456	182.41537	188.19535	189.26955	184.00119	186.21702	185.02680	185.30211	187.70796	184.91621	181.36213	184.53517	175.62671	180.71638
04/11/2024	11:15:59	184.61867	180.95814	186.70065	187.71332	182.46799	184.68432	183.53333	183.82218	186.22932	183.40541	179.87325	183.03172	174.07970	179.21309
04/11/2024	11:16:03	183.12454	179.46030	185.23977	186.19314	180.97074	183.20155	182.08765	182.40088	184.80709	182.00208	178.49057	181.63815	172.65157	177.82179
04/11/2024	11:16:07	181.74242	178.07882	183.85352	184.73778	179.55186	181.78587	180.71221	181.04843	183.44868	180.63473	177.14253	180.27719	171.26908	176.46546
04/11/2024	11:16:10	180.38803	176.71981	182.49407	183.31162	178.15531	180.39630	179.36954	179.72622	182.12013	179.29904	175.82618	178.94739	169.92864	175.14855
04/11/2024	11:16:14	179.06397	175.39780	181.16829	181.91551	176.79187	179.04048	178.04594	178.43408	180.82075	177.99197	174.54407	177.65211	168.62740	173.86499
04/11/2024	11:16:18	177.77917	174.11209	179.87996	180.55529	175.46525	177.72312	176.76799	177.18562	179.56423	176.72775	173.30039	176.38755	167.36991	172.61834
04/11/2024	11:16:21	176.51662	172.84693	178.61445	179.21588	174.16567	176.42836	175.50351	175.95880	178.32767	175.48534	172.07799	175.15544	166.14661	171.40140
04/11/2024	11:16:25	175.28496	171.61147	177.37934	177.90482	172.89118	175.16489	174.27738	174.76786	177.12784	174.27916	170.89652	173.95651	164.96575	170.22224
04/11/2024	11:16:28	174.08648	170.40990	176.17962	176.63137	171.65512	173.93055	173.07944	173.61035	175.95861	173.10596	169.74583	172.78688	163.81483	169.07350
04/11/2024	11:16:32	172.91173	169.23019	175.00506	175.37964	170.43583	172.71694	171.90090	172.46877	174.80844	171.94141	168.61480	171.63576	162.69260	167.95261
04/11/2024	11:16:35	171.76898	168.08523	173.85769	174.15867	169.24915	171.54151	170.75557	171.36426	173.68971	170.81372	167.50892	170.51457	161.59152	166.84851
04/11/2024	11:16:39	170.64636	166.95452	172.72996	172.95111	168.08460	170.38493	169.62800	170.28515	172.59175	169.71616	166.43589	169.42460	160.53086	165.78154
04/11/2024	11:16:43	169.55401	165.85347	171.63545	171.78168	166.94731	169.26484	168.53728	169.22602	171.52691	168.64665	165.38999	168.36351	159.49595	164.74202
04/11/2024	11:16:46	168.49139	164.78920	170.56611	170.63520	165.84426	168.17846	167.47189	168.20884	170.49224	167.60739	164.36884	167.33203	158.48942	163.72771
04/11/2024	11:16:50	167.44479	163.73455	169.50770	169.50302	164.75230	167.10766	166.42637	167.08380	169.34378	166.45623	163.24183	166.19418	157.38875	162.62554
04/11/2024	11:16:54	166.26990	162.54382	168.31838	168.22452	163.52871	165.90062	165.25092	166.01661	168.26716	165.37655	162.17675	164.96058	156.18579	161.41213
04/11/2024	11:16:58	165.00780	161.29408	167.06282	166.87048	162.24001	164.63569	164.01504	164.88217	167.11757	164.22823	161.04069	163.97195	155.22860	160.43917
04/11/2024	11:17:02	164.03462	160.31943	166.07850	165.80802	161.22580	163.63956	163.04081	163.94607	166.16413	163.27805	160.10099	163.02626	154.30993	159.50965
04/11/2024	11:17:06	163.08339	159.37087	165.11577	164.77056	160.24032	162.67129	162.09745	162.95068	165.15554	162.27173	159.11722	162.02038	153.34333	158.53095
04/11/2024	11:17:10	162.07839	158.36884	164.09601	163.67331	159.20534	161.65206	161.09507	162.06808	164.25692	161.38336	158.24760	161.12570	152.48859	157.66099
04/11/2024	11:17:13	161.16326	157.46019	163.16846	162.67463	158.26513	160.72315	160.20055	161.16440	163.33590	160.46981	157.35249	160.21199	151.61569	156.77418
04/11/2024	11:17:17	160.22302	156.52980	162.21218	161.64437	157.29850	159.76719	159.27284	160.31024	162.46104	159.60646	156.50931	159.34615	150.79442	155.93636
04/11/2024	11:17:21	159.34617	155.66628	161.32002	160.68852	156.40052	158.87477	158.40901	159.47605	161.60378	158.76626	155.68684	158.49566	149.98905	155.11556
04/11/2024	11:17:24	158.45535	154.78518	160.40983	159.71468	155.48831	157.96975	157.53417	158.62824	160.73829	157.92288	154.85674	157.63791	149.17754	154.28860
04/11/2024	11:17:28	157.60043	153.95352	159.53931	158.79128	154.62109	157.10987	156.70072	157.81910	159.91329	157.11592	154.06805	156.82911	148.41407	153.50726
04/11/2024	11:17:32	156.76829	153.13874	158.68586	157.88213	153.77442	156.26540	155.88349	157.01711	159.09750	156.32095	153.29480	156.02975	147.66718	152.73818
04/11/2024	11:17:35	155.85481	152.24921	157.75389	156.89659	152.84874	155.34773	154.98981	156.14917	158.20353	155.45354	152.44945	155.15372	146.84872	151.81659
04/11/2024	11:17:40	154.95305	151.36826	156.82381	155.91909	151.89170	154.39550	154.06187	155.25067	157.27483	154.55755	151.58023	154.24634	146.01071	150.97069
04/11/2024	11:17:44	154.05288	150.49310	155.89801	154.94801	151.02660	153.53112	153.22424	154.43527	156.43464	153.74724	150.78965	153.42240	145.25057	150.24180
04/11/2024	11:17:47	153.27016	149.73071	155.09432	154.10761	150.23969	152.74578	152.46286	153.68963	155.66797	153.00870	150.07067	152.67449	144.56592	149.52517
04/11/2024	11:17:51	152.49983	148.98179	154.30273	153.28097	149.46895	151.97642	151.71560	152.95617	154.91507	152.28051	149.36322	151.93502	143.88909	148.82049
04/11/2024	11:17:55	151.74602	148.24980	153.52020	152.46904	148.70732	151.21506	150.97708	152.22938	154.17015	151.56796	148.66698	151.20932	143.22823	148.12562
04/11/2024	11:17:58	151.00504	147.52981	152.75568	151.67486	147.96683	150.47190	150.25677	151.52217	153.44258	150.87962	147.98403	150.49015	142.58051	147.44886
04/11/2024	11:18:02	150.27049	146.81905	151.99914	150.87469	147.22075	149.72194	149.52586	150.82081	152.70703	150.17735	147.29314	149.76611	141.92992	146.76130
04/11/2024	11:18:05	149.53075	146.10254	151.23265	150.10031	146.49935	148.99520	148.81657	150.13092	151.99152	149.48869	146.62705	149.06774	141.29907	146.09981
04/11/2024	11:18:09	148.82291	145.41427	150.49931	149.34591	145.79366	148.28413	148.12878	149.44760	151.28922	148.81976	145.97559	148.38207	140.68320	145.44627
04/11/2024	11:18:13	148.12895	144.74100	149.77632	148.60115	145.09956	147.58254	147.44824	148.77630	150.59786	148.15853	145.33182	147.70707	140.07806	144.80197
04/11/2024	11:18:16	147.44547	144.07727	149.06629	147.87106	144.41938	146.89824	146.77933	148.11696	149.92275	147.51274	144.69980	147.04348	139.48598	144.17084
04/11/2024	11:18:20	146.76452	143.41973	148.36379	147.15444	143.75085	146.21660	146.11408	147.46375	149.24471	146.86048	144.06897	146.38324	138.89480	143.54209
04/11/2024	11:18:24	146.09788	142.77668	147.67004	146.44359	143.09019	145.55226	145.46709	146.83870	148.58798	146.23788	143.45986	145.74028	138.32487	142.93287
04/11/2024	11:18:27	145.44104	142.14618	146.98911	145.75024	142.44459	144.89840	144.83021	146.21335	147.93842	145.61930	142.85475	145.10491	137.76147	142.33151
04/11/2024	11:18:31	144.79621	141.52220	146.30377	145.05044	141.79527	144.23998	144.18697	145.54145	147.24918	144.96015	142.21038	144.43275	137.16115	141.68809
04/11/2024	11:18:35	144.11090	140.85843	145.60304	144.33616	141.12993	143.56540	143.52751	144.92550	146.60444	144.34804	141.60870	143.80494	136.60442	141.05806
04/11/2024	11:18:38	143.43081	140.20467	144.89871	143.62102	140.46461	142.89006	142.87116	144.27818	145.94227	143.71830	140.99261	143.16062	136.03280	140.47372
04/11/2024	11:18:42	142.80986	139.61083	144.25692	142.97148	139.86123	142.27682	142.26682	143.68052	145.32142	143.12830	140.41929	142.56086	135.50083	139.89376
04/11/2024	11:18:46	142.20079	139.02643	143.62691	142.33305	139.26548	141.66958	141.67451	143.09787	144.71497	142.54660	139.85623	141.94988	134.95977	139.31135
04/11/2024	11:18:49	141.58460	138.43852	142.98687	141.68533	138.66132	141.05658	141.07543	142.50896	144.10453	141.96149	139.28516	141.37681	134.45146	138.74336
04/11/2024	11:18:53	140.97532	137.85822	142.35373	141.04857	138.06914	140.45250	140.48410	141.92380	143.49883	141.38726	138.72087	140.78455	133.93228	138.19281
04/11/2024	11:18:57	140.39359	137.28876	141.74207	140.42939	137.49764	139.86744	139.90944	141.35181	142.90288	140.81954	138.16813	140.21323	133.42305	137.64361
04/11/2024	11:19:00	139.79884	136.72889	141.13454	139.81997	136.91898	139.27949	139.33418	140.78572	142.31002	140.25494	137.61703	139.63584	132.91544	137.09248
04/11/2024	11:19:04	139.21836	136.16853	140.52953	139.20890	136.32073	138.66613	138.73310	140.19048	141.69726	139.67127	137.04730	139.04204	132.39097	136.52333
04/11/2024	11:19:08	138.61530	135.59288	139.90284	138.58093	135.77641	138.03804	138.11657	139.58109	141.06464	139.06838	136.46149	138.42856	131.85419	135.93733
04/11/2024	11:19:12	137.99697	135.00254	139.26515	137.93748	135.18094	137.50084	137.58966	139.05472	140.51920	138.54710	135.95316	137.89625	131.38580	135.43071
04/11/2024	11:19:16	137.46279	134.48751	138.70083	137.37269	134.65625	136.96238	137.06134	138.49130	139.93502	137.99057	135.41021	137.33038	130.87959	134.88103
04/11/2024	11:19:20	136.86631	133.92074	138.08181	136.74978	134.07966	136.36935	136.47504	137.94896	139.37229	137.45583	134.88803	136.78815	130.40928	134.36830
04/11/2024	11:19:23	136.32599	133.40338	137.52113	136.19129	133.55902	135.83849	135.95584	137.43272	138.83651	136.92291	134.36827	136.24376	129.93389	133.85019
04/11/2024	11:19:27	135.77786	132.87840	136.94771	135.62193	133.03240	135.29901	135.42417	136.90279	138.28805	136.42269	133.88116	135.74193	129.48735	133.36518
04/11/2024	11:19:31	135.26000	132.38398	136.40908	135.08469	132.53580	134.78973	134.92397	136.40351	137.76884	135.92854	133.40047	135.24142	129.04660	132.88710
04/11/2024	11:19:34	134.75313	131.90223	135.88613	134.56293	132.05208	134.29301	134.43243	135.91368	137.26093	135.44589	132.92856	134.74671	128.61558	132.41893
04/11/2024	11:19:38	134.25798	131.42650	135.36838	134.04394	131.57534	133.80117	133.94736	135.42810	136.75686	134.96451	132.46158	134.26398	128.18687	131.95332
04/11/2024	11:19:42	133.76128	130.95829	134.85559	133.53423	131.10648	133.31495	133.46543	134.94734	136.25825	134.49062	131.99867	133.78457	127.76290	131.49250
04/11/2024	11:19:45	133.27265	130.49041	134.34795	133.03643	130.64111	132.83272	132.99057	134.47252	135.76558	134.02059	131.54197	133.31131	127.34623	131.03778
04/11/2024	11:19:49	132.78996	130.02853	133.84289	132.53663	130.17792	132.35648	132.52219	134.00105	135.27661	133.55430	131.08776	132.83781	126.93366	130.58575
04/11/2024	11:19:52	132.31051	129.57875	133.34801	132.04587	129.72401	131.89001	132.06207	133.53756	134.79581	133.09534	130.64130	132.37152	126.52397	130.14054
04/11/2024	11:19:56	131.84310	129.12963	132.86023	131.56358	129.27435	131.43048	131.60309	133.07980	134.32070	132.64179	130.19986	131.91400	126.12128	129.70325
04/11/2024	11:19:59	131.38068	128.68858	132.37509	131.08289	128.83446	130.97168	131.14805	132.62438	133.84924	132.19166	129.76251	131.46388	125.72172	129.26692
04/11/2024	11:20:03	130.91680	128.25165	131.89419	130.61015	128.39959	130.52230	130.70445	132.17942	133.38745	131.75094	129.33397	131.02164	125.33119	128.84291
04/11/2024	11:20:07	130.47051	127.82206	131.42729	130.15120	127.97333	130.08080	130.26982	131.73978	132.93096	131.31547	128.91098	130.58284	124.94549	128.42205
04/11/2024	11:20:10	130.02422	127.39991	130.96098	129.69295	127.55249	129.64468	129.83906	131.30569	132.48101	130.88639	128.49279	130.14987	124.56480	127.99118
04/11/2024	11:20:14	129.57028	126.97079	130.48948	129.19917	127.09501	129.17458	129.33949	130.80242	131.96085	130.38812	128.00967	129.64789	124.12570	127.52369
04/11/2024	11:20:18	129.08100	126.50194	129.97737	128.70375	126.63861	128.69966	128.89911	130.36120	131.50351	129.94979	127.57139	129.19074	123.72622	127.08683
04/11/2024	11:20:22	128.61723	126.06098	129.49452	128.25014	126.20494	128.25045	128.45290	129.91276	131.03847	129.49817	127.14743	128.75517	123.33836	126.66405
04/11/2024	11:20:26	128.17199	125.64066	129.03316	127.79738	125.79911	127.82939	128.03838	129.49333	130.60332	129.08772	126.74850	128.34332	122.97644	126.26648
04/11/2024	11:20:29	127.75412	125.24358	128.59510	127.36801	125.40476	127.41958	127.63310	129.08324	130.17985	128.68324	126.35658	127.93516	122.61816	125.87388
04/11/2024	11:20:33	127.34251	124.85642	128.16808	126.94865	125.01761	127.01825	127.22146	128.66667	129.74696	128.26931	125.95511	127.52368	122.25315	125.47408
04/11/2024	11:20:37	126.92789	124.45753	127.73115	126.52300	124.62390	126.60883	126.82819	128.26927	129.33684	127.87601	125.57233	127.12778	121.90590	125.09366
04/11/2024	11:20:40	126.52673	124.07937	127.31459	126.11537	124.24703	126.21847	126.44041	127.87012	128.92386	127.48129	125.18975	126.73373	121.56111	124.71566
04/11/2024	11:20:44	126.12619	123.69959	126.89690	125.70357	123.86828	125.82350	126.04901	127.47160	128.51160	127.08649	124.80677	126.33803	121.21217	124.33257
04/11/2024	11:20:48	125.72684	123.32069	126.48015	125.29740	123.49194	125.43461	125.66120	127.08652	128.11366	126.70403	124.43748	125.95582	120.87654	123.96440
04/11/2024	11:20:51	125.33975	122.95516	126.07749	124.90596	123.12782	125.05657	125.28472	126.70585	127.70901	126.31683	124.06038	125.56863	120.53518	123.59116
04/11/2024	11:20:55	124.95122	122.58734	125.67081	124.50925	122.76433	124.67691	124.90716	126.32421	127.28948	125.91460	123.66963	125.16362	120.17864	123.19947
04/11/2024	11:20:59	124.53857	122.19564	125.23908	124.08698	122.37774	124.27058	124.50350	125.91271	126.90003	125.54076	123.30734	124.78458	119.84661	122.83639
04/11/2024	11:21:03	124.15822	121.83420	124.84149	123.70178	122.01933	123.89874	124.13099	125.53464	126.51100	125.16720	122.94445	124.41185	119.51772	122.47837
04/11/2024	11:21:06	123.77950	121.47365	124.45048	123.31765	121.66499	123.53116	123.76554	125.16104	126.12403	124.79534	122.58247	124.04462	119.19392	122.12342
04/11/2024	11:21:10	123.41882	121.13323	124.07397	122.95303	121.32467	123.17642	123.41146	124.80221	125.75401	124.44005	122.23837	123.68623	118.88035	121.78240
04/11/2024	11:21:14	123.06002	120.79762	123.70424	122.59165	120.99376	122.83250	123.06412	124.45019	125.39090	124.09198	121.90174	123.34397	118.57564	121.44867
04/11/2024	11:21:17	122.70942	120.46737	123.33935	122.23753	120.66777	122.49132	122.72075	124.10009	125.03045	123.74557	121.56592	122.99887	118.26900	121.11433
04/11/2024	11:21:21	122.36337	120.13630	122.97743	121.88307	120.33734	122.14939	122.38398	123.75311	124.67238	123.40015	121.23133	122.65575	117.96753	120.78438
04/11/2024	11:21:24	122.02110	119.81524	122.62164	121.53907	120.02031	121.81350	122.04780	123.41213	124.32113	123.06238	120.90382	122.31938	117.67041	120.45932
04/11/2024	11:21:28	121.68263	119.49219	122.26907	121.19457	119.70115	121.48243	121.71792	123.07422	123.97289	122.72736	120.57831	121.98435	117.37669	120.13787
04/11/2024	11:21:32	121.34956	119.17944	121.92154	120.85988	119.39124	121.15483	121.39428	122.73848	123.62986	122.39659	120.25792	121.65331	117.08565	119.81967
04/11/2024	11:21:35	121.01626	118.86299	121.57530	120.52379	119.08112	120.83086	121.06684	122.40496	123.28489	122.06505	119.93628	121.32612	116.79541	119.50233
04/11/2024	11:21:39	120.69081	118.55515	121.23464	120.19459	118.77537	120.51531	120.74248	122.07699	122.94677	121.74011	119.62115	120.99911	116.51059	119.19095
04/11/2024	11:21:42	120.36457	118.25044	120.89766	119.86974	118.47274	120.19833	120.42913	121.75048	122.61328	121.41898	119.30851	120.68146	116.22508	118.88071
04/11/2024	11:21:46	120.04627	117.94311	120.56467	119.54325	118.17160	119.88486	120.11065	121.42614	122.28027	121.09752	118.99583	120.36090	115.94559	118.57305
04/11/2024	11:21:50	119.72885	117.64311	120.23230	119.22646	117.87503	119.57629	119.80269	121.10956	121.95386	120.78379	118.69083	120.04788	115.67014	118.27243
04/11/2024	11:21:53	119.41810	117.34618	119.90745	118.91082	117.58351	119.27173	119.49537	120.79392	121.63045	120.47146	118.38823	119.73894	115.39577	117.97284
04/11/2024	11:21:57	119.10644	117.05113	119.58241	118.59891	117.28504	118.96799	119.22249	120.48103	121.20166	119.91402	117.75382	119.05795	115.01461	117.67627
04/11/2024	11:22:01	118.47765	116.56142	119.28902	118.54238	117.50567	119.22346	119.37238	120.43969	120.94617	119.52723	117.24314	118.46421	114.79751	117.42688
04/11/2024	11:22:04	117.97102	116.13449	118.90947	118.27853	117.33933	119.07369	119.21594	120.19255	120.63325	119.16146	116.83630	118.02116	114.52109	117.11629
04/11/2024	11:22:08	117.55358	115.78538	118.55813	118.00944	117.13275	118.87367	118.99952	119.91895	120.29445	118.79554	116.45273	117.61046	114.23438	116.80486
04/11/2024	11:22:12	117.15457	115.44672	118.23039	117.74033	116.91398	118.65343	118.76240	119.64484	119.96737	118.43130	116.07743	117.21028	113.94478	116.49634
04/11/2024	11:22:15	116.77198	115.10013	117.87879	117.45721	116.67394	118.41379	118.50698	119.33848	119.62557	118.06072	115.68130	116.79401	113.63519	116.16964
04/11/2024	11:22:19	116.36936	114.75966	117.53050	117.16084	116.42224	118.16126	118.24516	119.03863	119.27431	117.68959	115.30423	116.39575	113.33337	115.84964
04/11/2024	11:22:23	115.98149	114.42158	117.19619	116.88053	116.18486	117.91832	117.98572	118.74234	118.94939	117.34148	114.94534	116.02105	113.04662	115.54532
04/11/2024	11:22:27	115.61972	114.08619	116.86556	116.59829	115.94893	117.67267	117.72253	118.44522	118.61971	117.00118	114.59464	115.64376	112.75614	115.23437
04/11/2024	11:22:30	115.24440	113.74230	116.52764	116.30479	115.68362	117.40745	117.45450	118.14645	118.27984	116.64873	114.24168	115.27261	112.46278	114.92330
04/11/2024	11:22:34	114.88662	113.42285	116.20458	116.02011	115.42106	117.14836	117.19105	117.83423	117.94394	116.30608	113.88698	114.90473	112.17010	114.60913
04/11/2024	11:22:38	114.52679	113.09188	115.86165	115.72044	115.15703	116.88206	116.91573	117.54836	117.62641	115.97708	113.56280	114.55921	111.89182	114.31450
04/11/2024	11:22:41	114.17995	112.76904	115.54043	115.43108	114.91255	116.61736	116.64271	117.25209	117.30804	115.65540	113.23265	114.20941	111.60959	114.01107
04/11/2024	11:22:45	113.83899	112.45381	115.22359	115.14405	114.65032	116.35232	116.37249	116.96306	116.99137	115.32017	112.90845	113.87873	111.34136	113.72175
04/11/2024	11:22:49	113.50609	112.14375	114.90550	114.86057	114.38173	116.09062	116.10144	116.66414	116.67627	114.99731	112.58205	113.53852	111.06711	113.42892
04/11/2024	11:22:53	113.19051	111.85584	114.60670	114.57926	114.14407	115.83473	115.83968	116.38618	116.37525	114.68938	112.27702	113.22275	110.80243	113.14255
04/11/2024	11:22:56	112.87257	111.56830	114.30417	114.30643	113.88833	115.57490	115.57359	116.09945	116.07339	114.38411	111.97199	112.90318	110.53844	112.86073
04/11/2024	11:23:00	112.55374	111.27667	113.99814	114.02532	113.64459	115.31861	115.31027	115.81455	115.76829	114.07741	111.67201	112.58637	110.27595	112.57799
04/11/2024	11:23:03	112.24226	110.98767	113.69759	113.75513	113.38189	115.05869	115.04893	115.53845	115.47088	113.77987	111.37688	112.27759	110.01746	112.30184
04/11/2024	11:23:07	111.93451	110.70248	113.40129	113.47932	113.14290	114.80038	114.78292	115.25865	115.17483	113.48234	111.08404	111.97305	109.76266	112.02523
04/11/2024	11:23:11	111.63271	110.41788	113.11208	113.21177	112.88950	114.54890	114.52218	114.97983	114.88261	113.19180	110.79953	111.66412	109.51275	111.75462
04/11/2024	11:23:14	111.33463	110.13848	112.81884	112.93934	112.64341	114.28955	114.26437	114.70856	114.59085	112.90897	110.51227	111.36765	109.26380	111.48432
04/11/2024	11:23:18	111.04786	109.87093	112.53491	112.67090	112.40642	114.03913	114.00805	114.44019	114.30418	112.61457	110.22442	111.07600	109.01644	111.21358
04/11/2024	11:23:21	110.76732	109.60466	112.25685	112.40956	112.15675	113.78610	113.74590	114.16348	114.02618	112.33463	109.94500	110.78560	108.76816	110.94703
04/11/2024	11:23:25	110.47240	109.32807	111.96572	112.14103	111.91967	113.53240	113.48809	113.88972	113.73882	112.05557	109.66904	110.49759	108.52270	110.68220
04/11/2024	11:23:29	110.18384	109.06450	111.68251	111.87869	111.67866	113.28293	113.23642	113.62629	113.45806	111.76939	109.39848	110.21721	108.26946	110.38883
04/11/2024	11:23:33	109.85915	108.76543	111.37180	111.58199	111.40557	112.99937	112.95098	113.32453	113.13802	111.46624	109.09825	109.89917	108.01004	110.12528
04/11/2024	11:23:36	109.57928	108.50337	111.09557	111.32326	111.16196	112.75164	112.69594	113.06148	112.86680	111.19341	108.83289	109.62304	107.77321	109.86980
04/11/2024	11:23:40	109.30293	108.24822	110.81887	111.07016	110.91634	112.50033	112.44086	112.72864	112.51544	110.85685	108.49250	109.26336	107.46734	109.53372
04/11/2024	11:23:45	108.94962	107.90194	110.45164	110.72024	110.59239	112.16139	112.09759	112.43798	112.22047	110.55652	108.21440	108.94050	107.18999	109.23079
04/11/2024	11:23:49	108.62973	107.60936	110.14816	110.42776	110.33143	111.86250	111.79476	112.13118	111.90233	110.24675	107.90635	108.65612	106.94456	108.96608
04/11/2024	11:23:53	108.35590	107.34791	109.86914	110.15972	110.08873	111.62059	111.54813	111.87225	111.63098	109.98043	107.65115	108.39112	106.71630	108.71755
04/11/2024	11:23:56	108.10579	107.10790	109.61062	109.91331	109.86005	111.38167	111.30310	111.61439	111.37464	109.73278	107.39711	108.13517	106.49006	108.47173
04/11/2024	11:24:00	107.84715	106.85979	109.35360	109.66667	109.61028	111.12984	111.05052	111.34972	111.09501	109.46449	107.14350	107.87317	106.26008	108.21940
04/11/2024	11:24:04	107.57969	106.61005	109.08028	109.41141	109.38006	110.89226	110.81041	111.10214	110.84088	109.20895	106.90694	107.62000	106.03939	107.97793
04/11/2024	11:24:07	107.33182	106.38018	108.82690	109.16573	109.15300	110.65175	110.56915	110.82565	110.56084	108.94297	106.63967	107.34123	105.79719	107.71478
04/11/2024	11:24:11	107.06002	106.12073	108.55607	108.90723	108.91631	110.40201	110.30657	110.58374	110.29915	108.68107	106.39936	107.09286	105.57345	107.47151
04/11/2024	11:24:15	106.80815	105.88183	108.30107	108.65957	108.67305	110.15536	110.06324	110.32980	109.99823	108.40346	106.12494	106.80823	105.32670	107.20076
04/11/2024	11:24:19	106.52035	105.61318	108.01702	108.38262	108.42271	109.88554	109.78954	110.04439	109.75081	108.15559	105.89040	106.56595	105.10956	106.96590
04/11/2024	11:24:23	106.27468	105.38773	107.76757	108.14726	108.19442	109.65154	109.55344	109.80580	109.51251	107.91078	105.64982	106.31157	104.88700	106.72257
04/11/2024	11:24:27	106.02200	105.14573	107.50940	107.89491	107.97305	109.40699	109.30140	109.54203	109.24676	107.66817	105.38465	106.05039	104.65655	106.46733
04/11/2024	11:24:31	105.76458	104.90100	107.24620	107.63985	107.72391	109.15728	109.04681	109.28031	108.98777	107.42190	105.13417	105.79763	104.43474	106.22458
04/11/2024	11:24:35	105.51269	104.66535	106.99118	107.38928	107.49953	108.90788	108.79699	109.02424	108.71438	107.15537	104.91524	105.57083	104.23402	106.00274
04/11/2024	11:24:39	105.29442	104.45410	106.75943	107.16590	107.28867	108.68958	108.57678	108.79329	108.48530	106.93027	104.69534	105.34603	104.03656	105.78807
04/11/2024	11:24:43	105.08632	104.24595	106.53637	106.94667	107.07967	108.47273	108.35467	108.56640	108.25417	106.70952	104.48293	105.12470	103.83883	105.57248
04/11/2024	11:24:46	104.86674	104.04335	106.30953	106.72822	106.87310	108.25593	108.13622	108.33720	108.02311	106.49618	104.26580	104.89991	103.64403	105.36189
04/11/2024	11:24:50	104.65116	103.83450	106.08889	106.51423	106.66768	108.04345	107.91675	108.11454	107.80190	106.27243	104.06412	104.69069	103.45193	105.15259
04/11/2024	11:24:53	104.44035	103.63740	105.87453	106.30390	106.46502	107.83274	107.70318	107.89418	107.58533	106.06982	103.85254	104.48137	103.26309	104.94691
04/11/2024	11:24:57	104.22939	103.43424	105.65265	106.09484	106.26099	107.62008	107.49136	107.67789	107.36202	105.84836	103.65158	104.27053	103.07758	104.74207
04/11/2024	11:25:00	104.02575	103.23786	105.44181	105.88534	106.05674	107.41165	107.28116	107.46171	107.14559	105.64076	103.44994	104.06954	102.89151	104.53951
04/11/2024	11:25:04	103.82152	103.04692	105.23163	105.68076	105.86594	107.21064	107.07731	107.24541	106.92124	105.43782	103.24870	103.86272	102.70826	104.33973
04/11/2024	11:25:08	103.61942	102.85047	105.02050	105.47195	105.67637	107.00853	106.86746	107.03243	106.71456	105.22859	103.05683	103.66532	102.52796	104.14182
04/11/2024	11:25:11	103.42180	102.66338	104.81974	105.27138	105.49002	106.80728	106.66177	106.82146	106.50718	105.03360	102.85673	103.47090	102.34813	103.94724
04/11/2024	11:25:15	103.22365	102.47768	104.61273	105.07118	105.30145	106.60562	106.46356	106.61823	106.29616	104.82901	102.66799	103.27664	102.17302	103.75531
04/11/2024	11:25:19	103.02924	102.29049	104.41024	104.87245	105.11063	106.40745	106.26519	106.41045	106.08962	104.63192	102.48107	103.08585	101.99917	103.56337
04/11/2024	11:25:22	102.83934	102.11197	104.21386	104.67919	104.91550	106.21232	106.06418	106.20169	105.88397	104.44029	102.28614	102.89283	101.82261	103.37318
04/11/2024	11:25:26	102.64239	101.92266	104.00481	104.48015	104.72748	106.01193	105.85922	105.99097	105.67755	104.23917	102.09768	102.69582	101.64552	103.17839
04/11/2024	11:25:29	102.45827	101.67111	103.73287	104.20334	104.47242	105.73516	105.58275	105.70394	105.39130	103.96726	101.83190	102.43169	101.40569	102.91813
04/11/2024	11:25:35	102.19474	101.49630	103.54024	104.02011	104.28704	105.54646	105.39220	105.50951	105.20032	103.78156	101.65363	102.24807	101.23915	102.73522
04/11/2024	11:25:38	102.01502	101.31956	103.34802	103.82948	104.10981	105.36303	105.20695	105.31378	104.99939	103.59373	101.47699	102.06418	101.07535	102.55587
04/11/2024	11:25:42	101.83394	101.14956	103.16466	103.64526	103.94000	105.17737	105.01447	105.11640	104.80739	103.40668	101.29567	101.88507	100.90989	102.36937
04/11/2024	11:25:45	101.64559	100.97347	102.96677	103.45199	103.75974	104.94394	104.78244	104.87779	104.56971	103.18628	101.07868	101.66374	100.70808	102.15553
04/11/2024	11:25:50	101.43406	100.76691	102.74381	103.23376	103.53573	104.76044	104.59521	104.68695	104.38090	102.99851	100.90355	101.48727	100.54891	101.98004
04/11/2024	11:25:54	101.26247	100.60632	102.56762	103.05559	103.32788	104.53515	104.36557	104.44812	104.14813	102.78221	100.69045	101.26630	100.34622	101.76069
04/11/2024	11:25:58	101.04229	100.39285	102.33436	102.82307	103.15228	104.34763	104.17680	104.25300	103.95482	102.59524	100.50901	101.09215	100.18481	101.58587
04/11/2024	11:26:02	100.86910	100.23169	102.15271	102.64479	102.98373	104.16838	104.00278	104.06796	103.76484	102.41912	100.34350	100.92138	100.03183	101.41797
04/11/2024	11:26:06	100.70267	100.06900	101.97353	102.47230	102.80577	103.99476	103.82334	103.88819	103.58227	102.24282	100.17667	100.75212	99.87471	101.24446
04/11/2024	11:26:09	100.53166	99.90901	101.79863	102.29608	102.63440	103.81349	103.63891	103.69688	103.40345	102.07588	100.00670	100.58859	99.72330	101.08084
04/11/2024	11:26:13	100.36821	99.74904	101.61691	102.11613	102.47002	103.63408	103.45791	103.50967	103.21851	101.89674	99.84466	100.41614	99.56800	100.91029
04/11/2024	11:26:17	100.20444	99.59031	101.44937	101.94269	102.30917	103.46025	103.28612	103.33440	103.04264	101.73057	99.68126	100.25695	99.42009	100.74854
04/11/2024	11:26:21	100.04417	99.44130	101.28300	101.78028	102.14480	103.29264	103.11698	103.15764	102.86960	101.57074	99.52455	100.10214	99.27518	100.59221
04/11/2024	11:26:24	99.88933	99.29265	101.11896	101.62014	101.99326	103.12998	102.95318	102.99044	102.70403	101.41244	99.37276	99.94792	99.13436	100.43817
04/11/2024	11:26:28	99.73849	99.14544	100.95688	101.45820	101.84030	102.96777	102.78840	102.82033	102.53724	101.26049	99.22233	99.79456	98.99361	100.28532
04/11/2024	11:26:31	99.58846	98.99872	100.79575	101.30325	101.68100	102.80617	102.62867	102.65416	102.36769	101.09701	99.07475	99.64267	98.85465	100.13371
04/11/2024	11:26:35	99.43977	98.85468	100.63782	101.14228	101.53857	102.64796	102.46513	102.48241	102.20466	100.93946	98.92255	99.49008	98.71298	99.97955
04/11/2024	11:26:39	99.28797	98.71173	100.48068	100.98523	101.37295	102.48490	102.30487	102.32080	102.04248	100.78773	98.77292	99.34393	98.57748	99.82996
04/11/2024	11:26:42	99.14198	98.57253	100.32983	100.83196	101.23622	102.33174	102.14615	102.15577	101.88342	100.63588	98.62729	99.20148	98.44292	99.68433
04/11/2024	11:26:46	98.99799	98.43525	100.17844	100.68136	101.08061	102.17584	101.99530	101.99754	101.72677	100.48920	98.48611	99.05979	98.31169	99.53974
04/11/2024	11:26:50	98.85690	98.30073	100.03036	100.53264	100.94437	102.02573	101.84006	101.84134	101.57512	100.34647	98.34430	98.91841	98.18085	99.39736
04/11/2024	11:26:53	98.71742	98.16536	99.88136	100.38403	100.79532	101.87309	101.68994	101.68319	101.41670	100.20116	98.20505	98.77835	98.05122	99.25570
04/11/2024	11:26:57	98.57919	98.03189	99.73505	100.23749	100.66054	101.72492	101.54094	101.52938	101.26627	100.05682	98.06715	98.64013	97.92216	99.11612
04/11/2024	11:27:00	98.44230	97.89413	99.59161	100.10771	100.52751	101.58619	101.24996	101.19982	101.39856	99.69688	97.53162	98.16905	96.21731	97.65467
04/11/2024	11:27:04	97.32667	96.86899	98.47048	98.77414	98.98900	99.75530	99.02611	98.81362	98.98456	97.77238	93.75899	96.43735	94.10490	96.15170
04/11/2024	11:27:08	96.62538	96.09492	98.05142	98.78652	99.02264	99.59254	98.99701	98.81385	98.16145	97.43571	92.96305	96.47181	94.65392	96.29763
04/11/2024	11:27:12	96.41664	95.98770	98.00116	98.66049	98.97426	99.81567	99.52596	99.20448	98.26539	98.06236	92.86987	96.68682	95.57292	97.14186
04/11/2024	11:27:16	96.71322	96.21414	98.01672	98.70518	99.12772	99.93228	99.55656	99.16809	97.90451	97.89953	92.60195	96.51716	95.45640	97.04543
04/11/2024	11:27:20	96.53737	96.08152	97.83954	98.54258	99.00700	99.80359	99.38069	98.97554	97.52795	97.57362	92.36606	96.22267	95.19583	96.83387
