9/18/2025	4:11:04 PM	76.66728	76.61323	76.58864	77.10377	77.16783	76.68877	77.20078	77.16539	77.25780	77.05818	76.61598	77.13935	76.63380	76.67468
9/18/2025	4:11:07 PM	76.66742	76.61365	76.58879	77.10383	77.16776	76.68866	77.20054	77.16505	77.25804	77.05783	76.61577	77.13913	76.63355	76.67499
9/18/2025	4:11:11 PM	76.66725	76.61329	76.58890	77.10403	77.16788	76.68904	77.20063	77.16496	77.25777	77.05821	76.61592	77.13902	76.63343	76.67460
9/18/2025	4:11:15 PM	76.66681	76.61318	76.59012	77.10676	77.16933	76.69178	77.19966	77.16478	77.25756	77.05851	76.61769	77.14378	76.63098	76.67427
9/18/2025	4:11:18 PM	76.68353	76.61379	76.58529	77.10736	77.17107	76.69099	77.20534	77.16833	77.38844	76.99351	76.54564	77.06914	76.55885	76.60769
9/18/2025	4:11:22 PM	76.60812	76.54937	76.52666	77.04970	77.10893	76.63032	77.14008	77.11756	77.21311	77.01756	76.57555	77.09935	76.58063	76.62782
9/18/2025	4:11:26 PM	76.62218	76.56127	76.54299	77.06742	77.13423	76.65653	77.16923	77.17705	77.29128	77.07813	76.60764	77.11239	76.61543	76.65658
9/18/2025	4:11:29 PM	76.63303	76.57679	76.56541	77.08839	77.16634	76.67406	77.23813	77.25700	77.34043	77.20701	76.66774	77.17577	76.63228	76.69404
9/18/2025	4:11:33 PM	76.67748	76.61713	76.58981	77.09653	77.17080	76.69614	77.23841	77.23612	77.32389	77.11629	76.65647	77.18769	76.65223	76.70719
9/18/2025	4:11:36 PM	76.70072	76.63419	76.61456	77.12370	77.18833	76.71109	77.23032	77.22198	77.41252	77.19825	76.80170	77.22303	76.65908	76.71914
9/18/2025	4:11:40 PM	76.70877	76.64692	76.63062	77.15565	77.20807	76.72744	77.24405	77.31102	78.72851	81.53496	78.00297	77.39728	76.68349	76.76458
9/18/2025	4:11:44 PM	76.85563	76.68836	76.68052	77.23154	77.27936	76.77712	77.28606	77.45168	85.11461	89.13353	85.35067	83.08922	76.73995	77.00354
9/18/2025	4:11:47 PM	77.45470	76.82054	77.07384	77.85318	77.72078	76.87415	77.35540	77.64667	91.21189	95.14334	92.20832	87.84477	76.85191	77.34912
9/18/2025	4:11:51 PM	79.68213	78.26684	81.60974	77.55109	80.14287	78.74691	77.45761	77.86942	97.10767	103.33008	98.06012	91.14037	80.94887	78.05443
9/18/2025	4:11:54 PM	84.49055	82.43544	85.66438	79.35096	83.75318	83.84787	77.95907	84.38692	104.53253	110.86529	104.99568	97.96001	89.46356	85.28212
9/18/2025	4:11:58 PM	87.89901	87.74722	90.25784	86.12083	86.40301	88.90997	86.76379	96.14472	111.13624	117.07636	111.16121	105.05114	95.90892	95.30529
9/18/2025	4:12:01 PM	93.39056	94.31164	94.87561	87.79641	88.90561	93.35291	92.71468	104.50808	117.15305	122.51023	116.73280	111.24029	100.55990	102.02768
9/18/2025	4:12:05 PM	100.95430	99.55324	99.08746	94.19784	91.11872	96.86202	98.50764	109.79519	122.36742	127.62276	122.03377	116.21044	104.69753	107.41421
9/18/2025	4:12:09 PM	107.47479	104.62348	102.74682	99.02634	95.02233	100.14836	103.46649	114.51779	127.53235	132.28429	126.94583	120.92001	108.57860	112.47682
9/18/2025	4:12:12 PM	112.92100	109.34983	106.42484	102.67325	99.41649	103.45076	107.90093	119.18099	132.36450	136.80859	131.49447	125.13293	112.17896	117.12019
9/18/2025	4:12:16 PM	117.90592	113.64872	109.80402	106.04115	103.27576	106.71359	112.18279	123.37722	136.37215	141.58710	136.02799	129.24945	116.01286	121.38110
9/18/2025	4:12:19 PM	122.55453	117.33710	112.67517	108.86285	106.55643	109.96580	115.62918	126.96556	140.35026	146.02944	140.51709	133.35786	119.40426	125.45241
9/18/2025	4:12:23 PM	126.69588	121.03412	116.20059	111.87087	109.40468	113.07709	118.88928	130.63981	144.54593	150.49886	145.27728	137.52433	122.71042	129.44046
9/18/2025	4:12:27 PM	130.62891	124.79596	119.37392	114.77936	112.32593	116.15871	122.12928	134.29631	148.58529	154.96139	149.76887	141.57674	126.04993	133.16993
9/18/2025	4:12:30 PM	134.35113	128.18060	122.47459	117.55776	115.20295	119.18627	125.43005	137.94654	152.53305	159.13417	154.18365	145.54205	129.29763	136.71411
9/18/2025	4:12:34 PM	138.29559	131.73289	125.60065	120.30418	117.90605	122.19273	128.54233	141.47276	156.42952	163.08873	158.32873	149.43974	132.66611	140.41448
9/18/2025	4:12:37 PM	141.96215	135.02809	128.69850	123.04004	120.62955	125.16397	131.74368	144.95543	160.22484	166.97431	162.54159	153.06516	135.99214	144.23367
9/18/2025	4:12:41 PM	145.58137	138.44163	131.84691	125.85655	123.16818	127.98636	134.70869	148.42974	163.99653	170.80232	166.34986	156.65068	139.10931	147.71978
9/18/2025	4:12:45 PM	149.15360	141.94787	134.92768	128.39040	125.99861	130.96609	137.61810	151.73569	167.78929	174.48960	170.32891	160.06555	142.35992	151.33595
9/18/2025	4:12:48 PM	152.60908	145.22557	137.92177	131.13688	128.86228	133.92935	140.66546	154.89221	171.46405	178.15534	173.80917	163.39305	145.53573	154.61684
9/18/2025	4:12:52 PM	156.23011	148.10064	140.72589	134.05547	131.73649	136.91141	143.65805	158.05683	174.91806	181.65138	177.38553	166.77854	148.74349	158.14438
9/18/2025	4:12:55 PM	159.51046	151.24375	143.70852	136.87791	134.52132	139.83663	146.72977	161.32366	178.52396	185.09385	180.67015	170.04629	151.83835	161.48943
9/18/2025	4:12:59 PM	162.70562	153.93050	146.54603	139.63249	137.34266	142.64618	149.72881	164.32958	181.88278	188.42632	184.12807	173.23561	154.80761	164.82326
9/18/2025	4:13:03 PM	165.82787	156.90597	149.32374	142.29361	140.23303	145.31100	152.43456	167.52458	185.20015	191.76788	187.67228	176.23143	157.60780	168.12148
9/18/2025	4:13:06 PM	168.89960	159.77568	152.00183	144.94250	142.67107	147.99207	155.04116	170.37244	188.40162	194.89330	190.90719	179.14062	160.40026	171.06663
9/18/2025	4:13:10 PM	172.12162	162.59152	154.59154	147.56703	145.15743	150.56554	157.93610	173.39870	191.71595	197.97610	193.88015	181.81910	163.24923	174.01070
9/18/2025	4:13:13 PM	175.13859	165.16911	157.13001	149.94379	147.72420	153.23883	160.40104	176.20365	194.81440	200.98104	196.96644	184.58813	166.00045	176.93526
9/18/2025	4:13:17 PM	178.00895	167.97675	159.90210	152.42432	150.24067	155.81669	163.00349	178.98261	197.83607	203.97606	199.81222	187.50551	168.64961	179.83077
9/18/2025	4:13:21 PM	180.77259	170.48025	162.46862	154.80278	152.88096	158.29095	165.55113	181.57359	200.52089	206.91419	202.80255	190.29645	171.19969	182.54861
9/18/2025	4:13:24 PM	183.50970	173.10463	164.96789	157.09196	154.94371	160.68580	168.16651	184.15833	203.51370	209.77549	205.71535	192.92159	173.69611	185.11948
9/18/2025	4:13:28 PM	186.13523	175.59693	167.29756	159.33344	157.24765	162.99260	170.50030	186.62548	206.30494	212.51788	208.24807	195.40012	176.21672	187.90540
9/18/2025	4:13:31 PM	188.61536	177.93991	169.44045	161.20488	159.21412	165.19033	172.75795	189.00232	209.07455	215.13268	210.86075	198.03747	178.60708	190.50208
9/18/2025	4:13:35 PM	191.24577	180.32805	171.78869	163.27621	161.21525	167.38440	174.94739	191.39467	211.70227	217.74563	213.41916	200.39531	180.92434	192.92854
9/18/2025	4:13:39 PM	193.64705	182.71322	173.79213	165.34367	163.39844	169.55505	176.84245	193.62050	214.12125	220.21845	216.00662	202.85992	183.15708	195.46263
9/18/2025	4:13:42 PM	196.07866	184.90268	176.04715	167.45950	165.50881	171.59833	178.91191	195.91179	216.48808	222.60919	218.45973	205.16374	185.42103	197.79662
9/18/2025	4:13:46 PM	198.54218	187.15527	178.22519	169.42149	167.42159	173.66555	181.08361	198.12427	218.74096	224.93383	220.77300	207.44244	187.54061	199.92228
9/18/2025	4:13:49 PM	200.81431	189.19799	180.14187	171.30465	169.23996	175.65578	183.02855	200.19481	220.84452	227.13700	223.09918	209.54863	189.54046	202.01514
9/18/2025	4:13:53 PM	202.98270	191.42594	182.01353	173.32322	171.04894	177.54027	184.97707	202.22839	222.97875	229.34057	225.43205	211.69643	191.59480	203.98231
9/18/2025	4:13:56 PM	205.15264	193.41115	183.94078	175.28126	172.97068	179.49248	186.84448	204.14552	224.98978	231.39968	227.32713	213.62291	193.58748	205.95170
9/18/2025	4:14:00 PM	207.27046	195.48968	185.82888	177.09540	174.72381	181.34399	188.77393	206.06744	226.97145	233.42841	229.16583	215.59085	195.47594	207.89190
9/18/2025	4:14:04 PM	209.22635	197.31704	187.51433	178.90056	176.50783	183.14839	190.68534	207.97834	228.83529	235.35454	230.94144	217.32056	197.27822	209.76479
9/18/2025	4:14:07 PM	211.19545	199.18902	189.16948	180.51508	177.98087	184.82998	192.33357	209.76284	230.60640	237.21119	232.88905	219.21083	199.01173	211.60670
9/18/2025	4:14:11 PM	213.07268	200.86309	190.95869	182.05172	179.47833	186.45982	193.86895	211.48156	232.26220	238.95749	234.57077	221.00570	200.73491	213.37704
9/18/2025	4:14:14 PM	214.95150	202.50046	192.57494	183.62038	181.11615	188.17681	195.47141	213.09319	234.04625	240.63403	236.36846	222.53066	202.68896	215.37795
9/18/2025	4:14:18 PM	216.69382	204.22113	194.41638	185.14691	182.83353	189.77952	197.39686	214.17311	234.97137	241.81438	237.23061	223.39380	206.27822	219.03491
9/18/2025	4:14:22 PM	219.00714	207.61296	199.24193	191.27176	188.41236	194.67389	201.67008	216.54906	236.64129	242.42225	238.70174	225.48130	210.05210	221.39475
9/18/2025	4:14:25 PM	221.37855	210.07890	201.28197	192.49208	189.32489	195.90067	202.58275	217.66235	237.73450	243.53999	240.22956	226.88303	210.75502	221.92468
9/18/2025	4:14:29 PM	222.33780	211.11531	202.11509	193.14177	190.24417	196.90999	203.29780	218.26491	237.79235	243.85480	240.83468	227.94313	213.08653	223.99105
9/18/2025	4:14:32 PM	224.08723	213.74543	204.93889	196.83394	193.98409	199.95043	206.33997	220.42312	238.91929	244.20695	242.19025	229.52780	214.41315	224.97936
9/18/2025	4:14:36 PM	225.49545	214.48887	205.73297	197.40575	194.46171	200.73592	207.02471	221.40850	239.60288	245.12743	243.42628	230.50729	216.21843	226.67170
9/18/2025	4:14:40 PM	226.71786	216.03725	207.55195	199.19972	195.80263	202.08632	208.66833	222.72892	240.65601	245.93312	244.56770	231.67281	216.90129	227.24904
9/18/2025	4:14:43 PM	227.51897	216.74577	207.95111	199.33317	196.18365	202.73738	209.17036	223.71519	241.82157	247.06784	245.82396	232.89559	217.23944	227.76740
9/18/2025	4:14:47 PM	228.26691	217.29390	208.28501	199.60030	196.74464	203.50780	210.17207	224.83452	242.98313	247.73619	246.10446	233.10851	216.61768	227.74750
9/18/2025	4:14:50 PM	227.99883	216.18754	207.26928	199.55235	197.98392	204.00636	210.06841	224.73799	241.18982	245.27129	243.77786	231.63411	211.75674	223.21434
9/18/2025	4:14:54 PM	227.12880	215.33853	207.37645	201.16879	201.51853	206.28262	212.42508	225.03722	239.87477	243.00977	241.89110	231.27521	213.34230	223.53459
9/18/2025	4:14:58 PM	225.69150	216.83178	211.00254	208.28077	210.58643	215.10889	219.22864	229.02120	241.41850	242.39165	241.50138	230.31430	216.87681	224.94155
9/18/2025	4:15:01 PM	225.36679	219.67607	215.14632	216.21110	219.45173	222.18511	223.22381	229.11849	239.72462	240.73427	241.89594	232.81151	220.13212	223.84490
9/18/2025	4:15:05 PM	228.90550	223.50632	218.91098	221.19663	223.42324	222.31163	220.86034	227.64017	238.06361	239.52013	241.26961	233.03535	216.67454	221.06808
9/18/2025	4:15:08 PM	229.31148	223.54850	219.36140	221.72658	223.94355	222.22599	220.38171	227.25947	237.81195	240.06477	241.83903	234.27406	216.29023	222.49613
9/18/2025	4:15:12 PM	230.70432	224.19011	220.55989	222.86174	225.08765	223.30883	221.21553	227.75179	237.74323	240.19501	242.53263	235.67973	217.34656	221.91483
9/18/2025	4:15:16 PM	232.98532	226.33186	222.64730	224.80449	227.18774	224.58686	221.77940	227.50543	236.45189	239.51931	242.28125	235.85693	215.14576	219.45307
9/18/2025	4:15:19 PM	233.89628	227.89546	224.25670	225.34691	227.82070	224.24888	220.59810	227.32216	236.00758	238.80946	241.51397	235.52653	213.60267	219.13306
9/18/2025	4:15:23 PM	233.70392	227.70227	223.66996	223.96120	226.44444	224.07201	221.50033	228.57096	238.02582	240.83437	243.58118	236.89615	217.06419	223.89715
9/18/2025	4:15:26 PM	234.80832	228.06450	222.86544	224.08606	226.62500	224.15318	223.39470	230.59555	241.11262	243.25582	245.89065	238.79859	220.97063	228.55609
9/18/2025	4:15:30 PM	236.53744	229.03346	222.82531	224.88904	227.29019	224.50089	225.04087	232.75882	243.97890	245.61838	248.19751	240.80247	224.74974	232.68901
9/18/2025	4:15:33 PM	238.33107	229.97275	222.39003	226.07978	228.38159	225.27942	226.67807	234.77275	246.25678	247.79029	250.39330	242.85026	228.39522	236.23166
9/18/2025	4:15:37 PM	240.19839	231.01539	222.33707	227.78741	229.71052	226.26616	228.35550	236.58923	248.26126	249.71060	252.51854	244.79258	231.49283	239.22823
9/18/2025	4:15:41 PM	241.97191	232.10583	223.11616	229.71454	231.40185	227.43784	230.26518	238.43041	250.41283	251.62825	254.41018	246.59292	234.36550	241.97257
9/18/2025	4:15:44 PM	243.72525	233.18618	223.98631	231.50925	233.36491	228.54758	231.75025	240.21543	252.31841	253.36309	255.85279	248.25120	236.86344	244.27575
9/18/2025	4:15:48 PM	245.42238	234.35659	225.36570	233.69463	235.12413	229.78177	233.14097	241.96578	253.70877	254.84625	257.39608	249.76505	239.31045	246.31908
9/18/2025	4:15:51 PM	246.84247	235.18568	225.40478	234.62848	236.75088	231.10808	234.41797	243.58829	255.07759	256.19352	258.78044	250.92970	241.54578	248.11032
9/18/2025	4:15:55 PM	247.93119	234.82231	225.91638	235.61846	238.27404	232.52202	235.80554	244.91446	255.90808	257.26242	259.91446	251.80694	243.65013	249.68932
9/18/2025	4:15:59 PM	248.95740	234.64710	226.77420	237.25006	240.00106	233.81063	237.42975	246.24768	257.25682	258.40882	260.93321	252.76730	245.09255	251.27731
9/18/2025	4:16:02 PM	249.90986	235.01748	227.57455	238.97776	241.49548	235.16349	238.77887	247.53342	258.68783	259.55839	261.78386	253.62198	246.24992	252.57431
9/18/2025	4:16:06 PM	250.86295	235.28584	229.15155	240.82733	243.01951	236.56807	240.28892	248.60015	259.74355	260.52912	262.60356	254.27009	247.65003	253.68108
9/18/2025	4:16:09 PM	251.66548	236.17265	230.84038	242.69082	244.44780	237.91109	241.63859	249.63041	260.24664	261.25486	263.70123	255.05174	249.20604	254.81114
9/18/2025	4:16:13 PM	252.47276	237.33841	232.60260	244.35227	245.95565	239.03433	242.87024	250.67003	261.00314	262.10074	264.45985	255.82164	250.24035	255.78685
9/18/2025	4:16:17 PM	253.27595	237.83305	233.59761	245.65847	247.64703	239.77919	243.97484	251.84194	262.33550	262.99724	265.17565	256.66166	250.96565	256.72637
9/18/2025	4:16:20 PM	254.10055	238.17100	234.57274	246.72828	249.02986	240.62756	244.84797	252.91959	263.43374	263.83669	265.85270	257.46969	251.65348	257.69567
9/18/2025	4:16:24 PM	254.86754	238.51026	235.38375	247.56480	250.58138	241.55486	245.63728	253.93045	264.27433	264.65231	266.48739	258.19708	252.19817	258.52737
9/18/2025	4:16:27 PM	255.55735	239.04074	236.11892	248.15312	252.05291	242.57990	246.30414	254.91101	264.93890	265.30027	267.04403	258.90679	252.70953	259.28388
9/18/2025	4:16:31 PM	256.28010	239.82241	236.94986	248.66860	253.54136	243.64425	247.06322	255.76138	265.47830	266.07717	267.81823	259.67529	253.34863	260.04270
9/18/2025	4:16:35 PM	256.99892	240.45907	237.73679	249.32529	254.93130	244.65482	247.79676	256.60631	265.97023	266.68669	268.37137	260.37409	253.98960	260.74282
9/18/2025	4:16:38 PM	257.71972	241.05903	238.47961	250.04570	256.20106	245.59956	248.51063	257.41937	266.52117	267.30707	268.97355	261.08636	254.65886	261.43295
9/18/2025	4:16:42 PM	258.51226	241.67147	239.18352	250.92460	257.44016	246.62489	249.28911	258.24242	267.22433	267.90727	269.49551	261.81701	255.41595	262.09752
9/18/2025	4:16:45 PM	259.23370	242.53042	240.01900	251.82310	258.81164	247.62683	250.12298	259.08244	267.91898	268.51137	270.15964	262.55637	256.17492	262.84695
9/18/2025	4:16:49 PM	259.99719	243.48086	240.88875	252.78348	260.15641	248.58324	251.01809	259.90082	268.62008	269.06557	270.76965	263.37954	256.93410	263.47859
9/18/2025	4:16:53 PM	260.76278	244.37927	241.88517	253.75136	261.47433	249.56288	251.82773	260.70542	269.17539	269.64018	271.27542	264.11566	257.62319	264.23472
9/18/2025	4:16:56 PM	261.43204	245.30392	242.93437	254.87992	262.80494	250.55752	252.65878	261.51199	269.88784	270.18052	271.69466	264.78841	258.30846	264.87187
9/18/2025	4:17:00 PM	262.13262	246.17523	243.86195	256.20238	264.09041	251.30521	253.61425	262.41158	270.69044	270.68533	272.11624	265.47460	259.15066	265.43676
9/18/2025	4:17:03 PM	262.85291	246.90593	244.67734	257.61361	265.15780	252.20155	254.60975	263.33132	271.38890	271.18278	272.39259	266.20993	260.04430	266.01135
9/18/2025	4:17:07 PM	263.58302	247.77351	245.68508	259.34959	266.09401	253.00620	255.67289	264.20678	272.08539	271.69086	272.64825	266.95489	260.92061	266.62320
9/18/2025	4:17:11 PM	264.30600	248.58525	246.52168	260.90139	266.99058	253.99704	256.72727	265.09688	272.51764	272.16232	272.98900	267.68209	261.76974	267.29059
9/18/2025	4:17:14 PM	265.02846	249.40997	247.40794	262.26557	267.96056	254.92315	257.81575	265.96645	272.94665	272.52523	273.44995	268.48393	262.61527	267.97300
9/18/2025	4:17:18 PM	265.73050	250.18977	248.21818	263.56116	269.02272	255.82700	258.76738	266.78598	273.51475	272.75367	273.98088	269.25186	263.34647	268.62683
9/18/2025	4:17:21 PM	266.49141	251.02293	249.22180	264.52611	270.05518	256.65528	259.71073	267.60211	274.19165	272.89865	274.62700	270.02262	264.01204	269.35476
9/18/2025	4:17:25 PM	267.26464	251.92109	250.25701	265.30721	270.97637	257.53827	260.50542	268.39843	275.03040	273.20032	275.34420	270.81993	264.68288	270.02925
9/18/2025	4:17:29 PM	268.03073	252.96889	251.36955	266.06500	271.74025	258.41086	261.10832	269.00801	275.65720	273.82827	276.07209	271.54059	265.31308	270.66589
9/18/2025	4:17:32 PM	268.81998	254.52242	252.72802	267.12293	272.40476	259.40705	261.72434	269.49699	276.06375	274.35528	276.71197	272.17150	265.92519	271.24185
9/18/2025	4:17:36 PM	269.58125	256.30665	254.28659	268.19908	273.02042	260.57063	262.36929	269.94115	276.63461	274.92579	277.40556	272.70528	266.60053	271.83673
9/18/2025	4:17:39 PM	270.29840	257.97865	255.63448	269.40122	273.83789	261.70844	263.06072	270.44256	277.20886	275.87370	278.06985	272.96022	267.29784	272.32538
9/18/2025	4:17:43 PM	271.03462	259.61659	256.98864	270.53014	274.67371	262.77870	263.70995	270.97108	277.73105	276.67608	278.76479	273.05990	268.02426	272.82133
9/18/2025	4:17:46 PM	271.70908	261.17323	258.39905	271.42379	275.50378	263.83430	264.42688	271.55554	278.47995	277.40356	279.31790	273.17736	268.77701	273.63427
9/18/2025	4:17:50 PM	272.26859	262.55707	259.62232	272.07776	276.35122	264.85952	265.09998	272.20529	279.03486	278.07497	279.82871	273.74015	269.54693	274.45640
9/18/2025	4:17:54 PM	272.62517	263.81883	260.67412	272.53971	277.27282	265.79417	265.75836	272.75666	279.62446	278.76007	280.36985	274.47358	270.30242	275.20138
9/18/2025	4:17:57 PM	272.96002	264.86091	261.68942	272.98995	278.10443	266.68714	266.47306	273.04647	280.24128	279.44405	280.91945	275.34653	270.98873	275.92050
9/18/2025	4:18:01 PM	273.42880	265.82503	262.60405	273.55593	278.95008	267.48612	267.14443	273.13686	280.76747	280.07906	281.47722	276.19207	271.59868	276.57039
9/18/2025	4:18:04 PM	274.07892	266.69155	263.56614	274.38078	279.73588	268.24888	267.85765	273.24361	281.26919	280.64622	282.06035	277.06462	272.13838	277.28558
9/18/2025	4:18:08 PM	274.85308	267.53665	264.37093	275.03613	280.49272	269.02963	268.59291	273.77238	281.84902	281.26088	282.59894	277.95075	272.73209	278.04467
9/18/2025	4:18:12 PM	275.55700	268.25998	264.98205	275.67198	281.12562	269.91200	269.26994	274.27593	282.45294	281.83356	283.10788	278.70318	273.51511	278.73010
9/18/2025	4:18:15 PM	276.28651	269.03705	265.69687	276.23104	281.70637	270.75244	269.97179	274.82406	283.02722	282.33961	283.60584	279.36326	274.57910	279.35361
9/18/2025	4:18:19 PM	277.03131	269.61342	266.14692	276.83854	282.21270	271.35523	270.69567	275.61909	283.60172	282.91646	284.04340	279.98228	275.61253	280.03877
9/18/2025	4:18:22 PM	277.76254	270.19888	266.65313	277.47176	282.75755	271.95515	271.47240	276.51073	284.21993	283.38087	284.50385	280.60575	276.47694	280.60236
9/18/2025	4:18:26 PM	278.48043	270.69201	267.13044	278.05566	283.33733	272.42476	272.20376	277.26683	284.76160	283.81810	285.05625	281.25460	277.21921	281.12547
9/18/2025	4:18:30 PM	279.17907	271.02856	267.63744	278.76825	284.04889	272.99664	272.85234	278.08389	285.27110	284.34354	285.49836	281.80383	277.90232	281.65901
9/18/2025	4:18:33 PM	279.83083	271.35363	268.08808	279.35782	284.69909	273.82836	273.20034	279.14164	285.81139	284.78115	285.94363	282.39781	278.59067	282.23663
9/18/2025	4:18:37 PM	280.45006	271.62135	268.59288	279.94114	285.34692	274.83122	273.30809	280.00506	286.32960	285.17925	286.45692	283.03572	279.22975	282.77169
9/18/2025	4:18:40 PM	281.08048	272.09201	269.14704	280.51925	286.00662	275.76309	273.38259	280.74726	286.82768	285.61696	286.91680	283.58854	279.79575	283.26668
9/18/2025	4:18:44 PM	281.63052	272.56131	269.54449	280.84280	286.22400	276.16273	273.84441	281.18479	286.89811	285.62918	286.83051	283.58312	279.67015	282.72441
9/18/2025	4:18:48 PM	281.61484	273.04060	269.94165	280.45975	285.93326	276.00179	274.12696	281.12289	286.40188	285.25892	286.39797	283.32801	279.51548	282.17552
9/18/2025	4:18:51 PM	281.48139	273.36939	270.19549	279.99307	285.23003	275.70519	273.76364	280.39396	285.50754	284.44216	285.54027	282.69608	277.66032	279.22065
9/18/2025	4:18:55 PM	280.66164	273.50314	270.62571	279.64635	284.60306	275.13323	272.87312	279.23546	284.42928	283.63334	284.63872	281.88877	275.64683	276.30764
9/18/2025	4:18:58 PM	279.73660	273.49623	270.94038	279.70116	284.14581	274.93600	272.67031	278.29405	283.17551	282.36447	282.88702	279.69921	273.89489	273.80543
9/18/2025	4:19:02 PM	276.38622	271.38338	268.75340	275.94314	279.74072	271.70346	270.67366	274.59981	278.05156	278.37677	277.84919	276.52652	272.30929	271.84617
9/18/2025	4:19:05 PM	274.07320	269.76388	266.54059	273.17197	275.94299	270.58672	268.17281	272.57981	274.41527	274.36217	274.77394	274.06860	271.09054	269.73762
9/18/2025	4:19:09 PM	271.59980	266.29349	263.40795	270.50498	271.49101	265.91844	264.12563	269.87670	269.23448	272.10780	270.55786	272.25663	265.93679	265.45736
9/18/2025	4:19:12 PM	269.23343	262.20707	258.55789	264.34991	265.96306	259.32439	258.53726	263.86193	263.36003	265.23877	264.07276	267.70795	260.13523	260.15726
9/18/2025	4:19:16 PM	263.52589	257.16268	253.14032	257.19648	258.48545	252.14334	252.95066	257.42551	255.64175	259.21202	256.53771	261.48110	253.84114	253.88798
9/18/2025	4:19:19 PM	257.15908	251.73073	248.05262	251.40372	252.44312	245.88696	247.94294	251.47029	248.75898	253.78660	250.08231	255.11516	246.68083	246.86015
9/18/2025	4:19:23 PM	248.98717	244.47992	241.13109	243.94528	244.78861	238.28563	240.97933	243.26146	240.14455	247.50080	242.73334	247.64389	237.92056	238.79161
9/18/2025	4:19:26 PM	239.63821	236.36114	233.33782	235.87567	236.83833	230.40092	234.09901	235.04391	231.11124	240.64837	235.19319	240.38942	229.28626	230.86689
9/18/2025	4:19:30 PM	231.28892	228.94029	226.46777	229.14173	229.90132	223.78111	227.75823	229.10189	223.94824	234.24262	227.39358	233.63330	221.92470	223.08215
9/18/2025	4:19:33 PM	224.08214	222.16962	219.99435	222.41128	222.97358	216.85925	221.09252	222.97088	216.35128	227.39930	218.96049	226.15440	214.00455	214.63840
9/18/2025	4:19:37 PM	216.20496	214.66430	212.82119	214.96191	215.13756	208.78774	213.58550	215.28968	206.94599	219.06819	208.85666	217.18872	204.52181	205.06450
9/18/2025	4:19:40 PM	207.05728	205.84743	204.09534	206.16763	205.98326	199.43078	204.90934	207.28863	196.89604	210.25999	198.96204	208.25395	196.11852	197.02088
9/18/2025	4:19:44 PM	197.22710	196.12962	194.65551	196.93150	196.55507	190.40909	196.58771	199.23317	187.40004	201.70255	189.11106	199.08657	188.01278	189.01433
9/18/2025	4:19:47 PM	187.74746	186.59948	185.75377	188.29221	187.77827	182.22786	188.91764	191.68205	178.79249	193.81353	180.45810	190.89579	180.71241	181.73651
9/18/2025	4:19:51 PM	179.15964	178.00282	177.61133	180.46157	179.78584	174.84812	181.81611	184.66345	171.07794	186.54156	172.68350	183.42092	174.15494	175.13603
9/18/2025	4:19:55 PM	171.68618	170.41373	170.55543	173.64418	172.83820	168.48315	175.48142	178.35268	164.40583	180.03099	165.93468	176.74003	168.28188	169.21142
9/18/2025	4:19:58 PM	164.85570	163.57759	164.14121	167.53576	166.47865	162.67574	169.60588	172.45249	158.44291	173.97167	159.85274	170.61035	162.91663	163.79650
9/18/2025	4:20:02 PM	158.80298	157.64304	158.40960	162.05052	160.80626	157.44407	164.37728	167.17666	153.28796	168.56840	154.59639	165.19730	158.21818	159.01472
9/18/2025	4:20:05 PM	153.67451	152.62593	153.50590	157.28862	155.93141	152.92229	159.83708	162.57440	148.90108	163.86898	150.09823	160.40157	154.03935	154.73629
9/18/2025	4:20:09 PM	149.05665	147.98821	148.99437	152.90141	151.46054	148.79888	155.67047	158.32128	144.91587	159.53030	146.05330	155.99514	150.17288	150.78980
9/18/2025	4:20:12 PM	144.97559	144.03042	144.98482	148.98955	147.52752	145.15882	151.98903	154.52940	141.45213	155.71320	142.52999	152.19338	146.78029	147.31424
9/18/2025	4:20:16 PM	141.47580	140.50560	141.52506	145.55551	144.07942	141.96206	148.69855	151.13468	138.36751	152.26228	139.41682	148.79803	143.72747	144.20525
9/18/2025	4:20:19 PM	138.35633	137.40940	138.41915	142.51091	141.02352	139.10898	145.75368	148.10491	135.64724	149.20887	136.68094	145.80070	140.94506	141.35683
9/18/2025	4:20:23 PM	135.49496	134.59745	135.53747	139.68149	138.22502	136.49108	143.02458	145.29719	133.14585	146.39069	134.17468	143.07057	138.40400	138.74547
9/18/2025	4:20:27 PM	132.91443	132.10650	132.95607	137.12316	135.70203	134.13363	140.54721	142.70633	130.86582	143.80575	131.91812	140.59172	136.06881	136.37911
9/18/2025	4:20:30 PM	130.65814	129.85513	130.64662	134.84658	133.46432	132.03165	138.31071	140.35606	128.81254	141.46238	129.86823	138.37772	133.94651	134.20821
9/18/2025	4:20:34 PM	128.60503	127.82068	128.57690	132.76251	131.41569	130.09973	136.26055	138.20185	126.92614	139.31136	127.99692	136.36056	131.99433	132.23263
9/18/2025	4:20:37 PM	126.78821	126.00197	126.70074	130.88235	129.57953	128.35396	134.41622	136.27032	125.23104	137.37976	126.33065	134.56232	130.24129	130.50139
9/18/2025	4:20:41 PM	125.11871	124.35362	125.00632	129.16545	127.89808	126.74377	132.71430	134.48088	123.66514	135.59361	124.77700	132.87792	128.59713	128.85452
9/18/2025	4:20:45 PM	123.61239	122.83039	123.45240	127.57161	126.35157	125.25781	131.15109	132.84003	122.23194	133.95223	123.35980	131.33767	127.09898	127.35263
9/18/2025	4:20:48 PM	122.22435	121.45258	122.04039	126.10781	124.92530	123.89458	129.71899	131.33339	120.92340	132.44687	122.06842	129.93149	125.72739	125.97823
9/18/2025	4:20:52 PM	120.99954	120.21836	120.79234	124.80574	123.64699	122.65878	128.42068	129.96893	119.74359	131.07528	120.89423	128.64597	124.47611	124.72660
9/18/2025	4:20:55 PM	119.87935	119.06900	119.62731	123.57520	122.44898	121.50637	127.21228	128.69648	118.63841	129.78736	119.78987	127.43911	123.30462	123.55084
9/18/2025	4:20:59 PM	118.81003	117.97648	118.52776	122.40700	121.30279	120.40313	126.05091	127.47396	117.58184	128.55487	118.74133	126.28802	122.18673	122.43381
9/18/2025	4:21:02 PM	117.81053	116.96475	117.50746	121.30967	120.22824	119.36920	124.96694	126.33545	116.60159	127.40012	117.76650	125.21497	121.14586	121.39739
9/18/2025	4:21:06 PM	116.88451	116.02357	116.56606	120.28990	119.22928	118.41055	123.95349	125.27059	115.68460	126.31793	116.84769	124.20748	120.17842	120.43150
9/18/2025	4:21:10 PM	116.03376	115.16594	115.70145	119.35306	118.31364	117.53231	123.02965	124.29491	114.84577	125.32484	116.01458	123.28084	119.28316	119.54202
9/18/2025	4:21:13 PM	115.20957	114.33521	114.87227	118.44296	117.42189	116.67359	122.12098	123.34241	114.02621	124.34713	115.18646	122.36311	118.40479	118.66459
9/18/2025	4:21:17 PM	114.43863	113.55880	114.09101	117.58670	116.58316	115.86893	121.27074	122.44584	113.26463	123.43400	114.41924	121.51293	117.59770	117.86542
9/18/2025	4:21:20 PM	113.73165	112.84927	113.38683	116.80599	115.81714	115.13772	120.49648	121.63073	112.56990	122.59987	113.72351	120.74078	116.85455	117.12520
9/18/2025	4:21:24 PM	113.05063	112.16466	112.69885	116.04615	115.06685	114.41739	119.72939	120.81770	111.87981	121.76484	113.02190	119.94664	116.11176	116.39296
9/18/2025	4:21:27 PM	112.38982	111.49920	112.04046	115.30898	114.34227	113.72371	118.99561	120.04392	111.22641	120.97091	112.36332	119.20411	115.40830	115.69568
9/18/2025	4:21:31 PM	111.76062	110.86917	111.40780	114.60400	113.64675	113.06018	118.28713	119.29179	110.59112	120.19572	111.71855	118.46707	114.72291	115.02003
9/18/2025	4:21:35 PM	111.15811	110.26705	110.80464	113.92992	112.98664	112.42706	117.61307	118.57547	109.99264	119.45892	111.11257	117.76751	114.07249	114.37670
9/18/2025	4:21:38 PM	110.58016	109.69146	110.22855	113.28441	112.35130	111.81820	116.96678	117.89097	109.41634	118.74749	110.52349	117.10004	113.44796	113.76144
9/18/2025	4:21:42 PM	110.02523	109.13660	109.67329	112.65892	111.73805	111.23168	116.34237	117.22752	108.86233	118.06396	109.95799	116.45096	112.84741	113.17206
9/18/2025	4:21:45 PM	109.49311	108.60505	109.14307	112.06409	111.15135	110.67365	115.74671	116.59921	108.34051	117.41163	109.42439	115.83564	112.27726	112.61332
9/18/2025	4:21:49 PM	108.98816	108.09685	108.63147	111.49052	110.58731	110.13225	115.16756	115.98355	107.82807	116.77573	108.90006	115.23061	111.71749	112.06660
9/18/2025	4:21:53 PM	108.49216	107.60141	108.13784	110.93446	110.04243	109.61155	114.61121	115.39316	107.33818	116.16145	108.39378	114.63619	111.18055	111.53883
9/18/2025	4:21:56 PM	108.01199	107.12408	107.65884	110.39249	109.50952	109.10285	114.06663	114.81370	106.86500	115.56640	107.90702	114.03722	110.65938	111.03012
9/18/2025	4:22:00 PM	107.55510	106.66388	107.19820	109.87056	108.99957	108.61528	113.54519	114.26057	106.40909	114.98933	107.43716	113.46600	110.15777	110.54203
9/18/2025	4:22:03 PM	107.10940	106.21966	106.75427	109.37043	108.51273	108.14956	113.04384	113.72940	105.97264	114.43614	106.98008	112.92553	109.67150	110.06475
9/18/2025	4:22:07 PM	106.67894	105.78606	106.32054	108.87735	108.02857	107.68720	112.54644	113.20293	105.54090	113.88601	106.53201	112.39516	109.19195	109.59929
9/18/2025	4:22:11 PM	106.26094	105.36885	105.90009	108.39999	107.56074	107.23880	112.06402	112.69370	105.12347	113.35552	106.09719	111.88281	108.73048	109.15010
9/18/2025	4:22:14 PM	105.85027	104.96174	105.49273	107.94072	107.11295	106.81157	111.60405	112.20754	104.72811	112.84949	105.68415	111.39990	108.28824	108.72020
9/18/2025	4:22:18 PM	105.46834	104.58017	105.10923	107.50510	106.68708	106.40204	111.16164	111.74264	104.35166	112.36497	105.28953	110.93748	107.86677	108.30747
9/18/2025	4:22:21 PM	105.08496	104.19608	104.72369	107.06634	106.25981	105.99246	110.71677	111.27083	103.97015	111.87223	104.89108	110.46725	107.43861	107.89172
9/18/2025	4:22:25 PM	104.70787	103.82133	104.34615	106.63961	105.84211	105.59283	110.28430	110.81580	103.60081	111.39715	104.50268	110.01321	107.02419	107.48789
9/18/2025	4:22:28 PM	104.34498	103.45765	103.97937	106.22573	105.43663	105.20390	109.86252	110.37219	103.24098	110.93260	104.12471	109.57104	106.61915	107.09387
9/18/2025	4:22:32 PM	103.98655	103.10041	103.62088	105.81986	105.04165	104.82541	109.45016	109.94103	102.89071	110.48108	103.75526	109.13787	106.22397	106.70926
9/18/2025	4:22:36 PM	103.63717	102.75227	103.27093	105.42395	104.65448	104.45358	109.04763	109.51714	102.55032	110.03922	103.39386	108.71475	105.83783	106.33437
9/18/2025	4:22:39 PM	103.29627	102.41329	102.92975	105.03719	104.27898	104.09468	108.65621	109.10859	102.22145	109.61316	103.04631	108.30755	105.46521	105.97297
9/18/2025	4:22:43 PM	102.96293	102.08304	102.59907	104.66320	103.91426	103.74447	108.27199	108.70531	101.89740	109.19287	102.70291	107.90619	105.09942	105.61774
9/18/2025	4:22:46 PM	102.63580	101.75895	102.27042	104.29108	103.55184	103.39631	107.89232	108.30885	101.57782	108.77793	102.36367	107.50811	104.73293	105.26160
9/18/2025	4:22:50 PM	102.31465	101.43933	101.95077	103.92888	103.19945	103.05821	107.52268	107.92291	101.26915	108.37688	102.03489	107.11873	104.38024	104.91872
9/18/2025	4:22:54 PM	102.00148	101.12999	101.63845	103.57609	102.85637	102.72853	107.16108	107.54594	100.96683	107.98321	101.71341	106.74068	104.03614	104.58446
9/18/2025	4:22:57 PM	101.69474	100.82716	101.33384	103.23182	102.52007	102.40642	106.80764	107.17728	100.67288	107.59988	101.40089	106.37397	103.69900	104.25708
9/18/2025	4:23:01 PM	101.39292	100.52840	101.03256	102.89324	102.19237	102.09082	106.46163	106.81551	100.38602	107.22263	101.09313	106.01397	103.37089	103.93761
9/18/2025	4:23:04 PM	101.09733	100.23658	100.73782	102.56575	101.86701	101.77976	106.11774	106.45937	100.10241	106.85238	100.79055	105.66020	103.04502	103.62098
9/18/2025	4:23:08 PM	100.80851	99.95226	100.45197	102.24220	101.55251	101.47708	105.78374	106.11176	99.82547	106.48821	100.49398	105.31018	102.72761	103.31308
9/18/2025	4:23:12 PM	100.52558	99.67166	100.16703	101.92134	101.24124	101.17843	105.45488	105.76961	99.55337	106.13176	100.20167	104.96903	102.41335	103.00789
9/18/2025	4:23:15 PM	100.24980	99.39806	99.89180	101.61204	100.94069	100.88832	105.13374	105.43594	99.28866	105.78402	99.91697	104.63276	102.10767	102.71055
9/18/2025	4:23:19 PM	99.97748	99.13088	99.62089	101.30911	100.64445	100.60420	104.81802	105.10994	99.03243	105.44670	99.63992	104.30809	101.81131	102.42188
9/18/2025	4:23:22 PM	99.70869	98.86619	99.35274	101.00857	100.35206	100.32308	104.50591	104.78530	98.77511	105.10781	99.36229	103.98236	101.51191	102.13190
9/18/2025	4:23:26 PM	99.44439	98.60656	99.08897	100.71591	100.06661	100.04766	104.20154	104.46953	98.52486	104.78092	99.09627	103.66846	101.22512	101.85183
9/18/2025	4:23:30 PM	99.19170	98.35898	98.83744	100.43569	99.79367	99.78531	103.91039	104.16974	98.28705	104.46679	98.84001	103.36616	100.94645	101.58072
9/18/2025	4:23:33 PM	98.93488	98.10596	98.58545	100.14980	99.51534	99.51797	103.61313	103.86022	98.04192	104.14552	98.57683	103.05843	100.66286	101.30586
9/18/2025	4:23:37 PM	98.68408	97.86036	98.33469	99.86897	99.24388	99.25508	103.32063	103.55722	97.80467	103.83270	98.32040	102.75780	100.38671	101.03560
9/18/2025	4:23:40 PM	98.43632	97.61851	98.08841	99.59468	98.97842	98.99921	103.03642	103.26253	97.57085	103.52718	98.06782	102.46448	100.11820	100.77388
9/18/2025	4:23:44 PM	98.19382	97.37968	97.84408	99.32303	98.71507	98.74611	102.75423	102.97187	97.34208	103.22609	97.82258	102.17446	99.85116	100.51258
9/18/2025	4:23:47 PM	97.95547	97.14535	97.60711	99.05876	98.45804	98.49646	102.47479	102.68330	97.11519	102.92943	97.57813	101.88980	99.58956	100.25492
9/18/2025	4:23:51 PM	97.71944	96.91439	97.37019	98.79596	98.20417	98.25051	102.19977	102.39942	96.89211	102.63580	97.33725	101.60620	99.32847	99.99910
9/18/2025	4:23:55 PM	97.48773	96.68729	97.13961	98.54050	97.95537	98.01048	101.93132	102.12247	96.67490	102.34965	97.10287	101.33194	99.07752	99.75196
9/18/2025	4:23:58 PM	97.26064	96.46389	96.91347	98.29057	97.71407	97.77712	101.66905	101.85266	96.46277	102.07017	96.87055	101.05914	98.82871	99.50668
9/18/2025	4:24:02 PM	97.03327	96.24266	96.68924	98.04250	97.47408	97.54485	101.40860	101.58488	96.25269	101.79328	96.64214	100.79092	98.58378	99.26638
9/18/2025	4:24:05 PM	96.81255	96.02564	96.46828	97.80046	97.23979	97.31848	101.15411	101.32121	96.04496	101.51853	96.41642	100.52488	98.33954	99.02647
9/18/2025	4:24:09 PM	96.59271	95.81164	96.25028	97.56133	97.00817	97.09428	100.90096	101.06270	95.84197	101.25091	96.19639	100.26688	98.10358	98.79317
9/18/2025	4:24:13 PM	96.37734	95.60048	96.03634	97.32561	96.78163	96.87464	100.65340	100.80834	95.64266	100.98761	95.97824	100.00890	97.86860	98.56169
9/18/2025	4:24:16 PM	96.16275	95.39391	95.82648	97.09588	96.55798	96.65771	100.40900	100.55801	95.44706	100.72860	95.76467	99.75756	97.63891	98.33484
9/18/2025	4:24:20 PM	95.95219	95.18997	95.61888	96.86792	96.33832	96.44322	100.16775	100.30979	95.25196	100.47037	95.55162	99.50629	97.40939	98.10772
9/18/2025	4:24:24 PM	95.74364	94.98950	95.41453	96.64522	96.12201	96.23385	99.93053	100.06639	95.06228	100.22027	95.34527	99.26251	97.18846	97.88843
9/18/2025	4:24:27 PM	95.53935	94.79243	95.21375	96.42506	95.90850	96.02635	99.69513	99.82503	94.87402	99.97335	95.14190	99.02486	96.96883	97.67131
9/18/2025	4:24:31 PM	95.34058	94.59912	95.01638	96.21026	95.70009	95.82375	99.46589	99.59037	94.69083	99.73128	94.94331	98.79003	96.75281	97.45732
9/18/2025	4:24:34 PM	95.14178	94.40838	94.82171	95.99712	95.49362	95.62122	99.23680	99.35609	94.50832	99.49175	94.74536	98.55728	96.53807	97.24414
9/18/2025	4:24:38 PM	94.94837	94.22039	94.62946	95.78732	95.29058	95.42422	99.01221	99.12689	94.32995	99.25591	94.55270	98.33155	96.33056	97.03767
9/18/2025	4:24:42 PM	94.75631	94.03664	94.44065	95.58170	95.09120	95.22861	98.79140	98.90065	94.15393	99.02511	94.36277	98.10801	96.12523	96.83378
9/18/2025	4:24:45 PM	94.56878	93.85410	94.25440	95.37872	94.89445	95.03727	98.57325	98.67683	93.97976	98.79479	94.17421	97.88681	95.92119	96.63090
9/18/2025	4:24:49 PM	94.38472	93.67604	94.07327	95.18264	94.70491	94.85171	98.36262	98.46198	93.81249	98.57509	93.99236	97.67340	95.72568	96.43660
9/18/2025	4:24:52 PM	94.20644	93.50328	93.89706	94.99164	94.51964	94.67059	98.15615	98.25027	93.64694	98.35585	93.81281	97.46015	95.53040	96.24105
9/18/2025	4:24:56 PM	94.02613	93.32968	93.71840	94.79862	94.33334	94.48857	97.94859	98.03850	93.48285	98.13922	93.63445	97.25123	95.33748	96.05017
9/18/2025	4:24:59 PM	93.85289	93.16346	93.54941	94.61596	94.15821	94.31751	97.75234	97.83891	93.32649	97.93216	93.46383	97.05049	95.15468	95.86707
9/18/2025	4:25:03 PM	93.68180	92.99719	93.38093	94.43480	93.98244	94.14620	97.55699	97.63786	93.17058	97.72531	93.29249	96.84743	94.96761	95.67992
9/18/2025	4:25:06 PM	93.50826	92.82860	93.20898	94.24923	93.80287	93.96993	97.35426	97.43201	93.00969	97.51267	93.11800	96.64086	94.77853	95.49004
9/18/2025	4:25:10 PM	93.33626	92.66338	93.03929	94.06710	93.62837	93.79965	97.16063	97.23348	92.85605	97.31117	92.95147	96.44576	94.60004	95.31108
9/18/2025	4:25:14 PM	93.17237	92.50492	92.87721	93.89389	93.46102	93.63583	96.97152	97.04081	92.70552	97.11153	92.78739	96.25136	94.42125	95.13190
9/18/2025	4:25:17 PM	93.00576	92.34364	92.71396	93.71840	93.29131	93.47022	96.78176	96.84796	92.55617	96.91447	92.62398	96.05988	94.24458	94.95455
9/18/2025	4:25:21 PM	92.84239	92.18625	92.55283	93.54566	93.12417	93.30487	96.59306	96.65483	92.40656	96.71669	92.46171	95.86839	94.06795	94.77737
9/18/2025	4:25:24 PM	92.68169	92.03075	92.39394	93.37579	92.96042	93.14481	96.40742	96.46600	92.26044	96.52461	92.30400	95.68221	93.89742	94.60536
9/18/2025	4:25:28 PM	92.52424	91.87944	92.23847	93.20922	92.79974	92.98717	96.22626	96.28157	92.11757	96.33501	92.14766	95.49860	93.72704	94.43386
9/18/2025	4:25:31 PM	92.36853	91.72844	92.08299	93.04249	92.63939	92.82975	96.04561	96.09822	91.97552	96.14747	91.99331	95.31695	93.55992	94.26534
9/18/2025	4:25:35 PM	92.21546	91.58103	91.93117	92.88068	92.48340	92.67618	95.86834	95.91610	91.83522	95.96207	91.84141	95.13778	93.39483	94.09919
9/18/2025	4:25:39 PM	92.06483	91.43470	91.78261	92.72161	92.33023	92.52549	95.69368	95.73710	91.69837	95.78060	91.69394	94.96312	93.23356	93.93516
9/18/2025	4:25:42 PM	91.91613	91.29151	91.63523	92.56594	92.18082	92.37777	95.52292	95.56307	91.56458	95.60528	91.54921	94.79370	93.07725	93.77807
9/18/2025	4:25:46 PM	91.77639	91.15611	91.49618	92.41914	92.03909	92.23839	95.36265	95.40149	91.43865	95.41425	91.36587	94.51243	92.86858	93.56756
9/18/2025	4:25:49 PM	91.37651	90.32609	91.16605	92.15596	91.74469	91.90080	94.77819	94.71682	90.86246	94.52834	90.75693	93.34283	91.99782	92.40403
9/18/2025	4:25:53 PM	90.69997	89.87774	90.59157	91.70062	91.35596	91.57913	94.60686	94.56753	90.67840	94.34040	90.40735	93.11098	91.83355	92.31872
9/18/2025	4:25:56 PM	90.40603	89.68404	90.36084	91.53888	91.30066	91.57847	94.62470	94.49706	90.52498	94.05968	90.02067	92.71287	91.71035	92.19020
9/18/2025	4:26:00 PM	90.03880	89.49434	90.20178	91.46907	91.33457	91.64514	94.60895	94.34913	90.26870	93.66580	89.59644	92.29384	91.51312	91.99430
9/18/2025	4:26:03 PM	89.66732	89.26693	90.04250	91.38547	91.32854	91.66128	94.57446	94.23798	90.10331	93.41586	89.29438	92.03803	91.38397	91.86438
9/18/2025	4:26:07 PM	89.39108	89.10325	89.93331	91.32785	91.32500	91.68087	94.53240	94.13511	89.96004	93.17926	89.03341	91.79753	91.24965	91.72571
9/18/2025	4:26:10 PM	89.14714	88.94497	89.81658	91.24908	91.28687	91.66394	94.45956	94.02013	89.81614	92.95442	88.80393	91.57161	91.11560	91.59257
9/18/2025	4:26:14 PM	88.92104	88.78811	89.69680	91.16512	91.23793	91.63128	94.37574	93.90252	89.68399	92.74278	88.59075	91.35835	90.98589	91.46239
9/18/2025	4:26:17 PM	88.72025	88.64305	89.58684	91.07651	91.17559	91.58372	94.27670	93.77869	89.56065	92.54858	88.40658	91.15785	90.85932	91.33268
9/18/2025	4:26:21 PM	88.54256	88.50589	89.47135	90.97926	91.09833	91.51553	94.16452	93.64879	89.44174	92.36099	88.23928	90.97350	90.72893	91.19915
9/18/2025	4:26:24 PM	88.37764	88.36895	89.34868	90.87188	91.00316	91.42582	94.03407	93.50492	89.31446	92.17321	88.07591	90.78692	90.58678	91.05170
9/18/2025	4:26:28 PM	88.20648	88.22276	89.21228	90.74627	90.88538	91.30927	93.87977	93.34214	89.17378	91.97389	87.90499	90.58961	90.42968	90.89131
9/18/2025	4:26:31 PM	88.03538	88.06937	89.06383	90.60554	90.74956	91.17360	93.71247	93.16922	89.02759	91.77466	87.73674	90.38935	90.26492	90.72425
9/18/2025	4:26:35 PM	87.86178	87.91243	88.91064	90.45797	90.60631	91.03075	93.54121	92.99351	88.87717	91.57746	87.56785	90.19380	90.09735	90.55267
9/18/2025	4:26:38 PM	87.69142	87.75665	88.75312	90.30580	90.45729	90.88352	93.36850	92.82033	88.73170	91.38605	87.40639	90.00375	89.93660	90.38961
9/18/2025	4:26:41 PM	87.52808	87.60638	88.60096	90.15473	90.30987	90.73792	93.20131	92.65263	88.59322	91.20538	87.25488	89.82825	89.77777	90.22887
9/18/2025	4:26:45 PM	87.37629	87.46299	88.45700	90.01074	90.16690	90.59609	93.03874	92.48940	88.46194	91.03348	87.11189	89.65891	89.62932	90.07863
9/18/2025	4:26:48 PM	87.23481	87.32961	88.32214	89.87469	90.03147	90.46089	92.88478	92.33417	88.33665	90.86677	86.97717	89.49505	89.48375	89.93149
9/18/2025	4:26:52 PM	87.09671	87.19745	88.18822	89.73902	89.89643	90.32723	92.72980	92.17647	88.21159	90.70141	86.84254	89.33312	89.33815	89.78173
9/18/2025	4:26:56 PM	86.96540	87.06684	88.05569	89.60108	89.75744	90.18953	92.57035	92.01786	88.08733	90.53966	86.71132	89.17711	89.19419	89.63510
9/18/2025	4:26:59 PM	86.83570	86.93893	87.92266	89.46673	89.62291	90.05446	92.41807	91.86630	87.96827	90.38207	86.58844	89.02997	89.05551	89.49465
9/18/2025	4:27:02 PM	86.71290	86.81640	87.79561	89.33448	89.49198	89.92384	92.26698	91.71643	87.85314	90.23201	86.46734	88.88222	88.92034	89.35605
9/18/2025	4:27:06 PM	86.58960	86.69576	87.66951	89.20487	89.36387	89.79375	92.11812	91.56726	87.73871	90.08341	86.34982	88.73945	88.78691	89.22020
9/18/2025	4:27:10 PM	86.47441	86.58255	87.54962	89.07854	89.23748	89.66639	91.97026	91.42091	87.62801	89.93837	86.23410	88.59457	88.65452	89.08539
9/18/2025	4:27:13 PM	86.35997	86.46995	87.42954	88.95475	89.11241	89.54153	91.82749	91.27852	87.51936	89.79555	86.12582	88.45786	88.52630	88.95346
9/18/2025	4:27:17 PM	86.24517	86.35632	87.31051	88.83070	88.98881	89.41626	91.68352	91.13596	87.41220	89.65671	86.01578	88.32904	88.40219	88.82663
9/18/2025	4:27:20 PM	86.13780	86.25007	87.19861	88.71198	88.86786	89.29287	91.54324	90.99700	87.30772	89.51665	85.90970	88.19869	88.27793	88.69968
9/18/2025	4:27:24 PM	86.03019	86.14331	87.08670	88.59306	88.74980	89.17380	91.40553	90.85876	87.20432	89.38247	85.80546	88.07228	88.15581	88.57439
9/18/2025	4:27:27 PM	85.92585	86.03729	86.97702	88.47779	88.63359	89.05490	91.26799	90.72420	87.10422	89.25345	85.70445	87.95057	88.03763	88.45338
9/18/2025	4:27:31 PM	85.83050	85.93933	86.87255	88.36585	88.52117	88.93938	91.13583	90.59291	87.00764	89.12728	85.60811	87.82956	87.92373	88.33438
9/18/2025	4:27:34 PM	85.73214	85.84080	86.76728	88.25258	88.41014	88.82384	91.00207	90.46052	86.91059	88.99985	85.51111	87.71191	87.80941	88.21777
9/18/2025	4:27:37 PM	85.63682	85.74447	86.66428	88.14209	88.29855	88.70992	90.86914	90.32991	86.81515	88.87558	85.41469	87.59391	87.69594	88.10113
9/18/2025	4:27:41 PM	85.53836	85.64718	86.56042	88.03269	88.18942	88.59683	90.74083	90.20318	86.72071	88.75239	85.32135	87.47795	87.58357	87.98530
9/18/2025	4:27:44 PM	85.44269	85.55116	86.45750	87.92376	88.07951	88.48340	90.61047	90.07581	86.62731	88.63118	85.22857	87.36303	87.47335	87.87132
9/18/2025	4:27:48 PM	85.35056	85.45811	86.35795	87.81739	87.97266	88.37350	90.48288	89.94814	86.53531	88.50984	85.13850	87.25144	87.36396	87.75759
9/18/2025	4:27:52 PM	85.25935	85.36733	86.25916	87.71109	87.86608	88.26309	90.35707	89.82363	86.44310	88.39311	85.04904	87.14230	87.25416	87.64446
9/18/2025	4:27:55 PM	85.16879	85.27498	86.16141	87.60521	87.76121	88.15432	90.23124	89.70039	86.35414	88.27845	84.96142	87.03838	87.14986	87.53785
9/18/2025	4:27:58 PM	85.08194	85.18440	86.06651	87.50277	87.65819	88.04723	90.10802	89.57989	86.26726	88.16624	84.87637	86.93631	87.04806	87.43155
9/18/2025	4:28:02 PM	84.99628	85.09850	85.97439	87.40271	87.55878	87.94336	89.98954	89.46228	86.18243	88.05696	84.79362	86.83247	86.94559	87.32473
9/18/2025	4:28:06 PM	84.91357	85.01322	85.88307	87.30297	87.45851	87.83813	89.86723	89.34224	86.09579	87.94611	84.70846	86.73003	86.84322	87.21909
9/18/2025	4:28:09 PM	84.83159	84.92822	85.79118	87.20423	87.35987	87.73518	89.74964	89.22617	86.01165	87.83863	84.62756	86.63353	86.74346	87.11623
9/18/2025	4:28:12 PM	84.74846	84.84518	85.69929	87.10485	87.25932	87.63052	89.63029	89.10858	85.92697	87.73045	84.54575	86.53206	86.64294	87.01239
9/18/2025	4:28:16 PM	84.66436	84.76090	85.60935	87.00805	87.16406	87.53056	89.51512	88.99520	85.84532	87.62577	84.46662	86.43521	86.54571	86.91238
9/18/2025	4:28:20 PM	84.58396	84.67958	85.52278	86.91344	87.06901	87.43118	89.40119	88.88479	85.76469	87.52281	84.38838	86.34369	86.45215	86.81427
9/18/2025	4:28:23 PM	84.50660	84.59932	85.43587	86.81870	86.97447	87.33151	89.28749	88.77273	85.68526	87.42227	84.31116	86.25032	86.35658	86.71466
9/18/2025	4:28:27 PM	84.43188	84.52041	85.35099	86.72663	86.88320	87.23571	89.17679	88.66244	85.60583	87.32268	84.23637	86.16037	86.26414	86.61869
9/18/2025	4:28:30 PM	84.35931	84.44447	85.27039	86.63715	86.79421	87.14178	89.06861	88.55749	85.53082	87.22694	84.16400	86.07482	86.17508	86.52604
9/18/2025	4:28:33 PM	84.28612	84.36949	85.18928	86.54854	86.70568	87.04809	88.96176	88.45236	85.45541	87.13125	84.09249	85.98789	86.08679	86.43379
9/18/2025	4:28:37 PM	84.21187	84.29575	85.10845	86.46118	86.61722	86.95383	88.85431	88.34673	85.37954	87.03566	84.02060	85.90211	85.99730	86.34100
9/18/2025	4:28:40 PM	84.14034	84.22161	85.02893	86.37450	86.53033	86.86246	88.74983	88.24460	85.30767	86.94432	83.95125	85.81923	85.91219	86.25152
9/18/2025	4:28:44 PM	84.07052	84.15105	84.95154	86.29034	86.44599	86.77396	88.64750	88.14343	85.23497	86.85158	83.88219	85.73791	85.82679	86.16233
9/18/2025	4:28:47 PM	84.00387	84.08244	84.87690	86.20811	86.36381	86.68698	88.54710	88.04527	85.16500	86.76266	83.81706	85.65833	85.74418	86.07570
9/18/2025	4:28:51 PM	83.93624	84.01284	84.80178	86.12649	86.28127	86.59978	88.44749	87.94840	85.09613	86.67500	83.75106	85.57902	85.66199	85.99082
9/18/2025	4:28:54 PM	83.86830	83.94438	84.72744	86.04537	86.19993	86.51403	88.34877	87.85181	85.02838	86.58996	83.68665	85.50378	85.58192	85.90720
9/18/2025	4:28:58 PM	83.80397	83.87878	84.65523	85.96666	86.12163	86.43041	88.25277	87.75733	84.96085	86.50294	83.62109	85.42512	85.50150	85.82389
9/18/2025	4:29:01 PM	83.73854	83.81140	84.58214	85.88668	86.04159	86.34547	88.15450	87.66147	84.89359	86.41744	83.55869	85.34828	85.42225	85.74050
9/18/2025	4:29:05 PM	83.67413	83.74608	84.51101	85.80910	85.96297	86.26217	88.05851	87.56649	84.82654	86.33360	83.49511	85.27283	85.34306	85.65844
9/18/2025	4:29:08 PM	83.61170	83.68364	84.44124	85.73238	85.88607	86.17991	87.96495	87.47567	84.76139	86.25185	83.43507	85.20279	85.26758	85.57924
9/18/2025	4:29:12 PM	83.55025	83.62016	84.37148	85.65585	85.80905	86.09855	87.87102	87.38422	84.69766	86.17258	83.37506	85.13067	85.19279	85.50094
9/18/2025	4:29:15 PM	83.49051	83.55797	84.30490	85.58305	85.73377	86.02034	87.78142	87.29673	84.63577	86.09404	83.31818	85.06253	85.11988	85.42491
9/18/2025	4:29:19 PM	83.43261	83.49785	84.23953	85.51056	85.66135	85.94253	87.69297	87.20986	84.57523	86.01831	83.26063	84.99611	85.04784	85.34979
9/18/2025	4:29:22 PM	83.37592	83.43953	84.17589	85.44130	85.58938	85.86681	87.60472	87.12459	84.51530	85.94238	83.20359	84.92707	84.97725	85.27583
9/18/2025	4:29:26 PM	83.31857	83.37955	84.11014	85.36953	85.51900	85.79121	87.51835	87.04007	84.45492	85.86637	83.14824	84.86168	84.90636	85.20227
9/18/2025	4:29:29 PM	83.26313	83.32395	84.04792	85.30045	85.44872	85.71656	87.43301	86.95560	84.39562	85.79316	83.09406	84.79463	84.83703	85.12966
9/18/2025	4:29:33 PM	83.20770	83.26759	83.98595	85.23307	85.38145	85.64493	87.35048	86.87482	84.33936	85.72095	83.04096	84.73343	84.77084	85.05985
9/18/2025	4:29:36 PM	83.15452	83.21456	83.92613	85.16651	85.31410	85.57186	87.26740	86.79425	84.28219	85.64836	82.98826	84.67061	84.70378	84.98957
9/18/2025	4:29:40 PM	83.10131	83.15979	83.86602	85.10069	85.24899	85.50177	87.18510	86.71406	84.22786	85.58089	82.93652	84.60924	84.63901	84.92237
9/18/2025	4:29:43 PM	83.04777	83.10641	83.80731	85.03462	85.18296	85.43155	87.10402	86.63560	84.17210	85.51120	82.88683	84.54752	84.57462	84.85474
9/18/2025	4:29:47 PM	82.99457	83.05280	83.74925	84.97091	85.11878	85.36189	87.02435	86.55803	84.11772	85.44250	82.83592	84.48739	84.50947	84.78612
9/18/2025	4:29:50 PM	82.94380	82.99947	83.69127	84.90744	85.05514	85.29322	86.94559	86.48133	84.06434	85.37490	82.78509	84.42846	84.44618	84.71967
9/18/2025	4:29:54 PM	82.89279	82.94720	83.63372	84.84410	84.99124	85.22495	86.86645	86.40379	84.00929	85.30670	82.73539	84.36901	84.38190	84.65243
9/18/2025	4:29:57 PM	82.84206	82.89506	83.57512	84.78018	84.92720	85.15646	86.78826	86.32786	83.95529	85.23950	82.68646	84.31219	84.32061	84.58774
9/18/2025	4:30:01 PM	82.79515	82.84623	83.52123	84.72017	84.86676	85.09150	86.71269	86.25445	83.90429	85.17553	82.63866	84.25543	84.25998	84.52502
9/18/2025	4:30:04 PM	82.74601	82.79558	83.46598	84.65885	84.80577	85.02482	86.63723	86.18084	83.85338	85.11264	82.59187	84.20027	84.20049	84.46179
9/18/2025	4:30:08 PM	82.70077	82.74843	83.41357	84.60026	84.74767	84.96264	86.56544	86.11204	83.80467	85.05105	82.54665	84.14684	84.14236	84.40028
9/18/2025	4:30:11 PM	82.65493	82.70205	83.36139	84.54334	84.68999	84.89992	86.49289	86.04029	83.75510	84.98909	82.50135	84.09283	84.08425	84.34028
9/18/2025	4:30:15 PM	82.60787	82.65543	83.30972	84.48561	84.63086	84.83622	86.42024	85.97017	83.70576	84.92868	82.45559	84.03937	84.02656	84.27975
9/18/2025	4:30:18 PM	82.56221	82.60830	83.25747	84.42735	84.57309	84.77492	86.34944	85.90090	83.65805	84.86945	82.41097	83.98710	83.97047	84.22065
9/18/2025	4:30:22 PM	82.51892	82.56329	83.20753	84.37292	84.51817	84.71511	86.28107	85.83432	83.61042	84.80924	82.36891	83.93668	83.91556	84.16324
9/18/2025	4:30:25 PM	82.47491	82.51800	83.15817	84.31874	84.46380	84.65616	86.21262	85.76831	83.56485	84.75279	82.32645	83.88635	83.86137	84.10676
9/18/2025	4:30:29 PM	82.43152	82.47448	83.11018	84.26510	84.40918	84.59719	86.14524	85.70240	83.51833	84.69547	82.28468	83.83820	83.80797	84.05038
9/18/2025	4:30:32 PM	82.38927	82.43068	83.06218	84.21116	84.35524	84.53940	86.07773	85.63723	83.47361	84.63919	82.24345	83.78775	83.75442	83.99458
9/18/2025	4:30:36 PM	82.34602	82.38631	83.01286	84.15744	84.30054	84.47974	86.01036	85.57164	83.42665	84.58127	82.20068	83.73808	83.70063	83.93751
9/18/2025	4:30:39 PM	82.30562	82.34443	82.96532	84.10512	84.24869	84.42317	85.94524	85.50915	83.38293	84.52850	82.16128	83.69085	83.64922	83.88422
9/18/2025	4:30:43 PM	82.26475	82.30341	82.91826	84.05280	84.19573	84.36699	85.88065	85.44542	83.33908	84.47353	82.12157	83.64283	83.59799	83.82997
9/18/2025	4:30:46 PM	82.22438	82.26289	82.87278	84.00199	84.14528	84.31195	85.81747	85.38482	83.29643	84.41989	82.08209	83.59744	83.54802	83.77763
9/18/2025	4:30:50 PM	82.18401	82.22119	82.82732	83.95251	84.09477	84.25713	85.75427	85.32327	83.25286	84.36594	82.04214	83.55114	83.49805	83.72495
9/18/2025	4:30:53 PM	82.14562	82.18086	82.78300	83.90330	84.04515	84.20307	85.69254	85.26290	83.21100	84.31580	82.00470	83.50701	83.44913	83.67330
9/18/2025	4:30:57 PM	82.10724	82.14118	82.73841	83.85480	83.99637	84.15051	85.63293	85.20512	83.16968	84.26477	81.96729	83.46331	83.40134	83.62365
9/18/2025	4:31:00 PM	82.06954	82.10232	82.69518	83.80710	83.94902	84.09892	85.57353	85.14745	83.12969	84.21467	81.93013	83.42016	83.35395	83.57409
9/18/2025	4:31:04 PM	82.03247	82.06391	82.65328	83.76019	83.90189	84.04794	85.51428	85.09075	83.08984	84.16485	81.89321	83.37718	83.30754	83.52502
9/18/2025	4:31:07 PM	81.99560	82.02740	82.61101	83.71351	83.85518	83.99743	85.45679	85.03399	83.05039	84.11653	81.85860	83.33607	83.26223	83.47734
9/18/2025	4:31:11 PM	81.95894	81.99045	82.56935	83.66820	83.80897	83.94728	85.39819	84.97774	83.01126	84.06827	81.82271	83.29279	83.21518	83.42831
9/18/2025	4:31:14 PM	81.92278	81.95401	82.52812	83.62210	83.76282	83.89682	85.34059	84.92193	82.97227	84.02071	81.78686	83.25082	83.17134	83.38161
9/18/2025	4:31:18 PM	81.88818	81.91823	82.48768	83.57738	83.71752	83.84763	85.28511	84.86847	82.93516	83.97369	81.75315	83.21115	83.12763	83.33670
9/18/2025	4:31:22 PM	81.85444	81.88365	82.44973	83.53622	83.67526	83.80153	85.23193	84.81626	82.89937	83.92914	81.72091	83.17325	83.08568	83.29244
9/18/2025	4:31:25 PM	81.82229	81.85056	82.41301	83.49522	83.63444	83.75674	85.17988	84.76614	82.86431	83.88696	81.68912	83.13540	83.04470	83.24909
9/18/2025	4:31:29 PM	81.78905	81.81586	82.37487	83.45357	83.59154	83.71060	85.12672	84.71437	82.82845	83.84195	81.65651	83.09600	83.00353	83.20583
9/18/2025	4:31:32 PM	81.75583	81.78286	82.33776	83.41142	83.54975	83.66542	85.07505	84.66433	82.79302	83.79786	81.62469	83.05836	82.96195	83.16233
9/18/2025	4:31:36 PM	81.72251	81.74930	82.29949	83.37020	83.50829	83.62009	85.02278	84.61281	82.75709	83.75416	81.59179	83.01967	82.92064	83.11903
9/18/2025	4:31:39 PM	81.69076	81.71688	82.26327	83.33019	83.46797	83.57652	84.97274	84.56492	82.72413	83.71325	81.56199	82.98375	82.88208	83.07872
9/18/2025	4:31:43 PM	81.66004	81.68492	82.22729	83.29072	83.42912	83.53308	84.92251	84.51670	82.69070	83.67116	81.53034	82.94692	82.84176	83.03668
9/18/2025	4:31:46 PM	81.62841	81.65303	82.19098	83.25135	83.38837	83.48948	84.87232	84.46768	82.65650	83.62895	81.49967	82.91192	82.80300	82.99571
9/18/2025	4:31:50 PM	81.59820	81.62093	82.15532	83.21247	83.34962	83.44674	84.82223	84.41960	82.62320	83.58784	81.46881	82.87567	82.76423	82.95460
9/18/2025	4:31:53 PM	81.56854	81.59064	82.12107	83.17468	83.31207	83.40537	84.77449	84.37318	82.59072	83.54728	81.43886	82.84083	82.72594	82.91488
9/18/2025	4:31:57 PM	81.53760	81.55919	82.08515	83.13574	83.27167	83.36232	84.72543	84.32625	82.55782	83.50785	81.40998	82.80604	82.68861	82.87507
9/18/2025	4:32:00 PM	81.50825	81.52927	82.05222	83.09910	83.23459	83.32121	84.67851	84.28082	82.52631	83.46844	81.38063	82.77141	82.65124	82.83642
9/18/2025	4:32:04 PM	81.47865	81.50017	82.01906	83.06267	83.19834	83.28116	84.63304	84.23614	82.49469	83.43098	81.35254	82.73928	82.61561	82.79874
9/18/2025	4:32:07 PM	81.45088	81.47144	81.98693	83.02766	83.16174	83.24205	84.58738	84.19236	82.46340	83.39126	81.32447	82.70615	82.58011	82.76136
9/18/2025	4:32:11 PM	81.42309	81.44328	81.95515	82.99282	83.12711	83.20354	84.54277	84.14916	82.43370	83.35479	81.29785	82.67326	82.54498	82.72468
9/18/2025	4:32:15 PM	81.39507	81.41538	81.92357	82.95804	83.09138	83.16549	84.49886	84.10658	82.40406	83.31848	81.27075	82.64217	82.51071	82.68850
9/18/2025	4:32:18 PM	81.36680	81.38641	81.89143	82.92320	83.05658	83.12695	84.45486	84.06407	82.37461	83.28237	81.24383	82.60982	82.47598	82.65238
9/18/2025	4:32:21 PM	81.34031	81.36022	81.86087	82.88928	83.02105	83.08936	84.41132	84.02189	82.34471	83.24638	81.21757	82.57914	82.44219	82.61703
9/18/2025	4:32:25 PM	81.31337	81.33302	81.83094	82.85640	82.98814	83.05242	84.36936	83.98132	82.31700	83.21195	81.19220	82.54964	82.40963	82.58308
9/18/2025	4:32:29 PM	81.28748	81.30721	81.80206	82.82391	82.95545	83.01740	84.32850	83.94203	82.28916	83.17769	81.16666	82.52004	82.37766	82.54921
9/18/2025	4:32:32 PM	81.26267	81.28117	81.77241	82.79171	82.92330	82.98112	84.28627	83.90179	82.26138	83.14348	81.14162	82.49017	82.34450	82.51450
9/18/2025	4:32:36 PM	81.23637	81.25382	81.74125	82.75821	82.88845	82.94392	84.24453	83.86099	82.23233	83.10923	81.11590	82.46059	82.31205	82.48055
9/18/2025	4:32:39 PM	81.21101	81.22871	81.71270	82.72693	82.85582	82.90943	84.20438	83.82245	82.20566	83.07678	81.09273	82.43330	82.28156	82.44882
9/18/2025	4:32:43 PM	81.18766	81.20514	81.68557	82.69695	82.82625	82.87574	84.16567	83.78562	82.18006	83.04499	81.06890	82.40540	82.25179	82.41716
9/18/2025	4:32:46 PM	81.16413	81.18104	81.65866	82.66638	82.79480	82.84131	84.12628	83.74736	82.15369	83.01230	81.04533	82.37673	82.22095	82.38496
9/18/2025	4:32:50 PM	81.13920	81.15664	81.63119	82.63590	82.76427	82.80812	84.08803	83.71028	82.12798	82.97976	81.02188	82.35015	82.19097	82.35349
9/18/2025	4:32:53 PM	81.11519	81.13168	81.60363	82.60588	82.73368	82.77431	84.04834	83.67233	82.10109	82.94765	80.99807	82.32185	82.16099	82.32182
9/18/2025	4:32:57 PM	81.09127	81.10720	81.57603	82.57541	82.70233	82.74043	84.01028	83.63527	82.07521	82.91564	80.97434	82.29457	82.13081	82.28986
9/18/2025	4:33:01 PM	81.06905	81.08392	81.54921	82.54603	82.67254	82.70854	83.97324	83.60013	82.05060	82.88565	80.95265	82.26738	82.10244	82.26058
9/18/2025	4:33:04 PM	81.04652	81.06213	81.52372	82.51821	82.64474	82.67728	83.93703	83.56486	82.02595	82.85549	80.92986	82.24172	82.07398	82.23042
9/18/2025	4:33:08 PM	81.02360	81.03894	81.49831	82.49016	82.61543	82.64588	83.90111	83.52979	82.00101	82.82601	80.90772	82.21577	82.04554	82.20087
9/18/2025	4:33:11 PM	81.00128	81.01637	81.47313	82.46193	82.58753	82.61481	83.86595	83.49606	81.97797	82.79650	80.88568	82.19045	82.01827	82.17225
9/18/2025	4:33:15 PM	80.97845	80.99379	81.44727	82.43404	82.55827	82.58376	83.82981	83.46156	81.95331	82.76694	80.86353	82.16397	81.99002	82.14306
9/18/2025	4:33:18 PM	80.95681	80.97188	81.42191	82.40677	82.53187	82.55384	83.79573	83.42813	81.93039	82.73911	80.84321	82.14082	81.96384	82.11558
9/18/2025	4:33:22 PM	80.93563	80.95071	81.39873	82.38100	82.50562	82.52541	83.76317	83.39589	81.90741	82.71195	80.82278	82.11676	81.93869	82.08880
9/18/2025	4:33:25 PM	80.91585	80.93040	81.37623	82.35563	82.47982	82.49673	83.73080	83.36483	81.88562	82.68472	80.80285	82.09322	81.91245	82.06154
9/18/2025	4:33:29 PM	80.89465	80.90953	81.35170	82.32911	82.45345	82.46805	83.69690	83.33295	81.86351	82.65712	80.78240	82.06965	81.88690	82.03500
9/18/2025	4:33:32 PM	80.87574	80.88970	81.32932	82.30407	82.42729	82.44050	83.66448	83.30160	81.84092	82.63001	80.76306	82.04560	81.86155	82.00795
9/18/2025	4:33:36 PM	80.85501	80.86906	81.30667	82.27958	82.40277	82.41204	83.63249	83.27093	81.81959	82.60354	80.74317	82.02338	81.83666	81.98179
9/18/2025	4:33:39 PM	80.83510	80.84845	81.28410	82.25481	82.37749	82.38475	83.60131	83.24073	81.79851	82.57764	80.72462	82.00084	81.81265	81.95661
9/18/2025	4:33:43 PM	80.81605	80.82920	81.26241	82.23070	82.35309	82.35817	83.57031	83.21104	81.77759	82.55242	80.70526	81.97938	81.78875	81.93158
9/18/2025	4:33:46 PM	80.79616	80.80986	81.24046	82.20619	82.32761	82.33171	83.53924	83.18095	81.75657	82.52698	80.68671	81.95689	81.76468	81.90623
9/18/2025	4:33:50 PM	80.77796	80.79084	81.21822	82.18275	82.30422	82.30520	83.50915	83.15176	81.73669	82.50177	80.66860	81.93556	81.74114	81.88194
9/18/2025	4:33:53 PM	80.75894	80.77184	81.19754	82.15949	82.28001	82.27928	83.47952	83.12372	81.71693	82.47722	80.65044	81.91439	81.71797	81.85771
9/18/2025	4:33:57 PM	80.74093	80.75297	81.17677	82.13658	82.25669	82.25309	83.44941	83.09427	81.69650	82.45283	80.63245	81.89240	81.69491	81.83375
9/18/2025	4:34:00 PM	80.72149	80.73441	81.15554	82.11340	82.23312	82.22749	83.42041	83.06639	81.67635	82.42853	80.61454	81.87136	81.67203	81.80942
9/18/2025	4:34:04 PM	80.70331	80.71633	81.13450	82.09003	82.20984	82.20202	83.39064	83.03769	81.65634	82.40427	80.59539	81.85001	81.64937	81.78568
9/18/2025	4:34:08 PM	80.68550	80.69799	81.11452	82.06830	82.18815	82.17741	83.36269	83.01060	81.63717	82.38086	80.57830	81.82925	81.62673	81.76212
9/18/2025	4:34:11 PM	80.66786	80.68041	81.09353	82.04492	82.16460	82.15278	83.33395	82.98218	81.61757	82.35692	80.56098	81.80857	81.60450	81.73907
9/18/2025	4:34:15 PM	80.65036	80.66194	81.07338	82.02403	82.14309	82.12873	83.30631	82.95570	81.59887	82.33417	80.54391	81.78901	81.58323	81.71704
9/18/2025	4:34:18 PM	80.63379	80.64504	81.05392	82.00257	82.12083	82.10513	83.27960	82.92996	81.58030	82.31132	80.52717	81.76975	81.56229	81.69467
9/18/2025	4:34:22 PM	80.61686	80.62845	81.03543	81.98209	82.10022	82.08171	83.25200	82.90369	81.56200	82.28966	80.51138	81.75020	81.54170	81.67267
9/18/2025	4:34:25 PM	80.59975	80.61126	81.01670	81.96143	82.07937	82.05926	83.22605	82.87874	81.54432	82.26772	80.49433	81.73110	81.52103	81.65183
9/18/2025	4:34:29 PM	80.58433	80.59525	80.99866	81.94173	82.05962	82.03681	83.20064	82.85391	81.52752	82.24691	80.47936	81.71360	81.50139	81.63109
9/18/2025	4:34:33 PM	80.56907	80.57978	80.98056	81.92025	82.03398	82.00329	83.15379	82.81036	81.50172	82.22742	80.47529	81.71814	81.47453	81.60094
9/18/2025	4:34:36 PM	80.55318	80.54044	80.90287	81.78524	81.88690	81.84237	82.96524	82.65010	81.41659	82.10551	80.41579	81.63337	81.39492	81.54843
