10/2/2025	1:53:41 PM	297.24392	296.98841	296.84617	296.75097	297.05738	297.05630	296.88808	296.71027	296.99112	296.51599	296.90728	296.65997	296.89945	297.03146
10/2/2025	1:53:45 PM	297.23578	296.97907	296.83961	296.74567	297.05092	297.05233	296.87619	296.69664	296.98567	296.50895	296.89631	296.64630	296.89393	297.03218
10/2/2025	1:53:48 PM	297.22453	296.97274	296.83304	296.73950	297.04486	297.04486	296.87623	296.69200	296.97771	296.50496	296.88788	296.64071	296.88770	297.02464
10/2/2025	1:53:52 PM	297.21333	296.95793	296.81537	296.71633	297.00950	296.99690	296.82888	296.61466	296.67247	295.69627	295.56978	294.71170	293.74420	293.69596
10/2/2025	1:53:55 PM	292.94213	292.26371	291.71233	290.55053	289.95644	287.85310	287.82463	288.33537	286.93576	287.82027	286.48617	286.34714	283.80616	284.89732
10/2/2025	1:53:59 PM	282.58160	281.72386	282.00375	280.29833	279.49077	277.29707	278.66955	281.12431	277.76341	279.68436	277.08360	278.44923	275.13013	277.85531
10/2/2025	1:54:02 PM	274.42058	273.82644	274.51443	272.79848	272.35226	270.75136	273.77738	276.55531	272.10649	275.51734	271.62476	274.30926	270.43088	273.53255
10/2/2025	1:54:06 PM	269.78383	269.44124	269.82628	268.08167	267.71668	266.18680	269.77774	272.61301	267.07390	271.74866	267.34173	270.68413	265.42544	267.90615
10/2/2025	1:54:09 PM	265.55972	265.24974	265.25303	263.62727	263.17130	261.40509	265.28280	267.94522	261.23144	267.44423	262.40513	266.74889	259.50331	261.77699
10/2/2025	1:54:13 PM	260.93689	260.72416	260.53540	257.97395	257.96929	255.91947	260.07315	262.55364	254.70320	262.50271	256.65847	262.23716	253.04733	255.20764
10/2/2025	1:54:16 PM	255.78618	255.35760	254.87565	252.26471	251.94879	249.65465	254.29463	256.43655	247.58370	256.88313	250.44703	257.01656	247.21981	248.85084
10/2/2025	1:54:20 PM	250.19612	249.22466	248.81111	245.76991	245.36543	242.66202	248.26432	250.00033	240.08248	250.80275	244.00398	251.47331	241.46213	242.86378
10/2/2025	1:54:23 PM	244.22364	242.95506	242.54093	239.10564	238.29249	235.16966	242.23447	243.37822	232.39781	244.22631	237.29735	245.85570	235.30887	237.17212
10/2/2025	1:54:27 PM	238.20837	236.90670	236.31593	232.91127	231.38809	228.08217	236.21053	236.88411	224.98505	237.73055	230.55628	240.11565	228.77655	231.44751
10/2/2025	1:54:30 PM	231.94048	230.79257	230.12535	226.53788	224.49701	221.47154	229.84826	230.32844	217.66336	231.22222	223.53865	234.10223	222.01494	225.38413
10/2/2025	1:54:34 PM	225.32824	224.38089	223.68683	219.92312	217.30610	214.04229	222.70367	223.10703	209.45369	224.03788	215.61707	227.20947	213.76637	217.76849
10/2/2025	1:54:37 PM	217.35982	216.44851	215.65615	212.10526	208.97610	205.27062	214.37394	214.77287	199.99906	216.02921	206.77097	219.71429	205.26061	209.85252
10/2/2025	1:54:41 PM	209.47154	208.76105	207.63126	204.10880	200.66470	196.62854	206.00520	206.37955	190.67611	208.08126	198.22010	212.38365	197.08000	202.17092
10/2/2025	1:54:44 PM	201.92199	201.35847	200.03620	196.65205	192.85504	188.54569	198.07139	198.32850	182.12097	200.55833	190.30693	205.30367	189.48634	194.93504
10/2/2025	1:54:48 PM	194.74866	194.15613	192.88266	189.56725	185.56096	181.20828	190.67853	190.83356	174.44299	193.56059	183.14330	198.75063	182.64462	188.29727
10/2/2025	1:54:51 PM	188.41536	187.83930	186.63622	183.43174	179.20510	174.96764	184.24489	184.25942	167.90346	187.41342	176.94187	192.93601	176.78025	182.57531
10/2/2025	1:54:55 PM	182.65108	182.05327	180.80519	177.74237	173.29744	169.28641	178.32442	178.15899	162.11061	181.79869	171.23442	187.25405	171.16018	177.18833
10/2/2025	1:54:58 PM	176.74393	175.84621	174.47990	171.55609	167.15067	163.79350	173.07614	172.62372	157.90157	176.50593	165.36144	180.84352	165.43686	171.85401
10/2/2025	1:55:02 PM	170.14034	168.74520	167.22939	164.52469	160.51183	158.40885	168.41982	168.21024	154.25363	172.84335	161.17397	175.97379	160.56050	167.31041
10/2/2025	1:55:05 PM	164.70696	162.80279	161.15151	158.80383	155.21681	154.25949	164.80361	165.18307	151.63738	169.80254	157.68348	171.70129	156.31523	163.33014
10/2/2025	1:55:09 PM	159.77445	157.48765	155.98100	154.20239	151.04349	150.85670	161.32096	161.78980	148.14537	165.83122	153.34964	167.13765	152.67736	159.51733
10/2/2025	1:55:12 PM	155.58000	153.46336	152.24103	151.05872	148.03185	148.07344	158.15227	158.51770	144.74242	162.17590	149.54536	163.21552	149.42291	156.09031
10/2/2025	1:55:16 PM	151.86091	149.88050	148.87732	148.18243	145.27816	145.49044	155.25167	155.51848	141.72921	158.85362	146.18956	159.66408	146.45107	152.96395
10/2/2025	1:55:19 PM	148.55602	146.66283	145.83140	145.53943	142.72669	143.07470	152.54519	152.71597	138.99362	155.80906	143.22822	156.50540	143.78686	150.16856
10/2/2025	1:55:23 PM	145.59200	143.77826	143.06466	143.10365	140.36725	140.85036	150.08210	150.17247	136.58071	153.06843	140.59634	153.66954	141.36804	147.61711
10/2/2025	1:55:26 PM	142.97855	141.23466	140.61033	140.93618	138.28371	138.86590	147.87204	147.88271	134.48644	150.66620	138.33112	151.19569	139.26078	145.39960
10/2/2025	1:55:30 PM	140.68945	138.99694	138.43440	138.98177	136.40116	137.05271	145.86866	145.80584	132.63337	148.49288	136.31977	148.96581	137.34065	143.37515
10/2/2025	1:55:33 PM	138.67788	137.01999	136.52876	137.26356	134.75860	135.47441	144.12041	143.98617	131.05044	146.61737	134.61398	147.05377	135.69451	141.62339
10/2/2025	1:55:37 PM	136.90895	135.28746	134.84555	135.73354	133.30805	134.05609	142.54554	142.34584	129.65566	144.93030	133.09627	145.32777	134.19797	140.03635
10/2/2025	1:55:40 PM	135.34200	133.78009	133.34553	134.34591	131.95599	132.75138	141.10231	140.84435	128.39175	143.38723	131.73102	143.75492	132.82064	138.57176
10/2/2025	1:55:44 PM	133.88389	132.37869	131.95270	133.04359	130.70808	131.52305	139.74156	139.43663	127.21091	141.94288	130.45703	142.29298	131.53376	137.21108
10/2/2025	1:55:47 PM	132.57249	131.11468	130.69790	131.85784	129.57202	130.39220	138.49732	138.16082	126.14399	140.64157	129.31610	140.98692	130.36641	135.98354
10/2/2025	1:55:51 PM	131.37010	129.95123	129.54135	130.74805	128.50732	129.33153	137.33113	136.96325	125.15015	139.42721	128.25313	139.76886	129.26607	134.82643
10/2/2025	1:55:54 PM	130.25045	128.86479	128.46609	129.70732	127.50959	128.32554	136.22779	135.83001	124.20208	138.26896	127.24728	138.60691	128.21749	133.72776
10/2/2025	1:55:58 PM	129.20181	127.84788	127.46214	128.72706	126.57061	127.38128	135.19186	134.77193	123.32508	137.19044	126.31135	137.53111	127.24110	132.70950
10/2/2025	1:56:01 PM	128.21854	126.89715	126.52674	127.80890	125.69433	126.49378	134.21650	133.77534	122.49555	136.16445	125.42079	136.50667	126.31505	131.74291
10/2/2025	1:56:05 PM	127.29632	125.99601	125.63767	126.92758	124.84785	125.63117	133.26664	132.80537	121.68821	135.16383	124.56393	135.51388	125.41324	130.80190
10/2/2025	1:56:08 PM	126.40139	125.12653	124.78424	126.07980	124.03912	124.80562	132.36025	131.88687	120.93052	134.22536	123.76352	134.58549	124.57271	129.92502
10/2/2025	1:56:12 PM	125.57647	124.32262	123.99809	125.29175	123.28049	124.02694	131.49671	131.01086	120.21143	133.32875	122.99915	133.69929	123.76312	129.08357
10/2/2025	1:56:15 PM	124.79893	123.56167	123.25181	124.54189	122.56267	123.28998	130.68420	130.18234	119.52991	132.47592	122.27298	132.85025	122.98816	128.27775
10/2/2025	1:56:19 PM	124.03596	122.81474	122.52358	123.80925	121.86274	122.57226	129.89141	129.37880	118.86965	131.64783	121.57411	132.03123	122.24834	127.51158
10/2/2025	1:56:22 PM	123.32775	122.12826	121.85300	123.13489	121.21486	121.90200	129.14832	128.62477	118.25256	130.86975	120.92130	131.26541	121.55697	126.79041
10/2/2025	1:56:26 PM	122.65098	121.46630	121.20816	122.48321	120.59187	121.25711	128.43035	127.89922	117.65733	130.12072	120.29013	130.52598	120.89045	126.09914
10/2/2025	1:56:29 PM	122.00269	120.83217	120.58648	121.84977	119.98396	120.62432	127.72524	127.19271	117.08575	129.39449	119.68341	129.80878	120.23824	125.42410
10/2/2025	1:56:33 PM	121.38006	120.22247	119.99151	121.24134	119.40037	120.02000	127.05118	126.51372	116.53582	128.69532	119.10011	129.11691	119.61229	124.77061
10/2/2025	1:56:36 PM	120.78026	119.63284	119.41313	120.65154	118.83541	119.43392	126.40085	125.86199	116.00434	128.02003	118.53901	128.45238	119.01565	124.15178
10/2/2025	1:56:40 PM	120.20177	119.06934	118.85854	120.08196	118.28840	118.86625	125.76722	125.22307	115.49108	127.36521	117.99620	127.80636	118.43310	123.54709
10/2/2025	1:56:43 PM	119.64279	118.52273	118.32282	119.53311	117.76143	118.31604	125.14990	124.60667	114.99201	126.73076	117.47075	127.17853	117.87121	122.96121
10/2/2025	1:56:47 PM	119.10135	117.99060	117.80265	119.00113	117.25344	117.78921	124.56058	124.01827	114.51689	126.12126	116.96759	126.57516	117.32878	122.39497
10/2/2025	1:56:50 PM	118.57870	117.47999	117.30054	118.48469	116.76190	117.27269	123.97880	123.43512	114.04936	125.52219	116.46979	125.97950	116.79505	121.84127
10/2/2025	1:56:54 PM	118.06943	116.98139	116.80843	117.98439	116.28563	116.77528	123.41661	122.87401	113.60026	124.93996	115.98919	125.40128	116.28266	121.30464
10/2/2025	1:56:57 PM	117.57194	116.49463	116.33185	117.49683	115.82020	116.29180	122.87088	122.33267	113.16548	124.37288	115.51932	124.83463	115.78126	120.77935
10/2/2025	1:57:01 PM	117.09343	116.02685	115.87364	117.02796	115.37633	115.83121	122.34688	121.81027	112.74834	123.83215	115.07293	124.29621	115.30534	120.28226
10/2/2025	1:57:04 PM	116.62474	115.56937	115.42621	116.56943	114.93618	115.37493	121.83007	121.29311	112.33183	123.29064	114.62619	123.75551	114.83114	119.78564
10/2/2025	1:57:08 PM	116.16902	115.12401	114.98906	116.12104	114.51090	114.93520	121.33272	120.80093	111.93778	122.77923	114.20648	123.24554	114.38483	119.31370
10/2/2025	1:57:11 PM	115.72484	114.69073	114.56342	115.68377	114.09239	114.49930	120.84129	120.31112	111.54256	122.26421	113.78089	122.72716	113.93414	118.83827
10/2/2025	1:57:15 PM	115.29155	114.26856	114.14710	115.25654	113.68447	114.07557	120.36093	119.83300	111.15876	121.76641	113.37339	122.23281	113.50243	118.38309
10/2/2025	1:57:19 PM	114.86974	113.85766	113.74216	114.84002	113.28717	113.66507	119.89894	119.37037	110.78614	121.28437	112.97886	121.75091	113.08382	117.94066
10/2/2025	1:57:22 PM	114.45815	113.45639	113.34697	114.43268	112.89717	113.25797	119.43751	118.91336	110.41818	120.80810	112.59110	121.27961	112.67840	117.51052
10/2/2025	1:57:25 PM	114.05515	113.06401	112.95868	114.03120	112.51352	112.85871	118.98619	118.46185	110.05474	120.33695	112.20659	120.80979	112.27143	117.07901
10/2/2025	1:57:29 PM	113.66112	112.68043	112.58145	113.64225	112.14118	112.46964	118.54207	118.02143	109.70088	119.87890	111.83306	120.35288	111.87859	116.65903
10/2/2025	1:57:32 PM	113.27556	112.30547	112.21044	113.26074	111.77477	112.08969	118.11318	117.59344	109.35555	119.43226	111.47147	119.91195	111.50157	116.25510
10/2/2025	1:57:36 PM	112.89624	111.93696	111.84455	112.88306	111.41319	111.71145	117.68063	117.16416	109.01185	118.98691	111.10776	119.46543	111.11916	115.84598
10/2/2025	1:57:39 PM	112.52405	111.57562	111.48664	112.51327	111.05753	111.34010	117.25983	116.74712	108.67871	118.55180	110.75382	119.03371	110.75060	115.45105
10/2/2025	1:57:43 PM	112.16012	111.22163	111.13557	112.15344	110.71452	110.98383	116.85207	116.33958	108.35342	118.12860	110.40963	118.61304	110.39137	115.06570
10/2/2025	1:57:46 PM	111.80200	110.87251	110.79050	111.79652	110.37455	110.63026	116.44726	115.93795	108.03312	117.70697	110.06683	118.19116	110.03225	114.67861
10/2/2025	1:57:50 PM	111.44972	110.52991	110.45200	111.45263	110.04720	110.29006	116.05699	115.55093	107.72465	117.30256	109.73863	117.78836	109.69118	114.31036
10/2/2025	1:57:53 PM	111.10541	110.19661	110.12286	111.11387	109.72545	109.95501	115.67020	115.16732	107.41940	116.90206	109.41267	117.38526	109.35234	113.94419
10/2/2025	1:57:57 PM	110.76496	109.86597	109.79532	110.78079	109.40920	109.62788	115.29153	114.79202	107.11936	116.50797	109.09017	116.99040	109.01824	113.58156
10/2/2025	1:58:00 PM	110.43230	109.54270	109.47433	110.45315	109.09918	109.30496	114.92039	114.42419	106.82686	116.12241	108.77833	116.60570	108.69600	113.23180
10/2/2025	1:58:04 PM	110.10551	109.22713	109.16117	110.13005	108.79342	108.98707	114.55341	114.05870	106.53783	115.73852	108.46622	116.21953	108.37168	112.87992
10/2/2025	1:58:08 PM	109.78601	108.91686	108.85364	109.81571	108.49397	108.67749	114.19851	113.70398	106.25783	115.36839	108.16700	115.84816	108.06092	112.54114
10/2/2025	1:58:11 PM	109.47180	108.61175	108.55194	109.50721	108.20037	108.37376	113.84892	113.35766	105.98372	115.00452	107.87307	115.48612	107.75860	112.21233
10/2/2025	1:58:14 PM	109.16424	108.31372	108.25614	109.20396	107.91040	108.07272	113.50337	113.01193	105.71091	114.64391	107.58159	115.12453	107.45659	111.88294
10/2/2025	1:58:18 PM	108.85860	108.01781	107.96142	108.90272	107.62397	107.77699	113.16215	112.67195	105.44085	114.28787	107.29383	114.76592	107.15653	111.55427
10/2/2025	1:58:21 PM	108.55997	107.72783	107.67359	108.60758	107.34375	107.48604	112.82853	112.33912	105.17603	113.94002	107.01295	114.41983	106.86881	111.24041
10/2/2025	1:58:25 PM	108.26521	107.44217	107.39067	108.31805	107.06800	107.19981	112.49747	112.00968	104.91299	113.59383	106.73403	114.07369	106.57855	110.92076
10/2/2025	1:58:28 PM	107.97753	107.16475	107.11381	108.03391	106.79754	106.91906	112.17490	111.68926	104.65811	113.26026	106.46498	113.74184	106.30202	110.61687
10/2/2025	1:58:32 PM	107.70178	106.89819	106.84723	107.76104	106.53714	106.64744	111.85924	111.37437	104.40631	112.92994	106.19885	113.41075	106.02602	110.31415
10/2/2025	1:58:35 PM	107.42455	106.62916	106.58101	107.49028	106.28075	106.38059	111.55077	111.06769	104.16307	112.60854	105.94036	113.08954	105.75712	110.01718
10/2/2025	1:58:39 PM	107.14992	106.36365	106.31742	107.22237	106.02657	106.11491	111.24058	110.76075	103.92004	112.28487	105.67886	112.76291	105.48710	109.72084
10/2/2025	1:58:42 PM	106.87743	106.10063	106.05751	106.96023	105.77716	105.85865	110.94395	110.46424	103.68614	111.97273	105.42749	112.45228	105.23043	109.43677
10/2/2025	1:58:46 PM	106.60969	105.84013	105.79792	106.69536	105.52499	105.59826	110.64140	110.16357	103.44769	111.65789	105.17127	112.13203	104.96752	109.14664
10/2/2025	1:58:49 PM	106.34359	105.58343	105.54317	106.43645	105.27951	105.34496	110.34765	109.87383	103.21907	111.35427	104.92712	111.82908	104.71845	108.87083
10/2/2025	1:58:53 PM	106.08577	105.33348	105.29277	106.18105	105.03652	105.09721	110.05928	109.58533	102.99138	111.05047	104.68229	111.52264	104.46772	108.59127
10/2/2025	1:58:56 PM	105.82470	105.08155	105.04296	105.92474	104.79170	104.84766	109.76688	109.29481	102.76186	110.74398	104.43537	111.21423	104.21441	108.31099
10/2/2025	1:59:00 PM	105.57341	104.83801	104.80090	105.67618	104.55535	104.60723	109.48696	109.01397	102.54008	110.45181	104.20219	110.92626	103.97698	108.04667
10/2/2025	1:59:03 PM	105.32694	104.59738	104.55863	105.42477	104.31497	104.35981	109.19879	108.72679	102.31391	110.15341	103.96251	110.62970	103.73235	107.77436
10/2/2025	1:59:07 PM	105.08260	104.36205	104.32346	105.18421	104.08705	104.12587	108.92401	108.45568	102.09686	109.86532	103.72987	110.33917	103.49127	107.50412
10/2/2025	1:59:11 PM	104.83479	104.11941	104.07999	104.93585	103.84745	103.87683	108.63413	108.16668	101.86756	109.56522	103.48643	110.03834	103.24313	107.22883
10/2/2025	1:59:14 PM	104.57948	103.87348	103.83483	104.68924	103.61325	103.63470	108.35493	107.89172	101.65109	109.27736	103.25150	109.74944	103.00615	106.96429
10/2/2025	1:59:18 PM	104.33439	103.63411	103.59563	104.44536	103.38198	103.39628	108.07689	107.61596	101.43178	108.98817	103.01682	109.45660	102.76634	106.69627
10/2/2025	1:59:21 PM	104.09435	103.40280	103.36404	104.21256	103.16141	103.16560	107.80860	107.34901	101.22130	108.70902	102.79116	109.17840	102.53996	106.44224
10/2/2025	1:59:25 PM	103.86129	103.17617	103.13757	103.98439	102.94533	102.94322	107.54933	107.09215	101.01710	108.44020	102.57197	108.90564	102.31797	106.19302
10/2/2025	1:59:28 PM	103.63305	102.95581	102.91727	103.75823	102.72990	102.72314	107.29314	106.83670	100.81568	108.17685	102.35989	108.64373	102.10096	105.94758
10/2/2025	1:59:32 PM	103.40771	102.73566	102.69442	103.53233	102.51500	102.49750	107.02966	106.57591	100.61194	107.91051	102.14525	108.38077	101.88462	105.70465
10/2/2025	1:59:35 PM	103.18960	102.52418	102.48329	103.32035	102.31253	102.28531	106.78339	106.33063	100.42038	107.65393	101.93935	108.12401	101.67495	105.46559
10/2/2025	1:59:39 PM	102.97428	102.31575	102.27258	103.10625	102.10442	102.06803	106.52950	106.07853	100.22410	107.39381	101.72838	107.86129	101.46209	105.22536
10/2/2025	1:59:42 PM	102.75320	102.10170	102.05838	102.89052	101.89810	101.86061	106.28712	105.83940	100.04140	107.14633	101.52968	107.61312	101.26226	104.99829
10/2/2025	1:59:46 PM	102.55112	101.90669	101.86281	102.69098	101.70561	101.66220	106.05381	105.60936	99.86889	106.91264	101.34618	107.38117	101.06348	104.77636
10/2/2025	1:59:49 PM	102.35229	101.70624	101.65374	102.47077	101.48962	101.44740	105.81197	105.37890	99.69888	106.68663	101.16888	107.15576	100.86802	104.56025
10/2/2025	1:59:53 PM	102.16114	101.51384	101.45493	102.26442	101.29230	101.24907	105.58632	105.16125	99.53641	106.46704	100.99481	106.92829	100.67473	104.34285
10/2/2025	1:59:56 PM	101.96460	101.31585	101.24813	102.05094	101.08491	101.03837	105.34378	104.92566	99.35751	106.23077	100.80288	106.68536	100.47071	104.11782
10/2/2025	2:00:00 PM	101.75885	101.11191	101.04095	101.83903	100.88452	100.83749	105.11566	104.70514	99.18973	106.00858	100.62579	106.46207	100.28642	103.91150
10/2/2025	2:00:03 PM	101.56927	100.92661	100.85092	101.64370	100.69671	100.64567	104.89001	104.48267	99.02068	105.77940	100.43890	106.22356	100.09104	103.68935
10/2/2025	2:00:07 PM	101.36597	100.72542	100.64639	101.43650	100.49533	100.44442	104.65789	104.25489	98.84398	105.54704	100.25029	105.98836	99.89607	103.47572
10/2/2025	2:00:11 PM	101.16705	100.53172	100.45115	101.23893	100.30996	100.25957	104.44301	104.04434	98.68489	105.33060	100.07668	105.76952	99.71786	103.27435
10/2/2025	2:00:14 PM	100.98647	100.35549	100.27182	101.05717	100.13658	100.08052	104.23105	103.83357	98.52153	105.11017	99.89768	105.54289	99.53095	103.06187
10/2/2025	2:00:17 PM	100.79130	100.16424	100.07711	100.86014	99.94732	99.88926	104.00931	103.61574	98.35182	104.88862	99.71748	105.32093	99.34849	102.85535
10/2/2025	2:00:21 PM	100.60329	99.98112	99.89197	100.67286	99.77163	99.71024	103.80137	103.41145	98.19501	104.67825	99.54730	105.10880	99.17617	102.65737
10/2/2025	2:00:24 PM	100.42511	99.80926	99.71799	100.49584	99.60191	99.53741	103.59845	103.20857	98.03844	104.46561	99.37435	104.89086	98.99919	102.45387
10/2/2025	2:00:28 PM	100.23846	99.62709	99.53499	100.31105	99.42565	99.35673	103.38782	103.00046	97.87578	104.25004	99.19751	104.66956	98.81867	102.24791
10/2/2025	2:00:31 PM	100.05388	99.44771	99.35359	100.12998	99.25291	99.17565	103.17708	102.78954	97.71075	104.03328	99.02015	104.45029	98.64074	102.04362
10/2/2025	2:00:35 PM	99.86691	99.26570	99.16765	99.94564	99.07698	98.99515	102.96995	102.58331	97.54787	103.82228	98.84855	104.24100	98.46967	101.84994
10/2/2025	2:00:38 PM	99.69249	99.09695	98.99789	99.77488	98.91833	98.83372	102.78105	102.39550	97.40275	103.62630	98.68842	104.04251	98.31053	101.66393
10/2/2025	2:00:42 PM	99.52577	98.93584	98.83557	99.60868	98.76009	98.67296	102.59167	102.20641	97.25620	103.42828	98.52822	103.84143	98.15018	101.47813
10/2/2025	2:00:45 PM	99.35660	98.77151	98.66896	99.44271	98.60143	98.50926	102.39890	102.01260	97.10591	103.22535	98.36266	103.63326	97.98272	101.28515
10/2/2025	2:00:49 PM	99.18155	98.60131	98.49711	99.27072	98.43725	98.33838	102.19930	101.81562	96.95173	103.02343	98.19626	103.42900	97.81670	101.09464
10/2/2025	2:00:52 PM	99.00871	98.43336	98.32870	99.10040	98.27694	98.17865	102.01411	101.63324	96.81124	102.83390	98.04317	103.24293	97.66730	100.92559
10/2/2025	2:00:56 PM	98.85612	98.28779	98.18219	98.95223	98.13827	98.04057	101.85011	101.46925	96.68768	102.65920	97.90268	103.06428	97.52415	100.75910
10/2/2025	2:00:59 PM	98.70439	98.14022	98.03433	98.80167	97.99450	97.89206	101.67154	101.29032	96.54915	102.47242	97.75301	102.87614	97.37439	100.58732
10/2/2025	2:01:03 PM	98.54622	97.98637	97.87952	98.64712	97.84794	97.73968	101.49067	101.10892	96.40683	102.28393	97.60092	102.68679	97.22248	100.41048
10/2/2025	2:01:07 PM	98.38644	97.83153	97.72507	98.49406	97.70399	97.58993	101.31327	100.93096	96.26838	102.09860	97.45196	102.50260	97.07601	100.23994
10/2/2025	2:01:10 PM	98.23798	97.68758	97.58276	98.35086	97.56886	97.44891	101.14608	100.76348	96.13936	101.92646	97.31383	102.32995	96.93810	100.07957
10/2/2025	2:01:14 PM	98.09039	97.54395	97.43972	98.20703	97.43350	97.30872	100.97732	100.59356	96.00701	101.74695	97.16899	102.14948	96.79388	99.91217
10/2/2025	2:01:17 PM	97.93955	97.39677	97.29430	98.06267	97.29764	97.16624	100.80858	100.42622	95.87849	101.57284	97.03022	101.97466	96.65632	99.74472
10/2/2025	2:01:21 PM	97.79681	97.25882	97.15871	97.92690	97.16983	97.03472	100.65093	100.26895	95.75780	101.40627	96.89661	101.80678	96.52293	99.58503
10/2/2025	2:01:24 PM	97.65540	97.12346	97.02369	97.79000	97.04077	96.90254	100.49279	100.11174	95.63713	101.24014	96.76337	101.63848	96.39070	99.42822
10/2/2025	2:01:28 PM	97.51477	96.98679	96.88675	97.65072	96.90900	96.76898	100.33173	99.94918	95.51368	101.07120	96.62584	101.46708	96.25653	99.27248
10/2/2025	2:01:31 PM	97.37074	96.84781	96.74884	97.51187	96.77939	96.63713	100.17470	99.79372	95.39424	100.90807	96.49138	101.29981	96.12491	99.11887
10/2/2025	2:01:35 PM	97.23336	96.71511	96.61725	97.37924	96.65444	96.51065	100.02468	99.64436	95.27985	100.75107	96.36204	101.13921	95.99668	98.96876
10/2/2025	2:01:38 PM	97.09615	96.58232	96.48493	97.24441	96.52784	96.38204	99.87109	99.49011	95.16241	100.58967	96.23007	100.97556	95.86846	98.82089
10/2/2025	2:01:42 PM	96.96089	96.45282	96.35587	97.11383	96.40640	96.26015	99.72563	99.34399	95.05126	100.43757	96.10634	100.82136	95.74679	98.67778
10/2/2025	2:01:45 PM	96.82920	96.32369	96.22547	96.98125	96.28161	96.13230	99.57145	99.19000	94.93258	100.27462	95.97158	100.65494	95.61686	98.52679
10/2/2025	2:01:49 PM	96.69462	96.19315	96.09663	96.85151	96.15987	96.00883	99.42496	99.04678	94.82261	100.12320	95.84819	100.50091	95.49548	98.38578
10/2/2025	2:01:52 PM	96.56670	96.06965	95.97469	96.72726	96.04266	95.88990	99.28280	98.90503	94.71487	99.97326	95.72543	100.34740	95.37436	98.24579
10/2/2025	2:01:56 PM	96.43739	95.94551	95.85058	96.60185	95.92555	95.77205	99.14134	98.76525	94.60832	99.82480	95.60378	100.19661	95.25571	98.10780
10/2/2025	2:01:59 PM	96.31248	95.82558	95.73038	96.47961	95.81016	95.65672	99.00169	98.62618	94.50228	99.68002	95.48517	100.05044	95.13955	97.97301
10/2/2025	2:02:03 PM	96.18913	95.70665	95.61057	96.35744	95.69550	95.53991	98.86258	98.48796	94.39602	99.53332	95.36536	99.90197	95.02112	97.83641
10/2/2025	2:02:06 PM	96.06436	95.58565	95.49001	96.23647	95.58164	95.42308	98.72510	98.35220	94.29217	99.39094	95.24858	99.75821	94.90611	97.70530
10/2/2025	2:02:09 PM	95.94259	95.46709	95.37240	96.12003	95.47319	95.31180	98.59018	98.21890	94.19102	99.24830	95.13256	99.61232	94.79308	97.57364
10/2/2025	2:02:13 PM	95.82129	95.35028	95.25731	96.00310	95.36464	95.20116	98.45568	98.08745	94.09067	99.10630	95.01845	99.46712	94.68115	97.44386
10/2/2025	2:02:17 PM	95.70490	95.23938	95.14732	95.89218	95.26248	95.09881	98.33097	97.96484	93.99677	98.97408	94.91422	99.33123	94.57431	97.31964
10/2/2025	2:02:20 PM	95.59005	95.12807	95.03650	95.78031	95.15862	94.99491	98.20540	97.83943	93.90056	98.84076	94.80907	99.19605	94.46888	97.19724
10/2/2025	2:02:24 PM	95.47718	95.01990	94.92925	95.67114	95.05770	94.89420	98.08201	97.71602	93.80694	98.71159	94.70759	99.06476	94.36734	97.07803
10/2/2025	2:02:27 PM	95.36719	94.91395	94.82239	95.56352	94.95640	94.79347	97.96106	97.59393	93.71393	98.58451	94.60678	98.93451	94.26592	96.96007
10/2/2025	2:02:31 PM	95.25937	94.80931	94.71855	95.45895	94.85830	94.69490	97.84217	97.47447	93.62333	98.46108	94.51027	98.80645	94.16699	96.84428
10/2/2025	2:02:34 PM	95.15174	94.70539	94.61512	95.35391	94.75886	94.59407	97.72106	97.35169	93.53019	98.33562	94.41084	98.67973	94.06689	96.72681
10/2/2025	2:02:37 PM	95.04392	94.60157	94.51130	95.24946	94.65960	94.49362	97.60270	97.23192	93.43993	98.21360	94.31529	98.55701	93.97053	96.61408
10/2/2025	2:02:41 PM	94.94259	94.50202	94.41057	95.14814	94.56361	94.39607	97.48561	97.11399	93.35076	98.09114	94.21903	98.43320	93.87409	96.50050
10/2/2025	2:02:44 PM	94.83924	94.40097	94.31034	95.04649	94.46921	94.29910	97.36890	96.99531	93.26130	97.97008	94.12244	98.30911	93.77667	96.38392
10/2/2025	2:02:48 PM	94.73606	94.30104	94.20999	94.94475	94.37220	94.19960	97.25102	96.87593	93.17094	97.84808	94.02395	98.18599	93.67893	96.27114
10/2/2025	2:02:51 PM	94.63374	94.20176	94.11003	94.84444	94.27676	94.10260	97.13603	96.75991	93.08260	97.72751	93.92669	98.06497	93.58370	96.16009
10/2/2025	2:02:55 PM	94.53286	94.10352	94.01241	94.74638	94.18375	94.00766	97.02259	96.64523	92.99634	97.60913	93.83078	97.94403	93.48862	96.04819
10/2/2025	2:02:58 PM	94.43208	94.00548	93.91475	94.64857	94.09171	93.91367	96.91196	96.53338	92.91186	97.49313	93.73781	97.83019	93.39872	95.94266
10/2/2025	2:03:02 PM	94.33651	93.91381	93.82265	94.55511	94.00278	93.82222	96.80211	96.42212	92.82816	97.37788	93.64436	97.71348	93.30678	95.83491
10/2/2025	2:03:05 PM	94.23963	93.81889	93.72638	94.45906	93.91293	93.73052	96.69284	96.31141	92.74355	97.26243	93.55101	97.59681	93.21391	95.72705
10/2/2025	2:03:09 PM	94.14074	93.72305	93.63193	94.36413	93.82295	93.63784	96.58314	96.20121	92.66007	97.14919	93.45907	97.48183	93.12241	95.62052
10/2/2025	2:03:12 PM	94.04343	93.63055	93.53810	94.27052	93.73469	93.54654	96.47478	96.09274	92.57719	97.03625	93.36673	97.36665	93.03212	95.51459
10/2/2025	2:03:16 PM	93.94776	93.53738	93.44416	94.17672	93.64584	93.45715	96.36776	95.98565	92.49544	96.92500	93.27670	97.25301	92.94242	95.40987
10/2/2025	2:03:19 PM	93.85116	93.44421	93.35036	94.08273	93.55707	93.36695	96.26022	95.87849	92.41329	96.81284	93.18564	97.13916	92.85261	95.30508
10/2/2025	2:03:23 PM	93.75621	93.35189	93.25937	93.99028	93.46999	93.27873	96.15570	95.77370	92.33208	96.70286	93.09808	97.02689	92.76499	95.20274
10/2/2025	2:03:26 PM	93.66170	93.26252	93.16986	93.90220	93.38709	93.19359	96.05546	95.67390	92.25553	96.59890	93.01447	96.92128	92.68218	95.10591
10/2/2025	2:03:30 PM	93.57303	93.17766	93.08473	93.81639	93.30598	93.11138	95.95624	95.57450	92.17869	96.49421	92.92814	96.81283	92.59719	95.00630
10/2/2025	2:03:33 PM	93.48184	93.08737	92.99631	93.72944	93.22552	93.02501	95.85411	95.47265	92.10046	96.38964	92.84058	96.70309	92.51081	94.90634
10/2/2025	2:03:37 PM	93.39069	93.00022	92.90937	93.64309	93.14490	92.94127	95.75492	95.37537	92.02605	96.28973	92.75764	96.59880	92.42780	94.81083
10/2/2025	2:03:40 PM	93.30085	92.91278	92.82109	93.55743	93.06621	92.85811	95.65543	95.27817	91.95045	96.18741	92.67492	96.49429	92.34377	94.71376
10/2/2025	2:03:44 PM	93.21030	92.82559	92.73490	93.47183	92.98642	92.77622	95.55854	95.18576	91.87910	96.08736	92.59435	96.39120	92.26131	94.61889
10/2/2025	2:03:47 PM	93.12103	92.73800	92.65008	93.38834	92.90872	92.69479	95.46042	95.09109	91.80547	95.98538	92.51030	96.28617	92.17812	94.52421
10/2/2025	2:03:51 PM	93.03240	92.65305	92.56490	93.30576	92.83131	92.61542	95.36613	95.00031	91.73633	95.88979	92.43262	96.18680	92.09826	94.43254
10/2/2025	2:03:54 PM	92.94691	92.57077	92.48315	93.22513	92.75827	92.53828	95.27475	94.91215	91.67026	95.79257	92.35676	96.08922	92.02126	94.34398
10/2/2025	2:03:58 PM	92.86206	92.48818	92.40193	93.14478	92.68327	92.46393	95.18528	94.82585	91.60513	95.69873	92.28244	95.99437	91.94675	94.25792
10/2/2025	2:04:02 PM	92.78162	92.40990	92.32589	93.06804	92.61284	92.39250	95.09836	94.73929	91.54040	95.60486	92.20704	95.89752	91.87311	94.17001
10/2/2025	2:04:05 PM	92.70090	92.33031	92.24492	92.98781	92.53797	92.31783	95.00914	94.64929	91.47158	95.51011	92.12787	95.80125	91.79955	94.08088
10/2/2025	2:04:09 PM	92.61791	92.24923	92.16454	92.90787	92.46211	92.24142	94.91814	94.55781	91.40194	95.41396	92.04663	95.70424	91.72332	93.99164
10/2/2025	2:04:12 PM	92.53308	92.16590	92.08354	92.82615	92.38552	92.16405	94.82809	94.46579	91.33211	95.31739	91.96395	95.60458	91.64679	93.90137
10/2/2025	2:04:16 PM	92.45103	92.08514	92.00489	92.74807	92.31177	92.08801	94.74004	94.37684	91.26481	95.22882	91.88848	95.51126	91.57336	93.81543
10/2/2025	2:04:19 PM	92.37019	92.00798	91.92734	92.67229	92.24207	92.01647	94.65368	94.29032	91.20074	95.14291	91.81393	95.41828	91.49953	93.73057
10/2/2025	2:04:23 PM	92.29206	91.93187	91.85310	92.59939	92.17332	91.94649	94.57021	94.20825	91.13798	95.05874	91.74311	95.32896	91.42853	93.64833
10/2/2025	2:04:26 PM	92.21493	91.85757	91.77993	92.52655	92.10179	91.87954	94.49007	94.12964	91.07651	94.96863	91.67172	95.23493	91.35700	93.56609
10/2/2025	2:04:30 PM	92.13288	91.77872	91.70295	92.45004	92.03033	91.80892	94.40716	94.04832	91.01187	94.87920	91.59847	95.14345	91.28648	93.48418
10/2/2025	2:04:33 PM	92.05655	91.70512	91.63060	92.37989	91.96627	91.74349	94.32957	93.97153	90.95086	94.79496	91.52979	95.05493	91.21721	93.39778
10/2/2025	2:04:37 PM	91.97957	91.63169	91.56118	92.30608	91.89777	91.67698	94.25139	93.89422	90.88906	94.70783	91.45688	94.96516	91.14910	93.31679
10/2/2025	2:04:40 PM	91.90176	91.55767	91.49190	92.23374	91.83324	91.61429	94.17827	93.82043	90.82964	94.62474	91.38459	94.87878	91.08414	93.24121
10/2/2025	2:04:44 PM	91.82800	91.48847	91.42787	92.16648	91.77041	91.55158	94.10455	93.74370	90.77055	94.54096	91.31212	94.79243	91.01919	93.16416
10/2/2025	2:04:47 PM	91.75368	91.41973	91.36494	92.09951	91.70910	91.48742	94.02906	93.66552	90.70971	94.45875	91.24038	94.70693	90.95546	93.08841
10/2/2025	2:04:51 PM	91.68142	91.35282	91.30646	92.03404	91.64688	91.42495	93.95543	93.58918	90.64961	94.37585	91.16897	94.61803	90.89121	93.01080
10/2/2025	2:04:54 PM	91.60433	91.28119	91.24425	91.96755	91.58553	91.36631	93.88621	93.51806	90.59283	94.29304	91.09582	94.52702	90.82790	92.93508
10/2/2025	2:04:58 PM	91.52576	91.21097	91.18089	91.90331	91.52719	91.31056	93.82025	93.45086	90.53977	94.21531	91.02710	94.44213	90.76951	92.86431
10/2/2025	2:05:01 PM	91.45513	91.14986	91.12450	91.84424	91.47178	91.25708	93.75603	93.38615	90.48840	94.14111	90.96240	94.36374	90.71343	92.79615
10/2/2025	2:05:05 PM	91.38874	91.09096	91.06915	91.78580	91.41871	91.20326	93.69187	93.32096	90.43981	94.07031	90.90035	94.28488	90.65836	92.72875
10/2/2025	2:05:08 PM	91.32108	91.03004	91.01508	91.72548	91.36442	91.14712	93.62503	93.25387	90.38847	93.99744	90.83621	94.20604	90.60370	92.66238
10/2/2025	2:05:12 PM	91.25884	90.97297	90.96186	91.66904	91.31296	91.09340	93.56109	93.18890	90.33801	93.92530	90.77455	94.12702	90.54793	92.59439
10/2/2025	2:05:15 PM	91.19111	90.91142	90.90166	91.60726	91.25602	91.03551	93.49316	93.12037	90.28296	93.84788	90.70666	94.04250	90.49166	92.52537
10/2/2025	2:05:19 PM	91.12206	90.84762	90.83753	91.54678	91.19920	90.97874	93.42526	93.05158	90.22773	93.77355	90.64164	93.96474	90.43501	92.45649
10/2/2025	2:05:22 PM	91.05552	90.78550	90.77526	91.48666	91.14139	90.92077	93.35738	92.98147	90.17227	93.69686	90.57549	93.88268	90.37603	92.38322
10/2/2025	2:05:26 PM	90.98554	90.71931	90.70579	91.42033	91.07870	90.85658	93.28214	92.90564	90.11144	93.61517	90.50435	93.79641	90.31263	92.30657
10/2/2025	2:05:29 PM	90.91471	90.65196	90.63764	91.35600	91.01865	90.79623	93.21196	92.83354	90.05374	93.53825	90.43750	93.71577	90.25308	92.23407
10/2/2025	2:05:32 PM	90.84592	90.58697	90.56898	91.28963	90.95555	90.73380	93.13893	92.75915	89.99484	93.45782	90.36592	93.62979	90.18904	92.15569
10/2/2025	2:05:36 PM	90.77270	90.51608	90.49420	91.21753	90.88885	90.66919	93.06415	92.68276	89.93507	93.37803	90.29519	93.54693	90.12566	92.07894
10/2/2025	2:05:39 PM	90.70086	90.44633	90.42044	91.14512	90.82386	90.60866	92.99181	92.61008	89.87743	93.30139	90.22639	93.46741	90.06490	92.00524
10/2/2025	2:05:43 PM	90.63263	90.38047	90.34870	91.07218	90.76275	90.55348	92.92416	92.53931	89.82143	93.22471	90.15929	93.38781	90.00280	91.93163
10/2/2025	2:05:46 PM	90.56402	90.31355	90.27666	90.99667	90.70082	90.49762	92.85441	92.46949	89.76613	93.15143	90.09388	93.30716	89.94117	91.85930
10/2/2025	2:05:50 PM	90.49375	90.24496	90.20624	90.92135	90.64173	90.44451	92.78589	92.39774	89.70897	93.07677	90.02890	93.22745	89.88040	91.78786
10/2/2025	2:05:54 PM	90.42827	90.17924	90.13891	90.85069	90.58414	90.39297	92.71888	92.33076	89.65531	93.00403	89.96710	93.15285	89.82198	91.71967
10/2/2025	2:05:57 PM	90.36271	90.11396	90.07063	90.78156	90.52615	90.33960	92.65263	92.26473	89.60286	92.93244	89.90672	93.08012	89.76595	91.65407
10/2/2025	2:06:01 PM	90.29966	90.05097	90.00364	90.71573	90.46976	90.28799	92.58842	92.20116	89.55171	92.86187	89.84770	93.00785	89.71022	91.58824
10/2/2025	2:06:04 PM	90.23768	89.98883	89.93852	90.65235	90.41361	90.23613	92.52385	92.13631	89.50049	92.79160	89.78842	92.93691	89.65597	91.52414
10/2/2025	2:06:08 PM	90.17581	89.92749	89.87292	90.58911	90.35810	90.18362	92.45949	92.07048	89.44867	92.72235	89.72783	92.86667	89.60125	91.46016
10/2/2025	2:06:11 PM	90.11632	89.86811	89.81134	90.52908	90.30447	90.13218	92.39779	92.00633	89.39753	92.65469	89.66958	92.79826	89.54785	91.39727
10/2/2025	2:06:15 PM	90.05623	89.81020	89.75121	90.46884	90.25528	90.08162	92.33466	91.94116	89.34504	92.58804	89.61174	92.72947	89.49375	91.33487
10/2/2025	2:06:18 PM	89.99766	89.75381	89.69591	90.41153	90.20714	90.02966	92.27340	91.87663	89.29283	92.52249	89.55483	92.65940	89.43932	91.27099
10/2/2025	2:06:22 PM	89.93765	89.69680	89.64292	90.35343	90.15628	89.97667	92.21109	91.81410	89.24271	92.45770	89.50099	92.59226	89.38702	91.20994
10/2/2025	2:06:25 PM	89.88173	89.64296	89.59121	90.29845	90.10438	89.92631	92.15315	91.75758	89.19755	92.39753	89.45049	92.53180	89.33875	91.15341
10/2/2025	2:06:29 PM	89.82722	89.59005	89.53882	90.24547	90.05693	89.87960	92.09622	91.70022	89.15275	92.33664	89.39935	92.46758	89.28959	91.09578
10/2/2025	2:06:32 PM	89.77386	89.53906	89.48985	90.19490	90.00851	89.83166	92.03948	91.64401	89.10823	92.27689	89.34901	92.40575	89.24208	91.03939
10/2/2025	2:06:36 PM	89.72032	89.48754	89.44217	90.14342	89.96179	89.78595	91.98442	91.58894	89.06479	92.21680	89.29968	92.34591	89.19619	90.98523
10/2/2025	2:06:39 PM	89.67071	89.43922	89.39276	90.09408	89.91467	89.73940	91.93004	91.53516	89.02251	92.15975	89.25131	92.28636	89.15128	90.93187
10/2/2025	2:06:43 PM	89.62000	89.38935	89.34117	90.04469	89.86717	89.69349	91.87443	91.47830	88.97787	92.10036	89.20106	92.22661	89.10523	90.87764
10/2/2025	2:06:46 PM	89.57081	89.34207	89.29127	89.99870	89.82231	89.64873	91.82122	91.42380	88.93394	92.04234	89.15218	92.16782	89.06120	90.82455
10/2/2025	2:06:50 PM	89.52083	89.29386	89.24064	89.95093	89.77789	89.60464	91.76845	91.36941	88.89093	91.98529	89.10466	92.10985	89.01772	90.77215
10/2/2025	2:06:53 PM	89.47223	89.24683	89.19196	89.90488	89.73415	89.56093	91.71615	91.31586	88.84804	91.92926	89.05797	92.05410	88.97426	90.72042
10/2/2025	2:06:57 PM	89.42504	89.20145	89.14526	89.85937	89.69156	89.51839	91.66519	91.26358	88.80653	91.87459	89.01149	91.99854	88.93071	90.66878
10/2/2025	2:07:00 PM	89.37880	89.15728	89.10107	89.81455	89.65061	89.47565	91.61382	91.21058	88.76419	91.82002	88.96713	91.94391	88.88818	90.61907
10/2/2025	2:07:04 PM	89.33310	89.11423	89.05938	89.77246	89.61198	89.43530	91.56538	91.16176	88.72555	91.76953	88.92489	91.89230	88.84763	90.57254
10/2/2025	2:07:07 PM	89.28990	89.07369	89.01959	89.73236	89.57467	89.39806	91.51937	91.11499	88.68927	91.71977	88.88313	91.84108	88.80871	90.52613
10/2/2025	2:07:11 PM	89.24677	89.03336	88.97979	89.69501	89.53811	89.35977	91.47245	91.06793	88.65182	91.66891	88.83975	91.78695	88.76875	90.47844
10/2/2025	2:07:14 PM	89.20300	88.99137	88.93917	89.65599	89.50233	89.32103	91.42615	91.02114	88.61510	91.61913	88.79805	91.73664	88.73086	90.43328
10/2/2025	2:07:18 PM	89.16021	88.95190	88.90041	89.61922	89.46761	89.28406	91.38058	90.97560	88.57847	91.56900	88.75496	91.68507	88.69286	90.38771
10/2/2025	2:07:21 PM	89.11728	88.91057	88.85988	89.58071	89.43121	89.24597	91.33416	90.92758	88.53968	91.51731	88.71228	91.63362	88.65385	90.34118
10/2/2025	2:07:25 PM	89.07391	88.86907	88.81978	89.54146	89.39424	89.20730	91.28763	90.87962	88.50119	91.46604	88.66977	91.58180	88.61560	90.29506
10/2/2025	2:07:28 PM	89.03091	88.82780	88.78015	89.50239	89.35680	89.16845	91.24029	90.83110	88.46078	91.41446	88.62643	91.52773	88.57617	90.24761
10/2/2025	2:07:32 PM	88.98688	88.78603	88.74037	89.46534	89.32117	89.13099	91.19485	90.78424	88.42166	91.36366	88.58415	91.47796	88.53851	90.20152
10/2/2025	2:07:35 PM	88.94450	88.74601	88.70193	89.42749	89.28215	89.09095	91.14879	90.73477	88.38150	91.31183	88.54088	91.42481	88.49806	90.15107
10/2/2025	2:07:39 PM	88.89983	88.70275	88.66030	89.38797	89.24375	89.04965	91.10016	90.68365	88.33966	91.25878	88.49715	91.37206	88.45796	90.10217
10/2/2025	2:07:42 PM	88.85580	88.66162	88.62134	89.35050	89.20592	89.00712	91.05213	90.63454	88.29872	91.20814	88.45392	91.31929	88.41651	90.05337
10/2/2025	2:07:46 PM	88.81044	88.61841	88.58124	89.31207	89.16895	88.96611	91.00550	90.58605	88.25845	91.15774	88.41118	91.26656	88.37598	90.00389
10/2/2025	2:07:49 PM	88.76520	88.57462	88.54009	89.26961	89.13058	88.92212	90.95477	90.53428	88.21595	91.10476	88.36728	91.21155	88.33209	89.95246
10/2/2025	2:07:53 PM	88.71855	88.53064	88.49826	89.22850	89.08912	88.88072	90.90749	90.48530	88.17537	91.05576	88.32600	91.16174	88.29423	89.90784
10/2/2025	2:07:56 PM	88.67770	88.49193	88.46322	89.19331	89.05350	88.84571	90.86879	90.44517	88.14247	91.01241	88.28913	91.11617	88.25856	89.86572
10/2/2025	2:08:00 PM	88.63659	88.45282	88.42661	89.15489	89.01533	88.80830	90.82414	90.39967	88.10529	90.96183	88.24735	91.06201	88.21813	89.81764
10/2/2025	2:08:03 PM	88.59179	88.40949	88.38436	89.11386	88.97660	88.77036	90.77976	90.35522	88.06936	90.91385	88.20764	91.01531	88.18258	89.77586
10/2/2025	2:08:07 PM	88.55232	88.37230	88.34683	89.07741	88.94084	88.73546	90.73845	90.31321	88.03459	90.87006	88.17039	90.96962	88.14640	89.73291
10/2/2025	2:08:10 PM	88.51179	88.33302	88.30901	89.03936	88.90356	88.69796	90.69454	90.26932	87.99858	90.82289	88.13120	90.92105	88.10822	89.68743
10/2/2025	2:08:14 PM	88.46988	88.29215	88.26817	88.99998	88.86494	88.65809	90.64743	90.22259	87.95916	90.77291	88.08866	90.87022	88.06984	89.64216
10/2/2025	2:08:17 PM	88.42851	88.25263	88.23015	88.96521	88.83069	88.62162	90.60853	90.18281	87.92825	90.73169	88.05234	90.82870	88.03877	89.60439
10/2/2025	2:08:21 PM	88.39304	88.21826	88.19655	88.93434	88.80052	88.59109	90.57404	90.14697	87.90137	90.69214	88.01892	90.78823	88.00952	89.56873
10/2/2025	2:08:24 PM	88.35884	88.18585	88.16548	88.90321	88.77148	88.56345	90.54038	90.11093	87.87419	90.65238	87.98795	90.75248	87.98186	89.53644
10/2/2025	2:08:28 PM	88.32933	88.15756	88.14143	88.87806	88.74652	88.53856	90.51075	90.07973	87.84855	90.61162	87.95816	90.71728	87.95317	89.50261
10/2/2025	2:08:31 PM	88.29925	88.12792	88.11136	88.84453	88.71402	88.50716	90.47153	90.03932	87.81597	90.56523	87.92317	90.67332	87.91806	89.46168
10/2/2025	2:08:35 PM	88.26287	88.09163	88.07403	88.80692	88.67813	88.47019	90.42798	89.99728	87.78104	90.51995	87.88696	90.62817	87.88422	89.42184
10/2/2025	2:08:38 PM	88.22700	88.05589	88.03837	88.77124	88.64388	88.43344	90.38792	89.95884	87.75115	90.48227	87.85327	90.58758	87.85291	89.38503
10/2/2025	2:08:42 PM	88.19229	88.02182	88.00446	88.73746	88.61164	88.40012	90.35061	89.92120	87.72300	90.44561	87.81996	90.54697	87.82214	89.34896
10/2/2025	2:08:45 PM	88.15912	87.98992	87.97186	88.70334	88.58022	88.36813	90.31364	89.88384	87.69267	90.40637	87.78759	90.50615	87.78803	89.31139
10/2/2025	2:08:49 PM	88.12416	87.95476	87.93674	88.66826	88.54752	88.33480	90.27428	89.84327	87.66034	90.36563	87.75423	90.46310	87.75459	89.27164
10/2/2025	2:08:52 PM	88.08716	87.91989	87.90099	88.63155	88.51317	88.29878	90.23444	89.80349	87.62857	90.32563	87.72081	90.42136	87.72284	89.23553
10/2/2025	2:08:56 PM	88.05227	87.88739	87.86880	88.59991	88.48207	88.26728	90.19776	89.76656	87.60025	90.28979	87.68846	90.38095	87.69172	89.19857
10/2/2025	2:08:59 PM	88.01816	87.85533	87.83763	88.56901	88.45253	88.23743	90.16390	89.73188	87.57275	90.25303	87.65676	90.34345	87.66127	89.16367
10/2/2025	2:09:03 PM	87.98492	87.82389	87.80715	88.53709	88.42093	88.20510	90.12591	89.69414	87.54311	90.21288	87.62394	90.30304	87.62898	89.12721
10/2/2025	2:09:06 PM	87.95191	87.79277	87.77881	88.50795	88.39294	88.17667	90.09354	89.66193	87.51798	90.17897	87.59686	90.26918	87.60191	89.09580
10/2/2025	2:09:10 PM	87.92207	87.76409	87.75015	88.47759	88.36441	88.14739	90.05869	89.62842	87.49024	90.14097	87.56694	90.23033	87.57175	89.06077
10/2/2025	2:09:13 PM	87.88917	87.73237	87.71924	88.44650	88.33603	88.11924	90.02706	89.59725	87.46520	90.10728	87.53873	90.19483	87.54331	89.02832
10/2/2025	2:09:17 PM	87.85823	87.70282	87.68896	88.41543	88.30831	88.09206	89.99438	89.56647	87.44080	90.07320	87.50949	90.15792	87.51589	88.99615
10/2/2025	2:09:20 PM	87.82751	87.67299	87.65836	88.38582	88.28262	88.06716	89.96547	89.53912	87.42108	90.04317	87.48292	90.12608	87.49246	88.96949
10/2/2025	2:09:24 PM	87.80201	87.64865	87.63327	88.36091	88.26169	88.04863	89.94230	89.51597	87.40553	90.01349	87.45956	90.09746	87.47222	88.94396
10/2/2025	2:09:27 PM	87.77748	87.62540	87.60991	88.33711	88.24008	88.02909	89.91810	89.49132	87.38996	89.98147	87.43464	90.06756	87.45194	88.91969
10/2/2025	2:09:31 PM	87.75432	87.60253	87.58697	88.31285	88.21870	88.00896	89.89148	89.46585	87.37402	89.94808	87.40724	90.03400	87.42934	88.89173
10/2/2025	2:09:34 PM	87.72669	87.57520	87.56039	88.28677	88.19469	87.98623	89.86498	89.44218	87.36117	89.92245	87.38203	90.00161	87.40859	88.86740
10/2/2025	2:09:38 PM	87.70002	87.54995	87.53601	88.26060	88.17088	87.96328	89.83753	89.41789	87.34838	89.89570	87.35614	89.96711	87.38504	88.84100
10/2/2025	2:09:41 PM	87.67170	87.52336	87.51135	88.23524	88.14646	87.94019	89.81112	89.39546	87.33640	89.87230	87.33283	89.93544	87.36321	88.81636
10/2/2025	2:09:45 PM	87.64562	87.49940	87.48763	88.21015	88.12547	87.91864	89.78666	89.37372	87.32559	89.84945	87.31147	89.90644	87.34221	88.79266
10/2/2025	2:09:48 PM	87.62180	87.47558	87.46506	88.18681	88.10387	87.89682	89.76223	89.35193	87.31186	89.82378	87.28883	89.87680	87.32021	88.76894
10/2/2025	2:09:52 PM	87.59779	87.45319	87.44325	88.16227	88.08160	87.87526	89.73790	89.33061	87.29956	89.80065	87.26927	89.85006	87.29934	88.74638
10/2/2025	2:09:55 PM	87.57501	87.43090	87.42050	88.13761	88.05926	87.85343	89.71175	89.30588	87.28268	89.77368	87.24596	89.82020	87.27692	88.72238
10/2/2025	2:09:59 PM	87.55079	87.40767	87.39800	88.11386	88.03763	87.83219	89.68730	89.28304	87.26745	89.74935	87.22611	89.79257	87.25656	88.69876
10/2/2025	2:10:02 PM	87.52780	87.38475	87.37474	88.08845	88.01413	87.80902	89.65992	89.25762	87.24910	89.72144	87.20279	89.76215	87.23325	88.67339
10/2/2025	2:10:06 PM	87.50284	87.36104	87.35037	88.06307	87.99048	87.78537	89.63371	89.23360	87.23208	89.69590	87.18144	89.73451	87.21162	88.64835
10/2/2025	2:10:09 PM	87.47985	87.33832	87.32725	88.03814	87.96717	87.76361	89.60794	89.20933	87.21551	89.67039	87.16041	89.70617	87.18965	88.62476
10/2/2025	2:10:13 PM	87.45838	87.31717	87.30693	88.01682	87.94737	87.74443	89.58923	89.19379	87.20519	89.65640	87.14797	89.69444	87.17710	88.61585
10/2/2025	2:10:16 PM	87.44992	87.30970	87.30398	88.01012	87.94019	87.73827	89.58370	89.18959	87.20467	89.64892	87.14381	89.68514	87.16907	88.60863
10/2/2025	2:10:20 PM	87.44160	87.30225	87.29894	87.99997	87.92441	87.72466	89.57010	89.17814	87.19803	89.63413	87.13277	89.66713	87.15535	88.59760
10/2/2025	2:10:23 PM	87.42888	87.29168	87.29062	87.98933	87.90188	87.70281	89.55438	89.16515	87.19170	89.61935	87.12151	89.64707	87.14093	88.58270
10/2/2025	2:10:27 PM	87.41394	87.27739	87.27970	87.97352	87.87305	87.67567	89.53302	89.14514	87.18055	89.59704	87.10495	89.62395	87.12216	88.56436
10/2/2025	2:10:30 PM	87.39687	87.26143	87.26561	87.95768	87.84415	87.65083	89.51591	89.12970	87.16956	89.58045	87.09121	89.60644	87.10689	88.55105
10/2/2025	2:10:34 PM	87.38516	87.25271	87.25806	87.94571	87.82065	87.63059	89.50120	89.11599	87.16099	89.56310	87.07706	89.58742	87.09115	88.53536
10/2/2025	2:10:37 PM	87.37274	87.24069	87.24588	87.93040	87.79583	87.60919	89.48383	89.09964	87.15095	89.54415	87.06069	89.56515	87.07242	88.51628
10/2/2025	2:10:41 PM	87.35493	87.22291	87.22776	87.91007	87.76782	87.58261	89.46000	89.07759	87.13540	89.51922	87.04055	89.53820	87.05038	88.49385
10/2/2025	2:10:44 PM	87.33519	87.20332	87.20798	87.89005	87.74313	87.55873	89.43836	89.05908	87.12129	89.49940	87.02344	89.51762	87.03219	88.47596
10/2/2025	2:10:48 PM	87.31860	87.18683	87.19141	87.87386	87.72152	87.53636	89.41681	89.03973	87.10686	89.47601	87.00421	89.49245	87.01157	88.45318
10/2/2025	2:10:51 PM	87.29861	87.16652	87.17099	87.85342	87.69809	87.50948	89.39080	89.01813	87.09063	89.45287	86.98421	89.46717	86.99146	88.43129
10/2/2025	2:10:55 PM	87.27822	87.14609	87.15116	87.83479	87.67571	87.48277	89.36450	88.99608	87.07402	89.42931	86.96378	89.44124	86.96985	88.40741
10/2/2025	2:10:58 PM	87.25664	87.12431	87.12967	87.81360	87.65257	87.45570	89.33663	88.97402	87.05788	89.40684	86.94449	89.41859	86.95045	88.38691
10/2/2025	2:11:02 PM	87.23882	87.10569	87.11132	87.79481	87.63237	87.43033	89.31056	88.95035	87.04181	89.38370	86.92532	89.39452	86.92984	88.36395
10/2/2025	2:11:05 PM	87.21790	87.08464	87.09026	87.77309	87.60905	87.40224	89.28118	88.92389	87.02142	89.35780	86.90326	89.36716	86.90666	88.33844
10/2/2025	2:11:09 PM	87.19464	87.06276	87.06835	87.75035	87.58660	87.37621	89.25392	88.90085	87.00301	89.33491	86.88358	89.34134	86.88539	88.31435
10/2/2025	2:11:13 PM	87.17191	87.03966	87.04662	87.72871	87.56435	87.34966	89.22676	88.87791	86.98555	89.31253	86.86324	89.31607	86.86359	88.29099
10/2/2025	2:11:16 PM	87.15104	87.01833	87.02538	87.70840	87.54364	87.32682	89.20167	88.85385	86.96825	89.28809	86.84246	89.29237	86.84246	88.26758
10/2/2025	2:11:20 PM	87.12901	86.99581	87.00246	87.68523	87.51957	87.29998	89.17261	88.82704	86.94730	89.26023	86.81894	89.26278	86.81821	88.24183
10/2/2025	2:11:23 PM	87.10464	86.97303	86.98046	87.66406	87.49757	87.27594	89.14797	88.80477	86.92915	89.23724	86.80011	89.23780	86.79810	88.21900
10/2/2025	2:11:27 PM	87.08252	86.95214	86.96081	87.64394	87.47644	87.25495	89.12532	88.78485	86.91409	89.21658	86.78236	89.21581	86.77975	88.19900
10/2/2025	2:11:30 PM	87.06264	86.93298	86.94323	87.62409	87.45674	87.23591	89.10408	88.76281	86.89714	89.19155	86.76199	89.18885	86.75811	88.17455
10/2/2025	2:11:34 PM	87.03940	86.91010	86.92038	87.60023	87.43320	87.21117	89.07812	88.73934	86.87842	89.16758	86.74232	89.16365	86.73760	88.15311
10/2/2025	2:11:37 PM	87.01686	86.88825	86.90086	87.58057	87.41310	87.19100	89.05752	88.72118	86.86403	89.14786	86.72527	89.14141	86.71933	88.13330
10/2/2025	2:11:41 PM	86.99594	86.86827	86.88142	87.56062	87.39468	87.17216	89.03697	88.70204	86.84863	89.12498	86.70561	89.11473	86.69826	88.10950
10/2/2025	2:11:45 PM	86.97174	86.84372	86.85463	87.53462	87.37045	87.14797	89.00971	88.67677	86.82981	89.09853	86.68208	89.08521	86.67590	88.08381
10/2/2025	2:11:48 PM	86.94755	86.82021	86.82860	87.50837	87.34778	87.12642	88.98433	88.65375	86.81216	89.07452	86.66020	89.05938	86.65510	88.06162
10/2/2025	2:11:52 PM	86.92617	86.79975	86.80646	87.48535	87.32729	87.10736	88.96305	88.63368	86.79611	89.05343	86.64063	89.03747	86.63667	88.04248
10/2/2025	2:11:56 PM	86.90682	86.78071	86.78644	87.46374	87.30778	87.08975	88.94313	88.61389	86.78037	89.03248	86.62292	89.01317	86.61669	88.01988
10/2/2025	2:11:59 PM	86.88444	86.75918	86.76454	87.43992	87.28466	87.06643	88.91779	88.58864	86.75957	89.00723	86.60173	88.98601	86.59415	87.99570
10/2/2025	2:12:03 PM	86.86120	86.73807	86.74275	87.41595	87.26175	87.04453	88.89489	88.56663	86.74175	88.98523	86.58319	88.96165	86.57464	87.97364
10/2/2025	2:12:06 PM	86.83873	86.71652	86.72296	87.39354	87.24057	87.02230	88.87218	88.54600	86.72594	88.96408	86.56604	88.93907	86.55514	87.95287
10/2/2025	2:12:10 PM	86.81873	86.69718	86.70478	87.37399	87.22034	87.00105	88.84998	88.52545	86.70939	88.94156	86.54701	88.91452	86.53613	87.93169
10/2/2025	2:12:14 PM	86.79911	86.67883	86.68717	87.35349	87.19985	86.98150	88.82989	88.50805	86.69495	88.92190	86.53010	88.89275	86.51769	87.91143
10/2/2025	2:12:17 PM	86.77978	86.66064	86.66944	87.33463	87.18095	86.96226	88.80896	88.48848	86.67964	88.90131	86.51217	88.87238	86.50057	87.89310
10/2/2025	2:12:21 PM	86.76428	86.64552	86.65250	87.31611	87.16411	86.94798	88.79199	88.47166	86.66767	88.88604	86.49856	88.85499	86.48590	87.87700
10/2/2025	2:12:24 PM	86.74825	86.63024	86.63800	87.29992	87.14965	86.93395	88.77494	88.45401	86.65469	88.86723	86.48266	88.83630	86.46974	87.85948
10/2/2025	2:12:28 PM	86.73297	86.61469	86.62282	87.28293	87.13357	86.91777	88.75484	88.43352	86.63934	88.84752	86.46623	88.81586	86.45264	87.83986
10/2/2025	2:12:32 PM	86.71596	86.59844	86.60625	87.26661	87.11947	86.90125	88.73410	88.41445	86.62486	88.82822	86.44964	88.79510	86.43591	87.82158
10/2/2025	2:12:35 PM	86.70070	86.58331	86.59204	87.25396	87.10855	86.88822	88.71966	88.40043	86.61436	88.81505	86.43800	88.78161	86.42434	87.80873
10/2/2025	2:12:39 PM	86.68899	86.57179	86.58041	87.24311	87.09827	86.87735	88.70646	88.38585	86.60443	88.79935	86.42443	88.76667	86.41102	87.79351
10/2/2025	2:12:42 PM	86.67708	86.55870	86.56752	87.22950	87.08564	86.86455	88.69209	88.36973	86.59268	88.78112	86.40979	88.74843	86.39704	87.77740
10/2/2025	2:12:46 PM	86.66248	86.54452	86.55309	87.21441	87.07263	86.85143	88.67700	88.35375	86.57983	88.76335	86.39522	88.72964	86.38375	87.76153
10/2/2025	2:12:49 PM	86.64830	86.53112	86.53954	87.20114	87.05996	86.83781	88.66197	88.33911	86.56838	88.74843	86.38266	88.71094	86.37097	87.74626
10/2/2025	2:12:53 PM	86.63233	86.51670	86.52487	87.18589	87.04461	86.82385	88.64638	88.32116	86.55495	88.73025	86.36686	88.69191	86.35586	87.72947
10/2/2025	2:12:56 PM	86.61745	86.50393	86.51163	87.17049	87.02468	86.81134	88.63167	88.30637	86.54427	88.71483	86.35345	88.67417	86.34251	87.71431
10/2/2025	2:13:00 PM	86.60214	86.49069	86.49828	87.15474	87.00927	86.79705	88.61470	88.28851	86.53121	88.69670	86.33807	88.65628	86.32846	87.69791
10/2/2025	2:13:03 PM	86.58820	86.47892	86.48628	87.13968	86.99392	86.78295	88.59902	88.27313	86.51963	88.67993	86.32492	88.63915	86.31483	87.68243
10/2/2025	2:13:07 PM	86.57364	86.46684	86.47445	87.12562	86.97922	86.76961	88.58328	88.25850	86.50818	88.66360	86.31112	88.62048	86.30142	87.66603
10/2/2025	2:13:10 PM	86.55904	86.45444	86.46277	87.11139	86.96397	86.75426	88.56542	88.24311	86.49710	88.64762	86.29855	88.60327	86.28866	87.65111
10/2/2025	2:13:14 PM	86.54394	86.43978	86.44919	87.09688	86.94970	86.73994	88.54846	88.22777	86.48650	88.63150	86.28569	88.58630	86.27573	87.63562
10/2/2025	2:13:17 PM	86.52995	86.42613	86.43617	87.08309	86.93494	86.72425	88.53064	88.21279	86.47480	88.61468	86.27213	88.56847	86.26260	87.62037
10/2/2025	2:13:21 PM	86.51583	86.41274	86.42285	87.06865	86.91974	86.71015	88.51483	88.19760	86.46265	88.59790	86.25823	88.55168	86.24829	87.60375
10/2/2025	2:13:24 PM	86.50123	86.39859	86.40864	87.05292	86.90434	86.69554	88.49785	88.18063	86.45015	88.58161	86.24414	88.53442	86.23358	87.58665
10/2/2025	2:13:28 PM	86.48621	86.38307	86.39237	87.03580	86.88944	86.68068	88.47945	88.16144	86.43665	88.56284	86.22775	88.51708	86.21874	87.56979
10/2/2025	2:13:31 PM	86.47247	86.37041	86.37794	87.02030	86.87543	86.66653	88.46410	88.14517	86.42310	88.54573	86.21396	88.49943	86.20422	87.55366
10/2/2025	2:13:35 PM	86.45652	86.35411	86.36199	87.00603	86.86058	86.64992	88.44707	88.12848	86.40777	88.52641	86.19829	88.47944	86.18965	87.53595
10/2/2025	2:13:38 PM	86.43922	86.33823	86.34707	86.99062	86.84444	86.63124	88.42693	88.11037	86.39204	88.50608	86.18092	88.45664	86.17327	87.51649
10/2/2025	2:13:42 PM	86.42002	86.32155	86.32993	86.97444	86.82695	86.60985	88.40425	88.08927	86.37397	88.48395	86.16166	88.43316	86.15682	87.49613
10/2/2025	2:13:45 PM	86.40023	86.30672	86.31414	86.95647	86.80663	86.58815	88.38285	88.06935	86.35738	88.46417	86.14526	88.41354	86.14122	87.47592
10/2/2025	2:13:49 PM	86.38234	86.29014	86.29944	86.93934	86.78780	86.56804	88.36001	88.05092	86.34101	88.44569	86.12934	88.39400	86.12504	87.45606
10/2/2025	2:13:52 PM	86.36563	86.27148	86.28416	86.92340	86.77121	86.55146	88.34099	88.03496	86.32780	88.42886	86.11610	88.37967	86.11145	87.43976
10/2/2025	2:13:56 PM	86.35176	86.25379	86.26928	86.90881	86.75544	86.53601	88.32216	88.01933	86.31523	88.41170	86.10295	88.36446	86.09670	87.42324
10/2/2025	2:13:59 PM	86.33695	86.23643	86.25415	86.89375	86.74079	86.52137	88.30569	88.00476	86.30306	88.39681	86.09076	88.34929	86.08309	87.40847
10/2/2025	2:14:03 PM	86.32286	86.22020	86.23918	86.88039	86.72748	86.50710	88.29084	87.99128	86.29187	88.38302	86.07882	88.33160	86.06873	87.39460
10/2/2025	2:14:06 PM	86.30727	86.20410	86.22289	86.86588	86.71362	86.49220	88.27472	87.97718	86.28105	88.36950	86.06570	88.31460	86.05551	87.38108
10/2/2025	2:14:10 PM	86.29414	86.19122	86.21005	86.85455	86.70281	86.48118	88.26358	87.96708	86.27335	88.35925	86.05540	88.30176	86.04441	87.37024
10/2/2025	2:14:13 PM	86.28364	86.17885	86.19789	86.84298	86.69099	86.46913	88.25026	87.95352	86.26356	88.34487	86.04228	88.28665	86.03197	87.35715
10/2/2025	2:14:17 PM	86.27184	86.16629	86.18455	86.82948	86.67885	86.45738	88.23604	87.93785	86.25160	88.32936	86.02849	88.27010	86.01802	87.34313
10/2/2025	2:14:20 PM	86.25733	86.15198	86.16881	86.81344	86.66385	86.44294	88.21892	87.92022	86.23757	88.31217	86.01384	88.25039	86.00316	87.32689
10/2/2025	2:14:24 PM	86.24150	86.13749	86.15524	86.79969	86.64987	86.42831	88.20291	87.90554	86.22531	88.29784	86.00174	88.23465	85.99167	87.31302
10/2/2025	2:14:27 PM	86.22931	86.12581	86.14378	86.78691	86.63769	86.41648	88.19051	87.89291	86.21564	88.28498	85.98979	88.22042	85.97945	87.29896
10/2/2025	2:14:31 PM	86.21642	86.11263	86.13057	86.77284	86.62448	86.40229	88.17341	87.87487	86.20278	88.26739	85.97514	88.20301	85.96417	87.28217
10/2/2025	2:14:34 PM	86.20170	86.09739	86.11439	86.75662	86.61084	86.38859	88.15691	87.85797	86.18985	88.25025	85.96109	88.18657	85.95016	87.26713
10/2/2025	2:14:38 PM	86.18904	86.08612	86.10217	86.74409	86.59824	86.37632	88.14256	87.84373	86.17846	88.23536	85.94942	88.17357	85.93863	87.25385
10/2/2025	2:14:41 PM	86.17782	86.07573	86.09234	86.73306	86.58816	86.36684	88.12938	87.83147	86.16862	88.22221	85.93892	88.16023	85.92758	87.24070
10/2/2025	2:14:45 PM	86.16587	86.06506	86.08229	86.72170	86.57716	86.35561	88.11682	87.81835	86.15887	88.20967	85.92779	88.14706	85.91537	87.22727
10/2/2025	2:14:48 PM	86.15479	86.05344	86.07095	86.71064	86.56642	86.34441	88.10426	87.80570	86.14941	88.19752	85.91754	88.13401	85.90463	87.21456
10/2/2025	2:14:52 PM	86.14312	86.04176	86.05897	86.69886	86.55638	86.33400	88.09263	87.79566	86.14191	88.18739	85.91025	88.12234	85.89541	87.20500
10/2/2025	2:14:55 PM	86.13240	86.03096	86.04950	86.68846	86.54759	86.32462	88.08241	87.78540	86.13404	88.17549	85.89944	88.10813	85.88509	87.19355
10/2/2025	2:14:59 PM	86.12138	86.02035	86.03833	86.67786	86.53875	86.31544	88.07256	87.77614	86.12727	88.16550	85.89025	88.09794	85.87649	87.18432
10/2/2025	2:15:02 PM	86.11375	86.01262	86.03090	86.66957	86.53183	86.30842	88.06385	87.76681	86.12000	88.15521	85.88199	88.08799	85.86781	87.17379
10/2/2025	2:15:06 PM	86.10557	86.00386	86.02114	86.65989	86.52337	86.30061	88.05320	87.75532	86.11197	88.14432	85.87289	88.07695	85.85841	87.16308
10/2/2025	2:15:09 PM	86.09749	85.99470	86.01228	86.65048	86.51578	86.29293	88.04208	87.74162	86.10340	88.13157	85.86367	88.06541	85.84878	87.15210
10/2/2025	2:15:13 PM	86.08869	85.98403	86.00152	86.64140	86.50774	86.28437	88.03269	87.73133	86.09435	88.11992	85.85410	88.05476	85.83919	87.14200
10/2/2025	2:15:16 PM	86.07908	85.97458	85.99109	86.63214	86.49955	86.27540	88.02355	87.72068	86.08438	88.10773	85.84402	88.04202	85.82939	87.13163
10/2/2025	2:15:20 PM	86.06906	85.96664	85.98216	86.62262	86.48995	86.26578	88.01306	87.70933	86.07392	88.09466	85.83252	88.02670	85.81832	87.11884
10/2/2025	2:15:23 PM	86.05742	85.95787	85.97311	86.61225	86.47966	86.25673	88.00400	87.69943	86.06632	88.08522	85.82445	88.01587	85.81014	87.10939
10/2/2025	2:15:27 PM	86.04780	85.95198	85.96656	86.60174	86.47091	86.24862	87.99485	87.69002	86.05819	88.07372	85.81551	88.00228	85.80099	87.09842
10/2/2025	2:15:30 PM	86.03695	85.94442	85.96031	86.59136	86.46088	86.24009	87.98418	87.67992	86.05075	88.06355	85.80845	87.99179	85.79289	87.08916
10/2/2025	2:15:34 PM	86.02725	85.93473	85.95259	86.58250	86.45266	86.23192	87.97402	87.66957	86.04294	88.05318	85.79920	87.97978	85.78390	87.07860
10/2/2025	2:15:37 PM	86.01733	85.92563	85.94453	86.57365	86.44492	86.22367	87.96365	87.65855	86.03531	88.04188	85.79005	87.96821	85.77439	87.06788
10/2/2025	2:15:41 PM	86.00795	85.91654	85.93544	86.56480	86.43619	86.21439	87.95376	87.64875	86.02843	88.03228	85.78236	87.95971	85.76721	87.06036
10/2/2025	2:15:44 PM	86.00104	85.90869	85.92905	86.55892	86.43090	86.20835	87.94703	87.64112	86.02347	88.02453	85.77517	87.94931	85.76003	87.05110
10/2/2025	2:15:48 PM	85.99160	85.89868	85.91978	86.55064	86.42292	86.20010	87.93735	87.63192	86.01688	88.01401	85.76566	87.93826	85.75119	87.04145
10/2/2025	2:15:51 PM	85.98274	85.88876	85.90973	86.54310	86.41485	86.19176	87.92670	87.62112	86.00969	88.00275	85.75526	87.92779	85.74275	87.03240
10/2/2025	2:15:55 PM	85.97425	85.87923	85.89940	86.53568	86.40764	86.18331	87.91700	87.61151	86.00227	87.99137	85.74449	87.91581	85.73343	87.02191
10/2/2025	2:15:58 PM	85.96475	85.86835	85.88857	86.52691	86.39956	86.17343	87.90561	87.59974	85.99260	87.97833	85.73427	87.90288	85.72348	87.01046
10/2/2025	2:16:02 PM	85.95393	85.85731	85.87722	86.51679	86.38947	86.16242	87.89352	87.58814	85.98258	87.96622	85.72398	87.89126	85.71401	86.99981
10/2/2025	2:16:05 PM	85.94401	85.84782	85.86821	86.50740	86.38014	86.15337	87.88350	87.57797	85.97363	87.95490	85.71452	87.87989	85.70532	86.98957
10/2/2025	2:16:09 PM	85.93442	85.83808	85.85897	86.49818	86.37101	86.14402	87.87370	87.56806	85.96428	87.94349	85.70531	87.86863	85.69549	86.97881
10/2/2025	2:16:12 PM	85.92568	85.82876	85.84881	86.48759	86.36169	86.13501	87.86302	87.55744	85.95502	87.93214	85.69498	87.85588	85.68555	86.96637
10/2/2025	2:16:16 PM	85.91503	85.81831	85.83742	86.47750	86.35180	86.12578	87.85160	87.54506	85.94577	87.92051	85.68362	87.84378	85.67538	86.95494
10/2/2025	2:16:19 PM	85.90543	85.80980	85.82935	86.46809	86.34292	86.11576	87.84055	87.53478	85.93719	87.90951	85.67383	87.83469	85.66690	86.94487
10/2/2025	2:16:23 PM	85.89681	85.80355	85.82155	86.45952	86.33662	86.10637	87.82907	87.52360	85.92844	87.89792	85.66408	87.82308	85.65815	86.93405
10/2/2025	2:16:26 PM	85.88715	85.79509	85.81493	86.45079	86.32783	86.09558	87.81638	87.51250	85.91999	87.88744	85.65551	87.81231	85.64911	86.92293
10/2/2025	2:16:30 PM	85.87735	85.78556	85.80614	86.44082	86.31883	86.08471	87.80287	87.49963	85.91102	87.87543	85.64664	87.80079	85.64037	86.91195
10/2/2025	2:16:33 PM	85.86727	85.77490	85.79632	86.43028	86.30818	86.07400	87.79162	87.48867	85.90231	87.86550	85.63845	87.79027	85.63160	86.90262
10/2/2025	2:16:37 PM	85.85851	85.76586	85.78758	86.42206	86.30029	86.06578	87.78304	87.48096	85.89572	87.85565	85.63038	87.78065	85.62373	86.89268
10/2/2025	2:16:40 PM	85.84976	85.75610	85.77818	86.41162	86.29050	86.05620	87.77172	87.47023	85.88649	87.84374	85.61976	87.76866	85.61343	86.88189
10/2/2025	2:16:44 PM	85.83905	85.74565	85.76729	86.40052	86.27919	86.04615	87.76038	87.45837	85.87708	87.83194	85.60989	87.75663	85.60378	86.87136
10/2/2025	2:16:47 PM	85.82904	85.73974	85.75980	86.39117	86.27019	86.03697	87.75017	87.44735	85.86825	87.82190	85.60201	87.74628	85.59535	86.86161
10/2/2025	2:16:51 PM	85.81935	85.73478	85.75274	86.38142	86.26184	86.02841	87.74080	87.43717	85.85947	87.81218	85.59485	87.73518	85.58578	86.85160
10/2/2025	2:16:54 PM	85.81018	85.72809	85.74664	86.37134	86.25183	86.01965	87.73027	87.42773	85.85121	87.80241	85.58670	87.72551	85.57856	86.84213
10/2/2025	2:16:58 PM	85.80183	85.71966	85.73963	86.36292	86.24338	86.01266	87.72155	87.41904	85.84499	87.79366	85.58099	87.71738	85.57048	86.83227
10/2/2025	2:17:01 PM	85.79273	85.70924	85.73139	86.35262	86.23282	86.00421	87.71149	87.41074	85.83736	87.78335	85.57217	87.70632	85.56248	86.82183
10/2/2025	2:17:05 PM	85.78356	85.69883	85.72218	86.34313	86.22245	85.99413	87.70145	87.40057	85.83008	87.77302	85.56274	87.69622	85.55311	86.81151
10/2/2025	2:17:08 PM	85.77397	85.68726	85.71172	86.33335	86.21199	85.98385	87.69072	87.38960	85.82254	87.76288	85.55375	87.68654	85.54477	86.80217
10/2/2025	2:17:12 PM	85.76542	85.67680	85.70114	86.32503	86.20365	85.97528	87.68027	87.37854	85.81489	87.75312	85.54340	87.67543	85.53592	86.79285
10/2/2025	2:17:15 PM	85.75710	85.66775	85.69080	86.31659	86.19508	85.96557	87.66852	87.36719	85.80589	87.74205	85.53349	87.66617	85.52685	86.78292
10/2/2025	2:17:19 PM	85.74877	85.65955	85.68238	86.31016	86.19054	85.95770	87.65828	87.35635	85.79635	87.73063	85.52410	87.65708	85.51840	86.77278
10/2/2025	2:17:22 PM	85.74145	85.65180	85.67512	86.30417	86.18921	85.94850	87.64728	87.34577	85.78723	87.72024	85.51516	87.64622	85.50917	86.76141
10/2/2025	2:17:26 PM	85.73165	85.64082	85.66502	86.29432	86.17997	85.93582	87.63256	87.33218	85.77602	87.70661	85.50402	87.63443	85.49852	86.74883
10/2/2025	2:17:30 PM	85.72015	85.63043	85.65509	86.28462	86.17149	85.92171	87.61771	87.31721	85.76434	87.69303	85.49330	87.62128	85.48909	86.73747
10/2/2025	2:17:33 PM	85.70960	85.62085	85.64641	86.27536	86.16241	85.91031	87.60596	87.30664	85.75485	87.68283	85.48494	87.60941	85.47952	86.72645
10/2/2025	2:17:37 PM	85.69899	85.61155	85.63779	86.26717	86.15210	85.89992	87.59608	87.29843	85.74638	87.67253	85.47622	87.59847	85.47091	86.71583
10/2/2025	2:17:40 PM	85.68953	85.60132	85.62781	86.25754	86.14223	85.89075	87.58628	87.28943	85.73780	87.66190	85.46592	87.58939	85.46189	86.70567
10/2/2025	2:17:44 PM	85.68090	85.59224	85.61996	86.24999	86.13398	85.88342	87.57867	87.28217	85.73175	87.65301	85.45829	87.58186	85.45456	86.69702
10/2/2025	2:17:47 PM	85.67408	85.58447	85.61212	86.24269	86.12624	85.87665	87.57111	87.27472	85.72610	87.64604	85.45127	87.57580	85.44771	86.68967
10/2/2025	2:17:51 PM	85.66853	85.57871	85.60547	86.23688	86.12174	85.87084	87.56229	87.26633	85.72053	87.63772	85.44355	87.56744	85.44064	86.68127
10/2/2025	2:17:54 PM	85.66222	85.57193	85.59871	86.23002	86.11638	85.86498	87.55271	87.25668	85.71443	87.62934	85.43711	87.56010	85.43372	86.67301
10/2/2025	2:17:58 PM	85.65537	85.56432	85.59068	86.22256	86.11037	85.85711	87.54258	87.24636	85.70743	87.61928	85.42893	87.55089	85.42573	86.66376
10/2/2025	2:18:02 PM	85.64794	85.55619	85.58263	86.21540	86.10367	85.84871	87.53289	87.23585	85.69924	87.61027	85.42155	87.54174	85.41825	86.65467
10/2/2025	2:18:05 PM	85.63975	85.54701	85.57448	86.20591	86.09535	85.84024	87.52300	87.22673	85.69060	87.60025	85.41321	87.53159	85.40962	86.64557
10/2/2025	2:18:09 PM	85.63166	85.53853	85.56620	86.19896	86.08751	85.83288	87.51500	87.21948	85.68398	87.59198	85.40603	87.52255	85.40316	86.63768
10/2/2025	2:18:13 PM	85.62499	85.53012	85.55811	86.19125	86.07998	85.82617	87.50794	87.21240	85.67717	87.58154	85.39564	87.51188	85.39534	86.62917
10/2/2025	2:18:16 PM	85.61632	85.52083	85.54736	86.18178	86.07096	85.81758	87.49794	87.20230	85.66935	87.56944	85.38511	87.50025	85.38664	86.61916
10/2/2025	2:18:20 PM	85.60556	85.50933	85.53471	86.17095	86.06058	85.80705	87.48674	87.19086	85.65986	87.55702	85.37465	87.48808	85.37773	86.60917
10/2/2025	2:18:23 PM	85.59523	85.49869	85.52339	86.16066	86.05092	85.79718	87.47687	87.18095	85.65090	87.54649	85.36520	87.47719	85.36956	86.60023
10/2/2025	2:18:27 PM	85.58586	85.48873	85.51269	86.15029	86.04064	85.78794	87.46677	87.17004	85.64114	87.53443	85.35388	87.46613	85.36095	86.59024
10/2/2025	2:18:30 PM	85.57699	85.47911	85.50232	86.13862	86.02932	85.77802	87.45712	87.16029	85.63123	87.52335	85.34428	87.45584	85.35171	86.57983
10/2/2025	2:18:34 PM	85.56651	85.46840	85.49211	86.12926	86.02038	85.76850	87.44674	87.15011	85.62150	87.51200	85.33416	87.44414	85.34242	86.57005
10/2/2025	2:18:38 PM	85.55731	85.45998	85.48357	86.11899	86.01089	85.76045	87.43784	87.14155	85.61394	87.50258	85.32536	87.43456	85.33474	86.56056
10/2/2025	2:18:41 PM	85.54825	85.45084	85.47478	86.10933	86.00265	85.75203	87.42901	87.13141	85.60526	87.49139	85.31570	87.42160	85.32483	86.54891
10/2/2025	2:18:45 PM	85.53710	85.43982	85.46227	86.09686	85.99155	85.74195	87.41702	87.11978	85.59501	87.47888	85.30526	87.41086	85.31479	86.53749
10/2/2025	2:18:49 PM	85.52677	85.42943	85.45153	86.08507	85.98064	85.73205	87.40684	87.10963	85.58562	87.46702	85.29577	87.40084	85.30489	86.52641
10/2/2025	2:18:52 PM	85.51698	85.41924	85.44076	86.07480	85.97064	85.72407	87.39806	87.10069	85.57739	87.45756	85.28731	87.39299	85.29682	86.51775
10/2/2025	2:18:56 PM	85.50871	85.41118	85.43308	86.06585	85.96221	85.71721	87.39051	87.09293	85.57080	87.44805	85.27888	87.38297	85.28828	86.50828
10/2/2025	2:18:59 PM	85.49995	85.40203	85.42471	86.05536	85.95275	85.70816	87.38027	87.08291	85.56215	87.43717	85.26931	87.37259	85.27966	86.49897
10/2/2025	2:19:03 PM	85.49111	85.39281	85.41622	86.04571	85.94370	85.69981	87.37103	87.07368	85.55381	87.42714	85.26154	87.36337	85.27094	86.48964
10/2/2025	2:19:06 PM	85.48216	85.38489	85.40794	86.03664	85.93518	85.69196	87.36256	87.06578	85.54674	87.41856	85.25435	87.35441	85.26374	86.48163
10/2/2025	2:19:10 PM	85.47412	85.37806	85.40104	86.02905	85.92822	85.68535	87.35464	87.05751	85.54032	87.40979	85.24682	87.34464	85.25597	86.47332
10/2/2025	2:19:14 PM	85.46545	85.37035	85.39285	86.02057	85.92056	85.67819	87.34550	87.04833	85.53194	87.40019	85.23853	87.33355	85.24743	86.46412
10/2/2025	2:19:17 PM	85.45636	85.36119	85.38349	86.01086	85.91291	85.66968	87.33565	87.03860	85.52418	87.39052	85.22983	87.32360	85.23908	86.45500
10/2/2025	2:19:21 PM	85.44708	85.35307	85.37565	86.00356	85.90605	85.66195	87.32788	87.03042	85.51754	87.38176	85.22201	87.31674	85.23153	86.44668
10/2/2025	2:19:24 PM	85.43987	85.34588	85.36901	85.99703	85.89986	85.65616	87.31996	87.02288	85.51131	87.37274	85.21500	87.30911	85.22496	86.43890
10/2/2025	2:19:28 PM	85.43262	85.33890	85.36273	85.99054	85.89331	85.65076	87.31370	87.01588	85.50539	87.36516	85.20795	87.30100	85.21846	86.43143
10/2/2025	2:19:32 PM	85.42649	85.33239	85.35621	85.98373	85.88664	85.64475	87.30610	87.00938	85.49898	87.35694	85.20171	87.29422	85.21169	86.42377
10/2/2025	2:19:35 PM	85.41923	85.32540	85.34989	85.97642	85.88046	85.63908	87.30013	87.00307	85.49343	87.34951	85.19557	87.28671	85.20567	86.41702
10/2/2025	2:19:39 PM	85.41280	85.31894	85.34362	85.97071	85.87544	85.63367	87.29333	86.99568	85.48776	87.34230	85.18898	87.27814	85.19946	86.41054
10/2/2025	2:19:42 PM	85.40578	85.31293	85.33811	85.96626	85.87203	85.63080	87.28936	86.99130	85.48314	87.33547	85.18355	87.27149	85.19596	86.40558
10/2/2025	2:19:46 PM	85.40042	85.30851	85.33455	85.96388	85.87048	85.62803	87.28447	86.98461	85.47664	87.32597	85.17522	87.26231	85.18981	86.39818
10/2/2025	2:19:49 PM	85.39243	85.30138	85.32791	85.95849	85.86636	85.62221	87.27517	86.97479	85.46907	87.31505	85.16552	87.25041	85.18284	86.38848
10/2/2025	2:19:53 PM	85.38258	85.29296	85.31970	85.95063	85.85924	85.61486	87.26585	86.96446	85.46089	87.30414	85.15551	87.23929	85.17474	86.37950
10/2/2025	2:19:57 PM	85.37397	85.28460	85.31129	85.94334	85.85316	85.60728	87.25815	86.95571	85.45339	87.29466	85.14734	87.23020	85.16778	86.37157
10/2/2025	2:20:00 PM	85.36557	85.27721	85.30415	85.93578	85.84703	85.60145	87.25090	86.94731	85.44556	87.28398	85.13908	87.22124	85.16043	86.36284
10/2/2025	2:20:04 PM	85.35701	85.26959	85.29713	85.92805	85.83955	85.59417	87.24242	86.93834	85.43742	87.27459	85.13114	87.21253	85.15347	86.35510
10/2/2025	2:20:07 PM	85.34862	85.26186	85.28994	85.92013	85.83229	85.58788	87.23460	86.93026	85.42960	87.26534	85.12297	87.20315	85.14657	86.34588
10/2/2025	2:20:11 PM	85.34133	85.25565	85.28369	85.91362	85.82597	85.58231	87.22823	86.92345	85.42336	87.25828	85.11723	87.19772	85.14115	86.33968
10/2/2025	2:20:14 PM	85.33575	85.24988	85.27866	85.90807	85.82084	85.57696	87.22142	86.91669	85.41738	87.25145	85.11086	87.19102	85.13532	86.33273
10/2/2025	2:20:18 PM	85.32812	85.24305	85.27277	85.90208	85.81766	85.57242	87.21449	86.90842	85.41071	87.24134	85.10365	87.18266	85.12990	86.32569
10/2/2025	2:20:22 PM	85.32065	85.23691	85.26734	85.89717	85.81335	85.56718	87.20777	86.90083	85.40408	87.23236	85.09601	87.17250	85.12330	86.31713
10/2/2025	2:20:25 PM	85.31218	85.22871	85.25893	85.88895	85.80608	85.55987	87.19917	86.89205	85.39617	87.22282	85.08809	87.16182	85.11623	86.30889
10/2/2025	2:20:29 PM	85.30382	85.22156	85.25152	85.88229	85.79941	85.55355	87.19220	86.88442	85.38915	87.21409	85.08035	87.15250	85.10914	86.29993
10/2/2025	2:20:32 PM	85.29506	85.21303	85.24227	85.87316	85.79128	85.54465	87.18241	86.87339	85.37959	87.20238	85.07080	87.14003	85.09980	86.28924
10/2/2025	2:20:36 PM	85.28339	85.20199	85.23076	85.86189	85.78176	85.53528	87.17138	86.86148	85.36981	87.19068	85.05957	87.12620	85.08998	86.27805
10/2/2025	2:20:39 PM	85.27188	85.19175	85.22069	85.85311	85.77290	85.52709	87.16442	86.85427	85.36235	87.18293	85.05267	87.11879	85.08305	86.27179
10/2/2025	2:20:43 PM	85.26485	85.18482	85.21405	85.84661	85.76709	85.52282	87.15984	86.84796	85.35681	87.17580	85.04518	87.11048	85.07721	86.26358
10/2/2025	2:20:46 PM	85.25704	85.17700	85.20616	85.83850	85.76042	85.51706	87.15268	86.83899	85.34954	87.16646	85.03718	87.10155	85.06949	86.25518
10/2/2025	2:20:50 PM	85.24893	85.16924	85.19951	85.83228	85.75434	85.51172	87.14604	86.83142	85.34247	87.15745	85.02902	87.09331	85.06278	86.24722
10/2/2025	2:20:54 PM	85.24052	85.16160	85.19198	85.82421	85.74733	85.50672	87.13833	86.82409	85.33566	87.14872	85.02303	87.08743	85.05666	86.24014
10/2/2025	2:20:57 PM	85.23477	85.15624	85.18705	85.81943	85.74130	85.50216	87.13274	86.81800	85.33057	87.14125	85.01888	87.08222	85.05093	86.23365
10/2/2025	2:21:01 PM	85.22827	85.15043	85.18166	85.81247	85.73538	85.49629	87.12478	86.80915	85.32352	87.13287	85.01175	87.07234	85.04369	86.22577
10/2/2025	2:21:04 PM	85.22067	85.14337	85.17434	85.80556	85.72827	85.48965	87.11679	86.80190	85.31710	87.12569	85.00523	87.06469	85.03705	86.21821
10/2/2025	2:21:08 PM	85.21369	85.13652	85.16818	85.79879	85.72212	85.48377	87.11063	86.79478	85.31093	87.11781	84.99771	87.05591	85.02997	86.21045
10/2/2025	2:21:12 PM	85.20547	85.12940	85.16162	85.79202	85.71635	85.47813	87.10416	86.78880	85.30540	87.11013	84.99243	87.05058	85.02615	86.20706
10/2/2025	2:21:15 PM	85.20079	85.12801	85.16199	85.79302	85.71873	85.48177	87.11344	86.79897	85.31059	87.11788	84.99897	87.06070	85.03240	86.21797
10/2/2025	2:21:19 PM	85.20858	85.13771	85.17382	85.80247	85.72988	85.49165	87.12271	86.80635	85.31621	87.12190	85.00515	87.06345	85.03875	86.22566
10/2/2025	2:21:22 PM	85.20957	85.14134	85.17810	85.80572	85.73652	85.49813	87.12620	86.80513	85.31598	87.12245	85.00922	87.06277	85.04237	86.22998
10/2/2025	2:21:26 PM	85.20935	85.14314	85.18181	85.80965	85.74299	85.50310	87.13009	86.80398	85.31565	87.12591	85.01507	87.06799	85.04783	86.23907
10/2/2025	2:21:30 PM	85.21336	85.15093	85.19442	85.82605	85.76355	85.52636	87.15458	86.81696	85.32472	87.13466	85.02291	87.06815	85.06486	86.25238
10/2/2025	2:21:33 PM	85.21203	85.15418	85.20040	85.83911	85.77991	85.54274	87.16188	86.80661	85.31612	87.11948	85.01128	87.04627	85.06296	86.24423
10/2/2025	2:21:37 PM	85.19558	85.14240	85.19359	85.83892	85.78314	85.54752	87.16329	86.80104	85.30595	87.11069	85.00178	87.03603	85.06227	86.24012
10/2/2025	2:21:40 PM	85.18529	85.13507	85.18993	85.83787	85.78346	85.54874	87.16040	86.79405	85.29361	87.09386	84.98882	87.01571	85.05473	86.22576
10/2/2025	2:21:44 PM	85.16472	85.11736	85.17267	85.82601	85.77062	85.53537	87.14097	86.77518	85.27526	87.07101	84.96855	86.98833	85.04060	86.20456
10/2/2025	2:21:47 PM	85.14290	85.09713	85.15061	85.80834	85.75255	85.51646	87.11924	86.75792	85.25803	87.04996	84.94718	86.96450	85.02315	86.18182
10/2/2025	2:21:51 PM	85.12175	85.07658	85.12621	85.78759	85.73294	85.49566	87.09859	86.74317	85.24350	87.03022	84.92617	86.94476	85.00594	86.16080
10/2/2025	2:21:54 PM	85.10383	85.05647	85.10375	85.76764	85.71364	85.47456	87.08112	86.72988	85.23034	87.01150	84.90584	86.92661	84.98869	86.14127
10/2/2025	2:21:58 PM	85.08617	85.03752	85.08257	85.74913	85.69690	85.45468	87.06453	86.71641	85.21885	86.99464	84.88788	86.90981	84.97268	86.12280
10/2/2025	2:22:02 PM	85.06753	85.01820	85.06105	85.72843	85.67844	85.43389	87.04684	86.70147	85.20549	86.97644	84.86834	86.89038	84.95559	86.10395
10/2/2025	2:22:05 PM	85.04903	84.99898	85.04047	85.70915	85.66128	85.41478	87.02986	86.68595	85.19217	86.95971	84.85041	86.87308	84.93927	86.08726
10/2/2025	2:22:09 PM	85.03216	84.98186	85.02226	85.69129	85.64501	85.39753	87.01428	86.67175	85.17937	86.94384	84.83309	86.85625	84.92377	86.07095
10/2/2025	2:22:12 PM	85.01618	84.96513	85.00463	85.67322	85.62864	85.38127	86.99776	86.65577	85.16558	86.92654	84.81677	86.83984	84.90850	86.05402
10/2/2025	2:22:16 PM	84.99886	84.94773	84.98564	85.65447	85.61155	85.36406	86.98076	86.63909	85.15081	86.90783	84.79991	86.82301	84.89259	86.03739
10/2/2025	2:22:19 PM	84.98280	84.93285	84.96915	85.63700	85.59730	85.34809	86.96505	86.62260	85.13683	86.89223	84.78481	86.80641	84.87754	86.02093
10/2/2025	2:22:23 PM	84.96682	84.92033	84.95400	85.62099	85.58481	85.33419	86.95073	86.60735	85.12422	86.87704	84.77126	86.79097	84.86404	86.00615
10/2/2025	2:22:27 PM	84.95157	84.90894	84.94010	85.60455	85.56913	85.31944	86.93566	86.59220	85.11038	86.86155	84.75721	86.77385	84.84942	85.99006
10/2/2025	2:22:30 PM	84.93615	84.89631	84.92612	85.58933	85.55339	85.30588	86.92090	86.57811	85.09878	86.84860	84.74513	86.76010	84.83711	85.97648
10/2/2025	2:22:34 PM	84.92116	84.88016	84.91118	85.57493	85.53899	85.29368	86.90672	86.56407	85.08643	86.83434	84.73212	86.74506	84.82411	85.96221
10/2/2025	2:22:37 PM	84.90725	84.86427	84.89555	85.56035	85.52412	85.28150	86.89382	86.55104	85.07535	86.82014	84.71934	86.73118	84.81228	85.94883
10/2/2025	2:22:41 PM	84.89359	84.84867	84.88097	85.54697	85.51015	85.27041	86.88106	86.53808	85.06409	86.80599	84.70636	86.71853	84.80057	85.93610
10/2/2025	2:22:45 PM	84.88141	84.83437	84.86624	85.53430	85.49810	85.25922	86.86960	86.52668	85.05256	86.79075	84.69356	86.70501	84.79003	85.92472
10/2/2025	2:22:48 PM	84.86828	84.82425	84.85608	85.52405	85.48775	85.24925	86.85842	86.51244	85.03959	86.77540	84.67984	86.68940	84.77889	85.91173
10/2/2025	2:22:52 PM	84.85597	84.81102	84.84357	85.51214	85.47660	85.23741	86.84572	86.49856	85.02721	86.76142	84.66716	86.67581	84.76806	85.89940
10/2/2025	2:22:56 PM	84.84370	84.79775	84.83055	85.49923	85.46322	85.22545	86.83278	86.48459	85.01377	86.74691	84.65423	86.66159	84.75561	85.88578
10/2/2025	2:22:59 PM	84.83023	84.78352	84.81560	85.48508	85.44969	85.21259	86.81902	86.47082	85.00110	86.73310	84.64217	86.64755	84.74371	85.87265
10/2/2025	2:23:03 PM	84.81695	84.76994	84.80061	85.47086	85.43517	85.19832	86.80517	86.45697	84.98950	86.71948	84.62913	86.63412	84.73191	85.85950
10/2/2025	2:23:06 PM	84.80547	84.75776	84.78736	85.45707	85.42320	85.18633	86.79273	86.44415	84.97740	86.70589	84.61707	86.62143	84.72012	85.84729
10/2/2025	2:23:10 PM	84.79322	84.74463	84.77368	85.44346	85.40987	85.17398	86.78037	86.43044	84.96590	86.69281	84.60605	86.60865	84.70908	85.83467
10/2/2025	2:23:13 PM	84.78157	84.73257	84.76110	85.43079	85.39699	85.16165	86.76674	86.41649	84.95424	86.67927	84.59387	86.59565	84.69729	85.82180
10/2/2025	2:23:17 PM	84.76944	84.72004	84.74743	85.41740	85.38425	85.14998	86.75448	86.40354	84.94252	86.66629	84.58237	86.58418	84.68609	85.81023
10/2/2025	2:23:21 PM	84.75969	84.71034	84.73682	85.40565	85.37376	85.14001	86.74403	86.39195	84.93181	86.65376	84.57279	86.57304	84.67550	85.79872
10/2/2025	2:23:24 PM	84.74816	84.70084	84.72686	85.39422	85.36254	85.12840	86.73231	86.37956	84.92091	86.64220	84.56289	86.56108	84.66457	85.78694
10/2/2025	2:23:28 PM	84.73744	84.68956	84.71526	85.38170	85.35074	85.11756	86.72068	86.36810	84.91033	86.63113	84.55285	86.54909	84.65483	85.77568
10/2/2025	2:23:31 PM	84.72781	84.67882	84.70447	85.37087	85.33999	85.10702	86.71028	86.35750	84.90159	86.62063	84.54447	86.53925	84.64488	85.76555
10/2/2025	2:23:35 PM	84.71830	84.66842	84.69306	85.36036	85.33022	85.09803	86.70109	86.34709	84.89297	86.61008	84.53496	86.52892	84.63572	85.75560
10/2/2025	2:23:39 PM	84.70944	84.65919	84.68353	85.35007	85.32054	85.08909	86.69145	86.33614	84.88328	86.59882	84.52549	86.51804	84.62607	85.74526
10/2/2025	2:23:42 PM	84.69846	84.64864	84.67349	85.33993	85.31164	85.07953	86.68082	86.32506	84.87392	86.58789	84.51558	86.50609	84.61605	85.73437
10/2/2025	2:23:46 PM	84.68883	84.63991	84.66544	85.33042	85.30478	85.07025	86.67171	86.31545	84.86498	86.57761	84.50683	86.49626	84.60685	85.72427
10/2/2025	2:23:49 PM	84.68017	84.63314	84.65905	85.32217	85.29660	85.06289	86.66323	86.30722	84.85678	86.56872	84.49926	86.48768	84.59865	85.71546
10/2/2025	2:23:53 PM	84.67213	84.62663	84.65252	85.31475	85.28794	85.05596	86.65541	86.29956	84.84967	86.56053	84.49256	86.47949	84.59130	85.70712
10/2/2025	2:23:56 PM	84.66489	84.61936	84.64620	85.30839	85.28088	85.04929	86.64792	86.29172	84.84270	86.55157	84.48536	86.47114	84.58378	85.69920
10/2/2025	2:24:00 PM	84.65723	84.61131	84.63909	85.30167	85.27408	85.04313	86.64115	86.28522	84.83637	86.54365	84.47815	86.46389	84.57778	85.69224
10/2/2025	2:24:03 PM	84.63329	84.53018	84.52880	85.17523	85.12460	84.94183	86.56722	86.40667	85.02663	86.60175	84.49408	86.17833	84.70713	85.46144
10/2/2025	2:24:07 PM	84.22517	78.88955	79.92715	77.33679	80.21224	81.31900	84.76728	85.59789	84.45654	80.10353	80.11602	77.56952	77.34388	81.72502
10/2/2025	2:24:10 PM	77.34701	76.93776	76.91825	77.24549	77.75220	78.69113	77.78558	78.59010	81.22424	78.05587	79.05105	77.66332	77.18805	80.20583
10/2/2025	2:24:14 PM	77.25423	76.98728	76.83467	77.27332	77.67065	78.38305	77.81722	78.29943	80.63887	77.92715	78.75172	77.68204	77.10849	79.74690
