6/26/2025	1:30:52 PM	77.08512	77.08388	77.11862	77.13620	77.09909	77.05871	77.14220	77.09729	77.21971	77.16641	77.11137	77.16018	76.55219	76.69538
6/26/2025	1:30:55 PM	77.08552	77.08459	77.11946	77.13505	77.09947	77.05909	77.14179	77.09837	77.21935	77.16582	77.11205	77.16134	76.55260	76.69583
6/26/2025	1:30:58 PM	77.08686	77.08637	77.12000	77.13520	77.09842	77.05927	77.14108	77.09748	77.22023	77.16497	77.11167	77.16084	76.55220	76.69641
6/26/2025	1:31:02 PM	77.08664	77.08510	77.12049	77.13265	77.09681	77.05878	77.14136	77.09576	77.21846	77.07743	77.03716	77.08586	76.48421	76.63738
6/26/2025	1:31:05 PM	77.03616	77.02230	77.06308	77.06832	77.04588	76.99621	77.07366	77.04115	77.17860	77.12802	77.08765	77.11486	76.50199	76.64304
6/26/2025	1:31:09 PM	77.06177	77.05577	77.10195	77.10498	77.06250	77.01095	77.09169	77.06129	77.19048	77.14130	77.08638	77.12704	76.52258	76.66584
6/26/2025	1:31:12 PM	77.06254	77.06325	77.09520	77.10356	77.06057	77.01848	77.10323	77.05750	77.19063	77.13629	77.08391	77.12767	76.52251	76.66862
6/26/2025	1:31:16 PM	77.05877	77.06055	77.09509	77.10516	77.06265	77.02154	77.11618	77.07352	77.22730	77.16701	77.12276	77.23321	76.52502	76.67171
6/26/2025	1:31:19 PM	77.06071	77.05707	77.09088	77.09782	77.06048	77.03159	77.12517	77.08224	77.23728	77.24933	77.32602	77.64180	76.54223	76.69535
6/26/2025	1:31:23 PM	77.07495	77.06591	77.10118	77.10969	77.07471	77.04017	77.12880	77.09205	80.26672	79.35929	80.53929	78.49981	76.54932	76.69991
6/26/2025	1:31:26 PM	77.09267	77.08199	77.11869	77.12464	77.09942	77.06540	77.15535	78.03267	84.03148	85.91662	84.37241	81.07924	76.75838	76.76443
6/26/2025	1:31:29 PM	79.07916	77.15243	77.17750	77.17012	77.16370	77.13786	77.23379	81.77283	87.18458	90.80301	86.24398	85.65551	79.86445	77.17814
6/26/2025	1:31:33 PM	82.36451	79.25063	77.33069	77.26970	77.26721	77.23956	77.34386	85.66467	91.97931	97.96550	91.92205	91.78343	84.98841	80.83974
6/26/2025	1:31:36 PM	86.55924	85.44444	83.53990	77.42254	77.44645	77.35968	77.60513	90.05644	97.45008	105.32784	99.12942	97.47798	89.71121	87.34778
6/26/2025	1:31:40 PM	90.78310	90.38370	88.54902	81.42878	83.85963	79.41320	85.68780	93.99554	102.65723	111.70504	105.19746	103.22754	94.15343	93.03978
6/26/2025	1:31:43 PM	95.97422	95.07094	92.39729	87.87287	88.34715	85.54869	91.60157	97.86411	107.19577	117.99906	111.06905	108.82582	98.13481	98.14807
6/26/2025	1:31:47 PM	101.44861	99.25796	95.53701	91.89678	91.80077	90.78964	96.07209	102.14158	111.74347	123.70189	116.42603	114.01226	101.98690	103.04659
6/26/2025	1:31:50 PM	106.48396	102.91852	98.53380	95.20565	94.54995	94.54211	99.68812	106.15301	115.83515	129.33980	121.37070	119.59789	105.62237	107.69889
6/26/2025	1:31:54 PM	111.46071	106.71085	101.32076	98.12564	97.25872	97.97673	103.06985	109.80668	119.83650	134.65663	126.65065	124.46825	109.25179	112.32929
6/26/2025	1:31:57 PM	116.06891	110.41398	104.24244	100.96340	99.78215	100.80955	106.44567	113.88361	124.22147	139.38958	131.34107	129.42468	112.88811	116.60645
6/26/2025	1:32:01 PM	120.29900	114.04686	107.80593	103.55881	102.39076	103.90283	109.69664	117.68983	128.49092	144.37151	135.82538	134.12869	116.46331	120.84754
6/26/2025	1:32:04 PM	124.30471	117.73828	111.55307	106.38180	104.84412	107.23215	113.04811	121.44761	132.53771	149.18764	140.18646	138.32348	119.82862	125.11304
6/26/2025	1:32:08 PM	128.27108	121.29343	114.78662	109.66875	107.28948	110.40532	116.27600	125.37032	136.96827	153.87619	145.27365	142.82678	123.46750	129.27791
6/26/2025	1:32:11 PM	132.12280	124.74701	118.04236	112.73935	109.85927	113.48041	119.43072	128.76279	140.87714	158.28591	149.51715	147.13962	126.86681	133.22157
6/26/2025	1:32:15 PM	135.82485	128.26901	121.22128	115.78722	112.41468	116.41059	122.44048	132.17560	145.01549	162.77340	153.91895	151.27042	130.41516	136.96612
6/26/2025	1:32:18 PM	139.51941	131.53424	124.48588	118.88051	114.93575	119.18761	125.63407	135.70359	148.93994	167.00713	158.12303	155.14795	133.80818	140.62578
6/26/2025	1:32:22 PM	142.97484	134.75288	127.50485	121.75009	117.52747	121.87168	128.67227	139.07652	152.85705	171.27485	162.29039	159.47834	137.11380	144.43524
6/26/2025	1:32:25 PM	146.42722	137.95335	130.54041	124.62411	120.04196	124.81046	131.97882	142.41998	156.70523	175.35963	166.25605	163.29395	140.36663	148.64202
6/26/2025	1:32:29 PM	149.99947	141.18767	133.51302	127.44930	122.85128	127.71036	135.14497	145.82910	160.51102	179.44441	170.48415	167.35879	143.54035	152.58973
6/26/2025	1:32:32 PM	153.59947	144.30586	136.45466	130.45218	125.66586	130.71006	138.39063	149.38184	164.19171	183.51728	174.46977	170.95123	146.91678	156.50946
6/26/2025	1:32:36 PM	157.01052	147.82275	139.30717	133.11783	128.33596	133.44458	141.32138	152.55943	167.50498	186.89987	178.35899	174.94669	150.22084	160.40161
6/26/2025	1:32:39 PM	160.40964	150.93695	142.33174	135.96207	130.98771	136.45770	144.18726	155.64743	171.10202	190.37457	182.46049	178.56824	153.49825	163.91859
6/26/2025	1:32:43 PM	163.65056	153.81703	145.06172	138.49022	133.33202	139.07785	147.08240	158.80571	174.21701	193.42216	186.25937	182.43952	156.57033	167.60710
6/26/2025	1:32:46 PM	166.90618	156.80104	147.95183	141.19589	136.18645	142.06090	150.10642	161.93963	177.58533	196.82588	189.97450	186.24257	159.59891	171.25685
6/26/2025	1:32:50 PM	170.08962	159.63724	150.61294	143.71673	138.36929	144.54550	152.86227	164.84762	180.62057	199.90878	193.51880	189.71861	162.43525	174.48952
6/26/2025	1:32:53 PM	173.22916	162.59202	153.29418	146.25439	140.94791	147.12918	155.54127	167.82923	183.68483	202.68586	197.24390	193.06221	165.31278	177.61966
6/26/2025	1:32:57 PM	176.37611	165.38531	155.87669	148.72001	143.31678	149.64982	158.16940	170.65924	186.58912	205.62785	200.73750	196.55691	168.14242	180.93097
6/26/2025	1:33:00 PM	179.25859	168.10104	158.37041	151.16637	145.75629	152.05381	160.64171	173.32625	189.53831	208.33959	204.11294	199.88245	170.91369	183.89215
6/26/2025	1:33:03 PM	182.14685	170.79287	160.84427	153.66769	148.03277	154.45811	163.11722	176.03096	192.41043	211.23558	207.58137	203.62961	173.72844	186.80863
6/26/2025	1:33:07 PM	185.03247	173.44731	163.09215	156.09429	150.25841	156.90845	165.46353	178.62502	195.14295	213.74803	210.92607	206.55244	176.41700	189.38887
6/26/2025	1:33:10 PM	187.87730	175.92976	165.33654	158.37877	152.60139	159.09850	167.79734	181.19108	197.91994	216.33672	214.26919	209.51362	179.02163	192.20483
6/26/2025	1:33:14 PM	190.58530	178.53867	167.66365	160.59826	154.65375	161.19742	170.15247	183.65896	200.40037	218.90508	217.45930	212.63789	181.58750	194.87561
6/26/2025	1:33:18 PM	193.14916	180.91231	169.85686	162.86468	156.73443	163.43018	172.52276	186.04577	202.92908	221.47077	220.35685	215.11237	183.95620	197.25470
6/26/2025	1:33:21 PM	195.58248	183.27630	171.95558	165.07172	159.04652	165.57245	174.79559	188.52226	205.29216	223.79261	223.14376	217.72740	186.25725	199.52341
6/26/2025	1:33:24 PM	198.04392	185.48617	173.98442	167.03319	160.95217	167.73756	177.01942	190.67694	207.67914	225.91208	225.66301	220.14482	188.55158	201.68532
6/26/2025	1:33:28 PM	200.38341	187.81200	176.03417	169.04433	162.87589	169.74759	179.04163	192.94699	209.92427	227.98395	228.03856	222.72254	190.70588	203.89088
6/26/2025	1:33:31 PM	202.62011	189.81668	177.92917	170.82300	164.73044	171.60478	181.07397	194.99721	212.20163	230.13717	230.19014	224.90599	192.72820	206.02561
6/26/2025	1:33:35 PM	204.72387	191.84614	180.00848	172.66260	166.44859	173.64060	183.14391	197.00339	214.37603	232.19512	232.36641	226.73499	194.74719	208.09879
6/26/2025	1:33:38 PM	206.78335	193.84742	181.87606	174.60738	168.31403	175.52251	184.98351	199.04217	216.45086	234.20919	234.56059	228.78498	196.65102	209.84916
6/26/2025	1:33:42 PM	208.62470	195.71847	183.53554	176.07918	169.58038	177.08217	186.53808	200.78152	218.27761	236.05260	236.53054	230.68540	198.46217	211.46515
6/26/2025	1:33:45 PM	210.49783	197.35388	185.12117	177.52714	170.88340	178.44065	188.07847	202.45783	220.10233	237.88709	238.37270	232.44295	200.22704	213.21230
6/26/2025	1:33:49 PM	212.19758	199.04988	186.61311	179.09719	172.29851	179.77741	189.64318	204.14669	221.93183	239.65751	240.13900	234.22214	201.85215	214.86175
6/26/2025	1:33:52 PM	213.85259	200.71270	188.10918	180.47672	173.56033	181.27076	191.12893	205.77484	223.58038	241.22893	241.70591	236.03963	203.53245	216.30620
6/26/2025	1:33:56 PM	215.48723	202.34150	189.61664	181.91932	175.03535	182.66551	192.60576	207.45094	225.20373	242.73964	243.28946	237.61258	205.11890	217.89867
6/26/2025	1:33:59 PM	217.13711	203.91926	191.02490	183.34609	176.39695	184.04740	194.08647	208.99196	226.74707	244.34053	244.68671	239.02752	206.64646	219.41728
6/26/2025	1:34:03 PM	218.69544	205.50945	192.54267	184.77186	177.80569	185.39574	195.64447	210.59775	228.32866	245.77796	246.06099	240.55209	208.20484	220.97977
6/26/2025	1:34:07 PM	220.26468	207.06665	193.91058	186.19114	179.26989	186.82384	197.06034	212.07137	229.79104	247.09406	247.38413	241.91581	209.62294	222.37974
6/26/2025	1:34:10 PM	221.72474	208.53904	195.40627	187.45604	180.68059	188.09856	198.42504	213.61267	231.14667	248.51272	248.56778	243.19605	211.03393	223.85811
6/26/2025	1:34:13 PM	223.12609	210.01429	196.79321	188.74399	182.04835	189.47806	199.84131	215.06217	232.54675	249.86414	249.74783	244.47473	212.43279	225.28236
6/26/2025	1:34:17 PM	224.52579	211.41689	198.09481	190.02630	183.36031	190.78678	201.11414	216.46161	233.82876	251.07103	250.87906	245.57458	213.82123	226.70837
6/26/2025	1:34:20 PM	225.89463	212.74503	199.32553	191.27983	184.60044	191.95083	202.40772	217.71415	235.05199	252.13705	252.01672	246.94455	215.17481	228.08372
6/26/2025	1:34:24 PM	227.25201	214.07876	200.56669	192.49268	185.77766	193.11385	203.45352	218.99225	235.86913	252.26126	252.30045	247.04976	217.06173	229.61164
6/26/2025	1:34:27 PM	227.81805	215.83660	202.61141	193.39217	186.44816	194.93367	203.39840	219.17227	235.68449	250.46574	251.57646	245.51454	219.01166	230.79079
6/26/2025	1:34:31 PM	228.16956	216.94101	204.04963	193.49359	187.04612	196.85352	204.04103	219.98652	235.12128	248.52372	250.68802	243.73371	220.87152	231.78340
6/26/2025	1:34:34 PM	228.67774	218.22984	205.53202	194.52429	187.97775	198.67854	205.50221	220.79019	234.69075	246.94959	249.52252	242.26383	222.46809	232.45900
6/26/2025	1:34:38 PM	229.27313	219.66532	207.17244	196.08764	189.08437	200.06469	207.39235	221.64839	234.68579	245.71435	248.65527	241.23016	223.82348	233.36876
6/26/2025	1:34:41 PM	230.00837	220.98672	208.77088	197.93488	190.40214	201.37647	209.07468	222.49912	234.78957	244.91022	247.98820	240.59282	225.12622	234.14370
6/26/2025	1:34:45 PM	230.97275	222.46703	210.20104	199.77818	191.82424	202.53578	210.78348	223.34235	235.03985	244.48224	247.41948	240.20038	226.24754	234.83307
6/26/2025	1:34:48 PM	232.00906	223.69253	211.51430	201.47327	193.39913	204.00901	212.31184	224.18325	235.44946	244.31532	247.08430	240.03928	227.26428	235.40275
6/26/2025	1:34:52 PM	232.93449	224.94648	212.75406	203.03746	194.87620	205.25609	213.90290	224.92126	235.75296	244.26583	246.97071	240.18093	228.11727	236.03379
6/26/2025	1:34:55 PM	233.75832	226.01051	213.90788	204.49630	196.29760	206.44092	215.46088	225.68073	236.21873	244.47605	246.84180	240.38954	228.86193	236.54626
6/26/2025	1:34:59 PM	234.54963	227.14485	214.98783	205.88571	197.64762	207.62095	216.86705	226.40329	236.72187	244.73239	246.83110	240.69607	229.58775	237.09286
6/26/2025	1:35:02 PM	235.42591	228.06945	215.91417	207.07348	199.04596	208.69442	218.08035	227.16268	237.34967	245.08418	246.99215	241.21634	230.31980	237.72076
6/26/2025	1:35:05 PM	236.27617	228.90607	216.83795	208.20617	200.33343	209.92779	219.12738	227.88097	237.91920	245.46550	247.34788	241.80501	231.00287	238.44512
6/26/2025	1:35:09 PM	237.20712	229.74932	217.62011	209.11816	201.52000	211.02433	220.17479	228.53615	238.51747	245.92060	247.51092	242.47107	231.61513	238.83352
6/26/2025	1:35:12 PM	237.96058	230.59325	218.41471	209.98545	202.66888	212.06925	221.17497	229.17605	239.15403	246.48150	247.90671	243.02529	232.19507	239.29383
6/26/2025	1:35:16 PM	238.68695	231.39942	219.13852	210.62070	203.76310	213.19161	221.94253	229.77902	239.74022	247.04264	248.22759	243.81137	232.74385	239.72523
6/26/2025	1:35:19 PM	239.44465	232.12059	219.80459	211.14070	204.81796	214.33389	222.61688	230.43942	240.36550	247.87418	248.90952	244.49816	233.34693	240.29566
6/26/2025	1:35:23 PM	240.16438	232.84512	220.44103	211.55348	205.96280	215.46510	223.20022	231.11822	241.02645	248.41604	249.44467	245.29059	233.95507	240.86203
6/26/2025	1:35:27 PM	240.85513	233.62801	221.10079	212.02316	207.01096	216.49341	223.93454	231.73432	241.64042	249.05420	249.91632	245.99976	234.58052	241.45994
6/26/2025	1:35:30 PM	241.52743	234.29451	221.72834	212.51204	208.05285	217.49976	224.52036	232.38591	242.38765	250.06462	250.49358	246.66693	235.19177	242.03883
6/26/2025	1:35:33 PM	242.17788	235.09720	222.37340	213.00897	209.15457	218.20536	225.18291	233.04818	243.11636	250.78371	251.12185	247.38751	235.84851	242.72679
6/26/2025	1:35:37 PM	242.76044	235.89648	223.11307	213.66977	210.14324	218.58113	226.00001	233.74707	243.88017	251.50022	251.93738	248.12685	236.55836	243.53302
6/26/2025	1:35:40 PM	243.55709	236.61883	223.87791	214.38872	211.14197	218.88080	226.68069	234.39058	244.57846	252.19861	252.62806	248.80047	237.23897	244.24034
6/26/2025	1:35:44 PM	244.20769	237.31703	224.56850	215.12621	212.15505	219.27617	227.32066	235.08518	245.25545	252.86252	253.32651	249.43233	237.91090	244.97183
6/26/2025	1:35:47 PM	244.86832	238.03564	225.26197	215.93556	213.17676	219.59677	227.92724	235.71814	245.91376	253.52807	253.93111	250.06794	238.57094	245.66454
6/26/2025	1:35:51 PM	245.36076	238.75195	225.97701	216.79666	214.19426	219.91588	228.68441	236.31366	246.61620	254.27986	254.57494	250.79895	239.25261	246.37908
6/26/2025	1:35:54 PM	246.04888	239.47938	226.68960	217.68389	215.24120	220.38129	229.49887	236.99607	247.37479	255.01107	255.34776	251.64450	239.97398	247.03755
6/26/2025	1:35:58 PM	246.56161	240.19535	227.35551	218.78364	216.31099	221.73374	230.66298	237.68062	247.99317	255.68548	256.25462	252.94152	240.15699	247.36174
6/26/2025	1:36:01 PM	246.72753	240.11773	227.35254	219.34663	217.06045	223.05417	231.58305	238.54181	248.85353	256.75123	257.23608	254.23724	240.37150	247.71776
6/26/2025	1:36:05 PM	247.05497	240.13538	227.45230	219.92464	217.96151	224.29482	232.52428	239.49477	249.85991	258.01434	258.33323	255.46969	240.69674	248.20213
6/26/2025	1:36:08 PM	247.50296	240.23500	227.61493	220.48140	218.86729	225.47374	233.45644	240.46537	250.88236	259.35212	259.49681	256.66970	241.09493	248.74682
6/26/2025	1:36:12 PM	248.01681	240.37299	227.82174	221.13597	220.27543	226.58882	234.37688	241.46531	251.94693	260.68366	260.68776	257.79344	241.57410	249.39520
6/26/2025	1:36:15 PM	248.59889	240.59635	228.05384	221.78641	221.34071	227.66127	235.30510	242.47308	253.00159	261.95133	261.87263	258.89595	242.13115	250.11984
6/26/2025	1:36:19 PM	249.23643	240.88493	228.39716	222.44585	222.67969	228.67047	236.20417	243.48062	254.04108	263.17690	263.02932	259.94159	242.72914	250.89610
6/26/2025	1:36:22 PM	249.89594	241.20458	228.72334	223.20750	224.00915	229.61319	237.04953	244.45032	255.01020	264.28131	264.12956	260.92443	243.33439	251.66040
6/26/2025	1:36:26 PM	250.58745	241.58111	229.15120	223.87686	225.08480	230.56432	237.93935	245.44792	256.01504	265.40531	265.23502	261.93205	244.02928	252.50054
6/26/2025	1:36:29 PM	251.31817	242.02640	229.65954	224.58453	226.32244	231.49581	238.82331	246.42853	256.99514	266.38694	266.26321	262.88503	244.73997	253.36097
6/26/2025	1:36:33 PM	252.07413	242.51015	230.18823	225.28066	227.47319	232.40163	239.70132	247.42347	257.95146	267.30108	267.25849	263.79115	245.46903	254.22151
6/26/2025	1:36:36 PM	252.81050	243.01100	230.71650	225.96441	228.57587	233.25817	240.54221	248.36930	258.85932	268.10364	268.15251	264.63515	246.20799	255.08413
6/26/2025	1:36:40 PM	253.56864	243.54463	231.27747	226.66936	229.66537	234.10710	241.37957	249.32415	259.74530	268.87535	269.01808	265.45372	246.97672	255.95069
6/26/2025	1:36:43 PM	254.33449	244.12885	231.86103	227.29970	230.35338	234.95369	242.22191	250.27708	260.63461	269.63223	269.84171	266.24610	247.75675	256.81936
6/26/2025	1:36:47 PM	255.09453	244.71287	232.53494	227.98749	231.29352	235.80648	243.10395	251.23983	261.45202	270.34856	270.44909	266.82898	248.69495	257.79061
6/26/2025	1:36:50 PM	255.80853	245.40690	233.27685	228.72675	232.14551	236.64703	243.94961	252.10405	262.17497	270.93484	271.01942	267.47250	249.43570	258.54954
6/26/2025	1:36:54 PM	256.45758	245.97480	233.88515	229.39876	232.76678	237.38303	244.73638	252.88790	262.82142	271.43783	271.46539	268.00024	250.19015	259.22410
6/26/2025	1:36:57 PM	257.07805	246.59342	234.60156	230.10804	233.39696	238.15703	245.51349	253.65503	263.42188	271.91826	271.87480	268.54566	250.88549	259.87309
6/26/2025	1:37:01 PM	257.66600	247.16568	235.24347	230.79327	234.08346	238.90686	246.26424	254.38292	263.98216	272.36673	272.22395	269.04237	251.53509	260.43425
6/26/2025	1:37:04 PM	258.19442	247.71695	235.87969	231.37961	234.65651	239.62915	246.96328	255.00888	264.41496	272.66619	272.41650	269.34314	252.22598	260.96408
6/26/2025	1:37:08 PM	258.67635	248.26555	236.48966	232.04420	235.46799	240.28066	247.61226	255.63405	264.87833	272.98544	272.60597	269.75467	252.77586	261.39832
6/26/2025	1:37:11 PM	259.09686	248.71846	237.02873	232.67315	236.03428	240.88078	248.21124	256.20653	265.28345	273.29291	272.74420	270.17738	253.29096	261.77972
6/26/2025	1:37:15 PM	259.48426	249.16949	237.57853	233.28264	236.93212	241.47240	248.79222	256.76783	265.67612	273.65015	272.90971	270.72509	253.81026	262.17425
6/26/2025	1:37:18 PM	259.87191	249.62535	238.14718	233.92135	237.68628	242.05876	249.36160	257.30717	266.06913	274.04045	273.13889	271.35396	254.31020	262.54576
6/26/2025	1:37:22 PM	260.25734	250.09312	238.67598	234.53924	238.15004	242.66566	249.93481	257.83282	266.48068	274.44843	273.41473	271.99139	254.82862	262.95001
6/26/2025	1:37:25 PM	260.64709	250.57416	239.26190	235.16983	238.96592	243.25877	250.49802	258.36305	266.91161	274.97872	273.74800	272.62528	255.34745	263.36988
6/26/2025	1:37:29 PM	261.05941	251.06017	239.79852	235.77171	239.37954	243.85926	251.05067	258.89613	267.37211	275.64929	274.11993	273.26510	255.87046	263.78845
6/26/2025	1:37:32 PM	261.46794	251.53943	240.34645	236.36100	240.05973	244.43857	251.60330	259.43795	267.84768	276.36647	274.62517	273.91293	256.39464	264.21820
6/26/2025	1:37:36 PM	261.90197	252.03677	240.93933	236.93715	240.67890	245.01769	252.15831	259.98676	268.34227	277.16117	275.27672	274.60019	256.92531	264.65816
6/26/2025	1:37:39 PM	262.34383	252.52979	241.51822	237.50382	241.12095	245.59375	252.71261	260.53953	268.85758	277.97416	275.96936	275.29955	257.45561	265.10427
6/26/2025	1:37:43 PM	262.79017	253.02651	242.08968	238.04715	241.53468	246.16358	253.25700	261.07980	269.37383	278.74893	276.70757	275.99516	257.98566	265.55514
6/26/2025	1:37:46 PM	263.23841	253.52398	242.64963	238.56366	241.82925	246.72342	253.79071	261.61522	269.91371	279.50666	277.45042	276.67007	258.50050	265.99991
6/26/2025	1:37:50 PM	263.67532	254.01223	243.19322	239.03838	242.13319	247.27223	254.31603	262.14528	270.47649	280.26541	278.21638	277.32199	259.01245	266.44563
6/26/2025	1:37:53 PM	264.11027	254.49922	243.73261	239.50799	242.47680	247.82067	254.83184	262.66517	271.08486	281.06359	278.99990	277.95806	259.52472	266.88586
6/26/2025	1:37:57 PM	264.54782	254.99302	244.28222	239.98478	242.86005	248.37100	255.34052	263.16077	271.73191	281.78850	279.71829	278.54823	259.99895	267.28082
6/26/2025	1:38:00 PM	264.94325	255.45732	244.81616	240.45781	243.23329	248.89952	255.83369	263.63146	272.35285	282.41939	280.36695	279.11015	260.45117	267.64021
6/26/2025	1:38:03 PM	265.32772	255.92289	245.35529	240.94298	243.61781	249.42847	256.32963	264.09309	272.94006	282.99207	280.95925	279.62914	260.89365	267.98427
6/26/2025	1:38:07 PM	265.69652	256.37969	245.89402	241.43119	244.05213	249.96697	256.82453	264.53551	273.47933	283.51570	281.52456	280.10375	261.31725	268.30510
6/26/2025	1:38:10 PM	266.04906	256.82355	246.42361	241.95261	244.42843	250.46785	257.28463	264.95344	273.99287	283.96475	282.02176	280.53850	261.71210	268.59633
6/26/2025	1:38:14 PM	266.37839	257.25703	246.95714	242.52775	244.92237	251.00927	257.75134	265.36833	274.50407	284.39424	282.45873	280.94551	262.09553	268.86619
6/26/2025	1:38:17 PM	266.69317	257.67282	247.46968	243.13949	245.45976	251.54121	258.20089	265.77025	275.02708	284.81186	282.89575	281.32134	262.46324	269.13753
6/26/2025	1:38:21 PM	266.99732	258.07553	247.97603	243.78693	246.12188	252.09798	258.69580	266.24486	275.62743	285.23802	283.33306	281.59939	262.84225	269.45028
6/26/2025	1:38:24 PM	267.28545	258.47322	248.50046	244.48567	246.72078	252.64839	259.21295	266.72246	276.22997	285.61199	283.74019	281.86181	263.19712	269.74544
6/26/2025	1:38:28 PM	267.55153	258.84240	248.99071	245.11867	247.24280	253.16333	259.67814	267.13232	276.77913	285.91601	284.07911	282.07470	263.51113	270.00311
6/26/2025	1:38:31 PM	267.78795	259.18561	249.44992	245.69426	247.81496	253.62624	260.09663	267.48093	277.27522	286.16928	284.36362	282.27065	263.79690	270.21819
6/26/2025	1:38:35 PM	268.00891	259.51680	249.90364	246.26132	248.33361	254.08583	260.49301	267.79558	277.71678	286.38866	284.60376	282.44141	264.06043	270.40986
6/26/2025	1:38:38 PM	268.20682	259.82196	250.32588	246.80905	248.86405	254.51812	260.85590	268.06698	278.08536	286.55559	284.78637	282.58409	264.29639	270.57707
6/26/2025	1:38:42 PM	268.38972	260.11919	250.73445	247.30383	249.27478	254.92321	261.18998	268.30452	278.40707	286.68562	284.92932	282.71090	264.50986	270.73140
6/26/2025	1:38:45 PM	268.55784	260.39457	251.11535	247.75243	249.67194	255.28861	261.49291	268.51786	278.69494	286.78456	285.03372	282.82357	264.70762	270.87297
6/26/2025	1:38:49 PM	268.71499	260.65802	251.48164	248.19589	249.99544	255.62967	261.77936	268.69918	278.91567	286.85198	285.10053	282.90678	264.88794	271.00020
6/26/2025	1:38:52 PM	268.85824	260.90480	251.83239	248.61731	250.30516	255.95978	262.04487	268.86419	279.11088	286.89641	285.14728	282.97116	265.05122	271.11584
6/26/2025	1:38:56 PM	268.99630	261.13460	252.16024	248.99370	250.65535	256.26092	262.28361	269.01378	279.29100	286.91832	285.17167	283.02082	265.19942	271.22343
6/26/2025	1:38:59 PM	269.13056	261.35511	252.47965	249.36239	250.91952	256.54622	262.51057	269.14785	279.43383	286.92025	285.17384	283.05647	265.34162	271.33521
6/26/2025	1:39:03 PM	269.26008	261.57098	252.79609	249.73116	251.15391	256.82867	262.73467	269.27492	279.54925	286.90449	285.15898	283.07661	265.47614	271.44651
6/26/2025	1:39:06 PM	269.38520	261.77772	253.10387	250.09003	251.38311	257.09687	262.94350	269.39367	279.64267	286.87381	285.13089	283.08225	265.60152	271.55066
6/26/2025	1:39:10 PM	269.50135	261.96937	253.38924	250.42446	251.61450	257.34641	263.13536	269.50814	279.71703	286.83236	285.09194	283.07631	265.71581	271.64567
6/26/2025	1:39:13 PM	269.61613	262.15663	253.67221	250.75843	251.88444	257.59274	263.32080	269.62553	279.77946	286.77878	285.04138	283.05894	265.82645	271.73921
6/26/2025	1:39:17 PM	269.73110	262.34071	253.95143	251.09087	252.18471	257.83592	263.50051	269.74371	279.83249	286.71876	284.97794	283.03201	265.93362	271.83145
6/26/2025	1:39:20 PM	269.84238	262.51579	254.21902	251.40517	252.48769	258.06487	263.66403	269.85863	279.87387	286.65953	284.91109	283.00015	266.02834	271.91929
6/26/2025	1:39:24 PM	269.95142	262.68435	254.47947	251.71295	252.78742	258.28961	263.82319	269.98202	279.90911	286.59418	284.83603	282.96161	266.12171	272.00832
6/26/2025	1:39:27 PM	270.05505	262.84074	254.72842	252.00433	253.09357	258.49939	263.96900	270.11495	279.93470	286.52112	284.75675	282.91821	266.21071	272.09327
6/26/2025	1:39:31 PM	270.15910	262.99640	254.97443	252.29155	253.37806	258.70205	264.10805	270.26058	279.95421	286.44192	284.67369	282.87353	266.29603	272.17724
6/26/2025	1:39:34 PM	270.26110	263.14111	255.21027	252.56568	253.66695	258.89676	264.23988	270.41204	279.96934	286.35709	284.58589	282.82416	266.38167	272.26205
6/26/2025	1:39:38 PM	270.36829	263.28316	255.44069	252.83419	253.93529	259.08387	264.36382	270.56381	279.97953	286.26886	284.49873	282.77353	266.46177	272.34450
6/26/2025	1:39:41 PM	270.47632	263.42008	255.66755	253.09354	254.20043	259.26548	264.48324	270.71808	279.98683	286.17673	284.40986	282.72300	266.54127	272.42709
6/26/2025	1:39:45 PM	270.58431	263.55205	255.88692	253.34614	254.45790	259.44027	264.59734	270.87045	279.98877	286.08145	284.31799	282.66862	266.61986	272.50991
6/26/2025	1:39:48 PM	270.69459	263.68146	256.10000	253.59220	254.69555	259.60810	264.70533	271.01589	279.98854	285.98595	284.22804	282.61660	266.69510	272.58882
6/26/2025	1:39:52 PM	270.80743	263.80731	256.30986	253.83085	254.93375	259.77395	264.81183	271.16384	279.98696	285.88760	284.13699	282.56255	266.77003	272.66773
6/26/2025	1:39:55 PM	270.92171	263.92712	256.51275	254.06340	255.16085	259.93324	264.91363	271.30638	279.98236	285.79210	284.04788	282.50823	266.84540	272.74357
6/26/2025	1:39:59 PM	271.04072	264.04532	256.71122	254.29164	255.37909	260.08857	265.01243	271.44850	279.97628	285.69417	283.95768	282.45387	266.91878	272.81805
6/26/2025	1:40:02 PM	271.15957	264.16178	256.90753	254.51496	255.59581	260.24090	265.10720	271.58644	279.96873	285.59864	283.86996	282.40032	266.98921	272.88886
6/26/2025	1:40:06 PM	271.27597	264.26991	257.09395	254.72849	255.79761	260.38754	265.19797	271.72415	279.95970	285.50457	283.78418	282.34715	267.06083	272.95686
6/26/2025	1:40:09 PM	271.40309	264.37948	257.28014	254.94099	256.00045	260.52976	265.28538	271.86430	279.95018	285.41236	283.69936	282.29419	267.13157	273.02433
6/26/2025	1:40:12 PM	271.53717	264.48274	257.45859	255.14678	256.20046	260.66815	265.36983	272.00432	279.94074	285.32576	283.61695	282.24343	267.20046	273.08640
6/26/2025	1:40:16 PM	271.69001	264.58354	257.64010	255.35617	256.39995	260.80999	265.45624	272.16274	279.92995	285.24035	283.53410	282.19182	267.27112	273.15027
6/26/2025	1:40:19 PM	271.85100	264.67851	257.81329	255.55626	256.59155	260.94267	265.53616	272.32211	279.91976	285.15740	283.45442	282.14151	267.34093	273.21112
6/26/2025	1:40:23 PM	272.01495	264.77049	257.98336	255.75472	256.78981	261.07526	265.61392	272.48822	279.91068	285.07394	283.37645	282.09258	267.41243	273.27306
6/26/2025	1:40:26 PM	272.18976	264.86159	258.15584	255.95271	256.98545	261.20680	265.69083	272.66059	279.90040	284.99300	283.30193	282.04463	267.48245	273.33154
6/26/2025	1:40:30 PM	272.37224	264.94783	258.32482	256.14855	257.17706	261.33606	265.76650	272.82397	279.89017	284.91292	283.22866	281.99841	267.55464	273.38888
6/26/2025	1:40:33 PM	272.53655	265.03182	258.48747	256.33750	257.36102	261.46295	265.84414	272.97300	279.88088	284.83587	283.15892	281.95279	267.62805	273.44656
6/26/2025	1:40:37 PM	272.68796	265.12125	258.65238	256.52998	257.54512	261.59047	265.92495	273.11144	279.87102	284.75914	283.09213	281.90778	267.70140	273.50223
6/26/2025	1:40:40 PM	272.82105	265.21343	258.81642	256.72094	257.72795	261.71822	266.00775	273.23420	279.86220	284.68509	283.02896	281.86464	267.77647	273.55670
6/26/2025	1:40:44 PM	272.94240	265.30769	258.97901	256.91106	257.90795	261.84631	266.09260	273.34813	279.85312	284.61132	282.97177	281.82236	267.85155	273.60985
6/26/2025	1:40:47 PM	273.05371	265.40564	259.14082	257.10037	258.08372	261.97306	266.17765	273.45133	279.84353	284.54002	282.91954	281.78138	267.92851	273.66288
6/26/2025	1:40:51 PM	273.15346	265.50267	259.29756	257.28496	258.25497	262.09816	266.26260	273.54613	279.83677	284.47514	282.87036	281.74352	268.00587	273.71495
6/26/2025	1:40:54 PM	273.24678	265.60133	259.45349	257.46919	258.42380	262.22393	266.34914	273.63482	279.82901	284.41086	282.82141	281.70651	268.08465	273.76779
6/26/2025	1:40:57 PM	273.33673	265.70444	259.61372	257.65884	258.59599	262.35379	266.44002	273.72131	279.82180	284.34702	282.77138	281.67088	268.16583	273.82126
6/26/2025	1:41:01 PM	273.42030	265.80646	259.77152	257.84644	258.76454	262.48215	266.53148	273.80292	279.81526	284.28550	282.72464	281.63612	268.24682	273.87441
6/26/2025	1:41:04 PM	273.49869	265.90687	259.92423	258.02993	258.92866	262.60937	266.62113	273.88032	279.80876	284.22773	282.68136	281.60420	268.32903	273.92676
6/26/2025	1:41:08 PM	273.57568	266.00994	260.08013	258.21749	259.09520	262.73932	266.71492	273.95629	279.80397	284.17142	282.64083	281.57514	268.41312	273.98115
6/26/2025	1:41:11 PM	273.65014	266.11374	260.23735	258.40567	259.26134	262.86993	266.80701	274.03014	279.79917	284.11680	282.60253	281.54617	268.49950	274.03636
6/26/2025	1:41:15 PM	273.72168	266.21634	260.39149	258.59168	259.42491	262.99903	266.90053	274.10130	279.79395	284.06546	282.56616	281.51938	268.58510	274.09032
6/26/2025	1:41:18 PM	273.79108	266.31876	260.54494	258.77750	259.58897	263.13066	266.99367	274.17115	279.79231	284.01566	282.53022	281.49481	268.67243	274.14641
6/26/2025	1:41:22 PM	273.85961	266.42127	260.69699	258.96160	259.75140	263.25997	267.08753	274.24101	279.78913	283.96841	282.49522	281.47165	268.76133	274.20201
6/26/2025	1:41:25 PM	273.92647	266.52390	260.84912	259.14513	259.91262	263.38931	267.18115	274.30853	279.78807	283.92524	282.46290	281.45143	268.84776	274.25727
6/26/2025	1:41:29 PM	273.99056	266.62430	260.99709	259.32398	260.07014	263.51541	267.27194	274.37436	279.78887	283.88486	282.43284	281.43364	268.93348	274.31196
6/26/2025	1:41:32 PM	274.05380	266.72314	261.14349	259.50144	260.22759	263.64260	267.36700	274.44060	279.79107	283.84683	282.40400	281.41731	269.02476	274.36920
6/26/2025	1:41:36 PM	274.11815	266.82573	261.29236	259.68205	260.38772	263.77087	267.46200	274.50800	279.79398	283.81070	282.37734	281.40241	269.11493	274.42638
6/26/2025	1:41:39 PM	274.18204	266.92726	261.44098	259.86011	260.54745	263.90043	267.55270	274.57579	279.79695	283.77628	282.35165	281.38874	269.20852	274.48504
6/26/2025	1:41:43 PM	274.24537	267.02885	261.58976	260.03804	260.70614	264.02898	267.64740	274.64268	279.80235	283.74491	282.32735	281.37856	269.30387	274.54411
6/26/2025	1:41:46 PM	274.30692	267.12797	261.73509	260.21068	260.86173	264.15483	267.74167	274.70959	279.80795	283.71588	282.30454	281.36886	269.39730	274.60342
6/26/2025	1:41:50 PM	274.36822	267.22830	261.88109	260.38433	261.01874	264.28239	267.83570	274.77628	279.81561	283.68839	282.28269	281.36080	269.49179	274.66284
6/26/2025	1:41:53 PM	274.42833	267.32586	262.02341	260.55375	261.17341	264.40773	267.93008	274.84268	279.82259	283.66266	282.26232	281.35286	269.58842	274.72329
6/26/2025	1:41:56 PM	274.48970	267.42554	262.16871	260.72488	261.33023	264.53447	268.02093	274.91044	279.83164	283.63813	282.24350	281.34718	269.68429	274.78366
6/26/2025	1:42:00 PM	274.55021	267.52541	262.31237	260.89379	261.48608	264.66080	268.11445	274.97887	279.84154	283.61611	282.22679	281.34291	269.78243	274.84586
6/26/2025	1:42:03 PM	274.61155	267.62420	262.45608	261.06068	261.64011	264.78646	268.21072	275.04508	279.85205	283.59544	282.21174	281.34023	269.87891	274.90691
6/26/2025	1:42:07 PM	274.67244	267.72351	262.60005	261.22799	261.79803	264.91633	268.30602	275.11425	279.86418	283.57721	282.19877	281.33966	269.97973	274.97020
6/26/2025	1:42:10 PM	274.73340	267.82125	262.74154	261.39105	261.95038	265.04032	268.40210	275.18096	279.87691	283.56071	282.18699	281.34031	270.07871	275.03321
6/26/2025	1:42:14 PM	274.79416	267.91955	262.88193	261.55445	262.10467	265.16635	268.49651	275.24914	279.89118	283.54646	282.17812	281.34251	270.17887	275.09571
6/26/2025	1:42:17 PM	274.85598	268.01827	263.02305	261.71604	262.25696	265.29170	268.59020	275.31542	279.90612	283.53446	282.17010	281.34649	270.27970	275.15867
6/26/2025	1:42:21 PM	274.91688	268.11710	263.16428	261.87647	262.41003	265.41711	268.68787	275.38250	279.92251	283.52308	282.16355	281.35200	270.38344	275.22382
6/26/2025	1:42:25 PM	274.97790	268.21448	263.30457	262.03492	262.56040	265.53971	268.78279	275.44883	279.93941	283.51361	282.15825	281.35752	270.48243	275.28555
6/26/2025	1:42:28 PM	275.03900	268.31251	263.44425	262.19296	262.71149	265.66385	268.87878	275.51473	279.95807	283.50615	282.15522	281.36508	270.58339	275.34983
6/26/2025	1:42:31 PM	275.09996	268.41036	263.58173	262.34733	262.85966	265.78513	268.97221	275.58016	279.97799	283.50113	282.15375	281.37437	270.68243	275.41374
6/26/2025	1:42:35 PM	275.15897	268.50507	263.71427	262.49589	263.00344	265.90416	269.06381	275.64422	279.99874	283.49753	282.15336	281.38460	270.78170	275.47667
6/26/2025	1:42:38 PM	275.22064	268.60343	263.85060	262.64728	263.14932	266.02414	269.15457	275.70970	280.01999	283.49563	282.15464	281.39620	270.88171	275.54029
6/26/2025	1:42:42 PM	275.27940	268.69883	263.98287	262.79395	263.29085	266.14062	269.24532	275.77184	280.04109	283.49418	282.15604	281.40671	270.98214	275.60307
6/26/2025	1:42:45 PM	275.33901	268.79473	264.11548	262.94252	263.43506	266.25996	269.33992	275.83641	280.06473	283.49542	282.15911	281.42034	271.08416	275.66570
6/26/2025	1:42:49 PM	275.39810	268.88948	264.24348	263.08574	263.57475	266.37472	269.43151	275.89990	280.08810	283.49730	282.16406	281.43413	271.18494	275.72928
6/26/2025	1:42:52 PM	275.45894	268.98659	264.37513	263.23228	263.71656	266.49348	269.52703	275.96458	280.11313	283.50196	282.17156	281.45061	271.28513	275.79435
6/26/2025	1:42:56 PM	275.52092	269.08594	264.50790	263.37920	263.86062	266.61240	269.61697	276.02659	280.10564	283.45407	282.12869	281.38679	271.20377	275.68620
6/26/2025	1:42:59 PM	275.43002	269.04882	264.31666	263.37734	263.93730	266.35789	269.14408	275.61294	279.79323	283.13207	281.86284	281.12044	270.17808	275.11314
6/26/2025	1:43:03 PM	275.19556	268.94620	264.04355	263.39475	263.97440	265.96142	268.55376	275.10560	279.43784	282.60173	281.40817	280.55938	269.45713	274.63858
6/26/2025	1:43:06 PM	274.80257	268.46107	263.21956	262.59358	263.43781	265.34438	267.99230	274.29813	278.54014	281.54472	280.35417	279.26611	268.95660	273.77527
6/26/2025	1:43:10 PM	274.05880	267.87503	262.69140	261.86090	262.89743	264.79566	267.11863	273.07868	277.20935	279.96541	278.84034	277.48163	267.74458	272.31043
6/26/2025	1:43:13 PM	272.88659	266.94580	261.99893	261.23047	262.23110	263.80904	265.86214	271.46673	275.46016	277.92186	276.98820	275.22841	266.02261	270.41958
6/26/2025	1:43:16 PM	271.25723	265.53820	260.94837	260.24439	261.15511	262.37736	264.21680	269.48047	273.32256	275.45544	274.74696	272.51509	263.96998	268.12006
6/26/2025	1:43:20 PM	269.43365	263.92367	259.64304	258.88630	259.70509	260.55273	262.26365	267.17559	270.90540	272.71043	272.24785	269.51703	261.75920	265.58140
6/26/2025	1:43:23 PM	267.25281	261.96942	258.01848	257.10701	257.83441	258.32480	259.97579	264.50858	268.17071	269.64749	269.45347	266.18952	259.41668	262.82294
6/26/2025	1:43:27 PM	264.88327	259.81835	256.19373	255.05709	255.73068	255.87908	257.48738	261.63529	265.25447	266.44810	266.54931	262.79320	257.01803	260.02912
6/26/2025	1:43:30 PM	262.35456	257.49450	254.18307	252.78512	253.40362	253.22400	254.83050	258.63433	262.20971	263.13122	263.49034	259.31365	254.42536	257.05645
6/26/2025	1:43:34 PM	259.69737	255.06861	252.05441	250.36455	250.93824	250.45909	252.06835	255.52715	259.07191	259.73493	260.36783	255.80293	251.64988	253.94585
6/26/2025	1:43:37 PM	256.99174	252.56713	249.84342	247.85353	248.39014	247.63492	249.24340	252.41536	255.92587	256.36143	257.23592	252.34908	248.82210	250.83261
6/26/2025	1:43:41 PM	254.26099	250.04007	247.59264	245.29385	245.79374	244.78371	246.41139	249.31677	252.77733	253.03748	254.09710	248.92798	245.89674	247.63964
6/26/2025	1:43:44 PM	251.49409	247.45025	245.25194	242.65935	243.14059	241.89555	243.53539	246.21610	249.61949	249.74379	250.97434	245.54938	242.93784	244.46912
6/26/2025	1:43:48 PM	248.72609	244.86433	242.91814	240.01623	240.46968	239.01881	240.66250	243.15915	246.49903	246.52554	247.87493	242.24103	239.99599	241.33509
6/26/2025	1:43:51 PM	245.97109	242.26761	240.54965	237.37083	237.82140	236.18904	237.84741	240.19140	243.44587	243.43778	244.87063	239.05902	237.08884	238.24279
6/26/2025	1:43:55 PM	243.25423	239.69953	238.20243	234.75290	235.19384	233.39865	235.06342	237.28606	240.44980	240.41380	241.89442	235.94297	234.19405	235.20361
6/26/2025	1:43:58 PM	240.55719	237.13623	235.85717	232.15495	232.58886	230.63412	232.30090	234.44514	237.51421	237.48883	239.02435	232.94836	231.38473	232.25871
6/26/2025	1:44:02 PM	238.00857	234.69331	233.59818	229.65561	230.08065	228.00000	229.67357	231.74801	234.71289	234.70376	236.25338	230.07034	228.62703	229.37325
6/26/2025	1:44:05 PM	235.42185	232.23210	231.32732	227.16481	227.61130	225.40188	227.06650	229.08612	231.94797	231.97959	233.55783	227.29396	225.95257	226.59363
6/26/2025	1:44:09 PM	232.98214	229.87869	229.14821	224.77363	225.23601	222.93528	224.60998	226.59134	229.35333	229.41801	231.01598	224.68586	223.40788	223.95083
6/26/2025	1:44:12 PM	230.59138	227.58599	227.02306	222.44546	222.91554	220.51872	222.17912	224.12062	226.78800	226.88436	228.48926	222.09350	220.86144	221.30865
6/26/2025	1:44:16 PM	228.14542	225.19893	224.82036	220.06588	220.57322	218.15423	219.86123	221.76417	224.29322	224.34836	225.89029	219.32132	218.39725	218.79789
6/26/2025	1:44:19 PM	225.67905	222.85225	222.75648	217.90071	218.47841	216.01400	217.66014	219.41914	221.80489	221.80320	223.36830	216.80887	216.09667	216.40298
6/26/2025	1:44:23 PM	223.28448	220.60087	220.77411	215.85922	216.51849	213.98059	215.51862	217.10574	219.30630	219.17099	220.65841	213.97415	213.46354	213.63864
6/26/2025	1:44:26 PM	220.71861	218.09997	218.37276	213.25000	213.85114	211.08560	212.49735	213.98506	216.14146	215.98874	217.48155	210.62931	210.04528	210.13938
6/26/2025	1:44:30 PM	217.61903	215.01456	215.36384	209.94512	210.51102	207.48178	208.81247	210.22802	212.39067	212.22455	213.75422	206.58793	205.88306	205.91678
6/26/2025	1:44:33 PM	213.91157	211.30264	211.73702	205.98316	206.54119	203.18039	204.45869	205.78546	208.01298	207.78593	209.39907	201.79856	201.01479	200.99592
6/26/2025	1:44:37 PM	209.68512	207.05767	207.52893	201.37429	201.90288	198.11179	199.37234	200.59187	202.87487	202.38120	204.03108	195.68846	194.90805	194.67170
6/26/2025	1:44:40 PM	204.20524	201.49943	202.03418	195.36493	195.80134	191.66942	192.82985	194.01828	196.53386	195.89664	197.91809	188.47277	187.92385	187.85017
6/26/2025	1:44:44 PM	198.24521	195.38372	196.03792	188.95841	189.45797	184.96139	186.15559	187.46401	190.08916	189.27843	191.35375	181.36252	180.94001	180.70945
6/26/2025	1:44:47 PM	192.03796	189.19881	190.00341	182.58268	183.31225	178.52158	179.82455	181.24051	183.97823	183.05697	185.25101	174.89433	174.49327	174.20183
6/26/2025	1:44:51 PM	186.22439	183.38881	184.34733	176.62945	177.58332	172.61186	174.05360	175.54172	178.27802	177.26040	179.48478	169.09157	168.60715	168.31064
6/26/2025	1:44:54 PM	180.78431	177.91246	179.03616	171.03008	172.16255	167.08806	168.64997	170.25609	172.96975	171.94671	174.11799	163.79609	163.14259	162.81050
6/26/2025	1:44:57 PM	175.56897	172.69236	174.04693	165.77535	167.07096	162.02600	163.66413	165.40279	167.97903	167.02551	169.14012	158.99386	158.18115	157.88834
6/26/2025	1:45:01 PM	170.89884	168.01901	169.63220	161.16703	162.57970	157.57325	159.28677	161.14456	163.60055	162.73550	164.74319	154.78796	153.80609	153.50727
6/26/2025	1:45:04 PM	166.53880	163.63499	165.53128	156.87456	158.42423	153.50080	155.26084	157.19407	159.47094	158.68691	160.49809	150.68802	149.72759	149.42355
6/26/2025	1:45:08 PM	162.34116	159.44602	161.74580	153.12296	155.02889	150.39690	152.20001	154.13283	156.00683	155.10518	156.61863	146.85496	146.27996	145.98944
6/26/2025	1:45:11 PM	158.44800	155.63250	158.34688	149.80575	152.01717	147.61507	149.40202	151.29381	152.83944	151.85519	153.10267	143.44751	143.10600	142.79953
6/26/2025	1:45:15 PM	154.99632	152.22858	155.32215	146.85957	149.31837	145.10174	146.86893	148.74881	150.00028	148.97708	149.99594	140.48759	140.31218	139.99063
6/26/2025	1:45:18 PM	151.87344	149.15828	152.59066	144.21371	146.85921	142.83068	144.56183	146.42850	147.43451	146.37836	147.19353	137.86071	137.77867	137.44338
6/26/2025	1:45:22 PM	149.00493	146.31635	150.04045	141.76008	144.51715	140.66926	142.26193	143.81995	144.64219	143.65881	144.09733	134.74630	135.01569	134.66439
6/26/2025	1:45:25 PM	145.72491	142.69421	146.60997	138.99712	141.43010	137.71331	140.09057	141.44174	142.16351	141.26364	141.42773	132.02974	132.69554	132.49256
6/26/2025	1:45:29 PM	143.07566	140.29823	144.54921	137.07048	139.84106	136.35002	138.48961	139.79607	140.26203	139.21460	139.12760	129.86369	130.82366	130.59242
6/26/2025	1:45:32 PM	140.77046	138.19633	142.74679	135.33934	138.37255	135.08583	136.99797	138.30982	138.49872	137.33188	137.06647	128.00826	129.09868	128.81979
6/26/2025	1:45:35 PM	138.73859	136.33119	141.11708	133.79472	136.99475	133.86451	135.60776	136.92630	136.88801	135.64595	135.24220	126.38121	127.53983	127.23980
6/26/2025	1:45:39 PM	136.92931	134.64597	139.61792	132.37786	135.70340	132.71256	134.32587	135.64878	135.43693	134.13220	133.62013	124.93872	126.14498	125.81707
6/26/2025	1:45:42 PM	135.28071	133.08445	138.19974	131.02951	134.43529	131.55938	133.06874	134.40073	134.03496	132.66960	132.07791	123.58191	124.82533	124.47964
6/26/2025	1:45:46 PM	133.77024	131.66107	136.88727	129.79575	133.25199	130.47091	131.89760	133.22818	132.74244	131.34101	130.68766	122.36179	123.63708	123.28307
6/26/2025	1:45:49 PM	132.38825	130.34426	135.66736	128.64089	132.13160	129.44179	130.79972	132.12234	131.53903	130.11091	129.41619	121.23880	122.53192	122.17133
6/26/2025	1:45:53 PM	131.10790	129.12097	134.50773	127.54834	131.05979	128.44989	129.75437	131.07302	130.40289	128.95007	128.21692	120.17530	121.49560	121.12640
6/26/2025	1:45:56 PM	129.91774	127.98086	133.42709	126.53091	130.04416	127.50155	128.75581	130.07407	129.33273	127.87058	127.11454	119.20326	120.54329	120.17786
6/26/2025	1:46:00 PM	128.84080	126.95260	132.43708	125.59941	129.11330	126.63794	127.84737	129.15989	128.35568	126.88572	126.11475	118.31470	119.66766	119.30306
6/26/2025	1:46:03 PM	127.79968	125.95194	131.46953	124.68729	128.18834	125.77421	126.94871	128.25017	127.40633	125.93006	125.14354	117.46198	118.82912	118.46279
6/26/2025	1:46:07 PM	126.83887	125.02912	130.57452	123.85360	127.33886	124.97940	126.12120	127.41165	126.52439	125.04934	124.25786	116.68447	118.06088	117.69939
6/26/2025	1:46:10 PM	125.95626	124.17568	129.73221	123.06855	126.53392	124.22548	125.33746	126.61421	125.69453	124.22267	123.42566	115.95707	117.34466	116.98841
6/26/2025	1:46:14 PM	125.12785	123.37965	128.94369	122.32777	125.76783	123.50877	124.59187	125.85691	124.90677	123.43572	122.64161	115.27188	116.66296	116.31224
6/26/2025	1:46:17 PM	124.31272	122.59433	128.15971	121.60051	125.01484	122.80316	123.86057	125.10781	124.13428	122.67675	121.88098	114.60514	116.00739	115.66256
6/26/2025	1:46:21 PM	123.54037	121.85508	127.41684	120.91032	124.29795	122.13173	123.16404	124.39963	123.40676	121.95764	121.15979	113.98054	115.38911	115.04906
6/26/2025	1:46:24 PM	122.82889	121.17285	126.72547	120.26899	123.62600	121.50142	122.50921	123.72792	122.71461	121.27080	120.47075	113.37826	114.80056	114.46429
6/26/2025	1:46:28 PM	122.12285	120.49745	126.04171	119.63299	122.95735	120.86990	121.85405	123.05481	122.02784	120.59595	119.80344	112.80148	114.23012	113.90145
6/26/2025	1:46:31 PM	121.44873	119.85373	125.38642	119.02531	122.32195	120.27436	121.23882	122.42266	121.38528	119.96177	119.17367	112.25490	113.68713	113.36335
6/26/2025	1:46:35 PM	120.80186	119.24191	124.76112	118.44957	121.71606	119.70739	120.65406	121.82328	120.77531	119.36673	118.58423	111.74575	113.18521	112.86821
6/26/2025	1:46:38 PM	120.20114	118.67078	124.16715	117.90485	121.13911	119.16527	120.09176	121.24507	120.18877	118.79437	118.01344	111.25397	112.69626	112.38279
6/26/2025	1:46:41 PM	119.62047	118.11768	123.59449	117.37710	120.58137	118.64008	119.55008	120.68707	119.62357	118.23793	117.46066	110.78325	112.22760	111.92118
6/26/2025	1:46:45 PM	119.04145	117.56783	123.02158	116.85223	120.02116	118.10866	119.00466	120.12514	119.05419	117.67971	116.90964	110.31104	111.75654	111.45950
6/26/2025	1:46:48 PM	118.48384	117.03996	122.46671	116.34626	119.48661	117.60525	118.48690	119.59403	118.52015	117.15917	116.39415	109.87075	111.31265	111.02333
6/26/2025	1:46:52 PM	117.95390	116.53559	121.93705	115.86481	118.97454	117.12136	117.98698	119.07986	118.00285	116.65297	115.89443	109.44630	110.88572	110.60535
6/26/2025	1:46:55 PM	117.44485	116.05204	121.42772	115.39951	118.47770	116.65062	117.50317	118.58184	117.49998	116.16087	115.40972	109.03197	110.46967	110.19513
6/26/2025	1:46:59 PM	116.93219	115.56461	120.91257	114.93444	117.97947	116.17686	117.01417	118.08015	116.99548	115.66794	114.92343	108.61578	110.05351	109.78652
6/26/2025	1:47:02 PM	116.43253	115.08954	120.41329	114.48103	117.49800	115.72123	116.54936	117.60302	116.51678	115.19903	114.46061	108.22191	109.65532	109.39624
6/26/2025	1:47:06 PM	115.95910	114.63994	119.93697	114.04940	117.03645	115.28400	116.09894	117.13988	116.05117	114.74314	114.01396	107.84304	109.27423	109.02485
6/26/2025	1:47:09 PM	115.49586	114.20074	119.46658	113.62489	116.58002	114.85013	115.65158	116.67935	115.58682	114.28732	113.56762	107.46311	108.89228	108.64975
6/26/2025	1:47:12 PM	115.03089	113.75725	118.99487	113.19854	116.12495	114.41702	115.20883	116.22431	115.12932	113.83816	113.12590	107.08781	108.51064	108.27523
6/26/2025	1:47:16 PM	114.57844	113.32790	118.53498	112.78428	115.67935	113.99394	114.77464	115.77879	114.68078	113.40031	112.70049	106.72869	108.14905	107.92227
6/26/2025	1:47:19 PM	114.13481	112.90929	118.08765	112.38634	115.25233	113.58880	114.35777	115.34690	114.24939	112.97879	112.28790	106.38026	107.79528	107.57456
6/26/2025	1:47:23 PM	113.71472	112.51012	117.65746	111.99834	114.83540	113.19173	113.95211	114.93201	113.83237	112.57002	111.88710	106.04250	107.45032	107.23815
6/26/2025	1:47:26 PM	113.28686	112.10558	117.22503	111.61179	114.41973	112.79510	113.54500	114.51251	113.41064	112.15723	111.48357	105.70353	107.10632	106.90176
6/26/2025	1:47:30 PM	112.87484	111.71726	116.80374	111.23482	114.01482	112.41043	113.15180	114.10734	113.00440	111.76148	111.09578	105.37626	106.77098	106.57127
6/26/2025	1:47:33 PM	112.46513	111.32886	116.38636	110.86237	113.61510	112.02884	112.75983	113.70339	112.59918	111.36686	110.71122	105.05321	106.44357	106.25049
6/26/2025	1:47:37 PM	112.06839	110.95341	115.98078	110.50087	113.22616	111.65654	112.37800	113.31104	112.20638	110.98076	110.33528	104.73835	106.12346	105.93516
6/26/2025	1:47:40 PM	111.67851	110.58240	115.57571	110.14328	112.83977	111.28980	112.00110	112.92310	111.81729	110.60073	109.96350	104.42709	105.80231	105.61941
6/26/2025	1:47:44 PM	111.29302	110.21609	115.17858	109.78855	112.45762	110.92493	111.62706	112.54000	111.43424	110.22959	109.60076	104.12266	105.49024	105.31321
6/26/2025	1:47:47 PM	110.91864	109.86204	114.79397	109.44820	112.09081	110.57474	111.26925	112.17177	111.06513	109.86948	109.25106	103.82888	105.18884	105.01726
6/26/2025	1:47:51 PM	110.54875	109.51278	114.41067	109.10903	111.72367	110.22409	110.91010	111.80255	110.69593	109.51076	108.90002	103.53482	104.88717	104.72156
6/26/2025	1:47:54 PM	110.18366	109.16492	114.03329	108.77521	111.36531	109.88167	110.56056	111.44421	110.33796	109.16326	108.56125	103.25193	104.59590	104.43493
6/26/2025	1:47:58 PM	109.82633	108.82859	113.66403	108.45034	111.01376	109.54469	110.21593	111.08993	109.98311	108.81867	108.22330	102.96897	104.30419	104.14950
6/26/2025	1:48:01 PM	109.47717	108.49748	113.30062	108.13091	110.66955	109.21468	109.87781	110.74498	109.63531	108.48160	107.89466	102.69334	104.01888	103.86848
6/26/2025	1:48:05 PM	109.13363	108.17011	112.94297	107.81598	110.33036	108.88802	109.54532	110.40406	109.29486	108.15097	107.57163	102.42406	103.73804	103.59621
6/26/2025	1:48:08 PM	108.79210	107.84623	112.58679	107.50125	109.99098	108.56181	109.21335	110.06412	108.95526	107.82204	107.24890	102.15571	103.45967	103.32359
6/26/2025	1:48:12 PM	108.45626	107.52759	112.23483	107.19335	109.65857	108.24175	108.88670	109.72678	108.61850	107.49606	106.92904	101.88868	103.18165	103.05089
6/26/2025	1:48:15 PM	108.11795	107.20649	111.88129	106.88173	109.32378	107.92020	108.56081	109.39226	108.28593	107.17375	106.61228	101.62559	102.90942	102.78417
6/26/2025	1:48:19 PM	107.79675	106.90145	111.54500	106.58825	109.00750	107.61521	108.25019	109.07486	107.97022	106.86877	106.31191	101.37591	102.65136	102.52947
6/26/2025	1:48:22 PM	107.48643	106.60544	111.21671	106.29971	108.69497	107.31264	107.94091	108.75787	107.65426	106.56224	106.01094	101.12493	102.38944	102.27108
6/26/2025	1:48:26 PM	107.16380	106.29947	110.87905	106.00481	108.37851	107.00835	107.63258	108.44296	107.34003	106.25870	105.71404	100.87815	102.13371	102.02062
6/26/2025	1:48:29 PM	106.86666	106.01623	110.56283	105.72807	108.07861	106.72007	107.33865	108.13889	107.04095	105.96986	105.42919	100.64135	101.88677	101.77835
6/26/2025	1:48:33 PM	106.55996	105.72423	110.23909	105.44568	107.77358	106.42731	107.04083	107.83451	106.73872	105.67599	105.14028	100.40067	101.63617	101.53142
6/26/2025	1:48:36 PM	106.26006	105.43891	109.92096	105.16636	107.47348	106.13739	106.74503	107.53230	106.43916	105.38752	104.85810	100.16629	101.39125	101.29183
6/26/2025	1:48:40 PM	105.96570	105.15752	109.60814	104.89403	107.18074	105.85551	106.45819	107.23772	106.14786	105.10551	104.58011	99.93617	101.15275	101.05712
6/26/2025	1:48:43 PM	105.68064	104.88691	109.30577	104.63144	106.89737	105.58170	106.17734	106.95079	105.86288	104.82822	104.30719	99.70789	100.91415	100.82233
6/26/2025	1:48:47 PM	105.39176	104.61058	108.99845	104.36331	106.60901	105.30485	105.89570	106.66243	105.57909	104.55416	104.03809	99.48409	100.68043	100.59397
6/26/2025	1:48:50 PM	105.11578	104.34730	108.70177	104.10571	106.33085	105.03707	105.62252	106.38318	105.30263	104.28640	103.77393	99.26406	100.44818	100.36685
6/26/2025	1:48:54 PM	104.83553	104.07948	108.40278	103.84569	106.05060	104.76905	105.34911	106.10209	105.02600	104.01885	103.51196	99.04544	100.21897	100.14261
6/26/2025	1:48:57 PM	104.56111	103.81824	108.11028	103.59219	105.77746	104.50622	105.07918	105.82785	104.75475	103.75475	103.25327	98.83315	99.99583	99.92474
6/26/2025	1:49:01 PM	104.29546	103.56616	107.82774	103.34875	105.51403	104.25231	104.82140	105.56367	104.49529	103.50257	103.00493	98.62626	99.78019	99.71227
6/26/2025	1:49:04 PM	104.03493	103.31860	107.54943	103.10645	105.25342	104.00183	104.56517	105.30052	104.23553	103.25307	102.76164	98.42391	99.56632	99.50259
6/26/2025	1:49:07 PM	103.77266	103.06637	107.26502	102.86235	104.98822	103.74562	104.30309	105.03499	103.97397	102.99806	102.50945	98.21745	99.34868	99.28947
6/26/2025	1:49:11 PM	103.51303	102.82012	106.98626	102.62162	104.72809	103.49559	104.04822	104.77302	103.71566	102.74744	102.26417	98.01274	99.13363	99.07729
6/26/2025	1:49:15 PM	103.25773	102.57654	106.71107	102.38583	104.47384	103.25191	103.79851	104.51893	103.46350	102.50573	102.02744	97.81816	98.92922	98.87556
6/26/2025	1:49:18 PM	103.01220	102.34042	106.44311	102.15642	104.22649	103.01508	103.55616	104.27108	103.22111	102.26962	101.79399	97.62483	98.72607	98.67598
6/26/2025	1:49:21 PM	102.76260	102.10302	106.17487	101.92532	103.97733	102.77579	103.31174	104.01969	102.97265	102.02999	101.55994	97.43028	98.52209	98.47481
6/26/2025	1:49:25 PM	102.51752	101.86762	105.90691	101.69589	103.73006	102.53809	103.06866	103.77283	102.73081	101.79671	101.33093	97.24156	98.32258	98.27919
6/26/2025	1:49:28 PM	102.27976	101.64148	105.65029	101.47598	103.49177	102.31004	102.83517	103.53261	102.49392	101.56757	101.10544	97.05484	98.12743	98.08587
6/26/2025	1:49:32 PM	102.04617	101.41883	105.39707	101.25919	103.25757	102.08434	102.60357	103.29601	102.26237	101.34404	100.88582	96.87333	97.93575	97.89629
6/26/2025	1:49:35 PM	101.81608	101.19813	105.14611	101.04168	103.02578	101.86160	102.37575	103.06307	102.03461	101.12259	100.66836	96.69258	97.74208	97.70870
6/26/2025	1:49:39 PM	101.58403	100.97374	104.89276	100.82556	102.79184	101.63982	102.14798	102.83109	101.80661	100.90099	100.44975	96.51169	97.55308	97.52063
6/26/2025	1:49:42 PM	101.35211	100.75225	104.63932	100.60883	102.55655	101.41381	101.91578	102.59253	101.57400	100.67513	100.22910	96.32588	97.35706	97.32751
6/26/2025	1:49:46 PM	101.12211	100.53129	104.38780	100.39355	102.32457	101.19164	101.68957	102.36239	101.34888	100.45780	100.01323	96.14797	97.16901	97.14381
6/26/2025	1:49:49 PM	100.89438	100.31156	104.13857	100.18115	102.09507	100.97271	101.46507	102.13239	101.12548	100.24173	99.79963	95.97171	96.98250	96.95948
6/26/2025	1:49:53 PM	100.67158	100.09867	103.89555	99.97308	101.87016	100.75630	101.24405	101.90519	100.90352	100.02599	99.58832	95.79709	96.79647	96.77709
6/26/2025	1:49:56 PM	100.45310	99.88809	103.65605	99.76874	101.64904	100.52585	101.02856	101.68619	100.68793	99.82026	99.38566	95.63048	96.61702	96.60112
6/26/2025	1:49:59 PM	100.24047	99.68279	103.42273	99.56938	101.43293	100.29223	100.81706	101.46853	100.47567	99.61335	99.18132	95.46118	96.43691	96.42251
6/26/2025	1:50:03 PM	100.02644	99.47929	103.18868	99.36746	101.21362	100.07105	100.60265	101.24887	100.26371	99.40871	98.98048	95.29517	96.25769	96.24770
6/26/2025	1:50:06 PM	99.81862	99.27780	102.95765	99.17290	101.00076	99.86297	100.39326	101.03413	100.05583	99.20735	98.77865	95.13018	96.08090	96.07535
6/26/2025	1:50:10 PM	99.60794	99.07564	102.72637	98.97470	100.78669	99.65679	100.18378	100.81863	99.84727	99.00501	98.57833	94.96635	95.90493	95.90304
6/26/2025	1:50:13 PM	99.39914	98.87604	102.49669	98.78030	100.57642	99.45596	99.97827	100.60778	99.64395	98.80728	98.38452	94.80559	95.73155	95.73370
6/26/2025	1:50:17 PM	99.19614	98.67898	102.27205	98.58828	100.36739	99.25727	99.77470	100.39921	99.44322	98.61181	98.19215	94.64665	95.56095	95.56607
6/26/2025	1:50:20 PM	98.99268	98.48472	102.04841	98.39899	100.16192	99.05977	99.57130	100.19082	99.24229	98.41610	97.99854	94.48672	95.38916	95.39819
6/26/2025	1:50:24 PM	98.79235	98.29260	101.82610	98.21005	99.95801	98.86598	99.37224	99.98638	99.04457	98.22443	97.81064	94.32961	95.22151	95.23415
6/26/2025	1:50:27 PM	98.59727	98.10514	101.61090	98.02742	99.75869	98.67714	99.17803	99.78701	98.85268	98.03680	97.62497	94.17844	95.05716	95.07381
6/26/2025	1:50:31 PM	98.40330	97.91769	101.39511	97.84390	99.56014	98.48854	98.98248	99.58736	98.66123	97.85103	97.43992	94.02700	94.89448	94.91314
6/26/2025	1:50:34 PM	98.21173	97.73155	101.18316	97.66288	99.36380	98.30233	98.78959	99.38883	98.46993	97.66706	97.25944	93.87571	94.73215	94.75370
6/26/2025	1:50:38 PM	98.02340	97.55098	100.97408	97.48612	99.17272	98.12016	98.60300	99.19679	98.28460	97.48796	97.08098	93.73007	94.57510	94.59945
6/26/2025	1:50:41 PM	97.83620	97.36939	100.76293	97.30791	98.98081	97.93395	98.41497	99.00344	98.09802	97.30743	96.90364	93.58402	94.41833	94.44367
6/26/2025	1:50:45 PM	97.65097	97.18951	100.55614	97.13341	98.79078	97.74927	98.22810	98.81182	97.91346	97.12966	96.72875	93.43927	94.26153	94.28833
6/26/2025	1:50:48 PM	97.46711	97.01248	100.35251	96.96237	98.60616	97.57112	98.04787	98.62661	97.73709	96.95845	96.55991	93.30008	94.11111	94.14129
6/26/2025	1:50:52 PM	97.29268	96.84310	100.15667	96.79566	98.42498	97.39692	97.86974	98.44361	97.56141	96.78844	96.39134	93.16015	93.96218	93.99437
6/26/2025	1:50:55 PM	97.11237	96.67049	99.95639	96.62582	98.24235	97.22218	97.69030	98.25829	97.38421	96.61633	96.22144	93.02084	93.81211	93.84718
6/26/2025	1:50:59 PM	96.93947	96.50280	99.76110	96.46067	98.06356	97.05282	97.51608	98.07827	97.21279	96.45068	96.05854	92.88565	93.66634	93.70282
6/26/2025	1:51:02 PM	96.77338	96.34099	99.57486	96.30200	97.89082	96.88803	97.34657	97.90255	97.04327	96.28638	95.89650	92.75418	93.52390	93.56264
6/26/2025	1:51:06 PM	96.60537	96.18059	99.39062	96.14983	97.72671	96.73587	97.19036	97.74247	96.89360	96.14403	95.75795	92.64500	93.40260	93.44425
6/26/2025	1:51:09 PM	96.45875	96.04093	99.22530	96.01220	97.57418	96.59164	97.03951	97.58501	96.74300	95.99800	95.61356	92.52752	93.27335	93.31512
6/26/2025	1:51:13 PM	96.30276	95.88930	99.04675	95.86102	97.40783	96.43314	96.87537	97.41358	96.57906	95.83542	95.45310	92.39545	93.13236	93.17424
6/26/2025	1:51:16 PM	96.12860	95.72118	98.85411	95.69717	97.23023	96.26415	96.70283	97.23520	96.41017	95.66980	95.28883	92.26120	92.98798	93.03283
6/26/2025	1:51:20 PM	95.94998	95.53462	98.63649	95.51227	97.05523	96.13495	96.59160	97.13255	96.28038	95.49817	95.05494	91.98349	92.82333	92.88342
6/26/2025	1:51:23 PM	95.48120	95.03177	98.19777	95.17361	96.74769	96.12517	96.64803	97.14159	96.34129	95.45458	94.68071	91.44240	92.36940	92.40339
6/26/2025	1:51:27 PM	78.78525	94.16402	97.21672	94.34410	95.92183	95.45946	96.04724	96.51936	95.69374	94.81725	94.03475	90.57658	91.82177	91.93252
6/26/2025	1:51:30 PM	78.31862	93.64588	96.80031	94.02749	95.71467	95.14398	95.70934	96.20170	95.25363	94.38710	93.62791	90.14129	91.45877	91.60984
6/26/2025	1:51:34 PM	79.22821	93.41769	96.53689	93.81334	95.55302	94.92798	95.47593	95.96706	94.94320	94.07244	93.31342	89.85800	91.17803	91.34282
6/26/2025	1:51:37 PM	79.67958	93.16922	96.28278	93.60353	95.37076	94.72445	95.26147	95.74854	94.68343	93.79822	93.03531	89.61803	90.92829	91.09621
6/26/2025	1:51:41 PM	80.10429	92.92301	96.03849	93.40458	95.19030	94.54247	95.07427	95.55928	94.47129	93.56740	92.80213	89.42404	90.72655	90.89040
6/26/2025	1:51:44 PM	80.11340	92.71133	95.82345	93.23333	95.03210	94.39223	94.92087	95.40351	94.30029	93.37152	92.60764	89.26853	90.56344	90.72213
6/26/2025	1:51:48 PM	80.08766	92.52220	95.63836	93.08593	94.89293	94.26784	94.79237	95.27125	94.16009	93.20918	92.44465	89.14742	90.43167	90.58561
6/26/2025	1:51:51 PM	80.19097	92.35586	95.47033	92.95078	94.75887	94.14851	94.66959	95.14240	94.02935	93.05733	92.29399	89.03907	90.31047	90.45987
6/26/2025	1:51:55 PM	80.34779	92.19528	95.30154	92.81203	94.61681	94.01945	94.53826	95.00532	93.89283	92.90419	92.14028	88.92890	90.18615	90.33351
6/26/2025	1:51:58 PM	80.63719	92.03542	95.12721	92.66900	94.46982	93.88358	94.40196	94.86445	93.75439	92.75171	91.99049	88.82211	90.06121	90.20660
6/26/2025	1:52:01 PM	81.11395	91.87657	94.95212	92.52276	94.31790	93.74282	94.26157	94.71972	93.61305	92.60012	91.84015	88.71466	89.93571	90.08061
6/26/2025	1:52:05 PM	81.42517	91.72237	94.77882	92.37936	94.16709	93.60189	94.12150	94.57644	93.47356	92.45306	91.69424	88.61020	89.81356	89.95866
6/26/2025	1:52:08 PM	81.94343	91.56612	94.60479	92.23526	94.01707	93.46307	93.98389	94.43467	93.33651	92.31199	91.55504	88.50883	89.69561	89.84165
6/26/2025	1:52:12 PM	82.50788	91.42158	94.43897	92.09944	93.87356	93.32710	93.84889	94.29538	93.20172	92.17333	91.41863	88.40787	89.57737	89.72473
6/26/2025	1:52:15 PM	83.07853	91.27975	94.27772	91.96335	93.73085	93.19305	93.71495	94.15883	93.07035	92.04007	91.28647	88.31250	89.46602	89.61406
6/26/2025	1:52:19 PM	83.65349	91.14044	94.11877	91.83233	93.59224	93.06237	93.58420	94.02426	92.94112	91.91092	91.15803	88.21842	89.35787	89.50784
6/26/2025	1:52:22 PM	84.25406	91.00952	93.96533	91.70792	93.45885	92.93759	93.45777	93.89500	92.81694	91.78628	91.03634	88.12718	89.25411	89.40467
6/26/2025	1:52:26 PM	85.03567	90.88050	93.81270	91.58067	93.32340	92.80839	93.32717	93.76018	92.68860	91.65744	90.90952	88.03471	89.14709	89.29918
6/26/2025	1:52:29 PM	85.84552	90.75254	93.66179	91.45746	93.19131	92.68419	93.20120	93.63051	92.56533	91.53603	90.78984	87.94622	89.04696	89.20001
6/26/2025	1:52:33 PM	86.55880	90.62979	93.51860	91.33965	93.06439	92.56425	93.08007	93.50490	92.44610	91.41850	90.67510	87.86072	88.94994	89.10337
6/26/2025	1:52:36 PM	87.15249	90.51022	93.37857	91.22359	92.93882	92.44575	92.95929	93.38063	92.32807	91.30241	90.55952	87.77625	88.85032	89.00639
6/26/2025	1:52:40 PM	87.56326	90.38722	93.23436	91.10418	92.80929	92.32294	92.83308	93.24893	92.20420	91.18086	90.44110	87.68844	88.74752	88.90539
6/26/2025	1:52:43 PM	87.80501	90.26711	93.08984	90.98404	92.67685	92.19569	92.70333	93.11292	92.07762	91.05699	90.31764	87.59657	88.64042	88.80021
6/26/2025	1:52:47 PM	87.95069	90.13952	92.93891	90.85823	92.53965	92.06412	92.56996	92.97516	91.94889	90.93016	90.19308	87.50177	88.53187	88.69326
6/26/2025	1:52:50 PM	88.03992	90.01264	92.78765	90.73327	92.40446	91.93559	92.43841	92.83819	91.82054	90.80627	90.07079	87.40880	88.42513	88.58797
6/26/2025	1:52:54 PM	88.08775	89.88930	92.64393	90.61341	92.27487	91.81303	92.31271	92.70927	91.69940	90.68964	89.95615	87.32240	88.32446	88.48912
6/26/2025	1:52:57 PM	88.11565	89.77728	92.51071	90.50336	92.15350	91.69805	92.19540	92.58696	91.58558	90.58129	89.85015	87.24212	88.23005	88.39482
6/26/2025	1:53:01 PM	88.14414	89.66562	92.37723	90.39199	92.03174	91.58234	92.07631	92.46305	91.47069	90.47098	89.74086	87.15983	88.13394	88.30024
6/26/2025	1:53:04 PM	88.16917	89.55579	92.24482	90.28343	91.91088	91.46837	91.95902	92.34088	91.35707	90.36243	89.63504	87.08327	88.04131	88.20723
6/26/2025	1:53:08 PM	88.18690	89.44906	92.11534	90.17658	91.79323	91.35711	91.84411	92.22033	91.24648	90.25787	89.53251	87.00745	87.95153	88.11817
6/26/2025	1:53:11 PM	88.19265	89.34741	91.99202	90.07522	91.68008	91.25067	91.73437	92.10524	91.14114	90.15869	89.43568	86.93661	87.86735	88.03212
6/26/2025	1:53:15 PM	88.19120	89.24726	91.87026	89.97514	91.56993	91.14640	91.62551	91.99111	91.03584	90.05813	89.33741	86.86486	87.78208	87.94726
6/26/2025	1:53:18 PM	88.17965	89.14775	91.75088	89.87780	91.46017	91.04320	91.51843	91.87932	90.93433	89.96136	89.24344	86.79594	87.70063	87.86471
6/26/2025	1:53:22 PM	88.16261	89.05110	91.63326	89.78247	91.35317	90.94189	91.41343	91.76823	90.83261	89.86360	89.14923	86.72592	87.61783	87.78155
6/26/2025	1:53:25 PM	88.13626	88.95290	91.51440	89.68345	91.24358	90.83863	91.30565	91.65531	90.73060	89.76681	89.05403	86.65703	87.53554	87.69831
6/26/2025	1:53:29 PM	88.10454	88.85784	91.39685	89.58762	91.13543	90.73558	91.19856	91.54286	90.62861	89.67040	88.96025	86.58682	87.45497	87.61684
6/26/2025	1:53:32 PM	88.06725	88.76772	91.28714	89.49599	91.03429	90.63939	91.09926	91.43844	90.53377	89.58051	88.87251	86.52143	87.37847	87.53930
6/26/2025	1:53:36 PM	88.02946	88.67672	91.17596	89.40427	90.93076	90.54061	90.99649	91.32980	90.43532	89.48599	88.78010	86.45340	87.29826	87.45795
6/26/2025	1:53:39 PM	87.98419	88.58542	91.06105	89.30847	90.82404	90.43997	90.89083	91.21835	90.33527	89.39108	88.68740	86.38496	87.21901	87.37758
6/26/2025	1:53:43 PM	87.93652	88.49272	90.95182	89.21815	90.72341	90.34454	90.79231	91.11513	90.24176	89.30281	88.60182	86.32109	87.14516	87.30190
6/26/2025	1:53:46 PM	87.89095	88.40360	90.84423	89.12945	90.62358	90.24976	90.69317	91.01052	90.14731	89.21185	88.51262	86.25647	87.06803	87.22346
6/26/2025	1:53:50 PM	87.84103	88.31629	90.73509	89.03900	90.52341	90.15322	90.59172	90.90380	90.05133	89.12070	88.42351	86.18996	86.99063	87.14507
6/26/2025	1:53:53 PM	87.78636	88.22606	90.62572	88.94871	90.42216	90.05810	90.49379	90.80116	89.95823	89.03250	88.33830	86.12603	86.91539	87.06877
6/26/2025	1:53:57 PM	87.73368	88.14181	90.52101	88.86173	90.32349	89.96499	90.39610	90.69852	89.86555	88.94468	88.25235	86.06078	86.83925	86.99139
6/26/2025	1:54:00 PM	87.67746	88.05427	90.41596	88.77353	90.22509	89.86968	90.29727	90.59420	89.77081	88.85402	88.16474	85.99501	86.76525	86.91415
6/26/2025	1:54:04 PM	87.61825	87.96530	90.30899	88.68319	90.12352	89.77396	90.19936	90.49281	89.68085	88.76886	88.08011	85.93096	86.69027	86.83731
6/26/2025	1:54:07 PM	87.56086	87.87856	90.20367	88.59500	90.02437	89.68283	90.10420	90.39462	89.59186	88.68422	87.99861	85.86944	86.61698	86.76262
6/26/2025	1:54:11 PM	87.50378	87.79569	90.10278	88.51018	89.92839	89.59209	90.01099	90.29615	89.50492	88.60260	87.91738	85.80833	86.54533	86.68919
6/26/2025	1:54:14 PM	87.44628	87.71565	90.00574	88.42980	89.83768	89.50609	89.92220	90.20363	89.42131	88.52370	87.84054	85.74997	86.47685	86.61877
6/26/2025	1:54:17 PM	87.39194	87.63891	89.91184	88.35041	89.74732	89.42128	89.83359	90.10998	89.33804	88.44359	87.76307	85.69112	86.40844	86.54817
6/26/2025	1:54:21 PM	87.33326	87.55946	89.81337	88.26817	89.65632	89.33383	89.74254	90.01496	89.25281	88.36323	87.68524	85.63301	86.33998	86.47841
6/26/2025	1:54:24 PM	87.27495	87.48282	89.71977	88.18929	89.56715	89.24915	89.65401	89.92188	89.16976	88.28542	87.61012	85.57534	86.27257	86.40964
6/26/2025	1:54:28 PM	87.21745	87.40596	89.62675	88.11075	89.47917	89.16530	89.56627	89.82997	89.08685	88.20728	87.53359	85.51742	86.20523	86.34128
6/26/2025	1:54:31 PM	87.15806	87.33104	89.53259	88.03231	89.38998	89.07979	89.47685	89.73591	89.00275	88.12676	87.45531	85.45775	86.13686	86.27110
6/26/2025	1:54:35 PM	87.09826	87.25506	89.43839	87.95305	89.30163	88.99632	89.39075	89.64490	88.92129	88.05060	87.38139	85.40244	86.07121	86.20357
6/26/2025	1:54:38 PM	87.04167	87.18039	89.34860	87.87797	89.21604	88.91395	89.30506	89.55534	88.84130	87.97490	87.30783	85.34623	86.00609	86.13712
6/26/2025	1:54:42 PM	86.98338	87.10755	89.25956	87.80201	89.13036	88.83108	89.21824	89.46413	88.75926	87.89746	87.23219	85.28872	85.93997	86.06922
6/26/2025	1:54:45 PM	86.92423	87.03493	89.17221	87.72789	89.04697	88.75230	89.13657	89.37890	88.68286	87.82555	87.16321	85.23609	85.87858	86.00710
6/26/2025	1:54:49 PM	86.87015	86.96696	89.09038	87.65840	88.96716	88.67618	89.05671	89.29367	88.60742	87.75483	87.09488	85.18365	85.81788	85.94485
6/26/2025	1:54:52 PM	86.81374	86.89832	89.00721	87.58905	88.88863	88.60020	88.97714	89.21018	88.53256	87.68300	87.02548	85.13108	85.75707	85.88257
6/26/2025	1:54:55 PM	86.75490	86.82867	88.92136	87.51602	88.80665	88.52334	88.89617	89.12525	88.45631	87.61330	86.95818	85.07960	85.69777	85.82157
6/26/2025	1:54:59 PM	86.70119	86.76372	88.84185	87.44823	88.72959	88.44909	88.81869	89.04336	88.38319	87.54457	86.89131	85.02985	85.63850	85.76120
6/26/2025	1:55:02 PM	86.64695	86.69705	88.75994	87.38029	88.65252	88.37505	88.74102	88.96180	88.31013	87.47519	86.82453	84.97879	85.57952	85.70138
6/26/2025	1:55:06 PM	86.59151	86.62944	88.67821	87.31176	88.57557	88.30134	88.66416	88.88108	88.23810	87.40879	86.75994	84.93004	85.52333	85.64354
6/26/2025	1:55:09 PM	86.53763	86.56652	88.60001	87.24471	88.50007	88.22940	88.58878	88.80178	88.16674	87.34104	86.69597	84.88140	85.46536	85.58458
6/26/2025	1:55:13 PM	86.48260	86.50355	88.52097	87.17812	88.42434	88.15652	88.51359	88.72183	88.09565	87.27444	86.63141	84.83230	85.40780	85.52574
6/26/2025	1:55:16 PM	86.42660	86.43906	88.44258	87.11250	88.34937	88.08419	88.43770	88.64293	88.02533	87.20917	86.56817	84.78398	85.35187	85.46881
6/26/2025	1:55:20 PM	86.37513	86.37950	88.36856	87.04967	88.27873	88.01644	88.36599	88.56692	87.95703	87.14489	86.50561	84.73670	85.29610	85.41256
6/26/2025	1:55:23 PM	86.31907	86.31555	88.29109	86.98312	88.20354	87.94415	88.29087	88.48752	87.88555	87.07817	86.44132	84.68685	85.23848	85.35392
6/26/2025	1:55:27 PM	86.26242	86.25316	88.21386	86.91770	88.12988	87.87420	88.21826	88.41167	87.81818	87.01456	86.38139	84.64072	85.18438	85.29845
6/26/2025	1:55:30 PM	86.21067	86.19464	88.14146	86.85702	88.06039	87.80647	88.14719	88.33671	87.75169	86.95315	86.32137	84.59489	85.13131	85.24481
6/26/2025	1:55:34 PM	86.15591	86.13297	88.06708	86.79394	87.98909	87.73853	88.07616	88.26177	87.68478	86.89014	86.26152	84.54904	85.07843	85.19080
6/26/2025	1:55:37 PM	86.10515	86.07638	87.99767	86.73426	87.92189	87.67384	88.00860	88.19073	87.62123	86.83081	86.20433	84.50637	85.02771	85.13915
6/26/2025	1:55:41 PM	86.05386	86.01952	87.92658	86.67327	87.85299	87.60808	87.93985	88.11781	87.55668	86.76991	86.14515	84.46061	84.97468	85.08480
6/26/2025	1:55:44 PM	85.99944	85.96093	87.85371	86.61175	87.78493	87.54190	87.87129	88.04566	87.49134	86.70860	86.08660	84.41572	84.92210	85.03244
6/26/2025	1:55:48 PM	85.94875	85.90512	87.78585	86.55311	87.71780	87.47833	87.80378	87.97550	87.42891	86.65109	86.03078	84.37391	84.87251	84.98194
6/26/2025	1:55:51 PM	85.89930	85.84894	87.71722	86.49526	87.65207	87.41413	87.73707	87.90496	87.36616	86.59208	85.97494	84.33055	84.82235	84.93154
6/26/2025	1:55:55 PM	85.84966	85.79439	87.65152	86.43907	87.58762	87.35202	87.67243	87.83692	87.30487	86.53544	85.92037	84.28799	84.77341	84.88162
6/26/2025	1:55:58 PM	85.79951	85.74149	87.58408	86.38193	87.52414	87.29132	87.60856	87.77019	87.24499	86.47882	85.86638	84.24671	84.72456	84.83200
6/26/2025	1:56:02 PM	85.75002	85.68756	87.51710	86.32481	87.46045	87.22976	87.54338	87.70198	87.18361	86.42181	85.81086	84.20377	84.67604	84.78144
6/26/2025	1:56:05 PM	85.69986	85.63355	87.45022	86.26686	87.39485	87.16741	87.47918	87.63609	87.12523	86.36751	85.75832	84.16368	84.62883	84.73414
6/26/2025	1:56:09 PM	85.65087	85.58033	87.38465	86.21112	87.33321	87.10938	87.41943	87.57389	87.06994	86.31631	85.70876	84.12463	84.58293	84.68777
6/26/2025	1:56:12 PM	85.60428	85.52925	87.32151	86.15640	87.27055	87.05016	87.35783	87.50933	87.01253	86.26182	85.65609	84.08346	84.53487	84.63915
6/26/2025	1:56:16 PM	85.55459	85.47254	87.25439	86.09899	87.20603	86.98861	87.29483	87.44273	86.95301	86.20624	85.60183	84.04208	84.48672	84.59019
6/26/2025	1:56:19 PM	85.50612	85.42123	87.19052	86.04556	87.14678	86.93156	87.23545	87.38210	86.89841	86.15596	85.55254	84.00485	84.44291	84.54607
6/26/2025	1:56:23 PM	85.46138	85.37489	87.13094	85.99401	87.08763	86.87494	87.17652	87.31975	86.84209	86.10380	85.50240	83.96528	84.39681	84.49941
6/26/2025	1:56:26 PM	85.41449	85.32537	87.06937	85.94138	87.02806	86.81754	87.11674	87.25708	86.78709	86.05181	85.45299	83.92739	84.35403	84.45510
6/26/2025	1:56:30 PM	85.36756	85.27768	87.00917	85.89097	86.97047	86.76261	87.06051	87.19793	86.73438	86.00277	85.40576	83.89163	84.31098	84.41228
6/26/2025	1:56:33 PM	85.32420	85.23128	86.95312	85.84278	86.91544	86.70936	87.00400	87.13874	86.68117	85.95299	85.35820	83.85401	84.26713	84.36767
6/26/2025	1:56:36 PM	85.27695	85.18001	86.89235	85.78987	86.85601	86.65215	86.94466	87.07641	86.62627	85.90176	85.30790	83.81590	84.22299	84.32306
6/26/2025	1:56:40 PM	85.23273	85.13343	86.83493	85.74156	86.80148	86.60044	86.89101	87.02036	86.57614	85.85502	85.26335	83.78208	84.18328	84.28272
6/26/2025	1:56:43 PM	85.19237	85.09034	86.78018	85.69498	86.74858	86.54888	86.83726	86.96345	86.52511	85.80719	85.21703	83.74624	84.14170	84.24072
6/26/2025	1:56:47 PM	85.14772	85.04505	86.72125	85.64520	86.69227	86.49510	86.78065	86.90508	86.47257	85.75798	85.17044	83.71002	84.09903	84.19761
6/26/2025	1:56:50 PM	85.10397	85.00192	86.66732	85.59813	86.63853	86.44450	86.72745	86.84931	86.42325	85.71170	85.12542	83.67559	84.06001	84.15787
6/26/2025	1:56:54 PM	85.06261	84.95996	86.61332	85.55253	86.58647	86.39398	86.67544	86.79385	86.37388	85.66621	85.08202	83.64150	84.02053	84.11787
6/26/2025	1:56:57 PM	85.02066	84.91691	86.55961	85.50531	86.53335	86.34189	86.62137	86.73680	86.32256	85.61737	85.03572	83.60595	83.97911	84.07654
6/26/2025	1:57:01 PM	84.97695	84.86989	86.50467	85.45884	86.48089	86.29172	86.56913	86.68288	86.27393	85.57327	84.99243	83.57235	83.94090	84.03727
6/26/2025	1:57:04 PM	84.93786	84.82734	86.45267	85.41435	86.43095	86.24424	86.51871	86.63032	86.22722	85.52963	84.95065	83.53944	83.90293	83.99908
6/26/2025	1:57:08 PM	84.89780	84.78547	86.39921	85.36929	86.37972	86.19456	86.46723	86.57567	86.17835	85.48353	84.90651	83.50505	83.86342	83.95895
6/26/2025	1:57:11 PM	84.85601	84.74447	86.34773	85.32416	86.32937	86.14596	86.41723	86.52428	86.13189	85.44030	84.86469	83.47302	83.82635	83.92218
6/26/2025	1:57:15 PM	84.81647	84.70491	86.29762	85.28104	86.28053	86.09990	86.36847	86.47315	86.08656	85.39794	84.82470	83.44088	83.78901	83.88451
6/26/2025	1:57:18 PM	84.77657	84.66562	86.24781	85.23725	86.23070	86.05064	86.31805	86.41996	86.03830	85.35280	84.78134	83.40829	83.75089	83.84590
6/26/2025	1:57:22 PM	84.73633	84.62331	86.19690	85.19341	86.18156	86.00341	86.26871	86.36802	85.99232	85.30986	84.73960	83.37542	83.71294	83.80794
6/26/2025	1:57:25 PM	84.69735	84.58132	86.14822	85.15098	86.13397	85.95803	86.22123	86.31888	85.94803	85.26916	84.70085	83.34531	83.67860	83.77301
6/26/2025	1:57:29 PM	84.66032	84.54334	86.10001	85.11050	86.08799	85.91345	86.17408	86.26969	85.90359	85.22742	84.66091	83.31417	83.64270	83.73663
6/26/2025	1:57:32 PM	84.62175	84.50342	86.05139	85.06812	86.04044	85.86734	86.12705	86.22002	85.85925	85.18609	84.62168	83.28282	83.60723	83.70137
6/26/2025	1:57:36 PM	84.58397	84.46663	86.00556	85.02869	85.99515	85.82446	86.08179	86.17328	85.81770	85.14718	84.58446	83.25457	83.57370	83.66762
6/26/2025	1:57:39 PM	84.54933	84.43264	85.96128	84.99075	85.95270	85.78286	86.03886	86.12794	85.77610	85.10857	84.54803	83.22638	83.54119	83.63483
6/26/2025	1:57:43 PM	84.51278	84.39601	85.91585	84.95163	85.90777	85.73929	85.99247	86.07861	85.73229	85.06756	84.50775	83.19466	83.50540	83.59876
6/26/2025	1:57:46 PM	84.47530	84.35604	85.87149	84.91108	85.86243	85.69573	85.94759	86.03236	85.69075	85.02811	84.47087	83.16615	83.47203	83.56508
6/26/2025	1:57:50 PM	84.44010	84.32046	85.82668	84.87296	85.81924	85.65402	85.90376	85.98659	85.64931	84.98987	84.43437	83.13726	83.43895	83.53169
6/26/2025	1:57:53 PM	84.40450	84.28478	85.78133	84.83371	85.77532	85.61178	85.85951	85.93986	85.60743	84.95117	84.39717	83.10735	83.40529	83.49759
6/26/2025	1:57:57 PM	84.36886	84.24931	85.73655	84.79615	85.73319	85.57118	85.81741	85.89606	85.56887	84.91504	84.36338	83.08129	83.37459	83.46653
6/26/2025	1:58:00 PM	84.33589	84.21733	85.69613	84.76149	85.69387	85.53259	85.77756	85.85441	85.53108	84.87996	84.32965	83.05559	83.34439	83.43611
6/26/2025	1:58:04 PM	84.30484	84.18522	85.65551	84.72525	85.65252	85.49293	85.73472	85.81001	85.49123	84.84268	84.29313	83.02746	83.31261	83.40395
6/26/2025	1:58:07 PM	84.26929	84.14831	85.61161	84.68739	85.60913	85.45094	85.69160	85.76415	85.44990	84.80415	84.25679	82.99868	83.27966	83.37050
6/26/2025	1:58:11 PM	84.23378	84.11287	85.57030	84.65144	85.56945	85.41269	85.65180	85.72293	85.41219	84.76974	84.22417	82.97311	83.24974	83.34076
6/26/2025	1:58:14 PM	84.20248	84.08209	85.53081	84.61678	85.53027	85.37535	85.61237	85.68251	85.37589	84.73572	84.19184	82.94695	83.21979	83.31152
6/26/2025	1:58:18 PM	84.16985	84.04953	85.48819	84.58063	85.49039	85.33566	85.57155	85.63978	85.33736	84.69965	84.15750	82.92099	83.18991	83.28120
6/26/2025	1:58:21 PM	84.13726	84.01838	85.44958	84.54705	85.45136	85.29833	85.53283	85.59845	85.30081	84.66582	84.12554	82.89566	83.16106	83.25123
6/26/2025	1:58:25 PM	84.10691	83.98590	85.41164	84.51339	85.41385	85.26174	85.49458	85.55917	85.26529	84.63272	84.09305	82.87098	83.13263	83.22263
6/26/2025	1:58:28 PM	84.07675	83.95567	85.37265	84.47995	85.37634	85.22581	85.45646	85.51867	85.22871	84.59872	84.06098	82.84577	83.10294	83.19297
6/26/2025	1:58:32 PM	84.04373	83.92280	85.33280	84.44549	85.33759	85.18779	85.41822	85.47850	85.19249	84.56411	84.02842	82.82059	83.07385	83.16389
6/26/2025	1:58:35 PM	84.01341	83.89294	85.29577	84.41302	85.30114	85.15330	85.38102	85.43958	85.15770	84.53258	83.99817	82.79674	83.04657	83.13693
6/26/2025	1:58:39 PM	83.98415	83.86281	85.25872	84.38181	85.26520	85.11848	85.34489	85.40168	85.12316	84.50038	83.96762	82.77314	83.01954	83.10863
6/26/2025	1:58:42 PM	83.95430	83.83188	85.22101	84.34881	85.22774	85.08167	85.30676	85.36165	85.08784	84.46715	83.93520	82.74799	82.99037	83.08026
6/26/2025	1:58:46 PM	83.92319	83.80134	85.18398	84.31567	85.19099	85.04621	85.27007	85.32331	85.05287	84.43526	83.90461	82.72384	82.96320	83.05230
6/26/2025	1:58:49 PM	83.89384	83.77317	85.14824	84.28540	85.15668	85.01240	85.23543	85.28730	85.02092	84.40525	83.87633	82.70106	82.93737	83.02695
6/26/2025	1:58:53 PM	83.86651	83.74575	85.11533	84.25634	85.12404	84.98137	85.20233	85.25303	84.98982	84.37612	83.84945	82.67986	82.91265	83.00202
6/26/2025	1:58:56 PM	83.83851	83.71714	85.08010	84.22573	85.08957	84.94704	85.16678	85.21551	84.95619	84.34478	83.81897	82.65609	82.88561	82.97483
6/26/2025	1:58:59 PM	83.80915	83.68753	85.04469	84.19451	85.05407	84.91335	85.13218	85.17934	84.92320	84.31424	83.78904	82.63327	82.85959	82.94860
6/26/2025	1:59:03 PM	83.78207	83.65922	85.01063	84.16549	85.02167	84.88170	85.09944	85.14526	84.89303	84.28615	83.76260	82.61265	82.83463	82.92356
6/26/2025	1:59:06 PM	83.75565	83.63336	84.97768	84.13566	84.98871	84.84957	85.06643	85.11146	84.86216	84.25708	83.73526	82.59086	82.80973	82.89889
6/26/2025	1:59:10 PM	83.72824	83.60702	84.94273	84.10547	84.95466	84.81685	85.03158	85.07479	84.82925	84.22619	83.70604	82.56823	82.78334	82.87235
6/26/2025	1:59:13 PM	83.70036	83.57832	84.90874	84.07564	84.92156	84.78463	84.99825	85.04053	84.79862	84.19794	83.67871	82.54640	82.75874	82.84747
6/26/2025	1:59:17 PM	83.67397	83.55090	84.87495	84.04737	84.89000	84.75374	84.96645	85.00791	84.76880	84.17059	83.65270	82.52597	82.73512	82.82376
6/26/2025	1:59:20 PM	83.64870	83.52428	84.84451	84.02068	84.85873	84.72414	84.93432	84.97665	84.73183	84.12526	83.60259	81.44695	82.61563	82.75824
6/26/2025	1:59:24 PM	81.96694	83.24039	84.44537	83.59095	84.14581	83.88780	84.15838	84.05590	83.90922	80.38662	77.09525	77.02271	81.72081	80.75205
6/26/2025	1:59:27 PM	76.97885	82.49068	83.76937	82.91947	83.44088	83.28919	83.62980	83.63533	83.59822	80.50112	77.07048	77.04967	81.46181	81.00382
6/26/2025	1:59:31 PM	76.99501	82.33448	83.60408	82.84738	83.49375	83.32213	83.57763	83.62834	83.51587	81.22863	77.07660	77.06993	81.34723	81.07051
6/26/2025	1:59:34 PM	77.00781	82.21487	83.47879	82.76476	83.47864	83.30187	83.54212	83.59618	83.43097	81.69086	77.08573	77.09003	81.24197	81.05484
