12/9/2024	4:58:40 PM	76.26868	76.14682	76.34354	76.54934	76.26379	76.42286	76.40412	76.34011	76.28215	76.36353	76.28675	76.45100	76.33998	76.29487
12/9/2024	4:58:43 PM	76.26855	76.14645	76.34356	76.54923	76.26373	76.42277	76.40458	76.34064	76.28229	76.36389	76.28714	76.45162	76.34012	76.29465
12/9/2024	4:58:47 PM	76.26831	76.14661	76.34346	76.54907	76.26336	76.42235	76.40431	76.34106	76.28264	76.36444	76.28733	76.45160	76.34044	76.29463
12/9/2024	4:58:50 PM	76.26856	76.14690	76.34352	76.54927	76.26374	76.42248	76.40416	76.34040	76.28277	76.36432	76.28783	76.45156	76.34005	76.29415
12/9/2024	4:58:54 PM	76.26888	76.14671	76.34376	76.54939	76.26384	76.42257	76.40424	76.34134	76.28258	76.36489	76.28777	76.45209	76.34036	76.29497
12/9/2024	4:58:57 PM	76.26879	76.14697	76.34375	76.54931	76.26360	76.42209	76.40458	76.34082	76.28285	76.36445	76.28814	76.45177	76.34034	76.29493
12/9/2024	4:59:00 PM	76.26862	76.14690	76.34404	76.54918	76.26389	76.42283	76.40446	76.34091	76.28301	76.36479	76.28763	76.45164	76.34038	76.29502
12/9/2024	4:59:04 PM	76.26832	76.14683	76.34389	76.54909	76.26408	76.42261	76.40446	76.34116	76.28335	76.36492	76.28813	76.45185	76.34047	76.29501
12/9/2024	4:59:07 PM	76.26814	76.14498	76.33902	76.54782	76.26011	76.41834	76.39780	76.33481	76.27174	76.35365	76.27977	76.44166	76.32900	76.28759
12/9/2024	4:59:11 PM	76.25738	76.13465	76.33704	76.53614	76.25338	76.41346	76.46501	76.33520	76.31107	76.39932	76.36970	76.52638	76.38164	76.40867
12/9/2024	4:59:14 PM	76.41958	76.33199	76.54858	76.84553	76.57650	76.62284	76.58215	76.58306	76.53923	76.63331	76.58741	76.72360	76.60378	76.64067
12/9/2024	4:59:18 PM	76.64982	76.54467	76.81121	77.05694	76.71542	76.81107	76.80828	76.83975	76.82076	76.87397	76.78929	76.89157	76.76296	76.75443
12/9/2024	4:59:21 PM	76.65648	76.50216	76.71717	76.98217	76.65444	76.83648	76.88515	76.88560	76.79837	76.85592	76.74907	76.86739	76.73407	76.66623
12/9/2024	4:59:25 PM	76.66280	76.50957	76.72218	76.94040	76.64851	76.82041	76.84686	76.85706	76.80913	76.91800	76.76659	76.86847	76.77748	76.73547
12/9/2024	4:59:28 PM	76.66109	76.53514	76.72985	76.94876	76.66411	76.84934	76.89203	76.90721	77.02143	77.18280	76.95800	76.93577	76.92240	76.85303
12/9/2024	4:59:31 PM	76.74940	76.61640	76.80036	77.03471	76.71632	76.88206	76.95986	77.17434	77.52808	77.80095	77.32189	77.11592	77.23490	77.21540
12/9/2024	4:59:35 PM	76.88687	76.77813	76.98421	77.22839	76.85875	77.02579	77.14075	80.29338	84.50499	81.52053	78.20400	77.35906	77.49250	77.80204
12/9/2024	4:59:38 PM	77.05688	76.94066	77.16349	77.67506	77.03448	77.25041	78.18842	85.19346	89.64709	88.17882	84.49276	77.78957	81.80904	81.43707
12/9/2024	4:59:42 PM	77.32345	77.15278	77.39363	80.09605	77.31795	77.79738	83.68177	88.27014	93.50441	91.57204	87.69872	82.07605	84.03466	84.05894
12/9/2024	4:59:45 PM	79.87786	77.80287	78.25316	81.81086	79.07369	81.66463	85.59619	91.55384	96.42735	94.93526	90.62659	84.19361	85.58094	86.00895
12/9/2024	4:59:49 PM	83.95832	84.03605	82.35347	82.88900	83.37459	83.66069	87.55951	94.57861	99.40588	99.01320	93.96721	85.98510	87.31644	87.67841
12/9/2024	4:59:52 PM	85.48554	86.14333	84.19596	83.81888	84.93347	85.11372	89.91169	97.91627	102.91160	102.63417	97.06527	87.42328	89.35043	89.61881
12/9/2024	4:59:55 PM	86.65743	87.98024	85.50681	85.12551	86.47591	86.33491	92.03589	101.60280	106.04010	106.41543	100.39793	89.36123	91.60161	91.32422
12/9/2024	4:59:59 PM	88.15660	89.89090	86.92252	85.87557	87.89608	87.84548	94.47955	105.18862	108.88484	110.65602	103.77606	91.74417	93.91812	93.42198
12/9/2024	5:00:02 PM	89.27843	91.75619	88.21124	87.22842	89.52874	89.13402	96.71034	107.87651	112.59327	114.94728	106.55750	93.16799	96.02122	95.87632
12/9/2024	5:00:06 PM	90.88642	93.58111	89.26897	88.79349	90.80843	90.85794	98.62685	111.50259	116.66144	118.85907	109.89072	95.51757	98.21478	98.02220
12/9/2024	5:00:09 PM	91.94618	95.41150	90.67964	90.08310	92.08915	92.65994	99.92943	113.30499	118.87021	122.17621	112.40113	97.53982	100.16778	99.38501
12/9/2024	5:00:13 PM	93.92111	96.34435	91.35549	90.65333	92.46147	94.12055	101.09492	114.80948	121.76279	125.45105	115.08648	100.61117	103.52594	101.97057
12/9/2024	5:00:16 PM	96.62112	97.76737	93.64407	92.34584	93.20405	96.50131	102.96027	117.82789	125.21548	129.48352	118.71861	102.80223	104.55535	103.06944
12/9/2024	5:00:19 PM	98.80488	98.87462	94.39045	93.19596	94.72936	98.22456	104.73069	121.93968	129.98490	133.65469	122.19586	105.30875	106.77123	104.83184
12/9/2024	5:00:23 PM	100.85518	100.22517	95.47021	94.30156	96.58158	99.96305	106.58946	125.67158	134.17278	137.35291	125.98564	108.11628	109.90496	106.99440
12/9/2024	5:00:26 PM	103.12635	102.73311	97.37387	95.29164	98.76640	101.84410	108.31009	129.49727	138.28841	140.78153	129.71265	110.70856	112.73703	109.06281
12/9/2024	5:00:30 PM	105.40779	105.06640	99.02058	96.80941	100.98000	103.96273	110.62098	132.99321	142.23276	144.11020	133.71015	113.78706	116.52205	111.60630
12/9/2024	5:00:33 PM	107.88428	107.40392	101.32861	98.20144	103.41754	106.46910	113.25984	136.67868	145.68655	147.89988	137.72648	117.29380	119.63015	114.33171
12/9/2024	5:00:37 PM	110.31651	109.76646	102.99393	100.02432	105.33510	108.81232	115.42743	139.54327	149.70381	151.49697	141.05733	122.07170	125.21198	119.31715
12/9/2024	5:00:40 PM	115.63327	113.94866	107.51028	104.24855	109.92403	112.85053	119.46101	143.13414	153.93434	155.04176	144.43364	124.72048	127.27521	120.97955
12/9/2024	5:00:44 PM	117.07326	115.63911	108.47408	104.63934	111.57765	114.95590	121.68713	147.45605	157.76993	159.02203	148.70385	127.81199	130.13997	123.11057
12/9/2024	5:00:47 PM	119.79891	118.22840	110.09695	107.12093	114.20320	117.54947	124.42850	150.81148	161.43511	160.57407	148.40641	127.86936	129.67869	120.09191
12/9/2024	5:00:51 PM	118.13894	118.99671	112.21893	108.31489	114.39229	114.91816	122.70132	143.54272	152.74420	153.14559	142.02104	126.86819	126.90957	114.79402
12/9/2024	5:00:54 PM	117.63848	117.96725	112.64903	108.88038	115.64086	115.59948	123.96135	141.73932	149.48381	150.73742	141.00021	127.28024	127.13647	115.86921
12/9/2024	5:00:57 PM	120.19810	118.90254	112.51282	110.76820	119.86140	121.29755	131.55345	147.41784	154.17429	154.12432	142.89200	127.20912	131.17450	117.63229
12/9/2024	5:01:01 PM	120.99607	119.96292	115.50419	113.45881	120.65288	121.54811	129.93190	145.52113	152.16040	152.89932	143.08668	129.17106	130.71920	116.82364
12/9/2024	5:01:04 PM	122.81570	122.13283	117.49129	115.03799	122.01011	123.99668	130.84728	145.93429	152.30639	153.00203	143.82219	131.11903	131.97205	117.99922
12/9/2024	5:01:08 PM	125.10586	124.09785	120.26258	118.49774	124.14722	125.30093	133.18642	148.04889	153.13284	153.64572	144.50680	133.36179	133.02063	120.00095
12/9/2024	5:01:11 PM	128.52542	127.50065	122.95904	120.91224	127.19415	127.02815	134.10210	149.01172	154.11157	154.26726	144.85929	134.01420	133.95093	123.90417
12/9/2024	5:01:14 PM	131.03742	129.48557	124.46648	123.89804	131.06612	132.83732	140.27265	154.60450	158.15949	157.23762	146.06332	134.01840	138.25878	131.58695
12/9/2024	5:01:18 PM	131.11933	129.82198	124.71806	125.14080	133.52377	137.75933	147.13404	162.10218	162.66673	159.94986	147.97282	135.26457	140.36473	132.03785
12/9/2024	5:01:21 PM	132.36758	131.97741	128.63222	129.63608	136.15792	138.19017	146.18440	163.70614	166.17731	164.57543	154.04706	142.12061	144.08138	136.08211
12/9/2024	5:01:25 PM	141.11784	142.79843	141.01251	144.26520	148.89586	146.17073	151.52286	166.44583	169.41267	168.09323	157.93297	146.39915	145.81079	137.64066
12/9/2024	5:01:28 PM	143.28202	143.62904	139.47765	139.42191	146.53796	144.88247	150.76467	164.69376	167.01516	165.84452	156.24767	146.16936	145.55398	134.29069
12/9/2024	5:01:31 PM	142.24215	143.41794	139.32783	138.30654	144.72383	143.13043	150.18224	164.03943	166.27642	165.21104	155.95086	146.85662	145.18565	137.25707
12/9/2024	5:01:35 PM	143.71752	144.66276	140.23684	140.68018	147.62020	149.61785	156.84423	170.54386	173.50058	171.25737	159.36286	149.72746	151.12281	145.65360
12/9/2024	5:01:38 PM	144.98437	144.81813	140.98296	143.19877	151.27063	155.04403	163.83463	177.34700	179.06404	174.99130	162.63938	152.78415	153.16679	146.90414
12/9/2024	5:01:42 PM	149.01507	147.93033	143.18880	146.82643	154.42587	155.24787	163.39227	176.01051	177.28418	176.25930	164.80526	155.39262	153.64844	148.48369
12/9/2024	5:01:45 PM	152.35077	151.12147	148.46227	151.96809	160.40480	160.35385	169.56663	179.22217	182.08061	178.65974	166.45710	156.24715	158.48244	153.64135
12/9/2024	5:01:49 PM	151.46273	149.70413	147.44717	152.43464	162.61638	162.49253	170.47654	180.80543	182.53600	181.07255	169.44621	158.71282	158.12654	150.05284
12/9/2024	5:01:52 PM	153.02886	151.80501	149.22758	151.76071	160.80464	160.18648	167.61129	178.32313	179.02009	177.48347	166.16562	158.03888	156.33331	146.50254
12/9/2024	5:01:56 PM	155.57401	153.98433	150.79360	152.29678	159.92767	159.32642	166.71070	177.09002	177.65615	176.26289	166.32072	158.61037	156.51128	149.56938
12/9/2024	5:01:59 PM	155.81558	155.28533	152.50272	154.57676	162.03772	163.11603	170.88717	182.04346	184.42566	183.65483	173.72913	163.47220	163.78294	158.14525
12/9/2024	5:02:02 PM	159.62622	157.52605	153.23869	156.67842	163.58295	165.22823	175.48091	189.90465	191.41969	191.42519	180.78730	167.83947	168.64649	163.33242
12/9/2024	5:02:06 PM	162.37265	159.85068	154.74702	157.95273	164.71540	166.89574	178.52546	194.91036	195.92357	196.29153	185.12143	170.81957	171.69427	166.48971
12/9/2024	5:02:09 PM	164.41046	161.25637	155.73761	159.40960	166.52612	168.15026	180.37692	197.89749	199.28864	199.54505	188.19078	172.88944	173.58813	168.45271
12/9/2024	5:02:13 PM	166.15650	163.05883	157.26455	161.47604	167.72098	169.58744	182.32124	200.33126	202.07900	201.95498	190.53541	174.79548	175.73697	170.28914
12/9/2024	5:02:16 PM	167.75064	164.64938	159.01629	162.98827	168.89034	170.98642	184.06042	202.18613	204.63983	203.88914	192.65658	176.51419	177.47301	171.95298
12/9/2024	5:02:20 PM	169.34753	166.49749	160.26108	164.04590	169.92387	172.19365	185.54685	203.78821	206.83778	205.85925	194.56538	178.16471	179.10936	173.47356
12/9/2024	5:02:23 PM	170.77366	167.63674	161.42351	165.13760	171.19551	173.60569	187.19580	205.22835	208.87633	207.35405	196.16575	179.43115	180.89190	175.01432
12/9/2024	5:02:26 PM	172.08365	169.07896	162.66749	166.63551	172.64158	174.72963	188.61804	206.50428	210.62726	209.08868	197.71221	181.22685	182.71847	176.63234
12/9/2024	5:02:30 PM	173.69905	170.50861	164.08511	167.85669	173.93880	176.19872	190.18311	207.96348	212.48415	210.51030	199.31722	182.72126	184.34909	177.99532
12/9/2024	5:02:33 PM	174.92309	171.93700	165.40483	169.54794	175.18880	177.37474	191.73331	209.24049	214.23773	211.95851	200.95143	184.26198	185.87067	179.27271
12/9/2024	5:02:37 PM	176.35672	172.56975	166.14936	170.50010	176.34698	178.61218	193.25193	210.78812	215.82561	213.52149	202.65260	185.94392	187.41901	180.69188
12/9/2024	5:02:40 PM	177.84894	173.50605	167.38956	171.56914	177.44765	179.88958	194.54960	211.99650	217.41628	214.88859	204.07494	187.32156	188.90392	182.01959
12/9/2024	5:02:43 PM	179.17620	174.75110	168.83580	172.78104	178.50618	181.16058	195.85796	213.24569	218.81722	216.18618	205.42958	188.55560	190.23741	183.30462
12/9/2024	5:02:47 PM	180.47825	176.00646	169.75482	173.90760	179.76201	182.22649	197.16401	214.48881	220.15732	217.49357	206.53043	189.84902	191.79953	184.74530
12/9/2024	5:02:50 PM	181.69464	177.06518	170.99298	174.80813	180.91813	183.57819	198.50422	215.65441	221.59738	218.86139	207.97660	191.29810	193.27857	186.16581
12/9/2024	5:02:54 PM	182.86770	178.22126	171.92411	175.91490	182.36860	184.85281	199.84184	216.81425	222.87613	220.10115	209.21432	192.57999	194.58842	187.26188
12/9/2024	5:02:57 PM	183.94196	179.24824	173.21108	176.85683	183.31382	185.93965	201.00874	217.91050	224.09831	221.25609	210.37788	193.65857	195.90042	188.46507
12/9/2024	5:03:01 PM	185.07829	180.28349	174.37811	177.94368	184.47732	186.98218	202.17610	218.94325	225.27903	222.37586	211.40294	194.80029	197.15723	189.60194
12/9/2024	5:03:04 PM	186.19026	181.59533	175.57483	179.12573	185.47030	188.01523	203.27107	219.99083	226.34686	223.56903	212.50914	196.11048	198.31172	190.62624
12/9/2024	5:03:07 PM	187.36131	182.85829	176.73751	180.12386	186.42875	189.11870	204.42092	220.98179	227.49991	224.54479	213.52591	197.16342	199.50512	191.67099
12/9/2024	5:03:11 PM	188.47210	183.58291	177.51143	181.29079	187.40229	190.17284	205.59231	221.99564	228.59706	225.51771	214.55222	198.30831	200.68520	192.80155
12/9/2024	5:03:14 PM	189.50986	184.29742	178.07143	181.86605	188.33655	191.22161	206.63904	223.02875	229.57193	226.60683	215.55153	199.37831	201.73636	193.71642
12/9/2024	5:03:18 PM	190.46509	185.02528	179.23263	182.73816	189.13364	192.30660	207.66537	223.91853	230.50789	227.60108	216.46043	200.29861	202.84751	194.79294
12/9/2024	5:03:21 PM	191.52367	186.22951	179.88112	183.63642	190.16659	193.28225	208.74590	224.88815	231.44583	228.57076	217.38770	201.33316	203.89658	195.75892
12/9/2024	5:03:25 PM	192.54547	187.18876	180.86551	184.49710	191.01057	194.27772	209.76680	225.79963	232.39876	229.59544	218.46008	202.39542	204.95928	196.76405
12/9/2024	5:03:28 PM	193.67993	188.39037	182.03210	185.53704	192.08663	195.24833	210.72699	226.71537	233.31014	230.56470	219.36126	203.37878	206.02206	197.69951
12/9/2024	5:03:31 PM	194.55796	189.39824	183.01334	186.62970	193.23489	196.25842	211.67025	227.57503	234.29566	231.45305	220.33871	204.40737	206.96876	198.48257
12/9/2024	5:03:35 PM	195.43023	189.96999	183.85637	187.53790	193.90696	197.24357	212.67288	228.49236	235.24961	232.36776	221.30543	205.37348	207.92797	199.28220
12/9/2024	5:03:38 PM	196.38412	190.78866	184.70138	188.23776	194.62898	198.19439	213.64689	229.34091	236.07313	233.28341	222.13767	206.32134	208.96318	200.32304
12/9/2024	5:03:42 PM	197.32259	191.60643	185.49548	189.14146	195.71035	199.10172	214.54439	230.17359	236.93593	234.11187	223.01659	207.31108	209.94138	201.20105
12/9/2024	5:03:45 PM	198.21482	192.33063	186.35038	190.17988	196.51755	199.98140	215.43517	230.99630	237.77472	235.00980	223.88645	208.17258	210.92441	202.17210
12/9/2024	5:03:49 PM	199.17871	193.42952	187.19463	191.02801	197.33698	200.85263	216.33855	231.79389	238.55819	235.87999	224.73257	209.08654	211.82211	202.98582
12/9/2024	5:03:52 PM	200.10716	194.14617	187.84438	191.79437	198.24681	201.79039	217.25496	232.64192	239.35070	236.68432	225.58761	209.97503	212.76907	203.86334
12/9/2024	5:03:56 PM	200.95500	194.77167	188.90686	192.43365	199.03196	202.69114	218.14231	233.42339	240.16220	237.45605	226.39960	210.79743	213.65798	204.70226
12/9/2024	5:03:59 PM	201.78169	195.81443	189.65694	193.09378	199.72779	203.57024	219.02626	234.21725	240.93826	238.24598	227.18942	211.58095	214.51663	205.46868
12/9/2024	5:04:02 PM	202.60481	196.66314	190.49087	193.96567	200.50506	204.35948	219.83439	234.97229	241.74646	239.01931	228.03137	212.50658	215.39948	206.32261
12/9/2024	5:04:06 PM	203.47303	197.29226	191.03759	194.64844	201.33240	205.27197	220.70218	235.71480	242.48827	239.83511	228.83811	213.38769	216.30744	207.15587
12/9/2024	5:04:09 PM	204.35312	198.00942	191.84672	195.66136	202.03468	206.13070	221.52898	236.47152	243.23876	240.51216	229.57975	214.23975	217.16249	207.99548
12/9/2024	5:04:13 PM	205.17418	198.87133	192.70379	196.36947	202.99742	206.92808	222.32633	237.21844	243.99334	241.23389	230.33265	215.06085	218.01042	208.78021
12/9/2024	5:04:16 PM	205.96557	199.62314	193.55374	197.09263	203.73614	207.85605	223.16545	237.94446	244.68304	241.97780	231.10789	215.86461	218.84739	209.52214
12/9/2024	5:04:19 PM	206.65479	200.20099	194.08124	197.88039	204.44384	208.54941	223.91977	238.65463	245.40163	242.57923	231.84747	216.71192	219.66017	210.28797
12/9/2024	5:04:23 PM	207.47045	200.86015	194.74829	198.42486	205.20444	209.33230	224.67608	239.32412	246.05606	243.26558	232.49007	217.37883	220.44807	211.11572
12/9/2024	5:04:26 PM	208.29215	201.82403	195.66768	199.39424	205.83811	210.15121	225.44542	240.00830	246.71477	243.95708	233.18780	218.13139	221.22641	211.83227
12/9/2024	5:04:30 PM	209.05804	202.57255	196.42199	200.02427	206.57465	210.90422	226.18998	240.64711	247.33957	244.65283	233.94075	218.97568	222.07472	212.66723
12/9/2024	5:04:33 PM	209.79804	203.44272	197.11273	200.68202	207.24450	211.71338	226.96486	241.32633	247.97482	245.37478	234.73335	219.76976	222.87252	213.43680
12/9/2024	5:04:37 PM	210.57001	204.18166	197.83220	201.34047	208.00917	212.52964	227.71961	241.99370	248.62814	246.03790	235.41422	220.57000	223.68533	214.20726
12/9/2024	5:04:40 PM	211.35709	204.79231	198.57839	202.08709	208.73727	213.34453	228.45127	242.62104	249.23321	246.70020	236.12765	221.29379	224.42891	214.92905
12/9/2024	5:04:44 PM	212.06579	205.37380	199.28707	202.67579	209.34557	214.04091	229.13258	243.23214	249.80167	247.26178	236.69830	221.98590	225.15098	215.64953
12/9/2024	5:04:47 PM	212.81824	206.07048	199.92138	203.44047	210.02204	214.80873	229.83732	243.83504	250.36550	247.86059	237.34217	222.67159	225.85518	216.33323
12/9/2024	5:04:50 PM	213.51738	206.88384	200.66644	203.88447	210.72261	215.56427	230.52192	244.44578	250.93090	248.45821	237.93344	223.31708	226.58041	217.07068
12/9/2024	5:04:54 PM	214.28053	207.65872	201.39655	204.76471	211.33905	216.27074	231.19800	245.06611	251.47626	249.05330	238.55225	223.98310	227.27752	217.77630
12/9/2024	5:04:57 PM	214.95037	208.49273	202.10183	205.35564	212.06647	216.96923	231.86283	245.63405	252.00902	249.62200	239.20602	224.72604	227.96734	218.41902
12/9/2024	5:05:01 PM	215.58533	209.19733	202.74378	206.14850	212.78078	217.69292	232.53410	246.22106	252.55600	250.16797	239.80768	225.40891	228.62513	219.01784
12/9/2024	5:05:04 PM	216.22070	209.72964	203.48890	206.89428	213.39935	218.37282	233.18041	246.78447	253.08592	250.74479	240.43855	226.09687	229.31317	219.69460
12/9/2024	5:05:08 PM	216.86835	210.42856	204.04528	207.50010	213.92298	219.06024	233.83549	247.33979	253.58420	251.29169	241.01473	226.72324	229.93560	220.32025
12/9/2024	5:05:11 PM	217.54789	211.01126	204.70012	208.41882	214.73503	219.76524	234.51130	247.92708	254.10778	251.79613	241.63195	227.39371	230.60612	221.00534
12/9/2024	5:05:14 PM	218.24155	211.66969	205.43698	208.91049	215.35309	220.49567	235.16973	248.48518	254.60389	252.33119	242.19385	228.03434	231.29213	221.69638
12/9/2024	5:05:18 PM	218.89284	212.20340	206.05992	209.44606	215.83008	221.14959	235.79596	249.02450	255.09005	252.85392	242.75505	228.64740	231.91987	222.31205
12/9/2024	5:05:21 PM	219.49784	212.72027	206.69323	210.19382	216.56681	221.82994	236.41385	249.54265	255.57480	253.37952	243.33193	229.28212	232.54681	222.96859
12/9/2024	5:05:25 PM	220.17904	213.34766	207.35555	210.72304	217.15338	222.45885	236.99502	250.04174	256.01467	253.85980	243.84995	229.90967	233.15704	223.61637
12/9/2024	5:05:28 PM	220.86589	214.09501	208.03407	211.39650	217.74852	223.10596	237.57622	250.51148	256.44025	254.34247	244.37923	230.48803	233.74881	224.21990
12/9/2024	5:05:32 PM	221.45214	214.76500	208.64217	211.97525	218.34431	223.73376	238.16437	250.99402	256.86589	254.80143	244.91783	231.11075	234.33132	224.78072
12/9/2024	5:05:35 PM	222.09224	215.24383	209.20589	212.71911	219.04069	224.38760	238.76160	251.48726	257.30659	255.26888	245.48541	231.71382	234.93701	225.40545
12/9/2024	5:05:38 PM	222.71239	215.81153	209.90262	213.46879	219.53269	225.02637	239.34258	251.96297	257.72925	255.70442	246.02761	232.32271	235.51370	226.01015
12/9/2024	5:05:42 PM	223.33457	216.35811	210.49515	213.97238	220.19058	225.67607	239.92365	252.43040	258.13953	256.16201	246.53690	232.91249	236.08929	226.60785
12/9/2024	5:05:45 PM	223.96735	216.95220	211.09956	214.64690	220.76219	226.29670	240.49353	252.88782	258.56466	256.62183	247.07864	233.51610	236.70944	227.26236
12/9/2024	5:05:49 PM	224.52761	217.34962	211.64168	215.17581	221.52738	226.95751	241.10418	253.34564	258.98430	257.03305	247.59582	234.08396	237.30109	227.88832
12/9/2024	5:05:52 PM	225.12041	217.97671	212.06896	215.41385	222.09556	227.57263	241.68511	253.79448	259.38505	257.43390	248.06583	234.64030	237.81730	228.43800
12/9/2024	5:05:56 PM	225.76596	218.71550	212.80824	216.24360	222.54009	228.12392	242.18504	254.21538	259.77151	257.85616	248.56134	235.19834	238.31634	228.98184
12/9/2024	5:05:59 PM	226.37281	219.30450	213.35701	216.69945	223.09016	228.72745	242.73608	254.66133	260.17404	258.26271	249.05990	235.76614	238.85011	229.54704
12/9/2024	5:06:03 PM	226.96203	219.85846	213.92135	217.30723	223.61709	229.28543	243.24318	255.07358	260.55460	258.65657	249.52508	236.30258	239.32301	230.03707
12/9/2024	5:06:06 PM	227.52389	220.46300	214.54688	217.88071	224.07641	229.84615	243.75008	255.48266	260.93237	259.04469	250.00197	236.83982	239.84801	230.59665
12/9/2024	5:06:09 PM	228.09349	220.99810	215.14516	218.44617	224.72154	230.43776	244.28104	255.92111	261.31747	259.43701	250.49842	237.39333	240.35523	231.11859
12/9/2024	5:06:13 PM	228.64666	221.54280	215.65024	218.81448	225.17241	230.98467	244.80124	256.35060	261.71391	259.84668	250.96335	237.90225	240.84240	231.63705
12/9/2024	5:06:16 PM	229.17528	222.10085	216.25844	219.44576	225.67315	231.49485	245.26040	256.68936	261.99573	260.17824	251.32535	238.34467	241.24202	232.07586
12/9/2024	5:06:20 PM	229.64484	222.61594	216.82603	220.02597	226.04535	231.97436	245.67500	256.96918	262.19996	260.45939	251.62578	238.73632	241.59860	232.49929
12/9/2024	5:06:23 PM	230.08064	223.09445	217.36928	220.46338	226.56425	232.43004	246.05986	257.21930	262.37526	260.69092	251.89789	239.10794	241.93439	232.89562
12/9/2024	5:06:26 PM	230.51291	223.58504	217.82799	220.80480	226.94377	232.86466	246.42364	257.45217	262.52977	260.90648	252.16523	239.47318	242.24062	233.26352
12/9/2024	5:06:30 PM	230.92529	224.06188	218.32892	221.33105	227.36455	233.29230	246.77044	257.67331	262.66914	261.10517	252.41836	239.82040	242.53514	233.62459
12/9/2024	5:06:33 PM	231.32295	224.54096	218.75068	221.76609	227.76514	233.72887	247.11264	257.89589	262.80479	261.29692	252.67653	240.16999	242.82247	233.97108
12/9/2024	5:06:37 PM	231.70463	225.00702	219.22908	222.29143	228.18780	234.15756	247.43987	258.10014	262.91874	261.47419	252.93022	240.51474	243.09204	234.29418
12/9/2024	5:06:40 PM	232.09213	225.38248	219.64157	222.73949	228.55631	234.55740	247.75172	258.30562	263.04337	261.64503	253.16821	240.85899	243.37079	234.62938
12/9/2024	5:06:44 PM	232.47429	225.76341	220.08963	223.10714	228.97672	234.95726	248.05615	258.50518	263.16234	261.78822	253.39667	241.19683	243.63160	234.93853
12/9/2024	5:06:47 PM	232.84298	226.09656	220.55695	223.66215	229.40677	235.33754	248.34275	258.72951	263.29111	261.93109	253.63592	241.52736	243.88241	235.24499
12/9/2024	5:06:50 PM	233.20355	226.44230	220.92762	224.07677	229.81903	235.73942	248.63274	259.00130	263.41893	262.07888	253.86192	241.84704	244.12608	235.53963
12/9/2024	5:06:54 PM	233.54690	226.74438	221.25914	224.33767	230.15096	236.12182	248.91854	259.30666	263.56581	262.20952	254.07975	242.16443	244.36382	235.83156
12/9/2024	5:06:57 PM	233.88885	227.10434	221.73020	224.90788	230.57956	236.48611	249.18200	259.57741	263.68990	262.33625	254.30611	242.47246	244.60181	236.11731
12/9/2024	5:07:01 PM	234.22139	227.44576	222.09824	225.25239	230.96257	236.86537	249.45397	259.82353	263.81649	262.45862	254.49957	242.77098	244.84114	236.41216
12/9/2024	5:07:04 PM	234.55284	227.83412	222.59042	225.85457	231.36227	237.21388	249.69513	260.02907	263.92401	262.58232	254.69591	243.06551	245.08650	236.71007
12/9/2024	5:07:08 PM	234.88353	228.17409	223.01506	226.22336	231.72174	237.57790	249.94992	260.22833	264.02920	262.68208	254.88513	243.34552	245.32090	237.00184
12/9/2024	5:07:11 PM	235.20565	228.54487	223.36782	226.57893	232.02646	237.91898	250.19311	260.41977	264.13630	262.79943	255.06917	243.62670	245.55707	237.28264
12/9/2024	5:07:14 PM	235.52916	228.89566	223.79790	226.94986	232.40502	238.26184	250.43018	260.59835	264.23346	262.89585	255.24896	243.89624	245.78005	237.56649
12/9/2024	5:07:18 PM	235.84707	229.25546	224.16631	227.35431	232.70819	238.59306	250.65887	260.77114	264.33562	263.01302	255.42064	244.17286	246.01646	237.85377
12/9/2024	5:07:21 PM	236.17204	229.62016	224.59767	227.78071	233.10039	238.93893	250.89296	260.94021	264.42863	263.11558	255.59572	244.43904	246.24004	238.13243
12/9/2024	5:07:25 PM	236.47250	229.96034	224.96091	228.12221	233.39943	239.24303	251.11018	261.09264	264.51842	263.20848	255.74625	244.69540	246.44749	238.39282
12/9/2024	5:07:28 PM	236.76988	230.29163	225.34424	228.47886	233.73639	239.57203	251.33346	261.24627	264.61017	263.30629	255.89990	244.95539	246.66180	238.66685
12/9/2024	5:07:31 PM	237.07272	230.64660	225.70907	228.83114	234.06197	239.89309	251.54258	261.39331	264.69809	263.40465	256.05432	245.21046	246.87693	238.92969
12/9/2024	5:07:35 PM	237.37024	230.98392	226.11264	229.17213	234.39212	240.20241	251.75212	261.53428	264.78268	263.49498	256.20218	245.46171	247.08355	239.19595
12/9/2024	5:07:38 PM	237.66294	231.31775	226.46928	229.54855	234.70658	240.50514	251.95479	261.67193	264.86994	263.59204	256.34394	245.70801	247.28768	239.44893
12/9/2024	5:07:42 PM	237.95729	231.65150	226.83493	229.89259	235.01535	240.81508	252.16159	261.80690	264.95673	263.68844	256.48825	245.96218	247.49672	239.71720
12/9/2024	5:07:45 PM	238.24973	231.98618	227.20686	230.27775	235.34795	241.11921	252.36256	261.93770	265.03991	263.77418	256.62560	246.20725	247.69903	239.97188
12/9/2024	5:07:49 PM	238.54237	232.32594	227.55019	230.59578	235.67009	241.41023	252.55755	262.06610	265.13051	263.86858	256.76052	246.44876	247.89789	240.22387
12/9/2024	5:07:52 PM	238.81803	232.64121	227.90339	230.92824	235.95634	241.69635	252.74722	262.18502	265.21594	263.95365	256.88891	246.68352	248.08893	240.46595
12/9/2024	5:07:56 PM	239.09734	232.95897	228.23319	231.25396	236.23721	241.97875	252.93556	262.30512	265.30694	264.04129	257.01924	246.91661	248.28032	240.71376
12/9/2024	5:07:59 PM	239.37760	233.27940	228.57286	231.58985	236.51254	242.26284	253.12394	262.42376	265.40454	264.13324	257.15052	247.15098	248.47176	240.95870
12/9/2024	5:08:02 PM	239.65019	233.59001	228.90284	231.90205	236.79410	242.53851	253.30736	262.53730	265.50075	264.22141	257.27858	247.37958	248.66055	241.20272
12/9/2024	5:08:06 PM	239.91846	233.89852	229.22573	232.21704	237.07634	242.80572	253.48595	262.64839	265.60529	264.32047	257.40616	247.60543	248.84669	241.44215
12/9/2024	5:08:09 PM	240.18668	234.20613	229.54950	232.53040	237.35869	243.06961	253.67170	262.75760	265.71664	264.41915	257.53190	247.82976	249.03050	241.68028
12/9/2024	5:08:13 PM	240.45164	234.51250	229.87056	232.84528	237.64237	243.32988	253.86476	262.86489	265.83299	264.51603	257.65499	248.04985	249.21314	241.91716
12/9/2024	5:08:16 PM	240.71662	234.81726	230.19276	233.16127	237.92327	243.58571	254.06794	262.97166	265.96195	264.61516	257.77946	248.27339	249.39657	242.15446
12/9/2024	5:08:19 PM	240.98346	235.12704	230.51660	233.47654	238.20944	243.83964	254.28716	263.07667	266.10419	264.71601	257.90119	248.49176	249.57490	242.38706
12/9/2024	5:08:23 PM	241.24122	235.42449	230.83267	233.79294	238.48089	244.08259	254.50919	263.17818	266.25212	264.82363	258.02045	248.70399	249.74945	242.61494
12/9/2024	5:08:26 PM	241.49458	235.72095	231.14418	234.10403	238.75258	244.32364	254.72271	263.27553	266.37249	264.94038	258.13658	248.91146	249.92145	242.84057
12/9/2024	5:08:30 PM	241.74888	236.01695	231.45980	234.41658	239.04198	244.57331	254.92747	263.37545	266.47836	265.06781	258.25484	249.12369	250.09554	243.07226
12/9/2024	5:08:33 PM	242.00390	236.31858	231.78143	234.73231	239.34209	244.82331	255.11630	263.47442	266.56870	265.19055	258.36979	249.32852	250.26805	243.30022
12/9/2024	5:08:37 PM	242.25138	236.61521	232.09078	235.04256	239.64279	245.07625	255.29434	263.57094	266.64800	265.31199	258.47878	249.52607	250.43784	243.52646
12/9/2024	5:08:40 PM	242.49239	236.90461	232.37172	235.40295	239.91136	245.32185	255.45906	263.65930	266.71371	265.43295	258.58019	249.72405	250.59454	243.73891
12/9/2024	5:08:43 PM	242.73438	237.18691	232.66525	235.75527	240.13996	245.55353	255.61879	263.74468	266.77516	265.54042	258.67852	249.92071	250.75209	243.94957
12/9/2024	5:08:47 PM	242.97373	237.46784	232.96341	236.08682	240.37221	245.78388	255.77781	263.83107	266.83363	265.63885	258.77996	250.11165	250.90961	244.15776
12/9/2024	5:08:50 PM	243.21279	237.74388	233.25868	236.39798	240.60497	246.01389	255.93598	263.91656	266.89064	265.73343	258.88431	250.30098	251.06866	244.36864
12/9/2024	5:08:54 PM	243.44537	238.01371	233.54851	236.69058	240.83685	246.23898	256.09434	264.00183	266.94594	265.82240	258.98950	250.48575	251.22543	244.57573
12/9/2024	5:08:57 PM	243.67899	238.28232	233.83485	236.97596	241.07255	246.46609	256.25433	264.08719	267.00101	265.90637	259.09743	250.67136	251.38578	244.78590
12/9/2024	5:09:00 PM	243.90679	238.54733	234.11605	237.25160	241.30613	246.68787	256.41031	264.17149	267.05565	265.98647	259.20657	250.85390	251.54477	244.99329
12/9/2024	5:09:04 PM	244.14123	238.81712	234.40335	237.53071	241.54928	246.91821	256.57317	264.25961	267.11166	266.06492	259.31738	251.03795	251.70662	245.20622
12/9/2024	5:09:07 PM	244.37207	239.08142	234.68116	237.79993	241.78215	247.13720	256.72610	264.34251	267.16391	266.13781	259.42450	251.21360	251.86148	245.41014
12/9/2024	5:09:11 PM	244.59240	239.33654	234.94972	238.06147	242.01304	247.35238	256.87730	264.42565	267.21683	266.21110	259.53181	251.38744	252.01443	245.61459
12/9/2024	5:09:14 PM	244.81725	239.59747	235.22457	238.33014	242.24893	247.57036	257.03078	264.51079	267.27157	266.28294	259.64182	251.56154	252.16829	245.81728
12/9/2024	5:09:18 PM	245.04078	239.85700	235.49474	238.59260	242.48160	247.78337	257.18178	264.59449	267.32606	266.35354	259.74931	251.73164	252.32147	246.01699
12/9/2024	5:09:21 PM	245.25275	240.10513	235.75378	238.83958	242.70455	247.98484	257.32524	264.67447	267.37977	266.42101	259.85346	251.89418	252.46864	246.21020
12/9/2024	5:09:25 PM	245.46580	240.35431	236.01451	239.08775	242.92918	248.18583	257.47185	264.75715	267.43586	266.48816	259.95980	252.05824	252.61794	246.40583
12/9/2024	5:09:28 PM	245.67689	240.60216	236.27304	239.33372	243.14938	248.38203	257.61598	264.83761	267.49090	266.55293	260.06382	252.21781	252.76564	246.59430
12/9/2024	5:09:31 PM	245.88554	240.84802	236.52950	239.57696	243.36928	248.57850	257.76032	264.91929	267.54699	266.61776	260.16830	252.37940	252.91610	246.78948
12/9/2024	5:09:35 PM	246.09860	241.09974	236.79349	239.82460	243.59485	248.77927	257.90532	265.00140	267.60336	266.68275	260.27404	252.54114	253.06542	246.98405
12/9/2024	5:09:38 PM	246.30906	241.34817	237.05263	240.06255	243.81816	248.97832	258.04912	265.08267	267.66026	266.74677	260.37879	252.70095	253.21306	247.17676
12/9/2024	5:09:42 PM	246.51211	241.58987	237.30448	240.29357	244.03679	249.17228	258.18658	265.16065	267.71436	266.80810	260.48152	252.85396	253.35475	247.36129
12/9/2024	5:09:45 PM	246.71465	241.82931	237.55818	240.52040	244.25577	249.36564	258.32368	265.23874	267.76889	266.86999	260.58530	253.00670	253.49557	247.54790
12/9/2024	5:09:49 PM	246.91284	242.06660	237.80573	240.74516	244.47107	249.55575	258.45895	265.31630	267.82232	266.93135	260.69053	253.15853	253.63446	247.73042
12/9/2024	5:09:52 PM	247.11128	242.30218	238.05420	240.96716	244.68705	249.74510	258.59227	265.39242	267.87463	266.99192	260.79664	253.30562	253.77051	247.90913
12/9/2024	5:09:55 PM	247.30498	242.53505	238.29838	241.18490	244.89828	249.92995	258.72245	265.46621	267.92615	267.05099	260.90392	253.45062	253.90470	248.08473
12/9/2024	5:09:59 PM	247.49893	242.76646	238.54091	241.39864	245.11126	250.11553	258.85299	265.54125	267.97827	267.11160	261.01386	253.59673	254.04090	248.26330
12/9/2024	5:10:02 PM	247.69498	243.00191	238.78808	241.61390	245.32797	250.30441	258.98552	265.61582	268.03070	267.17205	261.12636	253.74392	254.17652	248.44215
12/9/2024	5:10:06 PM	247.88430	243.22933	239.02643	241.82134	245.53642	250.48463	259.11205	265.68867	268.08130	267.23073	261.23544	253.88486	254.30587	248.61358
12/9/2024	5:10:09 PM	248.07043	243.45255	239.25889	242.02372	245.74201	250.66246	259.23699	265.76084	268.13073	267.28847	261.34544	254.02513	254.43554	248.78309
12/9/2024	5:10:13 PM	248.25673	243.67487	239.49043	242.22549	245.94710	250.83980	259.36104	265.83216	268.18098	267.34509	261.45733	254.16437	254.56493	248.95318
12/9/2024	5:10:16 PM	248.43924	243.89382	239.71840	242.42283	246.15038	251.01600	259.48500	265.90384	268.23113	267.40224	261.57094	254.30204	254.69173	249.11907
12/9/2024	5:10:19 PM	248.62010	244.11209	239.94469	242.61896	246.35201	251.19033	259.60730	265.97478	268.28101	267.45977	261.68686	254.44171	254.82235	249.28916
12/9/2024	5:10:23 PM	248.80206	244.33307	240.17369	242.81689	246.55436	251.36600	259.73125	266.04658	268.33100	267.51683	261.81185	254.58019	254.95287	249.45735
12/9/2024	5:10:26 PM	248.98225	244.55133	240.40048	243.01266	246.75661	251.54116	259.85489	266.11846	268.38193	267.57371	261.93836	254.71790	255.08180	249.62463
12/9/2024	5:10:30 PM	249.15553	244.76286	240.61916	243.20306	246.95089	251.71095	259.97411	266.18790	268.43060	267.62851	262.04962	254.85427	255.20592	249.78682
12/9/2024	5:10:33 PM	249.33017	244.97161	240.83595	243.39275	247.14062	251.87793	260.09357	266.25830	268.48031	267.68444	262.15501	254.99058	255.32970	249.94818
12/9/2024	5:10:37 PM	249.51071	245.18772	241.05899	243.58642	247.33455	252.04922	260.21476	266.32865	268.53079	267.74096	262.25711	255.13118	255.45593	250.11098
12/9/2024	5:10:40 PM	249.69096	245.39962	241.27732	243.77642	247.52430	252.21731	260.33409	266.39960	268.58111	267.79752	262.35609	255.26946	255.57801	250.26902
12/9/2024	5:10:44 PM	249.86585	245.60515	241.49120	243.96158	247.70991	252.37959	260.44870	266.46709	268.62864	267.85166	262.45047	255.40348	255.69605	250.41870
12/9/2024	5:10:47 PM	250.04125	245.81064	241.70394	244.14641	247.89635	252.54098	260.56354	266.53552	268.67768	267.90684	262.54479	255.53786	255.81583	250.57197
12/9/2024	5:10:50 PM	250.21891	246.01919	241.92191	244.33660	248.08681	252.70573	260.67973	266.60494	268.72769	267.96224	262.63952	255.67470	255.93782	250.72717
12/9/2024	5:10:54 PM	250.39288	246.22058	242.13077	244.51832	248.26989	252.86245	260.79135	266.67144	268.77521	268.01534	262.73018	255.80682	256.05717	250.87927
12/9/2024	5:10:57 PM	250.57005	246.42656	242.34600	244.70776	248.45924	253.02501	260.90571	266.74060	268.82525	268.07075	262.82306	255.94372	256.17978	251.03761
12/9/2024	5:11:01 PM	250.74785	246.63251	242.56179	244.89540	248.64636	253.18461	261.01867	266.80803	268.87291	268.12332	262.91330	256.07502	256.29979	251.19176
12/9/2024	5:11:04 PM	250.91843	246.83030	242.77030	245.07775	248.82762	253.33888	261.12820	266.87509	268.92081	268.17553	263.00107	256.20476	256.41739	251.34395
12/9/2024	5:11:08 PM	251.08800	247.02796	242.97894	245.25961	249.00829	253.49321	261.23808	266.94101	268.96916	268.22787	263.08925	256.33442	256.53479	251.49730
12/9/2024	5:11:11 PM	251.25553	247.22339	243.18622	245.44071	249.18708	253.64461	261.34535	267.00656	269.01679	268.27942	263.17585	256.46242	256.65078	251.64748
12/9/2024	5:11:14 PM	251.42374	247.41698	243.39164	245.62063	249.36346	253.79461	261.45215	267.07118	269.06404	268.33090	263.26204	256.58946	256.76592	251.79750
12/9/2024	5:11:18 PM	251.58974	247.61063	243.59809	245.79955	249.53884	253.94347	261.55930	267.13613	269.11169	268.38308	263.34725	256.71540	256.88020	251.94634
12/9/2024	5:11:21 PM	251.75761	247.80525	243.80518	245.98043	249.71521	254.09277	261.66718	267.20245	269.16081	268.43503	263.43234	256.84089	256.99443	252.09612
12/9/2024	5:11:25 PM	251.92077	247.99558	244.01000	246.15869	249.88872	254.24007	261.77499	267.26763	269.20928	268.48698	263.51826	256.96836	257.11017	252.24771
12/9/2024	5:11:28 PM	252.09030	248.19218	244.22010	246.34116	250.06440	254.38889	261.88237	267.33340	269.25744	268.53868	263.60333	257.09327	257.22426	252.39957
12/9/2024	5:11:32 PM	252.25585	248.38511	244.42766	246.52177	250.23866	254.53569	261.98956	267.39915	269.30605	268.59075	263.68893	257.22012	257.33965	252.55056
12/9/2024	5:11:35 PM	252.42354	248.57897	244.63749	246.70427	250.41375	254.68435	262.09813	267.46536	269.35608	268.64260	263.77413	257.34555	257.45273	252.70066
12/9/2024	5:11:39 PM	252.58779	248.76987	244.84486	246.88379	250.58552	254.82972	262.20466	267.53077	269.40538	268.69470	263.85945	257.47103	257.56523	252.85006
12/9/2024	5:11:42 PM	252.75203	248.95919	245.05076	247.06121	250.75604	254.97458	262.31011	267.59605	269.45510	268.74612	263.94359	257.59320	257.67639	252.99553
12/9/2024	5:11:46 PM	252.90819	249.14331	245.25120	247.23419	250.91935	255.11265	262.41204	267.65910	269.50377	268.79640	264.02600	257.71202	257.78403	253.13765
12/9/2024	5:11:49 PM	253.06657	249.32617	245.45016	247.40652	251.08252	255.25203	262.51442	267.72220	269.55298	268.84749	264.10845	257.83249	257.89346	253.28090
12/9/2024	5:11:52 PM	253.22347	249.51097	245.65361	247.58178	251.24791	255.39388	262.61776	267.78610	269.60268	268.89776	264.19167	257.95154	258.00150	253.42418
12/9/2024	5:11:56 PM	253.37834	249.69109	245.85078	247.75117	251.40453	255.53126	262.72052	267.85032	269.65355	268.94940	264.27500	258.07072	258.10993	253.56657
12/9/2024	5:11:59 PM	253.53128	249.86881	246.04622	247.91867	251.55927	255.66782	262.82148	267.91263	269.70255	268.99886	264.35594	258.17657	258.22689	253.72174
12/9/2024	5:12:03 PM	253.65905	249.84844	246.10248	248.15898	251.84057	255.58195	262.66890	267.74617	269.56649	268.90337	264.01478	257.69325	257.42677	252.66505
12/9/2024	5:12:06 PM	252.52393	249.31861	245.67644	248.16121	251.89969	255.26627	262.60672	267.75244	269.43789	268.78018	263.90602	257.23378	257.14255	251.61415
12/9/2024	5:12:09 PM	251.91611	248.97130	245.42628	247.74000	251.43607	254.48001	261.91279	267.58175	269.34038	268.63753	263.31634	256.26098	256.43948	250.64237
12/9/2024	5:12:13 PM	250.77440	248.48780	244.94119	246.68022	250.18895	253.83741	261.72321	267.00506	268.71804	267.81613	262.76175	256.12727	256.13490	251.13727
12/9/2024	5:12:16 PM	250.90148	248.24782	244.93226	246.76522	250.03475	253.76865	261.15823	265.70050	267.43272	266.31751	261.45363	255.54209	255.74105	251.26896
12/9/2024	5:12:20 PM	250.42568	247.63273	244.58775	246.44938	249.36436	252.83016	259.88120	263.92506	265.67912	264.55333	260.19236	254.94278	255.00691	251.07779
12/9/2024	5:12:23 PM	249.94077	246.95219	244.07041	245.81085	248.19426	251.18645	257.44353	261.75608	263.37732	262.50818	258.46089	253.94309	253.59368	250.07462
12/9/2024	5:12:26 PM	248.88062	245.92883	243.14896	244.70121	246.67576	249.01390	254.99677	259.27402	260.78061	260.19341	256.57361	252.52394	251.82714	248.31685
12/9/2024	5:12:30 PM	247.28470	244.51296	241.96627	243.17968	244.76282	246.69002	252.17248	256.93805	258.57314	257.47194	254.43529	250.65046	249.65951	245.99983
12/9/2024	5:12:33 PM	245.21608	242.51153	240.39916	241.30852	242.33876	244.69184	249.60544	254.58636	256.15703	254.83232	252.02758	248.39536	247.13561	243.24230
12/9/2024	5:12:37 PM	242.84846	240.12528	238.48794	239.19916	239.71486	242.40183	247.58783	252.04790	253.25305	252.17109	249.44200	246.01619	244.37934	240.24893
12/9/2024	5:12:40 PM	240.24793	238.48334	236.59450	236.77825	236.89487	240.29168	245.46508	249.25604	250.14515	249.07968	246.86883	243.60687	241.47778	237.06973
12/9/2024	5:12:43 PM	236.81909	236.39160	234.38993	234.48405	234.04742	238.32113	243.46912	245.75079	246.49067	245.26422	243.62761	240.29630	237.87343	232.82844
12/9/2024	5:12:47 PM	232.99089	233.31145	231.61527	232.04402	232.08043	236.01556	239.68619	241.39259	242.68309	241.15580	239.80318	237.02856	234.83783	227.78128
12/9/2024	5:12:50 PM	229.83909	230.18238	228.38784	229.21176	229.36796	232.59331	235.43396	236.82926	238.70510	236.94740	235.79396	233.77156	231.85541	223.42991
12/9/2024	5:12:54 PM	226.83998	226.84985	225.05234	226.29185	226.35446	229.35011	231.55061	232.94329	235.16446	233.01933	231.87696	230.92453	228.56840	219.77337
12/9/2024	5:12:57 PM	224.00860	223.80563	221.80813	223.80614	223.47636	226.46295	228.18627	229.18502	230.67619	229.39251	228.44965	228.22998	226.19076	216.55170
12/9/2024	5:13:00 PM	221.83829	221.24328	219.24934	221.45128	220.62473	223.69612	225.06725	225.33773	226.98817	226.22730	225.43281	225.61349	223.73084	213.76056
12/9/2024	5:13:04 PM	219.45799	218.89048	217.66165	219.12844	217.97928	221.27220	222.10438	221.72734	223.77392	223.03535	222.53162	222.93906	221.25904	210.85617
12/9/2024	5:13:07 PM	216.83723	216.29869	215.97685	216.70739	215.34350	218.98401	219.73533	218.88452	221.04062	220.14447	219.64148	220.33594	219.01996	208.21804
12/9/2024	5:13:11 PM	214.26099	213.78980	214.09662	214.42718	212.66464	216.63085	217.07354	216.06297	218.44495	217.30361	216.70826	217.82654	216.56285	205.83067
12/9/2024	5:13:14 PM	211.82852	211.23514	211.93033	212.08972	210.13287	214.19874	214.52242	213.33159	215.87921	214.63641	213.86634	215.56917	214.14400	203.67555
12/9/2024	5:13:18 PM	209.51432	208.66566	209.50820	209.80571	208.12345	211.78635	212.07954	210.75597	213.52526	212.11269	211.33922	213.33963	211.95588	201.75107
12/9/2024	5:13:21 PM	207.07768	206.10284	207.31069	207.72623	206.03259	209.38900	209.67328	208.23578	211.05010	209.70063	208.89698	211.20549	209.73829	199.85471
12/9/2024	5:13:24 PM	204.77518	203.71619	205.23738	205.62646	203.88098	207.04406	207.14575	205.75829	208.60122	207.25758	206.73776	208.97082	207.57774	197.96297
12/9/2024	5:13:28 PM	202.51797	201.34666	203.19662	203.56209	201.68469	204.66722	204.73295	203.35692	206.10214	204.85989	204.52179	206.78074	205.39353	196.17740
12/9/2024	5:13:31 PM	200.37268	199.09234	201.23039	201.57019	199.50734	202.44314	202.45806	201.01117	203.71058	202.50760	202.47014	204.60224	203.22977	194.46213
12/9/2024	5:13:35 PM	198.31087	196.85398	199.25711	199.47630	197.39574	200.35334	200.26208	198.66776	201.35580	200.20756	200.47551	202.43907	201.13157	192.80804
12/9/2024	5:13:38 PM	196.24872	194.70546	197.29889	197.44716	195.28275	198.26836	198.10114	196.33482	199.05657	197.87859	198.34878	200.21699	198.97836	191.04980
12/9/2024	5:13:41 PM	194.19082	192.58508	195.39211	195.41743	193.17434	196.23711	196.00370	194.05967	196.81738	195.58248	196.30287	198.03860	196.82187	189.28243
12/9/2024	5:13:45 PM	192.11116	190.44489	193.46579	193.39690	191.05508	194.19890	193.82299	191.76503	194.54944	193.31185	194.28161	195.88229	194.70816	187.48721
12/9/2024	5:13:48 PM	190.06603	188.43239	191.62486	191.46810	189.04516	192.27128	191.81480	189.59247	192.44722	191.17606	192.32644	193.88583	192.67928	185.78506
12/9/2024	5:13:52 PM	188.06026	186.45108	189.76231	189.53419	187.00249	190.32139	189.75957	187.43317	190.30859	189.01439	190.38149	191.90178	190.66097	184.03944
12/9/2024	5:13:55 PM	186.14882	184.56729	187.99914	187.72233	185.08673	188.47294	187.81206	185.35450	188.26876	186.95841	188.47205	190.03486	188.69680	182.35078
12/9/2024	5:13:59 PM	184.23160	182.62851	186.19873	185.88870	183.14377	186.59985	185.84862	183.31076	186.25548	184.89669	186.60151	188.17342	186.74337	180.65981
12/9/2024	5:14:02 PM	182.44609	180.79613	184.49187	184.15934	181.30884	184.83865	183.99165	181.34327	184.33716	182.98543	184.79397	186.44056	184.90916	179.01621
12/9/2024	5:14:05 PM	180.67176	178.99056	182.79746	182.42060	179.50301	183.07355	182.14097	179.42019	182.44666	181.07075	182.99126	184.70706	183.07403	177.36345
12/9/2024	5:14:09 PM	178.96212	177.23963	181.16118	180.73326	177.75076	181.35252	180.36242	177.56347	180.64935	179.24263	181.22762	183.01054	181.31119	175.75123
12/9/2024	5:14:12 PM	177.29202	175.52676	179.57729	179.10630	176.05943	179.71064	178.64214	175.78471	178.90512	177.47498	179.50804	181.35747	179.59636	174.19267
12/9/2024	5:14:16 PM	175.68358	173.88909	178.04477	177.53243	174.43746	178.12602	176.96987	174.07187	177.23429	175.78365	177.85423	179.76051	177.93394	172.66032
12/9/2024	5:14:19 PM	174.10529	172.27749	176.52721	175.97814	172.83034	176.56676	175.32335	172.38179	175.57619	174.11501	176.22815	178.19902	176.30511	171.13453
12/9/2024	5:14:22 PM	172.55603	170.70022	175.03869	174.45858	171.26383	175.04370	173.71200	170.72733	173.96154	172.48984	174.63306	176.65293	174.71413	169.65006
12/9/2024	5:14:26 PM	171.05119	169.17280	173.59287	172.98782	169.75360	173.55673	172.14988	169.13388	172.39771	170.93392	173.11669	175.17859	173.19762	168.22134
12/9/2024	5:14:29 PM	169.59150	167.69692	172.18321	171.55078	168.28831	172.10917	170.62890	167.56890	170.85099	169.38735	171.59490	173.70661	171.68162	166.78677
12/9/2024	5:14:33 PM	168.18047	166.26648	170.82591	170.16747	166.88015	170.71008	169.16117	166.06743	169.37562	167.91214	170.14709	172.30277	170.23132	165.41132
12/9/2024	5:14:36 PM	166.79863	164.88290	169.50200	168.81392	165.50453	169.32626	167.73556	164.60859	167.92572	166.46111	168.73221	170.92883	168.80990	164.06050
12/9/2024	5:14:39 PM	165.46072	163.53531	168.21405	167.49320	164.15194	167.97009	166.34105	163.17502	166.50923	165.04942	167.34553	169.58662	167.41533	162.73279
12/9/2024	5:14:43 PM	164.11465	162.19128	166.92715	166.17499	162.82215	166.61962	164.94931	161.75879	165.10078	163.65324	165.97868	168.27267	166.05954	161.44211
12/9/2024	5:14:46 PM	162.84944	160.92624	165.70778	164.92683	161.53909	165.33562	163.63111	160.40866	163.75933	162.32531	164.66407	167.00185	164.74874	160.19208
12/9/2024	5:14:50 PM	161.61409	159.69747	164.51847	163.70067	160.28919	164.06732	162.32788	159.08100	162.43031	161.01974	163.36452	165.74552	163.46397	158.96725
12/9/2024	5:14:53 PM	160.37641	158.46953	163.33631	162.48657	159.04442	162.82010	161.04421	157.76859	161.12220	159.73917	162.09716	164.52457	162.20347	157.76375
12/9/2024	5:14:57 PM	159.21572	157.31909	162.22041	161.33753	157.86528	161.62358	159.82191	156.53037	159.88544	158.52821	160.89532	163.36496	161.01676	156.63191
12/9/2024	5:15:00 PM	158.08252	156.19847	161.13182	160.21142	156.71399	160.42662	158.61418	155.30818	158.65492	157.31999	159.69761	162.20792	159.82688	155.50490
12/9/2024	5:15:03 PM	156.94701	155.08523	160.05410	159.09335	155.57498	159.23817	157.43268	154.11906	157.46097	156.16180	158.55153	161.10165	158.69581	154.43236
12/9/2024	5:15:07 PM	155.88573	154.03982	159.03470	158.02457	154.47306	158.11237	156.27635	152.95942	156.29065	155.02292	157.42274	160.01316	157.58271	153.37517
12/9/2024	5:15:10 PM	154.81340	152.99074	158.01027	156.95843	153.38491	157.00093	155.14239	151.82187	155.14005	153.90738	156.32183	158.95643	156.50698	152.35412
12/9/2024	5:15:14 PM	153.81460	152.01448	157.04818	155.95500	152.35847	155.92676	154.05417	150.73590	154.03747	152.83727	155.27193	157.93967	155.47388	151.36894
12/9/2024	5:15:17 PM	152.82926	151.05400	156.09750	154.95505	151.33363	154.86166	152.97698	149.65962	152.94105	151.77642	154.22775	156.92899	154.46265	150.40660
12/9/2024	5:15:21 PM	151.87546	150.12320	155.17935	153.99514	150.35320	153.85066	151.94927	148.63895	151.90346	150.77187	153.22435	155.96841	153.49313	149.48500
12/9/2024	5:15:24 PM	150.95048	149.21606	154.28458	153.05673	149.39445	152.85703	150.92779	147.62636	150.87228	149.78435	152.25121	155.03585	152.55965	148.59012
12/9/2024	5:15:27 PM	150.05221	148.34389	153.41490	152.14227	148.45349	151.87755	149.91994	146.62865	149.85041	148.80082	151.28518	154.09875	151.62947	147.70096
12/9/2024	5:15:31 PM	149.14636	147.46889	152.53754	151.21977	147.51401	150.90367	148.92016	145.64054	148.84177	147.83307	150.33388	153.17879	150.72322	146.83835
12/9/2024	5:15:34 PM	148.30101	146.65368	151.72066	150.36092	146.62658	149.98912	147.97515	144.70639	147.88594	146.91439	149.42909	152.30356	149.86079	146.00732
12/9/2024	5:15:38 PM	147.46741	145.85077	150.91296	149.50973	145.75866	149.08595	147.04384	143.78834	146.94278	146.01322	148.53733	151.43795	149.00792	145.19135
12/9/2024	5:15:41 PM	146.63281	145.04766	150.10917	148.66320	144.88977	148.17062	146.10545	142.86484	145.99795	145.10746	147.65477	150.58423	148.16925	144.38804
12/9/2024	5:15:45 PM	145.84013	144.28373	149.34753	147.85571	144.06485	147.30908	145.21272	141.98766	145.09536	144.24511	146.80570	149.77338	147.36693	143.62229
12/9/2024	5:15:48 PM	145.05020	143.52638	148.58617	147.05089	143.23826	146.44459	144.33026	141.12180	144.20686	143.39850	145.97009	148.96736	146.57744	142.86313
12/9/2024	5:15:52 PM	144.31165	142.81640	147.87302	146.29128	142.45259	145.62555	143.48641	140.29864	143.36050	142.58664	145.17913	148.21689	145.82910	142.14292
12/9/2024	5:15:55 PM	143.58173	142.11530	147.17419	145.54941	141.69079	144.82784	142.65839	139.48707	142.52183	141.78772	144.39230	147.45446	145.08395	141.43246
12/9/2024	5:15:58 PM	142.86707	141.42231	146.47497	144.80993	140.93263	144.02683	141.84082	138.69174	141.70285	141.00340	143.62335	146.70883	144.35644	140.73838
12/9/2024	5:16:02 PM	142.17440	140.75395	145.80146	144.09854	140.20513	143.25869	141.04919	137.91606	140.89639	140.22683	142.85359	145.96059	143.62599	140.04309
12/9/2024	5:16:05 PM	141.46497	140.08038	145.11182	143.37632	139.47171	142.48344	140.25928	137.15386	140.11001	139.48299	142.12440	145.24941	142.93269	139.38443
12/9/2024	5:16:09 PM	140.81095	139.45785	144.46872	142.68593	138.77036	141.73500	139.49483	136.41123	139.34198	138.74482	141.40199	144.53478	142.23689	138.72624
12/9/2024	5:16:12 PM	140.13897	138.81521	143.81499	141.99218	138.06610	140.98929	138.73404	135.67487	138.57425	138.01614	140.68493	143.83276	141.55291	138.07883
12/9/2024	5:16:16 PM	139.50382	138.20388	143.18201	141.32101	137.38677	140.25974	137.99858	134.96075	137.83439	137.30517	139.98625	143.14373	140.88718	137.44890
12/9/2024	5:16:19 PM	138.86325	137.59436	142.56276	140.65833	136.72575	139.54878	137.27920	134.26291	137.10708	136.61544	139.30963	142.46762	140.23155	136.83881
12/9/2024	5:16:22 PM	138.26803	137.01552	141.97127	140.02696	136.08231	138.86558	136.58162	133.59534	136.41044	135.95308	138.64335	141.80816	139.59673	136.23600
12/9/2024	5:16:26 PM	137.67118	136.42856	141.37671	139.40099	135.46679	138.19743	135.90611	132.94611	135.73172	135.30034	137.99859	141.17037	138.97418	135.65839
12/9/2024	5:16:29 PM	137.08245	135.87424	140.78751	138.77815	134.84450	137.51794	135.22832	132.28731	135.04485	134.64442	137.35011	140.53602	138.34515	135.07408
12/9/2024	5:16:33 PM	136.49009	135.30930	140.18592	138.16411	134.22741	136.85625	134.56420	131.65229	134.37823	134.01463	136.72350	139.91053	137.73964	134.50754
12/9/2024	5:16:36 PM	135.93092	134.76141	139.62310	137.55726	133.63055	136.20694	133.92478	131.03820	133.73796	133.40053	136.10126	139.28917	137.13390	133.94727
12/9/2024	5:16:40 PM	135.37250	134.22446	139.07131	136.97511	133.04861	135.58620	133.30082	130.44040	133.11310	132.79832	135.49975	138.69729	136.55047	133.40474
12/9/2024	5:16:43 PM	134.84200	133.69600	138.51608	136.39712	132.48223	134.97286	132.68671	129.84808	132.49540	132.22420	134.90495	138.10878	135.96913	132.86594
12/9/2024	5:16:46 PM	134.29282	133.18363	137.96581	135.82570	131.91791	134.35487	132.08132	129.27034	131.88650	131.63617	134.32301	137.51587	135.40544	132.34743
12/9/2024	5:16:50 PM	133.76322	132.67691	137.43974	135.27442	131.36798	133.76729	131.49201	128.69790	131.28825	131.05752	133.74398	136.93051	134.83977	131.82538
12/9/2024	5:16:53 PM	133.21918	132.15755	136.88251	134.69575	130.82104	133.18181	130.89291	128.12387	130.67841	130.48022	133.16429	136.34177	134.27373	131.30199
12/9/2024	5:16:57 PM	132.69920	131.65202	136.35165	134.14097	130.28817	132.59431	130.31463	127.58202	130.10589	129.92861	132.60060	135.78497	133.72498	130.79300
12/9/2024	5:17:00 PM	132.18541	131.14892	135.80936	133.59828	129.74934	132.01719	129.74499	127.03940	129.54307	129.37706	132.04761	135.23172	133.18504	130.29715
12/9/2024	5:17:04 PM	131.69548	130.66874	135.30924	133.08544	129.25471	131.47670	129.20256	126.51913	128.99260	128.84991	131.51614	134.70243	132.66637	129.82171
12/9/2024	5:17:07 PM	131.21313	130.20965	134.82475	132.57553	128.75072	130.93488	128.67025	126.01320	128.45161	128.33421	130.99450	134.16927	132.15431	129.34642
12/9/2024	5:17:10 PM	130.73307	129.73734	134.32052	132.06107	128.24938	130.40451	128.13765	125.50294	127.92329	127.82060	130.47494	133.63940	131.64479	128.87589
12/9/2024	5:17:14 PM	130.26324	129.27807	133.83854	131.57674	127.77312	129.89504	127.63348	125.02359	127.41753	127.33307	129.97389	133.13394	131.15981	128.42531
12/9/2024	5:17:17 PM	129.79512	128.83742	133.36075	131.08732	127.29901	129.38223	127.13095	124.53945	126.90507	126.83879	129.47309	132.63038	130.67107	127.97633
12/9/2024	5:17:21 PM	129.34105	128.39574	132.88747	130.60813	126.84220	128.89126	126.63408	124.06047	126.40155	126.35956	128.98343	132.13036	130.18790	127.52969
12/9/2024	5:17:24 PM	128.86936	127.93507	132.40741	130.12417	126.36267	128.37626	126.13067	123.58190	125.89688	125.87469	128.48184	131.63124	129.70585	127.07941
12/9/2024	5:17:28 PM	128.41463	127.49616	131.94068	129.64674	125.90843	127.87814	125.63933	123.11726	125.40541	125.39385	127.99756	131.14148	129.23153	126.64134
12/9/2024	5:17:31 PM	127.97855	127.07229	131.47513	129.19103	125.47659	127.41073	125.17630	122.67407	124.93241	124.93542	127.53262	130.67456	128.77405	126.21929
12/9/2024	5:17:34 PM	127.55399	126.64689	131.03273	128.74129	125.04014	126.95284	124.71519	122.23500	124.47598	124.49350	127.07604	130.21849	128.33278	125.80908
12/9/2024	5:17:38 PM	127.13472	126.23820	130.59522	128.29983	124.61817	126.49508	124.26616	121.80670	124.01962	124.05600	126.62063	129.75925	127.88466	125.39382
12/9/2024	5:17:41 PM	126.71320	125.82673	130.14556	127.85827	124.19313	126.04117	123.81957	121.37980	123.56413	123.62396	126.17230	129.29713	127.44639	124.98393
12/9/2024	5:17:45 PM	126.28831	125.41490	129.70502	127.41500	123.76672	125.59103	123.37609	120.95129	123.12747	123.20252	125.72874	128.84188	127.01184	124.58227
12/9/2024	5:17:48 PM	125.87209	125.01726	129.29573	127.00226	123.36033	125.15701	122.94811	120.54887	122.69514	122.78741	125.30404	128.40878	126.59686	124.19425
12/9/2024	5:17:52 PM	125.47254	124.62747	128.86510	126.57827	122.96752	124.72460	122.53288	120.14953	122.27341	122.36999	124.87419	127.97420	126.18147	123.80532
12/9/2024	5:17:55 PM	125.07912	124.23866	128.45232	126.16336	122.57055	124.30552	122.11213	119.74209	121.85380	121.95798	124.44477	127.53799	125.76114	123.41124
12/9/2024	5:17:58 PM	124.67378	123.84898	128.04636	125.76305	122.18663	123.89126	121.70579	119.34982	121.44514	121.56238	124.03537	127.12300	125.36145	123.03885
12/9/2024	5:18:02 PM	124.29164	123.47497	127.63774	125.35777	121.80544	123.48268	121.30387	118.96672	121.03446	121.16013	123.62044	126.70749	124.95834	122.66599
12/9/2024	5:18:05 PM	123.90401	123.09485	127.23808	124.95563	121.42169	123.06743	120.90277	118.57546	120.62831	120.76970	123.21508	126.29599	124.56172	122.29643
12/9/2024	5:18:09 PM	123.53625	122.73380	126.84333	124.57224	121.06032	122.67329	120.51676	118.19751	120.23708	120.39446	122.82233	125.89691	124.17527	121.93370
12/9/2024	5:18:12 PM	123.16122	122.37385	126.44964	124.18074	120.68693	122.27715	120.12312	117.81188	119.83808	120.00481	122.41159	125.47275	123.76736	121.54760
12/9/2024	5:18:16 PM	122.76161	121.97912	126.03006	123.77180	120.29629	121.85782	119.70572	117.42317	119.42804	119.61365	121.99614	125.05096	123.36235	121.17541
12/9/2024	5:18:20 PM	122.38301	121.60358	125.62188	123.36724	119.90711	121.45126	119.30976	117.04632	119.02450	119.20680	121.58422	124.63278	122.95768	120.79983
12/9/2024	5:18:23 PM	121.99664	121.22713	125.21419	122.96652	119.53761	121.04965	118.90860	116.65503	118.61513	118.80473	121.16352	124.20332	122.54758	120.41406
12/9/2024	5:18:27 PM	121.60038	120.84306	124.79547	122.55391	119.14641	120.63639	118.51215	116.27672	118.22528	118.43177	120.76953	123.79978	122.16205	120.04920
12/9/2024	5:18:31 PM	121.22760	120.47806	124.40550	122.17986	118.79098	120.25035	118.14179	115.91964	117.84497	118.06975	120.38369	123.40237	121.77450	119.68172
12/9/2024	5:18:35 PM	120.86075	120.11334	124.00943	121.79545	118.43556	119.86884	117.76911	115.56636	117.46755	117.69132	119.99225	123.00543	121.39772	119.33973
12/9/2024	5:18:38 PM	120.50576	119.76700	123.63637	121.43425	118.09331	119.50041	117.40965	115.22735	117.11236	117.34195	119.62353	122.62379	121.03398	118.99168
12/9/2024	5:18:42 PM	120.15268	119.42079	123.25353	121.05762	117.73605	119.12632	117.04618	114.87859	116.74375	116.97578	119.25061	122.24502	120.67173	118.65255
12/9/2024	5:18:46 PM	119.79962	119.07715	122.87854	120.68469	117.39513	118.76460	116.69062	114.53080	116.38561	116.63139	118.87915	121.86437	120.30677	118.30715
12/9/2024	5:18:50 PM	119.44492	118.72826	122.49950	120.32608	117.05989	118.40106	116.33869	114.19894	116.03332	116.29561	118.52125	121.49699	119.95022	117.97480
12/9/2024	5:18:53 PM	119.11237	118.39937	122.14349	119.98798	116.74244	118.06217	116.00671	113.88088	115.69697	115.95657	118.16923	121.13074	119.60748	117.65307
12/9/2024	5:18:57 PM	118.77155	118.06780	121.78533	119.64096	116.41443	117.71210	115.66804	113.56258	115.35575	115.63682	117.82222	120.77737	119.26755	117.33295
12/9/2024	5:19:01 PM	118.44699	117.75130	121.43226	119.29189	116.08547	117.37565	115.34015	113.24530	115.01854	115.29161	117.46923	120.40894	118.92073	117.00504
12/9/2024	5:19:05 PM	118.10868	117.42085	121.07314	118.94771	115.77451	117.03020	115.00480	112.92878	114.69019	114.97836	117.13118	120.06728	118.59086	116.68787
12/9/2024	5:19:09 PM	117.78638	117.10001	120.72851	118.62243	115.46674	116.70875	114.68731	112.62133	114.36910	114.65505	116.80022	119.72069	118.26422	116.38215
12/9/2024	5:19:12 PM	117.47127	116.79224	120.39692	118.30128	115.14357	116.32852	114.36325	112.38639	114.08934	114.28658	116.22592	118.98472	117.91954	115.97865
12/9/2024	5:19:16 PM	116.62054	115.99024	119.79415	117.95464	115.08052	116.47609	114.50290	112.51465	114.00722	114.06043	115.92525	118.51601	117.74127	115.82550
12/9/2024	5:19:19 PM	116.09229	115.49800	119.40890	117.65381	114.87406	116.34555	114.48865	112.56836	114.08298	114.06664	115.69788	118.28660	117.70213	115.75692
12/9/2024	5:19:23 PM	116.08846	115.40459	119.20313	117.53356	114.81659	116.30246	114.50469	112.64721	114.03265	114.10659	115.63587	117.99913	117.34818	115.35260
12/9/2024	5:19:26 PM	115.50440	114.90421	118.73060	117.08687	114.49321	115.94759	114.06516	112.19173	113.58051	113.67550	115.28403	117.74876	116.93670	114.97193
12/9/2024	5:19:30 PM	115.50000	114.82148	118.47451	116.77255	114.02327	115.42632	113.59060	111.67396	113.13778	113.25303	114.91706	117.42781	116.55040	114.65590
12/9/2024	5:19:33 PM	115.23123	114.53603	118.11235	116.41778	113.63734	115.03317	113.21371	111.29073	112.79379	112.90175	114.55982	117.11449	116.18061	114.30543
12/9/2024	5:19:36 PM	114.89807	114.19462	117.74049	116.05102	113.27424	114.67561	112.85166	110.93869	112.43257	112.54690	114.22367	116.78665	115.83666	113.96603
12/9/2024	5:19:40 PM	114.57768	113.87648	117.38982	115.71088	112.93263	114.33549	112.53161	110.62979	112.12241	112.22719	113.90475	116.46544	115.51679	113.64964
12/9/2024	5:19:43 PM	114.27274	113.57052	117.05305	115.38446	112.62027	114.02982	112.21404	110.34384	111.82271	111.93905	113.60079	116.16130	115.20473	113.34849
12/9/2024	5:19:47 PM	113.97246	113.27204	116.72570	115.06317	112.31114	113.70684	111.91914	110.05237	111.52278	111.64710	113.29054	115.84664	114.89268	113.04151
12/9/2024	5:19:50 PM	113.66552	112.96685	116.39319	114.73837	111.99948	113.39250	111.60775	109.75287	111.22847	111.34862	112.98911	115.53063	114.58513	112.73780
12/9/2024	5:19:54 PM	113.36143	112.66222	116.06418	114.42149	111.70109	113.08766	111.30343	109.46081	110.93567	111.06007	112.69318	115.22758	114.27946	112.45068
12/9/2024	5:19:57 PM	113.07135	112.38161	115.75550	114.12189	111.41595	112.78832	111.02375	109.18948	110.65653	110.78772	112.39986	114.92464	113.98564	112.16027
12/9/2024	5:20:01 PM	112.77983	112.09392	115.43626	113.81610	111.12910	112.49506	110.73234	108.91845	110.37881	110.49368	112.10495	114.61844	113.68388	111.87169
12/9/2024	5:20:04 PM	112.49024	111.80725	115.12487	113.51724	110.84138	112.20278	110.45221	108.65246	110.10774	110.22349	111.82312	114.32710	113.39830	111.59056
12/9/2024	5:20:07 PM	112.20825	111.53321	114.82241	113.22162	110.57170	111.91312	110.16867	108.37273	109.83088	109.94580	111.52641	114.02381	113.10367	111.31069
12/9/2024	5:20:11 PM	111.91505	111.23964	114.50101	112.91858	110.27805	111.61596	109.88703	108.10895	109.55370	109.66511	111.24048	113.72321	112.80680	111.02517
12/9/2024	5:20:14 PM	111.62916	110.95998	114.20137	112.62882	110.01072	111.33697	109.60475	107.84987	109.28182	109.39590	110.94959	113.42583	112.52250	110.74689
12/9/2024	5:20:18 PM	111.34663	110.68157	113.90100	112.33582	109.73075	111.06737	109.33526	107.59023	109.01864	109.12667	110.67919	113.14057	112.24432	110.47568
12/9/2024	5:20:21 PM	111.07457	110.41672	113.61146	112.06578	109.48086	110.79109	109.08342	107.34121	108.75777	108.87681	110.41518	112.86620	111.97721	110.22184
12/9/2024	5:20:24 PM	110.81181	110.16535	113.32631	111.79026	109.22073	110.52288	108.81964	107.09757	108.50936	108.62837	110.14097	112.58456	111.70081	109.95375
12/9/2024	5:20:28 PM	110.54846	109.90611	113.03953	111.51902	108.95994	110.26606	108.55845	106.85620	108.25346	108.38293	109.88006	112.31288	111.43134	109.69730
12/9/2024	5:20:31 PM	110.28417	109.64587	112.75722	111.25316	108.71486	110.00338	108.30439	106.61453	108.00488	108.12063	109.61666	112.03961	111.16468	109.44213
12/9/2024	5:20:35 PM	110.02686	109.38943	112.47970	110.98137	108.46837	109.75002	108.03561	106.37061	107.74934	107.87186	109.35635	111.76538	110.89918	109.18362
12/9/2024	5:20:38 PM	109.76690	109.13412	112.20417	110.71576	108.21523	109.48150	107.80983	106.15073	107.50544	107.63674	109.09981	111.50043	110.63736	108.93162
12/9/2024	5:20:41 PM	109.51412	108.88480	111.93064	110.45738	107.97548	109.22737	107.56125	105.92730	107.26449	107.40366	108.84806	111.23701	110.37980	108.69242
12/9/2024	5:20:45 PM	109.26914	108.64391	111.66912	110.20719	107.73282	108.99473	107.33207	105.68980	107.03743	107.17633	108.60927	110.98518	110.12858	108.45645
12/9/2024	5:20:48 PM	109.02632	108.40578	111.40483	109.95406	107.49901	108.74676	107.09112	105.46694	106.79983	106.93081	108.35799	110.72225	109.87874	108.20902
12/9/2024	5:20:52 PM	108.77941	108.16476	111.14413	109.71201	107.27687	108.50171	106.85959	105.24108	106.57850	106.72203	108.12106	110.47506	109.62943	107.97233
12/9/2024	5:20:55 PM	108.53908	107.92403	110.88545	109.45697	107.03956	108.25827	106.61462	105.01183	106.34007	106.47469	107.86873	110.21388	109.37879	107.73594
12/9/2024	5:20:59 PM	108.29940	107.69308	110.63102	109.21754	106.81477	108.03234	106.39548	104.79519	106.11832	106.26063	107.63724	109.97006	109.13629	107.50311
12/9/2024	5:21:02 PM	108.06055	107.45719	110.37803	108.97271	106.58734	107.78837	106.16376	104.57631	105.89261	106.01875	107.39423	109.71803	108.89236	107.26403
12/9/2024	5:21:05 PM	107.82523	107.23021	110.12419	108.73486	106.36943	107.55621	105.92948	104.37973	105.67119	105.81413	107.16105	109.47489	108.65059	107.03904
12/9/2024	5:21:09 PM	107.59254	107.00150	109.87783	108.49717	106.14538	107.33657	105.71025	104.16178	105.45944	105.60038	106.93707	109.23938	108.41761	106.81253
12/9/2024	5:21:12 PM	107.36717	106.78535	109.63644	108.26696	105.92845	107.11299	105.49900	103.95048	105.24267	105.38172	106.71255	109.00658	108.18687	106.59515
12/9/2024	5:21:16 PM	107.14688	106.56726	109.39020	108.03725	105.71042	106.88706	105.27760	103.73901	105.02323	105.17027	106.47891	108.76765	107.95052	106.36844
12/9/2024	5:21:19 PM	106.91587	106.34201	109.14391	107.80661	105.50468	106.65924	105.05337	103.54235	104.80789	104.95963	106.25773	108.53386	107.72209	106.15133
12/9/2024	5:21:22 PM	106.70288	106.12138	108.91736	107.58728	105.29894	106.44628	104.84116	103.34816	104.60480	104.75400	106.03919	108.30397	107.50089	105.94068
12/9/2024	5:21:26 PM	106.48156	105.90958	108.68461	107.36282	105.09068	106.23036	104.63806	103.14273	104.39844	104.55248	105.82214	108.07225	107.27222	105.72146
12/9/2024	5:21:29 PM	106.25906	105.69478	108.44668	107.14297	104.88251	106.02080	104.43117	102.93844	104.19009	104.34270	105.60467	107.84976	107.05015	105.50816
12/9/2024	5:21:33 PM	106.05093	105.48564	108.21879	106.92122	104.67710	105.81521	104.22648	102.75230	103.99067	104.14564	105.38873	107.62955	106.83116	105.30333
12/9/2024	5:21:36 PM	105.83786	105.27974	107.99094	106.70860	104.47892	105.60625	104.02299	102.56481	103.79643	103.95419	105.18238	107.41087	106.61055	105.09694
12/9/2024	5:21:40 PM	105.63551	105.08293	107.77180	106.49765	104.28330	105.39379	103.83235	102.37643	103.60249	103.76261	104.97819	107.19289	106.39802	104.88734
12/9/2024	5:21:43 PM	105.42629	104.87742	107.55005	106.28646	104.08696	105.18985	103.62855	102.18843	103.40312	103.56573	104.76782	106.97581	106.18578	104.68590
12/9/2024	5:21:46 PM	105.22546	104.68184	107.33339	106.08327	103.89913	104.99642	103.43619	102.00059	103.21147	103.37522	104.56492	106.76617	105.97912	104.49077
12/9/2024	5:21:50 PM	105.02144	104.47719	107.11693	105.87735	103.70800	104.78932	103.23731	101.82264	103.01931	103.19161	104.36226	106.55338	105.76603	104.29039
12/9/2024	5:21:53 PM	104.82050	104.28262	106.89734	105.67275	103.51762	104.59003	103.04745	101.63342	102.82792	102.99599	104.16207	106.34147	105.55868	104.09089
12/9/2024	5:21:57 PM	104.62089	104.08456	106.67857	105.46315	103.33103	104.39451	102.84988	101.45440	102.63613	102.80891	103.95831	106.12738	105.35225	103.89274
12/9/2024	5:22:00 PM	104.42115	103.88911	106.46767	105.26879	103.13894	104.19875	102.66356	101.26484	102.45351	102.63016	103.76514	105.92685	105.14869	103.69618
12/9/2024	5:22:04 PM	104.22709	103.69304	106.25736	105.06732	102.95590	104.01219	102.47249	101.08556	102.26853	102.43941	103.56766	105.71956	104.94774	103.50655
12/9/2024	5:22:07 PM	104.03716	103.50323	106.05264	104.87253	102.76815	103.82832	102.28823	100.92724	102.08789	102.26394	103.37291	105.51728	104.74730	103.31965
12/9/2024	5:22:11 PM	103.84769	103.32935	105.85058	104.68410	102.59978	103.63990	102.11802	100.75582	101.91351	102.09387	103.19249	105.32961	104.55866	103.13962
12/9/2024	5:22:14 PM	103.66954	103.14689	105.65089	104.49951	102.42932	103.46059	101.94057	100.58279	101.73990	101.91836	103.00787	105.13120	104.36616	102.95698
12/9/2024	5:22:18 PM	103.48417	102.96446	105.45796	104.30920	102.25416	103.27605	101.76859	100.42059	101.56906	101.75400	102.82637	104.94307	104.18123	102.78110
12/9/2024	5:22:21 PM	103.30858	102.79371	105.26838	104.13382	102.09143	103.10315	101.59773	100.25796	101.43118	101.60070	102.60107	104.63978	104.01482	102.59709
12/9/2024	5:22:24 PM	102.90808	102.41415	104.95785	103.78225	101.73466	102.77832	101.29722	99.98039	100.90393	101.05233	101.92853	103.98627	103.07170	101.68073
12/9/2024	5:22:28 PM	102.11164	101.76655	104.17387	103.15370	101.31938	102.39770	100.92445	99.61658	100.69899	100.81895	101.72303	103.73469	103.11410	101.66619
12/9/2024	5:22:31 PM	102.07035	101.61020	104.11892	103.13781	101.30398	102.37937	100.84632	99.63465	100.66140	100.74258	101.58499	103.58343	103.00963	101.57849
12/9/2024	5:22:35 PM	101.95299	101.48471	103.97068	103.00637	101.18200	102.26292	100.64645	99.50582	100.50555	100.56496	101.36861	103.37512	102.80331	101.39734
12/9/2024	5:22:38 PM	101.73868	101.27410	103.75729	102.82140	101.02032	102.10229	100.43488	99.35825	100.33660	100.37586	101.13928	103.14214	102.60422	101.21010
12/9/2024	5:22:42 PM	101.51887	101.06888	103.54786	102.63714	100.85960	101.94466	100.22831	99.20460	100.17626	100.19149	100.93560	102.93728	102.42234	101.03930
12/9/2024	5:22:45 PM	101.32088	100.87631	103.35205	102.45915	100.70355	101.79910	100.03922	99.06600	100.03213	100.03288	100.74747	102.73661	102.24086	100.88059
12/9/2024	5:22:48 PM	101.12728	100.69824	103.15759	102.29365	100.54762	101.64134	99.85338	98.92974	99.87964	99.87036	100.56052	102.53551	102.05752	100.70979
12/9/2024	5:22:52 PM	100.93614	100.50429	102.95699	102.10924	100.38630	101.47086	99.67890	98.80018	99.72846	99.69863	100.36969	102.32785	101.87436	100.54193
12/9/2024	5:22:55 PM	100.73870	100.32146	102.75419	101.93424	100.22396	101.30530	99.50404	98.67652	99.58160	99.53467	100.18385	102.12283	101.69347	100.37768
12/9/2024	5:22:59 PM	100.54509	100.13747	102.55594	101.74255	100.04727	101.14230	99.34340	98.54523	99.42434	99.37240	100.00149	101.92490	101.50980	100.20942
12/9/2024	5:23:02 PM	100.35524	99.95348	102.35571	101.56509	99.88306	100.97850	99.18531	98.41424	99.27615	99.21029	99.81248	101.72199	101.32093	100.03784
12/9/2024	5:23:05 PM	100.16653	99.76515	102.15696	101.37720	99.71653	100.81199	99.02791	98.26731	99.10786	99.04564	99.62964	101.51988	101.13752	99.86207
12/9/2024	5:23:09 PM	99.97490	99.58423	101.95239	101.19055	99.54968	100.63565	98.88688	98.12239	98.94629	98.86886	99.44556	101.31397	100.95782	99.68727
12/9/2024	5:23:12 PM	99.78338	99.39692	101.75364	101.00354	99.37449	100.45932	98.74452	97.95855	98.78735	98.70531	99.26168	101.12304	100.78164	99.52104
12/9/2024	5:23:16 PM	99.59608	99.21718	101.55875	100.82195	99.21067	100.29980	98.59829	97.79964	98.62807	98.53806	99.08562	100.92492	100.60107	99.35198
12/9/2024	5:23:19 PM	99.40887	99.03924	101.36549	100.64210	99.04697	100.13677	98.43910	97.65879	98.46768	98.37307	98.90535	100.72742	100.41684	99.17914
12/9/2024	5:23:23 PM	99.21967	98.85421	101.16436	100.46248	98.88777	99.97013	98.29906	97.52529	98.30968	98.21601	98.73016	100.54035	100.24416	99.01064
12/9/2024	5:23:26 PM	99.04146	98.67908	100.97430	100.28801	98.72578	99.80204	98.15024	97.39145	98.16078	98.05944	98.55653	100.35183	100.06998	98.85282
12/9/2024	5:23:29 PM	98.86363	98.51384	100.79255	100.10758	98.56270	99.64658	98.01879	97.25048	98.01144	97.90917	98.38683	100.16808	99.89819	98.69047
12/9/2024	5:23:33 PM	98.68947	98.34359	100.60457	99.93877	98.41053	99.49828	97.87528	97.11908	97.85885	97.75180	98.21759	99.98581	99.73130	98.52718
12/9/2024	5:23:36 PM	98.51754	98.17696	100.42082	99.77386	98.25241	99.33321	97.73867	96.98944	97.70955	97.59607	98.05268	99.81223	99.57027	98.37551
12/9/2024	5:23:40 PM	98.35360	98.01699	100.24538	99.60540	98.10205	99.18294	97.62682	96.83437	97.56634	97.44854	97.89129	99.63948	99.40676	98.22090
12/9/2024	5:23:43 PM	98.18660	97.84659	100.06588	99.44177	97.95063	99.03326	97.48634	96.69193	97.41723	97.29764	97.72887	99.46503	99.23936	98.05960
12/9/2024	5:23:46 PM	98.02325	97.69209	99.89340	99.28085	97.80277	98.87336	97.35384	96.55914	97.26915	97.15305	97.56572	99.29254	99.08115	97.90602
12/9/2024	5:23:50 PM	97.85512	97.53005	99.71344	99.11439	97.65214	98.71554	97.22001	96.41243	97.12160	96.99032	97.38577	99.09820	98.92034	97.75777
12/9/2024	5:23:53 PM	97.65879	97.32515	99.51296	98.95104	97.52501	98.62022	97.08040	96.19752	96.83277	96.59752	96.88966	98.82219	98.53690	97.41725
12/9/2024	5:23:57 PM	97.31856	96.99099	99.15881	98.56720	97.16343	98.27773	96.81818	95.98283	96.66404	96.51213	96.88123	98.58836	98.41662	97.21907
12/9/2024	5:24:00 PM	97.13807	96.80760	98.99163	98.44811	97.09038	98.20787	96.77143	95.94404	96.56933	96.41168	96.74076	98.40083	98.26868	97.08961
12/9/2024	5:24:04 PM	96.98743	96.65757	98.82572	98.31168	96.97527	98.06419	96.65686	95.82434	96.43969	96.28050	96.58187	98.21320	98.10612	96.94362
12/9/2024	5:24:07 PM	96.82208	96.49667	98.64856	98.15398	96.84327	97.92505	96.52410	95.69729	96.25766	96.01642	96.20431	97.54391	96.98598	95.54204
12/9/2024	5:24:11 PM	95.48904	95.02333	97.36356	96.64637	95.14531	96.47437	94.56381	94.30877	94.40064	89.56711	76.51943	76.69216	76.46147	76.38218
12/9/2024	5:24:14 PM	76.33279	76.20525	76.43103	76.59517	76.31031	76.45560	76.43581	76.35363	76.29606	76.38500	76.31189	76.48333	76.35941	76.32648
12/9/2024	5:24:17 PM	76.23366	76.20208	76.37795	76.58355	76.31948	76.45234	76.44154	76.34914	76.29361	76.40884	76.31471	76.47699	76.34238	76.34139
12/9/2024	5:24:21 PM	76.27953	76.22409	76.38198	76.57270	76.30713	76.45537	76.42583	76.35692	76.30616	76.42876	76.32069	76.46349	76.35354	76.32744
