6/10/2025	1:04:18 PM	77.10347	77.04813	77.09232	77.12471	77.12940	77.05369	77.15293	77.29707	77.11850	77.12788	77.11246	77.15270	76.60059	76.60427
6/10/2025	1:04:21 PM	77.10371	77.04786	77.09186	77.12407	77.12922	77.05402	77.15385	77.29732	77.11947	77.12793	77.11247	77.15265	76.60091	76.60498
6/10/2025	1:04:25 PM	77.10420	77.04816	77.09231	77.12476	77.12955	77.05367	77.15328	77.29714	77.11848	77.12805	77.11218	77.15253	76.60057	76.60493
6/10/2025	1:04:29 PM	77.10374	77.04758	77.09236	77.12447	77.12911	77.05335	77.15304	77.29708	77.11846	77.12761	77.11221	77.15262	76.60039	76.60459
6/10/2025	1:04:32 PM	77.10361	77.04741	77.09187	77.12375	77.12904	77.05333	77.15278	77.29687	77.11844	77.12788	77.11252	77.15281	76.60052	76.60500
6/10/2025	1:04:36 PM	77.10372	77.04748	77.09165	77.12429	77.12896	77.05325	77.15261	77.29639	77.11850	77.12823	77.11234	77.15253	76.60007	76.60541
6/10/2025	1:04:39 PM	77.10393	77.04712	77.09200	77.12394	77.12883	77.05321	77.15259	77.29715	77.11845	77.12808	77.11279	77.15270	76.60051	76.60515
6/10/2025	1:04:43 PM	77.10410	77.04736	77.09220	77.12459	77.12924	77.05320	77.15265	77.29669	77.11859	77.12828	77.11268	77.15244	76.60038	76.60524
6/10/2025	1:04:47 PM	77.10401	77.04727	77.09240	77.12446	77.12890	77.05293	77.15299	77.29705	77.11871	77.12804	77.11233	77.15286	76.60015	76.60500
6/10/2025	1:04:50 PM	77.10379	77.04686	77.09237	77.12376	77.12873	77.05285	77.15249	77.29670	77.11810	77.12773	77.11247	77.15200	76.60059	76.60499
6/10/2025	1:04:54 PM	77.10400	77.04751	77.09207	77.12384	77.12761	77.05356	77.15296	77.29667	77.11842	77.12797	77.11228	77.15220	76.59977	76.60530
6/10/2025	1:04:57 PM	77.10381	77.04694	77.09190	77.12399	77.12887	77.05278	77.15324	77.29694	77.11853	77.12831	77.11265	77.15234	76.60020	76.60549
6/10/2025	1:05:01 PM	77.10442	77.04675	77.09206	77.12418	77.12872	77.05234	77.15315	77.29692	77.11852	77.12794	77.11223	77.15199	76.59969	76.60489
6/10/2025	1:05:05 PM	77.10397	77.04677	77.09243	77.12394	77.12876	77.05254	77.15309	77.29691	77.11839	77.12817	77.11225	77.15242	76.59989	76.60533
6/10/2025	1:05:08 PM	77.10413	77.04726	77.09239	77.12403	77.12882	77.05264	77.15285	77.29651	77.11845	77.12821	77.11266	77.15202	76.59943	76.60498
6/10/2025	1:05:12 PM	77.10358	77.04709	77.09268	77.12412	77.12868	77.05264	77.15250	77.29645	77.11850	77.12794	77.11203	77.15171	76.59934	76.60515
6/10/2025	1:05:15 PM	77.10373	77.04667	77.09186	77.12347	77.12860	77.05238	77.15263	77.29630	77.11822	77.12740	77.11238	77.15191	76.59961	76.60517
6/10/2025	1:05:19 PM	77.10398	77.04670	77.09227	77.12413	77.12861	77.05271	77.15278	77.29633	77.11822	77.12788	77.11232	77.15181	76.59963	76.60485
6/10/2025	1:05:23 PM	77.10387	77.04672	77.09250	77.12359	77.12884	77.05280	77.15288	77.29689	77.11855	77.12810	77.11233	77.15221	76.59945	76.60489
6/10/2025	1:05:26 PM	77.10381	77.04673	77.09189	77.12324	77.12834	77.05254	77.15231	77.29657	77.11846	77.12769	77.11223	77.15196	76.59936	76.60526
6/10/2025	1:05:30 PM	77.10382	77.04649	77.09227	77.12401	77.12876	77.05274	77.15302	77.29658	77.11833	77.12783	77.11246	77.15206	76.59973	76.60496
6/10/2025	1:05:33 PM	77.10348	77.04675	77.09225	77.12376	77.12897	77.05299	77.15317	77.29664	77.11834	77.12792	77.11236	77.15222	76.59938	76.60510
6/10/2025	1:05:37 PM	77.10369	77.04628	77.09234	77.12380	77.12910	77.05275	77.15280	77.29655	77.11894	77.12825	77.11252	77.15182	76.59941	76.60523
6/10/2025	1:05:41 PM	77.10384	77.04648	77.09220	77.12360	77.12842	77.05280	77.15278	77.29661	77.11851	77.12812	77.11252	77.15203	76.59915	76.60506
6/10/2025	1:05:44 PM	77.10373	77.04638	77.09205	77.12374	77.12871	77.05272	77.15311	77.29631	77.11885	77.12804	77.11254	77.15227	76.59969	76.60516
6/10/2025	1:05:48 PM	77.10429	77.04656	77.09237	77.12403	77.12889	77.05267	77.15321	77.29667	77.11849	77.12825	77.11264	77.15200	76.59949	76.60471
6/10/2025	1:05:51 PM	77.10342	77.04630	77.09220	77.12329	77.12827	77.05261	77.15272	77.29638	77.11841	77.12796	77.11224	77.15200	76.59955	76.60488
6/10/2025	1:05:55 PM	77.10389	77.04614	77.09239	77.12359	77.12833	77.05255	77.15247	77.29666	77.11869	77.12850	77.11285	77.15222	76.59974	76.60507
6/10/2025	1:05:59 PM	77.10374	77.04660	77.09210	77.12394	77.12879	77.05222	77.15290	77.29667	77.11857	77.12841	77.11233	77.15165	76.59958	76.60522
6/10/2025	1:06:02 PM	77.10409	77.04625	77.09220	77.12333	77.12886	77.05259	77.15291	77.29670	77.11863	77.12838	77.11257	77.15156	76.59930	76.60435
6/10/2025	1:06:06 PM	77.10369	77.04639	77.09238	77.12379	77.12884	77.05248	77.15304	77.29640	77.11868	77.12835	77.11298	77.15220	76.59992	76.60522
6/10/2025	1:06:09 PM	77.10407	77.04661	77.09232	77.12380	77.12864	77.05246	77.15305	77.29670	77.11854	77.12795	77.11252	77.15196	76.59971	76.60517
6/10/2025	1:06:13 PM	77.10360	77.04625	77.09217	77.12332	77.12886	77.05256	77.15277	77.29642	77.11850	77.12796	77.11249	77.15173	76.59924	76.60487
6/10/2025	1:06:16 PM	77.10337	77.04587	77.09209	77.12313	77.12833	77.05231	77.15261	77.29661	77.11825	77.12766	77.11201	77.15134	76.59930	76.60453
6/10/2025	1:06:20 PM	77.10361	77.04617	77.09209	77.12337	77.12873	77.05235	77.15276	77.29641	77.11820	77.12804	77.11204	77.15119	76.59903	76.60447
6/10/2025	1:06:24 PM	77.10316	77.04590	77.09180	77.12314	77.12841	77.05211	77.15246	77.29640	77.11862	77.12831	77.11229	77.15143	76.59898	76.60476
6/10/2025	1:06:27 PM	77.10337	77.04574	77.09187	77.12326	77.12866	77.05218	77.15283	77.29643	77.11828	77.12770	77.11231	77.15144	76.59923	76.60450
6/10/2025	1:06:31 PM	77.10304	77.04557	77.09196	77.12290	77.12826	77.05226	77.15236	77.29632	77.11834	77.12804	77.11187	77.15112	76.59918	76.60471
6/10/2025	1:06:34 PM	77.10321	77.04572	77.09184	77.12301	77.12826	77.05195	77.15229	77.29588	77.11839	77.12774	77.11227	77.15119	76.59888	76.60429
6/10/2025	1:06:38 PM	77.10344	77.04571	77.09187	77.12316	77.12853	77.05225	77.15278	77.29603	77.11840	77.12779	77.11192	77.15115	76.59864	76.60454
6/10/2025	1:06:42 PM	77.10280	77.04563	77.09151	77.12288	77.12813	77.05207	77.15235	77.29618	77.11798	77.12712	77.11166	77.15084	76.59874	76.60507
6/10/2025	1:06:45 PM	77.10302	77.04564	77.09195	77.12300	77.12817	77.05197	77.15240	77.29615	77.11840	77.12746	77.11186	77.15124	76.59877	76.60465
6/10/2025	1:06:49 PM	77.10308	77.04582	77.09197	77.12315	77.12821	77.05202	77.15243	77.29572	77.11813	77.12773	77.11193	77.15110	76.59915	76.60462
6/10/2025	1:06:52 PM	77.10304	77.04533	77.09165	77.12291	77.12812	77.05198	77.15241	77.29568	77.11805	77.12760	77.11211	77.15119	76.59863	76.60468
6/10/2025	1:06:56 PM	77.10299	77.04534	77.09195	77.12264	77.12810	77.05205	77.15258	77.29610	77.11775	77.12760	77.11221	77.15099	76.59850	76.60434
6/10/2025	1:07:00 PM	77.10297	77.04518	77.09180	77.12282	77.12778	77.05195	77.15220	77.29586	77.11785	77.12767	77.11183	77.15100	76.59891	76.60431
6/10/2025	1:07:03 PM	77.10326	77.04558	77.09216	77.12317	77.12825	77.05220	77.15249	77.29592	77.11803	77.12739	77.11192	77.15084	76.59881	76.60450
6/10/2025	1:07:07 PM	77.10337	77.04556	77.09170	77.12309	77.12762	77.05160	77.15197	77.29584	77.11810	77.12758	77.11216	77.15094	76.59852	76.60448
6/10/2025	1:07:10 PM	77.10305	77.04536	77.09198	77.12284	77.12811	77.05198	77.15258	77.29594	77.11831	77.12768	77.11205	77.15094	76.59855	76.60479
6/10/2025	1:07:14 PM	77.10274	77.04530	77.09153	77.12265	77.12789	77.05190	77.15175	77.29591	77.11821	77.12732	77.11140	77.15060	76.59843	76.60425
6/10/2025	1:07:18 PM	77.10292	77.04517	77.09163	77.12241	77.12762	77.05179	77.15215	77.29559	77.11782	77.12702	77.11159	77.15049	76.59828	76.60399
6/10/2025	1:07:21 PM	77.10267	77.04487	77.09178	77.12215	77.12742	77.05171	77.15181	77.29547	77.11742	77.12712	77.11083	77.15051	76.59806	76.60436
6/10/2025	1:07:25 PM	77.10219	77.04497	77.09138	77.12234	77.12777	77.05128	77.15172	77.29608	77.11770	77.12764	77.11119	77.15091	76.59809	76.60456
6/10/2025	1:07:28 PM	77.10274	77.04494	77.09138	77.12208	77.12670	77.05073	77.15191	77.29519	77.11774	77.12728	77.11124	77.15040	76.59801	76.60413
6/10/2025	1:07:32 PM	77.10235	77.04452	77.09149	77.12206	77.12746	77.05168	77.15182	77.29514	77.11788	77.12736	77.11147	77.15085	76.59809	76.60405
6/10/2025	1:07:36 PM	77.10223	77.04468	77.09147	77.12203	77.12722	77.05119	77.15200	77.29537	77.11715	77.12733	77.11123	77.15013	76.59782	76.60408
6/10/2025	1:07:39 PM	77.10231	77.04472	77.09132	77.12199	77.12719	77.05096	77.15135	77.29469	77.11756	77.12656	77.11134	77.15044	76.59771	76.60380
6/10/2025	1:07:43 PM	77.10212	77.04447	77.09114	77.12215	77.12711	77.05091	77.15146	77.29491	77.11754	77.12677	77.11088	77.15009	76.59776	76.60343
6/10/2025	1:07:46 PM	77.10222	77.04444	77.09134	77.12191	77.12720	77.05100	77.15154	77.29507	77.11765	77.12683	77.11091	77.15036	76.59769	76.60403
6/10/2025	1:07:50 PM	77.10188	77.04449	77.09098	77.12174	77.12686	77.05077	77.15121	77.29452	77.11723	77.12662	77.11063	77.14937	76.59736	76.60385
6/10/2025	1:07:54 PM	77.10167	77.04415	77.09141	77.12138	77.12678	77.05056	77.15111	77.29464	77.11696	77.12661	77.11125	77.14994	76.59778	76.60377
6/10/2025	1:07:57 PM	77.10247	77.04428	77.09098	77.12155	77.12738	77.05094	77.15161	77.29453	77.11708	77.12672	77.11097	77.14982	76.59792	76.60387
6/10/2025	1:08:01 PM	77.10195	77.04420	77.09104	77.12152	77.12715	77.05078	77.15097	77.29431	77.11704	77.12654	77.11097	77.14965	76.59678	76.60337
6/10/2025	1:08:04 PM	77.10123	77.04381	77.09061	77.12103	77.12655	77.05022	77.15061	77.29387	77.11666	77.12605	77.11093	77.14948	76.59736	76.60327
6/10/2025	1:08:08 PM	77.10179	77.04366	77.09057	77.12113	77.12651	77.05021	77.15040	77.29443	77.11652	77.12634	77.11052	77.14976	76.59753	76.60335
6/10/2025	1:08:11 PM	77.10137	77.04353	77.09021	77.12084	77.12651	77.05053	77.15053	77.29407	77.11679	77.12609	77.11076	77.14985	76.59763	76.60371
6/10/2025	1:08:15 PM	77.10179	77.04378	77.09053	77.12106	77.12678	77.05031	77.15028	77.29404	77.11684	77.12617	77.11040	77.14963	76.59739	76.60368
6/10/2025	1:08:19 PM	77.10162	77.04366	77.09084	77.12117	77.12681	77.05065	77.15068	77.29426	77.11680	77.12645	77.11058	77.14953	76.59716	76.60362
6/10/2025	1:08:22 PM	77.10168	77.04416	77.09088	77.12096	77.12647	77.05036	77.15029	77.29417	77.11684	77.12634	77.11026	77.14947	76.59728	76.60365
6/10/2025	1:08:26 PM	77.10140	77.04362	77.09083	77.12085	77.12620	77.05016	77.15062	77.29398	77.11684	77.12635	77.11043	77.14929	76.59738	76.60363
6/10/2025	1:08:29 PM	77.10164	77.04383	77.09072	77.12087	77.12625	77.05010	77.15011	77.29366	77.11671	77.12637	77.11020	77.14922	76.59712	76.60374
6/10/2025	1:08:33 PM	77.10140	77.04384	77.09081	77.12101	77.12623	77.05012	77.15048	77.29377	77.11663	77.12655	77.11046	77.14922	76.59743	76.60369
6/10/2025	1:08:37 PM	77.10159	77.04343	77.09080	77.12087	77.12646	77.05006	77.15017	77.29373	77.11643	77.12614	77.11019	77.14938	76.59673	76.60355
6/10/2025	1:08:40 PM	77.10131	77.04369	77.09076	77.12055	77.12614	77.04948	77.15001	77.29371	77.11685	77.12628	77.11057	77.14913	76.59720	76.60385
6/10/2025	1:08:44 PM	77.10126	77.04343	77.09031	77.12025	77.12592	77.04960	77.14920	77.29385	77.11606	77.12534	77.10989	77.14904	76.59721	76.60341
6/10/2025	1:08:47 PM	77.10095	77.04330	77.09014	77.12121	77.12584	77.04934	77.14998	77.29379	77.11644	77.12607	77.11043	77.14888	76.59673	76.60297
6/10/2025	1:08:51 PM	77.10113	77.04320	77.09026	77.12062	77.12599	77.04925	77.14966	77.29366	77.11606	77.12500	77.10979	77.14891	76.59658	76.60324
6/10/2025	1:08:55 PM	77.10077	77.04288	77.09003	77.12037	77.12542	77.04924	77.14987	77.29354	77.11594	77.12569	77.10983	77.14847	76.59687	76.60298
6/10/2025	1:08:58 PM	77.10054	77.04307	77.08982	77.12028	77.12577	77.04934	77.14943	77.29330	77.11560	77.12545	77.10977	77.14883	76.59670	76.60321
6/10/2025	1:09:02 PM	77.10090	77.04304	77.08998	77.12004	77.12526	77.04921	77.14936	77.29335	77.11572	77.12540	77.10970	77.14842	76.59633	76.60275
6/10/2025	1:09:05 PM	77.10065	77.04280	77.08987	77.12024	77.12533	77.04872	77.14901	77.29349	77.11572	77.12511	77.10968	77.14859	76.59675	76.60309
6/10/2025	1:09:09 PM	77.10096	77.04304	77.09030	77.12018	77.12577	77.04875	77.14909	77.29324	77.11568	77.12509	77.10935	77.14857	76.59676	76.60328
6/10/2025	1:09:13 PM	77.10072	77.04334	77.09035	77.12016	77.12562	77.04911	77.14941	77.29338	77.11591	77.12542	77.10982	77.14864	76.59670	76.60322
6/10/2025	1:09:16 PM	77.10047	77.04273	77.08981	77.12001	77.12537	77.04896	77.14962	77.29334	77.11605	77.12528	77.10956	77.14874	76.59696	76.60307
6/10/2025	1:09:20 PM	77.10046	77.04276	77.08964	77.12043	77.12556	77.04880	77.14979	77.29317	77.11549	77.12555	77.10972	77.14890	76.59695	76.60294
6/10/2025	1:09:23 PM	77.10092	77.04309	77.08993	77.12009	77.12504	77.04860	77.14946	77.29344	77.11578	77.12575	77.10998	77.14898	76.59663	76.60353
6/10/2025	1:09:27 PM	77.10082	77.04284	77.09009	77.12043	77.12551	77.04891	77.14950	77.29304	77.11594	77.12583	77.10988	77.14915	76.59660	76.60330
6/10/2025	1:09:31 PM	77.10111	77.04295	77.09010	77.12052	77.12500	77.04880	77.14948	77.29348	77.11606	77.12585	77.10979	77.14878	76.59691	76.60335
6/10/2025	1:09:34 PM	77.10106	77.04337	77.08983	77.12028	77.12504	77.04899	77.14922	77.29281	77.11552	77.12499	77.10963	77.14834	76.59624	76.60260
6/10/2025	1:09:38 PM	77.10070	77.04257	77.08985	77.11962	77.12453	77.04831	77.14927	77.29274	77.11548	77.12485	77.10902	77.14888	76.59667	76.60280
6/10/2025	1:09:41 PM	77.10035	77.04261	77.08962	77.11945	77.12505	77.04805	77.14896	77.29269	77.11567	77.12489	77.10911	77.14796	76.59613	76.60285
6/10/2025	1:09:45 PM	77.10006	77.04277	77.08959	77.11936	77.12501	77.04811	77.14885	77.29254	77.11539	77.12498	77.10947	77.14834	76.59592	76.60246
6/10/2025	1:09:49 PM	77.10044	77.04301	77.09021	77.11946	77.12456	77.04859	77.14894	77.29230	77.11497	77.12484	77.10922	77.14800	76.59586	76.60233
6/10/2025	1:09:52 PM	77.09999	77.04238	77.08929	77.11923	77.12444	77.04814	77.14862	77.29214	77.11484	77.12476	77.10924	77.14786	76.59583	76.60231
6/10/2025	1:09:56 PM	77.09979	77.04212	77.08924	77.11910	77.12433	77.04786	77.14861	77.29221	77.11488	77.12440	77.10916	77.14847	76.59587	76.60248
6/10/2025	1:09:59 PM	77.09982	77.04214	77.08924	77.11904	77.12415	77.04808	77.14881	77.29209	77.11504	77.12449	77.10970	77.14809	76.59598	76.60232
6/10/2025	1:10:03 PM	77.10047	77.04260	77.08944	77.11934	77.12456	77.04823	77.14916	77.29161	77.11488	77.12430	77.10940	77.14775	76.59573	76.60197
6/10/2025	1:10:06 PM	77.09957	77.04215	77.08914	77.11903	77.12408	77.04803	77.14876	77.29170	77.11466	77.12415	77.10867	77.14766	76.59576	76.60213
6/10/2025	1:10:10 PM	77.09948	77.04191	77.08891	77.11852	77.12405	77.04787	77.14849	77.29117	77.11417	77.12368	77.10886	77.14758	76.59549	76.60176
6/10/2025	1:10:13 PM	77.09961	77.04190	77.08888	77.11899	77.12380	77.04825	77.14913	77.29178	77.11510	77.12429	77.10982	77.14838	76.59612	76.60276
6/10/2025	1:10:17 PM	77.10019	77.04221	77.08890	77.11873	77.12434	77.04813	77.14904	77.29169	77.11537	77.12447	77.10932	77.14809	76.59540	76.60255
6/10/2025	1:10:21 PM	77.10040	77.04264	77.08916	77.11895	77.12422	77.04847	77.14875	77.29144	77.11493	77.12395	77.10935	77.14785	76.59585	76.60253
6/10/2025	1:10:24 PM	77.09976	77.04231	77.08947	77.11871	77.12452	77.04810	77.14821	77.29110	77.11465	77.12391	77.10880	77.14804	76.59533	76.60206
6/10/2025	1:10:28 PM	77.09962	77.04214	77.08937	77.11858	77.12368	77.04784	77.14845	77.29131	77.11486	77.12462	77.10931	77.14801	76.59552	76.60215
6/10/2025	1:10:31 PM	77.09983	77.04232	77.08917	77.11893	77.12419	77.04816	77.14859	77.29126	77.11463	77.12370	77.10889	77.14808	76.59569	76.60247
6/10/2025	1:10:35 PM	77.09985	77.04222	77.08901	77.11881	77.12422	77.04815	77.14799	77.29129	77.11462	77.12391	77.10877	77.14759	76.59561	76.60216
6/10/2025	1:10:38 PM	77.09967	77.04188	77.08932	77.11838	77.12392	77.04804	77.14831	77.29155	77.11482	77.12407	77.10916	77.14791	76.59542	76.60223
6/10/2025	1:10:42 PM	77.09984	77.04215	77.08905	77.11844	77.12395	77.04776	77.14843	77.29173	77.11471	77.12421	77.10916	77.14793	76.59571	76.60246
6/10/2025	1:10:46 PM	77.09989	77.04192	77.08922	77.11885	77.12422	77.04816	77.14799	77.29132	77.11438	77.12375	77.10841	77.14713	76.59510	76.60205
6/10/2025	1:10:49 PM	77.09978	77.04176	77.08867	77.11820	77.12382	77.04805	77.14781	77.29086	77.11412	77.12393	77.10846	77.14735	76.59541	76.60210
6/10/2025	1:10:53 PM	77.09975	77.04185	77.08889	77.11850	77.12398	77.04811	77.14803	77.29092	77.11421	77.12415	77.10840	77.14748	76.59541	76.60200
6/10/2025	1:10:56 PM	77.09965	77.04131	77.08868	77.11807	77.12355	77.04765	77.14789	77.29070	77.11393	77.12423	77.10852	77.14688	76.59519	76.60190
6/10/2025	1:11:00 PM	77.09930	77.04145	77.08870	77.11820	77.12379	77.04801	77.14785	77.29088	77.11410	77.12403	77.10816	77.14732	76.59459	76.60198
6/10/2025	1:11:04 PM	77.09933	77.04155	77.08856	77.11796	77.12384	77.04747	77.14760	77.29071	77.11389	77.12344	77.10787	77.14695	76.59444	76.60138
6/10/2025	1:11:07 PM	77.09916	77.04146	77.08816	77.11757	77.12357	77.04763	77.14768	77.29079	77.11360	77.12297	77.10777	77.14680	76.59450	76.60134
6/10/2025	1:11:11 PM	77.09904	77.04142	77.08811	77.11775	77.12329	77.04724	77.14748	77.29060	77.11347	77.12308	77.10798	77.14659	76.59443	76.60125
6/10/2025	1:11:14 PM	77.09867	77.04103	77.08800	77.11719	77.12270	77.04714	77.14694	77.29001	77.11330	77.12290	77.10786	77.14684	76.59477	76.60131
6/10/2025	1:11:18 PM	77.09892	77.04110	77.08801	77.11743	77.12314	77.04695	77.14708	77.29037	77.11323	77.12281	77.10782	77.14644	76.59429	76.60106
6/10/2025	1:11:21 PM	77.09896	77.04121	77.08836	77.11762	77.12320	77.04761	77.14737	77.29033	77.11339	77.12344	77.10795	77.14716	76.59517	76.60128
6/10/2025	1:11:25 PM	77.09906	77.04099	77.08790	77.11734	77.12277	77.04695	77.14676	77.29041	77.11297	77.12309	77.10773	77.14664	76.59423	76.60107
6/10/2025	1:11:29 PM	77.09877	77.04088	77.08810	77.11758	77.12310	77.04673	77.14666	77.29021	77.11270	77.12276	77.10730	77.14634	76.59412	76.60124
6/10/2025	1:11:32 PM	77.09867	77.04064	77.08781	77.11735	77.12284	77.04682	77.14680	77.28991	77.11285	77.12283	77.10737	77.14638	76.59408	76.60095
6/10/2025	1:11:36 PM	77.09859	77.04102	77.08820	77.11785	77.12309	77.04658	77.14703	77.29023	77.11300	77.12302	77.10771	77.14629	76.59400	76.60122
6/10/2025	1:11:40 PM	77.09895	77.04117	77.08768	77.11718	77.12254	77.04635	77.14655	77.29010	77.11235	77.12280	77.10673	77.14622	76.59378	76.60055
6/10/2025	1:11:43 PM	77.09801	77.04008	77.08670	77.11638	77.12177	77.04595	77.14568	77.28956	77.11224	77.12225	77.10687	77.14559	76.59337	76.60033
6/10/2025	1:11:47 PM	77.09795	77.04007	77.08681	77.11704	77.12232	77.04626	77.14599	77.29014	77.11228	77.12239	77.10686	77.14548	76.59378	76.60078
6/10/2025	1:11:50 PM	77.09829	77.04045	77.08697	77.11651	77.12233	77.04586	77.14640	77.28956	77.11214	77.12216	77.10650	77.14577	76.59336	76.60035
6/10/2025	1:11:54 PM	77.09784	77.03976	77.08643	77.11638	77.12210	77.04562	77.14584	77.28965	77.11230	77.12210	77.10665	77.14570	76.59344	76.60017
6/10/2025	1:11:57 PM	77.09782	77.04009	77.08664	77.11652	77.12232	77.04556	77.14579	77.28972	77.11186	77.12175	77.10616	77.14508	76.59300	76.60002
6/10/2025	1:12:01 PM	77.09765	77.03977	77.08622	77.11624	77.12199	77.04543	77.14601	77.28932	77.11191	77.12190	77.10592	77.14527	76.59290	76.59956
6/10/2025	1:12:05 PM	77.09766	77.03988	77.08646	77.11639	77.12194	77.04567	77.14610	77.28980	77.11193	77.12222	77.10644	77.14536	76.59307	76.59989
6/10/2025	1:12:08 PM	77.09745	77.03998	77.08676	77.11680	77.12192	77.04539	77.14559	77.28916	77.11153	77.12170	77.10587	77.14501	76.59275	76.59937
6/10/2025	1:12:12 PM	77.09752	77.03957	77.08634	77.11606	77.12195	77.04595	77.14575	77.28924	77.11106	77.12114	77.10599	77.14463	76.59291	76.60012
6/10/2025	1:12:15 PM	77.09771	77.03971	77.08634	77.11638	77.12189	77.04547	77.14576	77.28918	77.11145	77.12144	77.10568	77.14476	76.59275	76.59933
6/10/2025	1:12:19 PM	77.09747	77.03958	77.08620	77.11586	77.12134	77.04535	77.14550	77.28848	77.11138	77.12141	77.10537	77.14513	76.59248	76.59909
6/10/2025	1:12:23 PM	77.09712	77.03935	77.08562	77.11572	77.12092	77.04491	77.14527	77.28850	77.11099	77.12118	77.10578	77.14451	76.59200	76.59909
6/10/2025	1:12:26 PM	77.09712	77.03921	77.08570	77.11572	77.12118	77.04468	77.14497	77.28848	77.11097	77.12087	77.10531	77.14456	76.59222	76.59925
6/10/2025	1:12:30 PM	77.09679	77.03893	77.08571	77.11557	77.12112	77.04475	77.14544	77.28877	77.11088	77.12079	77.10531	77.14434	76.59257	76.59923
6/10/2025	1:12:33 PM	77.09708	77.03919	77.08599	77.11558	77.12093	77.04550	77.14541	77.28902	77.11091	77.12106	77.10546	77.14478	76.59268	76.59941
6/10/2025	1:12:37 PM	77.09726	77.03918	77.08610	77.11557	77.12104	77.04580	77.14535	77.28867	77.11091	77.12103	77.10554	77.14471	76.59240	76.59915
6/10/2025	1:12:41 PM	77.09693	77.03891	77.08564	77.11564	77.12062	77.04506	77.14450	77.28819	77.11070	77.12101	77.10500	77.14436	76.59224	76.59897
6/10/2025	1:12:44 PM	77.09690	77.03910	77.08558	77.11576	77.12074	77.04496	77.14472	77.28808	77.11080	77.12089	77.10493	77.14442	76.59181	76.59853
6/10/2025	1:12:48 PM	77.09662	77.03860	77.08559	77.11505	77.12056	77.04513	77.14475	77.28820	77.11039	77.12037	77.10447	77.14431	76.59151	76.59840
6/10/2025	1:12:51 PM	77.09605	77.03844	77.08456	77.11483	77.12029	77.04510	77.14431	77.28798	77.10980	77.11993	77.10434	77.14357	76.59171	76.59811
6/10/2025	1:12:55 PM	77.09609	77.03834	77.08505	77.11451	77.12033	77.04484	77.14427	77.28796	77.11012	77.12005	77.10435	77.14358	76.59180	76.59856
6/10/2025	1:12:59 PM	77.09672	77.03826	77.08504	77.11446	77.11994	77.04470	77.14427	77.28791	77.10972	77.11964	77.10423	77.14389	76.59135	76.59855
6/10/2025	1:13:02 PM	77.09633	77.03767	77.08514	77.11480	77.11961	77.04427	77.14382	77.28763	77.11008	77.11970	77.10392	77.14306	76.59117	76.59803
6/10/2025	1:13:06 PM	77.09615	77.03807	77.08450	77.11444	77.11978	77.04401	77.14378	77.28765	77.10957	77.11969	77.10391	77.14340	76.59134	76.59810
6/10/2025	1:13:09 PM	77.09621	77.03783	77.08487	77.11456	77.11934	77.04405	77.14357	77.28747	77.10949	77.11907	77.10364	77.14315	76.59105	76.59742
6/10/2025	1:13:13 PM	77.09550	77.03774	77.08454	77.11400	77.11932	77.04387	77.14378	77.28715	77.10914	77.11936	77.10321	77.14273	76.59005	76.59713
6/10/2025	1:13:17 PM	77.09545	77.03761	77.08422	77.11378	77.11897	77.04330	77.14351	77.28710	77.10870	77.11893	77.10307	77.14293	76.59046	76.59727
6/10/2025	1:13:20 PM	77.09569	77.03753	77.08441	77.11394	77.11937	77.04380	77.14393	77.28747	77.10993	77.11972	77.10393	77.14349	76.59100	76.59774
6/10/2025	1:13:24 PM	77.09593	77.03815	77.08483	77.11417	77.11964	77.04411	77.14390	77.28766	77.10922	77.11959	77.10356	77.14363	76.59115	76.59768
6/10/2025	1:13:27 PM	77.09598	77.03698	77.08450	77.11397	77.11957	77.04356	77.14427	77.28740	77.10955	77.11972	77.10362	77.14284	76.59060	76.59754
6/10/2025	1:13:31 PM	77.09577	77.03711	77.08437	77.11397	77.11983	77.04370	77.14370	77.28735	77.10922	77.11961	77.10337	77.14327	76.59104	76.59726
6/10/2025	1:13:35 PM	77.09550	77.03735	77.08411	77.11381	77.11937	77.04365	77.14335	77.28737	77.10926	77.11942	77.10394	77.14337	76.59072	76.59788
6/10/2025	1:13:38 PM	77.09612	77.03772	77.08468	77.11464	77.11980	77.04410	77.14438	77.28760	77.10971	77.11945	77.10386	77.14352	76.59119	76.59843
6/10/2025	1:13:42 PM	77.09638	77.03788	77.08433	77.11469	77.11991	77.04435	77.14469	77.28741	77.10975	77.11962	77.10364	77.14353	76.59154	76.59795
6/10/2025	1:13:45 PM	77.09614	77.03728	77.08482	77.11464	77.11992	77.04399	77.14429	77.28768	77.10972	77.11960	77.10412	77.14353	76.59125	76.59811
6/10/2025	1:13:49 PM	77.09597	77.03797	77.08484	77.11433	77.11983	77.04341	77.14383	77.28715	77.10926	77.11930	77.10375	77.14303	76.59112	76.59778
6/10/2025	1:13:53 PM	77.09631	77.03746	77.08481	77.11436	77.11996	77.04358	77.14434	77.28784	77.11003	77.11967	77.10360	77.14300	76.59085	76.59742
6/10/2025	1:13:56 PM	77.09586	77.03750	77.08422	77.11397	77.11955	77.04342	77.14381	77.28707	77.10913	77.11883	77.10359	77.14316	76.59030	76.59717
6/10/2025	1:14:00 PM	77.09569	77.03723	77.08440	77.11417	77.11928	77.04314	77.14371	77.28745	77.10969	77.11873	77.10326	77.14298	76.59028	76.59708
6/10/2025	1:14:03 PM	77.09545	77.03664	77.08361	77.11338	77.11883	77.04252	77.14264	77.28634	77.10865	77.11831	77.10273	77.14236	76.59007	76.59682
6/10/2025	1:14:07 PM	77.09499	77.03614	77.08374	77.11330	77.11847	77.04239	77.14285	77.28667	77.10861	77.11856	77.10232	77.14187	76.58973	76.59660
6/10/2025	1:14:11 PM	77.09505	77.03636	77.08354	77.11319	77.11860	77.04255	77.14249	77.28669	77.10851	77.11849	77.10214	77.14231	76.58986	76.59655
6/10/2025	1:14:14 PM	77.09466	77.03645	77.08327	77.11314	77.11853	77.04242	77.14326	77.28641	77.10839	77.11841	77.10290	77.14216	76.58985	76.59643
6/10/2025	1:14:18 PM	77.09494	77.03601	77.08412	77.11325	77.11888	77.04258	77.14312	77.28666	77.10891	77.11847	77.10263	77.14218	76.58975	76.59673
6/10/2025	1:14:21 PM	77.09482	77.03623	77.08344	77.11288	77.11868	77.04202	77.14260	77.28646	77.10867	77.11865	77.10281	77.14216	76.58996	76.59647
6/10/2025	1:14:25 PM	77.09485	77.03576	77.08326	77.11291	77.11838	77.04210	77.14280	77.28620	77.10872	77.11810	77.10251	77.14199	76.58925	76.59668
6/10/2025	1:14:29 PM	77.09487	77.03656	77.08371	77.11315	77.11869	77.04199	77.14287	77.28675	77.10875	77.11871	77.10291	77.14191	76.58966	76.59614
6/10/2025	1:14:32 PM	77.09504	77.03646	77.08354	77.11272	77.11833	77.04202	77.14258	77.28608	77.10851	77.11828	77.10240	77.14192	76.58932	76.59617
6/10/2025	1:14:36 PM	77.09447	77.03573	77.08338	77.11274	77.11853	77.04189	77.14216	77.28577	77.10835	77.11798	77.10241	77.14183	76.58936	76.59608
6/10/2025	1:14:39 PM	77.09425	77.03562	77.08291	77.11254	77.11821	77.04151	77.14191	77.28595	77.10815	77.11825	77.10231	77.14124	76.58906	76.59567
6/10/2025	1:14:43 PM	77.09442	77.03552	77.08292	77.11258	77.11826	77.04170	77.14191	77.28571	77.10777	77.11770	77.10224	77.14155	76.58929	76.59583
6/10/2025	1:14:47 PM	77.09423	77.03504	77.08284	77.11238	77.11821	77.04200	77.14184	77.28546	77.10781	77.11778	77.10221	77.14158	76.58902	76.59538
6/10/2025	1:14:50 PM	77.09430	77.03515	77.08241	77.11264	77.11766	77.04135	77.14178	77.28574	77.10787	77.11777	77.10230	77.14177	76.58899	76.59563
6/10/2025	1:14:54 PM	77.09398	77.03564	77.08281	77.11269	77.11772	77.04151	77.14178	77.28572	77.10802	77.11815	77.10182	77.14166	76.58900	76.59565
6/10/2025	1:14:57 PM	77.09409	77.03552	77.08301	77.11236	77.11807	77.04145	77.14200	77.28615	77.10762	77.11795	77.10228	77.14139	76.58876	76.59546
6/10/2025	1:15:01 PM	77.09428	77.03528	77.08264	77.11220	77.11755	77.04102	77.14125	77.28568	77.10760	77.11749	77.10198	77.14130	76.58846	76.59525
6/10/2025	1:15:05 PM	77.09405	77.03481	77.08272	77.11223	77.11738	77.04138	77.14152	77.28555	77.10748	77.11731	77.10148	77.14095	76.58826	76.59533
6/10/2025	1:15:08 PM	77.09387	77.03512	77.08241	77.11198	77.11771	77.04138	77.14171	77.28541	77.10704	77.11750	77.10157	77.14161	76.58873	76.59514
6/10/2025	1:15:12 PM	77.09374	77.03506	77.08228	77.11205	77.11703	77.04106	77.14146	77.28530	77.10713	77.11694	77.10147	77.14077	76.58808	76.59470
6/10/2025	1:15:15 PM	77.09342	77.03446	77.08179	77.11181	77.11726	77.04098	77.14094	77.28531	77.10695	77.11719	77.10149	77.14099	76.58793	76.59448
6/10/2025	1:15:19 PM	77.09347	77.03485	77.08205	77.11195	77.11694	77.04055	77.14108	77.28539	77.10721	77.11713	77.10091	77.14030	76.58737	76.59398
6/10/2025	1:15:23 PM	77.09343	77.03442	77.08204	77.11204	77.11684	77.04059	77.14119	77.28512	77.10690	77.11699	77.10100	77.14071	76.58805	76.59464
6/10/2025	1:15:26 PM	77.09374	77.03490	77.08195	77.11181	77.11697	77.04056	77.14097	77.28449	77.10659	77.11672	77.10120	77.14058	76.58794	76.59432
6/10/2025	1:15:30 PM	77.09335	77.03446	77.08152	77.11117	77.11689	77.04029	77.14069	77.28446	77.10667	77.11706	77.10085	77.13989	76.58746	76.59372
6/10/2025	1:15:33 PM	77.09308	77.03400	77.08143	77.11116	77.11648	77.04026	77.14068	77.28452	77.10640	77.11653	77.10089	77.13998	76.58748	76.59404
6/10/2025	1:15:37 PM	77.09287	77.03418	77.08142	77.11109	77.11673	77.04015	77.14094	77.28468	77.10632	77.11680	77.10109	77.14067	76.58768	76.59407
6/10/2025	1:15:41 PM	77.09294	77.03415	77.08161	77.11154	77.11651	77.03978	77.14044	77.28417	77.10605	77.11663	77.10050	77.13978	76.58745	76.59343
6/10/2025	1:15:44 PM	77.09289	77.03407	77.08108	77.11105	77.11646	77.03947	77.14015	77.28466	77.10640	77.11660	77.10072	77.13977	76.58743	76.59369
6/10/2025	1:15:48 PM	77.09258	77.03377	77.08120	77.11105	77.11617	77.03985	77.14015	77.28421	77.10561	77.11624	77.10040	77.13946	76.58740	76.59381
6/10/2025	1:15:51 PM	77.09246	77.03377	77.08090	77.11086	77.11631	77.03939	77.14015	77.28402	77.10604	77.11653	77.10035	77.13931	76.58713	76.59357
6/10/2025	1:15:55 PM	77.09254	77.03356	77.08108	77.11070	77.11632	77.03925	77.14015	77.28436	77.10590	77.11668	77.10077	77.13971	76.58711	76.59323
6/10/2025	1:15:59 PM	77.09239	77.03387	77.08079	77.11080	77.11646	77.03953	77.14043	77.28435	77.10552	77.11666	77.10046	77.13931	76.58716	76.59373
6/10/2025	1:16:02 PM	77.09252	77.03397	77.08081	77.11129	77.11647	77.03946	77.14017	77.28403	77.10598	77.11625	77.09994	77.13930	76.58688	76.59334
6/10/2025	1:16:06 PM	77.09254	77.03387	77.08064	77.11047	77.11594	77.03888	77.13971	77.28423	77.10583	77.11629	77.10023	77.13923	76.58661	76.59304
6/10/2025	1:16:09 PM	77.09204	77.03341	77.08057	77.11044	77.11613	77.03917	77.14000	77.28411	77.10593	77.11634	77.10027	77.13914	76.58688	76.59277
6/10/2025	1:16:13 PM	77.09224	77.03320	77.08070	77.11048	77.11621	77.03897	77.13956	77.28340	77.10508	77.11570	77.09970	77.13896	76.58613	76.59258
6/10/2025	1:16:17 PM	77.09180	77.03342	77.08011	77.11017	77.11586	77.03888	77.13968	77.28344	77.10461	77.11577	77.09987	77.13858	76.58624	76.59266
6/10/2025	1:16:20 PM	77.09147	77.03312	77.08022	77.10997	77.11562	77.03893	77.13941	77.28355	77.10537	77.11571	77.09971	77.13888	76.58616	76.59242
6/10/2025	1:16:24 PM	77.09171	77.03272	77.07973	77.11015	77.11531	77.03876	77.13944	77.28327	77.10500	77.11541	77.09974	77.13847	76.58598	76.59293
6/10/2025	1:16:27 PM	77.09177	77.03293	77.08015	77.10984	77.11521	77.03832	77.13947	77.28342	77.10510	77.11538	77.09962	77.13869	76.58625	76.59263
6/10/2025	1:16:31 PM	77.09178	77.03282	77.08002	77.10993	77.11572	77.03854	77.13950	77.28351	77.10507	77.11572	77.09949	77.13857	76.58580	76.59245
6/10/2025	1:16:35 PM	77.09139	77.03301	77.07955	77.11004	77.11555	77.03833	77.13958	77.28351	77.10496	77.11583	77.09960	77.13849	76.58615	76.59247
6/10/2025	1:16:38 PM	77.09128	77.03232	77.07997	77.10956	77.11500	77.03837	77.13899	77.28342	77.10488	77.11570	77.09934	77.13837	76.58634	76.59246
6/10/2025	1:16:42 PM	77.09159	77.03259	77.07962	77.10973	77.11553	77.03854	77.13900	77.28291	77.10489	77.11566	77.09932	77.13841	76.58580	76.59229
6/10/2025	1:16:45 PM	77.09141	77.03260	77.07955	77.10926	77.11512	77.03814	77.13893	77.28279	77.10460	77.11480	77.09920	77.13822	76.58536	76.59222
6/10/2025	1:16:49 PM	77.09114	77.03259	77.07978	77.10917	77.11485	77.03835	77.13900	77.28272	77.10507	77.11527	77.09927	77.13841	76.58580	76.59213
6/10/2025	1:16:53 PM	77.09076	77.03230	77.07941	77.10938	77.11488	77.03856	77.13916	77.28297	77.10434	77.11499	77.09864	77.13811	76.58576	76.59224
6/10/2025	1:16:56 PM	77.09070	77.03267	77.07942	77.10941	77.11500	77.03844	77.13889	77.28267	77.10451	77.11477	77.09899	77.13813	76.58544	76.59226
6/10/2025	1:17:00 PM	77.09097	77.03239	77.07909	77.10921	77.11494	77.03788	77.13876	77.28281	77.10443	77.11482	77.09899	77.13803	76.58537	76.59202
6/10/2025	1:17:03 PM	77.09091	77.03218	77.07947	77.10922	77.11497	77.03858	77.13916	77.28290	77.10475	77.11517	77.09960	77.13836	76.58603	76.59237
6/10/2025	1:17:07 PM	77.09106	77.03257	77.07975	77.10950	77.11529	77.03843	77.13931	77.28308	77.10472	77.11547	77.09919	77.13808	76.58515	76.59158
6/10/2025	1:17:11 PM	77.09032	77.03194	77.07930	77.10908	77.11472	77.03811	77.13858	77.28254	77.10416	77.11494	77.09892	77.13805	76.58531	76.59167
6/10/2025	1:17:14 PM	77.09055	77.03193	77.07922	77.10918	77.11446	77.03806	77.13858	77.28238	77.10407	77.11483	77.09878	77.13793	76.58500	76.59145
6/10/2025	1:17:18 PM	77.09038	77.03169	77.07931	77.10902	77.11484	77.03819	77.13864	77.28270	77.10482	77.11495	77.09895	77.13782	76.58518	76.59205
6/10/2025	1:17:21 PM	77.09068	77.03203	77.07910	77.10913	77.11496	77.03816	77.13879	77.28267	77.10431	77.11487	77.09876	77.13774	76.58476	76.59196
6/10/2025	1:17:25 PM	77.09024	77.03158	77.07915	77.10877	77.11468	77.03797	77.13852	77.28194	77.10426	77.11451	77.09844	77.13736	76.58470	76.59131
6/10/2025	1:17:29 PM	77.08985	77.03116	77.07908	77.10914	77.11475	77.03800	77.13848	77.28270	77.10470	77.11456	77.09851	77.13781	76.58488	76.59142
6/10/2025	1:17:32 PM	77.09001	77.03136	77.07884	77.10861	77.11439	77.03760	77.13860	77.28216	77.10438	77.11440	77.09857	77.13772	76.58480	76.59167
6/10/2025	1:17:36 PM	77.08982	77.03156	77.07867	77.10896	77.11494	77.03802	77.13882	77.28245	77.10465	77.11467	77.09921	77.13756	76.58514	76.59166
6/10/2025	1:17:39 PM	77.09050	77.03150	77.07938	77.10918	77.11489	77.03822	77.13893	77.28248	77.10430	77.11475	77.09849	77.13774	76.58501	76.59138
6/10/2025	1:17:43 PM	77.08976	77.03184	77.07897	77.10909	77.11486	77.03803	77.13848	77.28225	77.10428	77.11430	77.09857	77.13779	76.58491	76.59202
6/10/2025	1:17:47 PM	77.09042	77.03165	77.07905	77.10952	77.11505	77.03800	77.13889	77.28216	77.10414	77.11425	77.09899	77.13762	76.58517	76.59189
6/10/2025	1:17:50 PM	77.08999	77.03165	77.07904	77.10889	77.11509	77.03790	77.13840	77.28244	77.10406	77.11433	77.09878	77.13788	76.58502	76.59159
6/10/2025	1:17:54 PM	77.09005	77.03159	77.07894	77.10869	77.11488	77.03825	77.13854	77.28229	77.10391	77.11489	77.09899	77.13737	76.58510	76.59144
6/10/2025	1:17:57 PM	77.09004	77.03156	77.07889	77.10889	77.11487	77.03811	77.13842	77.28209	77.10420	77.11394	77.09847	77.13679	76.58390	76.59105
6/10/2025	1:18:01 PM	77.08946	77.03109	77.07888	77.10895	77.11465	77.03791	77.13831	77.28221	77.10419	77.11391	77.09824	77.13677	76.58456	76.59163
6/10/2025	1:18:05 PM	77.08941	77.03143	77.07824	77.10870	77.11426	77.03805	77.13829	77.28186	77.10384	77.11393	77.09826	77.13631	76.58450	76.59069
6/10/2025	1:18:08 PM	77.08968	77.03114	77.07864	77.10850	77.11435	77.03738	77.13816	77.28201	77.10378	77.11413	77.09870	77.13673	76.58481	76.59091
6/10/2025	1:18:12 PM	77.08950	77.03091	77.07878	77.10822	77.11418	77.03773	77.13794	77.28198	77.10368	77.11382	77.09807	77.13651	76.58430	76.59071
6/10/2025	1:18:15 PM	77.08948	77.03098	77.07822	77.10824	77.11411	77.03735	77.13827	77.28192	77.10354	77.11350	77.09810	77.13708	76.58482	76.59163
6/10/2025	1:18:19 PM	77.08954	77.03130	77.07845	77.10862	77.11406	77.03772	77.13799	77.28162	77.10353	77.11378	77.09771	77.13621	76.58368	76.59039
6/10/2025	1:18:23 PM	77.08892	77.03042	77.07799	77.10811	77.11371	77.03737	77.13810	77.28176	77.10351	77.11331	77.09778	77.13642	76.58413	76.59056
6/10/2025	1:18:26 PM	77.08913	77.03073	77.07797	77.10781	77.11355	77.03747	77.13792	77.28154	77.10331	77.11326	77.09755	77.13601	76.58399	76.59034
6/10/2025	1:18:30 PM	77.08891	77.03073	77.07778	77.10751	77.11367	77.03788	77.13770	77.28138	77.10325	77.11339	77.09748	77.13608	76.58381	76.59014
6/10/2025	1:18:33 PM	77.08848	77.03017	77.07802	77.10776	77.11370	77.03749	77.13786	77.28154	77.10303	77.11339	77.09784	77.13649	76.58409	76.59037
6/10/2025	1:18:37 PM	77.08906	77.03092	77.07804	77.10833	77.11388	77.03766	77.13824	77.28182	77.10328	77.11343	77.09766	77.13627	76.58383	76.59040
6/10/2025	1:18:41 PM	77.08908	77.03041	77.07815	77.10781	77.11307	77.03712	77.13765	77.28146	77.10325	77.11337	77.09775	77.13569	76.58389	76.59001
6/10/2025	1:18:44 PM	77.08872	77.03051	77.07781	77.10726	77.11310	77.03687	77.13771	77.28131	77.10303	77.11314	77.09779	77.13634	76.58376	76.59045
6/10/2025	1:18:48 PM	77.08923	77.03062	77.07775	77.10742	77.11331	77.03717	77.13773	77.28129	77.10318	77.11332	77.09784	77.13614	76.58339	76.59013
6/10/2025	1:18:51 PM	77.08923	77.03049	77.07767	77.10756	77.11325	77.03683	77.13750	77.28138	77.10357	77.11339	77.09753	77.13566	76.58393	76.59058
6/10/2025	1:18:55 PM	77.08840	77.03039	77.07775	77.10815	77.11360	77.03707	77.13807	77.28150	77.10335	77.11325	77.09787	77.13634	76.58407	76.59057
6/10/2025	1:18:59 PM	77.08908	77.03036	77.07810	77.10795	77.11346	77.03729	77.13810	77.28154	77.10318	77.11343	77.09740	77.13620	76.58396	76.59062
6/10/2025	1:19:02 PM	77.08890	77.03041	77.07827	77.10748	77.11379	77.03750	77.13766	77.28134	77.10330	77.11292	77.09749	77.13634	76.58366	76.59061
6/10/2025	1:19:06 PM	77.08882	77.03081	77.07761	77.10759	77.11293	77.03686	77.13765	77.28140	77.10321	77.11291	77.09743	77.13612	76.58364	76.59038
6/10/2025	1:19:09 PM	77.08854	77.03036	77.07736	77.10744	77.11333	77.03694	77.13741	77.28127	77.10320	77.11284	77.09760	77.13580	76.58327	76.59045
6/10/2025	1:19:13 PM	77.08918	77.03082	77.07828	77.10781	77.11356	77.03701	77.13795	77.28137	77.10309	77.11284	77.09749	77.13590	76.58345	76.59016
6/10/2025	1:19:17 PM	77.08867	77.03025	77.07799	77.10740	77.11314	77.03699	77.13769	77.28105	77.10299	77.11295	77.09743	77.13588	76.58360	76.58990
6/10/2025	1:19:20 PM	77.08828	77.03032	77.07766	77.10734	77.11303	77.03670	77.13715	77.28077	77.10274	77.11290	77.09752	77.13584	76.58322	76.58992
6/10/2025	1:19:24 PM	77.08810	77.02996	77.07735	77.10691	77.11283	77.03642	77.13738	77.28090	77.10254	77.11259	77.09725	77.13579	76.58295	76.58993
6/10/2025	1:19:27 PM	77.08817	77.03007	77.07730	77.10708	77.11305	77.03669	77.13714	77.28086	77.10253	77.11244	77.09668	77.13548	76.58290	76.58938
6/10/2025	1:19:31 PM	77.08785	77.02996	77.07724	77.10701	77.11311	77.03678	77.13715	77.28092	77.10269	77.11227	77.09702	77.13545	76.58281	76.58933
6/10/2025	1:19:34 PM	77.08822	77.02992	77.07720	77.10688	77.11293	77.03673	77.13754	77.28119	77.10250	77.11233	77.09711	77.13559	76.58307	76.58967
6/10/2025	1:19:38 PM	77.08806	77.03021	77.07751	77.10700	77.11269	77.03634	77.13678	77.28053	77.10213	77.11206	77.09685	77.13536	76.58265	76.58932
6/10/2025	1:19:42 PM	77.08737	77.02950	77.07691	77.10660	77.11268	77.03617	77.13701	77.28040	77.10238	77.11185	77.09688	77.13497	76.58272	76.58948
6/10/2025	1:19:45 PM	77.08788	77.02970	77.07734	77.10683	77.11253	77.03638	77.13714	77.28038	77.10227	77.11237	77.09669	77.13488	76.58244	76.58932
6/10/2025	1:19:49 PM	77.08755	77.02962	77.07690	77.10648	77.11234	77.03607	77.13666	77.28065	77.10217	77.11208	77.09700	77.13544	76.58245	76.58936
6/10/2025	1:19:52 PM	77.08806	77.02943	77.07701	77.10675	77.11244	77.03621	77.13628	77.28011	77.10184	77.11165	77.09662	77.13508	76.58261	76.58897
6/10/2025	1:19:56 PM	77.08775	77.02968	77.07687	77.10642	77.11203	77.03623	77.13649	77.28029	77.10182	77.11168	77.09651	77.13512	76.58277	76.58909
6/10/2025	1:19:59 PM	77.08742	77.02947	77.07664	77.10640	77.11230	77.03622	77.13714	77.28060	77.10192	77.11195	77.09696	77.13530	76.58265	76.58959
6/10/2025	1:20:03 PM	77.08752	77.02996	77.07694	77.10631	77.11242	77.03634	77.13681	77.28033	77.10207	77.11203	77.09660	77.13508	76.58226	76.58907
6/10/2025	1:20:06 PM	77.08762	77.02923	77.07682	77.10610	77.11220	77.03586	77.13632	77.28012	77.10197	77.11220	77.09666	77.13535	76.58257	76.58922
6/10/2025	1:20:10 PM	77.08755	77.02942	77.07665	77.10603	77.11259	77.03608	77.13692	77.28065	77.10221	77.11231	77.09647	77.13557	76.58315	76.58983
6/10/2025	1:20:13 PM	77.08800	77.02974	77.07708	77.10708	77.11252	77.03641	77.13682	77.28019	77.10222	77.11246	77.09699	77.13546	76.58295	76.58931
6/10/2025	1:20:17 PM	77.08786	77.02921	77.07675	77.10624	77.11274	77.03623	77.13674	77.28009	77.10202	77.11213	77.09625	77.13531	76.58282	76.58923
6/10/2025	1:20:21 PM	77.08803	77.02950	77.07719	77.10658	77.11307	77.03625	77.13715	77.28053	77.10250	77.11219	77.09673	77.13527	76.58245	76.58951
6/10/2025	1:20:24 PM	77.08813	77.02979	77.07696	77.10633	77.11313	77.03592	77.13700	77.28065	77.10191	77.11216	77.09594	77.13489	76.58248	76.58914
6/10/2025	1:20:28 PM	77.08734	77.02962	77.07721	77.10639	77.11256	77.03608	77.13664	77.28027	77.10202	77.11230	77.09693	77.13507	76.58263	76.58913
6/10/2025	1:20:31 PM	77.08764	77.02912	77.07663	77.10654	77.11258	77.03596	77.13669	77.28019	77.10210	77.11168	77.09644	77.13509	76.58230	76.58851
6/10/2025	1:20:35 PM	77.08758	77.02915	77.07689	77.10600	77.11261	77.03618	77.13668	77.28048	77.10174	77.11158	77.09604	77.13466	76.58257	76.58895
6/10/2025	1:20:38 PM	77.08747	77.02923	77.07651	77.10634	77.11233	77.03587	77.13650	77.28027	77.10171	77.11202	77.09607	77.13450	76.58209	76.58875
6/10/2025	1:20:42 PM	77.08763	77.02931	77.07689	77.10605	77.11178	77.03598	77.13627	77.28033	77.10174	77.11180	77.09607	77.13472	76.58183	76.58889
6/10/2025	1:20:46 PM	77.08766	77.02921	77.07658	77.10656	77.11254	77.03599	77.13638	77.28014	77.10155	77.11159	77.09581	77.13497	76.58214	76.58893
6/10/2025	1:20:49 PM	77.08734	77.02958	77.07671	77.10609	77.11239	77.03560	77.13589	77.27961	77.10119	77.11167	77.09630	77.13482	76.58177	76.58842
6/10/2025	1:20:53 PM	77.08721	77.02897	77.07652	77.10615	77.11195	77.03559	77.13620	77.27966	77.10131	77.11121	77.09591	77.13482	76.58192	76.58813
6/10/2025	1:20:56 PM	77.08682	77.02884	77.07603	77.10528	77.11149	77.03543	77.13581	77.27956	77.10100	77.11144	77.09579	77.13434	76.58168	76.58847
6/10/2025	1:21:00 PM	77.08734	77.02885	77.07635	77.10561	77.11174	77.03546	77.13597	77.27942	77.10115	77.11087	77.09544	77.13472	76.58201	76.58814
6/10/2025	1:21:04 PM	77.08715	77.02897	77.07593	77.10566	77.11197	77.03530	77.13568	77.27931	77.10080	77.11088	77.09530	77.13402	76.58164	76.58838
6/10/2025	1:21:07 PM	77.08674	77.02862	77.07581	77.10570	77.11169	77.03551	77.13604	77.27954	77.10106	77.11136	77.09537	77.13419	76.58129	76.58828
6/10/2025	1:21:11 PM	77.08642	77.02796	77.07566	77.10495	77.11134	77.03487	77.13538	77.27923	77.10067	77.11117	77.09535	77.13398	76.58153	76.58811
6/10/2025	1:21:14 PM	77.08694	77.02870	77.07622	77.10525	77.11191	77.03520	77.13575	77.27931	77.10096	77.11084	77.09577	77.13406	76.58132	76.58799
6/10/2025	1:21:18 PM	77.08669	77.02812	77.07541	77.10494	77.11126	77.03494	77.13568	77.27917	77.10041	77.11077	77.09501	77.13380	76.58105	76.58768
6/10/2025	1:21:22 PM	77.08649	77.02819	77.07578	77.10508	77.11163	77.03489	77.13531	77.27913	77.10099	77.11106	77.09515	77.13383	76.58133	76.58797
6/10/2025	1:21:25 PM	77.08674	77.02884	77.07628	77.10514	77.11194	77.03546	77.13548	77.27934	77.10106	77.11138	77.09549	77.13399	76.58125	76.58799
6/10/2025	1:21:29 PM	77.08665	77.02809	77.07561	77.10542	77.11162	77.03527	77.13557	77.27929	77.10096	77.11097	77.09483	77.13409	76.58097	76.58795
6/10/2025	1:21:32 PM	77.08670	77.02851	77.07595	77.10533	77.11137	77.03533	77.13572	77.27904	77.10093	77.11119	77.09548	77.13403	76.58150	76.58817
6/10/2025	1:21:36 PM	77.08665	77.02847	77.07599	77.10572	77.11152	77.03538	77.13519	77.27907	77.10058	77.11069	77.09512	77.13353	76.58119	76.58768
6/10/2025	1:21:40 PM	77.08661	77.02852	77.07564	77.10484	77.11142	77.03491	77.13520	77.27916	77.10080	77.11058	77.09525	77.13406	76.58086	76.58755
6/10/2025	1:21:43 PM	77.08597	77.02758	77.07537	77.10503	77.11090	77.03448	77.13493	77.27848	77.10048	77.11059	77.09495	77.13335	76.58079	76.58693
6/10/2025	1:21:47 PM	77.08607	77.02784	77.07526	77.10482	77.11109	77.03451	77.13473	77.27896	77.10041	77.11059	77.09500	77.13367	76.58091	76.58790
6/10/2025	1:21:50 PM	77.08663	77.02805	77.07525	77.10496	77.11146	77.03490	77.13514	77.27867	77.10050	77.11053	77.09504	77.13332	76.58091	76.58790
6/10/2025	1:21:54 PM	77.08635	77.02817	77.07544	77.10498	77.11157	77.03511	77.13556	77.27920	77.10051	77.11086	77.09519	77.13343	76.58075	76.58775
6/10/2025	1:21:58 PM	77.08610	77.02756	77.07509	77.10447	77.11067	77.03460	77.13507	77.27852	77.10017	77.11047	77.09468	77.13304	76.58029	76.58741
6/10/2025	1:22:01 PM	77.08611	77.02776	77.07502	77.10474	77.11094	77.03455	77.13505	77.27890	77.10016	77.11099	77.09518	77.13321	76.58095	76.58744
6/10/2025	1:22:05 PM	77.08621	77.02797	77.07559	77.10481	77.11082	77.03466	77.13510	77.27878	77.10033	77.11096	77.09496	77.13401	76.58114	76.58768
6/10/2025	1:22:08 PM	77.08646	77.02785	77.07496	77.10441	77.11036	77.03442	77.13478	77.27846	77.09984	77.11026	77.09482	77.13325	76.58048	76.58716
6/10/2025	1:22:12 PM	77.08591	77.02764	77.07519	77.10479	77.11074	77.03440	77.13499	77.27840	77.09983	77.11022	77.09471	77.13321	76.58018	76.58717
6/10/2025	1:22:16 PM	77.08561	77.02739	77.07534	77.10464	77.11031	77.03385	77.13423	77.27818	77.10017	77.11038	77.09422	77.13274	76.58000	76.58706
6/10/2025	1:22:19 PM	77.08553	77.02703	77.07482	77.10380	77.11004	77.03390	77.13463	77.27806	77.09992	77.11014	77.09406	77.13267	76.57989	76.58680
6/10/2025	1:22:23 PM	77.08536	77.02712	77.07446	77.10373	77.11008	77.03410	77.13445	77.27789	77.09940	77.10995	77.09432	77.13247	76.57942	76.58676
6/10/2025	1:22:26 PM	77.08525	77.02725	77.07469	77.10385	77.11000	77.03416	77.13421	77.27815	77.09995	77.11005	77.09447	77.13261	76.58005	76.58681
6/10/2025	1:22:30 PM	77.08520	77.02734	77.07469	77.10395	77.11029	77.03390	77.13460	77.27785	77.09996	77.11031	77.09460	77.13260	76.57989	76.58681
6/10/2025	1:22:34 PM	77.08536	77.02701	77.07458	77.10412	77.11023	77.03371	77.13410	77.27799	77.09972	77.10987	77.09399	77.13247	76.57975	76.58721
6/10/2025	1:22:37 PM	77.08543	77.02713	77.07434	77.10365	77.10951	77.03384	77.13401	77.27788	77.09952	77.10952	77.09421	77.13232	76.57958	76.58656
6/10/2025	1:22:41 PM	77.08464	77.02717	77.07395	77.10384	77.11028	77.03360	77.13396	77.27773	77.09975	77.10973	77.09419	77.13231	76.57980	76.58620
6/10/2025	1:22:44 PM	77.08474	77.02700	77.07408	77.10370	77.10965	77.03365	77.13412	77.27804	77.09941	77.10974	77.09369	77.13236	76.57976	76.58670
6/10/2025	1:22:48 PM	77.08533	77.02637	77.07419	77.10369	77.10993	77.03382	77.13434	77.27796	77.09963	77.10954	77.09385	77.13231	76.57966	76.58682
6/10/2025	1:22:52 PM	77.08506	77.02704	77.07422	77.10381	77.10987	77.03374	77.13432	77.27800	77.09938	77.10962	77.09419	77.13239	76.57979	76.58671
6/10/2025	1:22:55 PM	77.08491	77.02621	77.07417	77.10298	77.10973	77.03374	77.13383	77.27788	77.09947	77.10949	77.09400	77.13227	76.57900	76.58655
6/10/2025	1:22:59 PM	77.08481	77.02655	77.07379	77.10371	77.10998	77.03344	77.13377	77.27734	77.09926	77.10939	77.09409	77.13202	76.57932	76.58710
6/10/2025	1:23:02 PM	77.08501	77.02709	77.07438	77.10354	77.11000	77.03375	77.13448	77.27805	77.09948	77.10962	77.09412	77.13215	76.57954	76.58665
6/10/2025	1:23:06 PM	77.08467	77.02671	77.07406	77.10364	77.10984	77.03352	77.13340	77.27752	77.09883	77.10929	77.09390	77.13187	76.57915	76.58599
6/10/2025	1:23:10 PM	77.08500	77.02658	77.07394	77.10354	77.10952	77.03370	77.13376	77.27768	77.09939	77.10933	77.09383	77.13246	76.57952	76.58656
6/10/2025	1:23:13 PM	77.08474	77.02639	77.07403	77.10387	77.11004	77.03358	77.13421	77.27766	77.09946	77.10944	77.09393	77.13255	76.57973	76.58637
6/10/2025	1:23:17 PM	77.08493	77.02663	77.07384	77.10363	77.10987	77.03347	77.13410	77.27797	77.09988	77.10941	77.09388	77.13216	76.57922	76.58685
6/10/2025	1:23:20 PM	77.08511	77.02664	77.07420	77.10327	77.10963	77.03327	77.13433	77.27766	77.09908	77.10939	77.09388	77.13201	76.57922	76.58651
6/10/2025	1:23:24 PM	77.08465	77.02624	77.07404	77.10297	77.10961	77.03313	77.13365	77.27742	77.09949	77.10902	77.09382	77.13203	76.57909	76.58618
6/10/2025	1:23:28 PM	77.08464	77.02621	77.07398	77.10301	77.10965	77.03328	77.13355	77.27740	77.09932	77.10907	77.09369	77.13197	76.57916	76.58578
6/10/2025	1:23:31 PM	77.08430	77.02600	77.07353	77.10277	77.10945	77.03346	77.13322	77.27725	77.09882	77.10921	77.09356	77.13205	76.57900	76.58630
6/10/2025	1:23:35 PM	77.08459	77.02646	77.07347	77.10295	77.10951	77.03317	77.13348	77.27723	77.09944	77.10913	77.09381	77.13177	76.57886	76.58588
6/10/2025	1:23:38 PM	77.08426	77.02605	77.07364	77.10293	77.10908	77.03317	77.13341	77.27729	77.09944	77.10968	77.09345	77.13182	76.57905	76.58574
6/10/2025	1:23:42 PM	77.08426	77.02603	77.07356	77.10315	77.10920	77.03291	77.13317	77.27736	77.09879	77.10856	77.09324	77.13148	76.57870	76.58525
6/10/2025	1:23:46 PM	77.08405	77.02611	77.07326	77.10298	77.10888	77.03282	77.13300	77.27713	77.09872	77.10846	77.09313	77.13143	76.57817	76.58522
6/10/2025	1:23:49 PM	77.08366	77.02584	77.07297	77.10265	77.10888	77.03281	77.13324	77.27698	77.09841	77.10827	77.09287	77.13143	76.57863	76.58540
6/10/2025	1:23:53 PM	77.08414	77.02548	77.07311	77.10292	77.10886	77.03286	77.13324	77.27682	77.09866	77.10890	77.09314	77.13127	76.57809	76.58519
6/10/2025	1:23:56 PM	77.08384	77.02560	77.07311	77.10278	77.10896	77.03296	77.13341	77.27675	77.09849	77.10844	77.09326	77.13168	76.57815	76.58552
6/10/2025	1:24:00 PM	77.08373	77.02606	77.07327	77.10278	77.10926	77.03339	77.13354	77.27666	77.09848	77.10872	77.09338	77.13144	76.57862	76.58544
6/10/2025	1:24:04 PM	77.08394	77.02607	77.07318	77.10309	77.10880	77.03275	77.13310	77.27667	77.09863	77.10875	77.09330	77.13132	76.57813	76.58555
6/10/2025	1:24:07 PM	77.08378	77.02565	77.07305	77.10277	77.10904	77.03276	77.13323	77.27669	77.09875	77.10863	77.09305	77.13121	76.57842	76.58574
6/10/2025	1:24:11 PM	77.08374	77.02575	77.07322	77.10292	77.10865	77.03266	77.13332	77.27705	77.09851	77.10862	77.09316	77.13179	76.57878	76.58575
6/10/2025	1:24:14 PM	77.08390	77.02566	77.07295	77.10270	77.10860	77.03256	77.13340	77.27702	77.09834	77.10853	77.09288	77.13140	76.57892	76.58642
6/10/2025	1:24:18 PM	77.08418	77.02606	77.07370	77.10305	77.10920	77.03284	77.13337	77.27702	77.09851	77.10902	77.09329	77.13193	76.57858	76.58602
6/10/2025	1:24:22 PM	77.08399	77.02568	77.07329	77.10300	77.10911	77.03278	77.13317	77.27693	77.09865	77.10879	77.09319	77.13143	76.57840	76.58578
6/10/2025	1:24:25 PM	77.08402	77.02607	77.07346	77.10288	77.10903	77.03313	77.13341	77.27726	77.09891	77.10891	77.09346	77.13174	76.57860	76.58559
6/10/2025	1:24:29 PM	77.08418	77.02592	77.07322	77.10290	77.10903	77.03295	77.13390	77.27670	77.09907	77.10900	77.09366	77.13177	76.57917	76.58643
6/10/2025	1:24:32 PM	77.08436	77.02630	77.07326	77.10298	77.10934	77.03309	77.13341	77.27734	77.09872	77.10908	77.09311	77.13226	76.57912	76.58649
6/10/2025	1:24:36 PM	77.08445	77.02647	77.07366	77.10332	77.10968	77.03347	77.13395	77.27769	77.09920	77.10899	77.09320	77.13194	76.57878	76.58605
6/10/2025	1:24:40 PM	77.08449	77.02609	77.07338	77.10284	77.10924	77.03247	77.13317	77.27698	77.09847	77.10843	77.09287	77.13118	76.57799	76.58553
6/10/2025	1:24:43 PM	77.08360	77.02571	77.07321	77.10274	77.10929	77.03308	77.13322	77.27714	77.09920	77.10903	77.09359	77.13145	76.57836	76.58547
6/10/2025	1:24:47 PM	77.08392	77.02567	77.07322	77.10231	77.10860	77.03276	77.13297	77.27643	77.09821	77.10836	77.09304	77.13097	76.57811	76.58518
6/10/2025	1:24:50 PM	77.08365	77.02529	77.07282	77.10269	77.10898	77.03245	77.13313	77.27655	77.09832	77.10839	77.09257	77.13086	76.57782	76.58500
6/10/2025	1:24:54 PM	77.08391	77.02540	77.07273	77.10264	77.10849	77.03244	77.13321	77.27669	77.09825	77.10823	77.09274	77.13105	76.57794	76.58507
6/10/2025	1:24:58 PM	77.08447	77.02604	77.07345	77.10296	77.10911	77.03258	77.13294	77.27640	77.09839	77.10825	77.09328	77.13123	76.57847	76.58556
6/10/2025	1:25:01 PM	77.08342	77.02536	77.07304	77.10308	77.10870	77.03232	77.13293	77.27640	77.09843	77.10812	77.09276	77.13134	76.57806	76.58505
6/10/2025	1:25:05 PM	77.08352	77.02542	77.07260	77.10212	77.10850	77.03220	77.13274	77.27651	77.09860	77.10821	77.09264	77.13125	76.57802	76.58524
6/10/2025	1:25:08 PM	77.08325	77.02535	77.07285	77.10248	77.10877	77.03206	77.13286	77.27653	77.09853	77.10827	77.09259	77.13083	76.57794	76.58497
6/10/2025	1:25:12 PM	77.08309	77.02509	77.07285	77.10209	77.10840	77.03213	77.13292	77.27650	77.09821	77.10804	77.09284	77.13117	76.57770	76.58499
6/10/2025	1:25:16 PM	77.08329	77.02530	77.07262	77.10247	77.10825	77.03209	77.13287	77.27626	77.09781	77.10785	77.09252	77.13044	76.57750	76.58482
6/10/2025	1:25:19 PM	77.08320	77.02481	77.07264	77.10245	77.10822	77.03208	77.13286	77.27629	77.09834	77.10804	77.09217	77.13120	76.57763	76.58460
6/10/2025	1:25:23 PM	77.08351	77.02512	77.07291	77.10226	77.10862	77.03197	77.13259	77.27631	77.09818	77.10815	77.09275	77.13057	76.57764	76.58466
6/10/2025	1:25:26 PM	77.08317	77.02510	77.07247	77.10250	77.10829	77.03199	77.13265	77.27620	77.09803	77.10778	77.09236	77.13078	76.57723	76.58461
6/10/2025	1:25:30 PM	77.08312	77.02486	77.07214	77.10217	77.10795	77.03212	77.13245	77.27593	77.09763	77.10775	77.09242	77.13066	76.57729	76.58457
6/10/2025	1:25:34 PM	77.08330	77.02476	77.07249	77.10202	77.10823	77.03201	77.13265	77.27599	77.09793	77.10747	77.09241	77.13066	76.57719	76.58472
6/10/2025	1:25:37 PM	77.08347	77.02511	77.07244	77.10194	77.10793	77.03202	77.13268	77.27619	77.09753	77.10785	77.09200	77.13081	76.57720	76.58387
6/10/2025	1:25:41 PM	77.08321	77.02498	77.07210	77.10188	77.10844	77.03186	77.13255	77.27608	77.09790	77.10803	77.09229	77.13051	76.57705	76.58466
6/10/2025	1:25:44 PM	77.08337	77.02496	77.07225	77.10198	77.10832	77.03238	77.13277	77.27616	77.09770	77.10813	77.09288	77.13141	76.57803	76.58525
6/10/2025	1:25:48 PM	77.08340	77.02499	77.07269	77.10194	77.10839	77.03215	77.13301	77.27626	77.09783	77.10804	77.09237	77.13071	76.57774	76.58515
6/10/2025	1:25:52 PM	77.08359	77.02516	77.07271	77.10215	77.10827	77.03186	77.13269	77.27616	77.09837	77.10812	77.09224	77.13102	76.57788	76.58472
6/10/2025	1:25:55 PM	77.08346	77.02535	77.07259	77.10199	77.10836	77.03234	77.13291	77.27619	77.09817	77.10812	77.09278	77.13106	76.57749	76.58503
6/10/2025	1:25:59 PM	77.08311	77.02500	77.07227	77.10240	77.10834	77.03221	77.13263	77.27628	77.09799	77.10778	77.09233	77.13093	76.57764	76.58512
6/10/2025	1:26:02 PM	77.08378	77.02482	77.07266	77.10228	77.10840	77.03233	77.13274	77.27643	77.09810	77.10799	77.09237	77.13089	76.57747	76.58459
6/10/2025	1:26:06 PM	77.08337	77.02515	77.07242	77.10200	77.10876	77.03229	77.13267	77.27627	77.09808	77.10798	77.09254	77.13096	76.57752	76.58433
6/10/2025	1:26:10 PM	77.08385	77.02492	77.07257	77.10222	77.10812	77.03216	77.13247	77.27578	77.09757	77.10776	77.09213	77.13063	76.57761	76.58420
6/10/2025	1:26:13 PM	77.08337	77.02498	77.07253	77.10214	77.10863	77.03193	77.13276	77.27615	77.09753	77.10779	77.09250	77.13083	76.57745	76.58431
6/10/2025	1:26:17 PM	77.08331	77.02483	77.07258	77.10204	77.10830	77.03198	77.13244	77.27593	77.09773	77.10792	77.09256	77.13064	76.57740	76.58459
6/10/2025	1:26:20 PM	77.08320	77.02478	77.07218	77.10187	77.10815	77.03193	77.13269	77.27625	77.09820	77.10764	77.09236	77.13100	76.57744	76.58452
6/10/2025	1:26:24 PM	77.08315	77.02515	77.07217	77.10194	77.10824	77.03179	77.13230	77.27639	77.09842	77.10778	77.09253	77.13086	76.57727	76.58403
6/10/2025	1:26:28 PM	77.08297	77.02487	77.07229	77.10173	77.10796	77.03195	77.13215	77.27622	77.09763	77.10762	77.09228	77.13082	76.57726	76.58439
6/10/2025	1:26:31 PM	77.08297	77.02474	77.07223	77.10192	77.10805	77.03183	77.13261	77.27570	77.09784	77.10777	77.09231	77.13078	76.57730	76.58451
6/10/2025	1:26:35 PM	77.08318	77.02547	77.07272	77.10179	77.10821	77.03205	77.13258	77.27595	77.09752	77.10823	77.09242	77.13064	76.57713	76.58455
6/10/2025	1:26:38 PM	77.08300	77.02493	77.07252	77.10173	77.10835	77.03172	77.13224	77.27623	77.09788	77.10778	77.09242	77.13070	76.57758	76.58478
6/10/2025	1:26:42 PM	77.08315	77.02507	77.07226	77.10170	77.10826	77.03178	77.13219	77.27604	77.09799	77.10790	77.09257	77.13099	76.57712	76.58450
6/10/2025	1:26:45 PM	77.08309	77.02464	77.07205	77.10168	77.10824	77.03172	77.13249	77.27555	77.09731	77.10794	77.09249	77.13118	76.57739	76.58465
6/10/2025	1:26:49 PM	77.08316	77.02487	77.07218	77.10163	77.10773	77.03165	77.13246	77.27563	77.09769	77.10811	77.09242	77.13032	76.57728	76.58430
6/10/2025	1:26:53 PM	77.08307	77.02492	77.07239	77.10197	77.10820	77.03181	77.13235	77.27575	77.09762	77.10814	77.09225	77.13094	76.57768	76.58483
6/10/2025	1:26:56 PM	77.08321	77.02497	77.07236	77.10174	77.10837	77.03178	77.13239	77.27579	77.09765	77.10805	77.09239	77.13091	76.57735	76.58448
6/10/2025	1:27:00 PM	77.08330	77.02484	77.07273	77.10187	77.10821	77.03193	77.13250	77.27604	77.09765	77.10784	77.09199	77.13060	76.57756	76.58467
6/10/2025	1:27:03 PM	77.08304	77.02492	77.07218	77.10227	77.10849	77.03214	77.13276	77.27617	77.09817	77.10824	77.09254	77.13072	76.57711	76.58465
6/10/2025	1:27:07 PM	77.08307	77.02546	77.07263	77.10210	77.10863	77.03222	77.13277	77.27639	77.09819	77.10822	77.09272	77.13079	76.57799	76.58509
6/10/2025	1:27:11 PM	77.08360	77.02501	77.07257	77.10263	77.10839	77.03197	77.13234	77.27619	77.09727	77.10814	77.09262	77.13087	76.57744	76.58469
6/10/2025	1:27:14 PM	77.08329	77.02476	77.07244	77.10203	77.10831	77.03214	77.13238	77.27629	77.09802	77.10808	77.09244	77.13060	76.57756	76.58464
6/10/2025	1:27:18 PM	77.08360	77.02490	77.07265	77.10211	77.10871	77.03232	77.13245	77.27666	77.09790	77.10780	77.09290	77.13069	76.57758	76.58455
6/10/2025	1:27:21 PM	77.08324	77.02516	77.07264	77.10183	77.10859	77.03201	77.13228	77.27629	77.09773	77.10813	77.09249	77.13111	76.57779	76.58476
6/10/2025	1:27:25 PM	77.08382	77.02545	77.07296	77.10250	77.10871	77.03245	77.13270	77.27626	77.09847	77.10877	77.09264	77.13143	76.57787	76.58499
6/10/2025	1:27:29 PM	77.08352	77.02510	77.07273	77.10238	77.10857	77.03268	77.13270	77.27625	77.09792	77.10805	77.09243	77.13069	76.57730	76.58472
6/10/2025	1:27:32 PM	77.08348	77.02531	77.07291	77.10266	77.10829	77.03205	77.13222	77.27595	77.09826	77.10814	77.09280	77.13124	76.57784	76.58461
6/10/2025	1:27:36 PM	77.08332	77.02481	77.07202	77.10212	77.10813	77.03213	77.13225	77.27583	77.09770	77.10786	77.09184	77.13093	76.57721	76.58492
6/10/2025	1:27:39 PM	77.08328	77.02470	77.07252	77.10184	77.10804	77.03223	77.13253	77.27597	77.09772	77.10775	77.09248	77.13108	76.57775	76.58452
6/10/2025	1:27:43 PM	77.08332	77.02514	77.07209	77.10214	77.10841	77.03221	77.13282	77.27599	77.09784	77.10795	77.09240	77.13105	76.57789	76.58488
6/10/2025	1:27:46 PM	77.08271	77.02480	77.07246	77.10192	77.10827	77.03237	77.13268	77.27618	77.09769	77.10748	77.09214	77.13040	76.57732	76.58481
6/10/2025	1:27:50 PM	77.08304	77.02456	77.07218	77.10217	77.10821	77.03209	77.13273	77.27603	77.09774	77.10755	77.09241	77.13067	76.57760	76.58463
6/10/2025	1:27:54 PM	77.08318	77.02456	77.07238	77.10225	77.10780	77.03198	77.13256	77.27598	77.09749	77.10772	77.09250	77.13085	76.57722	76.58445
6/10/2025	1:27:57 PM	77.08350	77.02498	77.07238	77.10145	77.10793	77.03172	77.13233	77.27614	77.09788	77.10788	77.09251	77.13042	76.57721	76.58434
6/10/2025	1:28:01 PM	77.08310	77.02444	77.07220	77.10216	77.10814	77.03226	77.13225	77.27588	77.09748	77.10773	77.09220	77.13033	76.57670	76.58425
6/10/2025	1:28:04 PM	77.08250	77.02411	77.07168	77.10119	77.10795	77.03165	77.13200	77.27552	77.09697	77.10742	77.09169	77.13053	76.57667	76.58399
6/10/2025	1:28:08 PM	77.08250	77.02436	77.07160	77.10097	77.10776	77.03136	77.13174	77.27546	77.09669	77.10703	77.09164	77.12997	76.57656	76.58383
6/10/2025	1:28:12 PM	77.08238	77.02449	77.07176	77.10119	77.10741	77.03119	77.13189	77.27521	77.09718	77.10721	77.09152	77.12995	76.57659	76.58402
6/10/2025	1:28:15 PM	77.08280	77.02429	77.07175	77.10127	77.10776	77.03186	77.13223	77.27582	77.09705	77.10702	77.09167	77.13033	76.57702	76.58431
6/10/2025	1:28:19 PM	77.08303	77.02441	77.07247	77.10232	77.10803	77.03213	77.13226	77.27559	77.09717	77.10753	77.09191	77.13071	76.57746	76.58475
6/10/2025	1:28:22 PM	77.08312	77.02467	77.07264	77.10203	77.10827	77.03209	77.13224	77.27585	77.09785	77.10798	77.09221	77.13084	76.57756	76.58499
6/10/2025	1:28:26 PM	77.08337	77.02475	77.07238	77.10180	77.10845	77.03234	77.13294	77.27643	77.09795	77.10797	77.09233	77.13106	76.57773	76.58501
6/10/2025	1:28:30 PM	77.08346	77.02482	77.07285	77.10236	77.10875	77.03237	77.13271	77.27588	77.09777	77.10808	77.09239	77.13042	76.57749	76.58451
6/10/2025	1:28:33 PM	77.08301	77.02462	77.07181	77.10180	77.10807	77.03224	77.13270	77.27586	77.09743	77.10789	77.09245	77.13059	76.57733	76.58466
6/10/2025	1:28:37 PM	77.08318	77.02474	77.07257	77.10177	77.10808	77.03198	77.13227	77.27618	77.09812	77.10803	77.09264	77.13039	76.57709	76.58416
6/10/2025	1:28:40 PM	77.08260	77.02476	77.07249	77.10141	77.10772	77.03164	77.13204	77.27605	77.09742	77.10727	77.09250	77.13023	76.57702	76.58408
6/10/2025	1:28:44 PM	77.08268	77.02422	77.07205	77.10149	77.10808	77.03185	77.13216	77.27557	77.09748	77.10738	77.09167	77.13004	76.57709	76.58453
6/10/2025	1:28:48 PM	77.08301	77.02458	77.07197	77.10171	77.10766	77.03156	77.13173	77.27501	77.09769	77.10747	77.09229	77.13070	76.57698	76.58426
6/10/2025	1:28:51 PM	77.08256	77.02414	77.07217	77.10200	77.10821	77.03203	77.13241	77.27576	77.09741	77.10761	77.09185	77.13051	76.57646	76.58431
6/10/2025	1:28:55 PM	77.08283	77.02434	77.07199	77.10116	77.10773	77.03177	77.13190	77.27514	77.09720	77.10724	77.09203	77.13033	76.57687	76.58414
6/10/2025	1:28:58 PM	77.08274	77.02450	77.07160	77.10159	77.10791	77.03180	77.13220	77.27550	77.09725	77.10775	77.09203	77.13066	76.57659	76.58429
6/10/2025	1:29:02 PM	77.08282	77.02485	77.07169	77.10134	77.10774	77.03128	77.13131	77.27489	77.09681	77.10712	77.09146	77.12992	76.57616	76.58379
6/10/2025	1:29:06 PM	77.08241	77.02395	77.07131	77.10126	77.10751	77.03152	77.13192	77.27535	77.09647	77.10670	77.09123	77.12959	76.57636	76.58366
6/10/2025	1:29:09 PM	77.08242	77.02427	77.07201	77.10112	77.10758	77.03184	77.13148	77.27561	77.09739	77.10717	77.09161	77.12966	76.57638	76.58376
6/10/2025	1:29:13 PM	77.08251	77.02440	77.07171	77.10144	77.10733	77.03131	77.13192	77.27507	77.09659	77.10708	77.09134	77.12994	76.57634	76.58348
6/10/2025	1:29:16 PM	77.08189	77.02390	77.07077	77.10083	77.10725	77.03126	77.13153	77.27516	77.09642	77.10671	77.09136	77.12980	76.57642	76.58345
6/10/2025	1:29:20 PM	77.08191	77.02401	77.07146	77.10103	77.10730	77.03129	77.13165	77.27472	77.09644	77.10679	77.09091	77.12995	76.57644	76.58374
6/10/2025	1:29:24 PM	77.08212	77.02357	77.07144	77.10090	77.10699	77.03118	77.13138	77.27479	77.09678	77.10685	77.09135	77.12982	76.57610	76.58374
6/10/2025	1:29:27 PM	77.08248	77.02384	77.07143	77.10084	77.10733	77.03130	77.13172	77.27535	77.09715	77.10667	77.09143	77.12954	76.57638	76.58349
6/10/2025	1:29:31 PM	77.08183	77.02375	77.07137	77.10094	77.10738	77.03101	77.13154	77.27504	77.09701	77.10699	77.09124	77.12986	76.57641	76.58390
6/10/2025	1:29:34 PM	77.08207	77.02388	77.07133	77.10075	77.10717	77.03149	77.13189	77.27529	77.09687	77.10674	77.09180	77.12998	76.57641	76.58377
6/10/2025	1:29:38 PM	77.08227	77.02402	77.07162	77.10082	77.10728	77.03149	77.13174	77.27512	77.09670	77.10701	77.09130	77.13005	76.57630	76.58355
6/10/2025	1:29:42 PM	77.08260	77.02392	77.07168	77.10083	77.10743	77.03112	77.13131	77.27479	77.09684	77.10673	77.09153	77.12969	76.57581	76.58353
6/10/2025	1:29:45 PM	77.08206	77.02361	77.07118	77.10083	77.10677	77.03081	77.13145	77.27505	77.09678	77.10677	77.09144	77.12998	76.57624	76.58358
6/10/2025	1:29:49 PM	77.08220	77.02403	77.07158	77.10128	77.10772	77.03141	77.13168	77.27507	77.09715	77.10723	77.09136	77.12958	76.57593	76.58334
6/10/2025	1:29:52 PM	77.08216	77.02397	77.07158	77.10160	77.10735	77.03143	77.13206	77.27545	77.09701	77.10716	77.09170	77.12988	76.57654	76.58352
6/10/2025	1:29:56 PM	77.08210	77.02405	77.07143	77.10100	77.10754	77.03099	77.13151	77.27477	77.09695	77.10675	77.09115	77.12984	76.57629	76.58348
6/10/2025	1:30:00 PM	77.08198	77.02352	77.07105	77.10085	77.10704	77.03062	77.13137	77.27453	77.09641	77.10647	77.09123	77.12911	76.57573	76.58320
6/10/2025	1:30:03 PM	77.08191	77.02362	77.07101	77.10077	77.10690	77.03067	77.13151	77.27495	77.09664	77.10701	77.09118	77.12957	76.57615	76.58326
6/10/2025	1:30:07 PM	77.08206	77.02398	77.07178	77.10125	77.10737	77.03096	77.13155	77.27465	77.09650	77.10667	77.09119	77.12969	76.57592	76.58313
6/10/2025	1:30:10 PM	77.08195	77.02369	77.07101	77.10092	77.10682	77.03098	77.13148	77.27505	77.09667	77.10661	77.09113	77.12965	76.57598	76.58348
6/10/2025	1:30:14 PM	77.08209	77.02364	77.07113	77.10049	77.10755	77.03124	77.13159	77.27464	77.09678	77.10672	77.09172	77.12971	76.57619	76.58355
6/10/2025	1:30:17 PM	77.08230	77.02415	77.07168	77.10094	77.10748	77.03134	77.13177	77.27492	77.09662	77.10691	77.09152	77.12993	76.57604	76.58390
6/10/2025	1:30:21 PM	77.08232	77.02412	77.07162	77.10107	77.10727	77.03061	77.13149	77.27475	77.09650	77.10658	77.09102	77.12954	76.57608	76.58353
6/10/2025	1:30:25 PM	77.08239	77.02389	77.07115	77.10071	77.10735	77.03068	77.13147	77.27491	77.09672	77.10689	77.09116	77.12953	76.57598	76.58315
6/10/2025	1:30:28 PM	77.08219	77.02432	77.07151	77.10136	77.10735	77.03062	77.13179	77.27493	77.09647	77.10649	77.09081	77.12944	76.57572	76.58314
6/10/2025	1:30:32 PM	77.08191	77.02368	77.07109	77.10069	77.10693	77.03107	77.13153	77.27509	77.09646	77.10646	77.09094	77.12900	76.57570	76.58306
6/10/2025	1:30:35 PM	77.08201	77.02346	77.07062	77.10016	77.10656	77.03089	77.13116	77.27423	77.09637	77.10660	77.09098	77.12903	76.57530	76.58236
6/10/2025	1:30:39 PM	77.08129	77.02288	77.07046	77.10029	77.10696	77.03015	77.13103	77.27416	77.09627	77.10641	77.09102	77.12894	76.57550	76.58287
6/10/2025	1:30:43 PM	77.08150	77.02329	77.07058	77.10010	77.10650	77.03027	77.13098	77.27446	77.09625	77.10602	77.09060	77.12893	76.57541	76.58251
6/10/2025	1:30:46 PM	77.08108	77.02332	77.07080	77.10041	77.10668	77.03059	77.13105	77.27445	77.09620	77.10622	77.09079	77.12946	76.57542	76.58264
6/10/2025	1:30:50 PM	77.08164	77.02311	77.07073	77.10037	77.10719	77.03038	77.13072	77.27433	77.09616	77.10637	77.09077	77.12883	76.57550	76.58255
6/10/2025	1:30:53 PM	77.08187	77.02334	77.07095	77.10019	77.10663	77.03049	77.13092	77.27438	77.09609	77.10668	77.09098	77.12921	76.57582	76.58259
6/10/2025	1:30:57 PM	77.08157	77.02324	77.07043	77.10022	77.10655	77.02983	77.13091	77.27419	77.09603	77.10601	77.09012	77.12875	76.57505	76.58248
6/10/2025	1:31:01 PM	77.08159	77.02354	77.07068	77.10051	77.10665	77.03073	77.13108	77.27427	77.09611	77.10588	77.09046	77.12860	76.57527	76.58249
6/10/2025	1:31:04 PM	77.08165	77.02308	77.07054	77.10040	77.10662	77.03049	77.13105	77.27431	77.09664	77.10613	77.09095	77.12930	76.57560	76.58291
6/10/2025	1:31:08 PM	77.08137	77.02339	77.07115	77.10051	77.10676	77.03031	77.13061	77.27369	77.09639	77.10612	77.09023	77.12868	76.57528	76.58270
6/10/2025	1:31:11 PM	77.08152	77.02328	77.07090	77.10097	77.10684	77.03110	77.13088	77.27458	77.09629	77.10627	77.09077	77.12911	76.57565	76.58258
6/10/2025	1:31:15 PM	77.08166	77.02348	77.07059	77.10019	77.10698	77.03034	77.13073	77.27414	77.09645	77.10623	77.09126	77.12959	76.57559	76.58293
6/10/2025	1:31:19 PM	77.08167	77.02338	77.07088	77.10047	77.10677	77.03043	77.13075	77.27419	77.09612	77.10601	77.09055	77.12885	76.57534	76.58285
6/10/2025	1:31:22 PM	77.08165	77.02343	77.07088	77.10040	77.10654	77.03045	77.13068	77.27418	77.09595	77.10580	77.09037	77.12897	76.57545	76.58253
6/10/2025	1:31:26 PM	77.08120	77.02317	77.07045	77.10002	77.10658	77.03039	77.13085	77.27420	77.09604	77.10612	77.09034	77.12881	76.57542	76.58259
6/10/2025	1:31:29 PM	77.08108	77.02293	77.07019	77.10018	77.10641	77.03009	77.13044	77.27367	77.09608	77.10570	77.09017	77.12865	76.57528	76.58242
6/10/2025	1:31:33 PM	77.08114	77.02286	77.07068	77.10048	77.10678	77.03013	77.13041	77.27403	77.09577	77.10593	77.09046	77.12890	76.57500	76.58228
6/10/2025	1:31:36 PM	77.08123	77.02300	77.07057	77.10013	77.10663	77.03036	77.13063	77.27432	77.09609	77.10619	77.09026	77.12926	76.57559	76.58249
6/10/2025	1:31:40 PM	77.08132	77.02292	77.07030	77.10043	77.10671	77.03055	77.13082	77.27417	77.09594	77.10601	77.09033	77.12862	76.57489	76.58225
6/10/2025	1:31:44 PM	77.08089	77.02285	77.07030	77.09994	77.10599	77.02985	77.13053	77.27380	77.09559	77.10532	77.09015	77.12807	76.57477	76.58189
6/10/2025	1:31:47 PM	77.08082	77.02279	77.07070	77.09983	77.10593	77.03032	77.13066	77.27387	77.09575	77.10586	77.09013	77.12862	76.57491	76.58230
6/10/2025	1:31:51 PM	77.08099	77.02273	77.07011	77.09985	77.10620	77.02979	77.13034	77.27361	77.09523	77.10542	77.09004	77.12821	76.57420	76.58199
6/10/2025	1:31:54 PM	77.08066	77.02201	77.06983	77.09978	77.10668	77.03005	77.13044	77.27411	77.09583	77.10547	77.08990	77.12830	76.57452	76.58235
6/10/2025	1:31:58 PM	77.08057	77.02269	77.07002	77.10015	77.10666	77.03008	77.13076	77.27410	77.09570	77.10563	77.09052	77.12885	76.57519	76.58219
6/10/2025	1:32:02 PM	77.08122	77.02290	77.07031	77.09982	77.10641	77.03019	77.13033	77.27373	77.09567	77.10581	77.09029	77.12874	76.57468	76.58192
6/10/2025	1:32:05 PM	77.08117	77.02276	77.06997	77.09980	77.10629	77.02983	77.13050	77.27400	77.09590	77.10588	77.09038	77.12876	76.57532	76.58239
6/10/2025	1:32:09 PM	77.08109	77.02279	77.07020	77.09959	77.10618	77.02989	77.13023	77.27351	77.09575	77.10526	77.08975	77.12832	76.57461	76.58174
6/10/2025	1:32:12 PM	77.08042	77.02210	77.06984	77.09949	77.10592	77.02952	77.13023	77.27351	77.09516	77.10519	77.08994	77.12846	76.57470	76.58195
6/10/2025	1:32:16 PM	77.08075	77.02215	77.06955	77.09924	77.10602	77.02927	77.12966	77.27288	77.09506	77.10533	77.08946	77.12821	76.57419	76.58198
6/10/2025	1:32:20 PM	77.08052	77.02229	77.06999	77.09947	77.10602	77.02942	77.13023	77.27331	77.09538	77.10544	77.08967	77.12781	76.57435	76.58186
6/10/2025	1:32:23 PM	77.08070	77.02212	77.06967	77.09940	77.10577	77.02929	77.12988	77.27300	77.09515	77.10529	77.08976	77.12852	76.57477	76.58195
6/10/2025	1:32:27 PM	77.08059	77.02267	77.07006	77.09976	77.10565	77.02956	77.13037	77.27341	77.09542	77.10541	77.09008	77.12852	76.57464	76.58188
6/10/2025	1:32:30 PM	77.08103	77.02256	77.06981	77.09950	77.10616	77.02912	77.12988	77.27312	77.09548	77.10542	77.09021	77.12841	76.57511	76.58254
6/10/2025	1:32:34 PM	77.08103	77.02253	77.07016	77.09956	77.10589	77.02923	77.13049	77.27383	77.09555	77.10565	77.08989	77.12793	76.57475	76.58198
6/10/2025	1:32:38 PM	77.08054	77.02257	77.07015	77.09975	77.10624	77.02981	77.13029	77.27367	77.09571	77.10570	77.09020	77.12874	76.57493	76.58197
6/10/2025	1:32:41 PM	77.08092	77.02287	77.06979	77.09936	77.10599	77.02974	77.13003	77.27354	77.09519	77.10528	77.08992	77.12856	76.57511	76.58224
6/10/2025	1:32:45 PM	77.08070	77.02225	77.07012	77.09961	77.10593	77.02971	77.13034	77.27347	77.09538	77.10547	77.09005	77.12827	76.57497	76.58178
6/10/2025	1:32:48 PM	77.08073	77.02238	77.06992	77.09952	77.10600	77.02954	77.12979	77.27375	77.09558	77.10557	77.09021	77.12848	76.57458	76.58201
6/10/2025	1:32:52 PM	77.08076	77.02260	77.07023	77.09961	77.10625	77.02954	77.13042	77.27374	77.09566	77.10566	77.08989	77.12850	76.57438	76.58183
6/10/2025	1:32:56 PM	77.08074	77.02246	77.06997	77.09989	77.10617	77.02988	77.13072	77.27436	77.09586	77.10572	77.08989	77.12841	76.57508	76.58227
6/10/2025	1:32:59 PM	77.08090	77.02268	77.07005	77.09975	77.10607	77.02977	77.13029	77.27351	77.09542	77.10533	77.08983	77.12863	76.57465	76.58252
6/10/2025	1:33:03 PM	77.08148	77.02263	77.06989	77.09958	77.10605	77.02999	77.13043	77.27367	77.09540	77.10534	77.09010	77.12829	76.57462	76.58187
6/10/2025	1:33:06 PM	77.08064	77.02253	77.06960	77.09962	77.10585	77.02966	77.13016	77.27326	77.09528	77.10553	77.08997	77.12835	76.57435	76.58177
6/10/2025	1:33:10 PM	77.08051	77.02202	77.06971	77.09918	77.10567	77.02926	77.12980	77.27327	77.09517	77.10489	77.08949	77.12803	76.57416	76.58184
6/10/2025	1:33:14 PM	77.08020	77.02224	77.07004	77.09917	77.10624	77.02970	77.13003	77.27373	77.09525	77.10543	77.08987	77.12819	76.57438	76.58154
6/10/2025	1:33:17 PM	77.08042	77.02231	77.06972	77.09930	77.10599	77.02945	77.12989	77.27347	77.09520	77.10543	77.08970	77.12832	76.57433	76.58203
6/10/2025	1:33:21 PM	77.08049	77.02199	77.06895	77.09902	77.10563	77.02944	77.12999	77.27365	77.09530	77.10526	77.08944	77.12810	76.57455	76.58148
6/10/2025	1:33:24 PM	77.08096	77.02249	77.06928	77.09930	77.10575	77.02911	77.12980	77.27300	77.09493	77.10500	77.08938	77.12799	76.57432	76.58148
6/10/2025	1:33:28 PM	77.08019	77.02212	77.06937	77.09908	77.10556	77.02915	77.12950	77.27322	77.09521	77.10485	77.08928	77.12781	76.57420	76.58156
6/10/2025	1:33:32 PM	77.08042	77.02197	77.06999	77.09921	77.10580	77.02940	77.12932	77.27294	77.09472	77.10480	77.08924	77.12804	76.57434	76.58166
6/10/2025	1:33:35 PM	77.08022	77.02176	77.06886	77.09893	77.10505	77.02925	77.12984	77.27321	77.09498	77.10549	77.08957	77.12781	76.57411	76.58154
6/10/2025	1:33:39 PM	77.08037	77.02199	77.06969	77.09898	77.10556	77.02903	77.12968	77.27304	77.09539	77.10521	77.08955	77.12832	76.57472	76.58193
6/10/2025	1:33:42 PM	77.08068	77.02203	77.06982	77.09950	77.10606	77.02962	77.13008	77.27346	77.09534	77.10502	77.08969	77.12805	76.57462	76.58194
6/10/2025	1:33:46 PM	77.08078	77.02242	77.06923	77.09924	77.10552	77.02944	77.12992	77.27351	77.09536	77.10509	77.08954	77.12777	76.57403	76.58173
6/10/2025	1:33:50 PM	77.08014	77.02205	77.06966	77.09901	77.10585	77.02905	77.13012	77.27335	77.09543	77.10533	77.08934	77.12816	76.57417	76.58139
6/10/2025	1:33:53 PM	77.08050	77.02188	77.06941	77.09906	77.10545	77.02907	77.12974	77.27322	77.09488	77.10512	77.08990	77.12785	76.57399	76.58132
6/10/2025	1:33:57 PM	77.08025	77.02186	77.06952	77.09906	77.10533	77.02899	77.12970	77.27275	77.09489	77.10521	77.08916	77.12770	76.57404	76.58107
6/10/2025	1:34:00 PM	77.08014	77.02165	77.06942	77.09900	77.10554	77.02898	77.12976	77.27352	77.09480	77.10504	77.08924	77.12760	76.57384	76.58136
6/10/2025	1:34:04 PM	77.07966	77.02138	77.06922	77.09897	77.10583	77.02915	77.12981	77.27315	77.09484	77.10513	77.08945	77.12784	76.57380	76.58147
6/10/2025	1:34:08 PM	77.08044	77.02191	77.06947	77.09871	77.10537	77.02886	77.12971	77.27314	77.09488	77.10480	77.08923	77.12802	76.57413	76.58142
6/10/2025	1:34:11 PM	77.08057	77.02211	77.06953	77.09899	77.10547	77.02918	77.12961	77.27360	77.09478	77.10544	77.08941	77.12807	76.57396	76.58180
6/10/2025	1:34:15 PM	77.08049	77.02181	77.06927	77.09893	77.10532	77.02853	77.12960	77.27308	77.09484	77.10500	77.08901	77.12769	76.57381	76.58127
6/10/2025	1:34:18 PM	77.08033	77.02189	77.06940	77.09924	77.10592	77.02922	77.12977	77.27290	77.09467	77.10473	77.08931	77.12797	76.57404	76.58125
6/10/2025	1:34:22 PM	77.08017	77.02164	77.06931	77.09847	77.10514	77.02885	77.12909	77.27279	77.09472	77.10465	77.08896	77.12755	76.57348	76.58125
6/10/2025	1:34:26 PM	77.08013	77.02212	77.06974	77.09927	77.10535	77.02886	77.12880	77.27243	77.09459	77.10480	77.08942	77.12777	76.57346	76.58116
6/10/2025	1:34:29 PM	77.08034	77.02185	77.06918	77.09873	77.10528	77.02894	77.13014	77.27313	77.09498	77.10506	77.08951	77.12796	76.57369	76.58149
6/10/2025	1:34:33 PM	77.07961	77.02136	77.06897	77.09828	77.10479	77.02860	77.12914	77.27252	77.09433	77.10488	77.08925	77.12790	76.57398	76.58097
6/10/2025	1:34:36 PM	77.07968	77.02190	77.06870	77.09904	77.10520	77.02884	77.12939	77.27320	77.09498	77.10488	77.08903	77.12771	76.57406	76.58135
6/10/2025	1:34:40 PM	77.08022	77.02179	77.06934	77.09886	77.10509	77.02908	77.12950	77.27302	77.09462	77.10484	77.08950	77.12771	76.57453	76.58144
6/10/2025	1:34:44 PM	77.08000	77.02188	77.06921	77.09850	77.10552	77.02889	77.12954	77.27310	77.09477	77.10504	77.08904	77.12758	76.57363	76.58119
6/10/2025	1:34:47 PM	77.08030	77.02184	77.06933	77.09884	77.10551	77.02915	77.12983	77.27314	77.09489	77.10492	77.08936	77.12807	76.57415	76.58172
6/10/2025	1:34:51 PM	77.08014	77.02188	77.06963	77.09935	77.10568	77.02942	77.12979	77.27319	77.09502	77.10521	77.08898	77.12842	76.57399	76.58180
6/10/2025	1:34:54 PM	77.08021	77.02200	77.06940	77.09923	77.10572	77.02912	77.12957	77.27336	77.09502	77.10518	77.08934	77.12798	76.57394	76.58151
6/10/2025	1:34:58 PM	77.08004	77.02177	77.06941	77.09907	77.10585	77.02920	77.12977	77.27341	77.09472	77.10482	77.08944	77.12819	76.57438	76.58135
6/10/2025	1:35:02 PM	77.08026	77.02172	77.06938	77.09925	77.10597	77.02937	77.12940	77.27340	77.09521	77.10469	77.08950	77.12815	76.57389	76.58125
6/10/2025	1:35:05 PM	77.07999	77.02194	77.06940	77.09906	77.10532	77.02909	77.12948	77.27320	77.09534	77.10490	77.08958	77.12786	76.57361	76.58146
6/10/2025	1:35:09 PM	77.08019	77.02167	77.06920	77.09858	77.10515	77.02890	77.12914	77.27340	77.09517	77.10513	77.08954	77.12798	76.57402	76.58143
6/10/2025	1:35:12 PM	77.07986	77.02197	77.06938	77.09923	77.10544	77.02973	77.12946	77.27314	77.09474	77.10512	77.08886	77.12798	76.57393	76.58102
6/10/2025	1:35:16 PM	77.08032	77.02191	77.06912	77.09868	77.10522	77.02916	77.12967	77.27289	77.09457	77.10446	77.08905	77.12760	76.57360	76.58113
6/10/2025	1:35:20 PM	77.07979	77.02164	77.06957	77.09882	77.10552	77.02922	77.12956	77.27331	77.09510	77.10453	77.08895	77.12784	76.57354	76.58087
6/10/2025	1:35:23 PM	77.07968	77.02213	77.06949	77.09892	77.10533	77.02924	77.12925	77.27273	77.09471	77.10476	77.08935	77.12770	76.57359	76.58147
6/10/2025	1:35:27 PM	77.07959	77.02174	77.06904	77.09887	77.10525	77.02845	77.12923	77.27320	77.09525	77.10494	77.08911	77.12745	76.57386	76.58139
6/10/2025	1:35:30 PM	77.08015	77.02145	77.06918	77.09883	77.10505	77.02926	77.12932	77.27308	77.09452	77.10505	77.08896	77.12754	76.57363	76.58125
6/10/2025	1:35:34 PM	77.07970	77.02179	77.06912	77.09866	77.10543	77.02937	77.12968	77.27283	77.09482	77.10521	77.08956	77.12794	76.57415	76.58147
6/10/2025	1:35:38 PM	77.07984	77.02192	77.06933	77.09879	77.10546	77.02955	77.12975	77.27322	77.09515	77.10549	77.08966	77.12812	76.57432	76.58147
6/10/2025	1:35:41 PM	77.08006	77.02222	77.06901	77.09920	77.10498	77.02884	77.12949	77.27292	77.09505	77.10491	77.08969	77.12771	76.57370	76.58123
6/10/2025	1:35:45 PM	77.08058	77.02162	77.06925	77.09872	77.10507	77.02916	77.12988	77.27302	77.09479	77.10483	77.08911	77.12758	76.57398	76.58112
6/10/2025	1:35:48 PM	77.07992	77.02155	77.06957	77.09850	77.10525	77.02884	77.12927	77.27308	77.09456	77.10512	77.08920	77.12745	76.57371	76.58098
6/10/2025	1:35:52 PM	77.07995	77.02156	77.06916	77.09878	77.10533	77.02896	77.12907	77.27252	77.09480	77.10494	77.08913	77.12798	76.57367	76.58124
6/10/2025	1:35:56 PM	77.07993	77.02162	77.06888	77.09868	77.10486	77.02890	77.12946	77.27278	77.09426	77.10494	77.08883	77.12769	76.57378	76.58106
6/10/2025	1:35:59 PM	77.07976	77.02131	77.06901	77.09869	77.10530	77.02912	77.12967	77.27330	77.09485	77.10497	77.08924	77.12756	76.57374	76.58116
6/10/2025	1:36:03 PM	77.07976	77.02175	77.06903	77.09880	77.10486	77.02859	77.12916	77.27283	77.09466	77.10490	77.08917	77.12722	76.57381	76.58135
6/10/2025	1:36:06 PM	77.07976	77.02180	77.06945	77.09906	77.10552	77.02952	77.12971	77.27283	77.09503	77.10457	77.08913	77.12777	76.57385	76.58131
6/10/2025	1:36:10 PM	77.08016	77.02159	77.06952	77.09868	77.10527	77.02922	77.12942	77.27297	77.09483	77.10526	77.08902	77.12767	76.57343	76.58130
6/10/2025	1:36:14 PM	77.08016	77.02151	77.06918	77.09892	77.10576	77.02957	77.12966	77.27331	77.09486	77.10520	77.08929	77.12781	76.57389	76.58132
6/10/2025	1:36:17 PM	77.08002	77.02186	77.06982	77.09942	77.10569	77.02916	77.12983	77.27304	77.09519	77.10524	77.08926	77.12771	76.57368	76.58101
6/10/2025	1:36:21 PM	77.07959	77.02154	77.06901	77.09875	77.10561	77.02940	77.12962	77.27318	77.09537	77.10560	77.08919	77.12787	76.57363	76.58142
6/10/2025	1:36:24 PM	77.07979	77.02169	77.06923	77.09876	77.10541	77.02913	77.12933	77.27291	77.09485	77.10526	77.08917	77.12785	76.57345	76.58098
6/10/2025	1:36:28 PM	77.07983	77.02186	77.06913	77.09862	77.10513	77.02875	77.12960	77.27294	77.09494	77.10498	77.08920	77.12789	76.57384	76.58105
6/10/2025	1:36:32 PM	77.08010	77.02160	77.06941	77.09875	77.10527	77.02928	77.12968	77.27292	77.09485	77.10502	77.08951	77.12772	76.57362	76.58121
6/10/2025	1:36:35 PM	77.07995	77.02163	77.06932	77.09916	77.10534	77.02941	77.12977	77.27337	77.09516	77.10548	77.08907	77.12785	76.57359	76.58117
6/10/2025	1:36:39 PM	77.07991	77.02167	77.06948	77.09887	77.10522	77.02874	77.12924	77.27278	77.09476	77.10511	77.08898	77.12767	76.57355	76.58093
6/10/2025	1:36:42 PM	77.07971	77.02112	77.06907	77.09858	77.10568	77.02883	77.12907	77.27277	77.09498	77.10461	77.08909	77.12762	76.57365	76.58116
6/10/2025	1:36:46 PM	77.07977	77.02154	77.06922	77.09873	77.10511	77.02886	77.12902	77.27281	77.09429	77.10479	77.08914	77.12760	76.57355	76.58093
6/10/2025	1:36:50 PM	77.07944	77.02153	77.06876	77.09870	77.10536	77.02887	77.12956	77.27282	77.09470	77.10499	77.08921	77.12763	76.57374	76.58105
6/10/2025	1:36:53 PM	77.08007	77.02160	77.06908	77.09882	77.10541	77.02931	77.12962	77.27279	77.09518	77.10506	77.08966	77.12788	76.57365	76.58104
6/10/2025	1:36:57 PM	77.07954	77.02166	77.06895	77.09866	77.10537	77.02872	77.12941	77.27276	77.09461	77.10477	77.08891	77.12757	76.57361	76.58105
6/10/2025	1:37:00 PM	77.07989	77.02174	77.06934	77.09867	77.10492	77.02926	77.12935	77.27270	77.09497	77.10506	77.08924	77.12782	76.57402	76.58149
6/10/2025	1:37:04 PM	77.07979	77.02174	77.06923	77.09875	77.10534	77.02925	77.12932	77.27284	77.09518	77.10534	77.08928	77.12753	76.57353	76.58110
6/10/2025	1:37:08 PM	77.08004	77.02156	77.06930	77.09866	77.10525	77.02922	77.12951	77.27303	77.09451	77.10500	77.08902	77.12782	76.57358	76.58103
6/10/2025	1:37:11 PM	77.08007	77.02155	77.06915	77.09883	77.10533	77.02930	77.12981	77.27287	77.09508	77.10528	77.08931	77.12767	76.57345	76.58128
6/10/2025	1:37:15 PM	77.07997	77.02203	77.06951	77.09912	77.10531	77.02941	77.12964	77.27276	77.09483	77.10532	77.08943	77.12800	76.57400	76.58182
6/10/2025	1:37:18 PM	77.08000	77.02189	77.06941	77.09912	77.10544	77.02924	77.12930	77.27301	77.09467	77.10504	77.08916	77.12792	76.57402	76.58171
6/10/2025	1:37:22 PM	77.08045	77.02195	77.06949	77.09904	77.10542	77.02914	77.12987	77.27293	77.09437	77.10500	77.08926	77.12773	76.57393	76.58140
6/10/2025	1:37:26 PM	77.07959	77.02153	77.06922	77.09895	77.10550	77.02878	77.12940	77.27297	77.09476	77.10502	77.08977	77.12778	76.57376	76.58197
6/10/2025	1:37:29 PM	77.08021	77.02198	77.07010	77.09926	77.10579	77.02950	77.13000	77.27319	77.09515	77.10525	77.08960	77.12805	76.57390	76.58143
6/10/2025	1:37:33 PM	77.08016	77.02173	77.06966	77.09901	77.10560	77.02960	77.12983	77.27309	77.09489	77.10491	77.08924	77.12765	76.57395	76.58105
6/10/2025	1:37:36 PM	77.08012	77.02150	77.06913	77.09876	77.10515	77.02889	77.12988	77.27312	77.09481	77.10513	77.08893	77.12777	76.57364	76.58094
6/10/2025	1:37:40 PM	77.07984	77.02121	77.06903	77.09841	77.10540	77.02883	77.12961	77.27271	77.09484	77.10498	77.08919	77.12783	76.57388	76.58108
6/10/2025	1:37:44 PM	77.07982	77.02177	77.06921	77.09876	77.10563	77.02903	77.12915	77.27271	77.09492	77.10518	77.08949	77.12785	76.57374	76.58096
6/10/2025	1:37:47 PM	77.07972	77.02143	77.06921	77.09861	77.10514	77.02914	77.12977	77.27304	77.09509	77.10526	77.08943	77.12761	76.57366	76.58139
6/10/2025	1:37:51 PM	77.07992	77.02169	77.06911	77.09851	77.10518	77.02880	77.12916	77.27268	77.09447	77.10483	77.08899	77.12789	76.57403	76.58117
6/10/2025	1:37:54 PM	77.08005	77.02134	77.06888	77.09866	77.10519	77.02916	77.12933	77.27233	77.09426	77.10484	77.08865	77.12746	76.57329	76.58042
6/10/2025	1:37:58 PM	77.07951	77.02122	77.06880	77.09822	77.10509	77.02867	77.12898	77.27244	77.09394	77.10405	77.08840	77.12673	76.57293	76.58074
6/10/2025	1:38:02 PM	77.07925	77.02122	77.06856	77.09845	77.10480	77.02893	77.12947	77.27271	77.09437	77.10440	77.08906	77.12746	76.57313	76.58087
6/10/2025	1:38:05 PM	77.07950	77.02141	77.06873	77.09821	77.10481	77.02852	77.12919	77.27264	77.09449	77.10456	77.08865	77.12719	76.57305	76.58071
6/10/2025	1:38:09 PM	77.07954	77.02092	77.06868	77.09839	77.10474	77.02855	77.12881	77.27200	77.09452	77.10435	77.08913	77.12700	76.57335	76.58087
6/10/2025	1:38:12 PM	77.07947	77.02134	77.06891	77.09890	77.10456	77.02915	77.12929	77.27231	77.09452	77.10446	77.08878	77.12758	76.57328	76.58077
6/10/2025	1:38:16 PM	77.07937	77.02108	77.06866	77.09840	77.10507	77.02880	77.12916	77.27241	77.09444	77.10465	77.08891	77.12744	76.57385	76.58091
6/10/2025	1:38:20 PM	77.07972	77.02154	77.06882	77.09841	77.10474	77.02821	77.12867	77.27269	77.09445	77.10454	77.08888	77.12744	76.57320	76.58069
6/10/2025	1:38:23 PM	77.07975	77.02151	77.06907	77.09840	77.10484	77.02888	77.12916	77.27295	77.09460	77.10460	77.08904	77.12754	76.57342	76.58092
6/10/2025	1:38:27 PM	77.07957	77.02115	77.06869	77.09831	77.10443	77.02813	77.12882	77.27163	77.09411	77.10445	77.08885	77.12725	76.57329	76.58059
6/10/2025	1:38:30 PM	77.07938	77.02165	77.06881	77.09825	77.10486	77.02850	77.12942	77.27248	77.09431	77.10394	77.08865	77.12711	76.57307	76.58086
6/10/2025	1:38:34 PM	77.07995	77.02132	77.06913	77.09845	77.10501	77.02871	77.12914	77.27234	77.09472	77.10441	77.08899	77.12738	76.57313	76.58096
6/10/2025	1:38:38 PM	77.07964	77.02110	77.06875	77.09854	77.10499	77.02873	77.12885	77.27215	77.09419	77.10442	77.08859	77.12729	76.57320	76.58057
6/10/2025	1:38:41 PM	77.07900	77.02109	77.06836	77.09794	77.10427	77.02843	77.12847	77.27231	77.09424	77.10416	77.08833	77.12692	76.57304	76.58016
6/10/2025	1:38:45 PM	77.07939	77.02074	77.06845	77.09755	77.10452	77.02826	77.12885	77.27224	77.09405	77.10421	77.08818	77.12662	76.57278	76.57998
6/10/2025	1:38:48 PM	77.07894	77.02085	77.06827	77.09780	77.10443	77.02786	77.12864	77.27210	77.09389	77.10385	77.08851	77.12697	76.57307	76.58073
6/10/2025	1:38:52 PM	77.07945	77.02076	77.06807	77.09772	77.10460	77.02822	77.12909	77.27200	77.09429	77.10393	77.08838	77.12677	76.57283	76.58000
6/10/2025	1:38:56 PM	77.07920	77.02076	77.06813	77.09776	77.10440	77.02767	77.12845	77.27180	77.09422	77.10396	77.08820	77.12646	76.57255	76.58046
6/10/2025	1:38:59 PM	77.07921	77.02076	77.06819	77.09766	77.10449	77.02807	77.12881	77.27224	77.09361	77.10367	77.08835	77.12708	76.57294	76.58090
6/10/2025	1:39:03 PM	77.07957	77.02117	77.06879	77.09774	77.10422	77.02825	77.12880	77.27208	77.09414	77.10380	77.08848	77.12689	76.57311	76.58064
6/10/2025	1:39:06 PM	77.07951	77.02088	77.06839	77.09792	77.10463	77.02796	77.12841	77.27207	77.09407	77.10412	77.08851	77.12684	76.57311	76.58030
6/10/2025	1:39:10 PM	77.07923	77.02062	77.06817	77.09822	77.10456	77.02827	77.12861	77.27174	77.09373	77.10398	77.08844	77.12675	76.57291	76.58035
6/10/2025	1:39:14 PM	77.07890	77.02035	77.06819	77.09775	77.10437	77.02771	77.12819	77.27194	77.09372	77.10375	77.08821	77.12669	76.57288	76.58032
6/10/2025	1:39:17 PM	77.07957	77.02092	77.06815	77.09779	77.10442	77.02818	77.12903	77.27230	77.09403	77.10392	77.08870	77.12685	76.57279	76.58018
6/10/2025	1:39:21 PM	77.07933	77.02087	77.06843	77.09845	77.10431	77.02826	77.12886	77.27189	77.09424	77.10387	77.08839	77.12676	76.57306	76.58046
6/10/2025	1:39:24 PM	77.07954	77.02077	77.06866	77.09779	77.10441	77.02793	77.12853	77.27176	77.09425	77.10392	77.08828	77.12670	76.57275	76.58063
6/10/2025	1:39:28 PM	77.07892	77.02108	77.06821	77.09797	77.10440	77.02813	77.12885	77.27253	77.09414	77.10396	77.08875	77.12673	76.57281	76.58033
6/10/2025	1:39:32 PM	77.07888	77.02026	77.06800	77.09763	77.10456	77.02762	77.12831	77.27163	77.09344	77.10372	77.08778	77.12638	76.57258	76.57992
6/10/2025	1:39:35 PM	77.07884	77.02024	77.06809	77.09726	77.10400	77.02775	77.12869	77.27168	77.09353	77.10314	77.08754	77.12608	76.57242	76.57999
6/10/2025	1:39:39 PM	77.07874	77.02048	77.06816	77.09749	77.10417	77.02769	77.12835	77.27202	77.09388	77.10368	77.08828	77.12656	76.57235	76.57978
6/10/2025	1:39:42 PM	77.07881	77.02038	77.06815	77.09786	77.10393	77.02749	77.12798	77.27157	77.09369	77.10407	77.08800	77.12626	76.57230	76.57990
6/10/2025	1:39:46 PM	77.07907	77.02070	77.06819	77.09764	77.10424	77.02737	77.12823	77.27180	77.09359	77.10364	77.08799	77.12635	76.57256	76.58003
6/10/2025	1:39:50 PM	77.07891	77.02093	77.06826	77.09770	77.10421	77.02809	77.12858	77.27179	77.09371	77.10303	77.08784	77.12637	76.57241	76.58003
6/10/2025	1:39:53 PM	77.07932	77.02076	77.06813	77.09752	77.10417	77.02815	77.12857	77.27174	77.09366	77.10362	77.08787	77.12615	76.57218	76.57940
6/10/2025	1:39:57 PM	77.07846	77.02038	77.06793	77.09745	77.10442	77.02769	77.12810	77.27176	77.09351	77.10346	77.08794	77.12685	76.57281	76.58043
6/10/2025	1:40:00 PM	77.07884	77.02085	77.06811	77.09809	77.10412	77.02774	77.12840	77.27172	77.09348	77.10366	77.08826	77.12648	76.57260	76.57996
6/10/2025	1:40:04 PM	77.07901	77.02030	77.06799	77.09769	77.10419	77.02791	77.12849	77.27149	77.09396	77.10371	77.08815	77.12651	76.57253	76.58024
6/10/2025	1:40:08 PM	77.07931	77.02072	77.06823	77.09759	77.10391	77.02777	77.12826	77.27161	77.09313	77.10272	77.08742	77.12597	76.57189	76.57981
6/10/2025	1:40:11 PM	77.07865	77.02028	77.06756	77.09727	77.10437	77.02769	77.12810	77.27175	77.09370	77.10392	77.08793	77.12620	76.57222	76.57974
6/10/2025	1:40:15 PM	77.07889	77.02070	77.06816	77.09739	77.10398	77.02744	77.12802	77.27170	77.09336	77.10363	77.08782	77.12602	76.57206	76.57965
6/10/2025	1:40:18 PM	77.07894	77.02046	77.06811	77.09750	77.10399	77.02741	77.12826	77.27158	77.09368	77.10369	77.08796	77.12648	76.57220	76.58015
6/10/2025	1:40:22 PM	77.07871	77.02047	77.06809	77.09766	77.10423	77.02784	77.12853	77.27182	77.09331	77.10355	77.08802	77.12647	76.57239	76.58001
6/10/2025	1:40:25 PM	77.07906	77.02074	77.06841	77.09783	77.10433	77.02790	77.12854	77.27187	77.09373	77.10378	77.08815	77.12648	76.57212	76.58001
6/10/2025	1:40:29 PM	77.07883	77.02044	77.06801	77.09740	77.10400	77.02795	77.12858	77.27199	77.09391	77.10356	77.08790	77.12646	76.57293	76.58014
6/10/2025	1:40:33 PM	77.07868	77.02051	77.06792	77.09712	77.10397	77.02790	77.12845	77.27162	77.09344	77.10357	77.08784	77.12651	76.57225	76.58026
6/10/2025	1:40:36 PM	77.07912	77.02032	77.06808	77.09725	77.10399	77.02784	77.12847	77.27164	77.09374	77.10333	77.08794	77.12641	76.57254	76.58020
6/10/2025	1:40:40 PM	77.07908	77.02059	77.06839	77.09772	77.10368	77.02780	77.12844	77.27158	77.09379	77.10381	77.08785	77.12669	76.57251	76.58026
6/10/2025	1:40:43 PM	77.07883	77.02033	77.06782	77.09726	77.10373	77.02741	77.12805	77.27118	77.09324	77.10358	77.08726	77.12629	76.57222	76.57949
6/10/2025	1:40:47 PM	77.07860	77.02006	77.06765	77.09743	77.10400	77.02727	77.12798	77.27140	77.09315	77.10294	77.08762	77.12621	76.57207	76.57932
6/10/2025	1:40:51 PM	77.07867	77.01967	77.06782	77.09704	77.10382	77.02734	77.12781	77.27146	77.09354	77.10331	77.08767	77.12632	76.57232	76.57991
6/10/2025	1:40:54 PM	77.07905	77.02041	77.06753	77.09734	77.10406	77.02735	77.12789	77.27145	77.09269	77.10340	77.08731	77.12613	76.57194	76.57962
6/10/2025	1:40:58 PM	77.07894	77.02021	77.06766	77.09715	77.10369	77.02698	77.12771	77.27101	77.09296	77.10311	77.08745	77.12614	76.57162	76.57982
6/10/2025	1:41:01 PM	77.07813	77.01988	77.06773	77.09746	77.10412	77.02739	77.12817	77.27122	77.09335	77.10346	77.08725	77.12592	76.57205	76.58005
6/10/2025	1:41:05 PM	77.07846	77.02028	77.06776	77.09732	77.10374	77.02734	77.12800	77.27123	77.09346	77.10324	77.08777	77.12647	76.57260	76.58032
6/10/2025	1:41:09 PM	77.07872	77.02017	77.06789	77.09752	77.10393	77.02786	77.12808	77.27196	77.09357	77.10356	77.08802	77.12606	76.57184	76.57935
6/10/2025	1:41:12 PM	77.07821	77.01991	77.06746	77.09712	77.10353	77.02742	77.12828	77.27174	77.09307	77.10346	77.08754	77.12619	76.57170	76.57959
6/10/2025	1:41:16 PM	77.07846	77.01990	77.06777	77.09664	77.10356	77.02705	77.12770	77.27136	77.09306	77.10311	77.08742	77.12619	76.57163	76.57965
6/10/2025	1:41:19 PM	77.07851	77.01991	77.06786	77.09732	77.10403	77.02726	77.12833	77.27154	77.09337	77.10347	77.08775	77.12626	76.57241	76.58000
6/10/2025	1:41:23 PM	77.07911	77.02034	77.06809	77.09723	77.10377	77.02704	77.12791	77.27169	77.09384	77.10302	77.08745	77.12640	76.57210	76.57949
6/10/2025	1:41:27 PM	77.07875	77.02011	77.06769	77.09698	77.10358	77.02723	77.12750	77.27085	77.09323	77.10305	77.08763	77.12618	76.57203	76.57927
6/10/2025	1:41:30 PM	77.07802	77.01988	77.06755	77.09704	77.10356	77.02733	77.12815	77.27132	77.09337	77.10331	77.08760	77.12601	76.57170	76.57997
6/10/2025	1:41:34 PM	77.07870	77.01982	77.06746	77.09692	77.10338	77.02698	77.12752	77.27153	77.09287	77.10295	77.08715	77.12552	76.57147	76.57934
6/10/2025	1:41:37 PM	77.07797	77.01984	77.06734	77.09674	77.10323	77.02698	77.12783	77.27100	77.09289	77.10298	77.08729	77.12600	76.57151	76.57924
6/10/2025	1:41:41 PM	77.07805	77.01989	77.06721	77.09697	77.10351	77.02722	77.12758	77.27146	77.09303	77.10253	77.08702	77.12629	76.57187	76.57925
6/10/2025	1:41:45 PM	77.07841	77.01963	77.06715	77.09676	77.10324	77.02696	77.12772	77.27122	77.09302	77.10303	77.08721	77.12594	76.57178	76.57921
6/10/2025	1:41:48 PM	77.07820	77.01944	77.06684	77.09653	77.10323	77.02726	77.12777	77.27106	77.09313	77.10291	77.08744	77.12578	76.57183	76.57927
6/10/2025	1:41:52 PM	77.07850	77.01987	77.06742	77.09733	77.10374	77.02704	77.12804	77.27107	77.09310	77.10282	77.08737	77.12555	76.57179	76.57948
6/10/2025	1:41:55 PM	77.07804	77.01942	77.06694	77.09694	77.10340	77.02667	77.12710	77.27059	77.09263	77.10234	77.08723	77.12533	76.57166	76.57908
6/10/2025	1:41:59 PM	77.07842	77.01952	77.06717	77.09679	77.10345	77.02710	77.12763	77.27071	77.09314	77.10297	77.08727	77.12556	76.57153	76.57892
6/10/2025	1:42:03 PM	77.07801	77.01971	77.06697	77.09680	77.10329	77.02708	77.12766	77.27070	77.09289	77.10333	77.08759	77.12630	76.57211	76.57946
6/10/2025	1:42:06 PM	77.07832	77.01965	77.06745	77.09687	77.10392	77.02737	77.12805	77.27159	77.09343	77.10332	77.08780	77.12615	76.57213	76.57991
6/10/2025	1:42:10 PM	77.07851	77.01972	77.06757	77.09697	77.10372	77.02701	77.12772	77.27187	77.09314	77.10330	77.08791	77.12634	76.57218	76.58007
6/10/2025	1:42:13 PM	77.07881	77.02020	77.06785	77.09689	77.10341	77.02735	77.12742	77.27148	77.09307	77.10294	77.08722	77.12549	76.57141	76.57928
6/10/2025	1:42:17 PM	77.07856	77.01966	77.06713	77.09691	77.10357	77.02738	77.12799	77.27103	77.09293	77.10317	77.08727	77.12607	76.57145	76.57900
6/10/2025	1:42:21 PM	77.07788	77.01979	77.06735	77.09659	77.10340	77.02681	77.12748	77.27074	77.09283	77.10289	77.08756	77.12587	76.57148	76.57893
6/10/2025	1:42:24 PM	77.07767	77.01944	77.06717	77.09655	77.10348	77.02679	77.12717	77.27073	77.09264	77.10266	77.08697	77.12598	76.57173	76.57924
6/10/2025	1:42:28 PM	77.07827	77.01998	77.06764	77.09682	77.10366	77.02718	77.12763	77.27107	77.09275	77.10289	77.08720	77.12581	76.57181	76.57942
6/10/2025	1:42:31 PM	77.07828	77.01954	77.06749	77.09728	77.10345	77.02695	77.12771	77.27127	77.09272	77.10299	77.08701	77.12583	76.57187	76.57910
6/10/2025	1:42:35 PM	77.07808	77.01966	77.06743	77.09656	77.10371	77.02744	77.12764	77.27118	77.09331	77.10302	77.08801	77.12610	76.57182	76.57904
6/10/2025	1:42:39 PM	77.07797	77.02010	77.06751	77.09658	77.10339	77.02685	77.12761	77.27146	77.09314	77.10268	77.08743	77.12582	76.57172	76.57920
6/10/2025	1:42:42 PM	77.07834	77.01973	77.06732	77.09673	77.10327	77.02693	77.12732	77.27096	77.09276	77.10300	77.08720	77.12570	76.57139	76.57931
6/10/2025	1:42:46 PM	77.07853	77.01938	77.06754	77.09684	77.10359	77.02714	77.12772	77.27092	77.09298	77.10315	77.08699	77.12567	76.57179	76.57867
6/10/2025	1:42:49 PM	77.07795	77.01982	77.06739	77.09670	77.10345	77.02705	77.12740	77.27106	77.09285	77.10288	77.08705	77.12558	76.57131	76.57885
6/10/2025	1:42:53 PM	77.07793	77.01958	77.06713	77.09671	77.10315	77.02701	77.12788	77.27109	77.09258	77.10252	77.08717	77.12551	76.57146	76.57883
6/10/2025	1:42:56 PM	77.07816	77.01946	77.06727	77.09693	77.10318	77.02697	77.12754	77.27099	77.09282	77.10257	77.08695	77.12574	76.57175	76.57950
6/10/2025	1:43:00 PM	77.07850	77.02004	77.06719	77.09687	77.10317	77.02682	77.12749	77.27083	77.09258	77.10260	77.08707	77.12584	76.57123	76.57878
6/10/2025	1:43:04 PM	77.07791	77.01975	77.06740	77.09669	77.10342	77.02723	77.12737	77.27119	77.09296	77.10311	77.08758	77.12614	76.57173	76.57975
6/10/2025	1:43:07 PM	77.07805	77.01969	77.06728	77.09675	77.10328	77.02720	77.12766	77.27091	77.09276	77.10279	77.08747	77.12569	76.57173	76.57906
6/10/2025	1:43:11 PM	77.07815	77.01952	77.06716	77.09648	77.10309	77.02634	77.12737	77.27099	77.09255	77.10268	77.08714	77.12553	76.57126	76.57930
6/10/2025	1:43:14 PM	77.07821	77.01964	77.06704	77.09642	77.10302	77.02647	77.12667	77.27073	77.09264	77.10244	77.08696	77.12531	76.57123	76.57905
6/10/2025	1:43:18 PM	77.07791	77.01957	77.06683	77.09628	77.10294	77.02652	77.12711	77.27067	77.09277	77.10259	77.08727	77.12558	76.57147	76.57933
6/10/2025	1:43:22 PM	77.07815	77.01998	77.06714	77.09693	77.10325	77.02669	77.12751	77.27053	77.09269	77.10232	77.08676	77.12539	76.57086	76.57873
6/10/2025	1:43:25 PM	77.07789	77.01905	77.06694	77.09668	77.10308	77.02658	77.12685	77.27064	77.09256	77.10245	77.08688	77.12500	76.57107	76.57884
6/10/2025	1:43:29 PM	77.07765	77.01960	77.06698	77.09628	77.10292	77.02645	77.12718	77.27056	77.09246	77.10244	77.08700	77.12545	76.57099	76.57911
6/10/2025	1:43:32 PM	77.07768	77.01910	77.06669	77.09611	77.10290	77.02656	77.12709	77.27047	77.09236	77.10230	77.08703	77.12519	76.57125	76.57865
6/10/2025	1:43:36 PM	77.07768	77.01948	77.06661	77.09638	77.10268	77.02613	77.12706	77.27044	77.09234	77.10232	77.08697	77.12580	76.57105	76.57865
6/10/2025	1:43:40 PM	77.07802	77.01935	77.06678	77.09642	77.10301	77.02669	77.12721	77.27036	77.09248	77.10262	77.08700	77.12558	76.57122	76.57893
6/10/2025	1:43:43 PM	77.07786	77.01940	77.06698	77.09653	77.10289	77.02653	77.12705	77.27040	77.09244	77.10277	77.08697	77.12605	76.57133	76.57911
6/10/2025	1:43:47 PM	77.07824	77.01925	77.06691	77.09659	77.10344	77.02720	77.12754	77.27096	77.09284	77.10272	77.08714	77.12584	76.57145	76.57899
6/10/2025	1:43:50 PM	77.07833	77.01968	77.06688	77.09648	77.10318	77.02696	77.12761	77.27077	77.09252	77.10297	77.08732	77.12590	76.57159	76.57916
6/10/2025	1:43:54 PM	77.07823	77.01995	77.06729	77.09675	77.10332	77.02654	77.12738	77.27096	77.09312	77.10325	77.08740	77.12583	76.57150	76.57879
6/10/2025	1:43:58 PM	77.07805	77.01999	77.06769	77.09670	77.10352	77.02714	77.12795	77.27118	77.09313	77.10256	77.08780	77.12564	76.57169	76.57934
6/10/2025	1:44:01 PM	77.07804	77.02001	77.06720	77.09689	77.10341	77.02662	77.12774	77.27136	77.09287	77.10261	77.08720	77.12564	76.57140	76.57894
