7/17/2025	3:10:18 PM	77.09820	77.02394	77.05208	77.07208	76.98161	77.08230	77.08391	77.10849	77.14021	77.07476	77.01472	77.25918	76.53344	76.53451
7/17/2025	3:10:22 PM	77.09781	77.02346	77.05192	77.07192	76.98158	77.08221	77.08374	77.10853	77.13968	77.07521	77.01447	77.25953	76.53364	76.53488
7/17/2025	3:10:25 PM	77.09794	77.02342	77.05197	77.07222	76.98155	77.08230	77.08374	77.10837	77.13968	77.07530	77.01491	77.25963	76.53371	76.53470
7/17/2025	3:10:29 PM	77.09796	77.02341	77.05218	77.07236	76.98174	77.08261	77.08377	77.10841	77.14001	77.07508	77.01461	77.25932	76.53331	76.53470
7/17/2025	3:10:32 PM	77.09798	77.02313	77.05201	77.07236	76.98194	77.08262	77.08371	77.10858	77.14008	77.07485	77.01487	77.25958	76.53311	76.53460
7/17/2025	3:10:36 PM	77.09744	77.02340	77.05158	77.07193	76.98152	77.08283	77.08361	77.10781	77.14002	77.07491	77.01523	77.25941	76.53326	76.53440
7/17/2025	3:10:39 PM	77.09789	77.02337	77.05160	77.07232	76.98158	77.08204	77.08333	77.10802	77.13990	77.07491	77.01469	77.25921	76.53301	76.53389
7/17/2025	3:10:43 PM	77.09742	77.02271	77.05164	77.07213	76.98184	77.08269	77.08348	77.10791	77.13982	77.07504	77.01479	77.25919	76.53329	76.53416
7/17/2025	3:10:46 PM	77.09782	77.02308	77.05187	77.07211	76.98189	77.08275	77.08372	77.10824	77.13956	77.07477	77.01439	77.25892	76.53262	76.53409
7/17/2025	3:10:50 PM	77.09754	77.02305	77.05125	77.07208	76.98137	77.08210	77.08344	77.10797	77.13926	77.07497	77.01442	77.25926	76.53294	76.53416
7/17/2025	3:10:54 PM	77.09710	77.02226	77.05077	77.07369	76.98446	77.08269	77.08418	77.11287	77.14624	77.07411	77.01284	77.27588	76.52978	76.53638
7/17/2025	3:10:57 PM	77.11736	77.04363	77.04701	77.07095	77.01423	77.04167	77.02266	77.04729	77.08065	77.01593	76.95419	77.19761	76.46505	76.47187
7/17/2025	3:11:01 PM	77.03501	76.95967	76.99028	77.01098	76.92348	77.02743	77.03187	77.06287	77.09339	77.02607	76.96414	77.20791	76.47551	76.48140
7/17/2025	3:11:04 PM	77.04543	76.97017	76.99386	77.01795	76.92498	77.03316	77.04687	77.08527	77.11983	77.05226	77.00022	77.23237	76.49611	76.50884
7/17/2025	3:11:08 PM	77.07006	76.99663	77.01349	77.03298	76.93898	77.03974	77.04662	77.08386	77.11297	77.04935	76.99051	77.23607	76.49932	76.50408
7/17/2025	3:11:11 PM	77.07699	76.99513	77.00971	77.03374	76.94390	77.04747	77.05258	77.07860	77.11926	77.13783	77.08971	77.38420	76.51678	76.53090
7/17/2025	3:11:15 PM	77.11344	77.00084	77.02112	77.05027	76.96485	77.07571	77.05892	77.09130	77.14523	77.45481	78.47485	78.58218	76.57158	76.88268
7/17/2025	3:11:18 PM	77.34617	77.03714	77.03795	77.09426	77.03719	77.12365	77.09269	77.15277	77.24034	79.39333	83.46775	82.96666	76.74364	77.38635
7/17/2025	3:11:22 PM	78.92552	77.09770	77.08939	77.14314	77.10551	77.19546	77.16566	77.22875	79.23481	84.89823	86.87947	86.88910	77.18739	77.69955
7/17/2025	3:11:25 PM	82.90280	77.16823	77.15006	77.21194	77.18176	77.26471	77.25738	77.40833	83.84566	89.05309	88.87611	89.81641	77.82591	78.99899
7/17/2025	3:11:29 PM	86.52141	77.30925	77.23335	77.29067	77.26010	77.34262	77.39631	79.22626	87.78449	92.73726	91.76625	93.09521	78.92888	82.49220
7/17/2025	3:11:33 PM	89.26953	80.69509	77.32123	77.36671	77.49867	77.45946	80.11859	82.90095	91.29214	96.68664	95.02238	97.07324	82.83624	86.13795
7/17/2025	3:11:36 PM	93.10599	85.20737	77.47493	77.49064	81.85512	81.10105	82.68551	88.53042	95.61762	101.01663	99.17655	101.30090	87.37548	89.77863
7/17/2025	3:11:40 PM	96.84237	88.18223	81.77811	79.31822	85.54871	85.27939	84.97469	93.57682	99.93147	106.12497	105.65172	106.35567	91.73693	93.66220
7/17/2025	3:11:43 PM	101.06349	90.97542	86.35174	85.77002	88.34400	88.74064	88.60148	97.41538	103.87939	111.39874	112.78460	111.65307	95.71550	97.29285
7/17/2025	3:11:47 PM	105.25738	94.35728	90.78513	90.27477	90.95288	91.61162	93.58547	100.84191	108.26960	116.62575	118.52401	116.07909	99.46085	100.77747
7/17/2025	3:11:50 PM	109.03633	98.24273	94.67010	93.09391	93.11739	93.86817	97.30663	103.90838	111.78304	121.26013	123.18169	120.36347	102.84221	104.42547
7/17/2025	3:11:54 PM	112.64328	101.81510	98.18599	95.74626	94.97619	96.12320	100.38383	106.72895	115.30962	125.75639	127.72550	124.83012	106.06864	108.28508
7/17/2025	3:11:57 PM	116.03583	105.48471	101.20595	98.17266	97.15329	98.32950	103.45948	110.27759	118.78632	130.00656	132.26350	128.89474	109.09528	112.28376
7/17/2025	3:12:01 PM	119.61746	108.45927	103.99130	100.71015	99.45216	100.65819	106.81725	113.80744	122.47447	134.51791	136.92333	133.13272	112.25086	116.05873
7/17/2025	3:12:04 PM	122.96883	111.53791	106.71915	102.96221	102.01356	103.65350	110.35184	117.70897	127.90583	139.64723	142.70019	138.37063	116.12349	122.01641
7/17/2025	3:12:08 PM	127.28661	115.91636	110.94487	107.01793	105.66957	108.21904	115.55023	123.21238	133.81400	145.15536	148.25428	142.98055	120.27321	127.34245
7/17/2025	3:12:12 PM	131.32440	119.97446	114.92390	110.86935	109.19813	112.10619	119.97829	128.01959	139.77863	150.28422	153.39857	147.52301	124.40624	132.61322
7/17/2025	3:12:15 PM	135.48367	123.82342	118.55942	114.52799	112.35383	116.00205	124.38511	132.71257	144.61578	155.02520	157.95130	151.44961	128.26852	137.05922
7/17/2025	3:12:19 PM	139.34044	127.83195	122.23803	117.90508	115.53466	119.43706	128.04072	136.74998	149.24987	159.33526	162.08450	155.17134	132.00549	142.12649
7/17/2025	3:12:22 PM	143.15603	131.69330	125.72104	121.18820	118.33158	122.87584	132.00532	140.87269	153.83372	163.51552	165.72160	158.95717	135.89237	146.74551
7/17/2025	3:12:26 PM	146.63329	134.94092	129.03657	124.15236	121.12401	125.97900	135.49389	144.67343	157.92427	167.59016	169.12388	162.39783	139.70276	150.96271
7/17/2025	3:12:29 PM	150.20104	138.43336	132.36127	127.10196	123.81250	129.02835	139.08740	148.43061	162.11465	171.58043	172.84663	165.73335	143.46762	155.26789
7/17/2025	3:12:33 PM	153.78947	141.99471	135.54571	130.01379	126.65536	132.06969	142.38785	151.79668	166.03315	175.68037	176.40345	168.96421	147.02503	159.44639
7/17/2025	3:12:36 PM	157.38614	145.36904	138.66798	132.84646	129.35474	134.89168	145.42857	155.26009	170.08961	179.85069	180.19021	172.27285	150.50032	163.05354
7/17/2025	3:12:40 PM	160.77353	148.75040	141.43031	135.68195	131.92468	137.53346	148.62835	158.73820	174.02758	184.23885	184.34343	175.62983	153.96980	166.82649
7/17/2025	3:12:43 PM	164.17622	151.88089	144.32731	138.40656	134.26767	140.32334	151.93947	162.16500	178.00662	188.53388	188.44287	178.89673	157.36818	170.46216
7/17/2025	3:12:47 PM	167.46303	155.27581	147.20184	141.28649	137.07486	143.17999	155.19651	165.45125	181.77354	192.67781	192.21836	182.45574	160.60356	173.79534
7/17/2025	3:12:51 PM	170.76615	158.30781	150.11976	143.90805	139.55476	145.87154	158.18427	168.45246	185.41859	196.70701	195.96324	185.67949	163.80562	176.88228
7/17/2025	3:12:54 PM	173.97297	161.24971	152.79320	146.49261	142.09024	148.61539	161.06415	171.32856	188.73951	200.56401	199.23571	188.70027	166.75398	180.05314
7/17/2025	3:12:58 PM	177.04618	164.09517	155.40694	148.86929	144.32733	151.21596	163.67272	174.10839	191.91406	204.22019	202.56507	191.78369	169.67322	183.08648
7/17/2025	3:13:01 PM	179.95662	166.76519	157.98310	151.34633	146.75696	153.67470	166.19356	177.02897	195.17284	207.74232	206.03165	194.59833	172.48033	185.85870
7/17/2025	3:13:05 PM	182.80281	169.47473	160.55127	153.81194	149.30692	156.18649	168.85787	179.78561	198.06022	210.92453	208.85965	197.40715	175.17241	188.70490
7/17/2025	3:13:08 PM	185.52211	172.00313	162.98445	156.18649	151.50365	158.56073	171.39184	182.49105	200.95785	213.89865	211.51894	200.11989	177.65165	191.16456
7/17/2025	3:13:12 PM	188.12599	174.30336	165.24243	158.29429	153.65802	160.80680	173.79839	184.97185	203.70633	216.66400	213.86008	202.50478	180.12170	193.60666
7/17/2025	3:13:15 PM	190.66112	176.74546	167.46853	160.46069	155.99782	162.98631	176.24888	187.49047	206.32207	219.30038	216.16850	204.74552	182.59286	195.86861
7/17/2025	3:13:19 PM	193.06658	179.00646	169.64062	162.70622	158.09585	165.10943	178.51470	189.87701	208.75024	221.71841	218.35320	207.03661	184.83875	198.30120
7/17/2025	3:13:23 PM	195.39697	181.24419	171.74344	164.67678	160.03459	167.38839	180.79649	192.16885	211.02631	224.09038	220.76180	209.39221	187.06925	200.68404
7/17/2025	3:13:26 PM	197.75666	183.35580	173.63632	166.64676	161.78363	169.34841	182.84348	194.45254	213.52205	226.34906	222.82173	211.67313	189.35044	202.91519
7/17/2025	3:13:30 PM	199.98593	185.52197	175.64313	168.68489	163.83671	171.36790	185.00591	196.61356	215.66339	228.49492	224.79994	213.72482	191.47454	205.05624
7/17/2025	3:13:33 PM	202.10114	187.58985	177.42790	170.48920	165.70392	173.37279	187.03965	198.57465	217.62888	230.45723	226.65216	215.61481	193.43951	207.22726
7/17/2025	3:13:37 PM	204.15226	189.42522	179.23330	172.41961	167.56742	175.06507	188.87728	200.48252	219.84653	232.39018	228.57126	217.60963	195.35700	209.23901
7/17/2025	3:13:40 PM	206.25231	191.29402	180.98666	174.34252	169.39803	176.94906	190.61685	202.53336	221.85957	234.26140	230.42051	219.53572	197.28086	211.21526
7/17/2025	3:13:44 PM	208.23350	193.09868	182.75061	175.99099	171.06450	178.75946	192.45737	204.53994	223.86637	236.19657	231.97692	221.36434	199.13586	213.11456
7/17/2025	3:13:47 PM	210.14179	194.89452	184.57926	177.73260	172.77501	180.43528	194.22678	206.57807	225.69216	237.92979	233.74920	223.05890	200.95850	215.09434
7/17/2025	3:13:51 PM	211.98904	196.64369	186.18440	179.25136	174.43806	182.07216	195.90027	208.40939	227.46778	239.64285	235.36821	224.76839	202.75650	217.15929
7/17/2025	3:13:54 PM	213.82038	198.44122	187.79537	180.83289	176.06152	183.83958	197.64809	210.15205	229.19391	241.31266	236.98582	226.48993	204.47473	219.01432
7/17/2025	3:13:58 PM	215.52534	200.12249	189.29770	182.36025	177.63528	185.46978	199.21315	211.85675	230.84581	242.83527	238.47468	228.12050	206.12140	220.74451
7/17/2025	3:14:02 PM	217.18805	201.68253	190.88720	183.93919	179.21342	187.00562	200.86749	213.64659	232.49704	244.36860	239.86604	229.54402	207.74608	222.45069
7/17/2025	3:14:05 PM	218.80072	203.27284	192.41336	185.48292	180.58470	188.50385	202.41549	215.29683	233.94735	245.88227	241.26427	230.85646	209.31144	224.18917
7/17/2025	3:14:09 PM	220.41687	204.74691	193.80734	186.86628	182.03564	189.93735	203.80153	216.79657	235.49520	247.34613	242.64718	232.21564	210.76463	225.81764
7/17/2025	3:14:12 PM	221.96726	206.14337	195.11931	188.22793	183.30800	191.37120	205.21766	218.14790	236.88279	248.70465	243.94671	233.63511	212.21424	227.39256
7/17/2025	3:14:16 PM	223.47647	207.53925	196.55100	189.59059	184.55032	192.77586	206.64783	219.64979	238.29263	249.97611	245.18579	234.94800	213.69472	229.02360
7/17/2025	3:14:19 PM	224.95153	209.04304	197.94237	190.96421	185.83118	194.17999	208.04351	221.17801	239.69589	251.34236	246.35484	236.34334	215.10154	230.61510
7/17/2025	3:14:23 PM	226.43871	210.46487	199.20017	192.23861	187.07695	195.49977	209.38355	222.60775	241.02341	252.58929	247.52729	237.66029	216.51946	231.97528
7/17/2025	3:14:26 PM	227.83640	211.84939	200.40469	193.48047	188.28720	196.73449	210.58718	223.94662	242.12090	253.67788	248.81707	238.97182	217.76074	233.15822
7/17/2025	3:14:30 PM	229.08204	213.09217	201.46438	194.41998	189.20146	197.68840	211.59667	225.01183	243.36069	254.67219	250.16614	240.26694	218.84025	234.04938
7/17/2025	3:14:33 PM	230.29081	214.16891	202.29971	195.26870	190.08067	198.48500	212.52380	226.04320	244.43193	255.60721	251.49143	241.53339	219.87802	235.02336
7/17/2025	3:14:37 PM	231.49386	215.20209	203.18106	196.22160	191.03316	199.36440	213.35134	227.05022	245.41684	256.48464	252.85426	242.70941	220.89625	235.92294
7/17/2025	3:14:40 PM	232.63373	216.29095	204.13903	197.19017	192.00686	200.23427	214.21539	228.01281	246.35451	257.33938	254.16845	244.00409	221.94197	236.88878
7/17/2025	3:14:44 PM	233.77297	217.31578	205.08190	198.21946	192.99262	201.09170	215.18563	228.98616	247.37065	258.22716	255.28491	245.16319	223.01698	237.76890
7/17/2025	3:14:48 PM	234.83692	218.36361	206.07132	199.24516	194.04133	201.97798	216.14070	230.07639	248.35341	259.09130	256.34110	246.32296	224.08909	238.68199
7/17/2025	3:14:51 PM	235.94246	219.50352	207.12819	200.22399	194.93063	203.05515	217.21246	231.12116	249.33837	259.89562	257.36452	247.37968	225.20866	239.64977
7/17/2025	3:14:55 PM	236.97205	220.61721	208.18530	201.26114	195.96677	204.12158	218.29535	232.20849	250.31402	260.69037	258.33777	248.48409	226.25734	240.56869
7/17/2025	3:14:58 PM	238.00572	221.64946	209.13391	202.23905	196.94110	205.05053	219.24221	233.19372	251.13740	261.44555	259.21872	249.51198	227.30317	241.65286
7/17/2025	3:15:02 PM	238.99175	222.64489	210.10105	203.20217	197.91853	206.02608	220.21285	234.26222	251.94413	262.13679	260.04423	250.45661	228.28814	242.50428
7/17/2025	3:15:05 PM	239.91951	223.62492	211.01385	203.99399	198.71686	206.84152	221.08612	235.26163	252.78498	262.80378	260.89096	251.36968	229.26808	243.25775
7/17/2025	3:15:09 PM	240.84946	224.59611	212.01174	204.96729	199.69637	207.80407	222.10301	236.36118	253.59895	263.49662	261.61217	252.18915	230.23890	244.09175
7/17/2025	3:15:13 PM	241.73892	225.52298	212.90581	205.86542	200.62921	208.68118	223.06397	237.35105	254.43252	264.15959	262.30732	252.99057	231.17218	244.84560
7/17/2025	3:15:16 PM	242.61879	226.42388	213.85284	206.71147	201.50376	209.46199	223.87166	238.17562	255.17369	264.79216	263.02873	253.79839	232.03408	245.50627
7/17/2025	3:15:20 PM	243.41219	227.31358	214.68305	207.49096	202.35044	210.32809	224.69821	239.08859	255.83999	265.31518	263.62534	254.50716	232.93214	246.18456
7/17/2025	3:15:23 PM	244.20465	228.27502	215.64986	208.44306	203.29337	211.27706	225.55266	240.00002	256.50402	265.81494	264.19719	255.28535	233.81626	246.86954
7/17/2025	3:15:27 PM	245.01904	229.10114	216.52794	209.23499	204.15329	212.07819	226.36673	240.82710	257.14067	266.28559	264.71901	255.97203	234.63887	247.51715
7/17/2025	3:15:30 PM	245.81999	229.92961	217.43835	210.08250	205.03661	212.93568	227.26678	241.66803	257.74323	266.72979	265.11712	256.60203	235.45975	248.22892
7/17/2025	3:15:34 PM	246.61686	230.76860	218.29079	210.90943	205.90575	213.79827	228.12931	242.50308	258.35538	267.15952	265.53458	257.24429	236.27907	248.91939
7/17/2025	3:15:38 PM	247.39910	231.53985	219.10168	211.74277	206.75346	214.59630	228.98837	243.32288	258.94377	267.55048	265.92187	257.82169	237.05478	249.60860
7/17/2025	3:15:41 PM	248.16979	232.35290	219.93522	212.52147	207.58307	215.37564	229.84706	244.14013	259.52058	267.94818	266.31900	258.37933	237.83574	250.27582
7/17/2025	3:15:45 PM	248.87271	233.10413	220.74650	213.28419	208.48176	216.17828	230.64566	244.88086	260.03597	268.35305	266.78022	258.93622	238.62486	250.90280
7/17/2025	3:15:48 PM	249.55494	233.92942	221.57823	214.07058	209.32088	217.01498	231.42059	245.60180	260.58105	268.72709	267.13519	259.47969	239.41597	251.58594
7/17/2025	3:15:52 PM	250.24180	234.70249	222.37815	214.85964	210.17196	217.79945	232.22194	246.32767	261.13921	269.11428	267.60893	260.06655	240.17559	252.20564
7/17/2025	3:15:55 PM	250.88587	235.42643	223.20342	215.66002	210.99181	218.61208	232.98315	247.04279	261.64453	269.53329	267.99736	260.57281	240.93194	252.85476
7/17/2025	3:15:59 PM	251.53718	236.16031	223.99793	216.42000	211.85560	219.33506	233.72161	247.70994	262.12872	269.93444	268.38521	261.08395	241.63942	253.47375
7/17/2025	3:16:03 PM	252.13273	236.86316	224.74051	217.17761	212.65573	219.93391	234.40312	248.36320	262.61036	270.31907	268.80782	261.63521	242.36008	254.06002
7/17/2025	3:16:06 PM	252.71780	237.56855	225.49643	217.88630	213.39753	220.65494	235.09798	249.00729	263.09413	270.71772	269.19822	262.08999	243.05364	254.62004
7/17/2025	3:16:10 PM	253.29879	238.23056	226.22235	218.56272	214.12194	221.28870	235.78670	249.66261	263.57776	271.12906	269.59181	262.58535	243.72654	255.19129
7/17/2025	3:16:13 PM	253.87133	238.87370	226.92982	219.27909	214.91788	221.93596	236.49249	250.28058	264.02283	271.51747	269.95287	263.04624	244.39934	255.74299
7/17/2025	3:16:17 PM	254.41574	239.58102	227.67472	219.96804	215.68034	222.68194	237.18124	250.94692	264.48979	271.94027	270.35990	263.53044	245.06718	256.29256
7/17/2025	3:16:20 PM	254.96556	240.25248	228.36264	220.66043	216.45181	223.33222	237.85691	251.58445	264.96205	272.35154	270.75610	263.98544	245.74655	256.81841
7/17/2025	3:16:24 PM	255.49255	240.89536	229.09752	221.38772	217.25225	224.05104	238.55212	252.16725	265.41528	272.69994	271.13937	264.44733	246.42097	257.34056
7/17/2025	3:16:27 PM	256.02342	241.54970	229.83428	222.10769	218.02462	224.73993	239.23353	252.73162	265.90274	272.96464	271.56185	264.87763	247.05690	257.84040
7/17/2025	3:16:31 PM	256.54808	242.16624	230.50484	222.76283	218.76775	225.37172	239.87619	253.30471	266.36416	273.40497	272.08174	265.35934	247.68772	258.31224
7/17/2025	3:16:35 PM	257.06643	242.78534	231.13942	223.36431	219.44395	225.93594	240.50012	253.87322	266.81118	273.85715	272.66915	265.76926	248.28566	258.76263
7/17/2025	3:16:38 PM	257.56605	243.39879	231.81076	224.01130	220.15223	226.60435	241.13723	254.46297	267.24210	274.22973	273.07816	265.95484	249.27330	259.50870
7/17/2025	3:16:42 PM	258.04613	244.00469	232.90704	225.07426	221.45167	228.30781	242.06922	254.50483	266.86239	273.88076	274.19449	266.52252	250.47838	261.31662
7/17/2025	3:16:45 PM	258.65813	244.73459	234.40582	226.62464	223.48106	230.63283	243.20945	254.46475	266.67223	273.63630	274.86283	266.77998	251.87176	262.51183
7/17/2025	3:16:49 PM	258.92923	245.26665	236.22735	228.43621	225.78688	232.85993	244.85356	254.44609	266.67003	273.56314	275.50478	266.72784	253.15463	263.68281
7/17/2025	3:16:52 PM	259.05859	245.92832	238.18383	230.27785	228.10731	235.01572	246.33364	254.64029	266.58219	273.57363	276.00336	266.72049	254.35696	264.56101
7/17/2025	3:16:56 PM	259.21677	247.08153	240.05960	232.39841	230.47858	237.09751	247.89460	255.03666	266.58114	273.46485	276.39423	266.75281	255.79905	265.15374
7/17/2025	3:16:59 PM	259.46869	248.21391	241.93655	234.59149	232.79752	239.04655	249.19707	255.62457	266.47646	273.33595	276.63781	266.87389	257.12567	265.64810
7/17/2025	3:17:03 PM	259.83720	249.28643	243.63775	236.90046	235.18326	240.88324	250.43119	256.34475	266.36092	273.20042	276.77433	266.82951	258.11627	266.02027
7/17/2025	3:17:06 PM	260.12749	250.42230	245.38396	239.13805	237.40818	242.65438	251.71278	257.06480	266.25500	273.08370	276.83166	267.18499	259.12724	266.36722
7/17/2025	3:17:10 PM	260.51558	251.55958	247.01107	241.42210	239.78338	244.41196	252.84472	257.73435	266.20501	272.88490	277.01324	267.47099	259.98590	266.59747
7/17/2025	3:17:13 PM	261.05409	252.73216	248.59838	243.70429	242.12326	246.17161	254.02183	258.49535	266.25482	272.76978	277.04689	267.82411	260.70086	266.83955
7/17/2025	3:17:17 PM	261.65143	254.08986	250.16920	245.67641	244.35676	247.69917	255.40170	259.21770	266.39746	272.72040	277.19493	268.17883	261.20707	267.18099
7/17/2025	3:17:20 PM	262.25809	255.28587	251.66050	247.40920	246.31207	249.14280	256.81888	259.98407	266.53704	272.73361	277.32536	268.53708	261.69465	267.41650
7/17/2025	3:17:24 PM	262.86116	256.51964	253.29095	249.01190	248.14182	250.50912	258.12160	260.73594	266.82264	272.81448	277.45067	268.86595	262.23430	267.79720
7/17/2025	3:17:27 PM	263.47953	257.70733	254.75724	250.79011	249.80824	251.79722	259.18801	261.38430	267.20731	272.93952	277.68131	269.25253	262.89693	268.17354
7/17/2025	3:17:31 PM	263.99460	258.78717	256.17911	252.44292	251.40159	253.14592	260.00770	262.07743	267.58246	273.10361	277.84712	269.47326	263.54395	268.62538
7/17/2025	3:17:35 PM	264.41190	259.81618	257.54493	254.00248	252.95599	254.28373	260.70631	262.76608	267.91025	273.23653	278.00229	269.78960	264.11964	269.00300
7/17/2025	3:17:38 PM	264.99483	260.74979	258.80235	255.61634	254.51343	255.35470	261.36206	263.34801	268.28512	273.44088	278.15158	270.12695	264.85637	269.55174
7/17/2025	3:17:42 PM	265.58146	261.69372	260.08599	257.22560	255.98637	256.25915	261.96294	263.96285	268.68120	273.68529	278.27726	270.40220	265.42831	269.94659
7/17/2025	3:17:45 PM	266.05500	262.56559	261.13726	258.65772	258.06592	257.00279	262.38344	264.60422	269.00419	273.97302	278.32758	270.60231	265.77744	270.11076
7/17/2025	3:17:49 PM	266.56200	263.59743	262.18205	260.03453	260.61593	257.87367	262.92738	265.22859	269.33596	274.23356	278.34913	270.80158	265.94905	270.25539
7/17/2025	3:17:52 PM	267.10294	264.59417	263.16912	261.37703	262.87066	258.83874	263.35203	265.76387	269.73705	274.49766	278.32932	270.93907	266.24050	270.38896
7/17/2025	3:17:56 PM	267.59945	265.51171	264.17800	262.62743	264.68614	259.59136	263.56980	266.25209	270.05768	274.65367	278.34995	271.13201	266.45527	270.35464
7/17/2025	3:17:59 PM	268.10661	266.43384	265.22723	264.00180	266.33051	260.41310	263.89898	266.73474	270.44898	274.92076	278.36686	271.44073	266.71587	270.39741
7/17/2025	3:18:03 PM	268.66939	267.35132	266.25521	265.31448	267.61576	261.38028	264.13962	267.19865	270.81149	275.20681	278.39074	271.75692	267.04267	270.48745
7/17/2025	3:18:07 PM	269.21223	268.26634	267.22590	266.57316	268.90862	262.31922	264.69781	267.68488	271.16909	275.48703	278.40792	272.11873	267.37822	270.66510
7/17/2025	3:18:10 PM	269.76034	269.02302	268.07152	267.83538	269.97154	263.15719	265.16556	268.26175	271.61790	275.79702	278.53535	272.51053	267.79142	270.95734
7/17/2025	3:18:14 PM	270.26562	269.74869	268.84832	269.05491	270.97723	263.78676	265.66933	268.88815	272.10775	276.13880	278.70859	272.89010	268.28583	271.30180
7/17/2025	3:18:17 PM	270.74826	270.43365	269.71034	270.28131	271.87706	264.55196	266.06779	269.46841	272.56630	276.48956	278.94833	273.34806	268.78624	271.66763
7/17/2025	3:18:21 PM	271.28598	271.14608	270.56500	271.37220	272.63574	265.37525	266.51619	270.02044	272.97418	276.79688	279.17772	273.80663	269.27076	272.08957
7/17/2025	3:18:24 PM	271.91983	271.91169	271.43590	272.38186	272.93118	266.19619	267.21737	270.72437	273.27502	277.15317	279.36171	274.24348	269.69002	272.42698
7/17/2025	3:18:28 PM	272.48827	272.64126	272.24857	273.10765	273.41245	267.03495	267.78692	271.32219	273.60445	277.46907	279.53769	274.68443	270.14136	272.71950
7/17/2025	3:18:31 PM	272.84681	273.03615	272.77666	273.32164	274.29648	267.86888	268.33949	271.94466	274.06389	277.84380	279.69818	275.16375	270.57099	273.05592
7/17/2025	3:18:35 PM	273.21838	273.33092	273.04502	273.78371	275.25424	268.66024	269.03941	272.50797	274.58607	278.20598	279.91799	275.60156	271.10735	273.41239
7/17/2025	3:18:38 PM	273.71351	273.93545	273.49310	274.75307	276.26020	269.53776	269.64572	272.88888	275.13777	278.54022	280.13808	276.06539	271.56406	273.72229
7/17/2025	3:18:42 PM	274.31196	274.54542	274.12641	275.93555	277.09440	270.50640	270.40730	273.12390	275.60552	278.90859	280.40344	276.59206	271.99760	274.06435
7/17/2025	3:18:45 PM	275.03434	275.38809	274.78504	277.08298	277.87095	271.57617	271.12205	273.64450	276.15559	279.28200	280.66282	277.02769	272.40236	274.40514
7/17/2025	3:18:49 PM	275.81809	276.29589	275.63810	278.01300	278.52989	272.37966	271.73688	274.16720	276.66231	279.71964	280.95090	277.46334	272.90334	274.85207
7/17/2025	3:18:53 PM	276.57576	277.17057	276.49724	278.82665	279.27670	272.88539	272.29122	274.70404	277.13643	280.10316	281.22151	277.94052	273.59170	275.23147
7/17/2025	3:18:56 PM	277.27482	277.92015	277.23797	279.52410	279.93099	273.24443	272.69182	275.41818	277.57475	280.44902	281.51927	278.39390	274.36287	275.71050
7/17/2025	3:19:00 PM	277.93992	278.73070	277.99710	280.13970	280.55634	274.10800	273.10913	275.96997	278.04129	280.84676	281.82482	278.86406	275.16500	276.09472
7/17/2025	3:19:03 PM	278.57492	279.58578	278.72149	280.82536	281.26588	275.14984	273.32712	276.51334	278.49582	281.19670	282.14777	279.38834	275.93185	276.46524
7/17/2025	3:19:07 PM	279.15816	280.30496	279.47536	281.53027	281.85878	276.37482	273.81578	276.90912	278.99803	281.49946	282.39002	279.80074	276.13106	276.69843
7/17/2025	3:19:10 PM	279.31906	279.96746	278.76862	280.77066	280.63474	275.65575	273.96144	277.04316	279.37357	281.77276	282.60393	280.04324	276.11489	276.81745
7/17/2025	3:19:14 PM	279.20083	279.31505	277.83958	279.90751	279.47785	274.90004	274.01747	277.07137	279.58690	282.03592	282.81319	280.20449	276.10264	276.86463
7/17/2025	3:19:17 PM	279.05948	278.74701	277.03585	279.14465	278.44216	274.22216	274.02132	276.98566	279.60137	282.15909	282.72455	280.07129	275.68208	275.83057
7/17/2025	3:19:21 PM	278.39843	278.05815	276.49278	278.72167	278.17360	273.86185	273.51687	276.34963	278.81690	281.69268	282.09609	279.39838	274.43365	273.13806
7/17/2025	3:19:24 PM	277.69989	277.65226	276.39339	278.71509	278.22599	273.58084	272.94629	275.41776	277.72662	281.12317	281.53736	278.90115	273.32329	270.93702
7/17/2025	3:19:28 PM	277.01578	277.01341	275.93937	278.19880	277.65729	272.80193	272.12999	273.47774	276.64882	280.36478	280.62639	278.11659	272.46589	269.86551
7/17/2025	3:19:31 PM	275.79617	275.82897	274.84984	277.04228	276.54447	272.31413	270.60150	272.26923	274.69990	278.70684	278.73694	276.42242	271.01895	267.88834
7/17/2025	3:19:35 PM	273.59026	273.73001	272.91116	274.92456	274.57728	271.14321	268.32292	269.97831	271.89004	276.08118	275.90128	274.01823	268.11442	264.66386
7/17/2025	3:19:39 PM	271.42323	271.98487	272.09316	272.65549	272.11185	268.32477	265.19539	266.48130	268.75510	272.55086	272.14735	270.81712	263.86639	260.13100
7/17/2025	3:19:42 PM	267.69865	268.63241	268.65343	269.73868	269.20246	264.79156	261.16114	262.33392	264.28599	268.18140	267.64461	266.82592	258.53696	254.34482
7/17/2025	3:19:46 PM	263.26286	264.33443	264.27600	265.39461	265.12757	260.62473	256.52383	257.64558	258.98920	263.16047	262.41229	262.00029	252.51405	247.89564
7/17/2025	3:19:49 PM	258.10244	259.54430	259.54091	260.70281	260.52563	255.79758	251.45641	252.21122	252.79645	257.29916	256.12308	256.23556	245.92394	240.68637
7/17/2025	3:19:53 PM	252.16850	254.27176	254.38942	255.54322	255.21458	250.23686	245.90542	245.90451	246.21023	250.76666	249.33093	249.76186	239.22359	233.95791
7/17/2025	3:19:56 PM	246.09362	248.98719	248.96715	250.06427	249.57863	244.42830	239.73149	239.21812	239.84071	244.51938	242.68080	243.22924	232.78278	227.64455
7/17/2025	3:20:00 PM	239.95776	243.48972	243.10334	244.01226	243.34677	238.03160	232.97041	232.14382	233.25604	237.90137	235.93011	236.71280	226.28088	221.30336
7/17/2025	3:20:03 PM	233.51785	237.50369	236.69826	237.46313	236.58894	231.12542	226.29960	225.26975	226.56767	231.25548	229.40077	230.46347	219.61047	215.28470
7/17/2025	3:20:07 PM	227.16825	231.41789	229.99615	230.56726	229.47659	223.95817	219.26012	218.45229	219.78844	224.56824	222.73072	224.18400	212.72164	208.91855
7/17/2025	3:20:10 PM	220.72446	224.45515	223.04122	223.31880	221.95922	216.23366	211.49336	210.83089	212.44103	217.29022	215.48376	217.29563	205.18581	201.43566
7/17/2025	3:20:14 PM	213.70086	217.09718	215.73405	215.83645	214.20023	208.34073	203.15540	202.75948	204.52283	209.54485	207.65649	210.01553	197.30772	193.65944
7/17/2025	3:20:18 PM	206.41863	209.95443	208.28430	208.14881	206.30667	200.35114	194.87094	194.92639	196.73329	201.93343	200.15469	202.81259	189.74760	186.30911
7/17/2025	3:20:21 PM	199.26446	203.02661	201.04625	200.71376	198.68818	192.69350	186.97354	187.50029	189.42955	194.74039	193.12890	196.09582	182.82166	179.58584
7/17/2025	3:20:25 PM	192.76515	196.80521	194.50697	193.94364	191.93109	185.90579	179.84284	180.96580	182.92319	188.35362	186.94326	190.12392	176.72332	173.59615
7/17/2025	3:20:28 PM	186.77499	191.02064	188.42664	187.63334	185.62632	179.56511	173.27082	174.99093	176.87513	182.39246	181.18955	184.53397	171.07492	168.06406
7/17/2025	3:20:32 PM	181.10755	185.55514	182.69976	181.72315	179.79553	173.75834	167.22664	169.53668	171.31810	176.91291	175.94253	179.42851	165.92565	163.04741
7/17/2025	3:20:35 PM	176.09837	180.62000	177.59615	176.49035	174.66202	168.58966	161.89508	164.76565	166.38569	171.99285	171.21459	174.81130	161.27978	158.48889
7/17/2025	3:20:39 PM	171.41076	175.96987	172.81332	171.63524	169.94545	163.90354	157.10584	160.48513	161.95363	167.52689	166.93032	170.63846	157.14588	154.43012
7/17/2025	3:20:42 PM	167.31758	171.89742	168.64703	167.44973	165.87713	159.91846	153.04703	156.80569	158.12558	163.61964	163.19476	166.96739	153.55041	150.89708
7/17/2025	3:20:46 PM	163.60195	168.14935	164.79415	163.59534	162.10817	156.25615	149.33116	153.42010	154.56212	159.93087	159.63946	163.46802	150.13893	147.51947
7/17/2025	3:20:49 PM	160.11499	164.62605	161.22026	160.04994	158.67427	152.96281	146.00090	150.36965	151.38080	156.62187	156.45908	160.34864	147.13957	144.56145
7/17/2025	3:20:53 PM	157.05932	161.53322	158.12239	156.94264	155.66553	150.06891	143.10501	147.67352	148.56092	153.68496	153.62258	157.53442	144.46957	141.92414
7/17/2025	3:20:56 PM	154.26063	158.69220	155.28035	154.09218	152.92382	147.45403	140.51798	145.24570	146.02542	150.99870	151.04400	154.93023	141.99248	139.47385
7/17/2025	3:21:00 PM	151.64388	156.02319	152.64347	151.46745	150.42186	145.06607	138.16038	143.01696	143.69749	148.54288	148.66661	152.53510	139.74136	137.26953
7/17/2025	3:21:04 PM	149.33892	153.68006	150.33796	149.16481	148.23383	142.97405	136.09706	141.04272	141.63617	146.33426	146.52510	150.37132	137.72114	135.29985
7/17/2025	3:21:07 PM	147.16602	151.45289	148.15854	147.00183	146.17629	141.03260	134.19931	139.20452	139.72574	144.28045	144.54013	148.34926	135.85690	133.49638
7/17/2025	3:21:11 PM	145.23579	149.47103	146.23135	145.08464	144.35570	139.30065	132.50961	137.55116	138.01506	142.42723	142.73822	146.50534	134.14749	131.84129
7/17/2025	3:21:14 PM	143.40611	147.57438	144.40837	143.27191	142.63532	137.67940	130.93931	136.00758	136.42064	140.70522	141.06477	144.78404	132.56503	130.31377
7/17/2025	3:21:18 PM	141.73141	145.83750	142.74511	141.62233	141.06577	136.20713	129.51669	134.59364	134.96432	139.13077	139.53969	143.21671	131.13282	128.94341
7/17/2025	3:21:21 PM	140.22624	144.26813	141.25413	140.14182	139.64488	134.88628	128.24726	133.32136	133.65484	137.70283	138.14289	141.77809	129.81511	127.69144
7/17/2025	3:21:25 PM	138.83252	142.81136	139.87075	138.77156	138.32432	133.66995	127.08302	132.14350	132.45697	136.39207	136.85461	140.45049	128.61783	126.54479
7/17/2025	3:21:28 PM	137.52467	141.44287	138.57341	137.47121	137.06712	132.51335	125.97678	131.01630	131.31516	135.14605	135.62777	139.18821	127.47130	125.46296
7/17/2025	3:21:32 PM	136.28560	140.13863	137.34061	136.23160	135.87054	131.42278	124.94842	129.96727	130.25613	133.99022	134.48879	138.01137	126.41531	124.45914
7/17/2025	3:21:35 PM	135.15441	138.94348	136.22056	135.10156	134.77274	130.42658	124.01008	128.99778	129.28283	132.91822	133.42276	136.91485	125.43313	123.53372
7/17/2025	3:21:39 PM	134.09279	137.82046	135.16631	134.03093	133.74091	129.48979	123.13898	128.08483	128.36483	131.91447	132.43306	135.88800	124.51060	122.66067
7/17/2025	3:21:42 PM	133.07103	136.73667	134.14469	132.99255	132.73013	128.57514	122.29665	127.20864	127.48804	130.95533	131.47748	134.89855	123.62941	121.83726
7/17/2025	3:21:46 PM	132.13024	135.73220	133.20134	132.03293	131.79644	127.73991	121.53436	126.40854	126.68959	130.08672	130.61863	134.01140	122.84087	121.09809
7/17/2025	3:21:49 PM	131.27040	134.80937	132.32887	131.14046	130.92756	126.95529	120.81736	125.64976	125.93072	129.25800	129.79205	133.14902	122.07394	120.37805
7/17/2025	3:21:53 PM	130.41744	133.89592	131.46515	130.25121	130.06025	126.17838	120.11567	124.90758	125.18836	128.44918	128.98543	132.31286	121.33036	119.68326
7/17/2025	3:21:56 PM	129.59559	133.00671	130.62731	129.39512	129.22424	125.43128	119.44550	124.19311	124.47865	127.67479	128.21742	131.51144	120.62395	119.02723
7/17/2025	3:22:00 PM	128.83045	132.18350	129.84981	128.59086	128.44052	124.73076	118.82420	123.53048	123.81815	126.95693	127.50106	130.76566	119.96887	118.41871
7/17/2025	3:22:04 PM	128.09506	131.38838	129.09960	127.81424	127.68299	124.06039	118.22958	122.89568	123.18448	126.26884	126.81863	130.05622	119.35703	117.85439
7/17/2025	3:22:07 PM	127.42284	130.66459	128.42954	127.12353	127.01345	123.47135	117.72123	122.34981	122.64151	125.66885	126.22919	129.43221	118.83896	117.38096
7/17/2025	3:22:11 PM	126.83516	130.03042	127.83942	126.51302	126.41255	122.94809	117.27438	121.85974	122.14837	125.11730	125.68084	128.85337	118.36169	116.93937
7/17/2025	3:22:14 PM	126.25916	129.40882	127.25977	125.90461	125.81293	122.41870	116.81622	121.35358	121.64080	124.55162	125.11446	128.25871	117.85783	116.47090
7/17/2025	3:22:18 PM	125.68187	128.78738	126.67791	125.29443	125.20983	121.89017	116.35733	120.84858	121.13834	123.99578	124.55204	127.67445	117.36611	116.01771
7/17/2025	3:22:21 PM	125.12316	128.18469	126.11466	124.69867	124.62096	121.36995	115.90276	120.35390	120.64635	123.45610	124.00944	127.10600	116.88244	115.56727
7/17/2025	3:22:25 PM	124.56535	127.58073	125.55076	124.10556	124.03752	120.85018	115.44598	119.85221	120.14325	122.90892	123.46191	126.53185	116.39493	115.11501
7/17/2025	3:22:28 PM	124.00859	126.97694	124.98545	123.50874	123.45015	120.32828	114.98728	119.35372	119.64527	122.37072	122.92448	125.96551	115.91541	114.67299
7/17/2025	3:22:32 PM	123.46116	126.38848	124.43342	122.92502	122.87557	119.81707	114.53604	118.86351	119.14988	121.83510	122.38571	125.40170	115.43529	114.22933
7/17/2025	3:22:35 PM	122.91993	125.80400	123.88210	122.34546	122.30600	119.30994	114.09039	118.37955	118.66339	121.31115	121.86384	124.85118	114.96882	113.79899
7/17/2025	3:22:39 PM	122.39311	125.23666	123.34499	121.78377	121.74915	118.81728	113.65844	117.90965	118.19049	120.80111	121.35655	124.31851	114.51860	113.38321
7/17/2025	3:22:43 PM	121.88568	124.68609	122.82425	121.23741	121.20693	118.34105	113.24036	117.45437	117.73098	120.30876	120.86341	123.79872	114.08179	112.98159
7/17/2025	3:22:46 PM	121.39816	124.16087	122.32721	120.71827	120.69195	117.88705	112.84370	117.02331	117.29346	119.83778	120.39458	123.30466	113.66357	112.59579
7/17/2025	3:22:50 PM	120.92183	123.64747	121.84136	120.21166	120.18896	117.44157	112.45333	116.59803	116.86311	119.37589	119.93377	122.81811	113.25193	112.21702
7/17/2025	3:22:53 PM	120.45593	123.14695	121.36263	119.71042	119.69275	117.00523	112.07083	116.18106	116.43947	118.91954	119.47359	122.33186	112.84131	111.84013
7/17/2025	3:22:57 PM	119.98020	122.63464	120.87301	119.20165	119.18960	116.55626	111.67801	115.75338	116.00632	118.45677	119.01065	121.84277	112.42534	111.45843
7/17/2025	3:23:00 PM	119.51541	122.13540	120.39268	118.70452	118.69820	116.12193	111.29858	115.33988	115.58689	118.00811	118.56276	121.36837	112.02681	111.09190
7/17/2025	3:23:04 PM	119.06317	121.65019	119.92669	118.22118	118.21990	115.69937	110.93065	114.93835	115.17909	117.57260	118.12464	120.90472	111.63765	110.73481
7/17/2025	3:23:07 PM	118.61566	121.16885	119.46364	117.74492	117.74903	115.28315	110.56733	114.54300	114.77618	117.14247	117.69396	120.45221	111.25590	110.38089
7/17/2025	3:23:11 PM	118.17964	120.70000	119.00521	117.27761	117.28676	114.87490	110.21025	114.15398	114.38025	116.71841	117.26889	120.00091	110.87581	110.02914
7/17/2025	3:23:15 PM	117.75234	120.24338	118.55896	116.82388	116.83890	114.47747	109.86422	113.77762	113.99586	116.30893	116.85776	119.56620	110.51084	109.69178
7/17/2025	3:23:18 PM	117.32558	119.78142	118.10956	116.36402	116.38383	114.07265	109.51264	113.39407	113.60602	115.89147	116.44039	119.12481	110.14213	109.35183
7/17/2025	3:23:22 PM	116.91880	119.34482	117.68737	115.93228	115.95906	113.69721	109.18506	113.03741	113.23971	115.50125	116.04950	118.71168	109.79764	109.03492
7/17/2025	3:23:25 PM	116.52111	118.91996	117.27762	115.51173	115.54108	113.32564	108.86253	112.68425	112.87765	115.11406	115.66072	118.30048	109.45601	108.71801
7/17/2025	3:23:29 PM	116.13061	118.50111	116.86995	115.09614	115.12907	112.96169	108.54550	112.33926	112.52571	114.73863	115.28373	117.90110	109.12501	108.41318
7/17/2025	3:23:33 PM	115.74771	118.08981	116.47377	114.69233	114.72917	112.60890	108.24050	112.00375	112.18244	114.37165	114.91538	117.50936	108.80249	108.11587
7/17/2025	3:23:36 PM	115.37369	117.68990	116.08647	114.29835	114.33709	112.26011	107.93818	111.67193	111.84120	114.00818	114.54973	117.12251	108.48142	107.81855
7/17/2025	3:23:40 PM	115.00310	117.29166	115.70217	113.90729	113.95138	111.91638	107.64113	111.34500	111.50741	113.65068	114.19237	116.74207	108.17069	107.52965
7/17/2025	3:23:43 PM	114.64610	116.90870	115.33195	113.52917	113.57792	111.58572	107.35556	111.03205	111.18574	113.30596	113.84542	116.37248	107.86703	107.24844
7/17/2025	3:23:47 PM	114.29186	116.52699	114.96270	113.15357	113.20098	111.25243	107.06546	110.71604	110.86028	112.96057	113.49858	116.00548	107.56471	106.96893
7/17/2025	3:23:51 PM	113.94106	116.15259	114.60184	112.78772	112.83710	110.92966	106.78755	110.40936	110.54721	112.62593	113.16265	115.64918	107.27210	106.69650
7/17/2025	3:23:54 PM	113.60183	115.78851	114.24934	112.42881	112.47867	110.61149	106.51123	110.10748	110.23598	112.29431	112.82983	115.29490	106.97956	106.42508
7/17/2025	3:23:58 PM	113.26073	115.42131	113.89512	112.06867	112.12203	110.29403	106.23666	109.80436	109.92532	111.96324	112.49633	114.94251	106.69096	106.15644
7/17/2025	3:24:01 PM	112.93146	115.06776	113.55417	111.72261	111.77800	109.98912	105.97488	109.51932	109.63176	111.64999	112.18241	114.60578	106.41310	105.89879
7/17/2025	3:24:05 PM	112.60408	114.71592	113.21387	111.37597	111.43260	109.68168	105.70974	109.22656	109.33057	111.32856	111.85715	114.26115	106.13202	105.63608
7/17/2025	3:24:09 PM	112.27291	114.36092	112.87113	111.02812	111.08947	109.37688	105.44667	108.93881	109.03361	111.01374	111.53963	113.92346	105.85344	105.37803
7/17/2025	3:24:12 PM	111.95464	114.01736	112.54061	110.69361	110.75689	109.08255	105.19698	108.66524	108.75156	110.70968	111.23376	113.59829	105.58730	105.13055
7/17/2025	3:24:16 PM	111.64285	113.67351	112.21697	110.36771	110.43285	108.79579	104.95260	108.39957	108.47744	110.41110	110.93059	113.26518	105.32355	104.88554
7/17/2025	3:24:20 PM	111.33518	113.33778	111.89782	110.04595	110.11407	108.51337	104.71269	108.13954	108.21004	110.11955	110.63656	112.93962	105.06581	104.64851
7/17/2025	3:24:23 PM	111.03603	113.01277	111.58524	109.73222	109.80295	108.23822	104.47685	107.88716	107.95214	109.83914	110.35064	112.62885	104.81715	104.41804
7/17/2025	3:24:27 PM	110.74344	112.69699	111.28057	109.42555	109.49868	107.96757	104.24350	107.63217	107.69215	109.55798	110.06634	112.32176	104.57011	104.18874
7/17/2025	3:24:30 PM	110.45496	112.38678	110.98213	109.12451	109.20074	107.69959	104.01284	107.37949	107.43447	109.28237	109.78856	112.02300	104.32836	103.96461
7/17/2025	3:24:34 PM	110.17050	112.07030	110.68471	108.82888	108.90789	107.44096	103.78967	107.13496	107.18421	109.01294	109.51775	111.73158	104.09353	103.74591
7/17/2025	3:24:38 PM	109.89427	111.76704	110.39744	108.54538	108.62035	107.18360	103.56507	106.88722	106.93152	108.74261	109.24525	111.44045	103.85716	103.52547
7/17/2025	3:24:41 PM	109.61433	111.46303	110.10743	108.25663	108.33428	106.92748	103.34276	106.64085	106.68014	108.47544	108.97556	111.15334	103.62375	103.30673
7/17/2025	3:24:45 PM	109.34312	111.16947	109.82574	107.97723	108.05676	106.67942	103.12790	106.40226	106.43643	108.21507	108.71549	110.87644	103.40025	103.09457
7/17/2025	3:24:48 PM	109.07629	110.88154	109.54868	107.70126	107.78199	106.43129	102.91126	106.16267	106.19015	107.95338	108.45249	110.59677	103.17324	102.88169
7/17/2025	3:24:52 PM	108.80477	110.58974	109.26769	107.42209	107.50554	106.18397	102.69467	105.92288	105.94528	107.69357	108.19016	110.31740	102.94746	102.66755
7/17/2025	3:24:56 PM	108.54440	110.31019	108.99863	107.15563	107.23991	105.94591	102.48775	105.69315	105.71078	107.44344	107.94054	110.05142	102.73355	102.46445
7/17/2025	3:24:59 PM	108.28905	110.03566	108.73169	106.89282	106.97883	105.70912	102.28219	105.46420	105.47669	107.19384	107.68922	109.78368	102.51701	102.25873
7/17/2025	3:25:03 PM	108.03558	109.76322	108.47069	106.63410	106.72145	105.47646	102.07972	105.23955	105.24610	106.94591	107.44033	109.51904	102.30396	102.05694
7/17/2025	3:25:06 PM	107.78630	109.49671	108.21248	106.37985	106.46929	105.25049	101.88567	105.02586	105.02681	106.71072	107.20326	109.26675	102.10035	101.86391
7/17/2025	3:25:10 PM	107.54057	109.23260	107.95683	106.12849	106.21812	105.02568	101.69340	104.81920	104.80879	106.47749	106.96280	109.01241	101.89502	101.67003
7/17/2025	3:25:14 PM	107.30097	108.97640	107.70935	105.88602	105.97720	104.80986	101.51021	104.62334	104.60544	106.25422	106.73653	108.77207	101.70318	101.48882
7/17/2025	3:25:17 PM	107.06931	108.72875	107.46977	105.65091	105.74421	104.60144	101.33228	104.42975	104.40546	106.03432	106.51271	108.53149	101.51075	101.30803
7/17/2025	3:25:21 PM	106.84162	108.48349	107.23223	105.41689	105.51005	104.39118	101.15139	104.23123	104.20300	105.81316	106.28616	108.28976	101.31535	101.12390
7/17/2025	3:25:24 PM	106.60848	108.23336	106.99063	105.18009	105.27685	104.18111	100.97177	104.03621	104.00493	105.59900	106.07048	108.05967	101.13349	100.95368
7/17/2025	3:25:28 PM	106.39332	108.00293	106.76899	104.96473	105.06291	103.99054	100.80995	103.85789	103.82343	105.40095	105.87092	107.84299	100.96114	100.79281
7/17/2025	3:25:32 PM	106.18503	107.77752	106.55067	104.75090	104.85101	103.79963	100.64635	103.67541	103.63676	105.19706	105.66339	107.61933	100.78386	100.62508
7/17/2025	3:25:35 PM	105.97053	107.54566	106.32550	104.53177	104.63296	103.60147	100.47366	103.48374	103.44185	104.98825	105.45096	107.39331	100.60236	100.45167
7/17/2025	3:25:39 PM	105.75058	107.30973	106.09749	104.30676	104.40917	103.39682	100.29280	103.28224	103.23707	104.77015	105.23042	107.15872	100.41018	100.26806
7/17/2025	3:25:42 PM	105.52482	107.06771	105.86415	104.07835	104.18197	103.18929	100.10999	103.08034	103.03103	104.55348	105.01097	106.92577	100.22061	100.08669
7/17/2025	3:25:46 PM	105.30183	106.83055	105.63505	103.85500	103.96041	102.98722	99.93188	102.88294	102.83290	104.34376	104.79989	106.70203	100.03771	99.91152
7/17/2025	3:25:50 PM	105.08417	106.59745	105.41125	103.63711	103.74341	102.78791	99.75688	102.68660	102.63512	104.13348	104.58692	106.47624	99.85426	99.73503
7/17/2025	3:25:53 PM	104.86998	106.36955	105.18972	103.42172	103.52897	102.59130	99.58174	102.49152	102.43885	103.92525	104.37590	106.25316	99.67259	99.56121
7/17/2025	3:25:57 PM	104.65576	106.14135	104.96950	103.20865	103.31827	102.39740	99.41170	102.30186	102.24692	103.72042	104.17010	106.03557	99.49509	99.38897
7/17/2025	3:26:00 PM	104.44550	105.91631	104.75077	102.99704	103.10967	102.20650	99.24392	102.11528	102.05810	103.51985	103.96644	105.81967	99.31948	99.22039
7/17/2025	3:26:04 PM	104.24042	105.69527	104.53812	102.78972	102.90403	102.01589	99.07639	101.92977	101.86976	103.31891	103.76439	105.60557	99.14637	99.05312
7/17/2025	3:26:08 PM	104.03383	105.47630	104.32632	102.58642	102.70231	101.83121	98.91365	101.74930	101.68556	103.12198	103.56591	105.39427	98.97535	98.88751
7/17/2025	3:26:11 PM	103.83418	105.26399	104.12152	102.38865	102.50521	101.65096	98.75527	101.57335	101.50764	102.93223	103.37438	105.19107	98.81104	98.72946
7/17/2025	3:26:15 PM	103.64015	105.05536	103.91969	102.19509	102.31495	101.47570	98.60101	101.40285	101.33296	102.74584	103.18588	104.99055	98.64959	98.57244
7/17/2025	3:26:19 PM	103.44740	104.84942	103.72093	102.00382	102.12558	101.30077	98.44948	101.23456	101.16223	102.56216	103.00027	104.79182	98.49095	98.41877
7/17/2025	3:26:22 PM	103.25739	104.64800	103.52683	101.81766	101.94061	101.13045	98.30103	101.06857	100.99310	102.38021	102.81751	104.59799	98.33530	98.26871
7/17/2025	3:26:26 PM	103.07442	104.45171	103.33760	101.63672	101.75995	100.96527	98.15794	100.90900	100.83038	102.20450	102.63910	104.40798	98.18202	98.12144
7/17/2025	3:26:29 PM	102.88994	104.25373	103.14645	101.45345	101.57943	100.79748	98.01073	100.74695	100.66584	102.02678	102.45741	104.21544	98.02806	97.97301
7/17/2025	3:26:33 PM	102.70826	104.06023	102.96000	101.27460	101.40281	100.63502	97.86917	100.59047	100.50664	101.85598	102.28527	104.03180	97.87961	97.82977
7/17/2025	3:26:36 PM	102.53253	103.87202	102.77909	101.10028	101.23035	100.47542	97.73052	100.43627	100.34994	101.68684	102.11414	103.85048	97.73458	97.69025
7/17/2025	3:26:40 PM	102.36124	103.68830	102.60248	100.93075	101.06289	100.32131	97.59729	100.28746	100.19842	101.52172	101.94622	103.67135	97.59145	97.55068
7/17/2025	3:26:44 PM	102.18942	103.50491	102.42461	100.76099	100.89409	100.16537	97.46125	100.13725	100.04508	101.35598	101.77696	103.49135	97.44788	97.41244
7/17/2025	3:26:47 PM	102.01466	103.31749	102.24417	100.58757	100.72319	100.00958	97.32630	99.98742	99.89239	101.19165	101.60913	103.31322	97.30576	97.27542
7/17/2025	3:26:51 PM	101.84889	103.14010	102.07297	100.42472	100.56231	99.86231	97.19939	99.84500	99.74808	101.03343	101.44998	103.14347	97.16967	97.14407
7/17/2025	3:26:55 PM	101.68802	102.96852	101.90722	100.26789	100.40798	99.71881	97.07692	99.70774	99.60835	100.88270	101.29520	102.97844	97.03923	97.01864
7/17/2025	3:26:58 PM	101.52866	102.79642	101.74143	100.11686	100.25091	99.57343	96.95167	99.56935	99.46769	100.72784	101.13690	102.81055	96.90544	96.88913
7/17/2025	3:27:02 PM	101.37367	102.62986	101.58207	99.96456	100.10120	99.43477	96.83308	99.43663	99.33325	100.58154	100.98913	102.65256	96.78141	96.76993
7/17/2025	3:27:05 PM	101.22269	102.46738	101.42543	99.81690	99.95407	99.29982	96.71801	99.30905	99.20368	100.44049	100.84538	102.49775	96.65987	96.65205
7/17/2025	3:27:09 PM	101.07546	102.31006	101.27483	99.67391	99.81117	99.16801	96.60580	99.18258	99.07459	100.29885	100.70095	102.34285	96.53817	96.53448
7/17/2025	3:27:13 PM	100.92460	102.14794	101.11562	99.52604	99.66319	99.03163	96.48780	99.05126	98.94145	100.15377	100.55255	102.18388	96.41235	96.41379
7/17/2025	3:27:16 PM	100.77645	101.98842	100.96085	99.38142	99.51941	98.89955	96.37515	98.92666	98.81463	100.01525	100.41026	102.03151	96.29210	96.29700
7/17/2025	3:27:20 PM	100.62919	101.83199	100.81082	99.23973	99.37926	98.77056	96.26454	98.80209	98.68828	99.87677	100.26856	101.88045	96.17298	96.18084
7/17/2025	3:27:23 PM	100.48666	101.67934	100.66370	99.10172	99.24171	98.64307	96.15558	98.68202	98.56685	99.74472	100.13468	101.73680	96.05995	96.07159
7/17/2025	3:27:27 PM	100.34764	101.52975	100.51905	98.96574	99.10657	98.51944	96.04989	98.56262	98.44615	99.61208	99.99954	101.59196	95.94668	95.96079
7/17/2025	3:27:31 PM	100.21013	101.38220	100.37713	98.83063	98.97223	98.39487	95.94296	98.44385	98.32468	99.47908	99.86378	101.44537	95.83038	95.84786
7/17/2025	3:27:34 PM	100.06918	101.22999	100.23097	98.69303	98.83502	98.26877	95.83479	98.32328	98.20224	99.34633	99.72751	101.30080	95.71582	95.73640
7/17/2025	3:27:38 PM	99.93229	101.08247	100.08901	98.55900	98.70169	98.14572	95.72780	98.20522	98.08262	99.21606	99.59271	101.15569	95.59985	95.62377
7/17/2025	3:27:41 PM	99.79476	100.93590	99.94784	98.42512	98.56870	98.02383	95.62380	98.08840	97.96586	99.08868	99.46293	101.01715	95.49033	95.51752
7/17/2025	3:27:45 PM	99.66165	100.79349	99.81034	98.29593	98.44021	97.90585	95.52227	97.97671	97.85379	98.96519	99.33541	100.87975	95.38067	95.41213
7/17/2025	3:27:49 PM	99.52851	100.64934	99.67031	98.16314	98.30995	97.78657	95.41982	97.86054	97.73637	98.83677	99.20499	100.73896	95.26992	95.30384
7/17/2025	3:27:52 PM	99.39525	100.50430	99.53077	98.03122	98.18171	97.66997	95.31976	97.74746	97.62333	98.71278	99.07752	100.60386	95.16216	95.20007
7/17/2025	3:27:56 PM	99.26983	100.36937	99.40086	97.90904	98.06005	97.55896	95.22857	97.64497	97.51712	98.59676	98.95872	100.47709	95.06162	95.10303
7/17/2025	3:28:00 PM	99.14759	100.23776	99.27474	97.78877	97.94214	97.45042	95.13507	97.54213	97.41521	98.48390	98.84373	100.35393	94.96712	95.01322
7/17/2025	3:28:03 PM	99.03844	100.12324	99.16626	97.68593	97.84423	97.36202	95.06495	97.46388	97.33732	98.39568	98.75817	100.25746	94.89665	94.94569
7/17/2025	3:28:07 PM	98.94653	100.02181	99.06849	97.59477	97.75344	97.27940	94.99728	97.38504	97.25861	98.30504	98.66835	100.15479	94.82215	94.87349
7/17/2025	3:28:10 PM	98.85043	99.91427	98.96574	97.49780	97.65869	97.19398	94.92947	97.30467	97.17416	98.21293	98.57823	100.05498	94.74945	94.80425
7/17/2025	3:28:14 PM	98.75964	99.81284	98.86861	97.40713	97.56856	97.11633	94.86810	97.23148	97.09918	98.12763	98.49420	99.96221	94.68373	94.74047
7/17/2025	3:28:18 PM	98.67376	99.71854	98.77725	97.32090	97.48410	97.04072	94.80821	97.15955	97.01931	97.99665	98.29097	99.66424	94.65922	94.69068
7/17/2025	3:28:21 PM	98.20348	99.25211	98.46030	97.13589	97.42099	97.08656	94.80984	96.87647	96.53710	97.30893	97.25338	98.87295	94.26155	94.19702
7/17/2025	3:28:25 PM	97.57122	98.72692	98.20869	97.09967	97.49919	97.25966	94.84651	96.78937	96.24577	96.99721	96.81410	98.22187	94.11235	93.93790
7/17/2025	3:28:28 PM	96.66496	97.96998	97.56808	96.25819	96.59018	96.51302	94.31003	95.78724	94.93635	94.75835	95.03828	96.40468	93.14366	92.96796
7/17/2025	3:28:32 PM	95.08488	96.21445	96.26354	94.92715	95.53700	95.79952	93.49015	94.48938	93.80440	93.67962	94.24111	86.72607	92.51554	92.14963
7/17/2025	3:28:35 PM	94.53971	95.79016	95.93348	94.80787	95.59251	95.60958	93.32181	94.48967	93.75429	93.58365	94.09775	85.03483	92.26172	91.90192
7/17/2025	3:28:39 PM	94.43755	95.85424	95.96487	94.97810	95.80479	95.63210	93.23954	94.45671	93.66080	93.43112	93.91027	85.91759	92.07610	91.70622
7/17/2025	3:28:42 PM	94.30167	95.84635	95.91917	95.05450	95.88580	95.60599	93.14663	94.36795	93.51800	93.26647	93.67330	86.71946	91.89332	91.50780
7/17/2025	3:28:46 PM	94.12323	95.75603	95.82288	95.05733	95.87972	95.53843	93.03116	94.24652	93.34301	93.08735	93.41030	87.28934	91.71260	91.31272
7/17/2025	3:28:49 PM	93.90837	95.62212	95.69790	95.01735	95.82992	95.45342	92.91688	94.11229	93.15810	92.89580	93.15315	87.70180	91.54460	91.13145
7/17/2025	3:28:53 PM	93.69494	95.47810	95.56949	94.95741	95.76127	95.36465	92.81260	93.98374	92.98377	92.70833	92.92290	88.00158	91.40025	90.97504
7/17/2025	3:28:57 PM	93.49412	95.33690	95.44131	94.88398	95.68101	95.27827	92.71860	93.86758	92.82802	92.53342	92.71978	88.24115	91.27775	90.83796
7/17/2025	3:29:00 PM	93.30698	95.19962	95.31617	94.80352	95.59176	95.18549	92.62420	93.75157	92.67307	92.36611	92.52975	88.42457	91.15941	90.70780
7/17/2025	3:29:04 PM	93.12670	95.06147	95.18729	94.70883	95.48760	95.08438	92.52460	93.63123	92.52261	92.21235	92.35411	88.55788	91.04645	90.58240
7/17/2025	3:29:07 PM	92.94872	94.91629	95.04867	94.59908	95.37143	94.96965	92.41775	93.50657	92.37042	92.07955	92.18052	88.66379	90.92952	90.45345
7/17/2025	3:29:11 PM	92.77452	94.76542	94.90643	94.48368	95.24665	94.84885	92.30570	93.37559	92.21451	91.95912	92.00351	88.73643	90.80762	90.32165
7/17/2025	3:29:14 PM	92.59653	94.60722	94.75780	94.35666	95.11250	94.71985	92.18776	93.23997	92.05986	91.84220	91.83279	88.79113	90.68736	90.19443
7/17/2025	3:29:18 PM	92.42264	94.44792	94.60580	94.22450	94.97278	94.58374	92.06448	93.10272	91.90062	91.71143	91.66212	88.82425	90.56452	90.06261
7/17/2025	3:29:21 PM	92.25158	94.28845	94.45264	94.08882	94.83089	94.44805	91.94023	92.96139	91.74412	91.57350	91.49372	88.84861	90.44043	89.93291
7/17/2025	3:29:25 PM	92.08592	94.13212	94.30180	93.95487	94.69201	94.31483	91.82163	92.82786	91.59467	91.43816	91.33544	88.85566	90.32149	89.80878
7/17/2025	3:29:28 PM	91.92997	93.97956	94.15496	93.82117	94.55250	94.17978	91.69975	92.68945	91.44545	91.29335	91.17481	88.85419	90.19931	89.68235
7/17/2025	3:29:32 PM	91.77178	93.82414	94.00467	93.68338	94.41166	94.04574	91.57812	92.55806	91.29885	91.15216	91.02075	88.84735	90.07998	89.55849
7/17/2025	3:29:35 PM	91.61749	93.67043	93.85455	93.54642	94.26985	93.90946	91.45720	92.42206	91.15505	91.01237	90.86674	88.84078	89.96076	89.43717
7/17/2025	3:29:39 PM	91.46918	93.52024	93.70932	93.41352	94.13140	93.77575	91.33725	92.28866	91.01454	90.87238	90.71965	88.82443	89.84473	89.31874
7/17/2025	3:29:42 PM	91.32130	93.36984	93.56233	93.27757	93.99187	93.64186	91.21711	92.15601	90.87436	90.73218	90.57366	88.80520	89.72712	89.19926
7/17/2025	3:29:46 PM	91.17563	93.22048	93.41640	93.14095	93.85165	93.50738	91.09770	92.02459	90.73731	90.59278	90.42917	88.77855	89.61075	89.08274
7/17/2025	3:29:49 PM	91.03176	93.06994	93.27036	93.00637	93.71300	93.37377	90.98049	91.89554	90.60411	90.45787	90.28834	88.75321	89.49800	88.96818
7/17/2025	3:29:53 PM	90.89215	92.92331	93.12642	92.87290	93.57415	93.23963	90.86124	91.76413	90.46825	90.31796	90.14443	88.71980	89.38157	88.85213
7/17/2025	3:29:57 PM	90.75400	92.77655	92.98291	92.73852	93.43454	93.10707	90.74365	91.63549	90.33583	90.18132	90.00679	88.68838	89.26828	88.73861
7/17/2025	3:30:00 PM	90.61739	92.63020	92.83926	92.60404	93.29620	92.97366	90.62699	91.50701	90.20626	90.04791	89.87123	88.65066	89.15639	88.62777
7/17/2025	3:30:04 PM	90.48370	92.48761	92.69992	92.47441	93.16147	92.84451	90.51324	91.38165	90.08126	89.91774	89.73894	88.61403	89.04721	88.51896
7/17/2025	3:30:07 PM	90.35708	92.35126	92.56585	92.34875	93.03149	92.71858	90.40283	91.26040	89.96143	89.79436	89.61418	88.57316	88.94313	88.41498
7/17/2025	3:30:11 PM	90.22944	92.21224	92.42917	92.22089	92.89929	92.59100	90.29244	91.13846	89.84127	89.66923	89.48839	88.53155	88.83710	88.31050
7/17/2025	3:30:14 PM	90.11017	92.08054	92.29968	92.09936	92.77180	92.46913	90.18600	91.02069	89.72584	89.55005	89.36838	88.48968	88.73638	88.21074
7/17/2025	3:30:18 PM	89.99173	91.94925	92.17039	91.97726	92.64433	92.34710	90.07825	90.90223	89.60945	89.42985	89.24720	88.44681	88.63173	88.10686
7/17/2025	3:30:22 PM	89.86910	91.81519	92.03921	91.85360	92.51520	92.22373	89.97050	90.78469	89.49588	89.31069	89.12615	88.41489	88.52923	88.00702
7/17/2025	3:30:25 PM	89.75044	91.68281	91.90903	91.73116	92.38951	92.10176	89.86399	90.66742	89.38177	89.19417	89.00790	88.38180	88.42716	87.90656
7/17/2025	3:30:29 PM	89.63491	91.55285	91.78077	91.61082	92.26490	91.98077	89.75999	90.55338	89.27331	89.08226	88.89479	88.34597	88.32911	87.81070
7/17/2025	3:30:32 PM	89.52171	91.42563	91.65593	91.49207	92.14067	91.86068	89.65555	90.43946	89.16494	88.97058	88.78167	88.30381	88.22971	87.71393
7/17/2025	3:30:36 PM	89.41105	91.29978	91.53211	91.37488	92.01864	91.74325	89.55371	90.32742	89.05986	88.86191	88.67182	88.26474	88.13351	87.61991
7/17/2025	3:30:39 PM	89.30379	91.17917	91.41300	91.26265	91.89866	91.63020	89.45498	90.21872	88.95755	88.75764	88.56678	88.23300	88.03988	87.52850
7/17/2025	3:30:43 PM	89.19980	91.06033	91.29705	91.15246	91.78467	91.51974	89.36000	90.11387	88.86057	88.65828	88.46459	88.20103	87.94863	87.44021
7/17/2025	3:30:46 PM	89.09513	90.93965	91.17784	91.03972	91.66521	91.40566	89.26025	90.00426	88.75852	88.55491	88.35947	88.16479	87.85454	87.34831
7/17/2025	3:30:50 PM	88.99021	90.82063	91.06046	90.92801	91.54892	91.29394	89.16422	89.90010	88.66191	88.45639	88.25868	88.13101	87.76530	87.26117
7/17/2025	3:30:54 PM	88.89070	90.70628	90.94758	90.82097	91.43580	91.18606	89.07126	89.79705	88.56817	88.35917	88.16099	88.08963	87.67755	87.17732
7/17/2025	3:30:57 PM	88.79441	90.59495	90.83825	90.71712	91.32766	91.08056	88.98059	89.69707	88.47726	88.26534	88.06556	88.04605	87.59122	87.09390
7/17/2025	3:31:01 PM	88.69873	90.48321	90.72742	90.61204	91.21721	90.97441	88.88918	89.59713	88.38550	88.17237	87.96913	87.99735	87.50409	87.01031
7/17/2025	3:31:04 PM	88.60223	90.37219	90.61741	90.50699	91.10699	90.86845	88.79725	89.49754	88.29429	88.07891	87.87537	87.94700	87.41880	86.92900
7/17/2025	3:31:08 PM	88.51099	90.26591	90.51235	90.40603	91.00106	90.76645	88.70955	89.39928	88.20628	87.99065	87.78328	87.89382	87.33522	86.84861
7/17/2025	3:31:11 PM	88.41780	90.15718	90.40538	90.30351	90.89398	90.66302	88.61930	89.30185	88.11772	87.90082	87.69237	87.83795	87.25132	86.76739
7/17/2025	3:31:15 PM	88.32704	90.05376	90.30380	90.20628	90.79302	90.56563	88.53573	89.20981	88.03466	87.81545	87.60502	87.78459	87.17319	86.69242
7/17/2025	3:31:18 PM	88.24106	89.95309	90.20437	90.11167	90.69309	90.46862	88.45286	89.11928	87.95301	87.73247	87.52173	87.73175	87.09481	86.61762
7/17/2025	3:31:22 PM	88.15416	89.85390	90.10530	90.01680	90.59392	90.37375	88.37011	89.02772	87.87102	87.64900	87.43635	87.67697	87.01758	86.54358
7/17/2025	3:31:25 PM	88.06935	89.75505	90.00771	89.92277	90.49547	90.27757	88.28744	88.93809	87.79078	87.56742	87.35303	87.62315	86.94061	86.47014
7/17/2025	3:31:29 PM	87.98547	89.65780	89.91147	89.83020	90.39952	90.18413	88.20619	88.84899	87.71135	87.48700	87.27094	87.56673	86.86379	86.39670
7/17/2025	3:31:32 PM	87.90298	89.56119	89.81530	89.73770	90.30175	90.08922	88.12481	88.75966	87.63193	87.40592	87.18841	87.51084	86.78797	86.32358
7/17/2025	3:31:36 PM	87.81916	89.46353	89.71839	89.64442	90.20390	89.99502	88.04289	88.67021	87.55214	87.32531	87.10623	87.45137	86.71135	86.25051
7/17/2025	3:31:39 PM	87.73715	89.36854	89.62332	89.55253	90.10824	89.90226	87.96272	88.58278	87.47499	87.24751	87.02610	87.39495	86.63650	86.17876
7/17/2025	3:31:43 PM	87.65697	89.27507	89.52992	89.46245	90.01501	89.81059	87.88279	88.49648	87.39809	87.16931	86.94732	87.33658	86.56171	86.10741
7/17/2025	3:31:46 PM	87.57485	89.17878	89.43424	89.37012	89.91705	89.71683	87.80179	88.40792	87.32022	87.09106	86.86757	87.27723	86.48648	86.03588
7/17/2025	3:31:50 PM	87.49374	89.08538	89.34138	89.28057	89.82310	89.62542	87.72280	88.32213	87.24343	87.01355	86.78847	87.21949	86.41307	85.96455
7/17/2025	3:31:54 PM	87.41466	88.99309	89.24933	89.19230	89.73114	89.53692	87.64528	88.23793	87.16967	86.93874	86.71322	87.16227	86.34058	85.89664
7/17/2025	3:31:57 PM	87.33956	88.90474	89.16149	89.10722	89.64243	89.45010	87.57081	88.15769	87.09931	86.86751	86.64034	87.10608	86.27074	85.82965
7/17/2025	3:32:01 PM	87.26303	88.81575	89.07185	89.02045	89.55143	89.36236	87.49535	88.07447	87.02703	86.79401	86.56517	87.04889	86.20052	85.76276
7/17/2025	3:32:04 PM	87.18962	88.72991	88.98619	88.93758	89.46447	89.27901	87.42255	87.99711	86.95765	86.72425	86.49516	86.99391	86.13216	85.69708
7/17/2025	3:32:08 PM	87.11615	88.64375	88.90041	88.85435	89.37772	89.19436	87.34929	87.91735	86.88933	86.65613	86.42507	86.93825	86.06470	85.63278
7/17/2025	3:32:11 PM	87.04401	88.56015	88.81670	88.77351	89.29243	89.11178	87.27836	87.84077	86.82214	86.58835	86.35694	86.88311	85.99898	85.57072
7/17/2025	3:32:15 PM	86.97397	88.47767	88.73353	88.69273	89.20851	89.03109	87.20897	87.76536	86.75557	86.52115	86.28955	86.82900	85.93453	85.50917
7/17/2025	3:32:18 PM	86.90601	88.39798	88.65408	88.61568	89.12812	88.95258	87.13991	87.69034	86.69007	86.45519	86.22267	86.77463	85.86930	85.44780
7/17/2025	3:32:22 PM	86.83607	88.31569	88.57129	88.53504	89.04381	88.87086	87.07034	87.61546	86.62526	86.39001	86.15670	86.72114	85.80536	85.38687
7/17/2025	3:32:26 PM	86.77056	88.23835	88.49377	88.45969	88.96456	88.79427	87.00419	87.54283	86.56247	86.32650	86.09237	86.66703	85.74325	85.32784
7/17/2025	3:32:29 PM	86.70464	88.16145	88.41675	88.38492	88.88747	88.71850	86.93933	87.47267	86.50156	86.26441	86.02984	86.61358	85.68179	85.26968
7/17/2025	3:32:33 PM	86.63726	88.08249	88.33744	88.30782	88.80603	88.64063	86.87190	87.40004	86.43746	86.20094	85.96589	86.55796	85.61970	85.21027
7/17/2025	3:32:36 PM	86.57362	88.00667	88.26166	88.23442	88.72883	88.56592	86.80710	87.32964	86.37692	86.14050	85.90473	86.50582	85.56024	85.15399
7/17/2025	3:32:40 PM	86.50924	87.93137	88.18564	88.16055	88.65175	88.49129	86.74246	87.26027	86.31686	86.07981	85.84391	86.45407	85.50023	85.09684
7/17/2025	3:32:43 PM	86.44607	87.85633	88.10979	88.08627	88.57373	88.41521	86.67698	87.18961	86.25546	86.01834	85.78107	86.39979	85.43947	85.03894
7/17/2025	3:32:47 PM	86.38247	87.78204	88.03548	88.01376	88.49753	88.34222	86.61365	87.12089	86.19598	85.95890	85.72085	86.34692	85.38018	84.98218
7/17/2025	3:32:51 PM	86.32042	87.70916	87.96261	87.94288	88.42400	88.27064	86.55198	87.05559	86.13892	85.90177	85.66352	86.29729	85.32447	84.92923
7/17/2025	3:32:54 PM	86.26062	87.63914	87.89208	87.87430	88.35094	88.20113	86.49159	86.99007	86.08349	85.84653	85.60672	86.24843	85.26893	84.87674
7/17/2025	3:32:58 PM	86.20238	87.56991	87.82209	87.80607	88.27988	88.13239	86.43299	86.92698	86.02852	85.79052	85.55166	86.19904	85.21359	84.82394
7/17/2025	3:33:02 PM	86.14330	87.50116	87.75226	87.73821	88.20771	88.06332	86.37313	86.86344	85.97322	85.73438	85.49485	86.15051	85.15841	84.77157
7/17/2025	3:33:05 PM	86.08503	87.43191	87.68301	87.67064	88.13773	87.99550	86.31435	86.79789	85.91755	85.67960	85.44037	86.10093	85.10371	84.71916
7/17/2025	3:33:09 PM	86.02740	87.36402	87.61411	87.60360	88.06646	87.92670	86.25547	86.73552	85.86285	85.62508	85.38568	86.05230	85.05026	84.66865
7/17/2025	3:33:12 PM	85.97286	87.29909	87.54917	87.54005	88.00025	87.86356	86.20126	86.67673	85.81300	85.57513	85.33509	86.00707	84.99939	84.62051
7/17/2025	3:33:16 PM	85.91719	87.23384	87.48326	87.47572	87.93232	87.79785	86.14448	86.61554	85.76078	85.52254	85.28178	85.95859	84.94765	84.57106
7/17/2025	3:33:20 PM	85.86453	87.17116	87.41928	87.41308	87.86613	87.73495	86.09027	86.55768	85.71005	85.47230	85.23168	85.91254	84.89742	84.52304
7/17/2025	3:33:23 PM	85.81115	87.10760	87.35567	87.35130	87.80072	87.67167	86.03562	86.49830	85.65985	85.42164	85.18091	85.86590	84.84705	84.47540
7/17/2025	3:33:27 PM	85.75820	87.04494	87.29102	87.28799	87.73420	87.60826	85.98049	86.43914	85.60829	85.37126	85.13022	85.81916	84.79652	84.42732
7/17/2025	3:33:30 PM	85.70449	86.98211	87.22859	87.22672	87.66993	87.54593	85.92677	86.38251	85.55931	85.32212	85.08092	85.77428	84.74736	84.38097
7/17/2025	3:33:34 PM	85.65416	86.92135	87.16665	87.16643	87.60625	87.48473	85.87380	86.32560	85.51044	85.27362	85.03266	85.72855	84.69814	84.33410
7/17/2025	3:33:38 PM	85.60227	86.86039	87.10461	87.10535	87.54218	87.42349	85.82091	86.26884	85.46157	85.22502	84.98464	85.68320	84.64968	84.28863
7/17/2025	3:33:41 PM	85.55289	86.80207	87.04528	87.04787	87.48083	87.36513	85.77061	86.21487	85.41593	85.17899	84.93812	85.63818	84.60331	84.24453
7/17/2025	3:33:45 PM	85.50447	86.74397	86.98570	86.98872	87.41994	87.30589	85.71969	86.16010	85.36856	85.13234	84.89025	85.59406	84.55630	84.19969
7/17/2025	3:33:49 PM	85.45601	86.68658	86.92795	86.93253	87.35987	87.24891	85.67039	86.10722	85.32380	85.08822	84.84603	85.55021	84.51134	84.15614
7/17/2025	3:33:52 PM	85.40799	86.63031	86.87022	86.87571	87.30088	87.19130	85.62056	86.05470	85.27846	85.04292	84.80117	85.50705	84.46656	84.11395
7/17/2025	3:33:56 PM	85.36126	86.57548	86.81466	86.82173	87.24373	87.13735	85.57449	86.00513	85.23592	84.99946	84.75769	85.46655	84.42368	84.07297
7/17/2025	3:33:59 PM	85.31595	86.52171	86.76022	86.76801	87.18785	87.08236	85.52754	85.95458	85.19217	84.95694	84.71461	85.42485	84.38056	84.03241
7/17/2025	3:34:03 PM	85.27114	86.46856	86.70590	86.71429	87.13165	87.02921	85.48151	85.90524	85.15007	84.91474	84.67229	85.38389	84.33747	83.99134
7/17/2025	3:34:07 PM	85.22529	86.41510	86.65180	86.66104	87.07631	86.97561	85.43491	85.85562	85.10673	84.87179	84.63025	85.34401	84.29514	83.95103
7/17/2025	3:34:10 PM	85.17960	86.36047	86.59573	86.60597	87.01819	86.92009	85.38668	85.80402	85.06194	84.82699	84.58482	85.29905	84.24991	83.90767
7/17/2025	3:34:14 PM	85.13322	86.30562	86.54052	86.55185	86.96145	86.86579	85.34066	85.75475	85.01953	84.78569	84.54411	85.25940	84.20859	83.86849
7/17/2025	3:34:17 PM	85.09126	86.25640	86.49056	86.50307	86.91054	86.81566	85.29768	85.70866	84.98034	84.74610	84.50502	85.22069	84.16887	83.83055
7/17/2025	3:34:21 PM	85.04967	86.20661	86.43895	86.45268	86.85690	86.76596	85.25420	85.66278	84.94071	84.70735	84.46651	85.18287	84.12937	83.79364
7/17/2025	3:34:25 PM	85.00869	86.15773	86.38933	86.40382	86.80578	86.71538	85.21193	85.61743	84.90229	84.66869	84.42845	85.14511	84.09071	83.75684
7/17/2025	3:34:28 PM	84.96830	86.10905	86.33904	86.35493	86.75475	86.66653	85.16958	85.57265	84.86375	84.63056	84.38967	85.10745	84.05172	83.71938
7/17/2025	3:34:32 PM	84.92831	86.06184	86.29091	86.30655	86.70409	86.61811	85.12849	85.52824	84.82527	84.59293	84.35292	85.07032	84.01420	83.68389
7/17/2025	3:34:36 PM	84.88935	86.01535	86.24303	86.25996	86.65520	86.57049	85.08743	85.48503	84.78822	84.55623	84.31583	85.03319	83.97648	83.64863
7/17/2025	3:34:39 PM	84.84941	85.96843	86.19534	86.21276	86.60600	86.52341	85.04708	85.44161	84.75149	84.51990	84.27972	84.99704	83.93924	83.61310
7/17/2025	3:34:43 PM	84.81050	85.92243	86.14768	86.16657	86.55761	86.47673	85.00704	85.39905	84.71467	84.48319	84.24366	84.96022	83.90211	83.57761
7/17/2025	3:34:46 PM	84.77123	85.87622	86.10082	86.11989	86.50905	86.43004	84.96757	85.35668	84.67837	84.44713	84.20683	84.92347	83.86535	83.54335
7/17/2025	3:34:50 PM	84.73415	85.83235	86.05607	86.07584	86.46287	86.38498	84.92874	85.31538	84.64272	84.41221	84.17257	84.88814	83.82960	83.50920
7/17/2025	3:34:54 PM	84.69570	85.78586	86.00858	86.02931	86.41323	86.33810	84.88771	85.27162	84.60544	84.37542	84.13462	84.85016	83.79154	83.47263
7/17/2025	3:34:57 PM	84.64012	85.69657	85.91874	85.95235	86.33212	86.25374	84.82480	85.19071	84.47416	84.13169	83.39670	77.11310	83.31447	82.92705
7/17/2025	3:35:01 PM	79.06401	84.83744	84.84372	85.09055	85.54475	85.51555	84.25618	84.62515	83.93700	83.56421	83.28761	77.11496	82.97649	82.63087
7/17/2025	3:35:04 PM	80.34300	84.84238	84.87394	85.02731	85.48648	85.54109	84.29889	84.72476	84.05302	83.49391	83.36973	77.18792	82.99722	82.65261
7/17/2025	3:35:08 PM	81.40201	84.83512	84.90956	85.04210	85.52434	85.60201	84.32550	84.73701	84.04783	83.49821	83.34560	77.23015	82.97993	82.64772
7/17/2025	3:35:11 PM	82.33342	84.77860	84.87919	84.99452	85.40227	85.49719	84.23386	84.65688	83.98463	83.44408	81.79000	77.28526	82.93102	82.29882
7/17/2025	3:35:15 PM	82.45988	83.94356	84.19198	84.20886	84.46530	84.70731	83.45229	83.53513	77.43228	77.06017	77.02039	77.20481	76.92189	76.63288
7/17/2025	3:35:19 PM	77.10122	77.02271	77.04536	77.07363	76.99274	77.08237	77.06942	77.10150	77.09173	77.05355	77.01305	77.19176	76.54490	76.50760
7/17/2025	3:35:22 PM	77.09008	77.00970	77.08003	77.09033	76.98665	77.06573	77.06299	77.09915	77.11680	77.06254	77.00378	77.25036	76.51607	76.51979
7/17/2025	3:35:26 PM	77.09089	77.00797	77.03814	77.05525	76.98796	77.07498	77.10182	77.13860	77.13176	77.06440	76.99778	77.24586	76.51072	76.52032
