7/17/2025	9:55:00 AM	296.62560	296.79953	296.73018	296.92450	296.65282	296.60238	297.07729	296.81486	297.27012	296.87605	296.80523	297.13340	296.92673	296.97296
7/17/2025	9:55:03 AM	296.62681	296.80110	296.73188	296.92573	296.65434	296.60519	297.07963	296.81640	297.27226	296.87824	296.80732	297.13407	296.92864	296.97346
7/17/2025	9:55:07 AM	296.62802	296.80222	296.73275	296.92709	296.65602	296.60590	297.08000	296.81623	297.27310	296.88000	296.80930	297.13651	296.92950	296.97442
7/17/2025	9:55:10 AM	296.63017	296.80399	296.73418	296.92831	296.65726	296.60795	297.08246	296.81885	297.27354	296.88034	296.81037	297.13937	296.93077	296.97646
7/17/2025	9:55:14 AM	296.63168	296.80522	296.73523	296.92878	296.65733	296.60808	297.08304	296.81974	297.27448	296.88161	296.81218	297.13925	296.93092	296.97725
7/17/2025	9:55:17 AM	296.63304	296.80618	296.73614	296.93027	296.65814	296.60773	297.08312	296.82110	297.27755	296.88198	296.81154	297.14142	296.93254	296.97796
7/17/2025	9:55:21 AM	296.63456	296.80788	296.73751	296.93111	296.66037	296.61116	297.08519	296.82130	297.27731	296.88467	296.81516	297.14362	296.93405	296.98024
7/17/2025	9:55:24 AM	296.63611	296.80900	296.73894	296.93198	296.66086	296.61161	297.08672	296.82376	297.27987	296.88710	296.81527	297.14379	296.93444	296.98072
7/17/2025	9:55:28 AM	296.63759	296.81018	296.73970	296.93281	296.66127	296.61189	297.08702	296.82518	297.27971	296.88759	296.81671	297.14551	296.93564	296.98088
7/17/2025	9:55:31 AM	296.63883	296.81137	296.74125	296.93377	296.66227	296.61254	297.08803	296.82508	297.28093	296.88857	296.81749	297.14681	296.93588	296.98150
7/17/2025	9:55:35 AM	296.64032	296.81263	296.74195	296.93491	296.66401	296.61526	297.09068	296.82756	297.28412	296.89103	296.82066	297.14951	296.93775	296.98374
7/17/2025	9:55:38 AM	296.64217	296.81412	296.74338	296.93546	296.66484	296.61490	297.08983	296.82825	297.28392	296.89226	296.82134	297.15082	296.93949	296.98386
7/17/2025	9:55:42 AM	296.64374	296.81546	296.74472	296.93743	296.66643	296.61615	297.09117	296.82875	297.28448	296.89115	296.82066	297.15172	296.93440	296.97795
7/17/2025	9:55:45 AM	296.64440	296.81592	296.74433	296.93792	296.66858	296.61626	297.09164	296.83016	297.28572	296.89300	296.82280	297.15244	296.94046	296.98646
7/17/2025	9:55:49 AM	296.64427	296.81700	296.74641	296.93900	296.66733	296.61675	297.09240	296.83076	297.28563	296.89176	296.81985	297.14625	296.93058	296.97290
7/17/2025	9:55:53 AM	296.62549	296.79494	296.71289	296.89065	296.59606	296.52392	296.95621	296.66518	297.08644	296.70306	296.56995	296.90990	296.52267	296.43516
7/17/2025	9:55:56 AM	296.26889	296.42668	296.26923	296.36230	295.96569	295.78230	296.03555	295.65551	296.02081	295.73600	295.48566	295.92289	295.00173	294.61734
7/17/2025	9:56:00 AM	294.86294	294.95613	294.42570	294.15962	293.40277	292.86016	293.04915	292.29959	292.85550	292.51614	291.88568	292.49265	290.54305	290.28652
7/17/2025	9:56:03 AM	291.07787	291.24599	290.18408	289.62613	288.62130	287.97152	288.19774	287.36970	287.71934	287.47982	286.32252	287.51172	284.64631	284.37062
7/17/2025	9:56:07 AM	286.48715	287.01078	285.68668	285.08878	283.95728	283.49102	283.47610	282.79772	282.90650	283.36926	282.28699	283.72189	279.37773	278.68157
7/17/2025	9:56:10 AM	282.45229	283.12159	281.67897	280.74714	279.52835	278.90014	278.35471	277.76756	277.54849	278.80347	277.68076	279.19004	273.20003	272.26343
7/17/2025	9:56:14 AM	277.69400	278.81441	277.03218	275.75752	274.46729	273.51312	272.43092	271.97962	271.48455	273.49911	271.86263	273.99301	266.14431	264.73349
7/17/2025	9:56:17 AM	272.11877	273.72596	271.56262	269.99890	268.61579	267.11343	265.65189	265.26207	264.52411	267.44761	265.77900	268.24152	258.51220	257.20430
7/17/2025	9:56:21 AM	266.09719	268.00425	265.55155	263.67005	262.21501	260.15404	258.54465	258.33944	257.36734	260.90189	259.25544	261.92813	250.36433	249.68724
7/17/2025	9:56:24 AM	259.64393	261.80036	259.10978	256.93638	255.42046	253.06646	251.37004	251.50737	250.42629	253.99122	252.62956	255.37186	242.61415	242.28978
7/17/2025	9:56:28 AM	252.85877	255.31264	252.21814	249.77358	248.15621	245.97357	244.12467	244.51310	243.43263	247.01120	245.48431	248.38614	234.96881	234.70251
7/17/2025	9:56:31 AM	245.75451	248.36082	244.88180	242.25709	240.52289	238.51064	236.20267	236.54248	235.43410	238.72652	236.60907	239.55085	225.57954	225.00602
7/17/2025	9:56:35 AM	236.66515	239.43119	235.84157	233.03726	231.37565	229.60707	226.59199	227.44694	226.40974	229.80918	227.59126	230.77653	216.02751	215.78613
7/17/2025	9:56:39 AM	227.36324	230.56499	226.63953	224.04995	222.80269	221.40002	217.71831	219.03632	218.09653	221.68070	219.29296	222.41022	207.31071	207.17376
7/17/2025	9:56:42 AM	218.69669	222.27374	218.08440	215.71702	214.73123	213.59592	209.53251	211.25249	210.33673	214.14298	211.53501	214.70971	199.37487	199.35125
7/17/2025	9:56:46 AM	210.52490	214.51922	210.13641	207.96864	207.13336	206.26840	201.84815	204.11040	203.13204	207.04611	204.34878	207.51012	192.18963	192.23383
7/17/2025	9:56:49 AM	203.17399	207.54348	202.96949	201.01774	200.34226	199.68058	194.96118	197.72201	196.68102	200.60280	197.85030	200.95851	185.76612	185.85680
7/17/2025	9:56:53 AM	196.48742	201.11885	196.43569	194.65995	194.21266	193.72645	188.72360	192.01320	190.86087	194.79833	192.05008	195.11932	180.06464	180.17852
7/17/2025	9:56:56 AM	190.34023	195.20460	190.50298	188.83812	188.61335	188.23762	183.07182	186.79338	185.45064	189.34895	186.62990	189.64310	174.78876	174.92265
7/17/2025	9:57:00 AM	184.76619	189.79421	185.09991	183.55166	183.48645	183.22342	177.86159	182.00707	180.51552	184.37348	181.73388	184.67127	170.08646	170.21448
7/17/2025	9:57:03 AM	179.72647	184.83553	180.24336	178.78235	178.88322	178.69299	173.18842	177.66129	176.00248	179.82095	177.23995	180.10532	165.76549	165.88534
7/17/2025	9:57:07 AM	175.04541	180.22729	175.71526	174.39272	174.63840	174.51748	168.88265	173.67184	171.90056	175.67057	173.17143	175.94706	161.88599	161.97428
7/17/2025	9:57:10 AM	170.80779	176.00552	171.58802	170.40465	170.79761	170.73055	164.95582	170.00575	168.11485	171.81011	169.39170	172.08824	158.31665	158.37837
7/17/2025	9:57:14 AM	166.98696	172.20175	167.89423	166.85680	167.37000	167.34462	161.42371	166.68289	164.70413	168.32307	166.02930	168.65070	155.19236	155.21062
7/17/2025	9:57:18 AM	163.64627	168.83795	164.63897	163.70775	164.32532	164.33594	158.31145	163.72972	161.65770	165.15610	162.95875	165.52513	152.34624	152.32642
7/17/2025	9:57:21 AM	160.54806	165.68651	161.60164	160.78273	161.48649	161.50504	155.42403	160.98105	158.84508	162.24529	160.16990	162.69714	149.76219	149.71399
7/17/2025	9:57:25 AM	157.81683	162.89794	158.92989	158.19780	158.95463	158.98149	152.85263	158.51948	156.33922	159.62236	157.63322	160.13322	147.42087	147.33335
7/17/2025	9:57:28 AM	155.34044	160.33954	156.48255	155.82755	156.63948	156.66792	150.52821	156.26664	154.03829	157.22481	155.33771	157.81607	145.30322	145.18751
7/17/2025	9:57:32 AM	153.08206	157.99839	154.24874	153.65767	154.52125	154.54432	148.38001	154.17415	151.92920	155.00856	153.19301	155.64919	143.31722	143.17225
7/17/2025	9:57:35 AM	150.95540	155.77967	152.14209	151.61080	152.51150	152.52951	146.37806	152.22259	149.96669	152.95709	151.23779	153.67265	141.50629	141.34176
7/17/2025	9:57:39 AM	149.07312	153.80642	150.27257	149.78578	150.73655	150.75039	144.61664	150.48943	148.22935	151.12664	149.47232	151.88667	139.86785	139.69383
7/17/2025	9:57:42 AM	147.34556	151.98473	148.54878	148.06911	149.04354	149.04984	142.95428	148.85033	146.60561	149.42525	147.83934	150.22096	138.33473	138.15648
7/17/2025	9:57:46 AM	145.73892	150.28048	146.93440	146.47329	147.46470	147.46849	141.41644	147.31775	145.09207	147.82775	146.30250	148.66258	136.90095	136.71995
7/17/2025	9:57:49 AM	144.21715	148.66866	145.40689	144.95883	145.96368	145.96858	139.97129	145.87809	143.67255	146.33765	144.86786	147.19176	135.54714	135.36824
7/17/2025	9:57:53 AM	142.79859	147.15221	143.97103	143.52739	144.54393	144.55573	138.62123	144.52620	142.34784	144.94781	143.53353	145.82777	134.29901	134.13142
7/17/2025	9:57:56 AM	141.51287	145.77446	142.66073	142.21857	143.24882	143.25346	137.38269	143.27379	141.12733	143.66140	142.28490	144.55106	133.12721	132.96255
7/17/2025	9:58:00 AM	140.26985	144.45508	141.41476	140.98309	142.02229	142.03247	136.23267	142.11077	139.99617	142.46914	141.13756	143.37016	132.04703	131.89512
7/17/2025	9:58:03 AM	139.13624	143.24303	140.25998	139.82323	140.86265	140.87355	135.14609	141.00457	138.91744	141.33644	140.04195	142.24654	131.02335	130.88043
7/17/2025	9:58:07 AM	138.06668	142.09770	139.17200	138.73306	139.77655	139.79095	134.13281	139.97000	137.92055	140.28373	139.01542	141.18318	130.06259	129.93543
7/17/2025	9:58:11 AM	137.05187	141.01066	138.13726	137.70255	138.74727	138.75969	133.17790	138.98883	136.96984	139.28307	138.04847	140.19040	129.17025	129.05449
7/17/2025	9:58:14 AM	136.11676	140.01944	137.19432	136.75133	137.79657	137.81377	132.29633	138.07412	136.08451	138.34655	137.13459	139.24692	128.32586	128.22131
7/17/2025	9:58:17 AM	135.22147	139.06324	136.28736	135.83911	136.88392	136.90579	131.45451	137.19527	135.22849	137.44624	136.25778	138.33714	127.51348	127.41733
7/17/2025	9:58:21 AM	134.33641	138.12539	135.39980	134.94778	135.98729	136.00614	130.62264	136.32626	134.39269	136.56435	135.39858	137.45273	126.73156	126.65069
7/17/2025	9:58:24 AM	133.49332	137.22434	134.54695	134.08514	135.12716	135.14862	129.83093	135.50154	133.59811	135.72548	134.57894	136.60257	125.98200	125.91013
7/17/2025	9:58:28 AM	132.68147	136.36070	133.72932	133.25923	134.29772	134.31794	129.06764	134.69785	132.82061	134.90473	133.77731	135.77173	125.24912	125.19502
7/17/2025	9:58:31 AM	131.89803	135.53352	132.94363	132.47074	133.50322	133.52737	128.34110	133.93186	132.08103	134.12595	133.01518	134.97838	124.54962	124.50659
7/17/2025	9:58:35 AM	131.14670	134.73351	132.18185	131.70057	132.72985	132.75920	127.64120	133.19545	131.37046	133.37897	132.28610	134.22049	123.88327	123.85450
7/17/2025	9:58:38 AM	130.42030	133.96019	131.44968	130.95894	131.98484	132.01668	126.96339	132.48296	130.68583	132.65867	131.58167	133.49119	123.24724	123.23244
7/17/2025	9:58:42 AM	129.73916	133.23537	130.76153	130.25667	131.27620	131.30697	126.31568	131.79546	130.02724	131.96739	130.90281	132.78299	122.63102	122.62634
7/17/2025	9:58:45 AM	129.05887	132.51433	130.07526	129.56625	130.57733	130.60823	125.67782	131.11710	129.37345	131.27688	130.22975	132.08748	122.02580	122.03411
7/17/2025	9:58:49 AM	128.39821	131.81446	129.40981	128.88763	129.89215	129.92377	125.05521	130.45470	128.73561	130.60996	129.57821	131.41002	121.44093	121.46203
7/17/2025	9:58:52 AM	127.77417	131.15260	128.77945	128.24729	129.25020	129.28285	124.47202	129.83066	128.13165	129.97370	128.95478	130.76208	120.88182	120.91528
7/17/2025	9:58:56 AM	127.14574	130.48828	128.14911	127.61283	128.60700	128.64042	123.89055	129.20895	127.53377	129.34229	128.33362	130.11519	120.32514	120.37197
7/17/2025	9:58:59 AM	126.53052	129.83546	127.52755	126.98159	127.97236	128.00603	123.31728	128.59782	126.94311	128.72086	127.72618	129.48100	119.77954	119.83752
7/17/2025	9:59:03 AM	125.93522	129.20863	126.93216	126.37584	127.36353	127.39877	122.76731	128.00894	126.37449	128.12540	127.14268	128.87546	119.26287	119.33287
7/17/2025	9:59:06 AM	125.36931	128.60973	126.36423	125.79642	126.78261	126.81931	122.24117	127.44379	125.82786	127.55084	126.57892	128.28744	118.76413	118.84632
7/17/2025	9:59:09 AM	124.81741	128.02803	125.81237	125.23766	126.21914	126.26186	121.73962	126.90236	125.30360	126.99756	126.03722	127.72049	118.28198	118.37342
7/17/2025	9:59:13 AM	124.27641	127.45454	125.26407	124.68586	125.65826	125.70158	121.23328	126.35756	124.77458	126.44206	125.49038	127.15132	117.79963	117.90246
7/17/2025	9:59:16 AM	123.73204	126.88337	124.71826	124.13589	125.10559	125.15094	120.73205	125.81688	124.25095	125.89000	124.94992	126.58587	117.31939	117.43297
7/17/2025	9:59:20 AM	123.19803	126.32049	124.18032	123.59167	124.55680	124.60643	120.24277	125.29228	123.74129	125.35283	124.42375	126.03894	116.85677	116.98334
7/17/2025	9:59:23 AM	122.68890	125.78363	123.67039	123.07568	124.03672	124.08818	119.77377	124.78682	123.24963	124.83747	123.91868	125.51097	116.41262	116.54806
7/17/2025	9:59:27 AM	122.18873	125.25669	123.16446	122.56735	123.52085	123.57483	119.30848	124.28364	122.76223	124.32634	123.41673	124.98783	115.97181	116.11939
7/17/2025	9:59:30 AM	121.69551	124.73981	122.67241	122.06591	123.01865	123.07657	118.86260	123.80296	122.29234	123.83237	122.93170	124.48107	115.54543	115.69967
7/17/2025	9:59:33 AM	121.21599	124.23343	122.18630	121.57533	122.52163	122.58282	118.41593	123.32056	121.82341	123.34041	122.44966	123.97786	115.12375	115.28880
7/17/2025	9:59:37 AM	120.74258	123.73505	121.71255	121.10086	122.03888	122.10459	117.98320	122.85300	121.36986	122.86485	121.98319	123.48936	114.71245	114.88747
7/17/2025	9:59:40 AM	120.27805	123.24704	121.24548	120.62457	121.55674	121.62724	117.55248	122.38398	120.91298	122.38599	121.51370	123.00167	114.30322	114.48750
7/17/2025	9:59:44 AM	119.82058	122.76544	120.78801	120.16337	121.08825	121.16226	117.13105	121.92930	120.47108	121.92230	121.05919	122.52559	113.90369	114.09569
7/17/2025	9:59:47 AM	119.35870	122.27792	120.32417	119.69267	120.61460	120.68871	116.70499	121.46889	120.02107	121.45027	120.59430	122.04183	113.49787	113.70093
7/17/2025	9:59:51 AM	118.90413	121.80061	119.86343	119.22924	120.14630	120.22711	116.28937	121.01808	119.58292	120.99100	120.14689	121.57489	113.10529	113.31744
7/17/2025	9:59:54 AM	118.47051	121.34293	119.42056	118.78244	119.69971	119.78043	115.88855	120.58227	119.15794	120.54487	119.70969	121.11672	112.72219	112.94277
7/17/2025	9:59:57 AM	118.03037	120.87952	118.97448	118.33567	119.24434	119.33352	115.48520	120.14472	118.73246	120.09940	119.27120	120.66007	112.33829	112.56864
7/17/2025	10:00:01 AM	117.59897	120.42506	118.54081	117.89392	118.80333	118.89815	115.09112	119.71529	118.31204	119.65905	118.84132	120.20980	111.96318	112.20155
7/17/2025	10:00:04 AM	117.17429	119.97650	118.10563	117.45571	118.35974	118.45622	114.69410	119.28494	117.89424	119.22099	118.41397	119.76501	111.59093	111.83690
7/17/2025	10:00:08 AM	116.75462	119.53453	117.68555	117.02506	117.92685	118.02561	114.30673	118.86401	117.48421	118.79164	117.99481	119.32911	111.22704	111.48163
7/17/2025	10:00:11 AM	116.35454	119.11313	117.28162	116.61575	117.51347	117.61588	113.93629	118.46163	117.09171	118.38026	117.59110	118.90954	110.87307	111.13484
7/17/2025	10:00:15 AM	115.94644	118.68033	116.86259	116.19796	117.09010	117.19625	113.56127	118.05327	116.69296	117.96356	117.18387	118.48399	110.51831	110.78840
7/17/2025	10:00:18 AM	115.55535	118.26789	116.46271	115.79813	116.68570	116.79348	113.19866	117.65882	116.30823	117.55974	116.78762	118.07129	110.17312	110.45131
7/17/2025	10:00:22 AM	115.15924	117.84884	116.05972	115.39436	116.27867	116.39323	112.83830	117.26461	115.92314	117.15834	116.39584	117.66250	109.83147	110.11461
7/17/2025	10:00:25 AM	114.77006	117.43688	115.66228	114.99589	115.87354	115.99864	112.48021	116.87448	115.54236	116.75743	116.00176	117.25268	109.49041	109.78251
7/17/2025	10:00:29 AM	114.38630	117.03203	115.27240	114.60010	115.47598	115.59780	112.12202	116.48134	115.16097	116.36171	115.61652	116.85153	109.15470	109.45354
7/17/2025	10:00:32 AM	114.01016	116.63312	114.89805	114.21638	115.08765	115.21472	111.77637	116.10485	114.79518	115.97816	115.24261	116.46309	108.82972	109.13204
7/17/2025	10:00:36 AM	113.64652	116.24973	114.52737	113.84420	114.71014	114.83722	111.43624	115.73448	114.43217	115.59923	114.87177	116.07603	108.50872	108.81667
7/17/2025	10:00:39 AM	113.28124	115.86342	114.15683	113.47666	114.33752	114.46790	111.10422	115.37017	114.07715	115.22780	114.50999	115.70243	108.19583	108.50930
7/17/2025	10:00:43 AM	112.92921	115.48969	113.79593	113.11012	113.97021	114.10077	110.77375	115.00895	113.72404	114.85924	114.15039	115.32877	107.88385	108.20097
7/17/2025	10:00:46 AM	112.57066	115.10978	113.43497	112.75017	113.60169	113.73253	110.44118	114.64832	113.37435	114.49404	113.79203	114.95698	107.57360	107.89675
7/17/2025	10:00:50 AM	112.22392	114.74366	113.08503	112.39546	113.24254	113.37384	110.11851	114.29437	113.02939	114.13338	113.43990	114.59151	107.27021	107.59778
7/17/2025	10:00:53 AM	111.88470	114.38160	112.73244	112.04047	112.88938	113.02367	109.80189	113.94839	112.69178	113.78044	113.09648	114.23693	106.97376	107.30499
7/17/2025	10:00:56 AM	111.55007	114.02515	112.39483	111.69823	112.54342	112.68535	109.49199	113.60796	112.35997	113.43396	112.75803	113.88661	106.68366	107.01870
7/17/2025	10:01:00 AM	111.21192	113.67034	112.04926	111.35831	112.19836	112.34544	109.18237	113.26769	112.02802	113.08568	112.42079	113.53659	106.39225	106.73015
7/17/2025	10:01:03 AM	110.88663	113.32379	111.71219	111.02268	111.86228	112.00594	108.87637	112.93069	111.69949	112.74181	112.08589	113.18943	106.10277	106.44457
7/17/2025	10:01:07 AM	110.55513	112.97209	111.36658	110.68453	111.52021	111.66467	108.57097	112.59466	111.37198	112.39964	111.75187	112.84387	105.81566	106.16079
7/17/2025	10:01:10 AM	110.23930	112.63612	111.04094	110.36366	111.19444	111.33909	108.27721	112.27097	111.05656	112.07108	111.43279	112.51306	105.53926	105.88395
7/17/2025	10:01:14 AM	109.91958	112.29526	110.71603	110.03423	110.86188	111.01166	107.97972	111.94481	110.73796	111.73773	111.10772	112.17646	105.25986	105.60614
7/17/2025	10:01:17 AM	109.60848	111.96631	110.40435	109.72117	110.54341	110.69447	107.69329	111.63100	110.43080	111.41722	110.79461	111.85301	104.99028	105.33737
7/17/2025	10:01:20 AM	109.30410	111.64150	110.09038	109.41526	110.22688	110.38211	107.41073	111.31882	110.12800	111.10056	110.48618	111.53494	104.72511	105.07505
7/17/2025	10:01:24 AM	109.00364	111.32015	109.77511	109.10669	109.91675	110.07359	107.13194	111.01122	109.82675	110.78360	110.17712	111.21559	104.45874	104.81123
7/17/2025	10:01:27 AM	108.69692	110.99249	109.46688	108.79332	109.59897	109.75674	106.84374	110.69616	109.52081	110.46570	109.86775	110.89644	104.19357	104.54861
7/17/2025	10:01:31 AM	108.40395	110.68076	109.15848	108.49483	109.29539	109.45589	106.57104	110.39479	109.22743	110.15886	109.56792	110.58677	103.93459	104.29150
7/17/2025	10:01:34 AM	108.10208	110.35772	108.84867	108.18552	108.98354	109.14682	106.29019	110.08607	108.92809	109.84670	109.26476	110.27372	103.67284	104.03158
7/17/2025	10:01:38 AM	107.81612	110.04807	108.54660	107.89082	108.68315	108.84707	106.01646	109.78336	108.63386	109.54014	108.96596	109.96762	103.41549	103.77758
7/17/2025	10:01:41 AM	107.52224	109.73688	108.24064	107.59270	108.37944	108.54506	105.74402	109.48404	108.34259	109.23614	108.67092	109.66309	103.16172	103.52555
7/17/2025	10:01:45 AM	107.23487	109.43282	107.94892	107.30597	108.08184	108.25290	105.47787	109.18991	108.05692	108.93813	108.38073	109.36341	102.90983	103.27522
7/17/2025	10:01:48 AM	106.95163	109.12655	107.66210	107.01575	107.78809	107.95993	105.20842	108.89251	107.76806	108.63577	108.08614	109.06103	102.65961	103.02583
7/17/2025	10:01:52 AM	106.66848	108.82631	107.37220	106.72751	107.50078	107.67424	104.94806	108.60595	107.48980	108.34698	107.80609	108.77192	102.41665	102.78459
7/17/2025	10:01:55 AM	106.39903	108.53783	107.09165	106.45322	107.21976	107.39453	104.69393	108.32557	107.21806	108.06371	107.53020	108.48861	102.18010	102.54970
7/17/2025	10:01:58 AM	106.13421	108.25309	106.81546	106.18178	106.94565	107.12351	104.44518	108.04970	106.94843	107.78095	107.25302	108.20259	101.94112	102.31157
7/17/2025	10:02:02 AM	105.86095	107.95825	106.53284	105.90132	106.65958	106.84293	104.18892	107.76775	106.67649	107.49700	106.97706	107.92008	101.70341	102.07616
7/17/2025	10:02:05 AM	105.59806	107.67776	106.26162	105.63017	106.38584	106.57290	103.94329	107.49712	106.41325	107.22340	106.71086	107.64627	101.47517	101.84903
7/17/2025	10:02:09 AM	105.33985	107.40297	105.99817	105.37201	106.12157	106.30808	103.70280	107.23139	106.15393	106.95259	106.44614	107.37269	101.24759	101.62071
7/17/2025	10:02:12 AM	105.07995	107.12135	105.73138	105.10682	105.85101	106.03704	103.45665	106.95662	105.88742	106.67501	106.17709	107.09530	101.01721	101.39221
7/17/2025	10:02:16 AM	104.82298	106.84480	105.46518	104.84653	105.58593	105.77426	103.21773	106.69235	105.63213	106.40691	105.91662	106.82771	100.79540	101.17059
7/17/2025	10:02:19 AM	104.56590	106.56444	105.20206	104.58336	105.31540	105.50997	102.97613	106.42375	105.36969	106.13343	105.64906	106.55418	100.56520	100.94040
7/17/2025	10:02:23 AM	104.30656	106.28632	104.94198	104.32286	105.05171	105.24590	102.73318	106.15466	105.11027	105.86186	105.38399	106.28149	100.34132	100.71649
7/17/2025	10:02:26 AM	104.05764	106.02178	104.68770	104.07284	104.79516	104.99160	102.50224	105.89809	104.86098	105.60244	105.13234	106.02284	100.12549	100.50219
7/17/2025	10:02:30 AM	103.81050	105.75354	104.42837	103.82273	104.53974	104.73917	102.27200	105.64011	104.60973	105.33894	104.87355	105.75610	99.90347	100.27997
7/17/2025	10:02:33 AM	103.55810	105.48308	104.16670	103.56829	104.27830	104.48157	102.03617	105.37862	104.35667	105.07497	104.61644	105.49255	99.68506	100.05973
7/17/2025	10:02:37 AM	103.30919	105.21544	103.90465	103.31257	104.01952	104.22308	101.79986	105.11629	104.10239	104.80993	104.35733	105.22718	99.46309	99.83620
7/17/2025	10:02:41 AM	103.06388	104.95174	103.65280	103.06285	103.76733	103.97146	101.56852	104.85993	103.85337	104.55024	104.10402	104.96863	99.24817	99.62196
7/17/2025	10:02:44 AM	102.82218	104.69058	103.40973	102.82381	103.52605	103.72961	101.34672	104.61115	103.61252	104.29825	103.85731	104.71553	99.03606	99.40916
7/17/2025	10:02:48 AM	102.57802	104.42682	103.14987	102.57409	103.27114	103.47842	101.11742	104.35519	103.36435	104.03945	103.60438	104.45583	98.82079	99.19268
7/17/2025	10:02:51 AM	102.33969	104.17117	102.90649	102.33385	103.02658	103.23656	100.89358	104.10592	103.12289	103.78813	103.35876	104.20497	98.61004	98.98200
7/17/2025	10:02:55 AM	102.10534	103.91950	102.66209	102.09963	102.78538	102.99844	100.67518	103.86380	102.88754	103.54320	103.11977	103.96059	98.40592	98.77787
7/17/2025	10:02:58 AM	101.87311	103.66828	102.42249	101.86502	102.54377	102.76002	100.45608	103.61715	102.64965	103.29320	102.87655	103.71192	98.20064	98.57090
7/17/2025	10:03:02 AM	101.63906	103.41927	102.18213	101.63146	102.30780	102.52466	100.24138	103.37833	102.41889	103.05369	102.64520	103.47564	98.00545	98.37466
7/17/2025	10:03:06 AM	101.42171	103.18733	101.95958	101.41639	102.08585	102.30456	100.03889	103.14999	102.19797	102.82214	102.41864	103.24327	97.81452	98.18095
7/17/2025	10:03:09 AM	101.20073	102.95024	101.72620	101.18833	101.85640	102.07720	99.83073	102.91610	101.97116	102.58482	102.18653	103.00552	97.61651	97.98235
7/17/2025	10:03:13 AM	100.97967	102.71077	101.49692	100.96851	101.63169	101.85338	99.62450	102.68550	101.74860	102.35302	101.95990	102.77553	97.42671	97.79199
7/17/2025	10:03:16 AM	100.76662	102.47809	101.27626	100.74916	101.41277	101.63507	99.42336	102.45989	101.52989	102.12498	101.73750	102.54706	97.23672	97.59965
7/17/2025	10:03:20 AM	100.54909	102.24306	101.05462	100.53124	101.18843	101.41056	99.21746	102.22919	101.30800	101.89315	101.51124	102.31638	97.04451	97.40529
7/17/2025	10:03:24 AM	100.33349	102.01255	100.83431	100.31535	100.96651	101.19208	99.01464	102.00292	101.08946	101.66617	101.28943	102.09089	96.85681	97.21799
7/17/2025	10:03:27 AM	100.12215	101.78453	100.61893	100.10357	100.75275	100.97965	98.82050	101.78634	100.88017	101.44777	101.07635	101.87388	96.67887	97.03585
7/17/2025	10:03:31 AM	99.92161	101.57119	100.41504	99.90609	100.54659	100.77655	98.63280	101.57466	100.67609	101.23459	100.86798	101.66078	96.50403	96.85917
7/17/2025	10:03:34 AM	99.72067	101.35355	100.20826	99.70377	100.34009	100.56852	98.44401	101.36272	100.47033	101.01978	100.65836	101.44705	96.32678	96.68003
7/17/2025	10:03:38 AM	99.51972	101.13549	99.99436	99.49595	100.13361	100.36201	98.25432	101.15015	100.26483	100.80601	100.44846	101.23288	96.14958	96.49968
7/17/2025	10:03:41 AM	99.31804	100.91623	99.77617	99.28680	99.92459	100.15442	98.06227	100.93345	100.05516	100.58714	100.23454	101.01445	95.96982	96.31811
7/17/2025	10:03:45 AM	99.11701	100.69851	99.57524	99.09010	99.72010	99.95107	97.87605	100.72489	99.85504	100.37797	100.03115	100.80703	95.79733	96.14319
7/17/2025	10:03:49 AM	98.92182	100.48674	99.36988	98.89110	99.51726	99.74980	97.69115	100.51686	99.65397	100.16968	99.82603	100.59857	95.62530	95.96938
7/17/2025	10:03:52 AM	98.72649	100.27628	99.17187	98.69179	99.31793	99.55025	97.50732	100.31005	99.45436	99.96068	99.62157	100.38906	95.45217	95.79467
7/17/2025	10:03:56 AM	98.53492	100.07273	98.97529	98.50195	99.12541	99.36029	97.33181	100.11215	99.26331	99.76267	99.42716	100.19072	95.28763	95.62741
7/17/2025	10:03:59 AM	98.34882	99.87050	98.78217	98.31225	98.93379	99.16752	97.15454	99.91221	99.07109	99.56126	99.22960	99.98961	95.12123	95.45912
7/17/2025	10:04:03 AM	98.16120	99.66912	98.58666	98.12836	98.74090	98.97681	96.98035	99.71669	98.88349	99.36567	99.03961	99.79653	94.96315	95.29876
7/17/2025	10:04:07 AM	97.98095	99.46993	98.40228	97.94608	98.55279	98.78848	96.80756	99.52098	98.69438	99.16972	98.84784	99.59970	94.80221	95.13478
7/17/2025	10:04:10 AM	97.80024	99.27710	98.21618	97.75775	98.36866	98.60393	96.63854	99.33029	98.51170	98.97806	98.66084	99.41019	94.64509	94.97653
7/17/2025	10:04:14 AM	97.62274	99.08685	98.03268	97.57417	98.18554	98.42172	96.47054	99.13943	98.32851	98.78740	98.47326	99.22008	94.48900	94.81797
7/17/2025	10:04:17 AM	97.44291	98.89015	97.85251	97.39622	98.00463	98.23952	96.30264	98.95147	98.14726	98.59868	98.28853	99.03244	94.33415	94.65986
7/17/2025	10:04:21 AM	97.26831	98.70250	97.66894	97.21975	97.82389	98.05877	96.13772	98.76400	97.96603	98.41032	98.10325	98.84262	94.17747	94.50175
7/17/2025	10:04:25 AM	97.09204	98.51789	97.48887	97.04709	97.64284	97.87833	95.97154	98.57656	97.78602	98.22413	97.92028	98.65740	94.02412	94.34658
7/17/2025	10:04:28 AM	96.91953	98.33322	97.30625	96.87462	97.46569	97.70110	95.80864	98.39293	97.60960	98.04014	97.74015	98.47513	93.87347	94.19261
7/17/2025	10:04:32 AM	96.74837	98.14914	97.13151	96.70361	97.29188	97.52716	95.64904	98.21225	97.43726	97.86043	97.56416	98.29716	93.72725	94.04435
7/17/2025	10:04:35 AM	96.58849	97.97236	96.96446	96.53908	97.12519	97.36161	95.49561	98.03964	97.27114	97.68832	97.39456	98.12414	93.58506	93.89850
7/17/2025	10:04:39 AM	96.42508	97.79496	96.79508	96.37250	96.95590	97.19183	95.33996	97.86219	97.10074	97.51031	97.21966	97.94593	93.43924	93.75037
7/17/2025	10:04:43 AM	96.26170	97.61872	96.62220	96.20962	96.78718	97.02299	95.18368	97.68564	96.93179	97.33523	97.04807	97.77288	93.29710	93.60423
7/17/2025	10:04:46 AM	96.09986	97.44556	96.45544	96.04558	96.62101	96.85658	95.03084	97.51127	96.76433	97.16052	96.87755	97.59846	93.15480	93.46024
7/17/2025	10:04:50 AM	95.94121	97.27655	96.29151	95.88512	96.46283	96.69600	94.88245	97.34459	96.60483	96.99500	96.71352	97.43301	93.01877	93.32005
7/17/2025	10:04:53 AM	95.78321	97.10686	96.12873	95.72182	96.30189	96.53505	94.73557	97.17664	96.44368	96.82760	96.54978	97.26589	92.88335	93.18174
7/17/2025	10:04:57 AM	95.62894	96.94256	95.97120	95.57002	96.14424	96.37846	94.59011	97.01075	96.28486	96.66128	96.38626	97.09982	92.74801	93.04429
7/17/2025	10:05:00 AM	95.47899	96.78079	95.81195	95.41673	95.99336	96.22727	94.45065	96.85206	96.13328	96.50482	96.23220	96.94449	92.62078	92.91370
7/17/2025	10:05:04 AM	95.33132	96.62219	95.65700	95.26617	95.83917	96.07340	94.30990	96.69260	95.97935	96.34466	96.07416	96.78329	92.48820	92.77875
7/17/2025	10:05:07 AM	95.17691	96.45439	95.49807	95.11073	95.68022	95.91347	94.16280	96.52608	95.81963	96.17777	95.91002	96.61699	92.35137	92.63893
7/17/2025	10:05:11 AM	95.02268	96.29422	95.34787	94.96237	95.52903	95.76306	94.02362	96.36807	95.66870	96.02209	95.75529	96.45931	92.22329	92.50890
7/17/2025	10:05:15 AM	94.87585	96.13118	95.19147	94.81413	95.37876	95.61060	93.88293	96.20834	95.51648	95.86425	95.59945	96.30212	92.09191	92.37445
7/17/2025	10:05:18 AM	94.72711	95.97179	95.03817	94.66002	95.22472	95.45790	93.74195	96.04828	95.36242	95.70454	95.44205	96.14395	91.96279	92.24289
7/17/2025	10:05:22 AM	94.58631	95.81996	94.89113	94.51508	95.07946	95.31321	93.60789	95.89540	95.21590	95.55234	95.29306	95.99248	91.83834	92.11715
7/17/2025	10:05:26 AM	94.44646	95.67037	94.74530	94.37475	94.93767	95.16888	93.47367	95.74355	95.07068	95.40097	95.14299	95.84075	91.71473	91.98871
7/17/2025	10:05:29 AM	94.30532	95.51348	94.59693	94.23120	94.78969	95.02291	93.33887	95.58980	94.92421	95.24945	94.99367	95.69068	91.59131	91.86266
7/17/2025	10:05:33 AM	94.16595	95.36157	94.45779	94.09059	94.64690	94.88042	93.20843	95.44185	94.78246	95.10323	94.85018	95.54560	91.47212	91.74128
7/17/2025	10:05:36 AM	94.03029	95.21499	94.32645	93.95799	94.51141	94.74453	93.08078	95.29660	94.64353	94.96038	94.70626	95.39986	91.35291	91.61894
7/17/2025	10:05:40 AM	93.89380	95.06162	94.18295	93.82359	94.37119	94.60555	92.95282	95.15075	94.50421	94.81561	94.56295	95.25216	91.23415	91.49728
7/17/2025	10:05:44 AM	93.76152	94.92410	94.04146	93.69267	94.23638	94.46938	92.82747	95.00756	94.36744	94.67238	94.42287	95.11184	91.11890	91.37974
7/17/2025	10:05:47 AM	93.63043	94.78368	93.90820	93.56179	94.10317	94.33552	92.70488	94.86806	94.23447	94.53423	94.28720	94.97389	91.00711	91.26443
7/17/2025	10:05:51 AM	93.50454	94.64029	93.77459	93.43360	93.97100	94.20392	92.58344	94.72786	94.10125	94.39489	94.15100	94.83585	90.89556	91.15055
7/17/2025	10:05:54 AM	93.38208	94.50328	93.64689	93.30762	93.84446	94.07619	92.46591	94.59333	93.97266	94.26068	94.01933	94.70269	90.78720	91.03987
7/17/2025	10:05:58 AM	93.25435	94.36405	93.52153	93.18060	93.71672	93.94754	92.34735	94.45746	93.84300	94.12590	93.88662	94.56818	90.67715	90.92725
7/17/2025	10:06:01 AM	93.12599	94.22841	93.39104	93.05496	93.58845	93.82021	92.23008	94.32354	93.71554	93.99352	93.75513	94.43459	90.56937	90.81656
7/17/2025	10:06:05 AM	93.00193	94.10066	93.26962	92.93748	93.46511	93.69664	92.11588	94.19285	93.59079	93.86389	93.62792	94.30543	90.46582	90.70983
7/17/2025	10:06:09 AM	92.87942	93.97060	93.14278	92.81489	93.33930	93.57119	92.00015	94.06066	93.46520	93.73344	93.49917	94.17466	90.35861	90.60046
7/17/2025	10:06:12 AM	92.76175	93.84315	93.01909	92.69641	93.21680	93.44973	91.88867	93.93200	93.34330	93.60678	93.37613	94.04928	90.25765	90.49681
7/17/2025	10:06:16 AM	92.64930	93.71764	92.90214	92.58154	93.09993	93.33116	91.77931	93.80592	93.22393	93.48327	93.25158	93.92348	90.15695	90.39274
7/17/2025	10:06:19 AM	92.52991	93.58732	92.78168	92.46657	92.97871	93.21016	91.66684	93.67749	93.10097	93.35664	93.12640	93.79692	90.05306	90.28643
7/17/2025	10:06:23 AM	92.40767	93.45863	92.66310	92.34795	92.85976	93.08377	91.54428	93.51022	92.92142	93.13508	92.86625	93.51615	89.93715	90.11818
7/17/2025	10:06:26 AM	92.14708	93.26411	92.55479	92.18894	92.79240	92.97085	91.39804	93.14748	92.49930	92.64431	92.29916	93.04077	89.81490	89.91078
7/17/2025	10:06:30 AM	91.80594	93.09343	92.48460	92.20544	92.79718	92.89568	91.17871	92.80268	92.05171	92.21424	91.89416	92.59800	89.59250	89.61896
7/17/2025	10:06:34 AM	91.57561	92.89455	92.33264	92.11626	92.71149	92.67688	90.85406	92.28612	91.47829	91.53393	91.11037	83.90848	88.99874	88.92985
7/17/2025	10:06:37 AM	90.91679	92.16921	91.70616	91.45175	92.13967	92.04996	90.38187	91.80938	90.79541	91.03306	90.62886	79.88838	88.69379	88.62109
7/17/2025	10:06:41 AM	90.66818	91.99591	91.56757	91.40821	92.10559	92.02184	90.25017	91.62345	90.60265	90.82697	90.47519	80.14269	88.56393	88.45754
7/17/2025	10:06:44 AM	90.49967	91.88331	91.47340	91.37511	92.06256	91.97266	90.14053	91.46824	90.48613	90.63273	90.30113	80.90397	88.42927	88.29873
7/17/2025	10:06:48 AM	90.30744	91.73934	91.35223	91.29000	91.97643	91.87501	90.00874	91.29547	90.34948	90.41673	90.09222	81.89334	88.27132	88.12573
7/17/2025	10:06:51 AM	90.09853	91.56617	91.20897	91.18064	91.87218	91.76250	89.88013	91.13138	90.20313	90.20886	89.88886	82.94443	88.12547	87.96692
7/17/2025	10:06:55 AM	89.90368	91.40475	91.08060	91.08088	91.78221	91.66184	89.76590	90.98411	90.05870	90.01396	89.69873	83.76222	88.00145	87.83186
7/17/2025	10:06:58 AM	89.73642	91.26967	90.97486	90.99898	91.71167	91.58117	89.67439	90.86355	89.93322	89.84416	89.53862	84.42432	87.90418	87.72187
7/17/2025	10:07:02 AM	89.59329	91.15137	90.87960	90.92266	91.64316	91.50189	89.59007	90.75192	89.81445	89.69183	89.39554	85.02599	87.81425	87.62051
7/17/2025	10:07:05 AM	89.45869	91.03532	90.78136	90.83727	91.56397	91.40915	89.49557	90.63174	89.68830	89.53655	89.25204	85.63413	87.71664	87.51459
7/17/2025	10:07:09 AM	89.32043	90.91020	90.67208	90.74008	91.47238	91.30645	89.39682	90.51034	89.55923	89.38636	89.10962	86.14049	87.62077	87.41034
7/17/2025	10:07:12 AM	89.18829	90.78790	90.56325	90.64223	91.37804	91.20039	89.29517	90.38960	89.43197	89.23904	88.97183	86.50947	87.52242	87.30510
7/17/2025	10:07:16 AM	89.05421	90.65820	90.44599	90.53487	91.27481	91.08653	89.18679	90.26241	89.29841	89.09271	88.83372	86.77603	87.42210	87.19964
7/17/2025	10:07:19 AM	88.92262	90.53178	90.33199	90.43027	91.17345	90.97690	89.08298	90.14175	89.17349	88.95354	88.70342	87.06740	87.32516	87.09755
7/17/2025	10:07:23 AM	88.79843	90.40953	90.22042	90.32608	91.07048	90.86613	88.97859	90.01915	89.04714	88.81628	88.57231	87.27125	87.22754	86.99517
7/17/2025	10:07:26 AM	88.67169	90.28318	90.10419	90.21832	90.96276	90.75114	88.87184	89.89519	88.92253	88.68186	88.44460	87.37221	87.13104	86.89421
7/17/2025	10:07:29 AM	88.55036	90.15994	89.99051	90.11101	90.85700	90.63854	88.76777	89.77478	88.79887	88.55120	88.31918	87.41872	87.03423	86.79446
7/17/2025	10:07:33 AM	88.43403	90.04056	89.87823	90.00603	90.75204	90.52758	88.66660	89.65804	88.68174	88.42712	88.20038	87.51195	86.94231	86.69906
7/17/2025	10:07:36 AM	88.32364	89.92662	89.77388	89.90708	90.65282	90.42310	88.57065	89.54937	88.57076	88.31003	88.08920	87.54532	86.85536	86.60983
7/17/2025	10:07:40 AM	88.21679	89.81462	89.66958	89.80688	90.55191	90.31698	88.47305	89.43652	88.45808	88.19083	87.97444	87.53434	86.76463	86.51622
7/17/2025	10:07:43 AM	88.10683	89.69921	89.56297	89.70445	90.44834	90.20875	88.37326	89.32452	88.34633	88.07438	87.86219	87.49865	86.67462	86.42446
7/17/2025	10:07:47 AM	87.99817	89.58522	89.45589	89.60237	90.34389	90.10097	88.27677	89.21423	88.23708	87.96015	87.75170	87.45835	86.58823	86.33610
7/17/2025	10:07:50 AM	87.89832	89.47909	89.35654	89.50781	90.24769	90.00055	88.18735	89.11184	88.13626	87.85562	87.65057	87.42487	86.50660	86.25284
7/17/2025	10:07:54 AM	87.80152	89.37464	89.25790	89.41417	90.15132	89.90081	88.09718	89.00959	88.03545	87.75067	87.54867	87.38711	86.42440	86.16922
7/17/2025	10:07:57 AM	87.70285	89.26821	89.15734	89.31830	90.05353	89.80006	88.00613	88.90701	87.93581	87.64683	87.44878	87.34385	86.34277	86.08605
7/17/2025	10:08:01 AM	87.60600	89.16406	89.05633	89.22340	89.95503	89.69823	87.91594	88.80395	87.83689	87.54514	87.34884	87.29854	86.26161	86.00321
7/17/2025	10:08:04 AM	87.51231	89.06134	88.95926	89.13033	89.85905	89.59871	87.82589	88.70223	87.73769	87.44291	87.25002	87.25234	86.17980	85.92121
7/17/2025	10:08:08 AM	87.41747	88.95782	88.86175	89.03515	89.76079	89.49845	87.73560	88.60160	87.64124	87.34468	87.15337	87.20810	86.09922	85.83960
7/17/2025	10:08:11 AM	87.32546	88.85674	88.76694	88.94370	89.66594	89.40262	87.65210	88.50648	87.55133	87.25377	87.06422	87.16684	86.02583	85.76577
7/17/2025	10:08:15 AM	87.24186	88.76353	88.67758	88.85766	89.57758	89.31287	87.57270	88.41655	87.46523	87.16656	86.97781	87.12331	85.95409	85.69384
7/17/2025	10:08:18 AM	87.15663	88.66864	88.59021	88.77183	89.48749	89.22208	87.49243	88.32607	87.37956	87.07864	86.89108	87.07518	85.88269	85.62105
7/17/2025	10:08:21 AM	87.07683	88.57764	88.50320	88.68829	89.40035	89.13355	87.41338	88.23704	87.29565	86.99329	86.80818	87.02624	85.81273	85.55195
7/17/2025	10:08:25 AM	86.99630	88.48854	88.41918	88.60559	89.31364	89.04554	87.33757	88.14983	87.21475	86.91091	86.72725	86.97625	85.74602	85.48422
7/17/2025	10:08:28 AM	86.91698	88.39865	88.33457	88.52346	89.22770	88.95937	87.26232	88.06518	87.13554	86.83037	86.64606	86.92481	85.67991	85.41773
7/17/2025	10:08:32 AM	86.83964	88.31139	88.25278	88.44339	89.14290	88.87445	87.18760	87.98121	87.05617	86.75078	86.56742	86.87031	85.61388	85.35166
7/17/2025	10:08:35 AM	86.76424	88.22592	88.17069	88.36266	89.05795	88.78966	87.11370	87.89688	86.97800	86.67159	86.48777	86.81437	85.54841	85.28642
7/17/2025	10:08:39 AM	86.68933	88.14015	88.09016	88.28324	88.97390	88.70455	87.04015	87.81351	86.90053	86.59346	86.40972	86.75802	85.48313	85.22185
7/17/2025	10:08:42 AM	86.61652	88.05875	88.01231	88.20596	88.89283	88.62429	86.97084	87.73422	86.82812	86.51984	86.33549	86.70353	85.42131	85.16000
7/17/2025	10:08:46 AM	86.54473	87.97684	87.93577	88.13037	88.81280	88.54372	86.90044	87.65436	86.75351	86.44577	86.26106	86.64709	85.36048	85.09842
7/17/2025	10:08:49 AM	86.47436	87.89679	87.86049	88.05622	88.73525	88.46592	86.83200	87.57782	86.68191	86.37331	86.18724	86.59173	85.30129	85.03917
7/17/2025	10:08:53 AM	86.40553	87.81916	87.78744	87.98328	88.65788	88.38873	86.76464	87.50091	86.61177	86.30187	86.11620	86.53646	85.24156	84.97928
7/17/2025	10:08:56 AM	86.33861	87.74209	87.71397	87.91017	88.58062	88.31112	86.69670	87.42426	86.54213	86.23249	86.04624	86.48194	85.18267	84.92111
7/17/2025	10:08:59 AM	86.27013	87.66507	87.63963	87.83798	88.50347	88.23474	86.63074	87.34981	86.47404	86.16367	85.97715	86.42690	85.12511	84.86341
7/17/2025	10:09:03 AM	86.20505	87.59052	87.56883	87.76741	88.42928	88.16119	86.56643	87.27728	86.40745	86.09740	85.91041	86.37236	85.06880	84.80702
7/17/2025	10:09:06 AM	86.14007	87.51681	87.49827	87.69724	88.35459	88.08637	86.50145	87.20394	86.34062	86.03049	85.84222	86.31717	85.01161	84.75104
7/17/2025	10:09:10 AM	86.07489	87.44314	87.42709	87.62668	88.28030	88.01317	86.43701	87.13176	86.27476	85.96512	85.77666	86.26134	84.95575	84.69518
7/17/2025	10:09:13 AM	86.01220	87.37087	87.35870	87.55883	88.20836	87.94077	86.37384	87.05855	86.20867	85.90011	85.70988	86.20621	84.89980	84.63944
7/17/2025	10:09:17 AM	85.94938	87.29835	87.28868	87.48966	88.13473	87.86781	86.31023	86.98662	86.14522	85.83662	85.64624	86.15288	84.84436	84.58424
7/17/2025	10:09:20 AM	85.88555	87.22486	87.21828	87.41893	88.06037	87.79428	86.24656	86.91407	86.07995	85.77236	85.58131	86.09829	84.78943	84.52975
7/17/2025	10:09:23 AM	85.82579	87.15680	87.15385	87.35438	87.99189	87.72749	86.18897	86.84867	86.02134	85.71451	85.52354	86.04968	84.73887	84.48077
7/17/2025	10:09:27 AM	85.76947	87.09188	87.09127	87.29176	87.92507	87.66169	86.13233	86.78322	85.96356	85.65728	85.46643	85.99974	84.68948	84.43143
7/17/2025	10:09:30 AM	85.71229	87.02647	87.02792	87.22810	87.85738	87.59329	86.07316	86.71651	85.90299	85.59680	85.40444	85.94672	84.63689	84.37871
7/17/2025	10:09:34 AM	85.65236	86.95745	86.96151	87.16162	87.78703	87.52455	86.01352	86.64985	85.84398	85.53891	85.34573	85.89651	84.58623	84.32921
7/17/2025	10:09:37 AM	85.59584	86.89281	86.90046	87.10168	87.72321	87.46123	85.95941	86.58792	85.78957	85.48464	85.29260	85.84840	84.53927	84.28248
7/17/2025	10:09:41 AM	85.54297	86.83168	86.84131	87.04174	87.65926	87.39862	85.90575	86.52703	85.73461	85.43008	85.23723	85.80058	84.49211	84.23611
7/17/2025	10:09:44 AM	85.48967	86.76876	86.78088	86.98118	87.59492	87.33526	85.85088	86.46522	85.67997	85.37594	85.18246	85.75276	84.44566	84.18967
7/17/2025	10:09:48 AM	85.43718	86.70829	86.72393	86.92453	87.53367	87.27472	85.79914	86.40655	85.62711	85.32467	85.13065	85.70637	84.40076	84.14595
7/17/2025	10:09:51 AM	85.38915	86.65163	86.66867	86.86844	87.47385	87.21617	85.74869	86.34976	85.57731	85.27503	85.08038	85.66088	84.35643	84.10185
7/17/2025	10:09:54 AM	85.33781	86.59252	86.61108	86.81097	87.41243	87.15532	85.69598	86.29062	85.52476	85.22294	85.02766	85.61379	84.31104	84.05710
7/17/2025	10:09:58 AM	85.28713	86.53377	86.55457	86.75473	87.35138	87.09560	85.64442	86.23212	85.47263	85.17149	84.97534	85.56698	84.26511	84.01254
7/17/2025	10:10:01 AM	85.23536	86.47304	86.49611	86.69484	87.28834	87.03359	85.59080	86.17236	85.41958	85.11978	84.92250	85.51837	84.21925	83.96678
7/17/2025	10:10:05 AM	85.18453	86.41485	86.43953	86.63819	87.22805	86.97484	85.53999	86.11630	85.37010	85.07063	84.87342	85.47366	84.17603	83.92410
7/17/2025	10:10:08 AM	85.13604	86.35845	86.38614	86.58447	87.16980	86.91766	85.49127	86.06124	85.32172	85.02352	84.82670	85.43014	84.13406	83.88304
7/17/2025	10:10:12 AM	85.08974	86.30476	86.33394	86.53209	87.11421	86.86327	85.44419	86.00944	85.27492	84.97792	84.78025	85.38779	84.09402	83.84343
7/17/2025	10:10:15 AM	85.04462	86.25181	86.28201	86.47985	87.05753	86.80761	85.39666	85.95530	85.22756	84.93133	84.73372	85.34424	84.05317	83.80323
7/17/2025	10:10:19 AM	85.00002	86.19904	86.23131	86.42929	87.00413	86.75541	85.35222	85.90662	85.18425	84.88860	84.69115	85.30437	84.01574	83.76639
7/17/2025	10:10:22 AM	84.95770	86.14926	86.18318	86.38095	86.95173	86.70375	85.30843	85.85718	85.14183	84.84660	84.64823	85.26514	83.97925	83.73031
7/17/2025	10:10:26 AM	84.91846	86.10336	86.13842	86.33603	86.90455	86.65740	85.27042	85.81391	85.10344	84.80888	84.61227	85.23115	83.94720	83.69995
7/17/2025	10:10:29 AM	84.88080	86.05854	86.09497	86.29229	86.85640	86.61084	85.23082	85.76835	85.06420	84.77001	84.57243	85.19308	83.91311	83.66621
7/17/2025	10:10:33 AM	84.84150	86.01302	86.05041	86.24804	86.80824	86.56350	85.19154	85.72336	85.02528	84.73132	84.53397	85.15737	83.88016	83.63404
7/17/2025	10:10:36 AM	84.80375	85.96844	86.00721	86.20472	86.76122	86.51839	85.15336	85.68065	84.98711	84.69368	84.49557	85.12154	83.84783	83.60159
7/17/2025	10:10:39 AM	84.76659	85.92443	85.96451	86.16153	86.71422	86.47186	85.11471	85.63629	84.94958	84.65673	84.45796	85.08554	83.81468	83.56934
7/17/2025	10:10:43 AM	84.72919	85.87969	85.92022	86.11719	86.66626	86.42510	85.07551	85.59205	84.91067	84.61814	84.41928	85.04889	83.78142	83.53627
7/17/2025	10:10:46 AM	84.69108	85.83578	85.87724	86.07365	86.61934	86.37996	85.03698	85.54842	84.87124	84.58065	84.38130	85.01231	83.74797	83.50379
7/17/2025	10:10:50 AM	84.65322	85.79132	85.83445	86.02990	86.57246	86.33376	84.99802	85.50449	84.83341	84.54334	84.34346	84.97592	83.71508	83.47184
7/17/2025	10:10:53 AM	84.61601	85.74828	85.79183	85.98711	86.52644	86.28947	84.96049	85.46150	84.79664	84.50703	84.30709	84.94179	83.68350	83.43972
7/17/2025	10:10:56 AM	84.58063	85.70644	85.75105	85.94623	86.48277	86.24633	84.92370	85.42027	84.76022	84.47130	84.27135	84.90646	83.65178	83.40887
7/17/2025	10:11:00 AM	84.54351	85.66331	85.70863	85.90336	86.43603	86.20075	84.88528	85.37740	84.72235	84.43459	84.23408	84.87140	83.61942	83.37708
7/17/2025	10:11:03 AM	84.50801	85.62111	85.66695	85.86110	86.39029	86.15645	84.84755	85.33503	84.68529	84.39889	84.19787	84.83563	83.58679	83.34506
7/17/2025	10:11:07 AM	84.47150	85.57875	85.62575	85.81908	86.34510	86.11267	84.81092	85.29432	84.64969	84.36369	84.16236	84.80204	83.55556	83.31463
7/17/2025	10:11:10 AM	84.43712	85.53746	85.58487	85.77773	86.30042	86.06896	84.77312	85.25258	84.61335	84.32740	84.12562	84.76535	83.52266	83.28182
7/17/2025	10:11:14 AM	84.39947	85.49350	85.54171	85.73379	86.25307	86.02367	84.73478	85.20921	84.57488	84.29059	84.08898	84.72845	83.48905	83.24960
7/17/2025	10:11:17 AM	84.36173	85.44948	85.49867	85.69065	86.20765	85.97918	84.69663	85.16698	84.53703	84.25364	84.05225	84.69255	83.45474	83.21630
7/17/2025	10:11:21 AM	84.32208	85.40271	85.44812	85.63829	86.15272	85.92244	84.64371	85.11670	84.45111	84.08161	82.86506	84.48898	83.13771	82.86212
7/17/2025	10:11:24 AM	84.02548	84.95925	84.57542	85.03488	85.60661	85.34365	84.12278	84.57239	83.98397	83.76972	82.69713	84.13995	82.96803	82.67474
7/17/2025	10:11:28 AM	83.79351	84.78093	84.63125	84.96739	85.53130	85.33488	84.13087	84.61474	84.02685	83.78029	82.75643	83.95030	82.91244	82.65158
7/17/2025	10:11:31 AM	83.64158	84.74064	84.67058	84.96950	85.48912	85.35072	84.14307	84.64010	84.04320	83.77854	82.76862	83.80911	82.88155	82.64371
7/17/2025	10:11:35 AM	83.51312	84.70114	84.67527	84.94713	85.43492	85.33683	84.13737	84.62896	84.03238	83.75462	82.76258	83.69362	82.84766	82.62382
7/17/2025	10:11:38 AM	83.39456	84.65046	84.64769	84.91168	85.36913	85.30799	84.11495	84.59824	83.99797	83.71240	82.75381	83.59356	82.80588	82.58972
7/17/2025	10:11:42 AM	83.30144	84.59586	84.60855	84.86811	85.30834	85.26227	84.08358	84.55872	83.95654	83.66623	82.75553	83.50569	82.76438	82.55153
7/17/2025	10:11:45 AM	83.22899	84.54233	84.56536	84.82493	85.25404	85.21965	84.05189	84.51839	83.91058	83.61294	82.75548	83.42563	82.72107	82.50910
7/17/2025	10:11:49 AM	83.16948	84.48666	84.52034	84.78149	85.20544	85.18130	84.02257	84.48032	83.86759	83.56111	82.75666	83.35825	82.68353	82.46944
7/17/2025	10:11:52 AM	83.12270	84.43797	84.48011	84.74356	85.16514	85.14837	83.99570	84.44799	83.82945	83.51516	82.75997	83.30558	82.65188	82.43643
7/17/2025	10:11:55 AM	83.08870	84.39485	84.44284	84.70920	85.13297	85.11779	83.97480	84.41918	83.79615	83.47400	82.76910	83.26905	82.62590	82.40827
7/17/2025	10:11:59 AM	83.06450	84.35686	84.40897	84.67721	85.10485	85.08849	83.95253	84.39432	83.76615	83.43891	82.77792	83.24587	82.60358	82.38430
7/17/2025	10:12:02 AM	83.04465	84.31956	84.37535	84.64493	85.07924	85.05761	83.93033	84.36590	83.73662	83.40301	82.78221	83.22676	82.57988	82.35850
7/17/2025	10:12:06 AM	83.02560	84.28119	84.34106	84.61125	85.05206	85.02398	83.90380	84.33744	83.70448	83.36975	82.78368	83.20889	82.55655	82.33409
7/17/2025	10:12:09 AM	83.00816	84.24354	84.30641	84.57746	85.02466	84.99038	83.87908	84.30843	83.67544	83.33750	82.78190	83.19624	82.53330	82.31017
7/17/2025	10:12:13 AM	82.99163	84.20802	84.27456	84.54392	84.99666	84.95832	83.85409	84.27877	83.64444	83.30510	82.77853	83.18230	82.50990	82.28643
7/17/2025	10:12:16 AM	82.97474	84.17074	84.23809	84.50894	84.96715	84.92292	83.82349	84.24027	83.60801	83.26992	82.77523	83.18160	82.48778	82.25990
7/17/2025	10:12:20 AM	82.97672	84.16113	84.22244	84.48200	84.92482	84.85493	83.75506	84.17256	83.55982	83.23733	82.76443	83.13929	82.49412	82.11525
7/17/2025	10:12:23 AM	82.08730	83.71564	83.64133	83.73833	262.55347	84.24368	83.17702	83.25882	82.63477	81.61404	77.02008	77.83407	81.57127	80.24843
7/17/2025	10:12:27 AM	77.48604	82.65592	82.62912	82.70518	83.10837	83.52715	82.42050	82.33033	77.07989	79.46547	76.97240	77.18772	76.47477	76.48343
7/17/2025	10:12:30 AM	77.02081	82.36381	76.98681	79.95970	82.86898	83.07610	82.12402	82.35933	77.08257	77.07411	76.96804	77.20690	76.47276	76.48739
7/17/2025	10:12:34 AM	77.03203	82.19162	76.99115	77.01167	82.71941	82.90713	81.93626	82.29978	77.08478	77.03609	76.96684	77.20832	76.47148	76.48815
7/17/2025	10:12:37 AM	77.03699	81.90843	76.99199	77.01252	82.49914	82.68651	81.72488	82.17187	77.08655	77.03462	76.96790	77.20791	76.47051	76.48892
7/17/2025	10:12:41 AM	77.03960	81.52495	76.99266	77.01391	82.27024	82.45693	81.53827	82.01745	77.08798	77.03481	76.96809	77.20712	76.46985	76.48911
7/17/2025	10:12:44 AM	77.04083	81.11701	76.99283	77.01328	82.04314	82.22730	81.36631	81.85608	77.08858	77.03467	76.96864	77.20706	76.46917	76.48895
7/17/2025	10:12:48 AM	77.04061	80.73406	76.99189	77.01340	81.82829	82.01535	81.20859	81.70010	77.09011	77.03508	76.96869	77.20691	76.46960	76.48969
7/17/2025	10:12:51 AM	77.04119	80.38672	76.99174	77.01336	81.62494	81.81994	81.06106	81.54869	77.09200	77.03719	76.97009	77.20692	76.47023	76.49003
7/17/2025	10:12:54 AM	77.04118	80.08767	76.99091	77.01465	81.43704	81.63917	80.91940	81.40426	77.09277	77.03783	76.97041	77.20632	76.46860	76.49011
7/17/2025	10:12:58 AM	77.04007	79.81988	76.99110	77.01450	81.25734	81.46791	80.78280	81.26445	77.09389	77.03887	76.97148	77.20600	76.46836	76.49100
7/17/2025	10:13:01 AM	77.03939	79.57371	76.99556	77.01483	81.05442	81.27753	80.59902	81.04409	77.09982	77.03781	76.97195	77.20777	76.47169	76.48605
7/17/2025	10:13:05 AM	77.04286	76.98287	76.99311	77.01191	77.15771	79.07038	77.11895	78.07300	77.08764	77.02670	76.96428	77.20741	76.47969	76.48433
7/17/2025	10:13:08 AM	77.04553	76.97616	76.99297	77.01909	77.72417	78.69190	77.11372	78.15529	77.08707	77.02588	76.96385	77.20880	76.48027	76.48538
7/17/2025	10:13:11 AM	77.04508	76.98280	76.99329	77.01963	77.79587	78.57001	77.08298	78.15512	77.08771	77.02580	76.96397	77.20911	76.47940	76.48495
7/17/2025	10:13:15 AM	77.04570	76.98226	76.99350	77.01952	77.74405	78.51073	77.08350	78.09575	77.08804	77.02673	76.96453	77.20974	76.47877	76.48481
