6/2/2025	3:41:31 PM	77.17259	77.15626	77.01462	77.09437	77.04873	77.09597	77.18363	77.01822	77.21784	77.04542	77.08569	77.04610	76.98892	76.57769
6/2/2025	3:41:34 PM	77.17255	77.15598	77.01432	77.09414	77.04874	77.09560	77.18397	77.01758	77.21792	77.04491	77.08557	77.04568	76.98927	76.57768
6/2/2025	3:41:38 PM	77.17290	77.15601	77.01464	77.09420	77.04899	77.09575	77.18487	77.01705	77.21818	77.04551	77.08584	77.04626	76.98986	76.57772
6/2/2025	3:41:41 PM	77.17360	77.15621	77.01447	77.09358	77.04832	77.09491	77.18544	77.01507	77.21806	77.04552	77.08606	77.04649	76.98980	76.57862
6/2/2025	3:41:45 PM	77.17356	77.15617	77.01476	77.09337	77.04868	77.09476	77.18629	77.01357	77.21749	77.04545	77.08600	77.04592	76.98941	76.57838
6/2/2025	3:41:48 PM	77.17386	77.15615	77.01441	77.09287	77.04800	77.09472	77.18638	77.01332	77.21650	77.04519	77.08588	77.04643	76.98947	76.57837
6/2/2025	3:41:52 PM	77.17399	77.15640	77.01493	77.09329	77.04835	77.09495	77.18680	77.01473	77.21635	77.04560	77.08645	77.04599	76.98942	76.57748
6/2/2025	3:41:56 PM	77.17355	77.15631	77.01500	77.09340	77.04872	77.09484	77.18697	77.01665	77.21585	77.04559	77.08656	77.04583	76.98997	76.57719
6/2/2025	3:41:59 PM	77.17372	77.15612	77.01496	77.09279	77.04890	77.09497	77.18804	77.01760	77.21635	77.04580	77.08646	77.04627	76.99074	76.57723
6/2/2025	3:42:03 PM	77.17422	77.15684	77.01584	77.09353	77.04903	77.09396	77.18847	77.01821	77.21584	77.04582	77.08607	77.04595	76.99079	76.57665
6/2/2025	3:42:06 PM	77.17412	77.15707	77.01587	77.09321	77.04852	77.09415	77.18761	77.01861	77.21685	77.04647	77.08598	77.04626	76.99173	76.57734
6/2/2025	3:42:10 PM	77.17394	77.15660	77.01605	77.09315	77.04894	77.09418	77.18709	77.01795	77.21707	77.04612	77.08635	77.04607	76.99200	76.57741
6/2/2025	3:42:14 PM	77.17440	77.15686	77.01546	77.09293	77.04840	77.09399	77.18667	77.01786	77.21719	77.04663	77.08643	77.04624	76.99235	76.57762
6/2/2025	3:42:17 PM	77.17428	77.15666	77.01551	77.09292	77.04828	77.09434	77.18609	77.01749	77.21726	77.04626	77.08629	77.04586	76.99257	76.57800
6/2/2025	3:42:21 PM	77.17413	77.15634	77.01515	77.09290	77.04813	77.09383	77.18686	77.01775	77.21803	77.04651	77.08609	77.04647	76.99299	76.57845
6/2/2025	3:42:24 PM	77.17400	77.15606	77.01518	77.09293	77.04759	77.09328	77.18684	77.01720	77.21766	77.04592	77.08565	77.04502	76.99257	76.57789
6/2/2025	3:42:28 PM	77.17359	77.15534	77.01488	77.09218	77.04639	77.09186	77.18693	77.01763	77.21764	77.04607	77.08542	77.04527	76.99311	76.57790
6/2/2025	3:42:31 PM	77.17309	77.15524	77.01448	77.09243	77.04646	77.09124	77.18643	77.01732	77.21730	77.04604	77.08594	77.04481	76.99366	76.57813
6/2/2025	3:42:35 PM	77.17341	77.15500	77.01466	77.09226	77.04653	77.09175	77.18602	77.01712	77.21754	77.04620	77.08592	77.04480	76.99383	76.57786
6/2/2025	3:42:39 PM	77.17337	77.15511	77.01453	77.09221	77.04688	77.09214	77.18554	77.01685	77.21734	77.04606	77.08576	77.04502	76.99390	76.57814
6/2/2025	3:42:42 PM	77.17342	77.15543	77.01444	77.09237	77.04689	77.09238	77.18583	77.01634	77.21692	77.04628	77.08541	77.04501	76.99361	76.57778
6/2/2025	3:42:46 PM	77.17336	77.15497	77.01460	77.09203	77.04720	77.09271	77.18557	77.01556	77.21616	77.04603	77.08542	77.04486	76.99381	76.57805
6/2/2025	3:42:49 PM	77.17326	77.15511	77.01484	77.09221	77.04659	77.09252	77.18577	77.01493	77.21625	77.04642	77.08589	77.04510	76.99447	76.57804
6/2/2025	3:42:53 PM	77.17343	77.15516	77.01481	77.09210	77.04682	77.09228	77.18602	77.01449	77.21576	77.04600	77.08529	77.04529	76.99398	76.57768
6/2/2025	3:42:57 PM	77.17303	77.15473	77.01470	77.09221	77.04694	77.09204	77.18582	77.01509	77.21600	77.04609	77.08485	77.04501	76.99427	76.57729
6/2/2025	3:43:00 PM	77.17265	77.15463	77.01422	77.09186	77.04663	77.09147	77.18544	77.01595	77.21654	77.04517	77.08469	77.04464	76.99412	76.57662
6/2/2025	3:43:04 PM	77.17184	77.15445	77.01412	77.09172	77.04653	77.09129	77.18442	77.01635	77.21603	77.04538	77.08437	77.04399	76.99381	76.57673
6/2/2025	3:43:07 PM	77.17181	77.15408	77.01349	77.09168	77.04666	77.09072	77.18455	77.01603	77.21604	77.04483	77.08429	77.04409	76.99415	76.57637
6/2/2025	3:43:11 PM	77.17171	77.15405	77.01351	77.09139	77.04664	77.09041	77.18418	77.01599	77.21570	77.04460	77.08459	77.04381	76.99392	76.57616
6/2/2025	3:43:14 PM	77.17138	77.15415	77.01375	77.09140	77.04689	77.09033	77.18446	77.01640	77.21491	77.04449	77.08397	77.04357	76.99315	76.57546
6/2/2025	3:43:18 PM	77.17116	77.15404	77.01348	77.09066	77.04657	77.09039	77.18451	77.01691	77.21496	77.04405	77.08383	77.04341	76.99345	76.57521
6/2/2025	3:43:22 PM	77.17088	77.15356	77.01296	77.09101	77.04658	77.09008	77.18469	77.01726	77.21477	77.04387	77.08365	77.04342	76.99358	76.57544
6/2/2025	3:43:25 PM	77.17077	77.15373	77.01300	77.09065	77.04633	77.09042	77.18487	77.01756	77.21513	77.04395	77.08321	77.04292	76.99325	76.57565
6/2/2025	3:43:29 PM	77.17033	77.15349	77.01273	77.09073	77.04590	77.09097	77.18542	77.01734	77.21448	77.04369	77.08295	77.04271	76.99285	76.57505
6/2/2025	3:43:33 PM	77.17000	77.15289	77.01266	77.09043	77.04528	77.09053	77.18506	77.01739	77.21478	77.04359	77.08314	77.04286	76.99275	76.57529
6/2/2025	3:43:36 PM	77.16977	77.15255	77.01251	77.09023	77.04562	77.09010	77.18489	77.01740	77.21472	77.04355	77.08324	77.04304	76.99287	76.57559
6/2/2025	3:43:40 PM	77.17013	77.15328	77.01305	77.09087	77.04622	77.09004	77.18521	77.01756	77.21507	77.04380	77.08330	77.04258	76.99293	76.57564
6/2/2025	3:43:43 PM	77.17008	77.15311	77.01247	77.09051	77.04571	77.09017	77.18530	77.01787	77.21517	77.04335	77.08324	77.04241	76.99321	76.57597
6/2/2025	3:43:47 PM	77.16968	77.15309	77.01278	77.09100	77.04543	77.09006	77.18465	77.01808	77.21426	77.04334	77.08313	77.04284	76.99303	76.57543
6/2/2025	3:43:50 PM	77.16963	77.15273	77.01262	77.09089	77.04568	77.08973	77.18492	77.01856	77.21496	77.04317	77.08277	77.04254	76.99219	76.57524
6/2/2025	3:43:54 PM	77.16932	77.15245	77.01200	77.09020	77.04624	77.08953	77.18482	77.01782	77.21440	77.04324	77.08248	77.04239	76.99282	76.57514
6/2/2025	3:43:58 PM	77.16929	77.15243	77.01214	77.08987	77.04605	77.08979	77.18426	77.01791	77.21427	77.04322	77.08266	77.04221	76.99295	76.57567
6/2/2025	3:44:01 PM	77.16981	77.15244	77.01208	77.09035	77.04635	77.09001	77.18433	77.01789	77.21414	77.04306	77.08251	77.04220	76.99276	76.57548
6/2/2025	3:44:05 PM	77.16964	77.15243	77.01239	77.09067	77.04637	77.09071	77.18409	77.01794	77.21449	77.04297	77.08246	77.04197	76.99209	76.57528
6/2/2025	3:44:08 PM	77.16971	77.15237	77.01178	77.09026	77.04640	77.09052	77.18432	77.01782	77.21469	77.04296	77.08259	77.04222	76.99170	76.57533
6/2/2025	3:44:12 PM	77.16943	77.15185	77.01137	77.09034	77.04635	77.09082	77.18475	77.01765	77.21392	77.04228	77.08203	77.04153	76.99127	76.57455
6/2/2025	3:44:16 PM	77.16884	77.15139	77.01139	77.08970	77.04589	77.09080	77.18501	77.01769	77.21354	77.04239	77.08180	77.04178	76.99152	76.57520
6/2/2025	3:44:19 PM	77.16913	77.15163	77.01126	77.08955	77.04605	77.09120	77.18583	77.01779	77.21334	77.04252	77.08215	77.04134	76.99053	76.57480
6/2/2025	3:44:23 PM	77.16908	77.15160	77.01126	77.08929	77.04560	77.09165	77.18647	77.01753	77.21323	77.04230	77.08215	77.04133	76.99090	76.57450
6/2/2025	3:44:26 PM	77.16882	77.15139	77.01122	77.08926	77.04540	77.09110	77.18664	77.01739	77.21309	77.04176	77.08156	77.04101	76.99083	76.57449
6/2/2025	3:44:30 PM	77.16850	77.15093	77.01069	77.08888	77.04516	77.09152	77.18617	77.01724	77.21275	77.04194	77.08144	77.04101	76.99056	76.57388
6/2/2025	3:44:34 PM	77.16867	77.15088	77.01082	77.08885	77.04516	77.09126	77.18572	77.01766	77.21246	77.04167	77.08141	77.04078	76.99086	76.57424
6/2/2025	3:44:37 PM	77.16866	77.15058	77.01069	77.08849	77.04496	77.09133	77.18555	77.01706	77.21256	77.04161	77.08124	77.04030	76.99071	76.57421
6/2/2025	3:44:41 PM	77.16865	77.15085	77.01016	77.08869	77.04544	77.09169	77.18589	77.01688	77.21293	77.04177	77.08129	77.04070	76.99025	76.57404
6/2/2025	3:44:44 PM	77.16838	77.15014	77.01054	77.08849	77.04531	77.09150	77.18493	77.01559	77.21277	77.04149	77.08120	77.04030	76.99068	76.57453
6/2/2025	3:44:48 PM	77.16837	77.14997	77.01021	77.08871	77.04530	77.09149	77.18400	77.01491	77.21301	77.04187	77.08127	77.04033	76.99086	76.57402
6/2/2025	3:44:51 PM	77.16787	77.15021	77.01027	77.08897	77.04524	77.09167	77.18354	77.01433	77.21287	77.04175	77.08119	77.04026	76.99051	76.57419
6/2/2025	3:44:55 PM	77.16793	77.14973	77.00989	77.08839	77.04516	77.09089	77.18337	77.01433	77.21285	77.04124	77.08105	77.03996	76.99021	76.57364
6/2/2025	3:44:59 PM	77.16786	77.14960	77.00984	77.08789	77.04504	77.09123	77.18334	77.01404	77.21260	77.04129	77.08095	77.03973	76.98991	76.57341
6/2/2025	3:45:02 PM	77.16771	77.14921	77.00953	77.08801	77.04494	77.09088	77.18318	77.01319	77.21153	77.04168	77.08111	77.03959	76.99011	76.57352
6/2/2025	3:45:06 PM	77.16757	77.14917	77.00954	77.08784	77.04466	77.09051	77.18354	77.01264	77.21078	77.04136	77.08070	77.03964	76.98980	76.57332
6/2/2025	3:45:09 PM	77.16780	77.14946	77.00989	77.08750	77.04422	77.08944	77.18409	77.01244	77.21053	77.04116	77.08024	77.03918	76.98928	76.57280
6/2/2025	3:45:13 PM	77.16724	77.14933	77.00934	77.08739	77.04423	77.08855	77.18459	77.01229	77.21111	77.04146	77.08089	77.03935	76.98931	76.57286
6/2/2025	3:45:16 PM	77.16724	77.14953	77.00957	77.08749	77.04411	77.08850	77.18462	77.01218	77.21111	77.04099	77.08014	77.03934	76.98930	76.57306
6/2/2025	3:45:20 PM	77.16722	77.14908	77.00914	77.08763	77.04423	77.08881	77.18461	77.01239	77.21143	77.04117	77.08090	77.03957	76.98926	76.57261
6/2/2025	3:45:24 PM	77.16731	77.14909	77.00949	77.08736	77.04413	77.08823	77.18503	77.01196	77.21130	77.04082	77.08012	77.03931	76.98938	76.57258
6/2/2025	3:45:27 PM	77.16709	77.14907	77.00945	77.08748	77.04398	77.08799	77.18507	77.01152	77.21104	77.04113	77.08027	77.03932	76.98941	76.57280
6/2/2025	3:45:31 PM	77.16728	77.14914	77.00974	77.08736	77.04417	77.08849	77.18500	77.01240	77.21193	77.04088	77.08035	77.03958	76.98928	76.57237
6/2/2025	3:45:35 PM	77.16710	77.14948	77.00943	77.08788	77.04421	77.08902	77.18579	77.01288	77.21204	77.04096	77.07980	77.03912	76.98880	76.57211
6/2/2025	3:45:38 PM	77.16682	77.14896	77.00941	77.08723	77.04345	77.08872	77.18464	77.01271	77.21151	77.04044	77.07981	77.03879	76.98898	76.57229
6/2/2025	3:45:42 PM	77.16699	77.14884	77.00934	77.08696	77.04371	77.08898	77.18469	77.01342	77.21181	77.04069	77.08032	77.03874	76.98855	76.57171
6/2/2025	3:45:45 PM	77.16716	77.14934	77.01003	77.08697	77.04388	77.08960	77.18557	77.01436	77.21160	77.04067	77.08026	77.03910	76.98861	76.57203
6/2/2025	3:45:49 PM	77.16709	77.14939	77.00967	77.08723	77.04375	77.08959	77.18607	77.01489	77.21233	77.04048	77.08011	77.03900	76.98911	76.57238
6/2/2025	3:45:53 PM	77.16686	77.14851	77.00947	77.08695	77.04349	77.08961	77.18585	77.01478	77.21211	77.04056	77.07994	77.03864	76.98859	76.57259
6/2/2025	3:45:56 PM	77.16691	77.14900	77.00991	77.08715	77.04424	77.08999	77.18657	77.01395	77.21224	77.04064	77.08036	77.03887	76.98888	76.57249
6/2/2025	3:46:00 PM	77.16712	77.14882	77.00963	77.08710	77.04439	77.09029	77.18624	77.01300	77.21226	77.04097	77.08006	77.03844	76.98894	76.57241
6/2/2025	3:46:03 PM	77.16683	77.14881	77.00881	77.08672	77.04424	77.09008	77.18548	77.01200	77.21191	77.04065	77.07974	77.03869	76.98846	76.57254
6/2/2025	3:46:07 PM	77.16640	77.14863	77.00954	77.08661	77.04404	77.09081	77.18489	77.01188	77.21218	77.04071	77.07990	77.03852	76.98881	76.57254
6/2/2025	3:46:11 PM	77.16665	77.14874	77.00896	77.08647	77.04392	77.09019	77.18449	77.01139	77.21219	77.04050	77.07978	77.03841	76.98860	76.57237
6/2/2025	3:46:14 PM	77.16601	77.14878	77.00897	77.08654	77.04395	77.08989	77.18488	77.01166	77.21202	77.04014	77.07989	77.03880	76.98863	76.57241
6/2/2025	3:46:18 PM	77.16625	77.14878	77.00957	77.08676	77.04392	77.09000	77.18461	77.01203	77.21188	77.04000	77.07966	77.03883	76.98798	76.57168
6/2/2025	3:46:21 PM	77.16596	77.14827	77.00853	77.08662	77.04355	77.08948	77.18387	77.01222	77.21159	77.04029	77.07906	77.03809	76.98811	76.57153
6/2/2025	3:46:25 PM	77.16578	77.14785	77.00844	77.08618	77.04315	77.08953	77.18304	77.01316	77.21100	77.03983	77.07950	77.03824	76.98770	76.57135
6/2/2025	3:46:29 PM	77.16602	77.14799	77.00847	77.08639	77.04392	77.08953	77.18277	77.01350	77.21158	77.03981	77.07917	77.03796	76.98764	76.57065
6/2/2025	3:46:32 PM	77.16557	77.14800	77.00839	77.08611	77.04360	77.08914	77.18195	77.01325	77.21076	77.03916	77.07882	77.03730	76.98749	76.57069
6/2/2025	3:46:36 PM	77.16501	77.14689	77.00767	77.08507	77.04236	77.08769	77.18044	77.01211	77.21019	77.03862	77.07773	77.03695	76.98672	76.57021
6/2/2025	3:46:39 PM	77.16430	77.14655	77.00684	77.08506	77.04191	77.08750	77.17981	77.01109	77.20937	77.03853	77.07801	77.03681	76.98678	76.56984
6/2/2025	3:46:43 PM	77.16453	77.14679	77.00729	77.08511	77.04167	77.08743	77.17904	77.01064	77.20974	77.03844	77.07790	77.03654	76.98646	76.56990
6/2/2025	3:46:46 PM	77.16458	77.14701	77.00740	77.08515	77.04164	77.08692	77.17879	77.01131	77.20985	77.03839	77.07779	77.03653	76.98659	76.56966
6/2/2025	3:46:50 PM	77.16453	77.14646	77.00720	77.08479	77.04179	77.08636	77.17994	77.01098	77.20966	77.03834	77.07843	77.03660	76.98675	76.56992
6/2/2025	3:46:54 PM	77.16426	77.14646	77.00738	77.08481	77.04149	77.08578	77.18088	77.01106	77.20945	77.03762	77.07747	77.03616	76.98637	76.56979
6/2/2025	3:46:57 PM	77.16396	77.14599	77.00707	77.08471	77.04102	77.08569	77.18158	77.01036	77.20917	77.03775	77.07729	77.03617	76.98625	76.56948
6/2/2025	3:47:01 PM	77.16402	77.14598	77.00689	77.08474	77.04119	77.08601	77.18168	77.01055	77.20934	77.03850	77.07782	77.03653	76.98643	76.56970
6/2/2025	3:47:04 PM	77.16410	77.14629	77.00670	77.08404	77.04045	77.08541	77.18119	77.01027	77.20900	77.03784	77.07730	77.03594	76.98582	76.56871
6/2/2025	3:47:08 PM	77.16370	77.14578	77.00679	77.08428	77.04030	77.08625	77.18095	77.01015	77.20911	77.03747	77.07715	77.03555	76.98518	76.56873
6/2/2025	3:47:11 PM	77.16374	77.14565	77.00636	77.08445	77.04025	77.08624	77.18073	77.01020	77.20863	77.03720	77.07709	77.03565	76.98504	76.56811
6/2/2025	3:47:15 PM	77.16344	77.14558	77.00612	77.08396	77.03998	77.08631	77.18105	77.00998	77.20861	77.03709	77.07647	77.03566	76.98507	76.56890
6/2/2025	3:47:19 PM	77.16370	77.14549	77.00596	77.08397	77.04052	77.08645	77.18116	77.00991	77.20817	77.03693	77.07676	77.03523	76.98457	76.56828
6/2/2025	3:47:22 PM	77.16309	77.14547	77.00588	77.08366	77.03983	77.08612	77.18117	77.01001	77.20851	77.03674	77.07660	77.03546	76.98459	76.56800
6/2/2025	3:47:26 PM	77.16274	77.14503	77.00544	77.08385	77.04009	77.08605	77.18129	77.00979	77.20770	77.03655	77.07609	77.03470	76.98469	76.56798
6/2/2025	3:47:29 PM	77.16329	77.14534	77.00562	77.08356	77.04015	77.08654	77.18154	77.00928	77.20817	77.03716	77.07626	77.03488	76.98494	76.56855
6/2/2025	3:47:33 PM	77.16293	77.14489	77.00543	77.08416	77.04016	77.08655	77.18164	77.00910	77.20773	77.03680	77.07649	77.03521	76.98471	76.56848
6/2/2025	3:47:37 PM	77.16310	77.14502	77.00570	77.08384	77.03994	77.08658	77.18164	77.00942	77.20790	77.03688	77.07596	77.03448	76.98426	76.56815
6/2/2025	3:47:40 PM	77.16307	77.14503	77.00535	77.08372	77.04007	77.08673	77.18129	77.00903	77.20801	77.03721	77.07637	77.03480	76.98423	76.56824
6/2/2025	3:47:44 PM	77.16251	77.14500	77.00557	77.08394	77.04030	77.08702	77.18215	77.00879	77.20823	77.03758	77.07664	77.03563	76.98441	76.56811
6/2/2025	3:47:47 PM	77.16274	77.14501	77.00517	77.08373	77.04002	77.08606	77.18154	77.00808	77.20738	77.03673	77.07576	77.03430	76.98421	76.56820
6/2/2025	3:47:51 PM	77.16246	77.14463	77.00498	77.08348	77.04009	77.08630	77.18203	77.00843	77.20729	77.03649	77.07544	77.03465	76.98384	76.56760
6/2/2025	3:47:55 PM	77.16258	77.14472	77.00517	77.08349	77.04007	77.08608	77.18190	77.00870	77.20730	77.03633	77.07579	77.03449	76.98432	76.56792
6/2/2025	3:47:58 PM	77.16232	77.14410	77.00480	77.08348	77.03968	77.08632	77.18187	77.00913	77.20675	77.03669	77.07580	77.03438	76.98362	76.56737
6/2/2025	3:48:02 PM	77.16243	77.14453	77.00485	77.08328	77.03946	77.08582	77.18170	77.00862	77.20670	77.03608	77.07545	77.03420	76.98397	76.56722
6/2/2025	3:48:05 PM	77.16171	77.14427	77.00476	77.08309	77.03982	77.08559	77.18178	77.00958	77.20725	77.03678	77.07576	77.03441	76.98367	76.56717
6/2/2025	3:48:09 PM	77.16206	77.14476	77.00493	77.08321	77.03935	77.08577	77.18255	77.00920	77.20695	77.03676	77.07584	77.03451	76.98405	76.56729
6/2/2025	3:48:12 PM	77.16220	77.14452	77.00462	77.08292	77.03932	77.08585	77.18184	77.00926	77.20700	77.03606	77.07602	77.03444	76.98311	76.56737
6/2/2025	3:48:16 PM	77.16222	77.14428	77.00521	77.08306	77.03936	77.08571	77.18171	77.00938	77.20698	77.03636	77.07589	77.03438	76.98361	76.56648
6/2/2025	3:48:20 PM	77.16228	77.14452	77.00480	77.08264	77.03909	77.08549	77.18151	77.00928	77.20723	77.03654	77.07590	77.03474	76.98413	76.56729
6/2/2025	3:48:23 PM	77.16252	77.14481	77.00473	77.08316	77.03923	77.08556	77.18149	77.00868	77.20682	77.03653	77.07591	77.03404	76.98372	76.56713
6/2/2025	3:48:27 PM	77.16231	77.14388	77.00442	77.08277	77.03874	77.08463	77.18101	77.00815	77.20678	77.03649	77.07568	77.03391	76.98297	76.56711
6/2/2025	3:48:30 PM	77.16163	77.14380	77.00465	77.08250	77.03923	77.08495	77.18101	77.00784	77.20698	77.03576	77.07546	77.03356	76.98249	76.56627
6/2/2025	3:48:34 PM	77.16136	77.14345	77.00407	77.08224	77.03849	77.08456	77.18068	77.00761	77.20662	77.03587	77.07496	77.03342	76.98258	76.56660
6/2/2025	3:48:38 PM	77.16153	77.14378	77.00403	77.08215	77.03853	77.08503	77.18085	77.00749	77.20655	77.03597	77.07526	77.03366	76.98248	76.56664
6/2/2025	3:48:41 PM	77.16137	77.14385	77.00421	77.08221	77.03890	77.08463	77.18099	77.00794	77.20677	77.03592	77.07526	77.03381	76.98256	76.56630
6/2/2025	3:48:45 PM	77.16170	77.14391	77.00401	77.08194	77.03882	77.08440	77.18111	77.00764	77.20674	77.03574	77.07503	77.03383	76.98252	76.56635
6/2/2025	3:48:48 PM	77.16129	77.14295	77.00378	77.08203	77.03873	77.08470	77.18089	77.00809	77.20690	77.03580	77.07510	77.03350	76.98260	76.56646
6/2/2025	3:48:52 PM	77.16137	77.14313	77.00398	77.08192	77.03861	77.08428	77.18058	77.00815	77.20690	77.03589	77.07533	77.03359	76.98267	76.56628
6/2/2025	3:48:56 PM	77.16130	77.14330	77.00385	77.08176	77.03846	77.08455	77.18031	77.00779	77.20657	77.03582	77.07491	77.03366	76.98277	76.56656
6/2/2025	3:48:59 PM	77.16125	77.14339	77.00356	77.08188	77.03851	77.08447	77.18022	77.00807	77.20643	77.03570	77.07515	77.03369	76.98227	76.56631
6/2/2025	3:49:03 PM	77.16141	77.14318	77.00375	77.08189	77.03865	77.08487	77.18051	77.00795	77.20628	77.03554	77.07492	77.03364	76.98241	76.56637
6/2/2025	3:49:06 PM	77.16128	77.14334	77.00403	77.08210	77.03873	77.08448	77.18075	77.00829	77.20647	77.03577	77.07497	77.03385	76.98264	76.56649
6/2/2025	3:49:10 PM	77.16124	77.14350	77.00410	77.08143	77.03868	77.08443	77.18058	77.00816	77.20624	77.03538	77.07457	77.03380	76.98279	76.56630
6/2/2025	3:49:14 PM	77.16088	77.14315	77.00404	77.08192	77.03864	77.08424	77.18038	77.00780	77.20636	77.03510	77.07486	77.03354	76.98235	76.56614
6/2/2025	3:49:17 PM	77.16113	77.14330	77.00359	77.08141	77.03838	77.08417	77.18034	77.00758	77.20620	77.03516	77.07472	77.03347	76.98250	76.56618
6/2/2025	3:49:21 PM	77.16087	77.14339	77.00359	77.08180	77.03843	77.08397	77.17975	77.00765	77.20658	77.03537	77.07478	77.03327	76.98239	76.56596
6/2/2025	3:49:24 PM	77.16109	77.14317	77.00353	77.08161	77.03854	77.08458	77.18024	77.00742	77.20618	77.03511	77.07426	77.03335	76.98221	76.56611
6/2/2025	3:49:28 PM	77.16138	77.14327	77.00421	77.08187	77.03834	77.08410	77.17980	77.00722	77.20600	77.03503	77.07442	77.03296	76.98206	76.56596
6/2/2025	3:49:32 PM	77.16086	77.14327	77.00361	77.08153	77.03818	77.08443	77.18022	77.00710	77.20624	77.03541	77.07464	77.03299	76.98245	76.56589
6/2/2025	3:49:35 PM	77.16060	77.14309	77.00355	77.08144	77.03784	77.08362	77.17986	77.00662	77.20637	77.03536	77.07493	77.03342	76.98235	76.56612
6/2/2025	3:49:39 PM	77.16120	77.14294	77.00369	77.08105	77.03799	77.08399	77.18005	77.00618	77.20621	77.03507	77.07434	77.03310	76.98198	76.56562
6/2/2025	3:49:42 PM	77.16054	77.14281	77.00326	77.08129	77.03799	77.08378	77.17932	77.00605	77.20553	77.03516	77.07430	77.03272	76.98169	76.56551
6/2/2025	3:49:46 PM	77.16030	77.14281	77.00352	77.08085	77.03768	77.08346	77.17958	77.00630	77.20567	77.03491	77.07431	77.03283	76.98169	76.56490
6/2/2025	3:49:50 PM	77.16007	77.14278	77.00296	77.08104	77.03753	77.08356	77.17961	77.00593	77.20566	77.03495	77.07410	77.03271	76.98161	76.56509
6/2/2025	3:49:53 PM	77.16099	77.14278	77.00295	77.08048	77.03758	77.08351	77.17970	77.00654	77.20581	77.03461	77.07421	77.03252	76.98110	76.56467
6/2/2025	3:49:57 PM	77.16025	77.14281	77.00313	77.08086	77.03720	77.08346	77.17956	77.00640	77.20569	77.03458	77.07410	77.03259	76.98155	76.56485
6/2/2025	3:50:00 PM	77.16033	77.14241	77.00309	77.08077	77.03756	77.08325	77.17956	77.00620	77.20566	77.03462	77.07433	77.03253	76.98160	76.56488
6/2/2025	3:50:04 PM	77.16014	77.14199	77.00303	77.08095	77.03768	77.08368	77.17973	77.00611	77.20531	77.03430	77.07380	77.03249	76.98152	76.56496
6/2/2025	3:50:08 PM	77.16004	77.14219	77.00251	77.08010	77.03719	77.08329	77.17955	77.00593	77.20551	77.03442	77.07366	77.03266	76.98106	76.56462
6/2/2025	3:50:11 PM	77.15998	77.14191	77.00289	77.08063	77.03735	77.08333	77.17943	77.00648	77.20560	77.03415	77.07376	77.03241	76.98133	76.56443
6/2/2025	3:50:15 PM	77.15980	77.14229	77.00263	77.08013	77.03709	77.08330	77.17981	77.00636	77.20594	77.03429	77.07352	77.03244	76.98129	76.56487
6/2/2025	3:50:18 PM	77.16003	77.14230	77.00279	77.08100	77.03753	77.08360	77.17924	77.00585	77.20540	77.03422	77.07346	77.03268	76.98180	76.56491
6/2/2025	3:50:22 PM	77.16003	77.14227	77.00281	77.08066	77.03717	77.08328	77.17903	77.00568	77.20492	77.03431	77.07355	77.03215	76.98126	76.56453
6/2/2025	3:50:26 PM	77.16010	77.14201	77.00245	77.08027	77.03699	77.08307	77.17898	77.00589	77.20506	77.03387	77.07325	77.03194	76.98089	76.56460
6/2/2025	3:50:29 PM	77.15951	77.14185	77.00246	77.08055	77.03753	77.08333	77.17870	77.00673	77.20520	77.03401	77.07390	77.03259	76.98167	76.56536
6/2/2025	3:50:33 PM	77.15986	77.14202	77.00270	77.08068	77.03772	77.08358	77.17811	77.00736	77.20533	77.03435	77.07338	77.03220	76.98130	76.56504
6/2/2025	3:50:36 PM	77.16008	77.14196	77.00258	77.08058	77.03767	77.08356	77.17852	77.00759	77.20520	77.03396	77.07319	77.03202	76.98130	76.56502
6/2/2025	3:50:40 PM	77.15983	77.14161	77.00264	77.08044	77.03762	77.08397	77.17913	77.00810	77.20519	77.03486	77.07380	77.03184	76.98167	76.56494
6/2/2025	3:50:43 PM	77.16017	77.14229	77.00236	77.08093	77.03787	77.08392	77.17981	77.00866	77.20607	77.03506	77.07396	77.03256	76.98200	76.56521
6/2/2025	3:50:47 PM	77.15995	77.14248	77.00272	77.08110	77.03790	77.08397	77.17972	77.00859	77.20558	77.03465	77.07410	77.03251	76.98176	76.56519
6/2/2025	3:50:51 PM	77.15987	77.14170	77.00231	77.08057	77.03736	77.08333	77.17931	77.00787	77.20516	77.03406	77.07323	77.03174	76.98106	76.56461
6/2/2025	3:50:54 PM	77.15948	77.14176	77.00242	77.08038	77.03729	77.08308	77.17862	77.00714	77.20441	77.03381	77.07272	77.03168	76.98148	76.56454
6/2/2025	3:50:58 PM	77.15932	77.14193	77.00198	77.08019	77.03708	77.08294	77.17874	77.00680	77.20439	77.03420	77.07301	77.03169	76.98085	76.56456
6/2/2025	3:51:02 PM	77.15923	77.14171	77.00217	77.08002	77.03729	77.08313	77.17828	77.00622	77.20504	77.03367	77.07275	77.03131	76.98070	76.56422
6/2/2025	3:51:05 PM	77.15935	77.14146	77.00218	77.08000	77.03711	77.08284	77.17847	77.00627	77.20447	77.03380	77.07276	77.03095	76.98101	76.56433
6/2/2025	3:51:09 PM	77.15900	77.14118	77.00171	77.08012	77.03641	77.08262	77.17842	77.00632	77.20424	77.03345	77.07232	77.03132	76.98051	76.56399
6/2/2025	3:51:12 PM	77.15904	77.14142	77.00170	77.07989	77.03653	77.08285	77.17894	77.00599	77.20437	77.03343	77.07281	77.03111	76.98029	76.56427
6/2/2025	3:51:16 PM	77.15876	77.14112	77.00211	77.08014	77.03679	77.08256	77.17921	77.00614	77.20448	77.03343	77.07294	77.03115	76.98034	76.56419
6/2/2025	3:51:19 PM	77.15899	77.14129	77.00209	77.08038	77.03695	77.08282	77.17920	77.00572	77.20448	77.03365	77.07280	77.03175	76.98085	76.56426
6/2/2025	3:51:23 PM	77.15952	77.14182	77.00234	77.08036	77.03689	77.08276	77.17934	77.00527	77.20478	77.03342	77.07269	77.03134	76.98045	76.56443
6/2/2025	3:51:27 PM	77.15918	77.14139	77.00214	77.08019	77.03704	77.08262	77.17919	77.00538	77.20446	77.03309	77.07300	77.03120	76.98083	76.56440
6/2/2025	3:51:30 PM	77.15902	77.14166	77.00244	77.08003	77.03647	77.08228	77.17954	77.00508	77.20429	77.03292	77.07232	77.03107	76.97995	76.56388
6/2/2025	3:51:34 PM	77.15879	77.14142	77.00183	77.07975	77.03674	77.08256	77.17906	77.00525	77.20462	77.03347	77.07228	77.03082	76.97985	76.56346
6/2/2025	3:51:37 PM	77.15881	77.14134	77.00174	77.07999	77.03661	77.08230	77.17906	77.00523	77.20433	77.03317	77.07231	77.03121	76.97996	76.56434
6/2/2025	3:51:41 PM	77.15895	77.14124	77.00173	77.07975	77.03671	77.08239	77.17902	77.00551	77.20446	77.03331	77.07242	77.03110	76.98014	76.56455
6/2/2025	3:51:44 PM	77.15898	77.14158	77.00195	77.07965	77.03660	77.08267	77.17921	77.00546	77.20430	77.03316	77.07257	77.03130	76.98019	76.56373
6/2/2025	3:51:48 PM	77.15894	77.14113	77.00183	77.07981	77.03640	77.08255	77.17944	77.00614	77.20447	77.03354	77.07252	77.03166	76.98048	76.56440
6/2/2025	3:51:52 PM	77.15874	77.14110	77.00136	77.08001	77.03658	77.08286	77.17954	77.00564	77.20408	77.03304	77.07222	77.03113	76.98045	76.56390
6/2/2025	3:51:55 PM	77.15885	77.14132	77.00174	77.07948	77.03616	77.08254	77.17893	77.00586	77.20394	77.03340	77.07214	77.03094	76.97981	76.56355
6/2/2025	3:51:59 PM	77.15890	77.14130	77.00201	77.07982	77.03641	77.08268	77.17938	77.00646	77.20432	77.03302	77.07233	77.03055	76.97992	76.56354
6/2/2025	3:52:03 PM	77.15855	77.14117	77.00165	77.07963	77.03625	77.08237	77.17912	77.00647	77.20393	77.03343	77.07244	77.03092	76.98015	76.56408
6/2/2025	3:52:06 PM	77.15891	77.14104	77.00181	77.07949	77.03617	77.08246	77.17934	77.00644	77.20465	77.03315	77.07240	77.03093	76.98019	76.56390
6/2/2025	3:52:10 PM	77.15854	77.14124	77.00182	77.07958	77.03638	77.08215	77.17905	77.00632	77.20407	77.03315	77.07269	77.03130	76.98008	76.56378
6/2/2025	3:52:13 PM	77.15869	77.14108	77.00150	77.07953	77.03619	77.08217	77.17913	77.00640	77.20418	77.03313	77.07247	77.03122	76.98051	76.56392
6/2/2025	3:52:17 PM	77.15881	77.14132	77.00185	77.07982	77.03663	77.08278	77.17907	77.00652	77.20437	77.03351	77.07255	77.03145	76.98017	76.56398
6/2/2025	3:52:20 PM	77.15878	77.14117	77.00148	77.07911	77.03611	77.08242	77.17937	77.00665	77.20417	77.03352	77.07224	77.03121	76.98063	76.56441
6/2/2025	3:52:24 PM	77.15909	77.14141	77.00184	77.07956	77.03634	77.08238	77.17955	77.00680	77.20480	77.03355	77.07258	77.03129	76.98060	76.56420
6/2/2025	3:52:28 PM	77.15911	77.14129	77.00185	77.07963	77.03678	77.08289	77.17959	77.00703	77.20439	77.03397	77.07276	77.03136	76.98076	76.56412
6/2/2025	3:52:31 PM	77.15917	77.14174	77.00227	77.08003	77.03688	77.08290	77.17949	77.00736	77.20435	77.03344	77.07278	77.03133	76.98053	76.56384
6/2/2025	3:52:35 PM	77.15884	77.14138	77.00190	77.08010	77.03681	77.08259	77.17958	77.00707	77.20461	77.03398	77.07294	77.03146	76.97985	76.56397
6/2/2025	3:52:38 PM	77.15850	77.14082	77.00199	77.07913	77.03631	77.08205	77.17874	77.00715	77.20415	77.03343	77.07255	77.03096	76.97993	76.56380
6/2/2025	3:52:42 PM	77.15874	77.14120	77.00179	77.07970	77.03617	77.08242	77.17925	77.00716	77.20431	77.03327	77.07212	77.03074	76.98004	76.56369
6/2/2025	3:52:46 PM	77.15897	77.14129	77.00162	77.07989	77.03687	77.08261	77.17933	77.00736	77.20390	77.03346	77.07249	77.03097	76.98017	76.56413
6/2/2025	3:52:49 PM	77.15875	77.14139	77.00224	77.07984	77.03690	77.08294	77.17925	77.00740	77.20417	77.03378	77.07263	77.03088	76.98007	76.56422
6/2/2025	3:52:53 PM	77.15890	77.14133	77.00200	77.08000	77.03700	77.08280	77.17929	77.00757	77.20413	77.03322	77.07264	77.03099	76.97976	76.56423
6/2/2025	3:52:56 PM	77.15861	77.14122	77.00227	77.07997	77.03686	77.08268	77.17941	77.00737	77.20420	77.03335	77.07254	77.03095	76.98011	76.56418
6/2/2025	3:53:00 PM	77.15866	77.14097	77.00190	77.07960	77.03641	77.08241	77.17908	77.00695	77.20416	77.03352	77.07276	77.03119	76.98013	76.56387
6/2/2025	3:53:04 PM	77.15902	77.14128	77.00190	77.07982	77.03647	77.08236	77.17884	77.00678	77.20355	77.03320	77.07248	77.03082	76.97970	76.56351
6/2/2025	3:53:07 PM	77.15866	77.14101	77.00182	77.07960	77.03666	77.08249	77.17838	77.00618	77.20354	77.03280	77.07203	77.03037	76.97982	76.56343
6/2/2025	3:53:11 PM	77.15852	77.14124	77.00183	77.07970	77.03658	77.08263	77.17850	77.00662	77.20401	77.03370	77.07275	77.03097	76.98017	76.56398
6/2/2025	3:53:14 PM	77.15906	77.14162	77.00209	77.07963	77.03704	77.08242	77.17873	77.00665	77.20440	77.03319	77.07257	77.03099	76.98024	76.56421
6/2/2025	3:53:18 PM	77.15876	77.14132	77.00211	77.07974	77.03667	77.08230	77.17825	77.00597	77.20367	77.03307	77.07243	77.03093	76.97969	76.56400
6/2/2025	3:53:22 PM	77.15871	77.14060	77.00148	77.07928	77.03657	77.08226	77.17802	77.00560	77.20358	77.03274	77.07208	77.03095	76.97950	76.56348
6/2/2025	3:53:25 PM	77.15806	77.14077	77.00154	77.07924	77.03629	77.08197	77.17821	77.00604	77.20360	77.03309	77.07239	77.03105	76.97980	76.56387
6/2/2025	3:53:29 PM	77.15843	77.14134	77.00195	77.07947	77.03607	77.08216	77.17786	77.00586	77.20346	77.03303	77.07248	77.03083	76.97979	76.56367
6/2/2025	3:53:32 PM	77.15892	77.14120	77.00170	77.07946	77.03640	77.08249	77.17829	77.00592	77.20388	77.03283	77.07290	77.03086	76.98000	76.56351
6/2/2025	3:53:36 PM	77.15854	77.14114	77.00149	77.07910	77.03637	77.08271	77.17851	77.00630	77.20371	77.03332	77.07293	77.03092	76.97955	76.56337
6/2/2025	3:53:39 PM	77.15821	77.14098	77.00151	77.07942	77.03584	77.08184	77.17819	77.00587	77.20318	77.03226	77.07185	77.03034	76.97946	76.56362
6/2/2025	3:53:43 PM	77.15781	77.14075	77.00129	77.07877	77.03570	77.08130	77.17831	77.00631	77.20368	77.03296	77.07208	77.03109	76.97946	76.56341
6/2/2025	3:53:47 PM	77.15783	77.14101	77.00155	77.07890	77.03513	77.08106	77.17806	77.00595	77.20301	77.03264	77.07202	77.03038	76.97945	76.56381
6/2/2025	3:53:50 PM	77.15827	77.14033	77.00094	77.07909	77.03551	77.08113	77.17781	77.00582	77.20284	77.03242	77.07150	77.03008	76.97885	76.56323
6/2/2025	3:53:54 PM	77.15805	77.14037	77.00131	77.07873	77.03538	77.08139	77.17833	77.00635	77.20280	77.03270	77.07173	77.03024	76.97923	76.56293
6/2/2025	3:53:58 PM	77.15786	77.14048	77.00093	77.07855	77.03550	77.08097	77.17794	77.00591	77.20285	77.03260	77.07208	77.03071	76.97934	76.56326
6/2/2025	3:54:01 PM	77.15838	77.14063	77.00119	77.07893	77.03572	77.08127	77.17853	77.00670	77.20320	77.03253	77.07180	77.03005	76.97903	76.56344
6/2/2025	3:54:05 PM	77.15783	77.14055	77.00129	77.07898	77.03568	77.08159	77.17858	77.00629	77.20278	77.03260	77.07185	77.03045	76.97913	76.56299
6/2/2025	3:54:08 PM	77.15806	77.14035	77.00085	77.07876	77.03548	77.08108	77.17832	77.00610	77.20245	77.03245	77.07156	77.03007	76.97881	76.56300
6/2/2025	3:54:12 PM	77.15788	77.13991	77.00107	77.07888	77.03533	77.08158	77.17840	77.00618	77.20308	77.03266	77.07186	77.03039	76.97909	76.56303
6/2/2025	3:54:15 PM	77.15776	77.14041	77.00115	77.07880	77.03576	77.08149	77.17866	77.00637	77.20328	77.03283	77.07212	77.03045	76.97970	76.56338
6/2/2025	3:54:19 PM	77.15823	77.14064	77.00128	77.07926	77.03591	77.08153	77.17856	77.00653	77.20324	77.03265	77.07205	77.03056	76.97895	76.56318
6/2/2025	3:54:23 PM	77.15769	77.13992	77.00069	77.07876	77.03541	77.08147	77.17807	77.00586	77.20323	77.03224	77.07187	77.03006	76.97912	76.56304
6/2/2025	3:54:26 PM	77.15770	77.14027	77.00059	77.07867	77.03564	77.08107	77.17799	77.00601	77.20289	77.03249	77.07183	77.02984	76.97858	76.56271
6/2/2025	3:54:30 PM	77.15791	77.13999	77.00035	77.07857	77.03581	77.08182	77.17838	77.00599	77.20286	77.03253	77.07149	77.03014	76.97883	76.56296
6/2/2025	3:54:33 PM	77.15779	77.14005	77.00065	77.07831	77.03523	77.08093	77.17805	77.00571	77.20258	77.03204	77.07179	77.02986	76.97872	76.56273
6/2/2025	3:54:37 PM	77.15776	77.13980	77.00039	77.07845	77.03507	77.08120	77.17771	77.00576	77.20249	77.03222	77.07112	77.02937	76.97843	76.56258
6/2/2025	3:54:41 PM	77.15730	77.13968	77.00047	77.07775	77.03487	77.08059	77.17731	77.00536	77.20220	77.03175	77.07103	77.02946	76.97847	76.56238
6/2/2025	3:54:44 PM	77.15746	77.13909	76.99991	77.07798	77.03498	77.08072	77.17765	77.00541	77.20265	77.03216	77.07082	77.02951	76.97807	76.56219
6/2/2025	3:54:48 PM	77.15691	77.13926	77.00002	77.07751	77.03528	77.08035	77.17732	77.00508	77.20242	77.03175	77.07055	77.02930	76.97805	76.56235
6/2/2025	3:54:52 PM	77.15725	77.13945	77.00018	77.07796	77.03461	77.08010	77.17742	77.00479	77.20254	77.03139	77.07104	77.02910	76.97809	76.56235
6/2/2025	3:54:55 PM	77.15688	77.13916	76.99989	77.07776	77.03487	77.07999	77.17701	77.00495	77.20153	77.03105	77.07078	77.02955	76.97861	76.56202
6/2/2025	3:54:59 PM	77.15711	77.13934	77.00011	77.07788	77.03459	77.08010	77.17691	77.00511	77.20137	77.03165	77.07065	77.02883	76.97812	76.56212
6/2/2025	3:55:02 PM	77.15705	77.13915	76.99984	77.07795	77.03508	77.08027	77.17717	77.00502	77.20168	77.03146	77.07074	77.02910	76.97833	76.56212
6/2/2025	3:55:06 PM	77.15728	77.13951	77.00038	77.07831	77.03475	77.08082	77.17719	77.00576	77.20178	77.03185	77.07125	77.02952	76.97838	76.56220
6/2/2025	3:55:10 PM	77.15699	77.13949	77.00012	77.07809	77.03509	77.08069	77.17687	77.00585	77.20216	77.03147	77.07096	77.02927	76.97821	76.56200
6/2/2025	3:55:13 PM	77.15722	77.13934	76.99998	77.07809	77.03480	77.08099	77.17647	77.00627	77.20230	77.03163	77.07112	77.02974	76.97841	76.56231
6/2/2025	3:55:17 PM	77.15730	77.13966	77.00052	77.07831	77.03497	77.08074	77.17647	77.00599	77.20253	77.03197	77.07100	77.02956	76.97834	76.56187
6/2/2025	3:55:20 PM	77.15677	77.13920	77.00000	77.07829	77.03464	77.08067	77.17664	77.00538	77.20192	77.03135	77.07054	77.02927	76.97811	76.56216
6/2/2025	3:55:24 PM	77.15721	77.13946	77.00025	77.07772	77.03507	77.08039	77.17647	77.00577	77.20180	77.03155	77.07085	77.02962	76.97822	76.56196
6/2/2025	3:55:27 PM	77.15712	77.13960	77.00030	77.07767	77.03477	77.08026	77.17654	77.00582	77.20174	77.03127	77.07044	77.02921	76.97810	76.56131
6/2/2025	3:55:31 PM	77.15666	77.13905	76.99992	77.07785	77.03442	77.08027	77.17690	77.00582	77.20175	77.03154	77.07034	77.02909	76.97805	76.56223
6/2/2025	3:55:35 PM	77.15636	77.13910	76.99985	77.07766	77.03443	77.08013	77.17698	77.00530	77.20188	77.03140	77.07056	77.02929	76.97840	76.56242
6/2/2025	3:55:38 PM	77.15675	77.13918	76.99962	77.07764	77.03463	77.08018	77.17688	77.00572	77.20205	77.03164	77.07059	77.02940	76.97830	76.56210
6/2/2025	3:55:42 PM	77.15675	77.13939	76.99990	77.07770	77.03498	77.08061	77.17732	77.00555	77.20195	77.03171	77.07061	77.02932	76.97825	76.56215
6/2/2025	3:55:45 PM	77.15697	77.13950	76.99977	77.07756	77.03477	77.08054	77.17703	77.00523	77.20159	77.03117	77.07055	77.02897	76.97790	76.56185
6/2/2025	3:55:49 PM	77.15663	77.13903	76.99951	77.07741	77.03465	77.08003	77.17726	77.00536	77.20157	77.03126	77.07057	77.02910	76.97838	76.56205
6/2/2025	3:55:52 PM	77.15653	77.13909	76.99993	77.07771	77.03486	77.08084	77.17739	77.00551	77.20140	77.03137	77.07039	77.02906	76.97829	76.56214
6/2/2025	3:55:56 PM	77.15641	77.13901	76.99991	77.07802	77.03488	77.08048	77.17727	77.00549	77.20180	77.03137	77.07041	77.02912	76.97792	76.56159
6/2/2025	3:56:00 PM	77.15618	77.13830	76.99893	77.07701	77.03410	77.07996	77.17666	77.00513	77.20156	77.03160	77.07055	77.02895	76.97777	76.56185
6/2/2025	3:56:03 PM	77.15621	77.13892	76.99974	77.07733	77.03434	77.08001	77.17681	77.00524	77.20146	77.03136	77.07071	77.02879	76.97796	76.56169
6/2/2025	3:56:07 PM	77.15628	77.13886	76.99994	77.07731	77.03474	77.07968	77.17693	77.00476	77.20160	77.03117	77.07067	77.02936	76.97848	76.56213
6/2/2025	3:56:11 PM	77.15678	77.13904	76.99995	77.07751	77.03445	77.07987	77.17705	77.00543	77.20192	77.03175	77.07045	77.02938	76.97859	76.56228
6/2/2025	3:56:14 PM	77.15713	77.13912	76.99963	77.07786	77.03456	77.07962	77.17695	77.00483	77.20166	77.03136	77.07102	77.02910	76.97811	76.56176
6/2/2025	3:56:18 PM	77.15664	77.13889	76.99979	77.07767	77.03439	77.07977	77.17667	77.00497	77.20187	77.03127	77.07073	77.02952	76.97786	76.56213
6/2/2025	3:56:21 PM	77.15692	77.13929	76.99989	77.07752	77.03481	77.07999	77.17728	77.00523	77.20201	77.03155	77.07101	77.02950	76.97834	76.56192
6/2/2025	3:56:25 PM	77.15667	77.13904	77.00021	77.07781	77.03440	77.08032	77.17701	77.00516	77.20233	77.03159	77.07076	77.02947	76.97824	76.56205
6/2/2025	3:56:29 PM	77.15672	77.13933	76.99984	77.07771	77.03438	77.08027	77.17728	77.00512	77.20169	77.03134	77.07058	77.02940	76.97778	76.56175
6/2/2025	3:56:32 PM	77.15663	77.13889	76.99953	77.07742	77.03440	77.07964	77.17679	77.00477	77.20144	77.03118	77.07004	77.02899	76.97763	76.56149
6/2/2025	3:56:36 PM	77.15604	77.13875	76.99920	77.07683	77.03413	77.07958	77.17684	77.00476	77.20137	77.03054	77.06950	77.02818	76.97728	76.56148
6/2/2025	3:56:39 PM	77.15588	77.13790	76.99847	77.07659	77.03347	77.07973	77.17623	77.00465	77.20081	77.03069	77.06986	77.02893	76.97707	76.56098
6/2/2025	3:56:43 PM	77.15640	77.13840	76.99922	77.07696	77.03407	77.07978	77.17632	77.00476	77.20102	77.03138	77.07044	77.02910	76.97764	76.56161
6/2/2025	3:56:46 PM	77.15655	77.13878	76.99916	77.07669	77.03402	77.07969	77.17680	77.00472	77.20119	77.03083	77.07018	77.02882	76.97721	76.56148
6/2/2025	3:56:50 PM	77.15633	77.13848	76.99908	77.07724	77.03370	77.07960	77.17664	77.00470	77.20076	77.03068	77.06955	77.02824	76.97719	76.56091
6/2/2025	3:56:54 PM	77.15592	77.13895	76.99950	77.07666	77.03380	77.07946	77.17631	77.00452	77.20052	77.03071	77.06988	77.02835	76.97703	76.56109
6/2/2025	3:56:57 PM	77.15620	77.13864	76.99959	77.07687	77.03386	77.07958	77.17682	77.00466	77.20112	77.03058	77.07010	77.02884	76.97704	76.56094
6/2/2025	3:57:01 PM	77.15623	77.13905	76.99946	77.07727	77.03385	77.07982	77.17630	77.00462	77.20053	77.03068	77.06980	77.02834	76.97762	76.56120
6/2/2025	3:57:04 PM	77.15604	77.13846	76.99922	77.07697	77.03451	77.07951	77.17648	77.00444	77.20100	77.03059	77.07022	77.02843	76.97673	76.56090
6/2/2025	3:57:08 PM	77.15560	77.13836	76.99884	77.07680	77.03329	77.07943	77.17576	77.00414	77.20070	77.03019	77.06986	77.02824	76.97719	76.56144
6/2/2025	3:57:12 PM	77.15579	77.13789	76.99857	77.07616	77.03351	77.07869	77.17560	77.00392	77.20007	77.02976	77.06938	77.02785	76.97647	76.56049
6/2/2025	3:57:15 PM	77.15544	77.13759	76.99812	77.07610	77.03342	77.07903	77.17535	77.00360	77.19998	77.02998	77.06911	77.02773	76.97626	76.55998
6/2/2025	3:57:19 PM	77.15516	77.13742	76.99824	77.07615	77.03311	77.07913	77.17532	77.00359	77.20007	77.02938	77.06892	77.02739	76.97607	76.56028
6/2/2025	3:57:22 PM	77.15492	77.13761	76.99839	77.07599	77.03286	77.07867	77.17524	77.00339	77.19968	77.02961	77.06885	77.02767	76.97630	76.56042
6/2/2025	3:57:26 PM	77.15514	77.13703	76.99830	77.07560	77.03263	77.07871	77.17477	77.00324	77.19936	77.02899	77.06862	77.02723	76.97605	76.56028
6/2/2025	3:57:30 PM	77.15520	77.13737	76.99823	77.07544	77.03263	77.07874	77.17508	77.00366	77.19993	77.02948	77.06868	77.02744	76.97581	76.55981
6/2/2025	3:57:33 PM	77.15498	77.13759	76.99807	77.07611	77.03282	77.07906	77.17520	77.00367	77.19962	77.02961	77.06913	77.02752	76.97664	76.56042
6/2/2025	3:57:37 PM	77.15542	77.13761	76.99852	77.07568	77.03305	77.07887	77.17554	77.00337	77.19970	77.02933	77.06870	77.02742	76.97590	76.56018
6/2/2025	3:57:40 PM	77.15491	77.13732	76.99787	77.07565	77.03262	77.07891	77.17559	77.00365	77.19995	77.02891	77.06893	77.02712	76.97555	76.55948
6/2/2025	3:57:44 PM	77.15503	77.13715	76.99795	77.07555	77.03251	77.07845	77.17549	77.00354	77.19985	77.02918	77.06852	77.02719	76.97605	76.55989
6/2/2025	3:57:48 PM	77.15500	77.13734	76.99783	77.07566	77.03276	77.07905	77.17569	77.00371	77.19971	77.02933	77.06845	77.02754	76.97605	76.55984
6/2/2025	3:57:51 PM	77.15464	77.13711	76.99772	77.07583	77.03276	77.07877	77.17542	77.00306	77.19951	77.02919	77.06853	77.02723	76.97566	76.55982
6/2/2025	3:57:55 PM	77.15453	77.13699	76.99774	77.07535	77.03250	77.07856	77.17552	77.00337	77.19956	77.02885	77.06874	77.02721	76.97556	76.55995
6/2/2025	3:57:58 PM	77.15464	77.13696	76.99734	77.07520	77.03253	77.07835	77.17463	77.00302	77.19907	77.02923	77.06809	77.02720	76.97584	76.55981
6/2/2025	3:58:02 PM	77.15474	77.13706	76.99737	77.07553	77.03259	77.07836	77.17452	77.00304	77.19953	77.02916	77.06880	77.02700	76.97563	76.55992
6/2/2025	3:58:05 PM	77.15504	77.13709	76.99751	77.07562	77.03283	77.07875	77.17452	77.00318	77.19936	77.02875	77.06814	77.02699	76.97547	76.55971
6/2/2025	3:58:09 PM	77.15457	77.13682	76.99754	77.07547	77.03266	77.07840	77.17482	77.00320	77.19956	77.02915	77.06826	77.02719	76.97566	76.55983
6/2/2025	3:58:12 PM	77.15480	77.13672	76.99729	77.07549	77.03273	77.07871	77.17469	77.00321	77.19948	77.02913	77.06844	77.02695	76.97562	76.55959
6/2/2025	3:58:16 PM	77.15445	77.13640	76.99719	77.07485	77.03249	77.07828	77.17438	77.00280	77.19957	77.02903	77.06823	77.02686	76.97554	76.55958
6/2/2025	3:58:20 PM	77.15427	77.13683	76.99734	77.07529	77.03279	77.07806	77.17464	77.00253	77.19917	77.02887	77.06814	77.02658	76.97556	76.55919
6/2/2025	3:58:23 PM	77.15405	77.13634	76.99708	77.07520	77.03242	77.07844	77.17460	77.00318	77.19938	77.02885	77.06804	77.02671	76.97545	76.55972
6/2/2025	3:58:27 PM	77.15459	77.13692	76.99737	77.07542	77.03230	77.07865	77.17505	77.00290	77.19930	77.02878	77.06833	77.02711	76.97564	76.55999
6/2/2025	3:58:30 PM	77.15451	77.13668	76.99705	77.07548	77.03244	77.07851	77.17488	77.00301	77.19915	77.02899	77.06840	77.02690	76.97595	76.55994
6/2/2025	3:58:34 PM	77.15454	77.13692	76.99770	77.07512	77.03235	77.07827	77.17424	77.00287	77.19925	77.02891	77.06872	77.02685	76.97554	76.55958
6/2/2025	3:58:38 PM	77.15405	77.13688	76.99751	77.07516	77.03268	77.07865	77.17422	77.00316	77.19936	77.02895	77.06825	77.02693	76.97544	76.55967
6/2/2025	3:58:41 PM	77.15433	77.13660	76.99725	77.07577	77.03246	77.07829	77.17366	77.00279	77.19904	77.02875	77.06833	77.02712	76.97579	76.56007
6/2/2025	3:58:45 PM	77.15453	77.13676	76.99752	77.07551	77.03272	77.07837	77.17422	77.00343	77.19980	77.02924	77.06845	77.02667	76.97526	76.55966
6/2/2025	3:58:48 PM	77.15482	77.13652	76.99720	77.07519	77.03182	77.07845	77.17444	77.00324	77.19955	77.02939	77.06852	77.02704	76.97581	76.56005
6/2/2025	3:58:52 PM	77.15405	77.13690	76.99715	77.07541	77.03241	77.07824	77.17445	77.00330	77.19924	77.02907	77.06843	77.02689	76.97582	76.55944
6/2/2025	3:58:55 PM	77.15443	77.13666	76.99738	77.07509	77.03227	77.07848	77.17431	77.00300	77.19932	77.02905	77.06825	77.02695	76.97554	76.55959
6/2/2025	3:58:59 PM	77.15454	77.13636	76.99755	77.07563	77.03235	77.07796	77.17468	77.00273	77.19945	77.02889	77.06791	77.02702	76.97565	76.56003
6/2/2025	3:59:03 PM	77.15443	77.13690	76.99737	77.07570	77.03211	77.07838	77.17476	77.00290	77.19902	77.02881	77.06852	77.02705	76.97565	76.55990
6/2/2025	3:59:06 PM	77.15415	77.13661	76.99719	77.07540	77.03253	77.07801	77.17497	77.00274	77.19965	77.02912	77.06843	77.02722	76.97595	76.56020
6/2/2025	3:59:10 PM	77.15448	77.13722	76.99744	77.07587	77.03282	77.07863	77.17513	77.00325	77.19946	77.02929	77.06886	77.02731	76.97612	76.56005
6/2/2025	3:59:13 PM	77.15467	77.13758	76.99762	77.07564	77.03265	77.07862	77.17542	77.00315	77.19968	77.02971	77.06900	77.02758	76.97650	76.56032
6/2/2025	3:59:17 PM	77.15446	77.13738	76.99845	77.07588	77.03305	77.07829	77.17520	77.00339	77.20003	77.02946	77.06882	77.02737	76.97597	76.56007
6/2/2025	3:59:20 PM	77.15506	77.13723	76.99830	77.07586	77.03284	77.07856	77.17526	77.00303	77.19938	77.02937	77.06879	77.02743	76.97612	76.56007
6/2/2025	3:59:24 PM	77.15466	77.13739	76.99838	77.07609	77.03279	77.07821	77.17490	77.00277	77.19931	77.02956	77.06901	77.02764	76.97644	76.56050
6/2/2025	3:59:27 PM	77.15483	77.13696	76.99795	77.07548	77.03248	77.07833	77.17481	77.00278	77.19952	77.02947	77.06843	77.02701	76.97579	76.55992
6/2/2025	3:59:31 PM	77.15515	77.13735	76.99805	77.07566	77.03191	77.07810	77.17530	77.00327	77.19966	77.02962	77.06869	77.02718	76.97570	76.56017
6/2/2025	3:59:34 PM	77.15480	77.13737	76.99839	77.07607	77.03228	77.07826	77.17499	77.00310	77.19950	77.02946	77.06850	77.02735	76.97617	76.56016
6/2/2025	3:59:38 PM	77.15495	77.13772	76.99803	77.07606	77.03291	77.07895	77.17519	77.00342	77.19995	77.02969	77.06920	77.02795	76.97656	76.56045
6/2/2025	3:59:42 PM	77.15511	77.13743	76.99837	77.07609	77.03304	77.07867	77.17540	77.00350	77.20034	77.02987	77.06902	77.02761	76.97638	76.55997
6/2/2025	3:59:45 PM	77.15509	77.13714	76.99772	77.07557	77.03258	77.07888	77.17513	77.00341	77.19995	77.02951	77.06881	77.02720	76.97638	76.56045
6/2/2025	3:59:49 PM	77.15500	77.13777	76.99826	77.07608	77.03245	77.07905	77.17586	77.00399	77.20039	77.02978	77.06905	77.02747	76.97609	76.56042
6/2/2025	3:59:52 PM	77.15519	77.13767	76.99805	77.07587	77.03267	77.07850	77.17489	77.00344	77.19967	77.02950	77.06887	77.02707	76.97638	76.56034
6/2/2025	3:59:56 PM	77.15513	77.13744	76.99798	77.07586	77.03246	77.07837	77.17490	77.00339	77.20007	77.02965	77.06858	77.02744	76.97652	76.56003
6/2/2025	3:59:59 PM	77.15504	77.13771	76.99807	77.07588	77.03233	77.07836	77.17475	77.00364	77.19992	77.02951	77.06886	77.02755	76.97643	76.56032
6/2/2025	4:00:03 PM	77.15492	77.13766	76.99812	77.07575	77.03276	77.07790	77.17514	77.00352	77.19994	77.02972	77.06907	77.02742	76.97627	76.55989
6/2/2025	4:00:06 PM	77.15524	77.13750	76.99811	77.07581	77.03244	77.07821	77.17510	77.00314	77.19987	77.02956	77.06842	77.02654	76.97591	76.55992
6/2/2025	4:00:10 PM	77.15489	77.13708	76.99795	77.07575	77.03246	77.07797	77.17474	77.00343	77.19956	77.02926	77.06855	77.02705	76.97613	76.55976
6/2/2025	4:00:14 PM	77.15474	77.13735	76.99761	77.07536	77.03238	77.07806	77.17484	77.00310	77.19962	77.02913	77.06877	77.02733	76.97604	76.55963
6/2/2025	4:00:17 PM	77.15455	77.13707	76.99760	77.07556	77.03254	77.07820	77.17495	77.00353	77.19980	77.02933	77.06819	77.02663	76.97572	76.55954
6/2/2025	4:00:21 PM	77.15458	77.13691	76.99759	77.07526	77.03227	77.07766	77.17423	77.00264	77.19906	77.02885	77.06823	77.02655	76.97579	76.55952
6/2/2025	4:00:24 PM	77.15408	77.13672	76.99696	77.07526	77.03219	77.07781	77.17451	77.00295	77.19879	77.02890	77.06805	77.02681	76.97546	76.55888
6/2/2025	4:00:28 PM	77.15416	77.13668	76.99709	77.07474	77.03252	77.07762	77.17432	77.00287	77.19899	77.02885	77.06785	77.02615	76.97545	76.55916
6/2/2025	4:00:32 PM	77.15388	77.13638	76.99703	77.07474	77.03210	77.07803	77.17456	77.00256	77.19860	77.02839	77.06807	77.02651	76.97554	76.55929
6/2/2025	4:00:35 PM	77.15385	77.13642	76.99687	77.07448	77.03222	77.07779	77.17450	77.00262	77.19892	77.02869	77.06780	77.02616	76.97551	76.55885
6/2/2025	4:00:39 PM	77.15408	77.13659	76.99674	77.07466	77.03187	77.07791	77.17436	77.00262	77.19911	77.02870	77.06835	77.02649	76.97567	76.55925
6/2/2025	4:00:42 PM	77.15432	77.13650	76.99741	77.07536	77.03276	77.07846	77.17501	77.00301	77.19922	77.02918	77.06839	77.02699	76.97558	76.55983
6/2/2025	4:00:46 PM	77.15453	77.13669	76.99753	77.07558	77.03261	77.07887	77.17514	77.00299	77.19929	77.02933	77.06899	77.02705	76.97592	76.55965
6/2/2025	4:00:49 PM	77.15460	77.13702	76.99748	77.07541	77.03294	77.07866	77.17508	77.00311	77.19948	77.02884	77.06814	77.02696	76.97549	76.55939
6/2/2025	4:00:53 PM	77.15427	77.13671	76.99732	77.07508	77.03237	77.07858	77.17482	77.00324	77.19904	77.02890	77.06764	77.02647	76.97587	76.55980
6/2/2025	4:00:57 PM	77.15461	77.13657	76.99738	77.07501	77.03227	77.07804	77.17493	77.00296	77.19912	77.02866	77.06810	77.02703	76.97582	76.55949
6/2/2025	4:01:00 PM	77.15457	77.13673	76.99730	77.07511	77.03237	77.07862	77.17501	77.00338	77.19955	77.02938	77.06855	77.02701	76.97591	76.55995
6/2/2025	4:01:04 PM	77.15475	77.13659	76.99724	77.07514	77.03258	77.07851	77.17499	77.00303	77.19871	77.02909	77.06838	77.02698	76.97543	76.55954
6/2/2025	4:01:07 PM	77.15456	77.13679	76.99754	77.07574	77.03277	77.07834	77.17482	77.00293	77.19946	77.02884	77.06830	77.02644	76.97583	76.55964
6/2/2025	4:01:11 PM	77.15453	77.13661	76.99760	77.07496	77.03198	77.07820	77.17473	77.00297	77.19884	77.02863	77.06815	77.02681	76.97586	76.55970
6/2/2025	4:01:14 PM	77.15428	77.13699	76.99726	77.07537	77.03277	77.07860	77.17482	77.00351	77.19951	77.02911	77.06818	77.02698	76.97550	76.55937
6/2/2025	4:01:18 PM	77.15428	77.13645	76.99694	77.07493	77.03288	77.07826	77.17488	77.00271	77.19930	77.02902	77.06831	77.02698	76.97577	76.55954
6/2/2025	4:01:22 PM	77.15417	77.13696	76.99701	77.07590	77.03248	77.07868	77.17483	77.00313	77.19938	77.02930	77.06866	77.02708	76.97617	76.56006
6/2/2025	4:01:25 PM	77.15438	77.13677	76.99724	77.07524	77.03290	77.07818	77.17481	77.00291	77.19856	77.02910	77.06813	77.02641	76.97589	76.56025
6/2/2025	4:01:29 PM	77.15445	77.13676	76.99789	77.07534	77.03280	77.07849	77.17496	77.00335	77.19980	77.02932	77.06854	77.02686	76.97572	76.55971
6/2/2025	4:01:32 PM	77.15468	77.13741	76.99726	77.07596	77.03295	77.07868	77.17503	77.00351	77.19955	77.02938	77.06880	77.02706	76.97620	76.55998
6/2/2025	4:01:36 PM	77.15504	77.13715	76.99776	77.07523	77.03274	77.07851	77.17471	77.00313	77.19941	77.02909	77.06880	77.02692	76.97577	76.55978
6/2/2025	4:01:39 PM	77.15463	77.13705	76.99731	77.07517	77.03233	77.07834	77.17489	77.00276	77.19894	77.02914	77.06856	77.02683	76.97554	76.55977
6/2/2025	4:01:43 PM	77.15422	77.13654	76.99738	77.07544	77.03241	77.07780	77.17434	77.00292	77.19887	77.02873	77.06849	77.02670	76.97587	76.55961
6/2/2025	4:01:47 PM	77.15420	77.13664	76.99766	77.07558	77.03265	77.07824	77.17475	77.00289	77.19862	77.02827	77.06762	77.02651	76.97547	76.55967
6/2/2025	4:01:50 PM	77.15427	77.13682	76.99746	77.07510	77.03241	77.07796	77.17469	77.00302	77.19906	77.02875	77.06793	77.02612	76.97548	76.55963
6/2/2025	4:01:54 PM	77.15406	77.13633	76.99667	77.07479	77.03225	77.07827	77.17442	77.00295	77.19868	77.02869	77.06830	77.02685	76.97572	76.55910
6/2/2025	4:01:57 PM	77.15421	77.13668	76.99698	77.07491	77.03249	77.07840	77.17446	77.00273	77.19893	77.02862	77.06809	77.02659	76.97511	76.55902
6/2/2025	4:02:01 PM	77.15372	77.13610	76.99672	77.07504	77.03193	77.07789	77.17471	77.00312	77.19893	77.02873	77.06826	77.02639	76.97499	76.55913
6/2/2025	4:02:05 PM	77.15394	77.13628	76.99681	77.07507	77.03237	77.07828	77.17464	77.00267	77.19858	77.02888	77.06793	77.02639	76.97534	76.55935
6/2/2025	4:02:08 PM	77.15434	77.13631	76.99706	77.07512	77.03245	77.07843	77.17479	77.00274	77.19880	77.02859	77.06793	77.02619	76.97481	76.55923
6/2/2025	4:02:12 PM	77.15361	77.13633	76.99694	77.07546	77.03229	77.07883	77.17463	77.00259	77.19903	77.02897	77.06820	77.02634	76.97523	76.55944
6/2/2025	4:02:15 PM	77.15405	77.13632	76.99750	77.07544	77.03223	77.07806	77.17463	77.00268	77.19849	77.02849	77.06821	77.02591	76.97483	76.55934
6/2/2025	4:02:19 PM	77.15375	77.13604	76.99682	77.07508	77.03243	77.07828	77.17443	77.00265	77.19842	77.02860	77.06775	77.02621	76.97490	76.55884
6/2/2025	4:02:23 PM	77.15420	77.13646	76.99682	77.07512	77.03225	77.07833	77.17445	77.00303	77.19891	77.02857	77.06762	77.02613	76.97513	76.55904
6/2/2025	4:02:26 PM	77.15410	77.13637	76.99691	77.07508	77.03205	77.07812	77.17448	77.00273	77.19870	77.02880	77.06756	77.02577	76.97509	76.55896
6/2/2025	4:02:30 PM	77.15389	77.13651	76.99717	77.07506	77.03172	77.07798	77.17418	77.00283	77.19844	77.02850	77.06786	77.02647	76.97551	76.55940
6/2/2025	4:02:33 PM	77.15424	77.13660	76.99710	77.07503	77.03198	77.07796	77.17453	77.00227	77.19857	77.02878	77.06784	77.02598	76.97518	76.55916
6/2/2025	4:02:37 PM	77.15376	77.13627	76.99685	77.07502	77.03226	77.07787	77.17417	77.00256	77.19843	77.02879	77.06739	77.02596	76.97535	76.55931
6/2/2025	4:02:41 PM	77.15358	77.13619	76.99682	77.07480	77.03241	77.07791	77.17456	77.00285	77.19893	77.02874	77.06814	77.02614	76.97524	76.55923
6/2/2025	4:02:44 PM	77.15370	77.13611	76.99699	77.07521	77.03200	77.07839	77.17411	77.00246	77.19854	77.02878	77.06789	77.02609	76.97546	76.55924
6/2/2025	4:02:48 PM	77.15359	77.13636	76.99685	77.07510	77.03240	77.07800	77.17411	77.00207	77.19866	77.02906	77.06796	77.02653	76.97530	76.55922
6/2/2025	4:02:51 PM	77.15380	77.13629	76.99725	77.07508	77.03239	77.07837	77.17443	77.00227	77.19875	77.02839	77.06788	77.02642	76.97540	76.55921
6/2/2025	4:02:55 PM	77.15393	77.13631	76.99702	77.07492	77.03214	77.07805	77.17393	77.00244	77.19865	77.02881	77.06811	77.02654	76.97501	76.55932
6/2/2025	4:02:58 PM	77.15419	77.13638	76.99697	77.07492	77.03237	77.07842	77.17439	77.00265	77.19862	77.02914	77.06837	77.02651	76.97591	76.55980
6/2/2025	4:03:02 PM	77.15426	77.13652	76.99728	77.07540	77.03273	77.07855	77.17468	77.00285	77.19843	77.02871	77.06826	77.02656	76.97566	76.55954
6/2/2025	4:03:06 PM	77.15461	77.13685	76.99738	77.07540	77.03272	77.07855	77.17455	77.00264	77.19913	77.02914	77.06833	77.02665	76.97564	76.55968
6/2/2025	4:03:09 PM	77.15429	77.13667	76.99707	77.07499	77.03279	77.07851	77.17488	77.00284	77.19886	77.02875	77.06816	77.02635	76.97518	76.55963
6/2/2025	4:03:13 PM	77.15415	77.13642	76.99724	77.07494	77.03236	77.07800	77.17446	77.00237	77.19850	77.02878	77.06766	77.02575	76.97521	76.55905
6/2/2025	4:03:16 PM	77.15406	77.13657	76.99703	77.07535	77.03239	77.07831	77.17433	77.00229	77.19863	77.02809	77.06732	77.02632	76.97503	76.55897
6/2/2025	4:03:20 PM	77.15332	77.13616	76.99695	77.07492	77.03219	77.07789	77.17441	77.00233	77.19832	77.02828	77.06761	77.02584	76.97515	76.55913
6/2/2025	4:03:24 PM	77.15355	77.13632	76.99708	77.07502	77.03261	77.07825	77.17486	77.00251	77.19841	77.02870	77.06764	77.02621	76.97516	76.55960
6/2/2025	4:03:27 PM	77.15381	77.13599	76.99691	77.07483	77.03240	77.07825	77.17487	77.00287	77.19844	77.02836	77.06759	77.02593	76.97525	76.55909
6/2/2025	4:03:31 PM	77.15365	77.13636	76.99706	77.07493	77.03258	77.07870	77.17506	77.00285	77.19905	77.02876	77.06825	77.02650	76.97542	76.55935
6/2/2025	4:03:34 PM	77.15408	77.13628	76.99722	77.07537	77.03270	77.07858	77.17481	77.00297	77.19924	77.02882	77.06782	77.02634	76.97551	76.55922
6/2/2025	4:03:38 PM	77.15393	77.13637	76.99726	77.07515	77.03290	77.07881	77.17506	77.00279	77.19914	77.02887	77.06819	77.02663	76.97545	76.55951
6/2/2025	4:03:42 PM	77.15426	77.13664	76.99725	77.07542	77.03312	77.07867	77.17492	77.00272	77.19896	77.02867	77.06812	77.02661	76.97563	76.55936
6/2/2025	4:03:45 PM	77.15434	77.13648	76.99747	77.07567	77.03268	77.07859	77.17497	77.00285	77.19899	77.02914	77.06849	77.02701	76.97587	76.55952
6/2/2025	4:03:49 PM	77.15427	77.13678	76.99766	77.07557	77.03290	77.07852	77.17504	77.00335	77.19902	77.02888	77.06781	77.02662	76.97518	76.55980
6/2/2025	4:03:52 PM	77.15413	77.13692	76.99742	77.07566	77.03293	77.07884	77.17523	77.00336	77.19917	77.02900	77.06816	77.02667	76.97576	76.55993
6/2/2025	4:03:56 PM	77.15385	77.13659	76.99753	77.07512	77.03227	77.07833	77.17481	77.00278	77.19903	77.02918	77.06825	77.02656	76.97618	76.55994
6/2/2025	4:04:00 PM	77.15455	77.13699	76.99803	77.07569	77.03256	77.07837	77.17548	77.00338	77.19946	77.02962	77.06821	77.02687	76.97568	76.55995
6/2/2025	4:04:03 PM	77.15458	77.13689	76.99816	77.07569	77.03258	77.07867	77.17486	77.00322	77.19900	77.02925	77.06823	77.02706	76.97597	76.55970
6/2/2025	4:04:07 PM	77.15416	77.13710	76.99763	77.07556	77.03272	77.07872	77.17558	77.00363	77.19945	77.02953	77.06911	77.02685	76.97620	76.56018
6/2/2025	4:04:10 PM	77.15497	77.13740	76.99816	77.07619	77.03287	77.07872	77.17610	77.00363	77.19986	77.02975	77.06888	77.02714	76.97593	76.56037
6/2/2025	4:04:14 PM	77.15515	77.13761	76.99827	77.07607	77.03311	77.07898	77.17570	77.00407	77.19976	77.02970	77.06906	77.02747	76.97667	76.56033
6/2/2025	4:04:17 PM	77.15485	77.13745	76.99836	77.07594	77.03311	77.07911	77.17575	77.00361	77.19967	77.02988	77.06909	77.02731	76.97682	76.56047
6/2/2025	4:04:21 PM	77.15514	77.13728	76.99821	77.07564	77.03314	77.07880	77.17532	77.00383	77.19940	77.02996	77.06888	77.02705	76.97649	76.56012
6/2/2025	4:04:25 PM	77.15487	77.13743	76.99836	77.07595	77.03304	77.07869	77.17538	77.00325	77.20008	77.02999	77.06912	77.02731	76.97615	76.56012
6/2/2025	4:04:28 PM	77.15435	77.13771	76.99801	77.07639	77.03353	77.07946	77.17567	77.00353	77.19981	77.02970	77.06883	77.02731	76.97653	76.56014
6/2/2025	4:04:32 PM	77.15470	77.13775	76.99875	77.07639	77.03341	77.07913	77.17574	77.00391	77.19997	77.02964	77.06892	77.02716	76.97610	76.56036
6/2/2025	4:04:35 PM	77.15481	77.13717	76.99850	77.07594	77.03294	77.07862	77.17554	77.00371	77.19963	77.02981	77.06899	77.02693	76.97612	76.56067
6/2/2025	4:04:39 PM	77.15452	77.13708	76.99800	77.07586	77.03318	77.07857	77.17489	77.00348	77.19976	77.02951	77.06882	77.02697	76.97575	76.56005
6/2/2025	4:04:43 PM	77.15403	77.13669	76.99757	77.07551	77.03275	77.07850	77.17504	77.00313	77.19963	77.02966	77.06868	77.02652	76.97549	76.55947
6/2/2025	4:04:46 PM	77.15433	77.13686	76.99740	77.07564	77.03277	77.07838	77.17491	77.00358	77.19904	77.02870	77.06788	77.02652	76.97515	76.55938
6/2/2025	4:04:50 PM	77.15390	77.13596	76.99703	77.07427	77.03214	77.07814	77.17361	77.00284	77.19823	77.02864	77.06724	77.02573	76.97482	76.55899
6/2/2025	4:04:53 PM	77.15373	77.13607	76.99684	77.07445	77.03209	77.07820	77.17396	77.00294	77.19893	77.02889	77.06780	77.02657	76.97566	76.55987
6/2/2025	4:04:57 PM	77.15436	77.13685	76.99749	77.07544	77.03282	77.07864	77.17445	77.00342	77.19900	77.02913	77.06843	77.02652	76.97561	76.55979
6/2/2025	4:05:01 PM	77.15381	77.13589	76.99700	77.07467	77.03222	77.07780	77.17403	77.00241	77.19898	77.02859	77.06777	77.02626	76.97552	76.55917
6/2/2025	4:05:04 PM	77.15388	77.13620	76.99705	77.07520	77.03238	77.07818	77.17410	77.00264	77.19885	77.02892	77.06827	77.02658	76.97576	76.55980
6/2/2025	4:05:08 PM	77.15372	77.13606	76.99699	77.07478	77.03200	77.07809	77.17387	77.00240	77.19857	77.02817	77.06737	77.02538	76.97476	76.55912
6/2/2025	4:05:11 PM	77.15325	77.13592	76.99671	77.07480	77.03208	77.07787	77.17343	77.00207	77.19872	77.02842	77.06761	77.02612	76.97473	76.55901
6/2/2025	4:05:15 PM	77.15366	77.13592	76.99690	77.07527	77.03249	77.07816	77.17408	77.00255	77.19847	77.02843	77.06763	77.02611	76.97532	76.55926
6/2/2025	4:05:18 PM	77.15324	77.13569	76.99620	77.07472	77.03202	77.07735	77.17409	77.00229	77.19841	77.02831	77.06743	77.02558	76.97509	76.55900
6/2/2025	4:05:22 PM	77.15326	77.13577	76.99616	77.07451	77.03213	77.07693	77.17392	77.00194	77.19798	77.02794	77.06715	77.02562	76.97458	76.55844
6/2/2025	4:05:26 PM	77.15361	77.13579	76.99641	77.07452	77.03179	77.07729	77.17422	77.00220	77.19834	77.02836	77.06708	77.02613	76.97485	76.55887
6/2/2025	4:05:29 PM	77.15341	77.13588	76.99642	77.07452	77.03201	77.07714	77.17417	77.00209	77.19836	77.02782	77.06717	77.02583	76.97468	76.55887
6/2/2025	4:05:33 PM	77.15265	77.13540	76.99589	77.07419	77.03145	77.07732	77.17418	77.00195	77.19816	77.02780	77.06691	77.02550	76.97475	76.55871
6/2/2025	4:05:36 PM	77.15306	77.13519	76.99597	77.07438	77.03102	77.07674	77.17363	77.00222	77.19840	77.02777	77.06739	77.02514	76.97463	76.55864
6/2/2025	4:05:40 PM	77.15298	77.13530	76.99610	77.07436	77.03027	77.07682	77.17361	77.00168	77.19828	77.02792	77.06721	77.02505	76.97464	76.55828
6/2/2025	4:05:44 PM	77.15282	77.13517	76.99599	77.07459	77.03058	77.07746	77.17349	77.00178	77.19772	77.02768	77.06696	77.02550	76.97463	76.55812
6/2/2025	4:05:47 PM	77.15296	77.13522	76.99593	77.07400	77.03038	77.07703	77.17350	77.00151	77.19728	77.02739	77.06680	77.02489	76.97404	76.55799
6/2/2025	4:05:51 PM	77.15259	77.13472	76.99548	77.07357	77.03037	77.07665	77.17386	77.00202	77.19777	77.02717	77.06659	77.02514	76.97438	76.55850
6/2/2025	4:05:54 PM	77.15285	77.13498	76.99561	77.07382	77.03034	77.07678	77.17326	77.00164	77.19787	77.02765	77.06679	77.02493	76.97441	76.55850
6/2/2025	4:05:58 PM	77.15311	77.13535	76.99618	77.07408	77.03073	77.07662	77.17341	77.00140	77.19735	77.02698	77.06616	77.02440	76.97386	76.55797
6/2/2025	4:06:01 PM	77.15240	77.13490	76.99559	77.07366	77.03028	77.07639	77.17324	77.00145	77.19749	77.02741	77.06661	77.02469	76.97364	76.55795
6/2/2025	4:06:05 PM	77.15303	77.13495	76.99563	77.07404	77.03043	77.07625	77.17296	77.00149	77.19703	77.02716	77.06661	77.02458	76.97366	76.55783
6/2/2025	4:06:09 PM	77.15260	77.13490	76.99563	77.07377	77.03046	77.07679	77.17313	77.00111	77.19740	77.02717	77.06641	77.02499	76.97413	76.55843
6/2/2025	4:06:12 PM	77.15302	77.13521	76.99574	77.07363	77.03072	77.07683	77.17312	77.00177	77.19754	77.02730	77.06623	77.02520	76.97404	76.55789
6/2/2025	4:06:16 PM	77.15269	77.13554	76.99548	77.07348	77.03053	77.07664	77.17319	77.00152	77.19730	77.02718	77.06623	77.02479	76.97413	76.55826
6/2/2025	4:06:19 PM	77.15268	77.13495	76.99535	77.07335	77.03065	77.07655	77.17328	77.00164	77.19723	77.02720	77.06631	77.02424	76.97345	76.55737
6/2/2025	4:06:23 PM	77.15178	77.13455	76.99505	77.07293	77.03031	77.07614	77.17276	77.00110	77.19718	77.02727	77.06626	77.02451	76.97373	76.55805
6/2/2025	4:06:26 PM	77.15219	77.13438	76.99530	77.07372	77.03030	77.07619	77.17282	77.00122	77.19735	77.02740	77.06589	77.02433	76.97339	76.55809
6/2/2025	4:06:30 PM	77.15231	77.13467	76.99522	77.07352	77.03082	77.07683	77.17345	77.00150	77.19742	77.02691	77.06657	77.02483	76.97364	76.55790
6/2/2025	4:06:33 PM	77.15209	77.13480	76.99502	77.07352	77.03099	77.07637	77.17291	77.00098	77.19684	77.02690	77.06603	77.02409	76.97329	76.55759
6/2/2025	4:06:37 PM	77.15223	77.13444	76.99525	77.07334	77.03019	77.07552	77.17262	77.00119	77.19701	77.02746	77.06624	77.02423	76.97358	76.55770
6/2/2025	4:06:41 PM	77.15218	77.13453	76.99490	77.07319	77.03048	77.07606	77.17272	77.00103	77.19700	77.02720	77.06652	77.02440	76.97330	76.55761
6/2/2025	4:06:44 PM	77.15229	77.13486	76.99560	77.07356	77.03064	77.07645	77.17279	77.00105	77.19677	77.02672	77.06620	77.02462	76.97343	76.55761
6/2/2025	4:06:48 PM	77.15215	77.13420	76.99488	77.07310	77.03024	77.07581	77.17237	77.00074	77.19677	77.02697	77.06578	77.02386	76.97336	76.55748
6/2/2025	4:06:51 PM	77.15221	77.13449	76.99487	77.07307	77.03079	77.07636	77.17275	77.00111	77.19689	77.02684	77.06630	77.02444	76.97322	76.55742
6/2/2025	4:06:55 PM	77.15214	77.13403	76.99505	77.07371	77.03090	77.07623	77.17289	77.00113	77.19717	77.02734	77.06619	77.02445	76.97342	76.55771
6/2/2025	4:06:58 PM	77.15182	77.13405	76.99518	77.07337	77.03022	77.07621	77.17298	77.00096	77.19680	77.02687	77.06630	77.02419	76.97373	76.55787
6/2/2025	4:07:02 PM	77.15194	77.13462	76.99517	77.07368	77.03052	77.07666	77.17287	77.00123	77.19734	77.02711	77.06645	77.02445	76.97357	76.55790
6/2/2025	4:07:06 PM	77.15200	77.13426	76.99472	77.07332	77.03056	77.07657	77.17282	77.00058	77.19678	77.02694	77.06624	77.02496	76.97391	76.55824
6/2/2025	4:07:09 PM	77.15277	77.13433	76.99545	77.07317	77.03061	77.07648	77.17277	77.00127	77.19712	77.02700	77.06658	77.02485	76.97358	76.55787
6/2/2025	4:07:13 PM	77.15205	77.13481	76.99597	77.07359	77.03107	77.07638	77.17297	77.00106	77.19668	77.02726	77.06602	77.02462	76.97356	76.55799
6/2/2025	4:07:17 PM	77.15253	77.13452	76.99556	77.07378	77.03095	77.07645	77.17333	77.00175	77.19716	77.02747	77.06669	77.02465	76.97398	76.55789
6/2/2025	4:07:20 PM	77.15272	77.13490	76.99535	77.07401	77.03108	77.07696	77.17378	77.00158	77.19730	77.02779	77.06658	77.02489	76.97370	76.55823
6/2/2025	4:07:24 PM	77.15233	77.13447	76.99584	77.07352	77.03067	77.07661	77.17362	77.00131	77.19673	77.02701	77.06601	77.02472	76.97363	76.55775
6/2/2025	4:07:27 PM	77.15192	77.13439	76.99546	77.07342	77.03055	77.07701	77.17310	77.00086	77.19717	77.02718	77.06601	77.02444	76.97354	76.55770
6/2/2025	4:07:31 PM	77.15220	77.13438	76.99539	77.07304	77.03084	77.07629	77.17316	77.00118	77.19703	77.02695	77.06610	77.02431	76.97351	76.55759
6/2/2025	4:07:34 PM	77.15206	77.13461	76.99553	77.07362	77.03071	77.07698	77.17301	77.00100	77.19690	77.02722	77.06638	77.02436	76.97366	76.55805
6/2/2025	4:07:38 PM	77.15222	77.13435	76.99546	77.07341	77.03049	77.07668	77.17317	77.00109	77.19671	77.02694	77.06601	77.02442	76.97316	76.55759
6/2/2025	4:07:41 PM	77.15169	77.13404	76.99499	77.07315	77.03023	77.07629	77.17256	77.00083	77.19681	77.02676	77.06612	77.02442	76.97339	76.55773
6/2/2025	4:07:45 PM	77.15213	77.13419	76.99521	77.07278	77.02998	77.07679	77.17290	77.00101	77.19682	77.02666	77.06584	77.02406	76.97328	76.55751
6/2/2025	4:07:49 PM	77.15208	77.13415	76.99546	77.07320	77.03022	77.07621	77.17282	77.00075	77.19658	77.02706	77.06593	77.02405	76.97315	76.55751
6/2/2025	4:07:52 PM	77.15144	77.13373	76.99489	77.07288	77.03021	77.07659	77.17293	77.00100	77.19672	77.02665	77.06566	77.02453	76.97333	76.55774
6/2/2025	4:07:56 PM	77.15167	77.13386	76.99514	77.07307	77.03031	77.07606	77.17277	77.00080	77.19656	77.02659	77.06591	77.02426	76.97340	76.55750
6/2/2025	4:07:59 PM	77.15211	77.13387	76.99519	77.07285	77.03044	77.07632	77.17279	77.00090	77.19671	77.02683	77.06566	77.02405	76.97328	76.55721
6/2/2025	4:08:03 PM	77.15193	77.13362	76.99529	77.07297	77.02993	77.07627	77.17268	77.00070	77.19636	77.02650	77.06600	77.02437	76.97340	76.55757
6/2/2025	4:08:07 PM	77.15186	77.13398	76.99494	77.07330	77.03053	77.07621	77.17286	77.00066	77.19659	77.02634	77.06561	77.02405	76.97296	76.55740
6/2/2025	4:08:10 PM	77.15146	77.13395	76.99488	77.07240	77.02973	77.07613	77.17262	77.00049	77.19643	77.02647	77.06566	77.02401	76.97324	76.55737
6/2/2025	4:08:14 PM	77.15182	77.13408	76.99492	77.07275	77.03017	77.07662	77.17269	77.00056	77.19675	77.02696	77.06564	77.02423	76.97314	76.55770
6/2/2025	4:08:17 PM	77.15167	77.13394	76.99511	77.07308	77.03029	77.07643	77.17317	77.00088	77.19650	77.02645	77.06580	77.02421	76.97333	76.55747
6/2/2025	4:08:21 PM	77.15165	77.13414	76.99515	77.07285	77.03022	77.07666	77.17239	77.00084	77.19641	77.02701	77.06636	77.02434	76.97365	76.55769
6/2/2025	4:08:24 PM	77.15198	77.13392	76.99526	77.07302	77.03042	77.07657	77.17314	77.00075	77.19673	77.02674	77.06606	77.02425	76.97312	76.55755
6/2/2025	4:08:28 PM	77.15192	77.13412	76.99520	77.07330	77.03075	77.07655	77.17302	77.00099	77.19717	77.02723	77.06626	77.02452	76.97341	76.55763
6/2/2025	4:08:32 PM	77.15190	77.13415	76.99515	77.07316	77.03054	77.07662	77.17234	77.00103	77.19714	77.02694	77.06607	77.02413	76.97339	76.55800
6/2/2025	4:08:35 PM	77.15172	77.13386	76.99534	77.07314	77.02992	77.07651	77.17247	77.00101	77.19709	77.02679	77.06559	77.02414	76.97304	76.55750
6/2/2025	4:08:39 PM	77.15234	77.13459	76.99561	77.07330	77.03092	77.07674	77.17271	77.00146	77.19691	77.02744	77.06626	77.02436	76.97359	76.55793
6/2/2025	4:08:42 PM	77.15269	77.13416	76.99536	77.07354	77.03110	77.07743	77.17322	77.00090	77.19700	77.02728	77.06681	77.02494	76.97369	76.55819
6/2/2025	4:08:46 PM	77.15327	77.13422	76.99506	77.07353	77.03100	77.07724	77.17296	77.00129	77.19731	77.02733	77.06637	77.02464	76.97368	76.55854
6/2/2025	4:08:50 PM	77.15359	77.13450	76.99512	77.07379	77.03119	77.07737	77.17322	77.00175	77.19790	77.02792	77.06679	77.02533	76.97399	76.55827
6/2/2025	4:08:53 PM	77.15326	77.13469	76.99589	77.07361	77.03148	77.07731	77.17346	77.00150	77.19695	77.02727	77.06647	77.02499	76.97392	76.55828
6/2/2025	4:08:57 PM	77.15279	77.13464	76.99578	77.07389	77.03144	77.07745	77.17334	77.00146	77.19772	77.02774	77.06695	77.02478	76.97414	76.55845
6/2/2025	4:09:00 PM	77.15279	77.13493	76.99603	77.07412	77.03122	77.07727	77.17326	77.00159	77.19789	77.02753	77.06648	77.02491	76.97399	76.55834
6/2/2025	4:09:04 PM	77.15285	77.13470	76.99572	77.07385	77.03172	77.07736	77.17326	77.00147	77.19750	77.02720	77.06668	77.02471	76.97376	76.55797
6/2/2025	4:09:08 PM	77.15274	77.13462	76.99534	77.07365	77.03139	77.07719	77.17309	77.00130	77.19739	77.02726	77.06627	77.02431	76.97370	76.55810
6/2/2025	4:09:11 PM	77.15259	77.13465	76.99574	77.07375	77.03127	77.07709	77.17316	77.00133	77.19719	77.02727	77.06669	77.02483	76.97389	76.55839
6/2/2025	4:09:15 PM	77.15310	77.13485	76.99590	77.07467	77.03197	77.07741	77.17377	77.00161	77.19774	77.02772	77.06712	77.02513	76.97429	76.55818
6/2/2025	4:09:18 PM	77.15231	77.13504	76.99600	77.07403	77.03169	77.07676	77.17319	77.00103	77.19704	77.02766	77.06670	77.02471	76.97382	76.55822
6/2/2025	4:09:22 PM	77.15227	77.13444	76.99588	77.07369	77.03132	77.07680	77.17329	77.00113	77.19747	77.02764	77.06689	77.02441	76.97381	76.55790
6/2/2025	4:09:25 PM	77.15282	77.13445	76.99541	77.07373	77.03181	77.07702	77.17316	77.00183	77.19731	77.02759	77.06684	77.02499	76.97353	76.55793
6/2/2025	4:09:29 PM	77.15223	77.13483	76.99577	77.07346	77.03131	77.07641	77.17295	77.00149	77.19688	77.02707	77.06643	77.02455	76.97383	76.55819
6/2/2025	4:09:33 PM	77.15239	77.13452	76.99547	77.07383	77.03141	77.07724	77.17310	77.00145	77.19746	77.02705	77.06660	77.02492	76.97359	76.55796
6/2/2025	4:09:36 PM	77.15231	77.13455	76.99582	77.07374	77.03138	77.07714	77.17291	77.00144	77.19712	77.02722	77.06652	77.02444	76.97380	76.55762
6/2/2025	4:09:40 PM	77.15250	77.13479	76.99582	77.07359	77.03103	77.07705	77.17296	77.00131	77.19712	77.02710	77.06625	77.02440	76.97378	76.55786
6/2/2025	4:09:43 PM	77.15203	77.13430	76.99536	77.07313	77.03111	77.07673	77.17331	77.00130	77.19730	77.02738	77.06661	77.02453	76.97332	76.55788
6/2/2025	4:09:47 PM	77.15257	77.13462	76.99564	77.07361	77.03168	77.07722	77.17316	77.00126	77.19700	77.02754	77.06675	77.02493	76.97375	76.55803
6/2/2025	4:09:50 PM	77.15247	77.13456	76.99566	77.07379	77.03159	77.07683	77.17352	77.00146	77.19761	77.02742	77.06633	77.02445	76.97348	76.55780
6/2/2025	4:09:54 PM	77.15196	77.13429	76.99532	77.07347	77.03123	77.07692	77.17277	77.00133	77.19706	77.02675	77.06627	77.02445	76.97347	76.55754
6/2/2025	4:09:58 PM	77.15190	77.13416	76.99560	77.07343	77.03155	77.07727	77.17335	77.00191	77.19749	77.02732	77.06647	77.02459	76.97354	76.55765
6/2/2025	4:10:01 PM	77.15175	77.13440	76.99565	77.07357	77.03131	77.07751	77.17351	77.00186	77.19760	77.02769	77.06701	77.02506	76.97411	76.55828
6/2/2025	4:10:05 PM	77.15261	77.13485	76.99595	77.07380	77.03155	77.07805	77.17375	77.00199	77.19817	77.02761	77.06687	77.02549	76.97435	76.55839
6/2/2025	4:10:08 PM	77.15262	77.13483	76.99603	77.07446	77.03202	77.07812	77.17389	77.00280	77.19812	77.02805	77.06738	77.02558	76.97450	76.55872
6/2/2025	4:10:12 PM	77.15311	77.13505	76.99606	77.07466	77.03198	77.07800	77.17397	77.00222	77.19853	77.02788	77.06720	77.02533	76.97455	76.55895
6/2/2025	4:10:15 PM	77.15338	77.13530	76.99628	77.07477	77.03185	77.07760	77.17394	77.00212	77.19806	77.02767	77.06678	77.02540	76.97426	76.55809
6/2/2025	4:10:19 PM	77.15316	77.13490	76.99591	77.07448	77.03137	77.07746	77.17408	77.00197	77.19784	77.02794	77.06671	77.02530	76.97455	76.55865
6/2/2025	4:10:23 PM	77.15268	77.13484	76.99587	77.07390	77.03176	77.07705	77.17445	77.00233	77.19832	77.02779	77.06718	77.02523	76.97387	76.55840
6/2/2025	4:10:26 PM	77.15286	77.13475	76.99575	77.07411	77.03180	77.07815	77.17367	77.00215	77.19807	77.02809	77.06714	77.02529	76.97416	76.55863
6/2/2025	4:10:30 PM	77.15260	77.13443	76.99561	77.07396	77.03169	77.07765	77.17370	77.00216	77.19823	77.02789	77.06721	77.02560	76.97446	76.55864
6/2/2025	4:10:34 PM	77.15291	77.13514	76.99623	77.07451	77.03180	77.07773	77.17409	77.00165	77.19797	77.02749	77.06658	77.02497	76.97424	76.55842
6/2/2025	4:10:37 PM	77.15269	77.13465	76.99573	77.07366	77.03193	77.07751	77.17359	77.00205	77.19773	77.02776	77.06651	77.02506	76.97438	76.55854
6/2/2025	4:10:41 PM	77.15268	77.13462	76.99594	77.07405	77.03170	77.07781	77.17383	77.00202	77.19797	77.02768	77.06690	77.02500	76.97422	76.55873
6/2/2025	4:10:44 PM	77.15285	77.13516	76.99589	77.07411	77.03191	77.07754	77.17388	77.00220	77.19785	77.02822	77.06716	77.02483	76.97421	76.55865
6/2/2025	4:10:48 PM	77.15256	77.13497	76.99592	77.07419	77.03198	77.07761	77.17337	77.00179	77.19792	77.02777	77.06712	77.02547	76.97417	76.55865
6/2/2025	4:10:51 PM	77.15290	77.13484	76.99559	77.07408	77.03130	77.07714	77.17277	77.00186	77.19788	77.02769	77.06656	77.02502	76.97439	76.55844
6/2/2025	4:10:55 PM	77.15289	77.13504	76.99606	77.07399	77.03172	77.07746	77.17276	77.00205	77.19758	77.02757	77.06658	77.02488	76.97413	76.55836
6/2/2025	4:10:59 PM	77.15263	77.13485	76.99564	77.07383	77.03143	77.07726	77.17309	77.00188	77.19765	77.02763	77.06643	77.02469	76.97383	76.55807
6/2/2025	4:11:02 PM	77.15235	77.13442	76.99563	77.07380	77.03113	77.07703	77.17339	77.00141	77.19740	77.02745	77.06677	77.02506	76.97380	76.55838
6/2/2025	4:11:06 PM	77.15225	77.13469	76.99541	77.07407	77.03125	77.07687	77.17377	77.00164	77.19699	77.02731	77.06668	77.02508	76.97403	76.55829
6/2/2025	4:11:09 PM	77.15255	77.13478	76.99527	77.07381	77.03143	77.07725	77.17370	77.00214	77.19756	77.02757	77.06689	77.02536	76.97405	76.55801
6/2/2025	4:11:13 PM	77.15254	77.13476	76.99527	77.07350	77.03159	77.07725	77.17341	77.00172	77.19758	77.02727	77.06640	77.02485	76.97398	76.55833
6/2/2025	4:11:16 PM	77.15225	77.13479	76.99531	77.07353	77.03123	77.07679	77.17365	77.00166	77.19720	77.02772	77.06649	77.02471	76.97408	76.55818
6/2/2025	4:11:20 PM	77.15254	77.13468	76.99519	77.07383	77.03132	77.07738	77.17359	77.00192	77.19744	77.02752	77.06668	77.02477	76.97402	76.55781
6/2/2025	4:11:24 PM	77.15227	77.13443	76.99513	77.07390	77.03142	77.07675	77.17336	77.00145	77.19750	77.02729	77.06695	77.02465	76.97357	76.55769
6/2/2025	4:11:27 PM	77.15273	77.13417	76.99505	77.07358	77.03148	77.07717	77.17323	77.00122	77.19699	77.02719	77.06650	77.02491	76.97399	76.55845
6/2/2025	4:11:31 PM	77.15211	77.13456	76.99547	77.07407	77.03130	77.07727	77.17355	77.00155	77.19715	77.02779	77.06656	77.02463	76.97344	76.55790
6/2/2025	4:11:34 PM	77.15234	77.13434	76.99515	77.07327	77.03146	77.07680	77.17341	77.00131	77.19730	77.02753	77.06669	77.02454	76.97328	76.55801
6/2/2025	4:11:38 PM	77.15239	77.13422	76.99496	77.07316	77.03136	77.07624	77.17326	77.00097	77.19682	77.02741	77.06683	77.02445	76.97362	76.55744
6/2/2025	4:11:42 PM	77.15210	77.13432	76.99497	77.07321	77.03097	77.07651	77.17335	77.00167	77.19691	77.02746	77.06649	77.02493	76.97398	76.55802
6/2/2025	4:11:45 PM	77.15219	77.13446	76.99493	77.07357	77.03120	77.07658	77.17346	77.00140	77.19718	77.02727	77.06641	77.02471	76.97410	76.55814
6/2/2025	4:11:49 PM	77.15246	77.13433	76.99533	77.07399	77.03109	77.07672	77.17344	77.00163	77.19735	77.02732	77.06652	77.02488	76.97393	76.55825
6/2/2025	4:11:52 PM	77.15256	77.13473	76.99536	77.07405	77.03104	77.07673	77.17369	77.00136	77.19708	77.02757	77.06637	77.02457	76.97407	76.55831
6/2/2025	4:11:56 PM	77.15258	77.13419	76.99530	77.07364	77.03105	77.07688	77.17362	77.00150	77.19739	77.02743	77.06668	77.02502	76.97411	76.55845
6/2/2025	4:12:00 PM	77.15267	77.13486	76.99541	77.07400	77.03130	77.07696	77.17361	77.00214	77.19753	77.02747	77.06675	77.02464	76.97381	76.55826
6/2/2025	4:12:03 PM	77.15214	77.13451	76.99561	77.07350	77.03159	77.07736	77.17351	77.00171	77.19746	77.02770	77.06685	77.02457	76.97397	76.55827
6/2/2025	4:12:07 PM	77.15252	77.13479	76.99538	77.07337	77.03102	77.07699	77.17338	77.00172	77.19765	77.02772	77.06682	77.02442	76.97413	76.55825
6/2/2025	4:12:10 PM	77.15236	77.13462	76.99552	77.07378	77.03136	77.07713	77.17341	77.00133	77.19769	77.02745	77.06642	77.02521	76.97406	76.55842
6/2/2025	4:12:14 PM	77.15225	77.13447	76.99525	77.07350	77.03128	77.07695	77.17282	77.00127	77.19758	77.02778	77.06688	77.02474	76.97386	76.55801
6/2/2025	4:12:17 PM	77.15212	77.13426	76.99549	77.07361	77.03098	77.07692	77.17238	77.00105	77.19764	77.02767	77.06719	77.02506	76.97414	76.55809
6/2/2025	4:12:21 PM	77.15257	77.13447	76.99523	77.07333	77.03095	77.07661	77.17268	77.00135	77.19722	77.02721	77.06645	77.02458	76.97373	76.55803
6/2/2025	4:12:25 PM	77.15229	77.13444	76.99514	77.07347	77.03093	77.07672	77.17255	77.00110	77.19715	77.02700	77.06647	77.02466	76.97338	76.55769
6/2/2025	4:12:28 PM	77.15214	77.13428	76.99494	77.07295	77.03102	77.07658	77.17293	77.00093	77.19693	77.02747	77.06640	77.02427	76.97357	76.55784
6/2/2025	4:12:32 PM	77.15198	77.13414	76.99469	77.07322	77.03084	77.07657	77.17269	77.00134	77.19736	77.02728	77.06638	77.02433	76.97321	76.55767
6/2/2025	4:12:36 PM	77.15184	77.13438	76.99524	77.07297	77.03062	77.07644	77.17305	77.00144	77.19686	77.02735	77.06636	77.02434	76.97346	76.55779
6/2/2025	4:12:39 PM	77.15231	77.13456	76.99510	77.07335	77.03107	77.07666	77.17293	77.00125	77.19725	77.02723	77.06665	77.02455	76.97346	76.55773
6/2/2025	4:12:43 PM	77.15243	77.13494	76.99535	77.07383	77.03088	77.07685	77.17357	77.00141	77.19743	77.02753	77.06650	77.02487	76.97348	76.55781
6/2/2025	4:12:46 PM	77.15261	77.13472	76.99529	77.07346	77.03077	77.07700	77.17296	77.00139	77.19781	77.02759	77.06645	77.02487	76.97371	76.55797
6/2/2025	4:12:50 PM	77.15208	77.13464	76.99560	77.07381	77.03175	77.07750	77.17336	77.00156	77.19777	77.02749	77.06684	77.02504	76.97379	76.55777
6/2/2025	4:12:53 PM	77.15214	77.13454	76.99553	77.07371	77.03153	77.07734	77.17355	77.00157	77.19735	77.02797	77.06639	77.02437	76.97328	76.55739
6/2/2025	4:12:57 PM	77.15245	77.13424	76.99536	77.07324	77.03121	77.07665	77.17339	77.00137	77.19686	77.02713	77.06649	77.02457	76.97338	76.55742
6/2/2025	4:13:01 PM	77.15208	77.13432	76.99479	77.07327	77.03069	77.07689	77.17322	77.00122	77.19711	77.02710	77.06648	77.02446	76.97340	76.55781
6/2/2025	4:13:04 PM	77.15218	77.13474	76.99514	77.07346	77.03121	77.07695	77.17342	77.00124	77.19698	77.02721	77.06647	77.02440	76.97314	76.55756
6/2/2025	4:13:08 PM	77.15204	77.13420	76.99493	77.07344	77.03119	77.07707	77.17344	77.00116	77.19695	77.02721	77.06667	77.02446	76.97382	76.55816
6/2/2025	4:13:11 PM	77.15255	77.13487	76.99560	77.07360	77.03093	77.07741	77.17305	77.00135	77.19710	77.02684	77.06649	77.02458	76.97327	76.55716
6/2/2025	4:13:15 PM	77.15219	77.13465	76.99526	77.07374	77.03110	77.07714	77.17331	77.00144	77.19738	77.02708	77.06672	77.02438	76.97326	76.55762
6/2/2025	4:13:19 PM	77.15220	77.13444	76.99502	77.07383	77.03126	77.07715	77.17290	77.00122	77.19716	77.02745	77.06677	77.02466	76.97398	76.55784
6/2/2025	4:13:22 PM	77.15255	77.13463	76.99511	77.07349	77.03144	77.07727	77.17333	77.00156	77.19718	77.02745	77.06677	77.02471	76.97370	76.55744
6/2/2025	4:13:26 PM	77.15236	77.13469	76.99520	77.07368	77.03101	77.07730	77.17317	77.00121	77.19723	77.02702	77.06656	77.02493	76.97392	76.55807
6/2/2025	4:13:29 PM	77.15227	77.13452	76.99548	77.07357	77.03143	77.07747	77.17272	77.00162	77.19737	77.02768	77.06699	77.02516	76.97421	76.55822
6/2/2025	4:13:33 PM	77.15243	77.13466	76.99565	77.07371	77.03154	77.07745	77.17302	77.00154	77.19775	77.02775	77.06696	77.02475	76.97375	76.55758
6/2/2025	4:13:37 PM	77.15268	77.13478	76.99558	77.07392	77.03132	77.07699	77.17328	77.00139	77.19760	77.02789	77.06671	77.02479	76.97377	76.55797
6/2/2025	4:13:40 PM	77.15216	77.13495	76.99482	77.07340	77.03118	77.07724	77.17335	77.00170	77.19763	77.02755	77.06707	77.02511	76.97391	76.55802
6/2/2025	4:13:44 PM	77.15189	77.13447	76.99550	77.07345	77.03090	77.07693	77.17340	77.00166	77.19733	77.02722	77.06628	77.02461	76.97375	76.55756
6/2/2025	4:13:47 PM	77.15245	77.13511	76.99599	77.07367	77.03086	77.07726	77.17355	77.00184	77.19799	77.02744	77.06686	77.02489	76.97373	76.55788
6/2/2025	4:13:51 PM	77.15239	77.13492	76.99536	77.07421	77.03162	77.07770	77.17369	77.00206	77.19763	77.02794	77.06699	77.02502	76.97399	76.55823
6/2/2025	4:13:55 PM	77.15226	77.13468	76.99555	77.07406	77.03120	77.07761	77.17377	77.00196	77.19764	77.02803	77.06725	77.02538	76.97401	76.55863
6/2/2025	4:13:58 PM	77.15264	77.13509	76.99575	77.07413	77.03189	77.07758	77.17388	77.00167	77.19768	77.02723	77.06639	77.02514	76.97376	76.55792
6/2/2025	4:14:02 PM	77.15255	77.13484	76.99524	77.07357	77.03166	77.07738	77.17373	77.00172	77.19738	77.02769	77.06686	77.02503	76.97375	76.55827
6/2/2025	4:14:05 PM	77.15238	77.13469	76.99559	77.07454	77.03120	77.07744	77.17326	77.00164	77.19738	77.02796	77.06706	77.02484	76.97378	76.55795
6/2/2025	4:14:09 PM	77.15224	77.13429	76.99551	77.07385	77.03135	77.07737	77.17363	77.00136	77.19701	77.02744	77.06616	77.02477	76.97357	76.55779
6/2/2025	4:14:12 PM	77.15190	77.13415	76.99481	77.07358	77.03017	77.07673	77.17305	77.00104	77.19715	77.02707	77.06632	77.02410	76.97318	76.55800
6/2/2025	4:14:16 PM	77.15185	77.13407	76.99476	77.07352	77.03118	77.07709	77.17351	77.00146	77.19721	77.02703	77.06653	77.02464	76.97300	76.55798
6/2/2025	4:14:20 PM	77.15161	77.13422	76.99471	77.07345	77.03088	77.07681	77.17315	77.00112	77.19733	77.02728	77.06639	77.02441	76.97296	76.55755
6/2/2025	4:14:23 PM	77.15193	77.13408	76.99485	77.07404	77.03173	77.07725	77.17387	77.00156	77.19748	77.02785	77.06691	77.02443	76.97344	76.55781
6/2/2025	4:14:27 PM	77.15179	77.13443	76.99510	77.07386	77.03144	77.07763	77.17361	77.00156	77.19755	77.02765	77.06673	77.02433	76.97259	76.55752
6/2/2025	4:14:31 PM	77.15188	77.13415	76.99504	77.07335	77.03109	77.07704	77.17327	77.00100	77.19756	77.02742	77.06679	77.02450	76.97315	76.55767
6/2/2025	4:14:34 PM	77.15187	77.13419	76.99521	77.07333	77.03072	77.07692	77.17338	77.00137	77.19706	77.02735	77.06621	77.02454	76.97320	76.55732
6/2/2025	4:14:38 PM	77.15150	77.13357	76.99465	77.07295	77.03081	77.07679	77.17293	77.00123	77.19709	77.02729	77.06631	77.02386	76.97278	76.55716
6/2/2025	4:14:41 PM	77.15157	77.13354	76.99487	77.07365	77.03076	77.07682	77.17327	77.00154	77.19695	77.02708	77.06625	77.02406	76.97314	76.55748
6/2/2025	4:14:45 PM	77.15169	77.13379	76.99542	77.07386	77.03106	77.07728	77.17330	77.00134	77.19679	77.02718	77.06617	77.02412	76.97318	76.55728
6/2/2025	4:14:48 PM	77.15162	77.13348	76.99471	77.07334	77.03065	77.07666	77.17309	77.00109	77.19672	77.02678	77.06603	77.02381	76.97287	76.55707
6/2/2025	4:14:52 PM	77.15119	77.13345	76.99445	77.07284	77.03059	77.07675	77.17292	77.00101	77.19673	77.02667	77.06622	77.02404	76.97327	76.55721
6/2/2025	4:14:56 PM	77.15158	77.13408	76.99457	77.07365	77.03076	77.07656	77.17311	77.00117	77.19660	77.02707	77.06594	77.02387	76.97287	76.55693
6/2/2025	4:14:59 PM	77.15151	77.13373	76.99448	77.07285	77.03025	77.07628	77.17298	77.00091	77.19647	77.02680	77.06559	77.02386	76.97282	76.55686
6/2/2025	4:15:03 PM	77.15158	77.13350	76.99452	77.07342	77.03076	77.07645	77.17289	77.00118	77.19677	77.02748	77.06651	77.02400	76.97343	76.55724
6/2/2025	4:15:06 PM	77.15174	77.13359	76.99495	77.07327	77.03090	77.07662	77.17322	77.00128	77.19701	77.02762	77.06637	77.02437	76.97338	76.55733
6/2/2025	4:15:10 PM	77.15154	77.13371	76.99481	77.07340	77.03103	77.07673	77.17305	77.00125	77.19692	77.02712	77.06650	77.02420	76.97315	76.55730
6/2/2025	4:15:14 PM	77.15153	77.13378	76.99478	77.07300	77.03062	77.07627	77.17320	77.00116	77.19660	77.02704	77.06662	77.02473	76.97308	76.55702
6/2/2025	4:15:17 PM	77.15172	77.13383	76.99510	77.07308	77.03051	77.07621	77.17274	77.00083	77.19621	77.02648	77.06581	77.02364	76.97284	76.55664
6/2/2025	4:15:21 PM	77.15134	77.13368	76.99456	77.07330	77.03020	77.07624	77.17250	77.00082	77.19650	77.02694	77.06615	77.02410	76.97249	76.55686
6/2/2025	4:15:24 PM	77.15116	77.13380	76.99525	77.07311	77.03015	77.07574	77.17222	77.00063	77.19651	77.02669	77.06572	77.02378	76.97306	76.55648
6/2/2025	4:15:28 PM	77.15137	77.13359	76.99488	77.07296	77.03007	77.07580	77.17282	77.00081	77.19648	77.02661	77.06583	77.02351	76.97298	76.55679
6/2/2025	4:15:32 PM	77.15119	77.13314	76.99459	77.07289	77.03025	77.07587	77.17259	77.00079	77.19614	77.02669	77.06588	77.02406	76.97314	76.55684
6/2/2025	4:15:35 PM	77.15124	77.13429	76.99462	77.07293	77.03029	77.07586	77.17238	77.00039	77.19658	77.02649	77.06551	77.02379	76.97303	76.55683
6/2/2025	4:15:39 PM	77.15151	77.13384	76.99482	77.07307	77.03002	77.07601	77.17250	77.00078	77.19619	77.02683	77.06608	77.02400	76.97267	76.55673
6/2/2025	4:15:42 PM	77.15100	77.13386	76.99460	77.07320	77.03001	77.07565	77.17248	77.00063	77.19625	77.02691	77.06560	77.02345	76.97290	76.55666
6/2/2025	4:15:46 PM	77.15099	77.13313	76.99480	77.07282	77.03005	77.07586	77.17221	77.00044	77.19583	77.02623	77.06565	77.02380	76.97275	76.55686
6/2/2025	4:15:49 PM	77.15119	77.13393	76.99461	77.07318	77.03017	77.07560	77.17215	77.00054	77.19600	77.02604	77.06570	77.02345	76.97238	76.55649
6/2/2025	4:15:53 PM	77.15128	77.13333	76.99464	77.07289	77.03010	77.07580	77.17230	77.00030	77.19639	77.02661	77.06545	77.02365	76.97286	76.55653
6/2/2025	4:15:57 PM	77.15087	77.13393	76.99444	77.07340	77.02986	77.07585	77.17252	77.00091	77.19654	77.02674	77.06574	77.02409	76.97276	76.55674
6/2/2025	4:16:00 PM	77.15146	77.13373	76.99485	77.07338	77.03027	77.07625	77.17260	77.00041	77.19601	77.02692	77.06567	77.02352	76.97312	76.55671
6/2/2025	4:16:04 PM	77.15126	77.13373	76.99439	77.07345	77.03043	77.07591	77.17267	77.00081	77.19610	77.02625	77.06547	77.02398	76.97281	76.55703
6/2/2025	4:16:07 PM	77.15143	77.13373	76.99477	77.07260	77.03067	77.07581	77.17201	77.00049	77.19622	77.02663	77.06569	77.02395	76.97259	76.55640
6/2/2025	4:16:11 PM	77.15162	77.13378	76.99512	77.07311	77.03018	77.07610	77.17268	77.00086	77.19670	77.02690	77.06564	77.02351	76.97274	76.55679
6/2/2025	4:16:14 PM	77.15140	77.13338	76.99453	77.07301	77.03014	77.07531	77.17232	77.00047	77.19599	77.02634	77.06530	77.02389	76.97300	76.55633
6/2/2025	4:16:18 PM	77.15082	77.13331	76.99475	77.07304	77.03022	77.07551	77.17237	77.00040	77.19612	77.02633	77.06572	77.02428	76.97280	76.55721
6/2/2025	4:16:22 PM	77.15153	77.13400	76.99471	77.07303	77.03046	77.07573	77.17273	77.00052	77.19592	77.02628	77.06511	77.02321	76.97204	76.55688
6/2/2025	4:16:25 PM	77.15104	77.13339	76.99470	77.07281	77.03041	77.07522	77.17222	77.00041	77.19613	77.02604	77.06528	77.02353	76.97292	76.55669
6/2/2025	4:16:29 PM	77.15077	77.13304	76.99428	77.07249	77.02991	77.07484	77.17214	76.99999	77.19561	77.02587	77.06463	77.02319	76.97228	76.55612
6/2/2025	4:16:32 PM	77.15075	77.13313	76.99421	77.07222	77.03015	77.07478	77.17166	77.00007	77.19538	77.02606	77.06524	77.02332	76.97222	76.55632
6/2/2025	4:16:35 PM	77.15063	77.13292	76.99429	77.07261	77.03015	77.07525	77.17190	76.99979	77.19538	77.02515	77.06460	77.02306	76.97236	76.55621
6/2/2025	4:16:39 PM	77.15091	77.13276	76.99462	77.07229	77.02966	77.07477	77.17193	77.00009	77.19574	77.02558	77.06541	77.02339	76.97244	76.55631
6/2/2025	4:16:42 PM	77.15104	77.13289	76.99405	77.07181	77.02929	77.07505	77.17163	76.99985	77.19554	77.02519	77.06462	77.02316	76.97218	76.55621
6/2/2025	4:16:46 PM	77.15061	77.13238	76.99438	77.07230	77.02929	77.07514	77.17185	77.00007	77.19522	77.02532	77.06506	77.02322	76.97197	76.55599
6/2/2025	4:16:49 PM	77.15083	77.13274	76.99406	77.07215	77.02902	77.07523	77.17171	76.99959	77.19538	77.02532	77.06466	77.02328	76.97229	76.55601
6/2/2025	4:16:53 PM	77.15062	77.13284	76.99425	77.07180	77.02950	77.07523	77.17175	76.99981	77.19560	77.02551	77.06465	77.02314	76.97227	76.55643
6/2/2025	4:16:56 PM	77.15036	77.13278	76.99389	77.07233	77.02940	77.07484	77.17198	77.00000	77.19536	77.02575	77.06481	77.02288	76.97148	76.55614
6/2/2025	4:17:00 PM	77.15039	77.13250	76.99384	77.07159	77.02904	77.07511	77.17139	76.99962	77.19521	77.02503	77.06455	77.02265	76.97217	76.55635
6/2/2025	4:17:03 PM	77.15056	77.13275	76.99382	77.07158	77.02902	77.07481	77.17165	76.99951	77.19533	77.02502	77.06460	77.02302	76.97209	76.55600
6/2/2025	4:17:07 PM	77.15018	77.13264	76.99366	77.07147	77.02853	77.07488	77.17129	76.99932	77.19459	77.02478	77.06426	77.02296	76.97161	76.55583
6/2/2025	4:17:11 PM	77.15018	77.13206	76.99336	77.07111	77.02857	77.07438	77.17082	76.99900	77.19474	77.02470	77.06438	77.02289	76.97168	76.55593
6/2/2025	4:17:14 PM	77.15015	77.13203	76.99337	77.07144	77.02889	77.07414	77.17091	76.99906	77.19461	77.02493	77.06434	77.02243	76.97108	76.55564
6/2/2025	4:17:18 PM	77.15004	77.13225	76.99352	77.07118	77.02863	77.07459	77.17134	76.99944	77.19489	77.02504	77.06471	77.02307	76.97151	76.55557
6/2/2025	4:17:21 PM	77.15019	77.13221	76.99319	77.07164	77.02866	77.07421	77.17154	76.99939	77.19476	77.02531	77.06459	77.02274	76.97154	76.55611
6/2/2025	4:17:25 PM	77.15026	77.13239	76.99375	77.07128	77.02887	77.07460	77.17162	77.00005	77.19545	77.02553	77.06464	77.02270	76.97163	76.55615
6/2/2025	4:17:29 PM	77.15042	77.13246	76.99377	77.07158	77.02959	77.07469	77.17175	76.99961	77.19516	77.02504	77.06428	77.02337	76.97168	76.55596
6/2/2025	4:17:32 PM	77.15030	77.13243	76.99310	77.07146	77.02904	77.07475	77.17160	76.99944	77.19522	77.02520	77.06438	77.02281	76.97126	76.55616
6/2/2025	4:17:36 PM	77.14997	77.13223	76.99321	77.07183	77.02875	77.07404	77.17142	76.99927	77.19465	77.02496	77.06433	77.02294	76.97204	76.55671
6/2/2025	4:17:39 PM	77.15094	77.13264	76.99371	77.07207	77.02892	77.07510	77.17189	76.99993	77.19531	77.02547	77.06520	77.02361	76.97171	76.55649
6/2/2025	4:17:43 PM	77.15063	77.13217	76.99387	77.07189	77.02913	77.07517	77.17168	77.00003	77.19566	77.02608	77.06538	77.02390	76.97246	76.55717
6/2/2025	4:17:47 PM	77.15107	77.13270	76.99382	77.07171	77.02935	77.07481	77.17184	77.00027	77.19530	77.02594	77.06554	77.02345	76.97235	76.55688
6/2/2025	4:17:50 PM	77.15137	77.13333	76.99375	77.07206	77.02939	77.07524	77.17225	77.00052	77.19586	77.02634	77.06519	77.02367	76.97259	76.55665
6/2/2025	4:17:54 PM	77.15084	77.13269	76.99380	77.07197	77.02900	77.07523	77.17179	77.00026	77.19541	77.02618	77.06483	77.02374	76.97215	76.55679
6/2/2025	4:17:57 PM	77.15120	77.13291	76.99360	77.07203	77.02912	77.07513	77.17180	76.99982	77.19553	77.02605	77.06513	77.02401	76.97224	76.55668
6/2/2025	4:18:01 PM	77.15103	77.13327	76.99352	77.07182	77.02887	77.07555	77.17156	77.00027	77.19533	77.02618	77.06531	77.02370	76.97204	76.55682
6/2/2025	4:18:05 PM	77.15065	77.13287	76.99370	77.07176	77.02864	77.07548	77.17202	77.00020	77.19588	77.02608	77.06554	77.02415	76.97204	76.55621
6/2/2025	4:18:08 PM	77.15093	77.13300	76.99361	77.07150	77.02936	77.07538	77.17208	77.00038	77.19595	77.02671	77.06593	77.02412	76.97196	76.55706
6/2/2025	4:18:12 PM	77.15152	77.13285	76.99400	77.07167	77.02899	77.07491	77.17140	76.99989	77.19554	77.02569	77.06503	77.02347	76.97184	76.55694
6/2/2025	4:18:15 PM	77.15107	77.13282	76.99370	77.07141	77.02885	77.07498	77.17082	76.99975	77.19566	77.02590	77.06491	77.02372	76.97142	76.55668
6/2/2025	4:18:19 PM	77.15115	77.13289	76.99363	77.07209	77.02989	77.07560	77.17152	77.00013	77.19587	77.02646	77.06557	77.02378	76.97162	76.55618
6/2/2025	4:18:23 PM	77.15132	77.13314	76.99345	77.07192	77.02904	77.07524	77.17153	77.00038	77.19579	77.02589	77.06570	77.02413	76.97216	76.55708
6/2/2025	4:18:26 PM	77.15162	77.13324	76.99397	77.07231	77.02957	77.07512	77.17158	76.99990	77.19600	77.02586	77.06506	77.02367	76.97222	76.55655
6/2/2025	4:18:30 PM	77.15143	77.13337	76.99385	77.07209	77.02997	77.07562	77.17156	77.00009	77.19596	77.02630	77.06569	77.02417	76.97210	76.55684
6/2/2025	4:18:33 PM	77.15161	77.13313	76.99376	77.07217	77.02959	77.07497	77.17129	76.99987	77.19562	77.02618	77.06563	77.02398	76.97195	76.55678
6/2/2025	4:18:37 PM	77.15142	77.13359	76.99343	77.07202	77.02944	77.07547	77.17146	76.99966	77.19561	77.02585	77.06505	77.02368	76.97193	76.55637
6/2/2025	4:18:41 PM	77.15095	77.13315	76.99360	77.07206	77.02942	77.07486	77.17130	76.99972	77.19576	77.02592	77.06523	77.02361	76.97213	76.55617
6/2/2025	4:18:44 PM	77.15139	77.13270	76.99375	77.07214	77.02978	77.07509	77.17139	76.99962	77.19555	77.02585	77.06534	77.02369	76.97205	76.55695
6/2/2025	4:18:48 PM	77.15161	77.13333	76.99378	77.07229	77.02962	77.07534	77.17136	76.99974	77.19566	77.02562	77.06533	77.02368	76.97244	76.55677
6/2/2025	4:18:51 PM	77.15161	77.13371	76.99371	77.07223	77.02989	77.07529	77.17186	76.99990	77.19589	77.02620	77.06533	77.02405	76.97211	76.55680
6/2/2025	4:18:55 PM	77.15132	77.13338	76.99420	77.07252	77.02953	77.07531	77.17176	76.99945	77.19549	77.02566	77.06546	77.02396	76.97222	76.55696
6/2/2025	4:18:59 PM	77.15118	77.13296	76.99391	77.07231	77.02946	77.07488	77.17176	76.99974	77.19588	77.02613	77.06568	77.02410	76.97269	76.55670
6/2/2025	4:19:02 PM	77.15133	77.13328	76.99371	77.07287	77.02957	77.07563	77.17206	77.00021	77.19627	77.02604	77.06541	77.02419	76.97269	76.55711
6/2/2025	4:19:06 PM	77.15112	77.13327	76.99403	77.07238	77.03001	77.07543	77.17233	76.99989	77.19604	77.02641	77.06558	77.02436	76.97242	76.55670
6/2/2025	4:19:09 PM	77.15214	77.13391	76.99446	77.07293	77.03016	77.07575	77.17251	77.00007	77.19603	77.02636	77.06562	77.02438	76.97265	76.55695
6/2/2025	4:19:13 PM	77.15157	77.13335	76.99425	77.07250	77.02973	77.07550	77.17208	76.99992	77.19576	77.02636	77.06563	77.02447	76.97283	76.55706
6/2/2025	4:19:16 PM	77.15162	77.13347	76.99429	77.07272	77.02977	77.07562	77.17238	77.00015	77.19598	77.02624	77.06630	77.02436	76.97270	76.55712
6/2/2025	4:19:20 PM	77.15158	77.13373	76.99435	77.07292	77.02985	77.07517	77.17173	76.99963	77.19535	77.02565	77.06498	77.02372	76.97245	76.55684
6/2/2025	4:19:24 PM	77.15094	77.13325	76.99393	77.07213	77.02958	77.07509	77.17170	76.99961	77.19591	77.02594	77.06530	77.02386	76.97239	76.55626
6/2/2025	4:19:27 PM	77.15095	77.13341	76.99400	77.07233	77.02918	77.07504	77.17195	76.99978	77.19576	77.02629	77.06595	77.02418	76.97273	76.55690
6/2/2025	4:19:31 PM	77.15158	77.13338	76.99414	77.07243	77.02976	77.07520	77.17194	76.99999	77.19553	77.02592	77.06510	77.02385	76.97280	76.55678
6/2/2025	4:19:34 PM	77.15149	77.13335	76.99419	77.07210	77.02985	77.07496	77.17210	77.00008	77.19565	77.02594	77.06558	77.02391	76.97270	76.55669
6/2/2025	4:19:38 PM	77.15167	77.13343	76.99453	77.07242	77.03005	77.07552	77.17217	77.00024	77.19590	77.02624	77.06545	77.02425	76.97290	76.55711
6/2/2025	4:19:42 PM	77.15149	77.13377	76.99424	77.07295	77.02976	77.07549	77.17243	77.00039	77.19623	77.02627	77.06578	77.02427	76.97291	76.55729
6/2/2025	4:19:45 PM	77.15166	77.13379	76.99432	77.07271	77.02983	77.07564	77.17248	77.00008	77.19583	77.02642	77.06540	77.02432	76.97288	76.55696
6/2/2025	4:19:49 PM	77.15154	77.13364	76.99412	77.07211	77.02963	77.07542	77.17193	77.00015	77.19561	77.02585	77.06526	77.02394	76.97213	76.55658
6/2/2025	4:19:52 PM	77.15117	77.13321	76.99425	77.07218	77.02954	77.07499	77.17173	76.99974	77.19554	77.02549	77.06531	77.02408	76.97234	76.55645
6/2/2025	4:19:56 PM	77.15111	77.13330	76.99411	77.07179	77.02948	77.07447	77.17153	76.99974	77.19524	77.02572	77.06515	77.02377	76.97248	76.55630
6/2/2025	4:19:59 PM	77.15099	77.13308	76.99362	77.07161	77.02927	77.07506	77.17196	76.99980	77.19549	77.02611	77.06548	77.02397	76.97242	76.55633
6/2/2025	4:20:03 PM	77.15148	77.13337	76.99416	77.07224	77.02973	77.07564	77.17193	76.99957	77.19532	77.02585	77.06507	77.02389	76.97232	76.55654
6/2/2025	4:20:07 PM	77.15169	77.13359	76.99420	77.07227	77.02991	77.07547	77.17227	76.99994	77.19586	77.02588	77.06518	77.02388	76.97230	76.55661
6/2/2025	4:20:10 PM	77.15152	77.13296	76.99408	77.07228	77.02976	77.07559	77.17207	76.99976	77.19586	77.02645	77.06540	77.02474	76.97227	76.55648
6/2/2025	4:20:14 PM	77.15115	77.13285	76.99406	77.07161	77.02932	77.07478	77.17158	76.99982	77.19538	77.02583	77.06511	77.02377	76.97209	76.55622
6/2/2025	4:20:17 PM	77.15134	77.13326	76.99406	77.07211	77.02965	77.07534	77.17165	76.99954	77.19564	77.02570	77.06513	77.02400	76.97201	76.55638
6/2/2025	4:20:21 PM	77.15116	77.13306	76.99378	77.07170	77.02947	77.07462	77.17172	76.99977	77.19561	77.02564	77.06471	77.02409	76.97242	76.55641
6/2/2025	4:20:24 PM	77.15132	77.13319	76.99426	77.07215	77.02963	77.07441	77.17164	76.99954	77.19532	77.02576	77.06484	77.02408	76.97221	76.55671
6/2/2025	4:20:28 PM	77.15122	77.13348	76.99440	77.07223	77.02966	77.07470	77.17205	76.99996	77.19555	77.02606	77.06488	77.02380	76.97216	76.55675
6/2/2025	4:20:32 PM	77.15153	77.13352	76.99421	77.07226	77.02964	77.07485	77.17232	76.99992	77.19621	77.02607	77.06530	77.02440	76.97247	76.55697
6/2/2025	4:20:35 PM	77.15144	77.13354	76.99405	77.07217	77.02974	77.07504	77.17187	77.00020	77.19578	77.02658	77.06589	77.02470	76.97306	76.55707
6/2/2025	4:20:39 PM	77.15174	77.13369	76.99447	77.07257	77.02993	77.07525	77.17223	77.00026	77.19617	77.02620	77.06544	77.02416	76.97272	76.55697
6/2/2025	4:20:42 PM	77.15159	77.13358	76.99390	77.07255	77.02917	77.07484	77.17116	76.99980	77.19514	77.02559	77.06489	77.02363	76.97184	76.55651
6/2/2025	4:20:46 PM	77.15124	77.13311	76.99364	77.07210	77.02872	77.07459	77.17132	76.99981	77.19559	77.02521	77.06553	77.02429	76.97274	76.55725
6/2/2025	4:20:50 PM	77.15211	77.13422	76.99453	77.07235	77.02959	77.07532	77.17172	76.99984	77.19525	77.02502	77.06497	77.02369	76.97180	76.55631
6/2/2025	4:20:53 PM	77.15115	77.13306	76.99356	77.07207	77.02999	77.07528	77.17168	77.00023	77.19566	77.02645	77.06547	77.02458	76.97256	76.55686
6/2/2025	4:20:57 PM	77.15219	77.13411	76.99449	77.07216	77.02984	77.07546	77.17239	77.00035	77.19615	77.02593	77.06603	77.02467	76.97325	76.55713
6/2/2025	4:21:00 PM	77.15216	77.13429	76.99442	77.07266	77.02965	77.07577	77.17244	77.00032	77.19601	77.02646	77.06551	77.02446	76.97299	76.55714
6/2/2025	4:21:04 PM	77.15243	77.13384	76.99447	77.07256	77.02975	77.07543	77.17197	77.00044	77.19557	77.02629	77.06572	77.02448	76.97220	76.55699
6/2/2025	4:21:08 PM	77.15246	77.13406	76.99455	77.07226	77.02976	77.07606	77.17310	77.00085	77.19579	77.02625	77.06579	77.02439	76.97234	76.55710
6/2/2025	4:21:11 PM	77.15197	77.13436	76.99459	77.07237	77.03029	77.07561	77.17233	77.00048	77.19559	77.02616	77.06546	77.02455	76.97314	76.55691
