7/15/2025	12:49:44 PM	77.13721	76.52030	77.15785	77.06852	76.67517	76.65096	76.54281	76.59727	76.54644	76.63164	76.58153	76.61047	76.54690	76.58994
7/15/2025	12:49:48 PM	77.13763	76.51995	77.15757	77.06822	76.67481	76.65077	76.54297	76.59802	76.54668	76.63182	76.58098	76.61221	76.55027	76.59362
7/15/2025	12:49:51 PM	77.14401	76.52864	77.16473	77.06668	76.66940	76.64727	76.54341	76.59807	76.54541	76.63129	76.58395	76.62524	76.54461	76.58518
7/15/2025	12:49:55 PM	77.14305	76.56395	77.19498	77.11111	76.63018	76.56479	76.47369	76.54661	76.48140	76.56476	76.50529	76.53317	76.49218	76.53751
7/15/2025	12:49:58 PM	77.07497	76.46966	77.10923	77.01922	76.62248	76.61320	76.53372	76.58260	76.53053	76.60838	76.55048	76.59302	76.53720	76.58811
7/15/2025	12:50:02 PM	77.13064	76.51477	77.14909	77.06797	76.66316	76.66373	76.57622	76.68495	76.64601	76.71153	76.60895	76.66384	76.63721	76.72248
7/15/2025	12:50:05 PM	77.25406	76.59667	77.21817	77.09981	76.69522	76.74153	76.79919	76.75377	76.72632	76.78850	76.65023	76.71710	76.63777	76.70237
7/15/2025	12:50:09 PM	77.23358	76.59157	77.22275	77.14094	76.75790	76.74853	76.65450	76.72855	76.68633	76.76412	76.69166	76.74306	76.63556	76.70222
7/15/2025	12:50:13 PM	77.28611	76.57189	77.22105	77.14944	76.75818	76.75221	76.65549	76.72127	76.81388	78.75549	77.50122	79.48814	76.67874	77.00286
7/15/2025	12:50:16 PM	78.15843	76.61150	77.26457	77.21056	76.93926	77.03568	77.49362	77.22341	80.97181	87.25544	83.57093	85.49421	77.05147	78.51999
7/15/2025	12:50:20 PM	82.49146	76.98413	77.62487	78.15842	78.28814	79.55421	80.37656	81.59682	87.97505	94.80816	90.42943	90.47196	80.54668	84.90419
7/15/2025	12:50:23 PM	87.76430	77.64246	77.31450	80.95088	82.09677	83.27823	84.76229	89.13887	93.52909	102.57546	96.86344	95.34975	86.01216	91.09033
7/15/2025	12:50:27 PM	92.44719	78.81236	77.32004	85.40548	85.52903	86.66533	85.23964	94.81138	99.28212	109.31990	103.67357	101.47781	90.66373	96.07739
7/15/2025	12:50:30 PM	97.81248	82.40461	77.49440	89.83976	88.39926	89.90607	87.47218	99.96406	104.98306	115.59135	109.97765	106.60260	94.74162	101.50368
7/15/2025	12:50:34 PM	102.81381	88.30841	85.80799	93.36729	91.23875	92.66359	89.54433	104.73491	110.87333	121.89418	116.02219	112.34954	100.14265	107.41444
7/15/2025	12:50:38 PM	107.61882	97.54168	94.15473	96.68934	94.78295	95.31807	96.80343	109.18763	116.14881	127.96522	121.80557	117.39614	104.68936	112.01902
7/15/2025	12:50:41 PM	111.98037	103.48919	99.65223	99.55980	97.70097	97.97713	103.09288	113.22077	121.41035	133.68718	127.21866	122.15423	108.64678	116.14519
7/15/2025	12:50:45 PM	115.88560	108.21395	103.99989	102.42822	100.19495	102.10378	108.14168	116.92678	126.35198	138.75378	131.75555	126.50281	112.49715	120.15162
7/15/2025	12:50:48 PM	119.97806	112.27101	107.63762	105.22242	102.84732	105.78058	112.62911	120.79939	131.13032	144.21191	137.43264	131.42932	116.34978	123.80258
7/15/2025	12:50:52 PM	123.81796	116.18006	111.01875	107.90563	105.58367	109.53650	116.59528	124.78357	136.00598	149.59900	142.41464	135.88703	120.13433	127.89579
7/15/2025	12:50:55 PM	127.52231	119.85700	114.38150	110.72323	108.33828	112.94645	119.97100	128.52768	140.95250	154.68592	146.87174	140.26098	123.36187	132.00758
7/15/2025	12:50:59 PM	131.10997	123.25447	117.17589	113.23954	110.79268	116.01477	123.14945	132.39126	145.45009	159.91190	151.24706	144.46223	126.78278	135.72702
7/15/2025	12:51:02 PM	134.85737	126.76342	120.20762	116.05149	113.44622	119.07259	126.50344	136.30995	150.19439	165.03394	156.21211	149.02141	130.16979	139.04754
7/15/2025	12:51:06 PM	138.52666	129.93596	123.05515	118.71237	115.84534	122.23829	129.88789	140.08447	154.53666	169.77406	160.29747	152.75379	133.40658	143.28258
7/15/2025	12:51:09 PM	142.21765	133.41079	125.93565	121.25562	118.38318	125.05762	132.84433	143.83022	158.77478	174.50620	164.62349	156.74098	136.56188	146.50451
7/15/2025	12:51:13 PM	145.85604	136.74123	129.01452	123.82179	120.70676	127.84937	135.71464	147.53863	163.03676	179.37280	169.26402	160.77182	139.85395	149.94398
7/15/2025	12:51:16 PM	149.47862	140.06991	131.99897	126.44958	123.29831	130.63115	138.71361	151.18161	167.31686	183.99932	173.28620	164.52335	143.35917	153.40890
7/15/2025	12:51:20 PM	152.79329	143.26445	134.70103	128.93121	126.14241	133.40057	141.79816	154.72161	171.30861	188.42206	177.33841	168.19669	146.45291	156.91206
7/15/2025	12:51:24 PM	156.32721	146.58479	137.67546	131.58536	128.64879	136.12910	144.84618	158.19072	175.08679	192.56742	180.89565	171.69549	149.54626	160.77248
7/15/2025	12:51:27 PM	159.72243	149.85551	140.48940	134.25011	131.14452	138.82104	147.60765	161.59614	178.88745	196.71475	184.74056	175.44174	152.48594	164.08322
7/15/2025	12:51:31 PM	163.20017	152.79839	143.37017	136.71938	134.05412	141.58068	150.74724	164.86206	182.68691	200.69672	188.78105	178.84988	155.53752	166.78686
7/15/2025	12:51:34 PM	166.30529	155.69184	145.87082	139.39551	137.00997	144.24631	153.65599	168.22463	186.08769	204.37982	192.19771	182.11825	158.39534	170.08369
7/15/2025	12:51:38 PM	169.52946	158.64444	148.45752	141.88971	139.75878	147.00389	156.33985	171.08266	189.56629	207.96195	195.43990	185.28027	161.07958	172.98665
7/15/2025	12:51:41 PM	172.66454	161.58987	151.11614	144.41880	142.50551	149.61152	159.01653	174.31000	192.69441	211.31542	198.52931	188.33826	163.87653	175.89741
7/15/2025	12:51:45 PM	175.63102	164.41240	153.73982	146.96378	144.91141	152.29161	161.58464	177.13457	196.24380	214.48434	201.48767	191.40723	166.48860	178.83425
7/15/2025	12:51:48 PM	178.92049	167.24747	156.61837	149.70369	147.66094	154.79259	164.04565	179.79781	199.20327	216.68993	204.05281	193.61752	169.51100	182.17546
7/15/2025	12:51:52 PM	181.82955	170.02753	159.74066	152.60374	150.16615	157.32315	166.99245	182.72303	202.10425	219.22704	206.77826	196.67304	172.10186	184.74115
7/15/2025	12:51:55 PM	184.45045	172.81936	162.81371	155.76306	153.27410	160.60721	170.00876	185.89386	203.98164	219.52790	207.80483	198.10072	176.24744	188.95642
7/15/2025	12:51:59 PM	187.27536	175.79733	165.97264	158.68102	155.67355	163.15557	172.57333	188.50919	206.29397	221.62278	210.16435	200.98953	178.33947	191.21986
7/15/2025	12:52:02 PM	189.98210	178.28750	167.84898	160.87859	157.94238	165.30417	174.90996	191.08888	208.59361	223.86176	212.75323	203.97810	180.52127	193.50150
7/15/2025	12:52:06 PM	192.55092	181.23163	171.73117	165.04966	161.75426	168.46289	177.31735	193.60376	209.86364	223.57194	213.90185	205.89681	185.23040	196.61255
7/15/2025	12:52:09 PM	196.45556	187.48449	178.61402	170.04865	166.27143	173.60616	181.50221	196.36806	210.83367	224.05303	215.60987	208.73338	190.56023	201.02032
7/15/2025	12:52:13 PM	200.68902	192.40033	184.12161	176.27087	172.57142	177.76018	185.01253	199.26613	212.71429	224.46318	216.87850	211.17038	196.20876	205.62788
7/15/2025	12:52:17 PM	206.35609	197.98158	190.01512	183.65463	180.08058	183.17549	190.00414	203.06923	215.01290	225.89998	219.96928	215.33135	200.20626	208.60372
7/15/2025	12:52:20 PM	208.92668	200.73458	192.18840	184.70143	180.53595	184.30164	191.58224	204.72880	216.94289	227.96425	222.18455	217.44213	200.85108	210.01608
7/15/2025	12:52:24 PM	210.09657	201.45882	192.61183	184.81742	180.39789	185.04520	192.82283	206.22286	218.36062	228.86505	223.63872	218.70489	202.39843	211.59403
7/15/2025	12:52:27 PM	211.19122	202.96557	192.79136	184.52621	182.19288	185.76752	194.67835	207.69527	219.34194	229.52725	224.93847	219.24595	203.63147	213.09581
7/15/2025	12:52:31 PM	211.83903	203.60149	192.47419	183.95242	183.81236	186.80357	196.41506	208.84687	220.60455	230.43976	226.08551	219.61064	205.15926	214.58102
7/15/2025	12:52:34 PM	212.53139	204.47162	192.81098	183.88238	185.41377	187.57496	198.20856	210.11756	221.83071	231.49973	227.40698	220.20816	206.49971	215.78516
7/15/2025	12:52:38 PM	213.46399	205.58941	193.45474	184.93610	187.14690	188.95142	199.97009	211.49968	223.28700	232.69739	228.31702	220.88823	208.03095	217.45641
7/15/2025	12:52:41 PM	214.60868	206.67027	194.53049	186.31334	189.12693	190.28839	201.89235	212.82096	224.50617	233.93682	228.86962	221.62727	209.79730	219.21109
7/15/2025	12:52:45 PM	215.87764	207.98197	195.93193	187.90333	190.88306	191.29991	203.87959	214.19798	225.56176	235.02045	229.84808	222.60196	211.46693	220.86914
7/15/2025	12:52:48 PM	217.21125	209.23601	196.89346	189.50825	192.45226	192.76397	205.74061	215.73214	226.95397	236.32944	230.68637	223.63545	213.18438	222.51378
7/15/2025	12:52:52 PM	218.45378	210.57143	198.32240	191.40888	194.14468	194.09694	207.44989	217.10643	227.79546	237.34764	231.82602	224.53481	214.82653	223.98026
7/15/2025	12:52:55 PM	219.67537	211.99609	199.67273	193.00209	195.83135	195.67441	209.24758	218.48842	229.02871	238.48541	232.80443	225.65366	216.40510	225.47474
7/15/2025	12:52:59 PM	220.96451	213.33703	200.74933	194.20696	197.68949	197.19743	210.84360	219.83290	229.93461	239.38887	233.80483	226.88008	217.92229	226.97426
7/15/2025	12:53:02 PM	222.04110	214.53492	201.48047	195.64293	199.72336	199.00001	212.56709	221.07859	230.70717	240.31604	234.88186	228.00865	219.60936	228.64859
7/15/2025	12:53:06 PM	223.23871	215.65182	202.37973	197.03869	201.23191	200.81348	214.12713	222.44150	231.75996	241.27332	236.12883	229.28440	220.99103	230.00065
7/15/2025	12:53:10 PM	224.49775	216.83144	203.09253	198.45809	202.76556	202.49951	215.60390	223.76912	232.73009	242.36451	237.20006	230.63296	222.35990	231.34672
7/15/2025	12:53:13 PM	225.70045	217.83522	204.59529	200.12282	204.48734	204.10711	216.96170	225.09243	233.80418	243.47018	238.14853	231.76854	223.80129	232.67564
7/15/2025	12:53:17 PM	227.12224	219.08226	206.36694	202.02705	205.82323	205.67196	218.45389	226.64174	235.21564	244.71242	239.19521	233.10493	225.21139	233.95878
7/15/2025	12:53:20 PM	228.56908	220.29874	208.28044	203.87739	207.33670	207.41067	219.95988	227.93516	236.36028	245.87562	240.26594	234.40503	226.65561	235.30052
7/15/2025	12:53:24 PM	229.92296	221.49484	210.03690	205.74091	208.90803	209.09044	221.48474	229.24680	237.46972	246.99087	241.25880	235.75087	228.04925	236.60864
7/15/2025	12:53:27 PM	231.09654	222.57153	211.51816	207.32713	210.52695	210.63920	222.77699	230.51119	238.58812	248.06076	242.27708	236.95906	229.36589	237.81923
7/15/2025	12:53:31 PM	232.21531	223.59961	212.75107	208.75393	212.09427	212.21011	224.04254	231.74173	239.78334	249.15391	243.32811	238.13787	230.66599	239.05554
7/15/2025	12:53:34 PM	233.25336	224.56599	213.85849	210.19881	213.72628	213.68871	225.27909	232.95113	240.97903	250.29013	244.25217	239.36193	231.95283	240.28531
7/15/2025	12:53:38 PM	234.33526	225.53285	214.14462	211.51900	215.28304	215.14674	226.52652	234.20763	242.18636	251.39631	245.61831	240.90534	232.89150	241.01275
7/15/2025	12:53:42 PM	235.50796	226.45092	215.03886	211.93678	214.95947	216.02188	227.13067	235.47196	243.64979	252.76741	247.25485	243.00862	233.34084	241.48814
7/15/2025	12:53:45 PM	236.92664	227.71111	216.33740	212.79567	215.22594	216.99677	227.78772	236.99170	245.30717	254.32199	248.98408	245.02823	233.97103	242.30347
7/15/2025	12:53:49 PM	238.42815	229.08011	217.70414	213.74169	215.72422	217.99054	228.56211	238.57317	246.93632	255.93078	250.68438	247.12486	234.68108	243.17295
7/15/2025	12:53:52 PM	239.93589	230.43295	219.01014	214.91391	216.52500	219.10487	229.52428	240.36873	248.65078	257.62376	252.36085	249.04167	235.54586	244.18672
7/15/2025	12:53:56 PM	241.34201	231.82001	220.44393	216.17879	217.51896	220.24466	230.64136	242.08700	250.39501	259.29994	253.88720	250.83397	236.47233	245.27950
7/15/2025	12:53:59 PM	242.75582	233.21044	221.92143	217.58470	218.55643	221.38098	231.85621	243.75971	252.06669	260.95935	255.51940	252.60343	237.46901	246.37355
7/15/2025	12:54:03 PM	244.23366	234.66023	223.51722	218.91511	219.62743	222.61683	233.06739	245.37706	253.63880	262.55133	257.23442	254.33532	238.55009	247.47834
7/15/2025	12:54:06 PM	245.73727	236.28966	224.92877	220.27395	220.75234	223.84770	234.29623	246.90669	255.15475	264.00059	258.88163	255.83678	239.63257	248.51005
7/15/2025	12:54:10 PM	247.14989	237.66962	226.21014	221.61625	221.87785	225.04666	235.54513	248.40844	256.62933	265.38611	260.45894	257.37828	240.72844	249.53692
7/15/2025	12:54:13 PM	248.49478	239.00450	227.57108	222.84894	222.99888	226.19678	236.77779	249.75462	258.03867	266.63793	261.82275	258.72349	241.85225	250.59849
7/15/2025	12:54:17 PM	249.82296	240.41434	228.93258	224.05751	224.07404	227.40250	238.00357	251.07326	259.39856	267.83026	263.17121	259.95013	242.93809	251.66207
7/15/2025	12:54:21 PM	251.04441	241.67088	230.23698	225.42709	225.36291	228.79398	239.51280	252.44588	260.72658	268.85007	264.25598	260.93919	244.04237	252.80755
7/15/2025	12:54:24 PM	252.25981	242.81794	231.54987	226.65874	226.55683	230.25015	240.87326	253.83926	262.05548	269.83476	265.33720	262.00315	245.12703	254.03402
7/15/2025	12:54:28 PM	253.45432	244.04191	232.80435	227.89126	227.68426	231.58598	242.10246	255.20733	263.35981	270.66254	266.47526	263.09951	246.30498	255.31876
7/15/2025	12:54:31 PM	254.61559	245.25169	234.06928	228.98423	228.71386	232.96769	243.39537	256.44014	264.59950	271.35889	267.68237	264.11575	247.47051	256.62450
7/15/2025	12:54:35 PM	255.78516	246.39041	235.35567	230.14039	229.76372	234.38156	244.70890	257.62245	265.79904	271.93953	268.71893	265.02128	248.63855	257.80303
7/15/2025	12:54:38 PM	256.90189	247.58147	236.60287	231.25605	230.83189	235.68835	245.86294	258.71609	266.90618	272.56036	269.74458	265.90034	249.79876	258.92361
7/15/2025	12:54:42 PM	257.92421	248.74046	237.70084	232.45413	232.15781	237.04894	247.04348	259.79565	267.87180	273.12909	270.73400	266.81325	251.02416	259.99378
7/15/2025	12:54:46 PM	258.84788	249.87273	238.85775	233.49596	233.12312	238.27507	248.21687	260.77518	268.65703	273.65045	271.56482	267.62947	252.17980	260.99408
7/15/2025	12:54:49 PM	259.77025	250.96887	240.03314	234.53027	234.00986	239.41741	249.29837	261.68697	269.36312	274.13607	272.33757	268.33557	253.31195	261.99597
7/15/2025	12:54:53 PM	260.57823	251.94487	241.11588	235.45434	234.77365	240.52687	250.34729	262.53069	269.95080	274.61771	272.98087	268.91432	254.34763	262.81334
7/15/2025	12:54:56 PM	261.28858	252.86540	242.07586	236.30560	235.80413	241.59019	251.32211	263.28103	270.40032	274.99528	273.45328	269.36702	255.20841	263.46403
7/15/2025	12:55:00 PM	261.85793	253.63452	242.91372	237.11340	236.55143	242.39606	252.06442	263.86579	270.70193	275.30890	273.79075	269.66431	255.92324	263.94994
7/15/2025	12:55:03 PM	262.35937	254.27495	243.67330	237.90144	237.38804	243.08127	252.71167	264.32708	270.95541	275.56295	274.04205	269.88466	256.52831	264.32275
7/15/2025	12:55:07 PM	262.79470	254.76649	244.34100	238.55957	237.97712	243.60322	253.25019	264.70330	271.16517	275.80955	274.28837	270.13085	257.03460	264.59493
7/15/2025	12:55:10 PM	263.14997	255.16470	244.97540	239.20849	238.54215	244.18461	253.73142	264.99542	271.35269	276.08558	274.56067	270.41886	257.48130	264.79673
7/15/2025	12:55:14 PM	263.46015	255.50715	245.56505	239.85358	239.05771	244.60406	254.14134	265.22415	271.50372	276.37639	274.92763	270.81495	257.88500	264.96467
7/15/2025	12:55:17 PM	263.68805	255.84478	246.11706	240.45166	239.52368	244.99690	254.50313	265.41509	271.61804	276.70795	275.35744	271.20773	258.20118	265.06020
7/15/2025	12:55:21 PM	263.90106	256.08281	246.58816	241.00737	240.04135	245.43918	254.81136	265.56340	271.75498	277.06942	275.77667	271.56831	258.47571	265.12417
7/15/2025	12:55:24 PM	264.06308	256.32391	247.02527	241.52059	240.38454	245.74088	254.99046	265.69930	271.93317	277.44697	276.16628	271.92178	258.69370	265.15701
7/15/2025	12:55:28 PM	264.22160	256.54803	247.43023	242.02150	240.71186	246.03508	255.14860	265.83482	272.15860	277.83220	276.53643	272.23197	258.87394	265.16113
7/15/2025	12:55:31 PM	264.36754	256.74670	247.80352	242.49891	240.99671	246.33823	255.28303	265.96084	272.40253	278.22577	276.87757	272.57671	259.03342	265.15043
7/15/2025	12:55:35 PM	264.49799	256.94994	248.17426	242.99164	241.36002	246.62995	255.40515	266.09297	272.67642	278.56698	277.16967	272.90487	259.18115	265.14217
7/15/2025	12:55:38 PM	264.63634	257.12058	248.49677	243.42000	241.63094	246.89907	255.54224	266.24397	272.96020	278.91280	277.45452	273.18130	259.32245	265.11817
7/15/2025	12:55:42 PM	264.80816	257.33815	248.83715	243.85788	241.97017	247.17265	255.66331	266.38615	273.21376	279.17778	277.65965	273.40845	259.43323	265.10034
7/15/2025	12:55:45 PM	265.01688	257.50489	249.13629	244.23187	242.25709	247.44016	255.78479	266.54146	273.45236	279.43356	277.84877	273.62485	259.53862	265.07537
7/15/2025	12:55:49 PM	265.22296	257.68299	249.45414	244.64162	242.65191	247.70817	255.88643	266.72261	273.66867	279.62893	278.01307	273.79243	259.63372	265.05005
7/15/2025	12:55:52 PM	265.40876	257.87634	249.73867	245.06477	243.06998	247.97790	255.99957	266.90051	273.85554	279.80021	278.15509	273.95808	259.72926	265.04097
7/15/2025	12:55:56 PM	265.62884	258.02343	249.99195	245.39345	243.43148	248.23826	256.11433	267.09636	274.02750	279.94929	278.27523	274.10589	259.82581	265.03762
7/15/2025	12:55:59 PM	265.85497	258.15960	250.24092	245.72677	243.75671	248.48265	256.23853	267.29262	274.18571	280.09546	278.38455	274.24490	259.92254	265.03940
7/15/2025	12:56:03 PM	266.06316	258.32889	250.48326	246.05418	244.08720	248.71329	256.35220	267.47784	274.32328	280.20316	278.46640	274.35806	260.00878	265.05225
7/15/2025	12:56:06 PM	266.24662	258.50319	250.69107	246.33994	244.48615	248.95236	256.48407	267.66278	274.44332	280.28202	278.52671	274.45114	260.09247	265.08505
7/15/2025	12:56:10 PM	266.41837	258.64579	250.88250	246.65673	244.87212	249.16745	256.60332	267.83583	274.55103	280.34879	278.58957	274.54708	260.16182	265.12106
7/15/2025	12:56:13 PM	266.58235	258.82619	251.10418	246.97386	245.21368	249.39994	256.75433	268.02012	274.65758	280.39875	278.63940	274.62455	260.25080	265.18226
7/15/2025	12:56:17 PM	266.74340	259.01336	251.31232	247.28043	245.56884	249.60595	256.90023	268.18452	274.74912	280.43964	278.67432	274.70902	260.34004	265.26191
7/15/2025	12:56:20 PM	266.89035	259.20532	251.55967	247.59194	245.91452	249.82476	257.06228	268.34032	274.83060	280.47270	278.72913	274.79782	260.43072	265.32897
7/15/2025	12:56:24 PM	267.04333	259.38897	251.79112	247.88561	246.28086	250.04210	257.22702	268.48356	274.89882	280.49840	278.77513	274.86952	260.51588	265.40666
7/15/2025	12:56:27 PM	267.18607	259.57222	251.99986	248.15620	246.61592	250.24660	257.38377	268.61570	274.96233	280.52328	278.82019	274.98846	260.61404	265.49287
7/15/2025	12:56:31 PM	267.32308	259.75707	252.19496	248.39574	246.92837	250.47871	257.56535	268.72631	275.01392	280.53724	278.85861	275.08037	260.71219	265.59963
7/15/2025	12:56:34 PM	267.44937	259.94927	252.40485	248.66962	247.22049	250.69291	257.73729	268.85009	275.07239	280.54702	278.88732	275.13668	260.80886	265.70985
7/15/2025	12:56:38 PM	267.56762	260.12682	252.59103	248.92555	247.51725	250.90715	257.91533	268.96784	275.12320	280.54894	278.91001	275.19878	260.90253	265.83221
7/15/2025	12:56:41 PM	267.69427	260.30415	252.76089	249.14621	247.81175	251.11919	258.09969	269.08236	275.18154	280.55802	278.92095	275.22544	261.00660	265.95589
7/15/2025	12:56:45 PM	267.80529	260.46948	252.93175	249.37912	248.09528	251.34360	258.28109	269.18673	275.23304	280.56625	278.93979	275.24950	261.11915	266.07684
7/15/2025	12:56:48 PM	267.91003	260.65566	253.10023	249.60356	248.36424	251.56705	258.48011	269.29650	275.27995	280.55656	278.93413	275.26393	261.24129	266.21132
7/15/2025	12:56:52 PM	268.01352	260.82543	253.28979	249.83077	248.61992	251.79631	258.67863	269.39305	275.32524	280.55362	278.93886	275.28766	261.36395	266.33749
7/15/2025	12:56:55 PM	268.11044	261.01519	253.45198	250.05634	248.88714	252.01951	258.87708	269.49415	275.37468	280.53598	278.93463	275.31178	261.48688	266.46412
7/15/2025	12:56:59 PM	268.20555	261.17484	253.54326	250.26417	249.14576	252.20780	259.05290	269.59564	275.42980	280.52452	278.89720	275.30086	261.60832	266.60683
7/15/2025	12:57:02 PM	268.30045	261.33575	253.73403	250.47541	249.35704	252.40791	259.23133	269.68119	275.47339	280.50498	278.87980	275.31028	261.72849	266.71771
7/15/2025	12:57:05 PM	268.40008	261.47925	253.91886	250.68626	249.60532	252.60904	259.40119	269.76741	275.52654	280.48701	278.85071	275.31660	261.86200	266.84284
7/15/2025	12:57:09 PM	268.48785	261.63250	254.08786	250.89790	249.81774	252.81072	259.58566	269.85502	275.57436	280.45324	278.83119	275.33486	261.99325	266.96002
7/15/2025	12:57:12 PM	268.58483	261.78976	254.28367	251.10491	250.03402	253.02144	259.77613	269.94337	275.61613	280.41366	278.80541	275.34988	262.12938	267.07366
7/15/2025	12:57:16 PM	268.68274	261.93840	254.48151	251.31359	250.24809	253.23998	259.95498	270.01785	275.65410	280.37521	278.78016	275.39434	262.27524	267.19649
7/15/2025	12:57:19 PM	268.76546	262.08487	254.61749	251.48040	250.46494	253.43856	260.12587	270.09700	275.68274	280.33356	278.75618	275.39747	262.41081	267.29199
7/15/2025	12:57:23 PM	268.85245	262.24066	254.82248	251.70509	250.69213	253.66005	260.30569	270.17698	275.71113	280.29625	278.73497	275.41782	262.55141	267.39716
7/15/2025	12:57:26 PM	268.93800	262.40316	254.96770	251.87302	250.89662	253.86955	260.48811	270.26125	275.73461	280.25261	278.71467	275.43217	262.69653	267.49879
7/15/2025	12:57:29 PM	269.02100	262.56953	255.16388	252.08157	251.11803	254.09247	260.66955	270.34463	275.75830	280.21747	278.68884	275.44595	262.83374	267.59922
7/15/2025	12:57:33 PM	269.11596	262.71538	255.37234	252.30342	251.32912	254.30747	260.84519	270.42674	275.77545	280.17816	278.66190	275.44978	262.97372	267.70408
7/15/2025	12:57:36 PM	269.20023	262.86406	255.55198	252.49456	251.54356	254.52350	261.02631	270.51334	275.79638	280.14003	278.63670	275.46277	263.11707	267.80632
7/15/2025	12:57:40 PM	269.29783	263.00577	255.76094	252.69160	251.75014	254.74149	261.20420	270.59467	275.80792	280.10147	278.62568	275.49787	263.25540	267.90536
7/15/2025	12:57:43 PM	269.39321	263.14938	255.96443	252.89676	251.94972	254.95925	261.37635	270.67207	275.82179	280.06412	278.60476	275.52257	263.38611	268.00006
7/15/2025	12:57:47 PM	269.49181	263.27941	256.18933	253.10347	252.15705	255.17420	261.54554	270.74824	275.83360	280.03252	278.58970	275.55072	263.51472	268.09532
7/15/2025	12:57:50 PM	269.60051	263.40945	256.40155	253.31546	252.36263	255.39398	261.71752	270.83236	275.85011	279.99807	278.57368	275.57935	263.64159	268.19142
7/15/2025	12:57:54 PM	269.70630	263.54086	256.63445	253.52612	252.57669	255.60905	261.88633	270.91176	275.86189	279.96762	278.56321	275.61051	263.76945	268.29298
7/15/2025	12:57:57 PM	269.81426	263.66813	256.84491	253.73379	252.78306	255.82640	262.05552	270.99811	275.87579	279.93380	278.54902	275.64010	263.89226	268.39166
7/15/2025	12:58:01 PM	269.91421	263.79981	257.05965	253.93399	252.99268	256.03522	262.22062	271.07950	275.88824	279.90530	278.53853	275.66818	264.01636	268.49576
7/15/2025	12:58:04 PM	270.01869	263.92736	257.26268	254.13153	253.20235	256.24649	262.38619	271.16782	275.90227	279.87695	278.52533	275.69249	264.14109	268.60115
7/15/2025	12:58:08 PM	270.11504	264.06000	257.45393	254.32107	253.40618	256.45026	262.55073	271.25284	275.91876	279.85142	278.51425	275.71709	264.26367	268.70979
7/15/2025	12:58:11 PM	270.21304	264.18522	257.64697	254.49777	253.60957	256.64533	262.71103	271.34059	275.93371	279.82927	278.49521	275.73070	264.38841	268.82522
7/15/2025	12:58:14 PM	270.30857	264.31617	257.82221	254.66831	253.80717	256.84188	262.87931	271.43048	275.95408	279.80824	278.48002	275.74912	264.51467	268.94495
7/15/2025	12:58:18 PM	270.40588	264.44760	258.00901	254.83732	254.00861	257.03636	263.04882	271.51760	275.97382	279.79114	278.46134	275.76917	264.64736	269.07475
7/15/2025	12:58:21 PM	270.50562	264.58497	258.19259	255.00242	254.20978	257.23323	263.22458	271.60578	275.99417	279.77676	278.44297	275.79501	264.78220	269.20702
7/15/2025	12:58:25 PM	270.60832	264.71886	258.37158	255.15827	254.40117	257.42234	263.39993	271.68995	276.01563	279.76507	278.42913	275.82815	264.91197	269.34394
7/15/2025	12:58:28 PM	270.71024	264.83714	258.54150	255.29818	254.58058	257.59600	263.56688	271.76333	276.03433	279.75811	278.42770	275.87724	265.03261	269.46835
7/15/2025	12:58:32 PM	270.81417	264.93337	258.70023	255.43839	254.75579	257.75862	263.72875	271.83030	276.05704	279.75940	278.43535	275.92772	265.14830	269.58106
7/15/2025	12:58:35 PM	270.91846	265.02420	258.85391	255.58511	254.93213	257.92122	263.89207	271.89543	276.08087	279.76232	278.44292	275.97612	265.26112	269.68835
7/15/2025	12:58:39 PM	271.01732	265.11809	259.00206	255.73379	255.10667	258.08278	264.05016	271.95912	276.10714	279.76416	278.44803	276.02555	265.37664	269.79943
7/15/2025	12:58:42 PM	271.11523	265.22899	259.15667	255.89550	255.29183	258.25783	264.21339	272.02704	276.13306	279.76501	278.44878	276.07016	265.49826	269.91282
7/15/2025	12:58:46 PM	271.21040	265.34801	259.31340	256.06396	255.47959	258.43852	264.37748	272.09584	276.16072	279.76440	278.45388	276.11508	265.62347	270.02964
7/15/2025	12:58:49 PM	271.30708	265.46933	259.47090	256.23656	255.66963	258.61956	264.53767	272.16484	276.19032	279.76750	278.46078	276.15847	265.74447	270.13847
7/15/2025	12:58:53 PM	271.40059	265.58927	259.62016	256.41194	255.85497	258.79902	264.69540	272.23473	276.22068	279.77074	278.47044	276.19584	265.86794	270.24670
7/15/2025	12:58:56 PM	271.49291	265.72132	259.77649	256.58999	256.04377	258.98264	264.85115	272.30550	276.25105	279.77286	278.48130	276.23340	265.99118	270.34990
7/15/2025	12:58:59 PM	271.58501	265.85806	259.93704	256.77406	256.23704	259.17079	265.00702	272.37746	276.28400	279.77843	278.49460	276.27303	266.11372	270.44995
7/15/2025	12:59:03 PM	271.67325	265.99188	260.09290	256.95785	256.42731	259.35509	265.15791	272.44928	276.31689	279.78415	278.50942	276.31244	266.23557	270.54716
7/15/2025	12:59:06 PM	271.76183	266.13396	260.25722	257.15102	256.62473	259.54607	265.30998	272.52454	276.35311	279.79259	278.52804	276.35040	266.35900	270.64224
7/15/2025	12:59:10 PM	271.84831	266.27652	260.42407	257.34556	256.82289	259.73561	265.45927	272.60070	276.38921	279.80213	278.54753	276.39090	266.47959	270.73619
7/15/2025	12:59:13 PM	271.93523	266.41555	260.58911	257.53524	257.01885	259.91998	265.60234	272.68500	276.42066	279.72002	278.46324	276.24881	266.40986	270.39541
7/15/2025	12:59:17 PM	271.73108	266.57231	260.79697	257.67040	256.92930	259.43985	264.72411	272.06226	275.79890	279.19558	278.01494	275.82999	264.12980	268.80899
7/15/2025	12:59:20 PM	271.10464	265.76404	260.33402	257.64078	256.84929	259.14566	263.92579	271.48922	275.26436	278.50283	277.34536	275.25454	262.24481	267.93288
7/15/2025	12:59:24 PM	270.30067	264.59462	259.14665	256.92333	256.12737	257.84042	262.56004	270.48994	274.07614	277.04492	275.86959	273.78520	261.50952	266.84041
7/15/2025	12:59:27 PM	269.02859	263.50410	258.30478	256.14033	255.13646	256.86460	261.34825	268.49703	271.67881	274.13184	273.21630	271.41027	259.80982	264.52693
7/15/2025	12:59:31 PM	266.81879	261.49994	256.85086	254.96226	253.91289	255.04218	258.98739	265.21920	268.04142	269.86776	269.10433	267.47410	256.93819	260.97174
7/15/2025	12:59:34 PM	263.32881	258.46866	254.46511	252.78944	251.75914	251.91100	255.34727	260.84164	263.23977	264.66793	264.11812	262.63743	252.80096	256.14169
7/15/2025	12:59:38 PM	259.07964	254.46876	251.14732	249.66543	248.64664	247.88356	250.84739	255.66509	257.80560	258.92612	258.48588	257.11368	247.54899	250.34987
7/15/2025	12:59:41 PM	254.01835	249.64738	246.81768	245.50638	244.54963	243.13660	245.49070	249.68159	251.59946	252.66296	252.33038	250.85588	241.28089	243.59152
7/15/2025	12:59:45 PM	248.04682	243.68674	241.44706	240.26560	239.45004	237.67539	239.40119	243.10616	244.56700	245.61741	245.39681	243.99014	234.44607	236.17350
7/15/2025	12:59:48 PM	241.52481	237.21695	235.57761	234.27118	233.70667	231.81134	232.89149	236.01537	236.80040	237.93346	237.88082	236.39451	227.41411	228.72550
7/15/2025	12:59:51 PM	234.53344	230.34832	229.28595	227.70626	227.58286	225.52294	225.68862	228.43965	228.90633	230.02095	230.14838	228.99637	220.30852	221.59036
7/15/2025	12:59:55 PM	227.55230	223.15487	222.59587	220.92729	221.12879	218.92926	218.16943	220.57065	221.05619	222.02513	222.56994	221.28607	213.26727	214.78281
7/15/2025	12:59:58 PM	220.20999	215.79726	215.46596	213.69398	214.37348	211.79213	210.43068	212.62976	213.06675	213.90506	214.32269	213.38011	206.07312	207.60184
7/15/2025	1:00:02 PM	212.33542	207.67895	206.92951	205.58112	206.21632	202.98562	201.68511	203.57770	204.22079	204.68550	205.42391	204.30307	198.25016	199.91055
7/15/2025	1:00:05 PM	203.94545	199.12399	198.81556	197.16658	197.61218	194.06101	192.61789	194.27985	195.08671	195.50357	196.71117	195.63163	190.35849	191.94381
7/15/2025	1:00:09 PM	195.45239	190.53973	190.66641	188.54950	188.96979	185.22642	183.72485	185.16231	186.27288	186.46453	188.11286	187.21859	182.57428	184.25427
7/15/2025	1:00:12 PM	187.51865	182.61034	183.10429	180.59097	180.92121	177.29625	175.68452	176.94254	178.43661	178.55170	180.54438	179.63866	175.50840	177.26738
7/15/2025	1:00:16 PM	180.29951	175.45741	176.11979	173.51319	173.78191	170.25956	168.57268	169.62302	171.52057	171.57685	173.76329	172.82765	169.06948	170.95698
7/15/2025	1:00:19 PM	173.93975	169.17309	169.98815	167.24235	167.50623	164.16460	162.50357	163.33144	165.54039	165.61977	167.91633	167.01363	163.44891	165.42428
7/15/2025	1:00:22 PM	168.27842	163.54563	164.54357	161.54472	161.82924	158.68529	157.09996	157.68588	160.17021	160.31611	162.64422	161.72122	158.27174	160.31771
7/15/2025	1:00:26 PM	163.05974	158.39263	159.44788	156.29733	156.62842	153.67217	152.18918	152.59209	155.29143	155.52750	157.83578	156.94265	153.49746	155.59700
7/15/2025	1:00:29 PM	158.40196	153.71956	154.85062	151.67209	152.03066	149.21758	147.90357	148.08914	150.99405	151.38287	153.64065	152.70459	149.18268	151.38931
7/15/2025	1:00:33 PM	154.08350	149.28191	150.35758	147.20001	147.54521	145.03011	143.88938	144.08151	147.02312	147.48093	149.31506	148.31148	144.99149	147.19729
7/15/2025	1:00:36 PM	149.88312	145.04846	146.29059	143.09271	143.49399	141.04510	140.13184	140.19841	143.34922	143.85322	145.44395	144.29629	140.88310	143.32140
7/15/2025	1:00:40 PM	145.28798	140.14560	141.59404	138.35722	139.00592	137.14599	136.56142	136.24093	139.77336	139.85621	141.61982	139.89462	136.68240	139.54407
7/15/2025	1:00:43 PM	141.00761	135.89169	137.37048	134.57286	135.34530	133.68422	133.29718	133.11018	136.79583	136.96441	138.52853	137.00913	133.52394	136.36627
7/15/2025	1:00:47 PM	138.10899	132.92809	134.31060	131.55706	132.36597	130.94933	130.63214	130.57137	134.30167	134.66637	136.04611	134.56414	130.80225	133.63447
7/15/2025	1:00:50 PM	135.61110	130.36069	131.67522	128.97653	129.82226	128.62759	128.32358	128.43191	132.18426	132.72513	133.95386	132.54079	128.53205	131.34424
7/15/2025	1:00:54 PM	133.53964	128.24228	129.47678	126.82259	127.69664	126.67960	126.38738	126.61819	130.34789	131.00438	132.07906	130.69802	126.50163	129.29563
7/15/2025	1:00:57 PM	131.60322	126.27771	127.46758	124.85115	125.74572	124.87084	124.58084	124.88957	128.58194	129.33316	130.29044	128.96205	124.62151	127.40002
7/15/2025	1:01:01 PM	129.80648	124.48820	125.65493	123.06632	123.97140	123.22578	122.95655	123.32193	126.97106	127.79852	128.65744	127.37618	122.92862	125.69341
7/15/2025	1:01:04 PM	128.19470	122.90567	124.05369	121.49507	122.41200	121.76502	121.50832	121.89192	125.49729	126.39134	127.17503	125.93557	121.41714	124.16389
7/15/2025	1:01:08 PM	126.69569	121.43472	122.56104	120.04347	120.96271	120.39854	120.14525	120.53151	124.08463	125.02660	125.74823	124.54585	119.97956	122.70910
7/15/2025	1:01:11 PM	125.25727	120.04086	121.16335	118.68045	119.60661	119.12319	118.88393	119.25412	122.76278	123.73914	124.41656	123.24356	118.64386	121.35101
7/15/2025	1:01:15 PM	123.93170	118.75588	119.86976	117.41856	118.34427	117.93129	117.69844	118.05655	121.52937	122.53781	123.17439	122.03860	117.43373	120.12681
7/15/2025	1:01:18 PM	122.73703	117.61620	118.72833	116.30821	117.23562	116.87837	116.64896	116.98952	120.42097	121.44301	122.05529	120.94338	116.34340	119.01336
7/15/2025	1:01:21 PM	121.62372	116.55459	117.66472	115.27051	116.18640	115.87791	115.65461	115.98183	119.37902	120.40611	120.99832	119.90539	115.31839	117.97151
7/15/2025	1:01:25 PM	120.55992	115.54735	116.65513	114.29500	115.20710	114.94465	114.72381	115.03579	118.39174	119.41981	119.99098	118.92232	114.36472	116.99686
7/15/2025	1:01:28 PM	119.59483	114.63765	115.74586	113.41107	114.31329	114.08872	113.87630	114.17398	117.48786	118.51589	119.07221	118.02786	113.49945	116.11181
7/15/2025	1:01:32 PM	118.69378	113.79344	114.89576	112.58352	113.46945	113.27892	113.06765	113.35103	116.62212	117.64473	118.18433	117.16012	112.67283	115.26446
7/15/2025	1:01:35 PM	117.81986	112.97672	114.07916	111.79119	112.65867	112.50535	112.29863	112.56905	115.80219	116.82522	117.35587	116.35073	111.89960	114.47027
7/15/2025	1:01:39 PM	117.01892	112.22920	113.33268	111.07024	111.91987	111.79035	111.59260	111.85495	115.04783	116.06464	116.58658	115.60056	111.19213	113.74317
7/15/2025	1:01:42 PM	116.26334	111.53144	112.63167	110.38971	111.21704	111.11478	110.91978	111.17267	114.32764	115.33995	115.85089	114.88138	110.51752	113.04673
7/15/2025	1:01:45 PM	115.55373	110.87491	111.97479	109.74828	110.55810	110.47588	110.28552	110.52929	113.64691	114.65179	115.15323	114.19926	109.88037	112.39018
7/15/2025	1:01:49 PM	114.85287	110.23096	111.33000	109.12388	109.91159	109.85093	109.66461	109.90067	112.98137	113.97545	114.47074	113.53194	109.25901	111.74737
7/15/2025	1:01:52 PM	114.18872	109.62293	110.72372	108.53457	109.30219	109.26136	109.07805	109.31232	112.35705	113.34203	113.82992	112.90822	108.68156	111.14870
7/15/2025	1:01:56 PM	113.56096	109.04895	110.15022	107.97768	108.72355	108.70115	108.51821	108.75566	111.76523	112.73935	113.22188	112.31570	108.13375	110.57719
7/15/2025	1:01:59 PM	112.97649	108.51614	109.61500	107.45601	108.18125	108.16864	107.98830	108.23199	111.20269	112.16105	112.63594	111.74271	107.60676	110.03289
7/15/2025	1:02:03 PM	112.39921	107.99186	109.09326	106.94724	107.65120	107.65215	107.47395	107.72431	110.65550	111.60667	112.07852	111.20408	107.11300	109.52148
7/15/2025	1:02:06 PM	111.86792	107.51004	108.60922	106.47414	107.16051	107.16746	106.98942	107.24287	110.13636	111.07678	111.54333	110.68361	106.63810	109.02833
7/15/2025	1:02:10 PM	111.34205	107.03471	108.13504	106.01241	106.67839	106.69604	106.52045	106.77972	109.63736	110.56854	111.02828	110.18307	106.18227	108.55404
7/15/2025	1:02:13 PM	110.85252	106.59039	107.68893	105.57885	106.22404	106.24626	106.07355	106.33406	109.15793	110.08051	110.53704	109.70624	105.74937	108.10286
7/15/2025	1:02:17 PM	110.37550	106.16336	107.26020	105.16286	105.78956	105.81690	105.64379	105.90871	108.69937	109.61434	110.06663	109.24844	105.33584	107.66932
7/15/2025	1:02:20 PM	109.90531	105.73901	106.83497	104.74809	105.35309	105.38392	105.21358	105.48005	108.23532	109.14325	109.59122	108.78944	104.92104	107.23605
7/15/2025	1:02:24 PM	109.44885	105.33023	106.42212	104.34717	104.93305	104.96972	104.80378	105.07102	107.79262	108.69405	109.13936	108.35075	104.52504	106.81766
7/15/2025	1:02:27 PM	109.00733	104.93623	106.02848	103.96359	104.52981	104.57004	104.40506	104.67419	107.35991	108.25206	108.69463	107.91934	104.13984	106.41332
7/15/2025	1:02:31 PM	108.57853	104.55201	105.64295	103.58817	104.13647	104.18243	104.02247	104.29113	106.94486	107.83071	108.27024	107.50680	103.76939	106.02188
7/15/2025	1:02:34 PM	108.16067	104.17779	105.26405	103.22004	103.75013	103.80137	103.64344	103.91091	106.52936	107.40871	107.84672	107.09625	103.40290	105.63569
7/15/2025	1:02:38 PM	107.75387	103.81428	104.89744	102.86452	103.37813	103.43187	103.27509	103.54145	106.12700	107.00373	107.44037	106.70422	103.05370	105.26696
7/15/2025	1:02:41 PM	107.36124	103.46407	104.54506	102.52479	103.02434	103.08130	102.92408	103.19113	105.74417	106.61365	107.04824	106.32423	102.71571	104.90979
7/15/2025	1:02:44 PM	106.98843	103.13235	104.21098	102.19869	102.68202	102.73986	102.58384	102.84828	105.36718	106.22969	106.66244	105.94966	102.38324	104.55533
7/15/2025	1:02:48 PM	106.61263	102.79812	103.87509	101.87531	102.34613	102.40842	102.25440	102.51840	105.00710	105.86254	106.29351	105.59176	102.06724	104.22082
7/15/2025	1:02:51 PM	106.25634	102.48053	103.55356	101.56582	102.02143	102.08474	101.93129	102.19504	104.64966	105.50096	105.93029	105.23849	101.75589	103.89164
7/15/2025	1:02:55 PM	105.89821	102.16343	103.23294	101.25550	101.69793	101.76478	101.61197	101.87450	104.29795	105.14309	105.56902	104.88803	101.44688	103.56251
7/15/2025	1:02:58 PM	105.54744	101.85271	102.91689	100.95273	101.38402	101.45038	101.29825	101.56085	103.95097	104.78926	105.21428	104.54498	101.14404	103.24206
7/15/2025	1:03:02 PM	105.20369	101.54744	102.60997	100.65810	101.07601	101.14622	100.99675	101.25831	103.61549	104.44941	104.87287	104.21412	100.85514	102.93370
7/15/2025	1:03:05 PM	104.87878	101.25901	102.31712	100.37810	100.78471	100.85438	100.70476	100.96483	103.29092	104.11874	104.54029	103.89189	100.57148	102.63140
7/15/2025	1:03:09 PM	104.54922	100.96682	102.02054	100.09312	100.48645	100.56029	100.41367	100.67207	102.96793	103.79035	104.20855	103.56901	100.28969	102.33218
7/15/2025	1:03:12 PM	104.23333	100.68733	101.73823	99.82281	100.20533	100.27935	100.13288	100.39036	102.65506	103.47161	103.88894	103.25615	100.01835	102.04112
7/15/2025	1:03:16 PM	103.91554	100.40421	101.45071	99.54818	99.91930	99.99531	99.84936	100.10593	102.33862	103.14935	103.56636	102.94240	99.74305	101.74889
7/15/2025	1:03:19 PM	103.60182	100.12653	101.16876	99.28159	99.64240	99.71797	99.57361	99.82989	102.03269	102.83714	103.25325	102.63611	99.47738	101.46590
7/15/2025	1:03:23 PM	103.30378	99.86299	100.90165	99.02594	99.37615	99.45259	99.30893	99.56283	101.73434	102.53217	102.94424	102.33653	99.21607	101.18807
7/15/2025	1:03:26 PM	103.00065	99.59491	100.63075	98.76918	99.10892	99.18740	99.04509	99.29989	101.44199	102.23667	102.64737	102.04696	98.96368	100.91765
7/15/2025	1:03:29 PM	102.70611	99.33340	100.36434	98.51581	98.84772	98.92754	98.78452	99.03737	101.14825	101.93694	102.34504	101.75247	98.70785	100.64604
7/15/2025	1:03:33 PM	102.41640	99.07718	100.10553	98.27031	98.59306	98.67420	98.53397	98.78433	100.86582	101.64980	102.05504	101.47215	98.46449	100.38575
7/15/2025	1:03:36 PM	102.13982	98.83274	99.85642	98.03512	98.34813	98.42979	98.28976	98.53955	100.59400	101.37229	101.77465	101.19827	98.22675	100.13085
7/15/2025	1:03:40 PM	101.86591	98.58960	99.60925	97.80113	98.10638	98.18775	98.04687	98.29575	100.32271	101.09507	101.49431	100.92615	97.99256	99.88010
7/15/2025	1:03:43 PM	101.59623	98.35080	99.36793	97.57241	97.87027	97.95310	97.81279	98.06061	100.06066	100.82689	101.22372	100.66317	97.76394	99.63695
7/15/2025	1:03:47 PM	101.33065	98.11468	99.12663	97.34511	97.63316	97.71660	97.57866	97.82453	99.79643	100.55717	100.95055	100.39851	97.53285	99.38926
7/15/2025	1:03:50 PM	101.06266	97.87638	98.88620	97.11891	97.39737	97.48148	97.34422	97.58765	99.53171	100.28770	100.67805	100.13185	97.30184	99.14140
7/15/2025	1:03:54 PM	100.79119	97.63606	98.64152	96.88902	97.16028	97.24704	97.11050	97.35301	99.26860	100.01740	100.40608	99.86682	97.07228	98.89649
7/15/2025	1:03:57 PM	100.53298	97.40640	98.41006	96.67159	96.93427	97.02354	96.88867	97.12926	99.01876	99.76275	100.14797	99.61656	96.85488	98.66197
7/15/2025	1:04:01 PM	100.27686	97.18062	98.18036	96.45642	96.71092	96.79895	96.66465	96.90424	98.76883	99.50694	99.88898	99.36490	96.63695	98.42999
7/15/2025	1:04:04 PM	100.03355	96.96454	97.96082	96.24940	96.49582	96.58477	96.45044	96.68909	98.52854	99.26149	99.64100	99.12319	96.42650	98.20304
7/15/2025	1:04:08 PM	99.78539	96.74415	97.73802	96.04114	96.28197	96.37044	96.23756	96.47532	98.28949	99.01802	99.39498	98.88366	96.22035	97.98044
7/15/2025	1:04:11 PM	99.54983	96.53665	97.52671	95.84261	96.07640	96.16449	96.03163	96.26766	98.05696	98.77972	99.15233	98.64895	96.01604	97.75958
7/15/2025	1:04:15 PM	99.30849	96.32361	97.31046	95.64125	95.87033	95.95874	95.82766	96.06170	97.82685	98.54300	98.91351	98.41649	95.81505	97.54298
7/15/2025	1:04:18 PM	99.07994	96.11994	97.10465	95.44826	95.67196	95.75900	95.62861	95.86118	97.60332	98.31437	98.68168	98.19106	95.61903	97.33200
7/15/2025	1:04:21 PM	98.85378	95.92010	96.90221	95.25886	95.47652	95.56333	95.43432	95.66588	97.38437	98.08981	98.45330	97.96946	95.42768	97.12379
7/15/2025	1:04:25 PM	98.63318	95.72513	96.70373	95.07335	95.28437	95.37079	95.24289	95.47542	97.16945	97.87090	98.23112	97.75426	95.24052	96.92157
7/15/2025	1:04:28 PM	98.41607	95.53217	96.50827	94.89074	95.09607	95.18395	95.05731	95.28909	96.96123	97.65585	98.01414	97.54361	95.05634	96.72120
7/15/2025	1:04:32 PM	98.19915	95.33877	96.31171	94.70739	94.90591	94.99235	94.86665	95.09773	96.74550	97.43572	97.78909	97.32547	94.86614	96.51558
7/15/2025	1:04:35 PM	97.98218	95.14694	96.11688	94.52512	94.71698	94.80330	94.67786	94.90957	96.53617	97.22044	97.57057	97.11415	94.68338	96.31957
7/15/2025	1:04:39 PM	97.76813	94.95654	95.92224	94.34380	94.52931	94.61596	94.49199	94.72096	96.32488	97.00470	97.35140	96.90197	94.49924	96.12061
7/15/2025	1:04:42 PM	97.55759	94.77034	95.73362	94.16831	94.34854	94.43476	94.31176	94.53895	96.12278	96.79769	97.14115	96.69734	94.32010	95.92770
7/15/2025	1:04:46 PM	97.34870	94.58494	95.54516	93.99139	94.16642	94.25055	94.12814	94.35418	95.91579	96.58467	96.92414	96.48549	94.13587	95.72900
7/15/2025	1:04:49 PM	97.13560	94.39629	95.35251	93.81315	93.98312	94.06628	93.94492	94.16786	95.70954	96.37314	96.70874	96.27730	93.95616	95.53443
7/15/2025	1:04:53 PM	96.92728	94.21168	95.16475	93.63825	93.80349	93.88663	93.76652	93.98818	95.51063	96.16723	96.49911	96.07321	93.77839	95.34313
7/15/2025	1:04:56 PM	96.72055	94.02885	94.97911	93.46564	93.62636	93.70875	93.58852	93.80667	95.30857	95.96204	96.29143	95.86914	93.60290	95.15317
7/15/2025	1:05:00 PM	96.51724	93.84914	94.79705	93.29694	93.45280	93.53579	93.41657	93.63182	95.11358	95.76107	96.08701	95.67143	93.43191	94.96954
7/15/2025	1:05:04 PM	96.31994	93.67557	94.62125	93.13471	93.28699	93.36943	93.25115	93.46275	94.92687	95.56981	95.89257	95.48101	93.26738	94.79137
7/15/2025	1:05:07 PM	96.13045	93.50742	94.44972	92.97638	93.12487	93.20774	93.08964	93.29678	94.74293	95.38199	95.70205	95.29578	93.10723	94.61785
7/15/2025	1:05:11 PM	95.94513	93.34334	94.28280	92.82226	92.96595	93.04979	92.93265	93.13548	94.56462	95.19679	95.51219	95.11147	92.94773	94.44579
7/15/2025	1:05:14 PM	95.75581	93.17712	94.11328	92.66491	92.80454	92.88874	92.77080	92.96988	94.37969	95.00709	95.31899	94.92516	92.78589	94.27101
7/15/2025	1:05:18 PM	95.56742	93.00887	93.94208	92.50720	92.64273	92.72657	92.60880	92.80729	94.19971	94.82148	95.13006	94.73984	92.62475	94.09618
7/15/2025	1:05:21 PM	95.38192	92.84499	93.77567	92.35352	92.48395	92.56891	92.45214	92.64556	94.02096	94.63751	94.94220	94.55701	92.46857	93.92780
7/15/2025	1:05:25 PM	95.20198	92.68506	93.61311	92.20415	92.32919	92.41550	92.29835	92.48989	93.84767	94.45807	94.75836	94.37959	92.31410	93.75999
7/15/2025	1:05:29 PM	95.02248	92.52660	93.45148	92.05587	92.17629	92.26400	92.14603	92.33442	93.67491	94.28023	94.57678	94.20390	92.16230	93.59524
7/15/2025	1:05:32 PM	94.84529	92.37054	93.29316	91.91120	92.02664	92.11295	91.99534	92.18279	93.50723	94.10742	94.39970	94.03160	92.01288	93.43451
7/15/2025	1:05:36 PM	94.67154	92.21570	93.13568	91.76635	91.87898	91.96522	91.84885	92.03433	93.34320	93.93748	94.22602	93.86291	91.86574	93.27489
7/15/2025	1:05:39 PM	94.50411	92.06654	92.98306	91.62593	91.73411	91.82058	91.70290	91.88633	93.17966	93.76980	94.05527	93.69758	91.72158	93.11865
7/15/2025	1:05:43 PM	94.33327	91.91513	92.82837	91.48544	91.59049	91.67584	91.55815	91.73936	93.01705	93.60270	93.88397	93.53043	91.57810	92.96247
7/15/2025	1:05:46 PM	94.17119	91.77205	92.68220	91.35309	91.45466	91.53830	91.42039	91.59935	92.86191	93.44166	93.71826	93.37017	91.43880	92.81211
7/15/2025	1:05:50 PM	94.00968	91.62839	92.53671	91.21998	91.31710	91.40018	91.28165	91.45903	92.70660	93.28148	93.55440	93.21096	91.30006	92.66039
7/15/2025	1:05:54 PM	93.84611	91.48343	92.38985	91.08532	91.17911	91.26287	91.14310	91.31776	92.55112	93.12069	93.38963	93.05143	91.16099	92.51018
7/15/2025	1:05:57 PM	93.68555	91.34013	92.24266	90.95002	91.04170	91.12416	91.00453	91.17699	92.39707	92.96180	93.22737	92.89440	91.02405	92.36125
7/15/2025	1:06:01 PM	93.53018	91.20183	92.10273	90.82111	90.90928	90.99171	90.87169	91.04228	92.24899	92.80762	93.06929	92.74076	90.89024	92.21653
7/15/2025	1:06:04 PM	93.37304	91.06222	91.96018	90.69165	90.77793	90.85893	90.73671	90.90555	92.09831	92.65397	92.91191	92.58762	90.75713	92.07111
7/15/2025	1:06:08 PM	93.21685	90.92411	91.82020	90.56268	90.64504	90.72522	90.60227	90.76860	91.94740	92.49695	92.75134	92.43142	90.62138	91.92336
7/15/2025	1:06:11 PM	93.06088	90.78533	91.67954	90.43508	90.51642	90.59508	90.47197	90.63740	91.80318	92.34962	92.59905	92.28337	90.49277	91.78289
7/15/2025	1:06:15 PM	92.89052	90.60817	91.47431	90.29649	90.62187	90.70936	90.49195	90.56812	91.52632	92.01921	92.25496	91.88105	90.24351	91.52354
7/15/2025	1:06:18 PM	92.35385	90.24776	91.16211	90.15556	90.42984	90.53924	90.33718	90.39513	91.30000	91.74609	91.96416	91.60464	90.00959	91.27050
7/15/2025	1:06:22 PM	92.10649	90.01271	90.95700	89.93905	90.14920	90.32669	90.13677	90.19017	91.10049	91.52257	91.70242	91.33864	89.81833	91.05165
7/15/2025	1:06:25 PM	91.88621	89.80907	90.77797	89.74086	89.81503	90.12196	89.93642	89.98717	90.89254	91.29623	91.45494	91.10031	89.62609	90.83776
7/15/2025	1:06:29 PM	91.67954	89.61446	90.60407	89.55763	89.47816	89.93267	89.74893	89.80098	90.70264	91.09475	91.24155	90.89542	89.45441	90.65398
7/15/2025	1:06:32 PM	91.50203	89.44718	90.45475	89.40371	89.18714	89.77177	89.59388	89.65258	90.54794	90.93221	91.07125	90.73289	89.31297	90.50819
7/15/2025	1:06:36 PM	91.35841	89.31111	90.33231	89.28015	88.95471	89.64407	89.47005	89.52878	90.41818	90.79322	90.91991	90.59205	89.19062	90.38138
7/15/2025	1:06:39 PM	91.22683	89.18968	90.21930	89.17109	88.76044	89.52932	89.35731	89.41415	90.29721	90.66503	90.77921	90.45837	89.07479	90.25925
7/15/2025	1:06:43 PM	91.10077	89.07597	90.10990	89.06852	88.59767	89.42074	89.25175	89.30780	90.18261	90.54376	90.64952	90.33694	88.96575	90.14484
7/15/2025	1:06:46 PM	90.98018	88.96707	90.00213	88.96975	88.45814	89.31471	89.14760	89.20251	90.06913	90.42450	90.52070	90.21628	88.85716	90.03072
7/15/2025	1:06:50 PM	90.86231	88.86316	89.89751	88.87585	88.34180	89.21457	89.04800	89.10297	89.96059	90.30980	90.40064	90.10091	88.75406	89.92134
7/15/2025	1:06:53 PM	90.74458	88.76117	89.79228	88.78162	88.23683	89.11404	88.94892	89.00153	89.85018	90.19320	90.27788	89.98308	88.65035	89.81115
7/15/2025	1:06:57 PM	90.62899	88.65995	89.68923	88.69011	88.14264	89.01443	88.84976	88.90128	89.74289	90.07964	90.15794	89.86744	88.55029	89.70329
7/15/2025	1:07:00 PM	90.51466	88.55990	89.58736	88.59960	88.05753	88.91798	88.75193	88.80322	89.63543	89.96768	90.04109	89.75612	88.45017	89.59538
7/15/2025	1:07:03 PM	90.39624	88.45733	89.48015	88.50468	87.97256	88.81510	88.65060	88.70100	89.52339	89.85007	89.91997	89.63972	88.34712	89.48428
7/15/2025	1:07:07 PM	90.27907	88.35499	89.37637	88.41279	87.89584	88.71715	88.55311	88.60315	89.41621	89.73942	89.80420	89.52670	88.24928	89.37682
7/15/2025	1:07:10 PM	90.16664	88.25776	89.27605	88.32330	87.82325	88.62039	88.45619	88.50477	89.30857	89.62624	89.68686	89.41099	88.15102	89.26930
7/15/2025	1:07:14 PM	90.05059	88.15523	89.17178	88.23032	87.75009	88.52098	88.35613	88.40474	89.19975	89.51449	89.57145	89.30066	88.05317	89.16231
7/15/2025	1:07:17 PM	89.93764	88.05516	89.06975	88.13909	87.67942	88.42539	88.25940	88.30758	89.09486	89.40502	89.45760	89.19269	87.95775	89.05751
7/15/2025	1:07:21 PM	89.83116	87.96024	88.97237	88.05287	87.61333	88.33386	88.16709	88.21481	88.99419	89.30122	89.35090	89.08902	87.86576	88.95587
7/15/2025	1:07:24 PM	89.71838	87.85469	88.85457	87.93821	87.52371	88.23536	88.04518	88.10407	88.86854	89.15757	89.20038	88.87766	87.68013	88.77469
7/15/2025	1:07:28 PM	89.40551	87.59342	88.60261	87.73163	87.37370	88.10762	87.93082	87.99456	88.70822	88.97035	88.98875	88.65487	87.51089	88.59787
7/15/2025	1:07:31 PM	89.18500	87.40031	88.42713	87.59350	87.28350	88.00838	87.84104	87.90455	88.59132	88.83852	88.82234	88.48522	87.38565	88.45856
7/15/2025	1:07:35 PM	89.02084	87.23855	88.27206	87.46581	87.19625	87.89423	87.73788	87.79643	88.46772	88.70515	88.66489	88.32900	87.26481	88.32471
7/15/2025	1:07:38 PM	88.87497	87.09859	88.13708	87.35206	87.10956	87.78566	87.63978	87.69937	88.35835	88.58777	88.53007	88.19432	87.15515	88.20845
7/15/2025	1:07:42 PM	88.74600	86.97576	88.01657	87.24709	87.02817	87.68443	87.55167	87.61307	88.26127	88.48544	88.41497	88.08179	87.06305	88.11242
7/15/2025	1:07:45 PM	88.63584	86.86998	87.91142	87.15436	86.96058	87.59999	87.47390	87.53495	88.17460	88.39074	88.30868	87.97919	86.97714	88.02147
7/15/2025	1:07:49 PM	88.53533	86.77739	87.81958	87.07253	86.90125	87.52557	87.40277	87.46119	88.09353	88.30489	88.21242	87.88797	86.89828	87.93762
7/15/2025	1:07:52 PM	88.44329	86.69213	87.73345	86.99476	86.83670	87.44769	87.32980	87.38714	88.01107	88.21894	88.11974	87.79755	86.81800	87.85347
7/15/2025	1:07:56 PM	88.34973	86.60770	87.64505	86.91553	86.77144	87.36911	87.25478	87.31361	87.93181	88.13478	88.02874	87.70822	86.74192	87.77208
7/15/2025	1:07:59 PM	88.25953	86.52763	87.56203	86.84166	86.71123	87.29412	87.18192	87.24043	87.85012	88.05005	87.93928	87.61927	86.66575	87.68914
7/15/2025	1:08:03 PM	88.17085	86.44844	87.48108	86.76872	86.65305	87.22382	87.11107	87.17062	87.77404	87.96875	87.85274	87.53622	86.59388	87.61136
7/15/2025	1:08:06 PM	88.08437	86.37264	87.40298	86.69757	86.59451	87.15023	87.03855	87.09613	87.69265	87.88428	87.76387	87.44971	86.51618	87.52816
7/15/2025	1:08:10 PM	87.99309	86.29344	87.31948	86.62137	86.53190	87.07339	86.96361	87.02166	87.61029	87.79674	87.67578	87.36328	86.44037	87.44537
7/15/2025	1:08:13 PM	87.90381	86.21246	87.23590	86.54746	86.47075	87.00058	86.89045	86.94726	87.52992	87.71265	87.58868	87.27629	86.36433	87.36260
7/15/2025	1:08:17 PM	87.81659	86.13167	87.15691	86.47608	86.40932	86.92661	86.81526	86.87135	87.44890	87.62976	87.50315	87.19267	86.29162	87.28250
7/15/2025	1:08:20 PM	87.73122	86.05581	87.07774	86.40517	86.34704	86.85058	86.74088	86.79680	87.36770	87.54418	87.41537	87.10593	86.21656	87.20001
7/15/2025	1:08:24 PM	87.64399	85.98074	86.99722	86.33159	86.28102	86.77437	86.66564	86.72118	87.28447	87.45775	87.32659	87.02148	86.14139	87.11776
7/15/2025	1:08:27 PM	87.55795	85.90370	86.91794	86.26122	86.21935	86.70367	86.59417	86.64733	87.20590	87.37690	87.24365	86.94136	86.07028	87.03885
7/15/2025	1:08:31 PM	87.47494	85.82884	86.84076	86.19144	86.15789	86.63037	86.52190	86.57409	87.12749	87.29612	87.15934	86.86109	85.99980	86.96078
7/15/2025	1:08:34 PM	87.39431	85.75717	86.76546	86.12494	86.09881	86.56066	86.45203	86.50333	87.05131	87.21779	87.07958	86.78387	85.93062	86.88411
7/15/2025	1:08:38 PM	87.31333	85.68668	86.69107	86.05630	86.03798	86.49052	86.38020	86.42953	86.97272	87.13672	86.99656	86.70210	85.86049	86.80604
7/15/2025	1:08:41 PM	87.23353	85.61516	86.61698	85.98925	85.97766	86.41845	86.30791	86.35661	86.89575	87.05784	86.91740	86.62623	85.79216	86.72990
7/15/2025	1:08:45 PM	87.15471	85.54510	86.54553	85.92376	85.91758	86.34925	86.23880	86.28583	86.81935	86.98014	86.83687	86.54737	85.72270	86.65271
7/15/2025	1:08:48 PM	87.07567	85.47528	86.47265	85.85746	85.85679	86.27839	86.16776	86.21418	86.74376	86.90214	86.75618	86.46964	85.65366	86.57638
7/15/2025	1:08:52 PM	86.99428	85.40294	86.39911	85.78949	85.79499	86.20857	86.09727	86.14159	86.66699	86.82399	86.67625	86.39166	85.58583	86.50048
7/15/2025	1:08:55 PM	86.91654	85.33444	86.32563	85.72374	85.73286	86.13922	86.02827	86.07142	86.59216	86.74651	86.59848	86.31652	85.51937	86.42689
7/15/2025	1:08:59 PM	86.84178	85.26865	86.25673	85.66046	85.67486	86.07304	85.96174	86.00421	86.51987	86.67238	86.52171	86.24197	85.45327	86.35267
7/15/2025	1:09:02 PM	86.76636	85.20052	86.18742	85.59813	85.61445	86.00643	85.89489	85.93630	86.44808	86.59858	86.44825	86.17038	85.39062	86.28285
7/15/2025	1:09:05 PM	86.69470	85.13458	86.11822	85.53576	85.55505	85.94060	85.82884	85.86886	86.37721	86.52677	86.37339	86.09735	85.32638	86.21086
7/15/2025	1:09:09 PM	86.62275	85.07033	86.05180	85.47433	85.49891	85.87686	85.76401	85.80192	86.30644	86.45346	86.29902	86.02619	85.26311	86.14018
7/15/2025	1:09:12 PM	86.54911	85.00457	85.98334	85.41107	85.43940	85.80995	85.69682	85.73335	86.23396	86.37863	86.22189	85.95073	85.19683	86.06605
7/15/2025	1:09:16 PM	86.47360	84.93785	85.91315	85.34614	85.37909	85.74313	85.63037	85.66525	86.16157	86.30595	86.14805	85.87867	85.13305	85.99469
7/15/2025	1:09:19 PM	86.39913	84.87148	85.84483	85.28336	85.31966	85.67605	85.56256	85.59504	86.08826	86.23056	86.07036	85.80341	85.06593	85.92070
7/15/2025	1:09:23 PM	86.32370	84.80267	85.77515	85.21782	85.25666	85.60745	85.49241	85.52360	86.01283	86.15336	85.99101	85.72740	84.99902	85.84568
7/15/2025	1:09:26 PM	86.24754	84.73463	85.70469	85.15315	85.19668	85.53952	85.42429	85.45382	85.94022	86.07940	85.91661	85.65393	84.93283	85.77242
7/15/2025	1:09:30 PM	86.17055	84.66532	85.63253	85.08743	85.13257	85.46865	85.35360	85.38188	85.86372	86.00069	85.83689	85.57779	84.86390	85.69655
7/15/2025	1:09:33 PM	86.09437	84.59526	85.56070	85.02236	85.06920	85.40075	85.28571	85.31235	85.79188	85.92742	85.76174	85.50584	84.79923	85.62470
7/15/2025	1:09:37 PM	86.02247	84.52954	85.49259	84.95942	85.00696	85.33377	85.21718	85.24269	85.71824	85.85200	85.68649	85.43114	84.73260	85.55150
7/15/2025	1:09:40 PM	85.94933	84.46512	85.42482	84.89657	84.94732	85.26877	85.15190	85.17629	85.64922	85.78238	85.61484	85.36301	84.67146	85.48323
7/15/2025	1:09:44 PM	85.87952	84.40299	85.35927	84.83666	84.88952	85.20529	85.08806	85.10988	85.58040	85.71271	85.54348	85.29502	84.61046	85.41594
7/15/2025	1:09:47 PM	85.81046	84.34274	85.29554	84.77715	84.83186	85.14431	85.02611	85.04687	85.51430	85.64527	85.47499	85.22850	84.55120	85.34925
7/15/2025	1:09:51 PM	85.74254	84.28170	85.23104	84.71862	84.77367	85.08192	84.96329	84.98241	85.44698	85.57686	85.40623	85.16242	84.49228	85.28409
7/15/2025	1:09:54 PM	85.67805	84.22319	85.17056	84.66277	84.71968	85.02369	84.90505	84.92241	85.38449	85.51295	85.34021	85.09956	84.43601	85.22167
7/15/2025	1:09:58 PM	85.61545	84.16687	85.11246	84.60836	84.66644	84.96503	84.84560	84.86181	85.32075	85.44815	85.27427	85.03486	84.37865	85.15802
7/15/2025	1:10:01 PM	85.55176	84.10922	85.05411	84.55400	84.61326	84.90737	84.78761	84.80247	85.25890	85.38547	85.21062	84.97412	84.32369	85.09679
7/15/2025	1:10:04 PM	85.48957	84.05397	84.99690	84.50119	84.56154	84.85081	84.73027	84.74399	85.19816	85.32395	85.14763	84.91445	84.27046	85.03695
7/15/2025	1:10:08 PM	85.42793	83.99934	84.94144	84.44986	84.51002	84.79686	84.67600	84.68763	85.13948	85.26497	85.08734	84.85653	84.21851	84.97929
7/15/2025	1:10:11 PM	85.36992	83.94653	84.88668	84.39846	84.46052	84.74267	84.62085	84.63044	85.08089	85.20485	85.02647	84.79800	84.16586	84.92035
7/15/2025	1:10:15 PM	85.31013	83.89268	84.83011	84.34740	84.40942	84.68779	84.56585	84.57376	85.02152	85.14520	84.96518	84.73936	84.11387	84.86186
7/15/2025	1:10:18 PM	85.25299	83.84035	84.77599	84.29723	84.35849	84.63307	84.51072	84.51813	84.96396	85.08570	84.90509	84.68089	84.06178	84.80445
7/15/2025	1:10:22 PM	85.19498	83.78917	84.72253	84.24762	84.30966	84.58023	84.45751	84.46385	84.90738	85.02857	84.84668	84.62596	84.01290	84.74945
7/15/2025	1:10:25 PM	85.13876	83.73733	84.67048	84.19846	84.26024	84.52765	84.40403	84.40880	84.84982	84.97001	84.78657	84.56849	83.96035	84.69176
7/15/2025	1:10:29 PM	85.08318	83.68636	84.61903	84.15194	84.21284	84.47781	84.35383	84.35712	84.79556	84.91515	84.73190	84.51676	83.91453	84.64019
7/15/2025	1:10:32 PM	85.03194	83.63979	84.57123	84.10609	84.16725	84.42874	84.30420	84.30655	84.74334	84.86150	84.67732	84.46468	83.86785	84.58725
7/15/2025	1:10:36 PM	84.98091	83.59410	84.52492	84.06169	84.12244	84.38115	84.25663	84.25717	84.69157	84.80933	84.62420	84.41307	83.82226	84.53660
7/15/2025	1:10:39 PM	84.93086	83.54727	84.47684	84.01740	84.07842	84.33431	84.20813	84.20812	84.64031	84.75796	84.57082	84.36251	83.77688	84.48545
7/15/2025	1:10:43 PM	84.88088	83.50154	84.42825	83.97333	84.03424	84.28731	84.16125	84.16031	84.58989	84.70787	84.51952	84.31341	83.73337	84.43708
7/15/2025	1:10:46 PM	84.83316	83.45819	84.38286	83.93201	83.99338	84.24285	84.11672	84.11477	84.54242	84.65895	84.47071	84.26671	83.69159	84.38946
7/15/2025	1:10:50 PM	84.78501	83.41385	84.33824	83.88959	83.95077	84.19772	84.07084	84.06779	84.49310	84.60816	84.41961	84.21833	83.64821	84.34156
7/15/2025	1:10:53 PM	84.73804	83.37273	84.29451	83.84950	83.91033	84.15453	84.02791	84.02377	84.44693	84.56198	84.37227	84.17339	83.60835	84.29616
7/15/2025	1:10:57 PM	84.69202	83.33208	84.25096	83.81027	83.86984	84.11168	83.98333	83.97763	84.39972	84.51403	84.32330	84.12599	83.56685	84.24942
7/15/2025	1:11:00 PM	84.64456	83.28979	84.20657	83.77059	83.82900	84.06867	83.94040	83.93324	84.35279	84.46750	84.27516	84.08032	83.52034	84.19173
7/15/2025	1:11:04 PM	84.54901	83.17270	84.07272	83.60844	83.52689	83.79649	83.58928	83.47839	83.84077	83.82255	79.29663	81.36869	82.11148	82.90815
7/15/2025	1:11:07 PM	83.45752	81.50239	83.11595	82.79275	82.76596	82.99984	82.76296	82.78548	82.98552	80.28716	76.57904	77.28918	79.39747	80.69936
7/15/2025	1:11:10 PM	77.69727	76.98490	79.05007	79.44133	82.45881	82.78330	82.60322	82.52630	80.44697	78.42720	76.57508	76.93272	78.21744	78.72996
7/15/2025	1:11:14 PM	77.38597	76.69218	78.25296	78.70337	81.37016	82.50742	82.47024	82.26889	78.97311	77.82519	76.57436	76.80620	77.47789	78.12201
7/15/2025	1:11:17 PM	77.30468	76.62346	77.76066	78.12507	79.02723	80.25642	82.23620	80.44752	78.37855	77.16594	76.57287	76.74433	77.06131	77.75830
7/15/2025	1:11:21 PM	77.22818	76.60152	77.53651	77.73780	78.36611	79.25033	81.98631	78.99384	78.06218	76.93346	76.56783	76.68274	76.71610	77.52163
7/15/2025	1:11:24 PM	77.18500	76.57184	77.33067	77.57840	77.80523	78.85127	78.99104	78.53061	77.83971	76.88597	76.56502	76.63857	76.61398	77.34540
7/15/2025	1:11:28 PM	77.14696	76.54851	77.26402	77.15682	77.39358	78.57980	78.47442	78.23121	77.65798	76.85160	76.55065	76.61547	76.58676	76.87447
7/15/2025	1:11:31 PM	77.13205	76.52734	77.24553	77.09163	77.16698	78.37859	78.20297	77.99495	77.48406	76.81727	76.54692	76.59777	76.56239	76.80780
7/15/2025	1:11:35 PM	77.11883	76.51644	77.23173	77.07088	77.01136	78.19824	77.99818	77.82968	77.23903	76.78354	76.54757	76.59360	76.54892	76.77308
7/15/2025	1:11:38 PM	77.11512	76.50483	77.21448	77.05871	76.86828	78.05995	77.81575	77.69584	76.83778	76.76123	76.54590	76.58784	76.54472	76.70767
7/15/2025	1:11:42 PM	77.11187	76.50233	77.19007	77.05099	76.75500	77.90958	77.66300	77.55075	76.79813	76.71791	76.54434	76.58277	76.54141	76.68522
7/15/2025	1:11:45 PM	77.10233	76.50072	77.17732	77.04342	76.68116	77.77510	77.53904	77.43710	76.77145	76.68282	76.54158	76.58592	76.53798	76.66744
7/15/2025	1:11:48 PM	77.10415	76.49837	77.15713	77.03460	76.66238	77.65432	77.41677	77.34641	76.74471	76.65222	76.53997	76.58446	76.53479	76.64987
7/15/2025	1:11:52 PM	77.09996	76.49573	77.14109	77.02684	76.65579	77.54593	76.96466	76.95373	76.71474	76.63090	76.54077	76.58784	76.52613	76.63163
7/15/2025	1:11:55 PM	77.10353	76.49308	77.12522	77.02091	76.64570	77.33509	76.89012	76.85162	76.69875	76.62331	76.53756	76.58546	76.52206	76.61226
7/15/2025	1:11:59 PM	77.10173	76.49170	77.11871	77.01979	76.63686	77.22748	76.85242	76.81499	76.67171	76.61599	76.53582	76.58770	76.51847	76.59164
7/15/2025	1:12:02 PM	77.10173	76.49019	77.11725	77.02102	76.63802	77.12192	76.78559	76.75318	76.64788	76.61412	76.53696	76.58922	76.51419	76.57595
7/15/2025	1:12:06 PM	77.10034	76.48446	77.11809	77.02057	76.63641	76.97271	76.73792	76.73899	76.62573	76.61238	76.53815	76.58751	76.51247	76.56710
7/15/2025	1:12:09 PM	77.10053	76.48466	77.11821	77.02044	76.63094	76.92675	76.71403	76.72441	76.58995	76.61427	76.54265	76.58434	76.50799	76.55795
7/15/2025	1:12:13 PM	77.09997	76.48253	77.11908	77.02237	76.62938	76.89006	76.69173	76.71256	76.57527	76.61281	76.54511	76.58387	76.50574	76.55330
7/15/2025	1:12:16 PM	77.09938	76.48163	77.12003	77.02410	76.62146	76.86667	76.67394	76.69729	76.56438	76.61296	76.55132	76.58344	76.50680	76.54798
7/15/2025	1:12:20 PM	77.10006	76.47787	77.12021	77.02499	76.62432	76.83556	76.65039	76.67909	76.55096	76.61802	76.55306	76.58762	76.50591	76.54833
7/15/2025	1:12:23 PM	77.09586	76.46581	77.11958	77.02522	76.62534	76.80171	76.63108	76.66179	76.54029	76.61696	76.55309	76.58865	76.50850	76.54733
7/15/2025	1:12:27 PM	77.09884	76.47044	77.11925	77.02836	76.62404	76.73856	76.61673	76.64291	76.53638	76.61678	76.55175	76.58693	76.50847	76.54682
7/15/2025	1:12:30 PM	77.09925	76.47284	77.11920	77.03087	76.62283	76.68491	76.59038	76.62445	76.53282	76.61212	76.55119	76.58728	76.51131	76.54632
7/15/2025	1:12:34 PM	77.09977	76.47317	77.11873	77.03341	76.62464	76.65006	76.56680	76.61326	76.53301	76.60989	76.55234	76.58727	76.51298	76.54640
7/15/2025	1:12:37 PM	77.10143	76.47195	77.11660	77.03235	76.62769	76.62643	76.54864	76.60134	76.52999	76.60805	76.55326	76.59191	76.51331	76.54518
