4/5/2022	11:00:16 AM	297.00945	296.77258	297.11932	296.86469	297.00252	296.89959	296.99579	297.02189	297.08119	297.23872	297.23506	296.96393	296.90975	296.91791
4/5/2022	11:00:19 AM	297.00144	296.76360	297.11200	296.85806	296.99476	296.89211	296.98908	297.01309	297.07480	297.23354	297.22808	296.95775	296.91013	296.96793
4/5/2022	11:00:23 AM	296.99412	296.75810	297.09663	296.85833	296.97731	296.89926	296.97413	297.04047	297.08137	297.18208	297.23143	296.95214	296.91993	296.91589
4/5/2022	11:00:26 AM	296.98064	296.74429	297.09685	296.84373	296.97680	296.87875	296.97562	296.99628	297.05502	297.21293	297.20453	296.93646	296.89900	296.90650
4/5/2022	11:00:30 AM	296.96487	296.72590	297.07499	296.81702	296.94303	296.82781	296.90043	296.88877	296.93970	297.07398	297.04882	296.75214	296.68082	296.64399
4/5/2022	11:00:33 AM	296.64376	296.31753	296.63982	296.33518	296.41136	296.22435	296.19042	296.07684	296.09440	296.15047	296.07811	295.77639	295.56067	295.44364
4/5/2022	11:00:37 AM	295.43854	294.95121	295.22501	294.80340	294.83068	294.54237	294.37950	294.14618	294.17198	294.19135	294.13008	293.83664	293.07067	293.13385
4/5/2022	11:00:40 AM	293.09887	292.25612	292.43890	291.86906	291.82360	291.43961	291.14632	290.84260	290.91015	290.94387	290.92868	290.46768	289.29471	289.57755
4/5/2022	11:00:44 AM	289.36576	288.35020	288.54550	287.78221	287.68927	287.21550	286.85714	286.49667	286.62252	286.63764	286.51146	285.89700	284.75532	285.18382
4/5/2022	11:00:47 AM	284.57942	283.56321	283.87751	282.95743	282.85588	282.26854	281.88443	281.48233	281.71301	281.71999	281.15187	280.58367	279.87436	280.34279
4/5/2022	11:00:51 AM	279.08051	278.17689	278.64238	277.65164	277.48102	276.88743	276.40528	275.89898	276.23676	276.13583	275.24791	274.67081	274.77320	275.25341
4/5/2022	11:00:54 AM	273.22127	272.47599	273.09779	272.02009	271.76525	271.17509	270.52666	269.93542	270.46743	270.16852	269.48718	268.82191	269.64273	270.20451
4/5/2022	11:00:58 AM	267.33650	266.50961	267.25844	266.12046	265.74977	265.17295	264.35266	263.77535	264.51777	264.17208	263.91153	263.45254	264.47120	265.16699
4/5/2022	11:01:01 AM	261.82124	260.60400	261.49066	260.16368	259.69838	259.13346	258.15656	257.59993	258.65428	258.46538	258.57290	258.44272	259.16610	259.90818
4/5/2022	11:01:05 AM	256.80259	254.97091	255.92719	254.30053	253.80128	253.26804	252.08958	251.66691	253.06078	253.06917	253.43502	253.70306	254.02391	254.82054
4/5/2022	11:01:08 AM	251.94471	249.52795	250.48654	248.64277	248.07457	247.47829	246.06759	245.83901	247.60036	247.81747	248.33687	248.96107	248.91870	249.75446
4/5/2022	11:01:12 AM	247.11810	244.21967	245.18394	243.14505	242.53745	241.91673	240.27250	240.26501	242.32505	242.70562	243.36384	244.34114	243.97609	244.85854
4/5/2022	11:01:15 AM	242.48559	239.15950	240.13114	237.99674	237.36929	236.66711	234.81671	235.01631	237.32701	237.85077	238.64756	239.96586	239.25146	240.19018
4/5/2022	11:01:19 AM	238.04079	234.28727	235.24849	233.06045	232.41297	231.63540	229.54726	229.99126	232.53966	233.21048	234.09655	235.71651	234.63668	235.59354
4/5/2022	11:01:22 AM	233.64913	229.51478	230.47276	228.26191	227.59481	226.74602	224.43674	225.10707	227.89513	228.71878	229.69059	231.59677	230.18303	231.19473
4/5/2022	11:01:26 AM	229.58301	225.12820	226.06246	223.86014	223.16316	222.29768	219.76375	220.69018	223.66688	224.65436	225.74620	227.93613	226.26225	227.36280
4/5/2022	11:01:29 AM	226.00273	221.30452	222.24895	220.14444	219.44514	218.54822	215.76939	216.93600	220.15311	221.33229	222.53394	224.97413	223.10371	224.25595
4/5/2022	11:01:33 AM	223.04162	218.10186	219.08643	216.97094	216.10801	215.11038	212.04454	213.34890	216.76474	218.11228	219.28851	221.87843	219.71126	220.83467
4/5/2022	11:01:36 AM	219.72659	214.42383	215.37368	213.15443	212.14912	211.00385	207.64755	209.06449	212.69813	214.16555	215.38298	218.16987	215.64150	216.77543
4/5/2022	11:01:40 AM	215.81882	210.23278	211.18039	208.89661	207.78797	206.48654	202.91481	204.48323	208.36446	209.93165	211.19148	214.20759	211.31960	212.48170
4/5/2022	11:01:43 AM	211.71167	205.90331	206.85457	204.49390	203.35874	201.96283	198.19726	199.97123	204.06602	205.70370	207.04185	210.26253	207.07778	208.29927
4/5/2022	11:01:47 AM	207.65142	201.64882	202.61998	200.24719	199.09832	197.57528	193.62396	195.60614	199.85802	201.54616	202.92857	206.32802	202.84982	204.11976
4/5/2022	11:01:50 AM	203.71862	197.59285	198.56652	196.16231	194.99807	193.39335	189.27975	191.45882	195.84212	197.60686	199.01147	202.54546	198.84309	200.18439
4/5/2022	11:01:54 AM	199.92017	193.66585	194.63519	192.28613	191.13421	189.42547	185.16763	187.55633	192.05749	193.91065	195.30850	198.97569	195.07449	196.45015
4/5/2022	11:01:57 AM	196.38240	190.07057	191.04765	188.75881	187.60639	185.82402	181.42286	183.99433	188.58711	190.49627	191.87537	195.66412	191.60464	193.02632
4/5/2022	11:02:01 AM	193.02930	186.63457	187.62315	185.41008	184.26687	182.40506	177.86314	180.60719	185.27107	187.24399	188.62579	192.49174	188.30432	189.78382
4/5/2022	11:02:04 AM	189.89893	183.48955	184.50846	182.36598	181.24122	179.29215	174.63417	177.53565	182.23654	184.26352	185.63166	189.56739	185.30756	186.81517
4/5/2022	11:02:08 AM	186.99654	180.56816	181.59565	179.56247	178.47534	176.45570	171.72251	174.76117	179.49008	181.54670	182.88812	186.87821	182.55405	184.10124
4/5/2022	11:02:11 AM	184.30005	177.87891	178.93284	176.99959	175.93804	173.84474	169.01964	172.19026	176.92990	179.01490	180.32300	184.35611	179.98067	181.55769
4/5/2022	11:02:15 AM	181.80448	175.40174	176.47663	174.64680	173.60627	171.44381	166.57589	169.83810	174.56645	176.68179	177.96690	182.04183	177.64458	179.24053
4/5/2022	11:02:18 AM	179.51025	173.13060	174.21408	172.47581	171.47359	169.23460	164.30603	167.65259	172.37386	174.49631	175.74681	179.83868	175.43743	177.07096
4/5/2022	11:02:22 AM	177.37070	171.02956	172.11415	170.47268	169.50307	167.21301	162.30459	165.70185	170.30050	172.19465	173.13461	177.07067	173.20862	174.72517
4/5/2022	11:02:25 AM	174.06076	168.02213	169.61796	168.59691	168.15067	165.79121	160.58617	163.30894	166.94218	167.91266	168.39655	172.27737	169.61763	170.91898
4/5/2022	11:02:29 AM	169.50800	163.89027	165.86177	165.26855	164.96236	162.41127	157.05587	159.40529	162.76644	163.50639	164.04644	168.01662	165.61156	166.81291
4/5/2022	11:02:32 AM	165.48178	160.01984	162.01811	161.67666	161.39726	158.73576	153.34056	155.53702	158.75214	159.39747	159.97264	163.97193	161.87083	162.98136
4/5/2022	11:02:36 AM	161.59928	156.31677	158.37437	158.29573	158.06094	155.32255	149.93800	152.06444	155.14850	155.66980	156.27673	160.30161	158.40340	159.42078
4/5/2022	11:02:39 AM	158.06483	152.91634	155.00477	155.16331	154.97614	152.16252	146.75574	148.86462	151.84952	152.31884	152.94335	156.98117	155.26806	156.22175
4/5/2022	11:02:43 AM	154.83456	149.82044	151.92935	152.32823	152.17792	149.29322	143.87073	145.98223	148.86403	149.26896	149.91783	153.94198	152.40599	153.32998
4/5/2022	11:02:46 AM	151.92527	147.04539	149.14902	149.74034	149.64819	146.68807	141.27620	143.40833	146.19207	146.58161	147.22719	151.21202	149.80420	150.69139
4/5/2022	11:02:50 AM	149.30066	144.53940	146.65553	147.42463	147.38072	144.37533	138.96536	141.13338	143.84062	144.20916	144.84162	148.79390	147.50582	148.35368
4/5/2022	11:02:53 AM	146.90287	142.25478	144.35665	145.27417	145.25933	142.21389	136.81376	138.99867	141.64508	141.99531	142.60983	146.53317	145.34448	146.17739
4/5/2022	11:02:57 AM	144.73865	140.19891	142.29836	143.33167	143.35509	140.27867	134.90019	137.11179	139.71495	140.04476	140.63333	144.51827	143.40012	144.21757
4/5/2022	11:03:00 AM	142.75049	138.30670	140.39057	141.52908	141.58398	138.47871	133.11893	135.36032	137.91995	138.25254	138.82099	142.67335	141.62238	142.41957
4/5/2022	11:03:04 AM	140.99195	136.63546	138.70777	139.91707	140.00055	136.88706	131.55354	133.76632	136.26715	136.57666	137.14586	140.97770	139.87879	140.67870
4/5/2022	11:03:07 AM	139.29355	134.93925	136.90219	138.09993	138.13913	135.03243	129.75899	132.13402	134.74161	135.15591	135.74846	139.54413	138.29362	139.12596
4/5/2022	11:03:11 AM	137.84488	133.49057	135.34639	136.53163	136.54304	133.45433	128.26546	130.75109	133.42132	133.89643	134.49077	138.24609	136.86566	137.71697
4/5/2022	11:03:14 AM	136.53119	132.18055	133.94981	135.11970	135.10899	132.02817	126.89695	129.46696	132.18008	132.69922	133.28392	136.99896	135.52428	136.38494
4/5/2022	11:03:18 AM	135.30680	130.98894	132.69300	133.85205	133.81848	130.75081	125.67842	128.31010	131.05395	131.60574	132.19144	135.87786	134.32988	135.20426
4/5/2022	11:03:21 AM	134.15911	129.87472	131.51144	132.64824	132.60603	129.54619	124.52576	127.20633	129.96234	130.54720	131.12726	134.78451	133.17934	134.06052
4/5/2022	11:03:25 AM	133.08399	128.83658	130.42576	131.54567	131.49593	128.43583	123.46570	126.18782	128.95879	129.56879	130.14148	133.77441	132.11849	132.99799
4/5/2022	11:03:28 AM	132.06344	127.85517	129.39399	130.48896	130.43153	127.38769	122.46478	125.20846	127.98968	128.61725	129.17666	132.78105	131.08437	131.96835
4/5/2022	11:03:32 AM	131.10473	126.94070	128.44221	129.51401	129.44999	126.41529	121.53801	124.30196	127.09307	127.73597	128.28584	131.87375	130.14507	131.03198
4/5/2022	11:03:35 AM	130.19214	126.07046	127.53283	128.57624	128.51264	125.49313	120.66978	123.44721	126.24109	126.89332	127.42740	130.98989	129.23859	130.13000
4/5/2022	11:03:39 AM	129.32961	125.24960	126.68343	127.70375	127.63470	124.62363	119.84488	122.63510	125.42222	126.08402	126.60471	130.15158	128.37834	129.26606
4/5/2022	11:03:42 AM	128.50684	124.47114	125.87240	126.86171	126.79283	123.79692	119.06132	121.85203	124.63779	125.30813	125.82216	129.34483	127.55882	128.45072
4/5/2022	11:03:46 AM	127.72200	123.73032	125.10797	125.91289	125.56850	122.42212	117.65660	120.24023	122.83093	123.25204	123.61387	126.96833	125.26681	126.10282
4/5/2022	11:03:49 AM	124.96199	120.97201	122.40968	123.65285	123.91842	121.23477	116.73834	119.39303	121.84897	122.05529	122.19337	125.40192	124.49312	125.39508
4/5/2022	11:03:53 AM	123.54833	119.84374	121.66271	123.26071	123.88919	121.39066	116.95710	119.48931	121.61680	121.52276	121.31136	124.29924	123.99201	124.90482
4/5/2022	11:03:56 AM	122.48728	118.97335	121.03698	122.87802	123.76089	121.40570	117.05070	119.47102	121.35485	121.02678	120.56117	123.37505	123.49383	124.41344
4/5/2022	11:04:00 AM	121.57774	118.22443	120.45628	122.46730	123.53838	121.29571	117.01633	119.34208	121.04417	120.53552	119.88893	122.56183	122.99757	123.91733
4/5/2022	11:04:03 AM	120.77243	117.55155	119.89661	122.02564	123.24220	121.08905	116.87939	119.11952	120.68576	120.03938	119.25101	121.81387	122.48786	123.40980
4/5/2022	11:04:07 AM	120.04518	116.93909	119.35778	121.56681	122.89392	120.81785	116.67419	118.84939	120.31066	119.55939	118.66013	121.13886	121.98606	122.90814
4/5/2022	11:04:10 AM	119.36963	116.35841	118.82927	121.09540	122.50318	120.49408	116.40926	118.52911	119.90695	119.07620	118.08942	120.49374	121.47491	122.39422
4/5/2022	11:04:14 AM	118.74028	115.81086	118.31255	120.61273	122.08436	120.13154	116.10090	118.17205	119.48415	118.59207	117.54064	119.88661	120.96396	121.88039
4/5/2022	11:04:17 AM	118.15045	115.29071	117.80942	120.12646	121.64561	119.74173	115.76112	117.79342	119.05479	118.12103	117.01836	119.32002	120.46991	121.38351
4/5/2022	11:04:21 AM	117.59100	114.80028	117.32374	119.64580	121.19940	119.33479	115.39591	117.38935	118.60871	117.64209	116.50050	118.76519	119.97140	120.88190
4/5/2022	11:04:24 AM	117.06434	114.33437	116.85635	119.17309	120.75353	118.92480	115.02769	116.98893	118.17711	117.18782	116.01618	118.25144	119.49397	120.40295
4/5/2022	11:04:28 AM	116.55921	113.88891	116.40535	118.71363	120.30932	118.51263	114.65220	116.58457	117.74111	116.73495	115.53913	117.74680	119.01939	119.92214
4/5/2022	11:04:31 AM	116.07372	113.45518	115.96026	118.25397	119.86381	118.09639	114.27256	116.17166	117.31060	116.29060	115.07442	117.25787	118.55660	119.45315
4/5/2022	11:04:35 AM	115.60233	113.03777	115.53389	117.81237	119.43091	117.68799	113.89779	115.78940	116.88617	115.85404	114.62143	116.78002	118.10524	118.99773
4/5/2022	11:04:38 AM	115.13422	112.62464	115.11238	117.37862	119.01268	117.29279	113.53145	115.38804	116.46089	115.41403	114.16392	116.30524	117.65980	118.54233
4/5/2022	11:04:42 AM	114.68362	112.22514	114.70096	116.95163	118.59027	116.89140	113.15934	114.99404	116.04045	114.98512	113.71957	115.83884	117.21318	118.09028
4/5/2022	11:04:45 AM	114.24135	111.82853	114.28979	116.52090	118.16745	116.48977	112.78983	114.59751	115.62776	114.56721	113.28902	115.38847	116.77874	117.65249
4/5/2022	11:04:49 AM	113.81226	111.44407	113.88750	116.09958	117.74849	116.09278	112.42449	114.21974	115.22773	114.16371	112.87665	114.95694	116.35573	117.22474
4/5/2022	11:04:52 AM	113.39380	111.06458	113.48978	115.67893	117.33030	115.69510	112.05859	113.58548	114.82843	113.76447	112.46982	114.53180	115.93750	116.80251
4/5/2022	11:04:56 AM	112.98538	110.69837	113.10435	115.27234	116.92511	115.31106	111.70695	113.27267	114.44711	113.38058	112.07933	114.12164	115.53128	116.39091
4/5/2022	11:04:59 AM	112.58690	110.33697	112.72352	114.87029	116.52245	114.92913	111.35609	113.09210	114.07174	113.00660	111.69705	113.72346	115.14023	115.99392
4/5/2022	11:05:03 AM	112.19393	109.98102	112.34682	114.47202	116.12673	114.55476	111.01139	112.72942	113.69336	112.62578	111.30492	113.31197	114.73645	115.58741
4/5/2022	11:05:06 AM	111.80447	109.62797	111.97580	114.08083	115.73638	114.18303	110.66963	112.30563	113.31974	112.25077	110.92383	112.91092	114.34107	115.18900
4/5/2022	11:05:10 AM	111.41461	109.27465	111.60129	113.68765	115.34330	113.80978	110.32754	112.01488	112.95200	111.88447	110.55070	112.52105	113.95511	114.80241
4/5/2022	11:05:13 AM	111.04025	108.93517	111.24127	113.30624	114.95996	113.44629	109.99464	111.66525	112.59402	111.52761	110.19033	112.14394	113.58194	114.42409
4/5/2022	11:05:17 AM	110.67642	108.60558	110.89058	112.93372	114.58616	113.09000	109.66640	111.32118	112.23740	111.17196	109.82785	111.76325	113.20262	114.04121
4/5/2022	11:05:20 AM	110.31095	108.27502	110.53674	112.55911	114.20795	112.72994	109.33685	110.97831	111.88283	110.81957	109.47500	111.39534	112.83432	113.67093
4/5/2022	11:05:24 AM	109.96132	107.96016	110.19913	112.19977	113.84709	112.38503	109.01910	110.58129	111.54201	110.48095	109.13208	111.03397	112.47480	113.30885
4/5/2022	11:05:27 AM	109.61710	107.64703	109.86290	111.84449	113.48623	112.04213	108.70396	110.31437	111.20536	110.14848	108.79795	110.68517	112.12666	112.95501
4/5/2022	11:05:31 AM	109.27788	107.33793	109.53021	111.48826	113.12857	111.70163	108.39180	109.98714	110.86807	109.81480	108.46385	110.33342	111.77550	112.60153
4/5/2022	11:05:34 AM	108.94160	107.03326	109.20356	111.14228	112.77721	111.36437	108.08238	109.66344	110.53626	109.48653	108.13426	109.98957	111.43015	112.25340
4/5/2022	11:05:38 AM	108.61456	106.73707	108.88453	110.80234	112.43265	111.03641	107.77974	109.34554	110.21010	109.16227	107.80726	109.64713	111.08662	111.90339
4/5/2022	11:05:41 AM	108.28526	106.43705	108.56528	110.46186	112.08478	110.70452	107.47794	109.02965	109.88560	108.83986	107.48368	109.31047	110.75069	111.56384
4/5/2022	11:05:45 AM	107.96411	106.14490	108.25199	110.13115	111.74912	110.38397	107.18274	108.72109	109.57058	108.52911	107.17340	108.98533	110.42355	111.23402
4/5/2022	11:05:48 AM	107.64850	105.85736	107.94312	109.80265	111.41578	110.06524	106.89110	108.41578	109.25765	108.21995	106.86291	108.66098	110.09786	110.90491
4/5/2022	11:05:52 AM	107.33886	105.57582	107.64260	109.48422	111.09194	109.75683	106.60717	108.11825	108.95213	107.91687	106.56073	108.34605	109.78215	110.58540
4/5/2022	11:05:55 AM	107.03192	105.29468	107.33899	109.15902	110.75936	109.43864	106.31490	107.81299	108.64018	107.61065	106.25581	108.02658	109.46092	110.26297
4/5/2022	11:05:59 AM	106.73379	105.02234	107.04840	108.85093	110.44512	109.13712	106.03855	107.52463	108.34405	107.31877	105.96378	107.72128	109.15295	109.95045
4/5/2022	11:06:02 AM	106.43502	104.75224	106.75797	108.54062	110.12726	108.83157	105.75948	107.23308	108.04609	107.02285	105.67047	107.41489	108.84462	109.63952
4/5/2022	11:06:06 AM	106.13879	104.48407	106.46746	108.22941	109.80947	108.52640	105.47843	106.93803	107.74386	106.72532	105.37279	107.10573	108.53423	109.32340
4/5/2022	11:06:09 AM	105.84964	104.22126	106.18355	107.92761	109.50239	108.23275	105.21041	106.65704	107.45546	106.44338	105.09433	106.81221	108.23854	109.02430
4/5/2022	11:06:13 AM	105.56557	103.96365	105.90539	107.63349	109.20094	107.94335	104.94515	106.38245	107.17295	106.16657	104.81958	106.52294	107.94724	108.72943
4/5/2022	11:06:16 AM	105.28757	103.70947	105.62914	107.33823	108.89865	107.65316	104.67975	106.10434	106.88953	105.88733	104.54193	106.23289	107.65548	108.43241
4/5/2022	11:06:20 AM	105.01250	103.46036	105.36059	107.05405	108.60781	107.37634	104.42573	105.83840	106.61561	105.61965	104.27559	105.95435	107.37229	108.14527
4/5/2022	11:06:23 AM	104.74321	103.21383	105.09200	106.76714	108.31193	107.09159	104.16422	105.56366	106.33397	105.34272	104.00193	105.66852	107.08208	107.85397
4/5/2022	11:06:27 AM	104.46616	102.96199	104.82125	106.47991	108.01795	106.80999	103.90591	105.29617	106.06004	105.07356	103.73506	105.38960	106.79947	107.56383
4/5/2022	11:06:30 AM	104.19966	102.71814	104.55565	106.19734	107.72708	106.52968	103.64975	105.02840	105.78572	104.80537	103.47031	105.11084	106.51674	107.27721
4/5/2022	11:06:34 AM	103.94055	102.48242	104.29735	105.92111	107.44396	106.25847	103.40104	104.76923	105.52139	104.54522	103.21391	104.84425	106.24613	107.00437
4/5/2022	11:06:37 AM	103.68481	102.24980	104.04502	105.65392	107.16864	105.99439	103.16020	104.51641	105.26150	104.29268	102.96508	104.58205	105.98105	106.73434
4/5/2022	11:06:41 AM	103.43235	102.01912	103.79309	105.38583	106.89368	105.72905	102.91937	104.26474	105.00312	104.03809	102.71423	104.31829	105.71513	106.46407
4/5/2022	11:06:44 AM	103.18553	101.79371	103.54660	105.12344	106.62452	105.47260	102.68415	104.02038	104.75339	103.79627	102.47329	104.06510	105.45404	106.20025
4/5/2022	11:06:48 AM	102.93969	101.56873	103.30174	104.86327	106.35642	105.21511	102.44928	103.77438	104.50106	103.54860	102.22982	103.81014	105.19362	105.93429
4/5/2022	11:06:51 AM	102.69779	101.34709	103.06001	104.60590	106.09033	104.95902	102.21529	103.52945	104.25007	103.30219	101.98876	103.55724	104.93542	105.67143
4/5/2022	11:06:55 AM	102.45702	101.12460	102.81689	104.34939	105.82620	104.70557	101.98283	103.28688	104.00281	103.06157	101.75153	103.30919	104.68103	105.41326
4/5/2022	11:06:58 AM	102.21726	100.90497	102.57885	104.09519	105.56400	104.45300	101.75271	103.04696	103.75680	102.82173	101.51576	103.06431	104.42894	105.15753
4/5/2022	11:07:02 AM	101.98098	100.68950	102.34368	103.84618	105.30710	104.20656	101.52816	102.81156	103.51502	102.58567	101.28563	102.82201	104.18253	104.90691
4/5/2022	11:07:05 AM	101.74799	100.47449	102.11192	103.60170	105.06074	103.97496	101.30607	102.54813	103.21534	102.25585	100.96335	102.55849	104.02294	104.66283
4/5/2022	11:07:09 AM	101.62734	100.57157	102.35702	103.87832	105.32460	103.98448	101.09141	102.00317	102.53164	101.54400	100.37497	102.18313	103.89008	104.37293
4/5/2022	11:07:12 AM	101.53407	100.72525	102.62728	104.12685	105.50260	103.90679	100.82155	101.47578	101.91848	100.94420	99.88948	101.87565	103.71667	104.08609
4/5/2022	11:07:16 AM	101.41044	100.78098	102.74684	104.21685	105.52809	103.75486	100.53373	101.00155	101.39280	100.44173	99.47784	101.60257	103.52834	103.81970
4/5/2022	11:07:19 AM	101.32492	100.84523	102.85470	104.28779	105.53528	103.60152	100.24615	100.54193	100.87800	99.95111	99.09492	101.37244	103.34996	103.55219
4/5/2022	11:07:23 AM	101.20205	100.81678	102.83542	104.22852	105.40359	103.38213	99.98444	100.20624	100.53550	99.63141	98.82301	101.13900	103.18329	103.34723
4/5/2022	11:07:27 AM	101.04564	100.74776	102.78151	104.16873	105.31393	103.22860	99.74907	99.84059	100.12957	99.25432	98.53857	100.93350	102.97109	103.09797
4/5/2022	11:07:30 AM	100.93106	100.67480	102.64664	103.95850	105.01926	102.90710	99.46637	99.59982	99.93951	99.13029	98.44143	100.81706	102.77242	102.88783
4/5/2022	11:07:33 AM	100.79545	100.53583	102.45899	103.74072	104.74475	102.63440	99.20433	99.35262	99.72468	98.95187	98.28313	100.65282	102.55427	102.65578
4/5/2022	11:07:37 AM	100.63181	100.37576	102.26559	103.52157	104.48153	102.37598	98.96177	99.11769	99.50908	98.76376	98.10885	100.47172	102.33736	102.42743
4/5/2022	11:07:41 AM	100.45346	100.20408	102.06481	103.30038	104.22621	102.12613	98.72757	98.88487	99.28546	98.55730	97.91550	100.27829	102.11412	102.19630
4/5/2022	11:07:44 AM	100.26975	100.02740	101.86453	103.08387	103.98334	101.88557	98.50478	98.66233	99.06698	98.35105	97.71951	100.07593	101.89357	101.96646
4/5/2022	11:07:47 AM	100.07454	99.84384	101.65707	102.86153	103.73704	101.64358	98.28009	98.43329	98.84200	98.13304	97.51911	99.86952	101.66956	101.73436
4/5/2022	11:07:51 AM	99.87769	99.66033	101.45517	102.64579	103.50230	101.41181	98.06748	98.21553	98.62028	97.92411	97.32130	99.66301	101.45259	101.51049
4/5/2022	11:07:54 AM	99.68714	99.48196	101.25604	102.43407	103.27338	101.18761	97.86079	98.00233	98.40864	97.71712	97.12386	99.45318	101.23545	101.28539
4/5/2022	11:07:58 AM	99.48990	99.29771	101.05396	102.21910	103.04213	100.96334	97.65868	97.79543	98.19580	97.51426	96.92689	99.24249	101.02230	101.06629
4/5/2022	11:08:01 AM	99.29422	99.11550	100.85399	102.00946	102.81976	100.74901	97.46332	97.59515	97.98864	97.31531	96.73981	99.04254	100.81364	100.85072
4/5/2022	11:08:05 AM	99.10283	98.93773	100.65894	101.80302	102.60046	100.53750	97.27055	97.39572	97.78168	97.11624	96.55039	98.84139	100.60461	100.63468
4/5/2022	11:08:08 AM	98.91630	98.76302	100.46612	101.60190	102.38842	100.33102	97.08576	97.20170	97.58309	96.92425	96.36718	98.64251	100.40262	100.42584
4/5/2022	11:08:12 AM	98.72624	98.58635	100.27122	101.39555	102.17107	100.12170	96.89757	97.00916	97.38488	96.73001	96.17899	98.44457	100.19518	100.21204
4/5/2022	11:08:15 AM	98.53459	98.40692	100.07387	101.18923	101.95155	99.91082	96.70917	96.81455	97.18354	96.53616	95.99463	98.24762	99.98920	100.00115
4/5/2022	11:08:19 AM	98.34691	98.23023	99.87965	100.98591	101.73890	99.70714	96.52566	96.62501	96.99193	96.35042	95.81657	98.05788	99.78795	99.79397
4/5/2022	11:08:23 AM	98.16185	98.05756	99.68923	100.78795	101.53124	99.50752	96.34744	96.44175	96.80324	96.17154	95.64270	97.86921	99.59501	99.59501
4/5/2022	11:08:26 AM	97.97980	97.88829	99.50418	100.59504	101.32913	99.31300	96.17398	96.26381	96.61830	95.99515	95.47289	97.68198	99.39975	99.39604
4/5/2022	11:08:30 AM	97.80246	97.72282	99.32262	100.40434	101.12804	99.12219	96.00450	96.08846	96.43773	95.82130	95.30746	97.50080	99.20895	99.19785
4/5/2022	11:08:33 AM	97.62426	97.55643	99.13921	100.21231	100.92904	98.93138	95.83361	95.91279	96.25865	95.64889	95.14138	97.31948	99.01904	99.00534
4/5/2022	11:08:36 AM	97.44652	97.39045	98.95704	100.02273	100.73045	98.74217	95.66363	95.73942	96.08009	95.47401	94.97533	97.13252	98.82546	98.80644
4/5/2022	11:08:40 AM	97.26859	97.22256	98.77251	99.82875	100.52713	98.54839	95.49457	95.56315	95.90147	95.30003	94.80605	96.94543	98.63390	98.60886
4/5/2022	11:08:44 AM	97.09418	97.06093	98.59403	99.64432	100.33417	98.36652	95.33189	95.39589	95.73048	95.13629	94.64699	96.77096	98.45278	98.41942
4/5/2022	11:08:47 AM	96.92045	96.89854	98.41405	99.45690	100.13766	98.18038	95.16623	95.22726	95.55482	94.96428	94.47848	96.59361	98.26239	98.22687
4/5/2022	11:08:51 AM	96.74818	96.73461	98.23404	99.26954	99.94278	97.99510	95.00425	95.05976	95.38474	94.80102	94.32117	96.42384	98.07936	98.03811
4/5/2022	11:08:54 AM	96.58152	96.57740	98.05991	99.08797	99.75416	97.81477	94.84520	94.89648	95.21684	94.63800	94.16158	96.25345	97.89771	97.85065
4/5/2022	11:08:58 AM	96.41318	96.41928	97.88669	98.90676	99.56471	97.63571	94.68809	94.73478	95.04996	94.47630	94.00539	96.08385	97.72099	97.66937
4/5/2022	11:09:01 AM	96.24422	96.25880	97.70941	98.72188	99.37147	97.45531	94.52832	94.57045	94.88083	94.31242	93.84762	95.91232	97.53662	97.47878
4/5/2022	11:09:05 AM	96.07859	96.10271	97.53743	98.54133	99.18455	97.27886	94.37356	94.41112	94.71626	94.15523	93.69657	95.74934	97.36258	97.29808
4/5/2022	11:09:08 AM	95.91402	95.94714	97.36437	98.36185	98.99725	97.10126	94.21757	94.25146	94.55376	93.99981	93.54698	95.58129	97.18593	97.11659
4/5/2022	11:09:12 AM	95.74812	95.79066	97.19220	98.18186	98.80875	96.92474	94.06078	94.09067	94.38961	93.84146	93.39443	95.41343	97.00826	96.93659
4/5/2022	11:09:15 AM	95.58648	95.63734	97.02405	98.00576	98.62688	96.75240	93.91053	93.93662	94.23158	93.68838	93.24407	95.24769	96.83421	96.75922
4/5/2022	11:09:19 AM	95.42513	95.48534	96.85439	97.82987	98.44238	96.57993	93.75904	93.78502	94.07381	93.53444	93.09837	95.08254	96.66284	96.58356
4/5/2022	11:09:22 AM	95.26424	95.33367	96.68896	97.65815	98.26484	96.41236	93.61195	93.63263	93.91771	93.38580	92.95265	94.92224	96.49503	96.41227
4/5/2022	11:09:26 AM	95.10821	95.18693	96.52519	97.48545	98.08497	96.24573	93.46562	93.48470	93.76526	93.24026	92.81097	94.76729	96.32599	96.23839
4/5/2022	11:09:29 AM	94.95307	95.04026	96.36337	97.31747	97.91155	96.08341	93.32425	93.33948	93.61600	93.09449	92.66991	94.61385	96.16287	96.07076
4/5/2022	11:09:33 AM	94.79751	94.89343	96.20228	97.14863	97.73629	95.91912	93.18013	93.19355	93.46719	92.95182	92.53105	94.46081	95.99799	95.90279
4/5/2022	11:09:36 AM	94.64552	94.75071	96.04342	96.98263	97.56535	95.75944	93.04028	93.05143	93.32085	92.80889	92.39081	94.31057	95.83575	95.73830
4/5/2022	11:09:40 AM	94.49571	94.60613	95.88372	96.81510	97.39135	95.59754	92.89983	92.90666	93.17264	92.66742	92.25504	94.16060	95.67335	95.57338
4/5/2022	11:09:43 AM	94.34446	94.46467	95.72455	96.64898	97.21874	95.43726	92.76078	92.76570	93.02864	92.52534	92.11763	94.00845	95.50993	95.40704
4/5/2022	11:09:47 AM	94.18991	94.31833	95.56290	96.48030	97.04439	95.27508	92.61978	92.62230	92.88146	92.38473	91.98186	93.85557	95.35002	95.24325
4/5/2022	11:09:50 AM	94.04377	94.17933	95.40690	96.31679	96.87536	95.11902	92.48426	92.48604	92.74184	92.24749	91.84602	93.70435	95.19231	95.08460
4/5/2022	11:09:54 AM	93.89892	94.04104	95.25505	96.15744	96.71024	94.96614	92.35255	92.35413	92.60739	92.11522	91.71754	93.56841	95.04432	94.93316
4/5/2022	11:09:57 AM	93.75754	93.90859	95.10553	96.00144	96.54783	94.81688	92.22318	92.22209	92.47396	91.98450	91.59428	93.42810	94.89224	94.77897
4/5/2022	11:10:01 AM	93.61552	93.77300	94.95463	95.84354	96.38334	94.66405	92.08905	92.08670	92.33496	91.85217	91.46257	93.28788	94.73737	94.62374
4/5/2022	11:10:04 AM	93.47379	93.63721	94.80419	95.68843	96.22404	94.51340	91.95880	91.95700	92.19864	91.72400	91.33469	93.14591	94.58560	94.47002
4/5/2022	11:10:08 AM	93.33540	93.50588	94.65763	95.53375	96.06458	94.36657	91.83194	91.82658	92.06886	91.59561	91.20875	93.01145	94.43819	94.32055
4/5/2022	11:10:11 AM	93.19857	93.37490	94.51274	95.38292	95.90888	94.22135	91.70521	91.69803	91.93651	91.46880	91.08651	92.87267	94.29198	94.17085
4/5/2022	11:10:15 AM	93.06219	93.24364	94.36662	95.23078	95.75152	94.07564	91.57880	91.57051	91.80399	91.34119	90.96216	92.73725	94.14520	94.02119
4/5/2022	11:10:18 AM	92.92501	93.11335	94.22143	95.07962	95.59551	93.93118	91.45379	91.44367	91.67571	91.21646	90.84172	92.60285	93.99922	93.87430
4/5/2022	11:10:22 AM	92.79005	92.98477	94.07747	94.92874	95.43964	93.78821	91.32841	91.31752	91.54721	91.09163	90.71779	92.46310	93.85472	93.72955
4/5/2022	11:10:25 AM	92.65270	92.85627	93.93593	94.78107	95.28862	93.64776	91.20803	91.19618	91.42390	90.97318	90.60128	92.33176	93.71631	93.58978
4/5/2022	11:10:29 AM	92.52226	92.73068	93.79559	94.63461	95.13609	93.50649	91.08581	91.07250	91.29657	90.85037	90.48247	92.20173	93.57357	93.44592
4/5/2022	11:10:32 AM	92.39077	92.60578	93.65655	94.48968	94.98867	93.36941	90.96697	90.95252	91.17571	90.73373	90.36543	92.07631	93.43530	93.30507
4/5/2022	11:10:36 AM	92.26336	92.48363	93.52027	94.34603	94.83930	93.23226	90.84708	90.83197	91.05183	90.61378	90.25013	91.94891	93.29667	93.16562
4/5/2022	11:10:39 AM	92.13622	92.36293	93.38521	94.20580	94.69579	93.09972	90.73207	90.71542	90.93197	90.49992	90.13892	91.82520	93.16450	93.03140
4/5/2022	11:10:43 AM	92.01306	92.24382	93.25181	94.06466	94.55049	92.96573	90.61641	90.59885	90.81327	90.38768	90.02967	91.70298	93.02925	92.89534
4/5/2022	11:10:46 AM	91.88883	92.12468	93.12020	93.92706	94.40741	92.83295	90.50228	90.48341	90.69590	90.27044	89.91458	91.57998	92.89369	92.75894
4/5/2022	11:10:50 AM	91.76056	92.00219	92.98296	93.78333	94.26019	92.69702	90.38498	90.36610	90.57534	90.15649	89.80394	91.45347	92.76090	92.62529
4/5/2022	11:10:53 AM	91.63910	91.88612	92.85372	93.64892	94.12203	92.56870	90.27503	90.25528	90.46455	90.04818	89.69745	91.33263	92.63243	92.49605
4/5/2022	11:10:57 AM	91.52099	91.77241	92.72680	93.51506	93.98391	92.44281	90.16479	90.14472	90.35170	89.93927	89.58884	91.21477	92.50294	92.36463
4/5/2022	11:11:00 AM	91.40262	91.65935	92.60082	93.38341	93.84896	92.31612	90.05552	90.03607	90.24111	89.83206	89.48476	91.09522	92.37673	92.23629
4/5/2022	11:11:04 AM	91.28401	91.54494	92.47358	93.25040	93.71156	92.19062	89.94697	89.92709	90.12943	89.72426	89.37916	90.97811	92.24944	92.10772
4/5/2022	11:11:07 AM	91.16610	91.43230	92.34755	93.11895	93.57637	92.06607	89.83896	89.81766	90.02109	89.61869	89.27757	90.86512	92.12498	91.98255
4/5/2022	11:11:11 AM	91.04847	91.32100	92.22363	92.98954	93.44357	91.94191	89.73218	89.70999	89.90930	89.51330	89.17224	90.75404	91.99800	91.85870
4/5/2022	11:11:15 AM	90.93640	91.21179	92.10120	92.86204	93.31128	91.81980	89.62740	89.61102	89.82342	89.44078	89.09560	90.64729	91.88572	91.76474
4/5/2022	11:11:18 AM	90.78596	91.05428	91.94093	92.72996	93.23307	91.81146	89.66506	89.64628	89.79898	89.35348	88.94495	90.43668	91.79258	91.65600
4/5/2022	11:11:22 AM	90.55847	90.88286	91.82319	92.67565	93.24587	91.84193	89.69504	89.62391	89.70243	89.20063	88.75069	90.20775	91.68021	91.53206
4/5/2022	11:11:25 AM	90.36739	90.74905	91.72266	92.60099	93.21970	91.85589	89.70632	89.55468	89.56114	89.01583	88.57008	90.03921	91.59253	91.41201
4/5/2022	11:11:28 AM	90.21578	90.63041	91.63261	92.54284	93.16343	91.76540	89.60487	89.41535	89.38324	88.81348	88.30570	89.67266	91.30318	91.14321
4/5/2022	11:11:32 AM	89.82354	90.32691	91.35027	92.28305	92.93180	91.60867	89.53298	89.37830	89.36575	88.75057	88.23881	89.64657	91.28664	91.10804
4/5/2022	11:11:35 AM	89.83737	90.35841	91.39366	92.32539	92.96970	91.61030	89.49382	89.30058	89.25996	88.65791	88.17088	89.56841	91.22132	91.00797
4/5/2022	11:11:39 AM	89.77234	90.30810	91.34226	92.26346	92.88776	91.49341	89.36272	89.15037	89.10527	88.51846	88.05458	89.45770	91.10886	90.89056
4/5/2022	11:11:43 AM	89.67488	90.20205	91.22109	92.14290	92.76693	91.38692	89.26772	89.05973	89.01037	88.43200	87.97303	89.35993	91.00097	90.78573
4/5/2022	11:11:46 AM	89.57806	90.09577	91.10150	92.02323	92.64460	91.27852	89.17566	88.97097	88.91838	88.34399	87.88756	89.25557	90.89039	90.67467
4/5/2022	11:11:50 AM	89.47411	89.98912	90.98228	91.90439	92.52572	91.17244	89.08418	88.88077	88.82057	88.25207	87.79633	89.15017	90.77936	90.56404
4/5/2022	11:11:53 AM	89.37251	89.88700	90.86913	91.78975	92.40950	91.06729	88.99383	88.79322	88.72880	88.16085	87.70722	89.04782	90.67240	90.45639
4/5/2022	11:11:57 AM	89.27003	89.78695	90.75680	91.67586	92.29419	90.96435	88.90496	88.70462	88.63526	88.07195	87.61876	88.94271	90.56366	90.34771
4/5/2022	11:12:00 AM	89.15081	89.67545	90.63433	91.53941	92.15906	90.86331	88.82578	88.61661	88.53095	87.92742	87.41653	88.67163	90.34008	90.13305
4/5/2022	11:12:04 AM	88.68392	89.14019	90.03466	90.97765	91.66439	90.52502	88.67552	88.56409	88.48829	87.70891	86.58413	87.85722	89.14032	89.00154
4/5/2022	11:12:07 AM	87.43537	87.88556	88.71574	89.40911	89.93093	88.07147	87.54859	87.86390	87.65130	86.86845	84.82937	86.22285	86.95285	87.23381
4/5/2022	11:12:11 AM	84.72690	86.32689	87.40530	88.45422	88.87272	87.22977	86.82169	86.11728	87.21432	86.45940	83.80014	85.41147	86.44614	86.82950
4/5/2022	11:12:14 AM	84.73491	85.57520	86.84377	88.04143	88.66325	87.31650	86.63895	86.43832	87.03310	86.30153	83.14669	85.29109	86.65703	86.81956
4/5/2022	11:12:18 AM	84.70129	77.34248	86.25031	87.72667	88.39677	87.30229	86.55055	60.67645	86.64823	85.73607	80.30218	84.83103	86.30752	86.56133
4/5/2022	11:12:21 AM	84.57701	77.43061	86.11350	87.53372	88.30170	87.31734	86.35066	78.18113	86.50029	85.64066	79.48987	84.81107	86.26382	86.61820
4/5/2022	11:12:25 AM	84.53015	77.46007	86.07094	87.44697	88.31271	87.43332	86.31399	38.48151	86.43373	85.54856	79.09059	84.87460	86.33684	86.67894
4/5/2022	11:12:28 AM	84.52194	77.61233	86.05912	87.41318	88.35512	87.55403	86.33461	84.54201	86.39993	85.47900	78.88520	84.91164	86.32482	86.69894
4/5/2022	11:12:32 AM	84.51407	77.80578	86.01949	87.35979	88.36116	87.62568	86.34392	31.64242	86.35277	85.38984	78.76838	84.90329	86.25658	86.67543
4/5/2022	11:12:35 AM	84.47086	78.85834	85.96586	87.28866	88.34111	87.65747	86.33917	36.32821	86.29999	85.30009	78.71036	84.86331	86.16058	86.61777
4/5/2022	11:12:39 AM	84.41255	79.72348	85.89461	87.19819	88.28879	87.65187	86.31403	83.94108	86.23617	85.19970	78.68825	84.81080	86.04173	86.54045
4/5/2022	11:12:42 AM	84.33658	80.13166	85.81223	87.10042	88.22134	87.60972	86.23483	66.66700	86.16597	85.12981	78.62559	81.72608	85.70088	86.32525
4/5/2022	11:12:46 AM	80.51018	79.61448	81.37893	83.01336	87.39984	87.08025	85.97662	150.40030	86.32403	85.30533	78.87786	82.26671	85.34394	86.12323
4/5/2022	11:12:49 AM	80.38817	79.60724	80.59399	84.20827	86.86808	86.73767	85.79332	104.69561	86.41714	85.40526	78.95133	82.43227	85.10708	85.98196
4/5/2022	11:12:53 AM	80.63203	79.65815	80.43972	84.54442	86.42552	86.54031	85.68329	64.63652	86.45641	85.44580	79.00098	83.36538	84.95841	85.87725
4/5/2022	11:12:56 AM	81.97522	79.71501	80.40948	84.58545	86.03464	86.38270	85.57759	78.66763	86.44392	85.43237	79.05112	83.80832	84.82103	85.76250
4/5/2022	11:13:00 AM	82.54858	79.72245	80.40711	84.52596	85.70572	86.23969	85.47879	131.08944	86.41033	85.39639	79.10193	84.02403	84.69261	85.64811
4/5/2022	11:13:03 AM	82.82220	79.71730	80.36359	84.43040	85.44108	86.10942	85.38056	94.42109	86.35996	85.34482	79.15021	84.12722	84.57149	85.53570
4/5/2022	11:13:07 AM	82.95507	79.70688	80.32563	84.32264	85.22575	85.98718	85.28729	41.79751	86.29679	85.28280	79.19449	84.15927	84.45790	85.42705
4/5/2022	11:13:10 AM	83.00645	79.68878	80.29586	84.20703	85.04596	85.86896	85.19245	112.14007	86.22602	85.21378	79.23918	84.15127	84.35147	85.32186
4/5/2022	11:13:14 AM	83.00541	79.66407	80.33023	84.09107	84.90269	85.75903	85.10266	106.61120	86.15137	85.14284	79.27994	84.11631	84.25420	85.22002
4/5/2022	11:13:17 AM	82.97281	79.63684	80.37398	83.97308	84.77652	85.64938	85.01310	69.44233	86.07086	85.06689	79.32172	84.06322	84.15826	85.11910
4/5/2022	11:13:21 AM	82.92000	79.60694	81.39800	83.85814	84.66136	85.54123	84.92403	45.08086	85.98873	84.99142	79.36988	84.00158	84.06859	85.02230
4/5/2022	11:13:24 AM	82.85814	79.57855	81.98795	83.74516	84.55734	85.43547	84.83678	90.99361	85.90605	84.91635	79.42031	83.93546	83.98617	84.93215
4/5/2022	11:13:28 AM	82.79126	79.54901	82.23617	83.64014	84.46469	85.33878	84.75388	48.56238	85.82252	84.84070	79.47231	83.86631	83.90920	84.84312
4/5/2022	11:13:31 AM	82.71986	79.51810	82.34157	83.53465	84.37862	85.24190	84.67213	146.23338	85.73796	84.76604	79.53531	83.79187	83.83599	84.75667
4/5/2022	11:13:35 AM	82.64532	79.48806	82.37344	83.43269	84.30036	85.14568	84.59074	76.25377	85.65569	84.69585	79.61020	83.71892	83.76716	84.67464
4/5/2022	11:13:38 AM	82.56982	79.45867	82.36212	83.33499	84.23245	85.05614	84.51280	159.80911	85.57646	84.62729	79.69653	83.64896	83.70367	84.59647
4/5/2022	11:13:42 AM	82.49608	79.42748	82.32414	83.24127	84.18003	84.96748	84.43598	97.99750	85.49534	84.55970	79.86618	83.57627	83.64037	84.51803
4/5/2022	11:13:45 AM	82.42265	79.39751	82.27454	83.14799	84.14692	84.87889	84.35844	129.23793	85.41545	84.49604	80.11915	83.50474	83.58202	84.44312
4/5/2022	11:13:49 AM	82.34970	79.37046	82.21808	83.06047	84.12646	84.79746	84.28688	196.48644	85.33928	84.43696	80.38787	83.43710	83.52717	84.37335
4/5/2022	11:13:52 AM	82.28319	79.34486	82.15877	82.97584	84.11279	84.71944	84.21845	198.95393	85.26610	84.38265	80.51725	83.37346	83.47658	84.30745
4/5/2022	11:13:56 AM	82.22289	79.31871	82.10196	82.89794	84.09628	84.64445	84.15135	75.78122	85.19458	84.33077	80.63637	83.31065	83.42579	84.24137
4/5/2022	11:13:59 AM	82.15678	79.29481	82.04349	82.82326	84.07236	84.57041	84.08655	76.27217	85.12438	84.27955	80.83286	83.24959	83.37688	84.17777
4/5/2022	11:14:03 AM	82.09432	79.27005	81.98503	82.74846	84.03936	84.49839	84.02472	63.98698	85.05617	84.23095	81.16857	83.19084	83.33023	84.11702
4/5/2022	11:14:06 AM	82.03389	79.24780	81.93197	82.67965	83.99961	84.42895	83.96292	76.58038	84.99020	84.18565	81.70411	83.13424	83.28695	84.06104
4/5/2022	11:14:10 AM	81.98020	79.22524	81.88006	82.61285	83.95400	84.36462	83.90586	123.15608	84.92744	84.14010	81.97330	83.08135	83.24349	84.00729
4/5/2022	11:14:14 AM	81.92717	79.20317	81.82955	82.55129	83.90633	84.30070	83.85066	63.01816	84.86652	84.09679	82.12161	83.02937	83.20034	83.95429
4/5/2022	11:14:17 AM	81.87582	79.18270	81.78035	82.48934	83.85344	84.23767	83.79617	75.71918	84.80641	84.05343	82.21192	82.97931	83.16186	83.90355
4/5/2022	11:14:20 AM	81.82440	79.16478	81.73150	82.42751	83.80078	84.17601	83.74259	161.55682	84.74637	84.01161	82.26776	82.93180	83.11731	83.84384
4/5/2022	11:14:24 AM	81.74107	79.11780	81.68706	81.27502	83.73838	83.98387	83.48803	73.95452	84.30487	78.93890	76.43013	76.88734	79.38076	79.01478
4/5/2022	11:14:27 AM	76.44725	77.26756	76.55581	76.92075	76.69726	76.69393	76.80002	97.58269	76.68181	76.56813	76.48710	76.43514	76.72396	76.67942
4/5/2022	11:14:31 AM	76.43291	77.25164	76.59264	76.84620	76.98388	76.77144	76.67994	94.52461	76.63085	76.59826	76.50629	76.48048	76.70070	76.75358
4/5/2022	11:14:34 AM	76.46815	77.29977	76.59635	76.87080	76.98418	76.80727	76.70971	184.89392	76.71203	76.62592	76.50999	76.49930	76.62960	76.78664
4/5/2022	11:14:38 AM	76.47059	77.29860	76.59717	76.87981	77.02657	76.84468	76.72592	98.66820	76.71997	76.66113	76.50646	76.52656	76.59604	76.78480
