01/02/2022	17:13:28	76.59405	76.58532	76.57636	76.61151	76.64763	76.55172	76.60434	76.63792	76.54517	76.54105	76.60869	76.61946	76.59622	76.60079
01/02/2022	17:13:31	76.59376	76.58586	76.57603	76.61113	76.64657	76.55212	76.60364	76.63830	76.54515	76.54108	76.60773	76.61971	76.59653	76.60022
01/02/2022	17:13:35	76.59329	76.58516	76.57523	76.61071	76.64683	76.55276	76.60258	76.63842	76.54485	76.54133	76.60739	76.61956	76.59694	76.60075
01/02/2022	17:13:39	76.59364	76.58575	76.57539	76.61121	76.64598	76.55280	76.60283	76.63815	76.54511	76.54141	76.60808	76.61956	76.59721	76.60014
01/02/2022	17:13:43	76.59374	76.58534	76.57553	76.61104	76.64580	76.55400	76.60407	76.63861	76.54492	76.54192	76.60866	76.61972	76.59692	76.60058
01/02/2022	17:13:46	76.59410	76.58514	76.57542	76.61091	76.64526	76.55469	76.60517	76.63904	76.54485	76.54243	76.60944	76.61891	76.59623	76.59908
01/02/2022	17:13:50	76.59328	76.58495	76.57529	76.61058	76.64712	76.55483	76.60493	76.63808	76.54338	76.54240	76.60989	76.61938	76.59628	76.59952
01/02/2022	17:13:54	76.59307	76.58530	76.57553	76.61086	76.64674	76.55319	76.60415	76.63825	76.54353	76.54224	76.60943	76.61987	76.59757	76.59996
01/02/2022	17:13:58	76.59329	76.58501	76.57562	76.61088	76.64707	76.55260	76.60418	76.63786	76.54370	76.54139	76.60948	76.61816	76.59449	76.60382
01/02/2022	17:14:01	76.58739	76.57716	76.57195	76.60940	76.64796	76.55538	76.60644	76.63888	76.54844	76.54406	76.61097	76.61871	76.59419	76.60384
01/02/2022	17:14:05	76.58862	76.58123	76.57234	76.60757	76.64937	76.55634	76.60830	76.64011	76.54914	76.54510	76.61076	76.61711	76.59351	76.60387
01/02/2022	17:14:09	76.58852	76.58224	76.57154	76.60768	76.64871	76.55714	76.60904	76.63970	76.54962	76.54526	76.61062	76.61562	76.59394	76.60411
01/02/2022	17:14:13	76.58842	76.58039	76.57215	76.60860	76.65037	76.55795	76.60903	76.64047	76.55076	76.54547	76.61090	76.61666	76.59432	76.60496
01/02/2022	17:14:16	76.58962	76.58022	76.57290	76.60899	76.64992	76.55800	76.60797	76.64103	76.55100	76.54596	76.61073	76.61627	76.59400	76.60381
01/02/2022	17:14:20	76.58744	76.58187	76.57283	76.60736	76.64799	76.55700	76.60676	76.64042	76.54958	76.55578	76.63086	76.62393	76.65395	76.66534
01/02/2022	17:14:23	76.58905	76.58444	76.64329	76.71345	76.75002	76.84300	76.92862	76.75183	76.69235	76.66673	76.68678	76.65043	76.83526	76.84804
01/02/2022	17:14:27	76.69574	76.78252	76.76816	76.84880	76.97020	77.12124	77.07569	76.78097	76.73142	76.75693	76.83026	76.85709	76.52455	76.78945
01/02/2022	17:14:31	76.62193	76.46402	76.45564	76.49224	76.53371	76.44170	76.49089	76.52289	76.42926	76.42734	76.49244	76.49873	76.48160	76.48830
01/02/2022	17:14:34	76.47492	76.47439	76.48270	76.56345	76.59341	76.48297	76.53080	76.53426	76.44545	76.44407	76.50682	76.58689	76.68926	76.62472
01/02/2022	17:14:38	76.67612	76.72193	76.72330	76.85370	76.78359	76.71837	76.72903	76.69093	76.57542	76.57548	76.70538	76.83244	76.96372	76.85936
01/02/2022	17:14:41	76.85556	77.00412	77.03251	77.44186	77.55233	76.92905	76.95847	76.82514	76.74550	76.74463	76.83021	76.84557	77.28156	77.03286
01/02/2022	17:14:45	76.89432	77.39065	78.23879	79.48996	80.33684	76.98325	77.03585	77.05475	76.90830	76.92384	76.70014	76.89620	76.69817	77.13668
01/02/2022	17:14:49	76.90490	76.66850	78.77162	79.88033	80.15000	76.76766	76.65178	76.88919	76.86922	76.89127	76.71401	76.75146	76.74952	76.89707
01/02/2022	17:14:52	76.76786	76.83483	78.55070	80.32105	78.42142	76.88325	76.78848	76.94117	76.89632	76.92429	76.87649	76.81211	76.89865	76.93431
01/02/2022	17:14:56	76.85201	76.91350	77.21261	80.99949	78.15867	76.93178	76.99871	77.19716	77.17088	77.11234	77.04597	77.00236	76.98492	77.00633
01/02/2022	17:14:59	76.98109	77.02943	78.18857	81.75432	79.54581	76.99893	77.01842	77.26315	77.32916	77.21503	77.05657	76.99172	77.02656	76.72483
01/02/2022	17:15:03	76.97151	76.97865	78.97537	82.36098	81.08521	77.09149	77.24495	77.55566	78.03691	78.46153	77.08120	77.10217	77.20754	76.91454
01/02/2022	17:15:07	77.18715	77.18849	79.40129	83.23675	82.35930	77.37104	77.82169	78.95495	80.51469	79.88137	77.31359	77.28697	77.48973	77.13205
01/02/2022	17:15:10	77.48582	77.49665	80.68322	84.32783	83.67238	77.69887	79.60846	81.77063	82.23026	80.92346	77.58161	77.50008	77.50473	77.29706
01/02/2022	17:15:14	77.68644	77.62606	82.15085	85.60924	85.77197	78.99106	81.85754	84.25100	83.87124	81.81196	78.28529	77.69031	78.56945	77.49929
01/02/2022	17:15:17	78.03587	78.04413	84.04526	86.60650	87.23013	80.14327	83.45765	86.22717	85.98603	83.39015	81.63103	78.50539	80.30892	77.55693
01/02/2022	17:15:21	79.43279	80.89291	86.09127	87.63814	88.10943	81.41220	85.01442	87.67913	87.12124	85.51978	84.52378	80.94724	81.76748	79.09859
01/02/2022	17:15:25	81.42058	78.92850	87.35954	89.36931	89.32054	82.83065	86.34922	89.19161	88.39627	87.45607	87.51198	82.63159	83.03450	82.35922
01/02/2022	17:15:28	84.31382	82.97990	89.08339	90.67310	91.30800	84.42383	89.02336	90.68055	89.77128	89.22746	89.61273	84.62050	84.39266	84.95533
01/02/2022	17:15:32	87.43493	82.57238	90.52652	92.21389	92.97522	86.01026	91.57813	92.55031	91.33309	91.12623	91.99897	87.46517	87.20804	87.59811
01/02/2022	17:15:35	90.06429	87.85771	92.09865	93.74819	94.75659	88.55825	93.71320	94.02898	92.71930	92.97960	94.12665	92.09585	88.76112	90.39018
01/02/2022	17:15:39	93.91683	92.94773	93.99843	95.54172	96.64464	92.77751	95.58158	95.72693	94.68361	94.89259	95.93497	94.96027	91.14445	92.02210
01/02/2022	17:15:43	96.57229	95.93413	96.70239	97.90873	98.80447	95.95432	97.90300	97.48773	96.45584	96.85810	98.24307	98.31171	92.79545	94.29666
01/02/2022	17:15:46	100.06755	98.95335	98.30186	100.32789	101.10537	98.76296	100.01677	99.39903	98.60029	98.87055	100.82289	101.41749	94.66066	97.00321
01/02/2022	17:15:50	102.52936	101.11445	100.12578	102.34122	102.92244	101.17214	101.97635	101.51736	100.77617	101.17299	102.98937	103.79706	97.09233	99.75059
01/02/2022	17:15:53	105.78288	104.61005	103.61221	104.44915	104.94047	103.91264	103.94621	103.32890	103.09789	103.15450	104.84955	106.55619	99.74429	102.37910
01/02/2022	17:15:57	108.54390	107.11302	106.18568	107.12555	107.05055	106.04577	106.13093	105.26873	104.88142	105.39824	106.95323	108.47010	101.60524	104.20996
01/02/2022	17:16:01	110.41664	109.34561	107.52758	108.82269	109.00456	108.10825	108.14326	107.36188	107.47689	107.25244	109.21715	111.25117	103.18615	106.42292
01/02/2022	17:16:04	113.19428	111.56107	109.85266	110.79666	110.99349	110.11784	110.57067	109.69731	109.73712	109.97365	111.18278	112.85791	105.46893	108.05114
01/02/2022	17:16:08	115.28510	113.73864	112.31507	113.00847	113.22281	112.40682	112.71783	111.80205	111.81206	111.93754	113.60320	115.64414	107.54444	110.38139
01/02/2022	17:16:11	117.77666	116.25390	114.42068	115.13954	115.39611	114.45714	114.67983	113.75482	113.56599	114.05614	116.17894	118.77238	109.75704	113.05460
01/02/2022	17:16:15	120.90916	119.15743	117.07465	117.40956	117.64081	116.79107	117.05618	115.99777	115.46748	115.87378	118.97099	121.95284	111.34552	115.83125
01/02/2022	17:16:19	124.16475	121.91649	119.16009	119.24486	119.68054	118.84996	119.08073	118.27318	117.65310	118.25330	121.13233	124.38247	113.50456	117.96614
01/02/2022	17:16:22	126.41587	123.98543	121.00649	121.17126	121.74926	120.84522	120.89236	120.42555	119.56171	120.23843	123.12602	126.19771	115.33505	119.61344
01/02/2022	17:16:26	128.29815	125.57839	122.66600	123.15148	123.39755	122.87804	122.91875	122.38259	121.42843	122.14204	125.21103	128.51175	117.54328	121.73754
01/02/2022	17:16:29	130.65981	128.25029	125.20675	124.76791	125.32996	124.86532	124.69122	124.42144	123.26857	124.13274	126.86278	130.86226	119.12071	123.97221
01/02/2022	17:16:33	132.97351	130.38540	127.22733	126.25665	127.21750	126.67807	126.51268	126.32738	125.11585	126.09243	129.55315	133.39642	120.88224	126.26379
01/02/2022	17:16:37	135.12960	132.39900	128.93677	128.02688	128.91066	128.34048	128.10529	128.24256	127.31512	127.75921	131.02600	135.23499	122.74922	128.23293
01/02/2022	17:16:40	137.18229	134.43237	131.12637	129.64237	130.46283	129.93679	129.84911	129.87899	129.03728	129.70450	132.88248	137.58962	124.60563	130.26615
01/02/2022	17:16:44	139.49577	136.81710	133.17570	131.13645	132.41390	131.74902	131.93116	131.70860	130.70753	131.26151	134.25629	139.39368	126.44454	131.70448
01/02/2022	17:16:47	141.47510	138.71819	135.10651	133.00156	133.90752	133.60630	133.71270	133.47076	132.43077	133.12843	136.13752	141.47143	128.00743	133.53139
01/02/2022	17:16:51	143.37046	140.58096	137.18958	135.13526	135.40218	135.04963	135.34180	134.95153	133.98925	134.80063	137.77128	142.78081	130.25217	135.20573
01/02/2022	17:16:55	144.69024	142.29101	139.71639	136.94908	136.88342	136.32563	136.86373	136.30633	135.54428	136.75809	139.26524	144.38185	132.05747	136.89890
01/02/2022	17:16:58	146.45505	143.94513	141.80122	138.63187	138.37452	137.80336	138.48612	138.14118	137.30504	138.54069	140.79309	145.91539	133.61876	138.45990
01/02/2022	17:17:02	148.04509	145.61005	143.64451	140.44791	140.12910	139.37599	140.15884	139.69683	139.18414	140.06462	142.44258	147.40611	135.17146	140.09526
01/02/2022	17:17:05	149.37971	147.10681	145.10142	141.88391	141.89417	141.22108	141.77570	141.28927	140.78018	141.65369	144.13905	148.99893	136.60182	141.62434
01/02/2022	17:17:09	151.15024	148.49544	146.41162	143.39447	143.41305	142.72260	143.31888	142.82834	142.36848	143.30853	145.60037	150.75075	137.98401	143.18422
01/02/2022	17:17:13	152.76822	150.23688	148.18968	144.87302	144.61827	144.21319	144.72013	144.14113	143.68977	144.88626	147.31984	152.51056	139.58492	144.86489
01/02/2022	17:17:16	154.42832	151.90653	149.81139	146.40975	146.06175	145.64582	146.07314	145.51886	145.10566	146.26336	148.86416	153.82057	141.52978	146.20735
01/02/2022	17:17:20	156.08733	154.12095	152.30998	148.57347	147.65867	146.84080	147.33352	146.91469	146.62200	147.95362	150.64293	155.47882	143.00797	147.87544
01/02/2022	17:17:23	157.59197	155.37033	153.08631	149.86086	149.17807	148.58940	149.05888	148.32999	147.82230	149.27846	152.59888	157.00679	144.23765	149.63924
01/02/2022	17:17:27	159.04236	156.89899	154.18078	151.12982	150.69613	150.07040	150.58143	149.92963	149.33097	150.69408	153.94376	158.45561	145.37016	151.03575
01/02/2022	17:17:31	160.53805	158.13642	155.17302	152.34398	152.32153	151.51926	152.23325	151.42094	150.49229	152.04398	155.27077	159.78422	146.57539	152.32054
01/02/2022	17:17:34	161.62123	159.24339	156.23451	153.65896	153.80405	153.17094	153.75417	152.95931	151.90736	153.43690	156.50909	161.24716	147.54872	153.69227
01/02/2022	17:17:38	162.85935	160.23066	157.52973	154.95264	155.29278	154.66347	155.18024	154.52263	153.17888	154.63827	157.89024	162.59773	149.13770	154.87919
01/02/2022	17:17:41	164.00408	161.52625	158.94720	156.17615	156.63376	155.97390	156.32827	155.61937	154.44054	156.11794	159.04893	163.98877	150.37920	156.14729
01/02/2022	17:17:45	165.44020	162.89710	160.51257	157.55431	157.83737	157.25354	157.27707	156.47823	155.48540	157.43779	160.30073	164.99146	151.38954	157.52623
01/02/2022	17:17:49	166.29279	163.81919	161.65770	158.86096	158.89352	158.23476	158.29958	157.48704	156.64772	158.65625	161.59064	166.13383	152.74368	158.72282
01/02/2022	17:17:52	167.39597	165.21924	163.76359	160.31133	159.83674	159.23132	159.41968	158.56065	157.89776	159.87114	162.61618	167.38795	154.08096	159.66919
01/02/2022	17:17:56	168.53367	166.50819	165.61717	161.55366	161.06805	160.38935	160.55214	159.91385	159.18144	161.09014	163.58861	168.45184	155.13128	160.64649
01/02/2022	17:17:59	169.56644	167.64305	166.56455	162.53425	162.17453	161.51209	161.60717	160.98131	160.37285	162.21646	164.71650	169.47131	156.22169	161.75123
01/02/2022	17:18:03	170.58383	168.70962	167.36533	163.42270	163.29041	162.68372	162.75250	162.30508	161.77948	163.56963	165.75906	170.13230	157.18084	162.59433
01/02/2022	17:18:07	171.19918	169.63875	168.43593	164.51683	164.39322	163.83466	164.02733	163.45304	163.01081	164.73361	166.65334	171.12099	158.19731	163.54966
01/02/2022	17:18:10	172.22988	170.55107	169.04708	165.62423	165.71446	165.00596	165.24191	164.84103	164.23198	165.88806	167.70531	172.11678	159.61356	164.31460
01/02/2022	17:18:14	173.13873	171.70512	170.21127	167.05636	167.09257	166.24607	166.62097	165.89058	165.29805	166.97506	168.67108	173.23155	160.56231	165.50106
01/02/2022	17:18:17	174.11959	172.70063	171.05427	168.32778	168.22729	167.38484	167.92444	167.10779	166.40741	168.01840	169.62481	174.27017	161.50166	166.62196
01/02/2022	17:18:21	175.18075	173.56614	171.74755	169.47080	169.33448	168.53981	169.05798	168.24160	167.43864	169.05879	170.50516	175.39211	162.38485	167.81023
01/02/2022	17:18:25	176.15530	174.50135	172.49441	170.64343	170.35077	169.59282	170.19031	169.11682	168.37629	170.11653	171.72464	176.75363	163.51728	169.08284
01/02/2022	17:18:28	177.37930	175.57658	173.46728	171.61530	171.46287	170.52368	171.13775	169.98286	169.33932	171.31510	172.95802	177.91925	164.53425	170.23343
01/02/2022	17:18:32	178.23395	176.43625	174.42530	172.60545	172.44213	171.57191	172.26086	170.92501	170.20874	172.21452	174.02748	178.94037	165.69394	171.08449
01/02/2022	17:18:35	179.03724	177.41830	175.58248	173.87733	174.05652	172.99414	173.36029	172.18338	171.51454	173.07857	175.10390	180.00280	167.62226	171.30564
01/02/2022	17:18:39	179.84793	178.21984	177.27076	176.02255	176.50843	174.43483	174.65861	173.35403	172.78714	173.87934	175.81583	180.43807	169.52937	171.40961
01/02/2022	17:18:43	180.44392	178.88218	178.23529	177.18036	177.76866	176.00319	176.33981	174.69620	174.07815	174.95118	176.74703	181.21858	170.20980	172.25713
01/02/2022	17:18:46	181.09225	179.54707	179.23854	178.47863	179.37553	177.41920	177.52246	176.07005	175.40754	175.89722	177.53603	181.90547	172.10708	172.72458
01/02/2022	17:18:50	182.07155	181.00277	181.16098	179.94475	180.65432	178.36787	178.26467	176.97026	176.24831	176.88999	178.75373	182.84197	172.86141	173.84602
01/02/2022	17:18:53	183.03223	181.81375	181.95254	180.71415	181.34854	179.27471	179.30217	178.05748	177.19908	178.08924	179.85298	183.73765	173.35561	175.06772
01/02/2022	17:18:57	183.78151	182.55050	182.77673	181.56242	182.17280	180.35798	180.56496	179.04578	178.32818	179.04088	180.73690	184.65012	173.98532	176.24205
01/02/2022	17:19:01	184.44020	183.56703	183.92651	182.80956	183.41020	181.64009	181.83360	180.74846	180.23785	180.84216	182.43946	185.36998	174.89411	177.40109
01/02/2022	17:19:04	185.18934	184.45076	184.75564	183.66783	184.24947	182.62654	182.74616	181.63680	181.29250	181.86168	183.41410	186.47706	175.40937	178.91252
01/02/2022	17:19:08	186.01379	185.13259	185.53534	184.46351	184.95925	183.30060	183.69065	182.21907	182.09606	182.70116	184.33597	187.64555	175.96842	180.02111
01/02/2022	17:19:11	187.04862	186.28120	186.63516	185.20261	185.69148	184.12185	184.29070	183.00896	183.16799	183.59188	185.27747	188.58060	176.63151	181.17753
01/02/2022	17:19:15	187.79161	186.96460	187.38674	185.91420	186.52375	184.85537	185.07135	183.56807	183.80947	184.38406	186.12678	189.47291	177.33714	182.20007
01/02/2022	17:19:19	188.65706	187.80035	188.48549	186.62780	187.43162	185.53948	185.72440	184.43376	184.64412	185.26264	187.04752	190.49676	178.06824	183.16267
01/02/2022	17:19:22	189.52925	188.47220	189.29141	187.36062	188.08352	186.21119	186.53327	185.18696	185.55191	186.26322	188.36224	191.53246	178.90400	184.16624
01/02/2022	17:19:26	190.39746	189.26839	190.19020	188.16378	188.82803	186.75077	187.33944	185.80387	186.30231	187.18297	189.24549	192.26937	179.70594	184.99480
01/02/2022	17:19:29	190.99704	190.00269	190.98227	188.93961	189.54019	187.53385	188.15980	186.64348	187.29800	188.09349	190.31773	193.03299	180.52504	185.74672
01/02/2022	17:19:33	191.65371	190.81220	191.72065	189.70187	190.28949	188.87712	189.14679	188.35099	188.81362	190.06178	191.96941	194.29556	181.57947	186.66765
01/02/2022	17:19:37	192.94132	192.03015	192.95057	190.91961	191.47231	190.19119	190.47299	189.36951	190.11175	191.46515	193.52012	195.51645	182.50381	187.89438
01/02/2022	17:19:40	194.19109	192.94284	193.55658	191.80063	192.33180	191.19156	191.33409	190.14479	191.24122	192.66317	194.85952	196.65584	183.41252	188.74000
01/02/2022	17:19:44	195.37421	193.84529	194.21408	192.52803	193.02415	191.97766	192.02420	191.11821	192.20194	193.53361	195.72672	197.41608	184.03136	189.27829
01/02/2022	17:19:47	196.06560	194.46638	194.61251	193.17643	193.63101	192.60614	192.57854	191.80333	192.91739	194.40692	196.60725	198.32994	184.71686	190.06726
01/02/2022	17:19:51	197.08875	195.62868	195.67552	194.28659	194.68692	193.75571	193.76339	193.53233	194.81084	196.17728	198.46581	199.76140	185.90598	191.35172
01/02/2022	17:19:55	198.27066	196.53369	196.44824	195.10552	195.52096	194.85294	194.31135	194.51124	195.92702	197.17493	199.56927	200.61820	186.99962	192.28904
01/02/2022	17:19:58	199.30869	197.27182	197.26762	195.95201	196.20251	195.81216	194.63792	195.26940	197.07375	198.48959	200.89203	201.87997	188.06445	193.20285
01/02/2022	17:20:02	200.80763	199.03557	199.05146	197.11388	197.00938	196.51856	195.45132	195.87705	198.05371	199.38974	201.94129	202.84520	189.05761	194.02488
01/02/2022	17:20:05	201.57501	199.64294	199.55349	197.85055	197.74424	197.72953	195.82910	196.69349	199.01610	200.13054	202.74631	203.49740	189.98499	195.00275
01/02/2022	17:20:09	202.45760	200.15560	200.08408	198.70382	198.23617	198.54321	196.34453	197.66034	199.94235	201.03351	203.66393	204.23854	190.82617	195.79895
01/02/2022	17:20:13	203.31338	200.72373	200.66190	199.49544	198.86025	199.52057	196.81563	198.53528	200.94884	201.82332	204.46826	204.88264	191.60890	196.53141
01/02/2022	17:20:16	204.15082	201.28706	201.25855	200.18980	199.56363	200.30985	197.34336	199.39146	201.82982	202.72412	205.27643	205.48942	192.27784	197.02949
01/02/2022	17:20:20	204.79341	201.86637	202.08278	200.81112	200.36350	201.09528	198.14935	200.20679	202.71234	203.54012	206.11579	206.18630	193.01022	197.60321
01/02/2022	17:20:23	205.51710	202.52086	202.82574	201.49492	201.10411	201.80679	198.86646	200.93604	203.60009	204.23498	206.84341	206.89825	193.62086	198.17823
01/02/2022	17:20:27	206.24925	203.45853	203.90194	202.21545	201.70530	202.38789	199.57245	201.54163	204.30437	205.21336	207.90329	207.69931	194.30118	198.60794
01/02/2022	17:20:31	206.78976	204.13878	204.40797	202.44181	202.03633	202.55938	200.27646	202.28475	205.52009	207.15075	209.86734	208.75383	195.40439	199.97175
01/02/2022	17:20:34	207.41619	204.63419	204.69358	202.61522	202.44037	202.80761	201.04301	202.87866	206.14113	207.82378	210.40427	209.40408	196.09210	200.67836
01/02/2022	17:20:38	207.93395	205.21657	205.19481	203.12483	203.26593	203.81465	202.32653	204.28775	207.67878	209.27164	211.68399	210.37507	196.84989	200.90955
01/02/2022	17:20:41	208.73754	206.16372	205.99477	204.04633	204.18946	204.55082	203.19945	205.23974	208.31125	209.98939	212.29256	211.07998	197.44960	201.63242
01/02/2022	17:20:45	209.23247	206.43572	206.43510	204.67419	204.59364	204.97466	203.55883	205.81494	208.93305	210.45037	212.83171	211.58321	197.91345	201.93896
01/02/2022	17:20:49	209.77120	207.10650	207.36558	205.37813	205.19496	205.20162	204.09232	206.02527	209.14147	210.75938	213.32309	212.45898	198.27201	202.22656
01/02/2022	17:20:52	210.75790	208.55777	208.77546	205.96244	205.91090	205.38961	204.57023	206.19271	209.40040	211.19076	213.84761	213.36844	198.78959	202.54366
01/02/2022	17:20:56	211.68246	209.69853	209.87955	206.90514	206.89319	205.97662	205.29028	206.67216	209.84719	211.69972	214.43111	214.02551	199.44299	203.36779
01/02/2022	17:20:59	212.18371	210.02465	210.39826	207.30823	207.28091	206.27304	205.71253	207.33326	210.96606	212.80938	215.56528	214.68830	200.33058	204.18414
01/02/2022	17:21:03	212.66843	210.56139	210.83764	207.85240	207.83820	206.73539	206.45954	207.85101	211.36552	213.00676	215.84605	215.02967	200.80884	204.54217
01/02/2022	17:21:07	212.90961	210.91855	211.08631	208.55292	208.31109	207.20195	207.30109	208.33515	211.70916	213.14167	216.09335	215.54725	201.31624	204.80308
01/02/2022	17:21:10	213.75363	212.13289	212.64587	209.56171	209.11233	207.44318	207.51973	208.52501	211.74579	213.53484	216.64024	216.54797	201.88775	204.94763
01/02/2022	17:21:14	215.29622	213.78298	213.95143	210.82290	209.98590	208.03319	208.26626	209.00204	212.11250	214.09517	217.19539	217.26113	202.44772	205.64436
01/02/2022	17:21:17	215.98377	214.69465	214.75667	211.22056	210.41171	208.54351	208.77176	209.59346	212.76147	214.74876	217.78298	217.77687	203.05202	206.34568
01/02/2022	17:21:21	216.37180	215.19762	215.14577	211.64746	211.01553	209.05778	209.34966	210.06667	213.28158	215.21403	218.26956	218.40235	203.56948	206.68313
01/02/2022	17:21:25	217.06678	215.95895	215.76058	212.21204	211.80375	209.69229	210.02948	210.61026	213.80804	215.79352	218.95032	218.83300	204.20240	207.57333
01/02/2022	17:21:28	217.29111	216.03015	215.97159	212.53476	212.11354	210.23848	210.50124	211.28537	214.74042	216.47248	219.51082	219.23410	204.85075	208.21750
01/02/2022	17:21:32	217.52372	216.12734	216.13234	213.10066	212.44939	210.83690	211.11623	211.89931	215.30234	216.90411	219.92634	219.58312	205.53127	208.96769
01/02/2022	17:21:35	217.75974	216.32399	216.32305	213.54413	212.78068	211.42994	211.64821	212.54116	215.85300	217.28488	220.34405	219.91261	206.18101	209.61932
01/02/2022	17:21:39	217.98369	216.59365	216.69904	213.94383	213.20410	211.96576	212.08724	213.08291	216.28894	217.67553	220.75523	220.37745	206.54027	209.89099
01/02/2022	17:21:43	218.47770	217.30396	217.39659	214.37751	213.79087	212.39659	212.67658	213.58896	216.73493	218.03531	221.12026	220.79331	206.87911	210.06625
01/02/2022	17:21:46	218.80005	217.65664	217.77325	214.93890	214.64167	213.34996	213.79015	214.37545	217.28009	218.49563	221.51921	221.13990	207.08316	210.05870
01/02/2022	17:21:50	218.99425	217.88948	218.06084	215.41217	215.48444	214.47083	214.91686	215.19401	217.86611	219.05290	221.93098	221.46271	207.39963	210.18855
01/02/2022	17:21:53	219.27310	218.24689	218.57822	216.08205	216.34236	215.18795	215.57034	215.83143	218.24849	219.42052	222.28617	221.95211	208.32300	210.25881
01/02/2022	17:21:57	219.98089	219.14288	219.33358	217.14358	217.41808	215.87042	216.05362	216.34403	218.52271	219.77746	222.67939	222.38835	209.20164	210.40129
01/02/2022	17:22:01	220.53815	219.71587	219.88802	217.84834	218.18976	216.71659	216.97197	217.02591	219.04864	220.26811	223.10844	222.97034	209.58816	210.82615
01/02/2022	17:22:04	221.07332	220.14545	220.37834	218.44332	218.87244	217.54963	217.71282	218.10062	219.86637	221.29159	224.00700	223.92310	210.01289	211.74540
01/02/2022	17:22:08	222.12233	221.21506	221.50069	219.28083	219.57492	218.41917	218.67993	219.21025	220.81209	222.03276	224.73674	224.64084	210.54092	212.59317
01/02/2022	17:22:11	222.90803	221.92470	222.14776	219.99949	220.29419	219.24522	219.54164	220.12270	221.65726	222.88616	225.48972	225.39179	210.96590	213.15439
01/02/2022	17:22:15	223.69550	222.56914	222.84104	220.59901	220.88031	220.04717	220.15944	220.74435	222.34469	223.45571	225.98010	225.89256	211.43426	213.74140
01/02/2022	17:22:19	224.30427	223.29543	223.97129	221.39564	221.38643	220.80006	220.71001	221.25579	222.97064	224.04868	226.58995	226.57236	211.94866	214.49132
01/02/2022	17:22:22	225.12596	224.40563	225.17034	222.37414	222.07523	221.44860	221.29260	221.84938	223.72635	224.83458	227.33273	227.24824	212.41650	214.91791
01/02/2022	17:22:26	225.81382	224.95770	225.62048	222.93603	222.63818	222.15232	221.86944	222.47476	224.41717	225.32053	227.79236	227.74733	212.89293	215.48221
01/02/2022	17:22:29	226.48826	225.42303	226.03495	223.44491	223.11519	222.87785	222.42976	223.21232	225.17077	225.91157	228.33129	228.27737	213.36635	215.89915
01/02/2022	17:22:33	227.10922	225.94061	226.46333	223.96827	223.58626	223.57545	222.94903	223.88586	225.87592	226.46179	228.82327	228.79443	213.91872	216.59041
01/02/2022	17:22:37	227.70213	226.44357	226.95736	224.49388	224.05191	224.18866	223.49434	224.60711	226.53557	227.04416	229.34347	229.31243	214.37932	217.09846
01/02/2022	17:22:40	228.27726	226.91682	227.45130	225.01298	224.57489	224.80125	224.07661	225.25840	227.17122	227.58497	229.84481	229.81372	214.81550	217.44178
01/02/2022	17:22:44	228.82842	227.41510	227.91292	225.52865	225.08725	225.43381	224.64608	225.88254	227.78309	228.09938	230.33631	230.31660	215.25371	217.78950
01/02/2022	17:22:47	229.40745	227.91823	228.30047	225.99614	225.58879	226.05242	225.19368	226.49572	228.37447	228.62006	230.82880	230.81449	215.69644	218.16203
01/02/2022	17:22:51	229.98435	228.43469	228.68901	226.44875	226.09011	226.64731	225.73427	227.10878	228.95925	229.15412	231.33252	231.32229	216.15381	218.56208
01/02/2022	17:22:55	230.56343	228.96738	229.10028	226.91025	226.61241	227.23874	226.28462	227.73078	229.54502	229.70805	231.84502	231.82657	216.60849	218.96772
01/02/2022	17:22:58	231.12665	229.49475	229.51704	227.35890	227.12549	227.79030	226.81801	228.33778	230.11147	230.26088	232.35470	232.32812	217.06728	219.38311
01/02/2022	17:23:02	231.67466	230.01719	229.93951	227.80308	227.63977	228.32691	227.35403	228.94322	230.66870	230.81450	232.86508	232.83260	217.59797	219.98560
01/02/2022	17:23:06	232.20168	230.57331	230.45110	228.25012	228.14773	228.80668	227.87617	229.64433	231.29990	231.45097	233.42637	233.35488	218.06867	220.40712
01/02/2022	17:23:10	232.74349	231.08461	230.89791	228.69244	228.67329	229.30825	228.40963	230.21737	231.83014	232.00075	233.92007	233.83060	218.50230	220.78811
01/02/2022	17:23:13	233.26255	231.59234	231.33403	229.13517	229.18570	229.81028	228.93290	230.78205	232.35472	232.55080	234.41480	234.31198	218.94553	221.18478
01/02/2022	17:23:17	233.76977	232.09736	231.77384	229.57365	229.69639	230.30350	229.43490	231.34280	232.93258	233.21590	235.01426	234.87610	219.49772	221.96838
01/02/2022	17:23:21	234.33762	232.76158	232.57243	230.20956	230.20879	230.63943	229.91006	232.00508	233.62473	234.06177	235.87141	235.48088	220.03329	222.78610
01/02/2022	17:23:24	234.77406	233.37031	233.21201	230.76963	230.70529	231.03589	230.43524	232.73594	234.26127	234.64599	236.39627	235.96761	220.48816	223.18007
01/02/2022	17:23:28	235.28045	233.85951	233.61966	231.20945	231.22080	231.54699	230.97769	233.27219	234.73414	235.12898	236.82882	236.42306	220.90180	223.42043
01/02/2022	17:23:32	235.78423	234.34633	234.03464	231.63853	231.73647	232.07374	231.50585	233.77279	235.19101	235.59948	237.24933	236.87469	221.31870	223.69712
01/02/2022	17:23:36	236.25660	234.80801	234.43921	232.05103	232.23688	232.57389	232.01953	234.26002	235.63232	236.06268	237.66453	237.31754	221.72578	223.99702
01/02/2022	17:23:39	236.72829	235.27387	234.85426	232.46142	232.73244	233.06250	232.53313	234.74920	236.07958	236.52827	238.08509	237.75832	222.13961	224.32167
01/02/2022	17:23:43	237.19623	235.73799	235.27690	232.88208	233.23136	233.54214	233.04666	235.24343	236.52522	236.99534	238.50529	238.19309	222.55018	224.65966
01/02/2022	17:23:47	237.63706	236.17600	235.69278	233.28293	233.73174	233.99811	233.54386	235.70653	236.94236	237.43157	238.90442	238.60137	222.95449	224.97856
01/02/2022	17:23:50	238.04757	236.59430	236.11117	233.68742	234.22230	234.42470	234.03586	236.18029	237.36383	237.86220	239.30355	239.01122	223.34762	225.32652
01/02/2022	17:23:54	238.46341	237.01388	236.52071	234.09154	234.67855	234.85430	234.50258	236.64667	237.78471	238.29787	239.70653	239.41935	223.75456	225.80449
01/02/2022	17:23:58	238.88088	237.43979	236.98548	234.49506	235.08826	235.24793	235.01209	237.19185	238.29006	238.81193	240.17800	239.86279	224.16230	226.24035
01/02/2022	17:24:01	239.29373	237.87642	237.46203	234.90544	235.52264	235.65034	235.46150	237.66981	238.75168	239.32330	240.72214	240.30094	224.63470	226.94592
01/02/2022	17:24:05	239.73939	238.30525	237.89552	235.30051	235.89113	235.99493	235.85663	238.29800	239.53794	240.14430	241.56221	240.88071	225.23114	228.01116
01/02/2022	17:24:08	240.21731	238.89758	238.54316	235.79433	236.21923	236.26131	236.18654	238.91707	240.15910	240.77516	242.12376	241.40651	225.70339	228.43574
01/02/2022	17:24:12	240.63224	239.28480	238.92780	236.20946	236.64804	236.68850	236.66618	239.38285	240.54670	241.08998	242.44589	241.78007	226.02551	228.53199
01/02/2022	17:24:16	241.01763	239.66181	239.27940	236.60356	237.10853	237.13897	237.11599	239.77022	240.87068	241.39508	242.74263	242.14850	226.35181	228.67028
01/02/2022	17:24:19	241.39299	240.03622	239.63276	236.98855	237.55595	237.57530	237.55551	240.15706	241.19675	241.71715	243.05235	242.51264	226.68574	228.86937
01/02/2022	17:24:23	241.76654	240.40920	239.98344	237.36666	237.99022	238.00485	237.98639	240.53437	241.51548	242.03561	243.35631	242.87015	227.01900	229.07644
01/02/2022	17:24:26	242.12863	240.77928	240.34045	237.74635	238.42029	238.42376	238.41247	240.91015	241.83678	242.36007	243.66609	243.22415	227.35645	229.31158
01/02/2022	17:24:30	242.48553	241.14509	240.69643	238.12328	238.84178	238.83291	238.83151	241.28908	242.16388	242.68985	243.98111	243.57505	227.69759	229.56952
01/02/2022	17:24:34	242.84055	241.50825	241.05292	238.50041	239.25659	239.23568	239.24592	241.67044	242.49485	243.02532	244.30112	243.92766	228.04369	229.84737
01/02/2022	17:24:37	243.18971	241.86602	241.40770	238.87334	239.66452	239.63099	239.65449	242.04989	242.82586	243.35991	244.62250	244.27381	228.38605	230.13373
01/02/2022	17:24:41	243.53885	242.22398	241.76707	239.24981	240.07105	240.02457	240.06353	242.43615	243.16526	243.70320	244.95475	244.62990	228.74232	230.44107
01/02/2022	17:24:45	243.89114	242.58426	242.12768	239.63041	240.47649	240.41681	240.47116	242.82652	243.50998	244.05156	245.29000	244.98443	229.10113	230.75939
01/02/2022	17:24:48	244.25054	242.95160	242.49581	240.01605	240.88547	240.81458	240.87989	243.22112	243.85819	244.40228	245.62811	245.33946	229.45933	231.08192
01/02/2022	17:24:52	244.60484	243.31410	242.86148	240.39900	241.28788	241.20427	241.28510	243.61471	244.20637	244.75303	245.96762	245.69634	229.81954	231.41030
01/02/2022	17:24:56	244.95487	243.67051	243.22018	240.77230	241.67656	241.58382	241.67752	243.99847	244.54751	245.09635	246.30194	246.04789	230.17423	231.73848
01/02/2022	17:25:00	245.29344	244.01639	243.56986	241.14097	242.05766	241.95543	242.06038	244.37785	244.88463	245.43541	246.63084	246.39235	230.52123	232.06410
01/02/2022	17:25:03	245.62817	244.36072	243.91575	241.50320	242.42986	242.31885	242.43524	244.74710	245.21454	245.76641	246.95478	246.73169	230.86537	232.38761
01/02/2022	17:25:07	245.95939	244.70078	244.25958	241.86523	242.80074	242.68092	242.81023	245.11858	245.54720	246.10257	247.28307	247.07242	231.21090	232.71427
01/02/2022	17:25:11	246.29612	245.04697	244.60744	242.23183	243.17237	243.04534	243.18163	245.48618	245.87490	246.43000	247.60704	247.40941	231.55160	233.03609
01/02/2022	17:25:15	246.62119	245.37682	244.93867	242.58331	243.52934	243.39419	243.54357	245.84438	246.19640	246.75444	247.93074	247.74532	231.89216	233.36215
01/02/2022	17:25:18	246.95415	245.71358	245.27840	242.94229	243.89120	243.75053	243.91019	246.21002	246.52463	247.08430	248.26028	248.08434	232.23655	233.69286
01/02/2022	17:25:22	247.28319	246.04756	245.61158	243.29459	244.24485	244.09582	244.26730	246.56456	246.84259	247.40114	248.58460	248.41637	232.57184	234.01457
01/02/2022	17:25:26	247.61041	246.37733	245.94309	243.64574	244.59420	244.43788	244.61953	246.91529	247.16155	247.72043	248.91110	248.74559	232.90525	234.33595
01/02/2022	17:25:30	247.92394	246.69377	246.26006	243.98419	244.93252	244.76932	244.96483	247.25602	247.46849	248.02533	249.22869	249.06783	233.23179	234.65097
01/02/2022	17:25:33	248.23544	247.00944	246.57384	244.32033	245.26466	245.09664	245.30167	247.58891	247.77127	248.32531	249.53980	249.38134	233.54951	234.96004
01/02/2022	17:25:37	248.54928	247.32972	246.88774	244.65690	245.59720	245.42262	245.63954	247.92378	248.07605	248.62838	249.85702	249.69999	233.87172	235.27282
01/02/2022	17:25:41	248.85126	247.63858	247.19188	244.98343	245.91900	245.73831	245.96593	248.24447	248.37168	248.91976	250.16526	250.01059	234.18768	235.57749
01/02/2022	17:25:45	249.14884	247.94610	247.49164	245.30749	246.23784	246.05118	246.29014	248.56323	248.66922	249.21091	250.47295	250.31752	234.49879	235.88320
01/02/2022	17:25:48	249.45025	248.25727	247.79350	245.63285	246.55693	246.36498	246.61764	248.88251	248.96948	249.50417	250.78574	250.63130	234.81916	236.19506
01/02/2022	17:25:52	249.74941	248.56999	248.09534	245.95717	246.87399	246.67762	246.94085	249.19878	249.26699	249.79373	251.09698	250.93783	235.12935	236.49856
01/02/2022	17:25:56	250.04432	248.87729	248.39197	246.27734	247.18530	246.98274	247.25719	249.50641	249.55920	250.07682	251.39863	251.23728	235.43405	236.79786
01/02/2022	17:26:00	250.32656	249.16863	248.67417	246.58315	247.48275	247.27568	247.56213	249.80394	249.84376	250.35371	251.69364	251.52899	235.73294	237.08811
01/02/2022	17:26:03	250.60677	249.45998	248.95765	246.89157	247.78183	247.57113	247.86883	250.10240	250.12797	250.63040	251.98658	251.81815	236.03025	237.37911
01/02/2022	17:26:07	250.89021	249.75343	249.24425	247.20033	248.08146	247.86700	248.17500	250.40225	250.41449	250.90885	252.28094	252.11000	236.33536	237.68132
01/02/2022	17:26:11	251.17010	250.04052	249.52487	247.50316	248.37379	248.15517	248.47252	250.69177	250.69296	251.18089	252.56619	252.39177	236.62708	237.96696
01/02/2022	17:26:15	251.44633	250.32545	249.80376	247.80399	248.66595	248.44189	248.77025	250.98406	250.97408	251.45590	252.85318	252.67345	236.92071	238.25410
01/02/2022	17:26:18	251.71306	250.59650	250.06961	248.09177	248.94508	248.71558	249.05091	251.25654	251.23658	251.71290	253.11895	252.93555	237.19621	238.52602
01/02/2022	17:26:22	251.96771	250.85685	250.32676	248.36809	249.21174	248.97835	249.32195	251.52102	251.49324	251.96670	253.38016	253.19312	237.46697	238.79161
01/02/2022	17:26:26	252.22167	251.11549	250.58262	248.64435	249.47928	249.23973	249.59223	251.78466	251.74787	252.22041	253.64027	253.45019	237.73853	239.05890
01/02/2022	17:26:29	252.47315	251.37075	250.83456	248.91560	249.74274	249.49670	249.85844	252.04467	252.00187	252.47525	253.89806	253.70650	238.01279	239.32883
01/02/2022	17:26:33	252.72880	251.63102	251.09259	249.19448	250.01543	249.76233	250.13341	252.31410	252.26394	252.73778	254.16036	253.96663	238.28722	239.59954
01/02/2022	17:26:37	252.97916	251.88277	251.34455	249.46450	250.28119	250.01779	250.39788	252.57199	252.51618	252.99634	254.41421	254.21891	238.55685	239.86645
01/02/2022	17:26:40	253.22903	252.13635	251.59704	249.73432	250.54472	250.27298	250.66123	252.82922	252.76780	253.25569	254.66590	254.47027	238.82598	240.13134
01/02/2022	17:26:44	253.48135	252.39116	251.85186	250.00555	250.81415	250.53047	250.92889	253.09131	253.02432	253.52206	254.92358	254.72666	239.10366	240.40490
01/02/2022	17:26:48	253.73245	252.64347	252.10498	250.27356	251.07910	250.78286	251.19062	253.34515	253.27353	253.77968	255.17076	254.97314	239.37135	240.66711
01/02/2022	17:26:52	253.98012	252.89178	252.35527	250.53997	251.34216	251.03374	251.44926	253.59713	253.51926	254.03526	255.41596	255.21947	239.63733	240.93035
01/02/2022	17:26:56	254.22492	253.13642	252.60329	250.80260	251.60260	251.28298	251.70635	253.84903	253.76660	254.28891	255.65995	255.46420	239.90288	241.19008
01/02/2022	17:26:59	254.46546	253.37839	252.84951	251.06063	251.85789	251.52921	251.96053	254.09568	254.00918	254.53976	255.90195	255.70716	240.16879	241.45124
01/02/2022	17:27:03	254.70520	253.61506	253.09190	251.31285	252.10498	251.76384	252.20334	254.33263	254.24232	254.77704	256.12969	255.93689	240.42018	241.69834
01/02/2022	17:27:07	254.93412	253.84495	253.33089	251.56106	252.35215	252.00069	252.44806	254.57414	254.47836	255.02065	256.36473	256.16993	240.67565	241.94953
01/02/2022	17:27:11	255.16840	254.07823	253.57134	251.81137	252.59914	252.23606	252.69154	254.80812	254.70973	255.25618	256.59131	256.39938	240.93018	242.20015
01/02/2022	17:27:14	255.40027	254.30699	253.80867	252.05669	252.84024	252.46902	252.93087	255.04119	254.94049	255.49426	256.81904	256.62915	241.18377	242.44804
01/02/2022	17:27:18	255.62922	254.53339	254.04345	252.30051	253.08225	252.70167	253.17030	255.27425	255.17117	255.72921	257.04087	256.85326	241.43279	242.69177
01/02/2022	17:27:22	255.84889	254.75084	254.26711	252.53367	253.30980	252.92090	253.39606	255.49555	255.39034	255.95431	257.25594	257.07151	241.67647	242.93199
01/02/2022	17:27:26	256.06863	254.96928	254.49263	252.76940	253.54137	253.14346	253.62657	255.71938	255.61198	256.18251	257.47109	257.28856	241.91980	243.17116
01/02/2022	17:27:29	256.28920	255.18756	254.71675	253.00269	253.77001	253.36413	253.85341	255.94007	255.83076	256.40913	257.68572	257.50636	242.16272	243.40940
01/02/2022	17:27:33	256.50943	255.40483	254.93861	253.23689	253.99759	253.58422	254.07853	256.15945	256.04834	256.63171	257.89611	257.72031	242.40295	243.64381
01/02/2022	17:27:37	256.71925	255.61243	255.15073	253.45914	254.21575	253.79420	254.29434	256.37070	256.25879	256.84785	258.09971	257.92691	242.63597	243.87190
01/02/2022	17:27:41	256.92865	255.81911	255.36189	253.68237	254.43323	254.00488	254.50982	256.58086	256.46765	257.06205	258.30111	258.13199	242.87025	244.10300
01/02/2022	17:27:44	257.14114	256.02819	255.57461	253.90945	254.65498	254.22073	254.73099	256.79779	256.68337	257.28295	258.50982	258.34335	243.10915	244.33627
01/02/2022	17:27:48	257.35111	256.23612	255.78432	254.13323	254.86973	254.42909	254.94289	257.00514	256.89001	257.49549	258.70954	258.54713	243.34150	244.56572
01/02/2022	17:27:52	257.55825	256.43905	255.99064	254.35369	255.08506	254.63760	255.15567	257.21394	257.09854	257.70833	258.90920	258.75161	243.57594	244.79419
01/02/2022	17:27:56	257.76393	256.64139	256.19454	254.57216	255.29618	254.84436	255.36740	257.41908	257.30445	257.91909	259.10640	258.95202	243.80459	245.01823
01/02/2022	17:28:00	257.96041	256.83475	256.38949	254.78207	255.49731	255.04150	255.56743	257.61657	257.50054	258.12010	259.29401	259.14357	244.02617	245.23682
01/02/2022	17:28:03	258.16247	257.03363	256.58965	254.99728	255.70423	255.24642	255.77507	257.81977	257.70451	258.32956	259.49162	259.34440	244.25801	245.46350
01/02/2022	17:28:07	258.35995	257.22889	256.78569	255.20823	255.90482	255.44234	255.97299	258.01480	257.89866	258.52794	259.67781	259.53495	244.47907	245.67945
01/02/2022	17:28:11	258.55337	257.41809	256.97564	255.41400	256.10104	255.63676	256.16939	258.20667	258.09143	258.72182	259.85996	259.71933	244.69255	245.88931
01/02/2022	17:28:15	258.74232	257.60462	257.16503	255.61923	256.29624	255.82951	256.36503	258.39966	258.28328	258.91527	260.04391	259.90692	244.91165	246.10388
01/02/2022	17:28:18	258.93074	257.79027	257.35078	255.82125	256.48682	256.02026	256.55766	258.58822	258.47337	259.10631	260.22656	260.09296	245.12974	246.31954
01/02/2022	17:28:22	259.12159	257.97816	257.54059	256.02971	256.68388	256.21436	256.75318	258.78142	258.66713	259.29977	260.41016	260.27971	245.34957	246.53277
01/02/2022	17:28:26	259.31060	258.16437	257.72752	256.23298	256.87465	256.40584	256.94581	258.96976	258.85594	259.48682	260.58931	260.46304	245.56538	246.74605
01/02/2022	17:28:30	259.49815	258.34771	257.91117	256.43449	257.06279	256.59261	257.13378	259.15670	259.04337	259.67215	260.76702	260.64461	245.78046	246.95652
01/02/2022	17:28:33	259.68417	258.53053	258.09415	256.63489	257.25224	256.78181	257.32277	259.34221	259.22956	259.85658	260.94381	260.82374	245.99334	247.16472
01/02/2022	17:28:37	259.86117	258.70539	258.26888	256.82613	257.42878	256.95825	257.50042	259.51633	259.40449	260.02968	261.10990	260.99303	246.19362	247.36097
01/02/2022	17:28:41	260.03284	258.87435	258.43756	257.01277	257.60204	257.13174	257.67366	259.68803	259.57577	260.19856	261.27250	261.15806	246.39226	247.55504
01/02/2022	17:28:44	260.20331	259.04162	258.60538	257.19937	257.77490	257.30491	257.84674	259.85835	259.74647	260.36709	261.43528	261.32469	246.59026	247.74945
01/02/2022	17:28:48	260.37195	259.20787	258.77078	257.38416	257.94510	257.47579	258.01787	260.02669	259.91548	260.53359	261.59585	261.48759	246.78730	247.94271
01/02/2022	17:28:52	260.53764	259.37228	258.93654	257.56960	258.11503	257.64644	258.18820	260.19684	260.08637	260.70191	261.75971	261.65374	246.99079	248.14246
01/02/2022	17:28:55	260.71275	259.54452	259.10767	257.76366	258.29269	257.82552	258.36682	260.37031	260.26059	260.87273	261.92391	261.82052	247.19163	248.33848
01/02/2022	17:28:59	260.88018	259.70910	259.27290	257.94945	258.46234	257.99537	258.53729	260.53949	260.42866	261.03873	262.08459	261.98356	247.39049	248.53184
01/02/2022	17:29:03	261.04598	259.87352	259.43756	258.13565	258.63174	258.16669	258.70790	260.70658	260.59518	261.20013	262.23668	262.13939	247.58451	248.71747
01/02/2022	17:29:06	261.19858	260.00665	259.55787	258.28933	258.78023	258.33729	258.91397	260.91414	260.81280	261.41866	262.43348	262.30265	247.78677	249.16899
01/02/2022	17:29:10	261.37905	260.18970	259.64746	258.34629	258.82234	258.38841	259.07227	261.13181	261.06850	261.68596	262.68777	262.54190	248.03975	249.63211
01/02/2022	17:29:14	261.59800	260.35296	259.75297	258.44524	258.89123	258.46522	259.19078	261.28582	261.23525	261.84712	262.84051	262.68165	248.23137	249.81538
01/02/2022	17:29:18	261.69818	260.43320	259.80761	258.53409	258.93365	258.47014	259.14686	261.24778	261.20617	261.76872	262.72017	262.52623	248.39562	249.94820
01/02/2022	17:29:21	261.47239	260.17958	259.56995	258.35995	258.67705	258.16067	258.73863	260.82925	260.77806	261.26563	262.15684	261.89645	248.54190	250.00179
01/02/2022	17:29:25	260.77756	259.54944	258.93174	257.77585	258.00664	257.39196	257.81606	259.74528	259.63688	259.94567	260.73374	260.30435	248.04888	249.41125
01/02/2022	17:29:28	259.04031	257.99837	257.24223	256.03442	256.16044	255.48801	255.74656	257.58881	257.53574	257.75662	258.18067	257.72444	246.24064	247.89372
01/02/2022	17:29:32	256.11955	255.29143	254.42815	253.16922	253.24558	252.55597	252.68606	254.48927	254.48088	254.59917	254.70263	254.17472	243.39892	245.21209
01/02/2022	17:29:36	252.17304	251.63143	250.55443	249.32479	249.36207	248.58794	248.62739	250.37491	250.39409	250.42987	249.95909	249.57955	239.82334	241.41832
01/02/2022	17:29:39	247.41706	247.13178	245.86763	244.66823	244.64279	243.74452	243.70879	245.37563	245.43116	245.39112	244.50405	244.21972	235.57865	236.97441
01/02/2022	17:29:43	242.05943	241.90010	240.56352	239.34572	239.27202	238.24858	238.14868	239.65527	239.72277	239.56501	238.55750	238.37195	230.95594	232.17471
01/02/2022	17:29:46	236.09716	235.98134	234.71321	233.65456	233.55357	232.41192	232.13126	233.36769	233.41986	233.09145	232.12105	232.08280	225.90909	226.88113
01/02/2022	17:29:50	229.76546	229.78586	228.21285	227.40633	227.29062	226.11085	225.70013	226.70329	226.90584	226.54602	225.53728	225.53089	220.34945	221.10986
01/02/2022	17:29:54	223.20173	223.37939	221.73280	220.77056	220.62094	219.36111	218.79741	219.62219	220.03412	219.90720	219.01869	219.09547	214.44527	215.08435
01/02/2022	17:29:57	216.59736	216.84769	215.08829	213.76642	213.50878	212.22801	211.49261	212.26826	213.19499	213.24721	212.47246	212.72879	208.14237	208.70869
01/02/2022	17:30:01	210.24739	210.52127	208.46592	206.58239	206.20328	204.84041	204.04925	205.05020	206.54431	206.87487	206.53141	206.68626	202.23600	202.84944
01/02/2022	17:30:04	203.16156	204.38850	202.06051	199.55132	199.06182	197.79209	196.86553	197.98759	199.42656	199.69569	199.78550	199.47640	195.71287	196.35342
01/02/2022	17:30:08	195.46524	197.41058	194.92167	192.15130	191.67408	190.35445	189.36904	190.31449	191.69871	191.85124	191.94658	191.61000	188.48048	189.14593
01/02/2022	17:30:12	187.73526	189.73023	187.41247	184.56559	184.33555	182.99654	181.90014	182.66213	184.02911	184.23803	184.25819	184.17888	181.47023	182.12660
01/02/2022	17:30:15	180.70281	182.65813	180.48204	177.49030	177.40425	176.07600	174.97122	175.50202	176.94124	177.32229	177.29522	177.45775	175.04520	175.70597
01/02/2022	17:30:19	174.28863	176.24714	174.20620	170.99731	171.07837	169.79370	168.65008	168.99264	170.45000	170.94667	170.85141	171.25942	169.01256	169.64183
01/02/2022	17:30:23	168.38819	170.30287	168.27173	164.82177	164.97149	163.70730	162.61032	162.83723	164.44600	165.22225	165.13137	165.65817	163.40749	164.06192
01/02/2022	17:30:26	163.02839	164.95426	162.96755	159.24272	159.43213	158.18861	157.20931	157.31834	159.04336	159.99609	160.00368	160.73688	158.46086	159.08913
01/02/2022	17:30:30	158.40865	160.45619	158.49077	154.47879	154.66505	153.27653	152.28779	152.24737	154.09781	155.29848	155.48173	156.49101	154.08748	154.71409
01/02/2022	17:30:34	154.36081	156.34594	154.30295	149.99123	150.07399	148.82748	148.02166	147.93625	149.84480	151.30344	151.56483	152.80727	150.16622	150.81713
01/02/2022	17:30:38	150.83168	152.59949	150.48008	145.81059	145.95706	144.71686	144.08068	144.26850	146.54205	148.27360	148.60483	149.76829	146.61008	147.52832
01/02/2022	17:30:41	147.65804	149.11553	146.71986	141.76726	142.01100	141.01557	140.70664	141.22879	143.78581	145.73126	146.00585	147.05676	143.48254	144.55327
01/02/2022	17:30:45	144.79959	145.97660	143.38792	138.20039	138.52394	137.68744	137.64429	138.43401	141.20971	143.31575	143.55331	144.50938	140.60509	141.79034
01/02/2022	17:30:49	142.20977	143.13252	140.38694	135.05216	135.45879	134.75918	134.91666	135.91861	138.83960	141.06673	141.28223	142.18270	138.02761	139.30953
01/02/2022	17:30:52	139.78646	140.52690	137.69251	132.23061	132.70624	132.08067	132.39376	133.56633	136.57067	138.89205	139.08655	139.95750	135.62148	136.96153
01/02/2022	17:30:56	137.59048	138.17788	135.29988	129.75897	130.30717	129.71187	130.14202	131.39871	134.18422	136.23079	136.14088	136.79455	132.26955	133.44288
01/02/2022	17:31:00	133.70379	134.30445	131.63811	126.49592	127.36934	126.81718	127.03034	127.68660	130.10104	131.93968	131.78928	132.77597	129.81456	130.86478
01/02/2022	17:31:04	130.79192	132.16316	130.30159	125.65317	126.84875	126.02363	126.05733	126.07508	128.02689	129.59301	129.32125	130.34737	128.30045	129.21427
01/02/2022	17:31:08	128.88911	130.61623	129.15895	124.78524	126.14027	125.15063	125.05260	124.69071	126.30601	127.70562	127.37540	128.47690	126.94225	127.76102
01/02/2022	17:31:11	127.31654	129.24445	128.03357	123.84855	125.26829	124.18829	124.01647	123.42505	124.82672	126.11629	125.73718	126.84656	125.67925	126.43724
01/02/2022	17:31:15	125.81783	127.86447	126.84165	122.83840	124.35630	123.28159	123.12228	122.41487	123.62741	124.79229	124.26912	125.25354	124.45431	125.19900
01/02/2022	17:31:19	124.29548	126.39325	125.54116	121.77060	123.45327	122.43478	122.28843	121.44551	122.44454	123.43639	122.76574	123.71726	123.40479	124.08867
01/02/2022	17:31:22	122.99354	125.31494	124.75729	121.21371	123.01135	121.90983	121.64885	120.50328	121.18362	121.96927	121.20995	122.22445	122.41348	122.95988
01/02/2022	17:31:26	121.68748	124.23803	123.95234	120.59366	122.42375	121.18877	120.75179	119.34494	119.83248	120.51565	119.76207	120.91431	121.40069	121.86899
01/02/2022	17:31:30	120.64870	123.35135	123.23010	119.94394	121.67252	120.24249	119.60996	118.07648	118.57715	119.45063	118.98733	120.44570	120.53738	120.97606
01/02/2022	17:31:34	120.48027	123.06656	122.77853	119.20676	120.56443	118.85001	118.03540	116.50467	117.19042	118.35542	118.22114	119.97560	119.73581	120.06792
01/02/2022	17:31:37	120.17811	122.76845	122.43503	118.71715	119.79220	117.76354	116.73357	115.05745	115.81274	117.19284	117.32955	119.35356	118.95826	119.17869
01/02/2022	17:31:41	119.72909	122.35440	122.03217	118.24028	119.11251	116.84590	115.63802	113.82386	114.59371	116.10805	116.43481	118.66631	118.21192	118.36007
01/02/2022	17:31:45	119.20590	121.86139	121.55140	117.70957	118.41560	115.97883	114.65954	112.77198	113.57893	115.20651	115.67887	118.04986	117.48004	117.59009
01/02/2022	17:31:49	118.68890	121.31922	120.97937	117.07985	117.63899	115.09548	113.71809	111.82458	112.69299	114.42970	115.01762	117.48013	116.77194	116.85431
01/02/2022	17:31:53	118.15462	120.74553	120.35537	116.37733	116.79978	114.19696	112.82670	111.02494	111.99653	113.83245	114.47974	116.90286	116.04180	116.19057
01/02/2022	17:31:56	117.49979	119.93015	119.44226	115.44419	115.84847	113.38182	112.16394	110.53341	111.61940	113.50918	114.14972	116.47369	115.39460	115.61863
01/02/2022	17:32:00	117.01375	119.27491	118.67102	114.60469	114.94424	112.53516	111.40450	109.92125	111.11389	113.08647	113.76044	116.06044	114.77139	115.03293
01/02/2022	17:32:04	116.53889	118.67893	117.98746	113.85211	114.12231	111.73396	110.64739	109.27964	110.56194	112.62508	113.37224	115.67857	114.16183	114.47183
01/02/2022	17:32:07	116.13754	118.12608	117.29581	113.04076	113.20900	110.86208	109.87067	108.70946	110.15211	112.33833	113.14440	115.41608	113.58040	113.95917
01/02/2022	17:32:11	115.77867	117.57908	116.59727	112.22897	112.34022	110.10315	109.25394	108.29279	109.78841	111.98092	112.72690	114.87395	113.01490	113.43450
01/02/2022	17:32:15	115.07422	116.81512	115.88189	111.62871	111.87117	109.70698	108.88531	107.93015	109.40127	111.55976	112.28424	114.41262	112.52269	112.97466
01/02/2022	17:32:19	114.66861	116.32434	115.31855	110.99124	111.15735	109.01631	108.24135	107.41165	108.97629	111.21633	111.99590	114.12049	112.02096	112.50275
01/02/2022	17:32:22	114.32523	115.86446	114.77047	110.38000	110.48922	108.36730	107.63037	106.89766	108.53502	110.83250	111.64928	113.77536	111.53059	112.03063
01/02/2022	17:32:26	113.94386	115.39258	114.23800	109.80744	109.87528	107.77192	107.06588	106.40384	108.08862	110.42129	111.26365	113.39316	111.04283	111.55457
01/02/2022	17:32:30	113.52914	114.90651	113.70937	109.25407	109.29294	107.20097	106.51953	105.91173	107.62866	109.98767	110.85141	112.97977	110.54995	111.07390
01/02/2022	17:32:34	113.10069	114.41806	113.18637	108.72095	108.73447	106.65624	105.99009	105.43201	107.17719	109.55365	110.43394	112.56316	110.07927	110.60783
01/02/2022	17:32:37	112.67121	113.94147	112.68899	108.22428	108.21812	106.15265	105.50104	104.97709	106.73910	109.12418	110.01021	112.13697	109.61737	110.15140
01/02/2022	17:32:41	112.23958	113.46902	112.19989	107.74483	107.72941	105.67489	105.03693	104.54019	106.31534	108.70801	109.60321	111.72936	109.18806	109.72696
01/02/2022	17:32:45	111.82353	113.01916	111.74217	107.30059	107.27427	105.22918	104.59937	104.12433	105.89912	108.29183	109.18896	111.31265	108.75991	109.29990
01/02/2022	17:32:49	111.40870	112.57536	111.29411	106.87324	106.83719	104.80383	104.18385	103.72694	105.50445	107.89872	108.79994	110.91962	108.36174	108.90156
01/02/2022	17:32:52	111.01216	112.15438	110.86728	106.46950	106.42426	104.40058	103.78924	103.34562	105.12239	107.51504	108.41624	110.53284	107.97149	108.51230
01/02/2022	17:32:56	110.62199	111.73979	110.45378	106.07883	106.02588	104.01238	103.40584	102.96501	104.75008	107.13884	108.03813	110.14983	107.59274	108.13319
01/02/2022	17:32:59	110.23774	111.33422	110.04766	105.69823	105.63616	103.63240	103.02946	102.66652	104.38315	106.76449	107.66208	109.77155	107.21817	107.75866
01/02/2022	17:33:03	109.86068	110.93578	109.65177	105.32841	105.25745	103.26541	102.66713	102.36316	104.02624	106.39873	107.29455	109.39911	106.85316	107.38979
01/02/2022	17:33:07	109.48943	110.54571	109.26499	104.97020	104.89168	102.90843	102.31616	101.89238	103.67570	106.04105	106.93336	109.03298	106.49626	107.03210
01/02/2022	17:33:10	109.12182	110.16124	108.88306	104.61781	104.53174	102.55912	101.97151	101.57452	103.33379	105.68774	106.57791	108.67246	106.14525	106.67993
01/02/2022	17:33:14	108.76495	109.78553	108.51320	104.27552	104.18199	102.22160	101.64089	101.16175	102.99889	105.34547	106.23063	108.31879	105.80266	106.33700
01/02/2022	17:33:17	108.40781	109.41201	108.14316	103.93655	103.83830	101.88757	101.31098	100.89203	102.66733	105.00443	105.88668	107.96715	105.46346	105.99541
01/02/2022	17:33:21	108.05775	109.04710	107.78337	103.60608	103.50342	101.56418	100.99183	100.58188	102.34686	104.67447	105.55047	107.62585	105.13466	105.66460
01/02/2022	17:33:25	107.71421	108.68690	107.42787	103.28071	103.16971	101.23705	100.66978	100.27136	102.01979	104.33282	105.20255	107.27067	104.79332	105.32015
01/02/2022	17:33:28	107.35716	108.31445	107.06059	102.94560	102.82910	100.90958	100.35087	99.96110	101.69669	103.99541	104.86292	106.92225	104.46126	104.98654
01/02/2022	17:33:32	107.00605	107.94996	106.70471	102.62130	102.50099	100.59423	100.03776	99.67489	101.37940	103.66924	104.53152	106.58358	104.13810	104.66168
01/02/2022	17:33:36	106.67118	107.60058	106.35980	102.31062	102.18356	100.28649	99.73278	99.38052	101.07343	103.34837	104.20711	106.25100	103.82068	104.33966
01/02/2022	17:33:40	106.33467	107.25059	106.01602	101.99871	101.86836	99.98334	99.43509	99.08981	100.77185	103.03629	103.89010	105.92546	103.51102	104.02787
01/02/2022	17:33:43	106.01418	106.91719	105.68872	101.70254	101.56830	99.69570	99.15100	98.81144	100.47960	102.73251	103.58190	105.60758	103.20906	103.72356
01/02/2022	17:33:47	105.69639	106.58751	105.36601	101.41270	101.27525	99.41113	98.87244	98.53822	100.19551	102.43507	103.27950	105.29790	102.91648	103.42907
01/02/2022	17:33:51	105.38435	106.26212	105.04603	101.12357	100.98111	99.13258	98.59828	98.26907	99.91597	102.14227	102.98401	104.99218	102.62764	103.13622
01/02/2022	17:33:55	105.07630	105.93988	104.73143	100.84124	100.69503	98.85754	98.33003	98.00205	99.63644	101.84737	102.68406	104.68229	102.33581	102.84514
01/02/2022	17:33:58	104.77131	105.62606	104.42483	100.56431	100.41577	98.58979	98.06459	97.74354	99.36502	101.56187	102.39567	104.38571	102.05491	102.56222
01/02/2022	17:34:02	104.47297	105.31337	104.11606	100.28884	100.13435	98.32372	97.80443	97.48804	99.09773	101.28064	102.11088	104.08987	101.77516	102.27763
01/02/2022	17:34:06	104.17102	105.00141	103.81104	100.01508	99.85789	98.05949	97.54548	97.23187	98.82827	100.99579	101.82053	103.79033	101.49343	101.99373
01/02/2022	17:34:10	103.87197	104.69200	103.50852	99.74599	99.58533	97.80080	97.29260	96.97949	98.56501	100.72172	101.54091	103.50040	101.22117	101.71816
01/02/2022	17:34:13	103.57619	104.38546	103.21040	99.48117	99.31808	97.54504	97.04014	96.73532	98.30404	100.44667	101.26311	103.21242	100.95041	101.44554
01/02/2022	17:34:17	103.29377	104.09184	102.92462	99.22543	99.05759	97.29854	96.80065	96.49781	98.05422	100.18084	100.99170	102.93051	100.68468	101.17666
01/02/2022	17:34:21	103.00611	103.79286	102.63034	98.96313	98.79558	97.04768	96.55443	96.25828	97.79935	99.90919	100.71486	102.64395	100.41815	100.90648
01/02/2022	17:34:25	102.71518	103.49026	102.33518	98.70187	98.53036	96.79407	96.30549	96.01213	97.53675	99.63244	100.43498	102.35193	100.14393	100.62834
01/02/2022	17:34:29	102.42061	103.18523	102.03712	98.43720	98.26401	96.53926	96.05610	95.76927	97.27803	99.35472	100.15410	102.06196	99.87496	100.35622
01/02/2022	17:34:33	102.13192	102.88710	101.74806	98.18204	98.00717	96.29963	95.82328	95.54093	97.03568	99.09761	99.89176	101.78841	99.62008	100.09834
01/02/2022	17:34:37	101.85869	102.60516	101.47193	97.93848	97.76056	96.06399	95.59215	95.31535	96.79632	98.84409	99.63497	101.51869	99.36722	99.84400
01/02/2022	17:34:40	101.59458	102.33207	101.20636	97.70201	97.52212	95.83871	95.37018	95.09950	96.56720	98.59957	99.38560	101.26122	99.12636	99.59951
01/02/2022	17:34:44	101.33083	102.05861	100.93975	97.46782	97.28686	95.61661	95.15218	94.88648	96.33847	98.35620	99.13873	101.00056	98.88240	99.35338
01/02/2022	17:34:48	101.06869	101.78889	100.67790	97.23774	97.05500	95.39743	94.93894	94.67880	96.11588	98.11889	98.89708	100.75002	98.64893	99.11541
01/02/2022	17:34:52	100.82068	101.53274	100.42955	97.01965	96.83555	95.19309	94.73661	94.48096	95.90301	97.89171	98.66476	100.50844	98.42646	98.88870
01/02/2022	17:34:55	100.57240	101.27669	100.18090	96.80163	96.61732	94.98762	94.53720	94.28375	95.69199	97.66573	98.43494	100.26864	98.20275	98.66225
01/02/2022	17:34:59	100.33559	101.03258	99.94356	96.59376	96.40807	94.79144	94.34401	94.09406	95.48895	97.44874	98.21321	100.03646	97.98671	98.44323
01/02/2022	17:35:03	100.10196	100.79129	99.70800	96.38765	96.20197	94.59649	94.15230	93.90709	95.28815	97.23364	97.99355	99.80611	97.77480	98.22709
01/02/2022	17:35:06	99.86910	100.54960	99.47482	96.18309	95.99718	94.40092	93.96087	93.71846	95.08648	97.01268	97.76745	99.57014	97.55501	98.00297
01/02/2022	17:35:10	99.62585	100.29871	99.23090	95.96943	95.78252	94.20058	93.76445	93.52614	94.87884	96.79018	97.54090	99.33061	97.33327	97.77931
01/02/2022	17:35:14	99.38676	100.05230	98.99015	95.76000	95.57355	94.00222	93.56935	93.33568	94.67595	96.57243	97.31679	99.09586	97.11439	97.55542
01/02/2022	17:35:18	99.15086	99.80958	98.75641	95.55452	95.36961	93.81225	93.38494	93.15279	94.47819	96.35837	97.09891	98.86706	96.90353	97.34242
01/02/2022	17:35:21	98.91844	99.57154	98.52590	95.35279	95.16796	93.62277	93.19839	92.96835	94.28106	96.14749	96.88223	98.63875	96.69322	97.12759
01/02/2022	17:35:25	98.68948	99.33287	98.29428	95.15113	94.96611	93.43392	93.01393	92.78784	94.08695	95.93686	96.66622	98.41018	96.48216	96.91233
01/02/2022	17:35:29	98.46053	99.09631	98.06647	94.95314	94.76777	93.24869	92.83387	92.61039	93.89411	95.72777	96.45342	98.18847	96.27769	96.70598
01/02/2022	17:35:33	98.24153	98.87265	97.84715	94.76174	94.57611	93.07106	92.65792	92.43769	93.70926	95.52798	96.24897	97.97040	96.07422	96.49732
01/02/2022	17:35:37	98.01405	98.63874	97.62275	94.56643	94.38188	92.89176	92.48280	92.26445	93.52465	95.32821	96.04251	97.75255	95.87595	96.29650
01/02/2022	17:35:40	97.79763	98.41529	97.40683	94.37817	94.19442	92.71550	92.31127	92.09689	93.34224	95.13039	95.83946	97.53880	95.67869	96.09435
01/02/2022	17:35:44	97.58246	98.19353	97.19077	94.19231	94.00994	92.54437	92.14172	91.93091	93.16261	94.93597	95.63984	97.32755	95.48561	95.89756
01/02/2022	17:35:48	97.36976	97.97401	96.98113	94.00999	93.82818	92.37513	91.97597	91.76870	92.98767	94.74625	95.44589	97.11902	95.29365	95.70209
01/02/2022	17:35:52	97.16114	97.76013	96.77369	93.82974	93.64923	92.21002	91.81296	91.60861	92.81516	94.55899	95.25352	96.91681	95.10789	95.51273
01/02/2022	17:35:55	96.95837	97.55166	96.57222	93.65639	93.47724	92.04904	91.65549	91.45401	92.64944	94.37862	95.06762	96.72002	94.92751	95.32886
01/02/2022	17:35:59	96.76063	97.34795	96.37479	93.48413	93.30619	91.89078	91.49822	91.29719	92.48187	94.19591	94.87993	96.52100	94.74489	95.14126
01/02/2022	17:36:03	96.55677	97.13836	96.17346	93.31062	93.13358	91.73010	91.34104	91.14295	92.31459	94.01417	94.69335	96.32259	94.56212	94.95471
01/02/2022	17:36:07	96.35746	96.93262	95.97410	93.13886	92.96375	91.57359	91.18703	90.98936	92.15139	93.83701	94.51277	96.13122	94.38650	94.77632
01/02/2022	17:36:10	96.16790	96.73827	95.78557	92.97447	92.80063	91.42322	91.04033	90.84178	91.99401	93.66570	94.33509	95.94198	94.21261	94.59817
01/02/2022	17:36:14	95.97544	96.53934	95.59461	92.81099	92.63745	91.27203	90.89294	90.69643	91.83656	93.49310	94.15777	95.75346	94.04003	94.42179
01/02/2022	17:36:18	95.78714	96.34608	95.40765	92.65017	92.47827	91.12507	90.74775	90.55764	91.68180	93.32515	93.98589	95.57055	93.86880	94.24733
01/02/2022	17:36:22	95.59939	96.15219	95.22154	92.48951	92.32045	90.97869	90.60472	90.42106	91.52984	93.15831	93.81398	95.38814	93.70133	94.07724
01/02/2022	17:36:26	95.41953	95.96727	95.04393	92.33639	92.16874	90.83776	90.46626	90.28501	91.38215	92.99732	93.64841	95.21168	93.53854	93.90992
01/02/2022	17:36:29	95.23561	95.77859	94.86100	92.17872	92.01313	90.69318	90.32483	90.14821	91.23048	92.83103	93.47710	95.02817	93.37103	93.73815
01/02/2022	17:36:33	95.05567	95.59228	94.68184	92.02527	91.86013	90.55271	90.18759	90.01409	91.08498	92.67222	93.31328	94.85178	93.20943	93.57369
01/02/2022	17:36:37	94.87758	95.41075	94.50666	91.87351	91.71023	90.41321	90.05094	89.87843	90.93886	92.51178	93.14835	94.67567	93.04748	93.40725
01/02/2022	17:36:41	94.69736	95.22466	94.32747	91.72004	91.55866	90.27307	89.91392	89.74375	90.79204	92.35292	92.98590	94.50188	92.88893	93.24551
01/02/2022	17:36:45	94.52413	95.04625	94.15649	91.57422	91.41388	90.13926	89.78406	89.61931	90.65476	92.20282	92.83095	94.33636	92.73572	93.08898
01/02/2022	17:36:48	94.35899	94.87604	93.99149	91.43251	91.27393	90.01051	89.65752	89.49787	90.51995	92.05386	92.67861	94.17300	92.58679	92.93658
01/02/2022	17:36:52	94.19172	94.70477	93.82709	91.29191	91.13539	89.88141	89.53161	89.37588	90.38416	91.90541	92.52472	94.00723	92.43462	92.78099
01/02/2022	17:36:56	94.02721	94.53522	93.66527	91.15293	90.99802	89.75453	89.40775	89.25435	90.25235	91.75986	92.37552	93.84768	92.28960	92.63208
01/02/2022	17:37:00	93.86779	94.37155	93.50700	91.01807	90.86349	89.63204	89.28782	89.13710	90.12368	91.61948	92.23016	93.69211	92.14623	92.48531
01/02/2022	17:37:03	93.70918	94.20817	93.35037	90.88339	90.73124	89.51046	89.16826	89.01969	89.99645	91.47903	92.08503	93.53565	92.00303	92.33763
01/02/2022	17:37:07	93.55080	94.04463	93.19298	90.74877	90.59839	89.38721	89.04852	88.90257	89.86841	91.33883	91.93989	93.38018	91.86007	92.19208
01/02/2022	17:37:11	93.39464	93.88425	93.03881	90.61769	90.47100	89.26842	88.93404	88.78590	89.74404	91.20176	91.79910	93.22920	91.72166	92.05095
01/02/2022	17:37:15	93.24318	93.72827	92.88706	90.48874	90.34283	89.15035	88.81814	88.67289	89.62187	91.06761	91.66127	93.07996	91.58388	91.90953
01/02/2022	17:37:18	93.08946	93.56992	92.73618	90.35930	90.21526	89.03378	88.70422	88.56218	89.49866	90.93215	91.52086	92.92986	91.44602	91.76829
01/02/2022	17:37:22	92.93827	93.41562	92.58765	90.23199	90.09074	88.91780	88.59163	88.44975	89.37872	90.80020	91.38406	92.78201	91.31061	91.63012
01/02/2022	17:37:26	92.78974	93.26270	92.44094	90.10709	89.96780	88.80505	88.48143	88.34178	89.26025	90.67029	91.24994	92.63706	91.17742	91.49269
01/02/2022	17:37:30	92.64295	93.11163	92.29500	89.98339	89.84582	88.69341	88.37382	88.23473	89.14383	90.54140	91.11750	92.49484	91.04736	91.35991
01/02/2022	17:37:33	92.50263	92.96731	92.15855	89.86636	89.73077	88.58744	88.26953	88.13436	89.03223	90.41792	90.98965	92.35760	90.92077	91.22972
01/02/2022	17:37:37	92.36520	92.82622	92.02227	89.75130	89.61828	88.48359	88.16910	88.03494	88.92543	90.30041	90.86858	92.22693	90.80170	91.10762
01/02/2022	17:37:41	92.23392	92.69009	91.89201	89.64006	89.50857	88.38429	88.07114	87.93981	88.81970	90.18473	90.74864	92.09817	90.68218	90.98603
01/02/2022	17:37:44	92.10184	92.55493	91.76137	89.52922	89.39941	88.28333	87.97332	87.84424	88.71547	90.06830	90.62648	91.96836	90.56329	90.86350
01/02/2022	17:37:48	91.97145	92.42027	91.63311	89.42028	89.29219	88.18511	87.87775	87.74991	88.61158	89.95391	90.50756	91.84028	90.44655	90.74337
01/02/2022	17:37:52	91.84222	92.28762	91.50609	89.31197	89.18672	88.08841	87.78304	87.65621	88.50990	89.84204	90.39194	91.71496	90.33118	90.62539
01/02/2022	17:37:55	91.71615	92.15788	91.38162	89.20683	89.08337	87.99332	87.68971	87.56606	88.41068	89.73194	90.27838	91.59258	90.21899	90.51004
01/02/2022	17:37:59	91.59220	92.03022	91.25839	89.10285	88.98066	87.89960	87.59782	87.47528	88.31090	89.62231	90.16370	91.46869	90.10487	90.39311
01/02/2022	17:38:02	91.46684	91.90042	91.13363	88.99551	88.87570	87.80290	87.50288	87.38353	88.20839	89.50823	90.04521	91.34024	89.98667	90.27213
01/02/2022	17:38:06	91.33552	91.76488	91.00280	88.88507	88.76703	87.70418	87.40818	87.29077	88.10634	89.39593	89.92911	91.21421	89.87129	90.15314
01/02/2022	17:38:10	91.21025	91.63609	90.88024	88.78069	88.66415	87.60941	87.31502	87.19953	88.00617	89.28512	89.81445	91.09040	89.75688	90.03618
01/02/2022	17:38:14	91.08262	91.50449	90.75495	88.67506	88.56061	87.51528	87.22319	87.10810	87.90767	89.17558	89.70087	90.96709	89.64503	89.92115
01/02/2022	17:38:18	90.96162	91.37990	90.63636	88.57452	88.46234	87.42558	87.13605	87.02521	87.81441	89.07217	89.59342	90.85017	89.53648	89.80958
01/02/2022	17:38:22	90.84172	91.25623	90.51775	88.47396	88.36431	87.33475	87.04756	86.93618	87.71887	88.96735	89.48540	90.73293	89.42952	89.70030
01/02/2022	17:38:25	90.72323	91.13523	90.40150	88.37656	88.26822	87.24797	86.96301	86.85306	87.62838	88.86681	89.38071	90.62062	89.32767	89.59544
01/02/2022	17:38:29	90.61116	91.01956	90.29153	88.28271	88.17730	87.16466	86.88210	86.77184	87.54192	88.77092	89.28159	90.51210	89.22794	89.49299
01/02/2022	17:38:33	90.50409	90.90706	90.17970	88.18725	88.09215	87.10305	86.83567	86.72529	87.46684	88.65319	89.11670	90.30932	89.13269	89.38321
01/02/2022	17:38:36	90.25113	90.64856	89.96155	88.06211	88.27716	87.23996	86.93726	86.78197	87.49623	88.58891	88.95566	90.09984	89.09438	89.32395
01/02/2022	17:38:40	90.02468	90.52976	89.87097	88.07482	88.29373	87.31840	86.98760	86.80392	87.41403	88.40422	88.79909	89.85869	88.93889	89.15037
01/02/2022	17:38:44	89.74296	90.29907	89.69536	87.95793	88.10638	87.20512	87.04958	86.84305	87.28169	88.29754	88.66673	89.74059	88.80132	89.02079
01/02/2022	17:38:47	89.69320	90.18236	89.55500	87.82367	87.91733	87.01163	86.81494	86.63996	87.14171	88.17781	88.57567	89.65994	88.66407	88.88068
01/02/2022	17:38:51	89.61205	90.06566	89.42657	87.69287	87.73717	86.83100	86.60413	86.45613	87.00470	88.05743	88.47213	89.56561	88.52740	88.74089
01/02/2022	17:38:54	89.51877	89.94935	89.30259	87.56375	87.57355	86.66558	86.41989	86.28865	86.86982	87.93648	88.36282	89.46439	88.39068	88.60535
01/02/2022	17:38:58	89.42525	89.83944	89.18924	87.44259	87.42600	86.51352	86.25480	86.14179	86.75070	87.83142	88.26631	89.37274	88.26913	88.48993
01/02/2022	17:39:02	89.33954	89.74304	89.09276	87.33784	87.30392	86.38677	86.12024	86.02055	86.65191	87.74220	88.18523	89.29269	88.17015	88.39653
01/02/2022	17:39:05	89.26867	89.66268	89.01283	87.25447	87.21034	86.28980	86.01918	85.92829	86.57536	87.66974	88.11741	89.22247	88.08809	88.31799
01/02/2022	17:39:09	89.20201	89.58909	88.94036	87.18168	87.13097	86.21013	85.93891	85.85284	86.50919	87.60391	88.05318	89.15315	88.01265	88.24371
01/02/2022	17:39:13	89.13192	89.51224	88.86455	87.11048	87.05580	86.13666	85.86512	85.78354	86.44381	87.53552	87.98370	89.07651	87.93435	88.16694
01/02/2022	17:39:16	89.05760	89.43164	88.78614	87.03884	86.98202	86.06675	85.79576	85.71856	86.37855	87.46626	87.91440	89.00023	87.85845	88.09098
01/02/2022	17:39:20	88.98185	89.35128	88.70887	86.96975	86.91130	86.00115	85.73140	85.65822	86.31599	87.39789	87.84360	88.92053	87.78350	88.01516
01/02/2022	17:39:24	88.90289	89.26716	88.62710	86.89869	86.83937	85.93398	85.66702	85.59638	86.25074	87.32653	87.76931	88.83951	87.70551	87.93626
01/02/2022	17:39:28	88.81902	89.18014	88.54269	86.82528	86.76534	85.86607	85.59977	85.53274	86.18253	87.24037	87.65741	88.69018	87.61816	87.83714
01/02/2022	17:39:31	88.61442	88.98062	88.38186	86.76350	86.80934	85.92611	85.67894	85.64179	86.30485	87.22039	87.39765	88.39769	87.56262	87.74833
01/02/2022	17:39:35	88.38135	88.83617	88.33757	86.79237	86.87241	86.01514	85.77441	85.60604	86.18346	87.04329	87.21903	88.20446	87.47054	87.62732
01/02/2022	17:39:38	88.20086	88.68905	88.23376	86.74091	86.82291	85.95587	85.68447	85.44818	85.90847	86.75543	86.92340	87.81338	86.87863	87.02571
01/02/2022	17:39:42	87.61030	88.07082	87.60044	86.20255	86.40918	85.63709	85.23476	85.03381	85.49615	86.44269	86.68511	87.63369	86.75577	87.01319
01/02/2022	17:39:46	87.56268	88.01019	87.53331	86.12429	86.26727	85.50137	85.11634	84.94501	85.45043	86.40128	86.68179	87.63764	86.75990	86.99691
01/02/2022	17:39:49	87.59142	88.01127	87.50897	86.08213	86.16481	85.37123	85.02962	84.88398	85.40995	86.35715	86.66313	87.61902	86.72659	86.95103
01/02/2022	17:39:53	87.58302	87.98005	87.46056	86.01618	86.06141	85.25952	84.94643	84.81215	85.35319	86.29927	86.62486	87.57881	86.66753	86.88589
01/02/2022	17:39:56	87.54808	87.92854	87.40573	85.95939	85.99773	85.19038	84.90534	84.75441	85.26914	86.15273	86.40664	87.30374	86.50843	86.66736
01/02/2022	17:40:00	87.18932	87.59114	87.14326	85.78672	85.91962	85.16515	84.88214	84.63547	85.00296	85.74491	85.94687	86.78856	86.12402	86.27886
01/02/2022	17:40:04	86.71734	87.19114	86.82442	85.58482	85.73519	84.99563	84.71313	84.46024	84.81552	85.57855	85.82362	86.71097	86.05043	86.21184
01/02/2022	17:40:07	86.72575	87.17849	86.77161	85.48784	85.59151	84.83752	84.56088	84.34181	84.73665	85.54141	85.82978	86.73359	86.01664	86.17527
01/02/2022	17:40:11	86.74762	87.17251	86.73234	85.41996	85.48003	84.71128	84.43895	84.24534	84.66896	85.49823	85.81294	86.72165	85.95854	86.11414
01/02/2022	17:40:14	86.73681	87.14344	86.67850	85.35019	85.37910	84.60310	84.33355	84.15724	84.59634	85.44041	85.77656	86.69007	85.89056	86.04423
01/02/2022	17:40:18	86.71117	87.10378	86.62188	85.27789	85.28109	84.50278	84.23323	84.06916	84.52065	85.37686	85.73319	86.65044	85.82297	85.97410
01/02/2022	17:40:22	86.68176	87.06471	86.57362	85.21443	85.19880	84.41835	84.14904	83.99467	84.45615	85.32214	85.69476	86.61301	85.76677	85.91674
