5/8/2025	12:33:19 PM	77.00411	77.09426	77.07751	77.05634	77.07769	77.01827	77.06287	77.06995	77.15966	77.07396	77.13886	77.06975	76.54520	77.03775
5/8/2025	12:33:23 PM	77.00382	77.09401	77.07683	77.05624	77.07738	77.01790	77.06344	77.07024	77.15954	77.07428	77.13941	77.07034	76.54427	77.03790
5/8/2025	12:33:26 PM	77.00436	77.09482	77.07736	77.05656	77.07773	77.01808	77.06424	77.07125	77.16073	77.07560	77.14051	77.07040	76.54460	77.03861
5/8/2025	12:33:30 PM	77.00490	77.09444	77.07663	77.05829	77.07634	77.01778	77.06160	77.06872	77.15836	77.07100	77.13530	77.06840	76.53966	77.03306
5/8/2025	12:33:33 PM	77.00209	77.09386	77.07534	77.05448	77.07949	77.01690	77.06225	77.07423	77.12469	77.06647	77.15328	77.08879	76.50556	77.04022
5/8/2025	12:33:37 PM	77.05772	77.10590	77.10163	77.10117	77.15234	77.09883	77.15773	77.19166	77.29770	77.22954	77.31093	77.19012	76.64278	77.21959
5/8/2025	12:33:40 PM	77.12211	77.22163	77.24121	77.24787	77.23072	77.21879	77.34743	77.39085	77.53811	77.42635	77.41145	77.25380	76.70169	77.26190
5/8/2025	12:33:44 PM	77.13721	77.20545	77.17044	77.13683	77.15658	77.16367	77.24978	77.29127	77.36005	77.25281	77.30122	77.21221	76.68576	77.18268
5/8/2025	12:33:48 PM	77.12643	77.19761	77.20612	77.18154	77.21825	77.16766	77.23455	77.26781	77.41029	77.54554	77.41752	77.24162	76.69068	77.28549
5/8/2025	12:33:51 PM	77.14910	77.22607	77.23910	77.22355	77.24686	77.19631	77.24671	77.29438	77.51652	77.98046	77.98768	77.36208	76.76892	77.32798
5/8/2025	12:33:55 PM	77.23584	77.29443	77.29328	77.27975	77.30580	77.23318	77.29270	77.53675	79.02137	80.21221	82.24051	77.81116	76.90344	77.54286
5/8/2025	12:33:58 PM	77.30162	77.47955	77.42427	77.46828	77.43697	77.32805	77.39045	79.13641	84.72868	84.94209	86.55707	80.14752	76.99408	77.57981
5/8/2025	12:34:02 PM	77.43355	77.76089	77.85114	77.95939	77.62424	77.39975	77.50113	84.03930	88.77645	89.22582	89.79077	85.23960	77.07610	77.87773
5/8/2025	12:34:05 PM	77.57104	78.13104	80.48450	80.06971	78.58380	77.29456	77.69994	87.63193	92.20646	93.81877	93.70474	89.97582	77.22477	79.55234
5/8/2025	12:34:09 PM	77.88744	78.87313	83.12491	83.23580	77.41739	77.44551	78.38583	90.81006	95.69388	97.63521	97.35617	93.97672	77.54889	85.39544
5/8/2025	12:34:13 PM	78.71031	80.00610	85.45997	85.57005	77.36778	77.49952	83.66857	93.58228	98.99334	101.29645	100.77998	97.50682	78.28313	89.91957
5/8/2025	12:34:16 PM	85.42938	83.36034	87.60116	87.19695	77.87323	77.69015	85.96937	94.32620	99.07351	100.26946	99.37567	96.26824	77.18600	89.04040
5/8/2025	12:34:20 PM	77.59089	77.23767	82.18204	84.16923	78.52838	77.48170	77.32048	86.93140	94.05847	94.04102	93.92604	79.88809	77.19265	82.88672
5/8/2025	12:34:23 PM	77.60249	77.33121	77.86592	82.87913	77.89705	77.57047	77.40608	81.24244	92.94065	92.36233	91.59234	79.99554	77.37816	77.78828
5/8/2025	12:34:27 PM	77.67575	77.47492	78.21095	84.97500	77.87955	77.70380	77.45283	80.64766	93.53959	92.29056	91.20916	82.75406	77.53231	77.92057
5/8/2025	12:34:31 PM	77.78123	77.68921	80.77106	87.95782	78.14020	77.88339	77.69809	82.92689	94.92604	93.67517	91.98588	86.40328	78.00457	80.63518
5/8/2025	12:34:34 PM	78.14754	77.82625	85.96086	90.25476	82.95267	78.22948	77.80945	86.99347	96.51737	95.50258	93.36398	90.40801	79.59129	86.55273
5/8/2025	12:34:38 PM	84.38415	78.38905	90.55908	93.20049	91.45938	82.12472	78.12137	91.67885	97.82319	97.78447	95.50284	93.50128	83.74874	91.09817
5/8/2025	12:34:41 PM	89.19949	82.72865	94.31234	95.26206	96.11132	89.08877	80.86912	94.40556	99.95275	100.33530	98.13607	96.24928	88.08945	93.61923
5/8/2025	12:34:45 PM	92.84695	86.64972	96.52437	97.93510	99.83531	94.54882	88.56377	97.96941	102.50612	102.68486	100.48839	99.00981	91.52135	96.49329
5/8/2025	12:34:48 PM	96.11638	92.74583	99.22245	101.66165	103.86960	97.68192	95.04502	100.32944	104.86467	106.19744	102.91534	102.47730	95.97442	98.97567
5/8/2025	12:34:52 PM	99.08461	97.36919	101.87352	105.47817	108.03089	101.78744	99.17119	103.04786	107.45208	109.11726	105.02713	105.72366	98.77971	101.78250
5/8/2025	12:34:56 PM	102.63932	101.07868	104.00069	108.29093	111.82179	104.54072	102.62604	105.69610	110.32712	112.55001	108.25950	108.79719	101.82353	105.59876
5/8/2025	12:34:59 PM	105.84329	105.43715	107.59100	111.98348	113.49718	107.85557	105.65905	108.68473	112.71784	115.15116	112.14538	111.93583	105.18453	109.03172
5/8/2025	12:35:03 PM	108.76548	108.49230	109.31523	114.27043	118.26316	111.37087	108.59475	111.74139	115.96701	117.73743	114.64957	115.72487	109.14598	112.66934
5/8/2025	12:35:06 PM	112.58334	111.73162	112.02028	116.87458	121.78262	114.66034	111.50413	114.49691	118.26847	120.46575	117.84296	118.85477	112.50240	115.76520
5/8/2025	12:35:10 PM	116.22654	114.81531	115.06213	120.23016	123.23837	117.03910	114.23589	117.06229	120.32099	122.73694	121.11036	122.55028	116.80970	118.47150
5/8/2025	12:35:13 PM	119.26285	118.75362	118.46607	122.12161	124.30689	119.40490	116.77209	119.46738	122.19234	124.86959	124.38563	125.92246	119.21303	121.20414
5/8/2025	12:35:17 PM	122.66287	121.41073	120.06433	124.11449	125.51789	121.45210	118.91407	121.59253	124.26688	127.26534	127.74567	129.81827	121.60209	123.79608
5/8/2025	12:35:21 PM	126.41814	123.81617	121.74547	126.15602	127.47730	123.57061	121.10584	124.03157	126.06419	129.65674	130.39325	133.35580	123.96783	126.26571
5/8/2025	12:35:24 PM	130.52707	126.78083	124.09872	127.86459	129.40982	125.64536	123.21548	126.38969	128.40076	132.21097	132.63532	136.02210	126.32354	128.46046
5/8/2025	12:35:28 PM	134.10115	129.28945	125.91487	129.15997	131.24333	127.61940	125.43578	128.32373	130.33017	134.35134	134.78745	139.98583	128.72034	130.90713
5/8/2025	12:35:31 PM	137.11349	131.84966	127.73495	130.76299	133.25870	129.77957	127.38209	130.55887	132.64381	136.48565	137.28358	142.76374	131.28212	133.58836
5/8/2025	12:35:35 PM	140.05634	134.17798	129.61894	132.97037	135.74738	131.90962	129.51022	132.39496	134.61990	138.19892	139.54720	146.02382	133.37029	135.57523
5/8/2025	12:35:39 PM	143.56363	137.10860	133.14331	135.42549	138.25411	134.18556	131.70476	134.41033	136.72604	139.86051	141.14238	148.90038	135.76138	137.48879
5/8/2025	12:35:42 PM	145.79960	139.45185	134.39121	137.04075	139.46508	135.93405	133.43727	136.34772	138.24782	141.54843	143.28928	151.81527	137.76803	139.11157
5/8/2025	12:35:46 PM	148.47951	142.15012	136.49762	139.06786	140.47645	137.86878	135.20099	138.14591	141.71733	143.63639	144.49882	152.54781	139.11398	139.83395
5/8/2025	12:35:49 PM	149.96015	144.91243	139.34684	140.10101	141.49202	139.70647	138.01096	140.16802	144.37223	145.82120	146.46121	154.37140	139.92180	139.68433
5/8/2025	12:35:53 PM	151.64076	147.51934	141.82853	141.01231	142.80568	141.38031	140.01472	141.96211	145.41205	147.28132	147.61176	155.60158	141.24791	140.91978
5/8/2025	12:35:57 PM	152.46073	149.84692	144.64774	142.86807	144.37954	142.98956	142.24779	144.59724	149.23555	150.44451	149.93955	156.04778	143.29783	145.08757
5/8/2025	12:36:00 PM	152.23218	150.87003	146.54281	145.13900	145.72609	145.37948	146.78049	151.07960	155.83586	154.50870	152.39162	156.41172	146.21031	147.20956
5/8/2025	12:36:04 PM	152.58767	152.33132	148.05948	146.32887	147.18986	146.71503	148.02955	151.08883	155.52219	154.07250	152.25757	157.04594	146.62337	146.97771
5/8/2025	12:36:07 PM	153.85055	153.38334	148.88393	147.77787	148.83036	148.49517	149.06070	151.58369	156.04140	154.87928	153.67485	158.43684	147.56058	147.80356
5/8/2025	12:36:11 PM	154.95131	154.41243	150.35374	149.66684	150.44015	149.92520	150.20962	152.30550	156.60017	155.04450	153.93855	159.57857	148.48583	147.86698
5/8/2025	12:36:14 PM	156.30685	155.20891	151.28008	150.99057	152.22407	151.51977	151.19361	153.00374	157.27484	155.84698	154.94083	160.38670	149.39565	148.77634
5/8/2025	12:36:18 PM	157.40118	155.69304	152.45894	152.46241	154.54829	152.92965	153.00740	154.20010	159.17001	158.08458	157.28546	161.80584	151.94880	152.82405
5/8/2025	12:36:21 PM	159.22048	157.48039	154.80866	154.78522	157.17155	155.76608	158.07097	162.81195	168.95814	166.21500	163.58526	164.95893	154.73447	156.19768
5/8/2025	12:36:25 PM	160.12092	159.43019	156.75105	156.67347	158.16264	156.90308	158.73135	163.13149	169.89090	166.95082	165.33388	167.82659	156.76861	157.96131
5/8/2025	12:36:28 PM	164.34145	163.27798	160.58348	160.00752	162.33096	160.75554	162.43912	166.81912	174.25259	171.42692	171.05423	175.63861	160.92268	161.81638
5/8/2025	12:36:32 PM	172.22929	172.51438	167.76778	166.50935	169.16362	166.05418	166.78826	169.68165	177.11974	175.18047	175.56547	179.45476	162.78341	162.13879
5/8/2025	12:36:35 PM	173.22878	174.31548	169.37889	168.05902	171.55284	168.08621	167.79649	170.28883	177.00802	174.96345	174.77936	179.48135	163.71437	162.56503
5/8/2025	12:36:39 PM	174.30829	176.72676	172.25996	169.77599	173.40468	168.42267	167.73837	169.63130	176.18210	174.20308	173.61134	178.59539	163.54271	161.86611
5/8/2025	12:36:43 PM	173.51680	175.72368	171.29972	170.17802	173.43739	168.80694	168.41272	170.75579	178.06132	177.37063	178.81998	186.06125	167.52237	166.74911
5/8/2025	12:36:46 PM	179.54149	181.56597	177.59283	175.61109	177.75496	173.31749	173.79672	176.11047	183.53160	183.07097	185.73244	191.24036	170.41234	169.70093
5/8/2025	12:36:50 PM	183.03091	185.31183	180.92926	177.48733	178.69610	174.21876	174.14337	176.81714	184.28206	185.30488	187.53645	192.77814	171.68993	170.61031
5/8/2025	12:36:53 PM	184.92829	186.51924	182.61256	178.52969	179.38519	175.48536	176.21926	179.42087	187.27937	188.90652	190.94860	194.23726	174.52939	176.19315
5/8/2025	12:36:57 PM	187.04983	187.17600	184.13115	179.03361	179.61995	177.06287	179.18778	183.90283	193.06562	195.60029	197.80206	197.69866	178.76400	182.63288
5/8/2025	12:37:00 PM	190.10412	188.59616	186.48247	180.62432	180.60491	178.71363	181.83860	187.87998	198.01517	201.41586	203.68072	200.96731	182.65872	187.85402
5/8/2025	12:37:04 PM	192.92801	190.11855	187.97709	182.31499	182.50168	180.56893	184.34597	191.34489	201.85035	206.40419	208.62168	203.94309	186.15033	192.52779
5/8/2025	12:37:07 PM	195.64944	191.74452	189.01900	184.18033	184.00503	182.62039	186.80001	194.51111	205.27756	210.96787	213.06752	206.79729	189.39714	196.59439
5/8/2025	12:37:11 PM	198.16382	193.36254	190.22474	186.31908	185.52139	184.51351	188.95543	197.37600	208.48935	214.98668	216.87361	209.37283	192.30134	200.02880
5/8/2025	12:37:15 PM	200.54309	194.95318	191.35929	188.15389	186.79944	186.30113	190.98066	199.95244	211.27371	218.53067	220.16069	211.79272	194.81590	202.92655
5/8/2025	12:37:18 PM	202.74753	196.51353	192.99036	189.10215	187.88763	188.01730	192.87769	202.53499	214.29731	221.78744	223.16903	213.97572	197.19726	205.55629
5/8/2025	12:37:22 PM	204.70920	197.99048	194.55432	190.19299	189.47030	189.50368	194.59689	204.87127	216.96058	224.71456	226.00295	216.07287	199.40317	207.86325
5/8/2025	12:37:25 PM	206.67885	199.47043	196.11192	191.10513	190.66181	190.90043	196.30859	206.97460	219.38954	227.40795	228.60417	218.03962	201.45613	210.01093
5/8/2025	12:37:29 PM	208.50894	200.97844	197.33989	192.17098	192.50446	192.40986	197.95849	209.06611	221.66375	229.88436	230.64298	219.92842	203.45481	212.03641
5/8/2025	12:37:32 PM	210.35087	202.52599	198.31886	193.08728	194.17747	193.84316	199.52607	211.01115	223.82927	232.16287	232.67372	221.78925	205.32956	213.89021
5/8/2025	12:37:36 PM	212.08877	203.97319	199.65023	193.96446	195.36667	195.21946	201.08092	212.78425	225.71242	234.24675	234.49463	223.55323	207.06451	215.71630
5/8/2025	12:37:39 PM	213.75236	205.36237	200.85981	195.04347	196.72317	196.51259	202.56775	214.54324	227.56311	236.35171	236.34304	225.21656	208.76538	217.40785
5/8/2025	12:37:43 PM	215.27746	206.67601	201.92630	196.00558	197.76607	197.70823	203.95478	216.12558	229.31201	238.14977	237.94605	226.79555	210.29736	218.93186
5/8/2025	12:37:47 PM	216.73667	207.98223	203.17400	197.05032	199.07598	198.96099	205.25632	217.71169	230.98845	239.84893	239.53550	228.29564	211.81001	220.42644
5/8/2025	12:37:50 PM	218.15553	209.24529	204.39716	197.77899	199.95263	200.17266	206.59647	219.17542	232.49687	241.43388	240.98956	229.75860	213.27943	221.84631
5/8/2025	12:37:54 PM	219.51858	210.43376	205.75632	198.65494	201.48958	201.32949	207.82723	220.65544	234.10432	242.98939	242.45264	231.20402	214.58451	223.11903
5/8/2025	12:37:57 PM	220.83063	211.55425	206.96545	199.72038	202.76793	202.36961	209.01131	222.04771	235.51832	244.51106	243.95338	232.63497	215.89233	224.46568
5/8/2025	12:38:01 PM	222.13015	212.66787	208.18495	201.03424	203.93416	203.52982	210.21785	223.31308	236.75896	245.90159	245.34001	233.98679	217.09539	225.72224
5/8/2025	12:38:04 PM	223.32393	213.74568	209.00853	202.21512	205.44781	204.66515	211.19756	224.55116	238.05242	247.26452	246.51620	235.25489	218.19845	226.87808
5/8/2025	12:38:08 PM	224.47141	214.81126	209.91542	203.17765	206.47273	205.61839	212.30261	225.79113	239.31816	248.52680	247.63863	236.45925	219.33276	228.03898
5/8/2025	12:38:11 PM	225.66661	215.87368	210.82798	204.21117	207.63897	206.69852	213.31804	226.99463	240.63435	249.77971	248.75350	237.69667	220.36300	229.09771
5/8/2025	12:38:15 PM	226.79501	216.88795	211.77386	205.12220	208.50210	207.70685	214.37475	228.17713	241.89875	250.88386	249.74537	238.87593	221.47905	230.21119
5/8/2025	12:38:18 PM	227.95108	217.95197	212.49556	206.10215	209.55387	208.56387	215.38545	229.36096	243.11842	251.99309	250.81057	239.98704	222.56751	231.29303
5/8/2025	12:38:22 PM	229.03855	218.95344	213.43140	206.85394	210.10893	209.46605	216.39275	230.46755	244.23664	252.99949	251.79000	241.02065	223.65104	232.32261
5/8/2025	12:38:26 PM	230.07431	219.93246	214.26496	207.53741	210.85678	210.39574	217.38176	231.55593	245.34810	253.92944	252.64412	242.04914	224.64880	233.34256
5/8/2025	12:38:29 PM	231.13605	220.93969	215.06503	208.38145	211.61607	211.35899	218.39744	232.65614	246.39735	254.79834	253.48998	243.02344	225.71649	234.35399
5/8/2025	12:38:33 PM	232.16881	221.90288	216.02981	209.11638	212.40630	212.08916	219.37727	233.72673	247.42980	255.57961	254.29374	243.99529	226.72737	235.35115
5/8/2025	12:38:36 PM	233.18007	222.87352	216.68057	210.02225	213.32968	212.97434	220.37367	234.75025	248.40628	256.38328	255.08159	244.95849	227.72455	236.33023
5/8/2025	12:38:40 PM	234.16652	223.83122	217.54120	210.62622	214.22108	213.71828	221.36740	235.80849	249.43012	257.10416	255.75201	245.87549	228.75894	237.25929
5/8/2025	12:38:44 PM	235.13531	224.75248	218.34703	211.17486	214.94243	214.44453	222.29958	236.78144	250.36370	257.86772	256.49843	246.73131	229.69791	238.11182
5/8/2025	12:38:47 PM	236.02820	225.69546	219.07192	211.77933	215.87623	215.17559	223.19978	237.74177	251.26473	258.60231	257.19718	247.54425	230.64265	238.98349
5/8/2025	12:38:51 PM	236.89008	226.59351	219.95422	212.46794	216.77070	215.96119	224.12499	238.68305	252.14689	259.30748	257.85566	248.38405	231.49026	239.83691
5/8/2025	12:38:54 PM	237.77721	227.47885	220.67128	213.24888	217.74480	216.89156	225.05387	239.57127	252.93467	260.01268	258.53292	249.07934	232.21360	240.26978
5/8/2025	12:38:58 PM	238.02047	227.85841	221.16802	213.96923	218.59224	217.93608	225.89669	239.49279	252.70537	258.53265	257.18488	248.96441	230.89968	238.50325
5/8/2025	12:39:01 PM	237.40068	228.49727	222.44792	214.96634	219.83460	218.38507	225.30211	238.11924	251.43378	256.66795	255.75217	248.47829	229.87671	237.37175
5/8/2025	12:39:05 PM	237.23549	229.43966	223.69018	216.36150	221.35219	219.02930	224.82316	236.14576	249.90410	254.61734	254.22041	247.67482	228.28639	234.96430
5/8/2025	12:39:08 PM	236.58356	230.24694	225.26638	218.62956	223.18057	221.02527	225.89750	237.06138	250.90163	254.18787	253.90818	247.46869	227.43242	234.37340
5/8/2025	12:39:12 PM	235.60482	229.80966	225.71379	218.46698	222.67690	219.93458	225.13716	236.32399	250.26921	252.77953	252.34769	246.50433	225.41570	232.93115
5/8/2025	12:39:16 PM	235.56355	231.04180	227.74686	220.13461	223.84935	221.44910	226.95631	237.55339	250.97023	252.66055	252.86038	249.09150	226.73015	232.54468
5/8/2025	12:39:19 PM	239.16038	236.11410	231.99814	223.97520	226.54645	223.82684	228.91400	238.08860	251.15916	252.57310	253.34613	250.33685	229.63324	234.86442
5/8/2025	12:39:23 PM	241.01708	239.35271	235.29418	227.14044	228.95599	224.86291	230.13862	240.02146	253.15770	253.22433	252.87243	250.59657	231.30660	235.16452
5/8/2025	12:39:26 PM	242.25209	241.09937	236.54440	228.40423	230.49951	226.29562	231.69858	241.28235	253.61327	253.33560	252.82271	251.39257	232.61634	235.51474
5/8/2025	12:39:30 PM	243.48061	243.31213	238.76030	230.46378	233.07097	229.20002	233.14018	242.51593	254.44688	254.13861	253.52989	252.25114	233.73873	237.10311
5/8/2025	12:39:33 PM	244.74535	245.62797	241.56520	233.51437	235.85476	233.10538	236.98561	244.74411	255.67243	255.05380	255.68511	255.34828	235.05969	237.57228
5/8/2025	12:39:37 PM	246.52151	248.06685	243.98964	235.99418	237.96136	235.12334	237.71341	244.73296	255.57345	255.02662	254.77726	254.18109	234.31165	236.73460
5/8/2025	12:39:40 PM	245.66811	247.15222	243.92837	236.13488	239.23769	236.67363	238.66296	245.58753	255.51043	255.50397	254.66174	253.91199	235.46933	238.27487
5/8/2025	12:39:44 PM	246.59698	248.08562	244.96214	237.67378	241.13562	238.28653	240.34247	247.81865	257.04336	256.73819	255.75505	254.94391	236.65497	239.50691
5/8/2025	12:39:47 PM	247.97777	249.73371	246.70479	240.32398	243.22154	240.22789	241.51097	248.03557	257.30661	256.78260	255.91899	255.08245	237.76658	238.95863
5/8/2025	12:39:51 PM	248.16227	250.35469	248.11757	241.34644	244.99987	241.92896	242.22728	248.01339	257.42875	256.71270	255.78563	255.74164	238.01190	239.10037
5/8/2025	12:39:55 PM	249.50855	252.09685	250.29734	243.30153	246.11413	242.75058	243.39596	248.82282	258.23258	256.99973	255.37987	255.77809	240.06405	240.49546
5/8/2025	12:39:58 PM	251.66836	255.18139	252.79542	244.97365	247.20581	243.47595	244.26337	250.27660	259.36332	257.52579	255.73051	256.82623	241.22632	240.72556
5/8/2025	12:40:02 PM	252.57082	256.10039	253.94377	245.83465	247.38242	243.47752	243.60237	249.79101	258.93535	257.77904	255.98406	256.81933	240.51852	240.91324
5/8/2025	12:40:05 PM	252.30753	255.05695	252.95672	244.64851	246.73991	242.92898	243.66335	250.31118	259.52500	258.70130	257.12195	257.23684	241.15311	242.45564
5/8/2025	12:40:09 PM	252.41445	254.12882	251.85682	243.83641	246.61785	242.82513	244.00708	251.01613	260.25621	259.68840	258.28253	257.75781	241.96291	243.89813
5/8/2025	12:40:12 PM	252.59269	253.33654	250.93542	243.17557	246.53055	242.79107	244.40347	251.73533	260.99771	260.66241	259.38230	258.29531	242.79805	245.21283
5/8/2025	12:40:16 PM	252.79814	252.70240	250.16519	242.64058	246.55021	242.80939	244.81006	252.41761	261.70788	261.56888	260.37265	258.80085	243.56841	246.34974
5/8/2025	12:40:19 PM	253.00489	252.16431	249.41250	242.12610	246.45959	242.73932	245.06571	252.86799	262.42014	262.61335	261.83072	260.04682	244.40420	247.32505
5/8/2025	12:40:23 PM	253.90229	253.58047	250.72645	243.40712	247.27505	243.85330	246.07105	253.81227	263.03128	263.25470	262.62040	260.46138	245.05698	248.28545
5/8/2025	12:40:26 PM	254.02905	253.08944	250.20438	242.96547	247.78804	243.91012	246.57864	254.50137	263.68852	264.03179	263.29933	260.86083	245.78320	249.27859
5/8/2025	12:40:30 PM	254.23789	252.66931	249.65657	242.58454	248.21590	243.93538	247.08862	255.14918	264.29389	264.76059	263.91014	261.24090	246.49300	250.18849
5/8/2025	12:40:33 PM	254.45897	252.32123	249.15442	242.21971	248.54988	243.99137	247.56329	255.72956	264.82304	265.40471	264.44016	261.59188	247.14131	250.98467
5/8/2025	12:40:37 PM	254.67881	252.04269	248.74095	241.93507	248.82405	244.07391	248.01792	256.27511	265.31027	266.00547	264.92520	261.92978	247.76484	251.71847
5/8/2025	12:40:40 PM	254.89770	251.82879	248.41137	241.72961	249.02887	244.17845	248.43625	256.76392	265.74159	266.53914	265.34861	262.24118	248.32727	252.36473
5/8/2025	12:40:44 PM	255.11784	251.66824	248.15199	241.58387	249.17063	244.30208	248.83465	257.21311	266.14221	267.03230	265.73327	262.54261	248.86042	252.94911
5/8/2025	12:40:47 PM	255.33771	251.55544	247.95580	241.49016	249.26317	244.44695	249.21537	257.62854	266.50925	267.48178	266.07686	262.82354	249.35882	253.48444
5/8/2025	12:40:51 PM	255.56371	251.48150	247.80490	241.43798	249.32330	244.61083	249.58309	258.01597	266.85470	267.90185	266.39530	263.09475	249.83433	253.97731
5/8/2025	12:40:55 PM	255.78560	251.44530	247.70371	241.43159	249.36026	244.78510	249.93145	258.36916	267.16633	268.28499	266.68228	263.34704	250.27004	254.41884
5/8/2025	12:40:58 PM	255.99974	251.44035	247.64631	241.46184	249.38468	244.96740	250.25900	258.69171	267.45496	268.64019	266.94547	263.58047	250.68035	254.82359
5/8/2025	12:41:02 PM	256.21655	251.46062	247.62468	241.52457	249.41160	245.16173	250.58012	258.99760	267.73941	268.98920	267.20063	263.80673	251.07551	255.20145
5/8/2025	12:41:05 PM	256.42984	251.50616	247.63463	241.62146	249.44772	245.36531	250.89087	259.28201	268.02543	269.32347	267.44943	264.01821	251.45018	255.55483
5/8/2025	12:41:09 PM	256.63892	251.57132	247.67192	241.73727	249.48762	245.57087	251.18408	259.53914	268.31885	269.64254	267.68953	264.21258	251.79867	255.87205
5/8/2025	12:41:12 PM	256.83842	251.65369	247.73190	241.87862	249.55105	245.77797	251.46451	259.77530	268.63568	269.95477	267.93109	264.39264	252.12575	256.16281
5/8/2025	12:41:16 PM	257.03973	251.75427	247.81658	242.04225	249.62126	245.99705	251.74247	259.99793	268.97687	270.27597	268.18704	264.56616	252.44133	256.43711
5/8/2025	12:41:20 PM	257.23326	251.86703	247.98669	242.26653	249.81091	246.21376	252.00599	260.20560	269.32289	270.61007	268.46784	264.72306	252.74074	256.69027
5/8/2025	12:41:23 PM	257.42504	252.00371	248.12004	242.48622	250.07350	246.43480	252.26522	260.40590	269.69780	270.94040	268.78051	264.87064	253.03369	256.92994
5/8/2025	12:41:27 PM	257.61755	252.15881	248.25985	242.68594	250.26982	246.66139	252.51655	260.59409	270.04763	271.26515	269.15581	265.00224	253.31124	257.14905
5/8/2025	12:41:30 PM	257.79813	252.32002	248.40730	242.87835	250.37404	246.88622	252.76152	260.77686	270.35488	271.59589	269.49302	265.12689	253.58083	257.35283
5/8/2025	12:41:34 PM	257.97245	252.48335	248.56089	243.07667	250.44006	247.10861	252.99367	260.94762	270.62131	271.90401	269.78836	265.24585	253.82714	257.53722
5/8/2025	12:41:37 PM	258.13440	252.64618	248.73115	243.29129	250.52435	247.33270	253.22029	261.11216	270.86047	272.17298	270.05214	265.36687	254.06175	257.71539
5/8/2025	12:41:41 PM	258.29335	252.81049	248.90205	243.51398	250.71703	247.56363	253.44129	261.26741	271.07732	272.42000	270.28538	265.48685	254.28686	257.88917
5/8/2025	12:41:44 PM	258.44897	252.97864	249.06831	243.73078	250.88372	247.79254	253.65749	261.41653	271.27590	272.63176	270.49417	265.61453	254.50904	258.06210
5/8/2025	12:41:48 PM	258.60682	253.15254	249.24215	243.93949	250.85865	248.02512	253.87464	261.56153	271.45459	272.81674	270.67839	265.74943	254.72442	258.22866
5/8/2025	12:41:52 PM	258.75827	253.32339	249.41407	244.15161	250.92674	248.24918	254.07640	261.69960	271.61462	272.98213	270.84329	265.88796	254.93106	258.39070
5/8/2025	12:41:55 PM	258.90124	253.49155	249.58517	244.36389	250.99593	248.47144	254.27452	261.83595	271.75845	273.12606	270.98783	266.02969	255.12589	258.53927
5/8/2025	12:41:59 PM	258.99946	253.50547	249.63600	244.44988	250.69578	248.40176	253.85333	261.43909	271.49634	272.87043	270.66710	265.86211	253.89473	257.66605
5/8/2025	12:42:02 PM	258.52564	253.13482	249.57021	244.23562	250.26936	248.07981	253.01799	260.81898	270.92046	272.28088	269.95546	265.11724	251.56324	256.01235
5/8/2025	12:42:06 PM	257.11223	251.63904	249.09347	244.13780	250.10384	248.41611	253.14145	260.73957	270.40590	271.66675	269.26753	264.36352	249.26382	254.56052
5/8/2025	12:42:09 PM	256.17438	250.87466	248.91173	244.16452	249.82037	247.99973	252.21061	259.64389	269.37781	270.74681	268.55543	263.82439	247.10622	252.96558
5/8/2025	12:42:13 PM	255.55945	250.42994	248.87080	244.19629	249.52233	247.39462	251.09408	258.29148	268.11053	269.58926	267.71585	263.12225	245.12367	251.60279
5/8/2025	12:42:16 PM	254.65636	249.83483	248.60782	243.69224	248.73056	246.83420	250.15487	256.79227	266.23812	267.92168	266.45320	261.91547	243.87466	250.59247
5/8/2025	12:42:20 PM	253.47604	248.74663	247.83604	242.97001	247.69256	245.49689	248.65542	254.56326	263.50240	265.34217	264.35537	260.16423	242.90777	249.38466
5/8/2025	12:42:24 PM	252.00072	247.33463	246.79290	242.10548	246.30817	243.73727	246.61334	251.78161	260.20269	262.12299	261.66249	257.86200	241.62742	247.60752
5/8/2025	12:42:27 PM	250.05829	245.39330	245.34155	240.74914	244.39225	241.43268	243.94702	248.58878	256.54410	258.43992	258.41013	254.85516	239.84265	245.25552
5/8/2025	12:42:31 PM	247.57325	242.72113	243.23220	238.70349	241.78649	238.50718	240.72319	244.99016	252.47602	254.31207	254.67953	251.34711	237.57408	242.50442
5/8/2025	12:42:34 PM	244.69090	239.54217	240.68288	236.16027	238.68752	235.19492	237.17055	241.13090	248.08726	249.90537	250.65106	247.54801	234.89883	239.53640
5/8/2025	12:42:38 PM	241.45989	235.96703	237.73545	233.23854	235.15361	231.58746	233.37641	237.12228	243.41888	245.28674	246.38273	243.53075	231.86607	236.42737
5/8/2025	12:42:41 PM	237.91984	232.08378	234.44895	230.01511	231.26291	227.79918	229.42955	233.05655	238.49353	240.52888	241.94256	239.33601	228.62772	233.22575
5/8/2025	12:42:45 PM	234.30036	228.08641	231.04291	226.70243	227.32341	224.06763	225.64258	229.16210	233.74581	235.97561	237.62788	235.17538	225.28979	230.04700
5/8/2025	12:42:48 PM	230.63137	224.05014	227.54566	223.34739	223.44454	220.31751	221.89270	225.23277	229.00071	231.37714	233.20904	230.91472	221.73056	226.80060
5/8/2025	12:42:52 PM	226.90899	219.96451	223.95892	219.92879	219.56204	216.52785	218.06039	221.23513	224.33318	226.93496	228.83165	226.68447	218.06879	223.53472
5/8/2025	12:42:56 PM	223.26720	215.98297	220.35710	216.50775	215.65982	212.72062	214.06777	217.10203	219.69872	222.64469	224.63148	222.63945	214.48391	220.32455
5/8/2025	12:42:59 PM	219.81259	212.23834	216.91772	213.21508	211.86870	208.98086	210.17378	213.08981	215.19187	218.49992	220.67434	218.80983	210.99431	217.17847
5/8/2025	12:43:03 PM	216.45938	208.58489	213.49335	209.90982	208.07616	205.25493	206.31217	209.12399	210.73795	214.40413	216.85685	215.09382	207.50537	213.95415
5/8/2025	12:43:06 PM	213.12798	204.95774	210.04193	206.56896	204.23545	201.49933	202.47607	205.19669	206.34017	210.35414	213.11867	211.49025	204.08644	210.75911
5/8/2025	12:43:10 PM	209.87604	201.41239	206.64754	203.23337	200.45337	197.85087	198.76228	201.42165	202.14130	206.48024	209.51640	208.05323	200.79313	207.62871
5/8/2025	12:43:13 PM	206.80711	198.06971	203.42125	200.09483	196.88437	194.41017	195.25365	197.83327	198.18535	202.78305	206.02487	204.71392	197.56478	204.54344
5/8/2025	12:43:17 PM	203.71184	194.75627	200.22585	197.00139	193.40250	191.09381	191.86435	194.38481	194.38038	199.23884	202.65903	201.48672	194.44421	201.54195
5/8/2025	12:43:20 PM	200.74178	191.60183	197.15543	194.02885	190.06496	187.90467	188.59440	191.04240	190.71701	195.81968	199.40379	198.31510	191.41214	198.62053
5/8/2025	12:43:24 PM	197.75998	188.50256	194.15133	191.13814	186.82943	184.84807	185.45011	187.85072	187.21255	192.52980	196.27386	195.22407	188.46984	195.77691
5/8/2025	12:43:28 PM	194.92992	185.55793	191.30710	188.38094	183.72244	181.79884	182.21996	184.51736	183.57784	189.25586	193.24803	192.24516	185.70015	193.10029
5/8/2025	12:43:31 PM	192.19255	182.75821	188.59149	185.61213	180.49054	178.60811	178.92318	181.18556	179.95553	185.94484	190.22336	189.38536	182.96966	190.42083
5/8/2025	12:43:35 PM	189.55059	180.00275	185.85102	182.79333	177.26777	175.45613	175.62586	177.82410	176.25151	182.49752	186.88567	186.04944	179.88022	187.45222
5/8/2025	12:43:38 PM	186.17853	176.37195	182.56660	179.73256	174.20502	172.87353	173.05810	175.11997	172.88096	178.69890	182.39735	181.03020	175.85635	183.77741
5/8/2025	12:43:42 PM	180.89459	170.20411	177.25137	174.88860	169.52737	168.90709	169.33888	171.33752	168.54710	174.14866	177.05732	175.08840	170.48885	179.05956
5/8/2025	12:43:45 PM	174.99322	163.51626	171.51958	169.50594	164.25289	164.22638	164.96887	166.90501	163.87733	169.26380	171.49596	169.21858	164.84076	173.97886
5/8/2025	12:43:49 PM	169.27294	157.38890	165.99525	164.43729	159.31184	159.85152	160.78081	162.72444	159.55666	164.64351	166.50646	163.99125	159.57032	169.18239
5/8/2025	12:43:52 PM	164.11089	152.04834	160.98248	159.96793	154.90459	155.94894	157.02003	158.94392	155.67176	160.52050	162.10629	159.38228	154.88686	164.83891
5/8/2025	12:43:56 PM	159.43684	147.38493	156.43242	155.85436	150.77427	152.30456	153.49528	155.43561	152.08503	156.67338	158.08234	155.14226	150.58972	160.77427
5/8/2025	12:43:59 PM	155.15078	143.19443	152.29149	152.11610	147.02377	148.97370	150.26437	152.23002	148.76838	153.21419	154.43375	151.34342	146.72048	157.06116
5/8/2025	12:44:03 PM	151.31383	139.51877	148.54409	148.72349	143.61726	145.96520	147.28729	149.28266	145.77294	150.08382	151.15551	147.94046	143.22916	153.66037
5/8/2025	12:44:07 PM	148.00295	136.39393	145.30733	145.76185	140.62481	143.29841	144.62543	146.63433	143.09613	147.29748	148.24330	144.95290	140.15757	150.63750
5/8/2025	12:44:10 PM	144.94936	133.56766	142.31572	143.04878	137.88275	140.84870	142.15467	144.17491	140.64403	144.75486	145.59003	142.26136	137.38306	147.86524
5/8/2025	12:44:14 PM	142.23537	131.10593	139.64797	140.59010	135.40321	138.61179	139.90955	141.93591	138.42958	142.47637	143.21950	139.88286	134.92616	145.38446
5/8/2025	12:44:17 PM	139.89512	128.98587	137.34428	138.44262	133.24455	136.62498	137.89252	139.90150	136.41383	140.39656	141.07059	137.75832	132.72823	143.12911
5/8/2025	12:44:21 PM	137.75154	127.06315	135.22532	136.46609	131.28554	134.80949	136.04504	138.03897	134.59211	138.50848	139.12286	135.83169	130.74843	141.09943
5/8/2025	12:44:24 PM	135.85757	125.37733	133.36748	134.70437	129.53819	133.16550	134.38089	136.34273	132.93824	136.81478	137.39820	134.13104	128.99962	139.26759
5/8/2025	12:44:28 PM	134.16185	123.87260	131.69989	133.11537	127.96418	131.65537	132.83587	134.77627	131.41970	135.24134	135.78480	132.56006	127.39445	137.57334
5/8/2025	12:44:31 PM	132.57769	122.46764	130.15126	131.62962	126.52285	130.24541	131.40072	133.30365	130.00413	133.78526	134.30093	131.12097	125.93685	136.02330
5/8/2025	12:44:35 PM	131.16591	121.22470	128.76911	130.28748	125.23426	128.96760	130.08610	131.95476	128.70504	132.44631	132.94158	129.80781	124.61698	134.60764
5/8/2025	12:44:38 PM	129.83541	120.04895	127.46588	129.00449	124.02208	127.75606	128.84012	130.67680	127.48175	131.18703	131.66702	128.58577	123.40225	133.29509
5/8/2025	12:44:42 PM	128.62937	118.99400	126.29887	127.84166	122.91243	126.64192	127.69646	129.49610	126.34949	130.02364	130.49512	127.46204	122.30087	132.08596
5/8/2025	12:44:46 PM	127.51456	118.01939	125.21516	126.75424	121.87796	125.61033	126.64195	128.40219	125.30393	128.93948	129.40179	126.42194	121.29325	130.97671
5/8/2025	12:44:49 PM	126.52383	117.15664	124.25057	125.77211	120.94629	124.67323	125.68250	127.40521	124.35275	127.95242	128.41464	125.47924	120.38269	129.96452
5/8/2025	12:44:53 PM	125.56555	116.32999	123.33095	124.82453	120.05212	123.76945	124.75916	126.44191	123.43285	127.00229	127.46516	124.57603	119.53039	129.01085
5/8/2025	12:44:56 PM	124.67920	115.56623	122.47880	123.94700	119.22457	122.93451	123.90662	125.54898	122.58224	126.11677	126.58741	123.74789	118.76058	128.13825
5/8/2025	12:45:00 PM	123.88781	114.89431	121.72090	123.16117	118.49068	122.17975	123.13335	124.74085	121.81065	125.31409	125.79193	122.98968	118.06124	127.34575
5/8/2025	12:45:03 PM	123.14332	114.26345	121.00490	122.41530	117.79568	121.46071	122.39819	123.97015	121.07320	124.54645	125.03070	122.26799	117.40871	126.59663
5/8/2025	12:45:07 PM	122.44472	113.67374	120.33593	121.71665	117.14541	120.78264	121.70069	123.23931	120.37734	123.81771	124.30918	121.58757	116.79828	125.89253
5/8/2025	12:45:10 PM	121.77472	113.11954	119.69816	121.04861	116.52721	120.13024	121.02960	122.53878	119.70768	123.12031	123.62285	120.93908	116.22421	125.22321
5/8/2025	12:45:14 PM	121.15952	112.60869	119.10578	120.42220	115.94644	119.51920	120.40083	121.88402	119.08575	122.46630	122.97476	120.33050	115.68914	124.59608
5/8/2025	12:45:18 PM	120.55875	112.11149	118.52859	119.81580	115.38584	118.92526	119.78934	121.24567	118.48575	121.83064	122.35000	119.74613	115.17760	123.99849
5/8/2025	12:45:21 PM	119.99689	111.65179	117.99425	119.25012	114.86822	118.37918	119.22389	120.65049	117.92959	121.24209	121.77376	119.20924	114.71348	123.44637
5/8/2025	12:45:25 PM	119.48220	111.23252	117.50437	118.72612	114.38519	117.86657	118.69524	120.09328	117.40727	120.68907	121.23001	118.70172	114.28181	122.92844
5/8/2025	12:45:28 PM	118.98648	110.83218	117.02940	118.21462	113.91829	117.37396	118.18677	119.55915	116.90772	120.16171	120.71096	118.21930	113.87899	122.44207
5/8/2025	12:45:32 PM	118.53801	110.47339	116.59498	117.74581	113.49041	116.91972	117.71994	119.06963	116.45017	119.67355	120.23146	117.77432	113.50933	121.98992
5/8/2025	12:45:35 PM	118.10563	110.12597	116.17453	117.28950	113.07382	116.47609	117.26131	118.58698	116.00107	119.19257	119.75901	117.33493	113.14069	121.54349
5/8/2025	12:45:39 PM	117.67358	109.78250	115.76155	116.84077	112.66448	116.04054	116.81579	118.12330	115.56889	118.73330	119.31030	116.91399	112.79115	121.11864
5/8/2025	12:45:42 PM	117.26586	109.45581	115.35937	116.39914	112.26459	115.61238	116.37767	117.66833	115.14268	118.28188	118.86732	116.50263	112.45455	120.70707
5/8/2025	12:45:46 PM	116.86898	109.13972	114.97523	115.97989	111.88457	115.20847	115.96644	117.24155	114.73835	117.85200	118.44362	116.10758	112.12904	120.31057
5/8/2025	12:45:50 PM	116.49486	108.84217	114.61061	115.57918	111.52060	114.81969	115.56890	116.82747	114.34823	117.43924	118.03522	115.73144	111.82101	119.93698
5/8/2025	12:45:53 PM	116.12282	108.55061	114.25049	115.18484	111.16558	114.44329	115.18491	116.42638	113.97202	117.03974	117.64369	115.37145	111.52736	119.57746
5/8/2025	12:45:57 PM	115.77888	108.28254	113.91837	114.82202	110.84076	114.09444	114.82609	116.05717	113.62168	116.66466	117.27984	115.03411	111.25946	119.24529
5/8/2025	12:46:00 PM	115.44882	108.02505	113.59381	114.46019	110.51574	113.74742	114.47403	115.69779	113.28761	116.31090	116.94244	114.71871	111.00220	118.93017
5/8/2025	12:46:04 PM	115.15007	107.78370	113.28586	114.11834	110.20749	113.41822	114.14007	115.36063	112.97046	115.97019	116.61012	114.40234	110.74662	118.61314
5/8/2025	12:46:07 PM	114.84380	107.53012	112.96640	113.76690	109.89020	113.07949	113.79675	115.01310	112.64203	115.62118	116.26831	114.08383	110.48711	118.29678
5/8/2025	12:46:11 PM	114.54255	107.28307	112.65971	113.43044	109.58654	112.75367	113.46496	114.67417	112.32114	115.28109	115.93592	113.77509	110.23442	117.98785
5/8/2025	12:46:15 PM	114.25226	107.04528	112.36208	113.10506	109.29219	112.43738	113.14284	114.34614	112.00621	114.94700	115.60768	113.46959	109.98410	117.68048
5/8/2025	12:46:18 PM	113.95423	106.80018	112.06127	112.77782	108.99689	112.12452	112.82711	114.02408	111.70058	114.62221	115.28817	113.17354	109.74207	117.38755
5/8/2025	12:46:22 PM	113.67226	106.57098	111.77521	112.46457	108.71510	111.82336	112.52083	113.71468	111.40668	114.31125	114.97682	112.88317	109.49882	117.09372
5/8/2025	12:46:25 PM	113.38221	106.33194	111.47784	112.14239	108.42364	111.51300	112.21017	113.40159	111.11055	113.99646	114.66300	112.58957	109.25218	116.79732
5/8/2025	12:46:29 PM	113.08865	106.09168	111.18406	111.82531	108.13595	111.20632	111.89992	113.08615	110.80879	113.67587	114.34142	112.28944	109.00187	116.49559
5/8/2025	12:46:32 PM	112.79382	105.85116	110.88835	111.50823	107.84978	110.90047	111.59001	112.77165	110.50906	113.35958	114.02381	111.99324	108.75349	116.19724
5/8/2025	12:46:36 PM	112.50365	105.61254	110.60029	111.20090	107.57199	110.60071	111.29450	112.48698	110.23580	113.00304	113.55656	111.43412	108.46137	115.85498
5/8/2025	12:46:39 PM	111.77526	104.96575	110.01493	110.86252	107.58294	110.77363	111.41085	112.49912	110.05044	112.55623	112.87620	110.70153	108.25893	115.58323
5/8/2025	12:46:43 PM	111.25552	104.65281	109.88424	110.82012	107.58475	110.62355	111.18506	112.11323	109.48143	111.86163	112.13430	110.05345	108.10028	115.22936
5/8/2025	12:46:47 PM	110.72566	104.41040	109.74177	110.80231	107.78597	110.82910	111.26003	111.98018	109.16996	111.36301	111.48023	109.38967	107.77669	114.80028
5/8/2025	12:46:50 PM	110.13913	104.01858	109.41952	110.54201	107.58003	110.62794	111.05141	111.75089	108.91280	111.01190	111.01166	108.87376	107.36878	114.36891
5/8/2025	12:46:54 PM	109.61293	103.57977	109.01183	110.16673	107.25448	110.32296	110.74957	111.42543	108.57054	110.59388	110.50783	108.35949	106.95745	113.92403
5/8/2025	12:46:57 PM	109.11810	103.15872	108.59606	109.77379	106.90881	109.98958	110.41320	111.06460	108.19882	110.16464	110.03107	107.89552	106.55457	113.47965
5/8/2025	12:47:01 PM	108.64060	102.74516	108.17876	109.36945	106.54695	109.63278	110.04965	110.67625	107.79770	109.71458	109.54937	107.43391	106.14395	113.02029
5/8/2025	12:47:04 PM	108.18206	102.34692	107.77512	108.97041	106.18765	109.27788	109.68637	110.29167	107.40279	109.28116	109.09136	106.99031	105.75695	112.57316
5/8/2025	12:47:08 PM	107.66228	101.87079	107.17981	108.38383	105.59642	108.70514	108.94348	110.27132	108.32811	108.74330	108.18913	106.01255	104.74457	111.30667
5/8/2025	12:47:11 PM	106.40056	100.90346	106.01143	107.08933	104.35382	107.60866	108.26951	109.36611	107.13048	107.94821	107.40283	104.74569	103.95347	110.53163
5/8/2025	12:47:15 PM	105.77624	100.20663	105.50256	106.71158	104.07457	107.29638	107.84387	108.71390	106.23327	107.26210	106.71637	103.89828	103.37894	109.97447
5/8/2025	12:47:18 PM	105.18137	99.61272	105.05709	106.31261	103.75915	106.94316	107.39629	108.11801	105.45482	106.62258	106.08753	103.26815	102.88947	109.47118
5/8/2025	12:47:22 PM	104.63655	99.10698	104.62113	105.92021	103.42834	106.58542	106.98178	107.60227	104.80793	106.06061	105.54030	102.78449	102.48610	109.04904
5/8/2025	12:47:26 PM	104.16742	98.69194	104.22909	105.55539	103.12009	106.26131	106.61476	107.16607	104.27624	105.57647	105.07122	102.43364	102.15002	108.67802
5/8/2025	12:47:29 PM	103.74907	98.34291	103.86801	105.20876	102.82189	105.94674	106.27129	106.77187	103.81457	105.13514	104.64342	102.16204	101.84096	108.32446
5/8/2025	12:47:33 PM	103.36751	98.03379	103.52980	104.87864	102.53210	105.64132	105.95098	106.41223	103.40677	104.73590	104.25640	101.91418	101.54746	107.97831
5/8/2025	12:47:36 PM	103.01394	97.74999	103.20998	104.56272	102.24261	105.33787	105.64891	106.09468	103.03317	104.34297	103.87131	101.65679	101.29408	107.66058
5/8/2025	12:47:40 PM	102.70011	97.54408	102.95133	104.28322	101.97178	105.13881	105.43404	105.84250	102.77470	104.08408	103.62657	101.48247	101.07954	107.37776
5/8/2025	12:47:43 PM	102.44353	97.35735	102.69237	104.03035	101.76980	104.87409	105.16016	105.54874	102.48379	103.77663	103.32208	101.24958	100.82227	107.07346
5/8/2025	12:47:47 PM	102.14662	97.12041	102.41299	103.74953	101.52400	104.58128	104.86891	105.23359	102.17550	103.45663	103.00884	100.99350	100.56133	106.76200
5/8/2025	12:47:51 PM	101.85197	96.88611	102.12760	103.46446	101.26938	104.29172	104.57870	104.92562	101.87988	103.14453	102.70315	100.73457	100.30629	106.46066
5/8/2025	12:47:54 PM	101.56052	96.65639	101.85622	103.18606	101.02002	104.01232	104.29799	104.63029	101.59349	102.83979	102.40542	100.47264	100.06165	106.16653
5/8/2025	12:47:58 PM	101.27807	96.43862	101.58544	102.91194	100.77507	103.74202	104.02371	104.34278	101.31534	102.54233	102.11322	100.21210	99.82163	105.87694
5/8/2025	12:48:01 PM	101.00447	96.22574	101.32255	102.64285	100.53154	103.47388	103.75228	104.05967	101.04454	102.25115	101.82903	99.95747	99.58512	105.58859
5/8/2025	12:48:05 PM	100.73814	96.01649	101.07013	102.38014	100.29559	103.21562	103.49085	103.79096	100.78743	101.97287	101.55669	99.71296	99.35744	105.30874
5/8/2025	12:48:09 PM	100.48059	95.81686	100.82066	102.12420	100.06397	102.95948	103.23112	103.52437	100.53377	101.69898	101.29040	99.47082	99.13321	105.03573
5/8/2025	12:48:12 PM	100.22706	95.61887	100.57830	101.86879	99.83538	102.70679	102.97410	103.26175	100.28357	101.42981	101.02755	99.23003	98.91254	104.76582
5/8/2025	12:48:16 PM	99.98226	95.42702	100.33964	101.62394	99.61607	102.46375	102.72796	103.00859	100.04352	101.16876	100.77369	98.99930	98.70063	104.50279
5/8/2025	12:48:19 PM	99.73761	95.23901	100.10479	101.38068	99.39968	102.22303	102.48299	102.75737	99.80391	100.90960	100.52080	98.76164	98.48686	104.24055
5/8/2025	12:48:23 PM	99.49423	95.05493	99.87215	101.13857	99.18204	101.98115	102.23659	102.50693	99.56827	100.65499	100.27127	98.52906	98.27572	103.97933
5/8/2025	12:48:27 PM	99.25764	94.86921	99.63856	100.89563	98.96581	101.74188	101.99296	102.25969	99.33559	100.40457	100.02653	98.30281	98.06829	103.72516
5/8/2025	12:48:30 PM	99.03182	94.69292	99.41952	100.66591	98.76302	101.51596	101.76405	102.02445	99.11341	100.16563	99.79266	98.08535	97.86935	103.47650
5/8/2025	12:48:34 PM	98.79969	94.51641	99.20011	100.43782	98.55758	101.28806	101.53273	101.78882	98.89315	99.92806	99.56040	97.86654	97.67040	103.23034
5/8/2025	12:48:37 PM	98.57891	94.34845	98.99183	100.21604	98.35882	101.06673	101.30750	101.56143	98.67962	99.69808	99.33582	97.65595	97.47605	102.99399
5/8/2025	12:48:41 PM	98.36290	94.18091	98.77608	99.99561	98.16107	100.84609	101.08520	101.33476	98.46841	99.47123	99.11220	97.44824	97.28564	102.75474
5/8/2025	12:48:44 PM	98.14565	94.01476	98.56516	99.77782	97.96547	100.62706	100.86274	101.10908	98.25749	99.24415	98.89237	97.24327	97.09579	102.51930
5/8/2025	12:48:48 PM	97.94001	93.85232	98.36007	99.56432	97.77351	100.41397	100.64663	100.88681	98.05039	99.02248	98.67332	97.04314	96.90743	102.28471
5/8/2025	12:48:51 PM	97.72634	93.68929	98.15242	99.34621	97.57624	100.19315	100.42282	100.66022	97.84178	98.79684	98.45417	96.83971	96.71621	102.05029
5/8/2025	12:48:55 PM	97.52252	93.52753	97.94858	99.13635	97.38906	99.98249	100.20986	100.44399	97.63991	98.58158	98.24426	96.64220	96.53336	101.82295
5/8/2025	12:48:58 PM	97.32172	93.37093	97.75357	98.92957	97.20414	99.77662	100.00080	100.23258	97.44389	98.37307	98.03970	96.44980	96.35773	101.60336
5/8/2025	12:49:02 PM	97.12277	93.21939	97.56291	98.72850	97.02339	99.57502	99.79699	100.02286	97.24893	98.16499	97.83443	96.25995	96.18078	101.38149
5/8/2025	12:49:05 PM	96.92676	93.06483	97.37082	98.52854	96.84309	99.37412	99.59252	99.81628	97.06013	97.96099	97.63615	96.07303	96.00582	101.16397
5/8/2025	12:49:09 PM	96.73431	92.91472	97.18123	98.33256	96.66470	99.17302	99.39055	99.61217	96.87197	97.76067	97.43796	95.88854	95.83135	100.94759
5/8/2025	12:49:12 PM	96.54192	92.76648	96.98880	98.13561	96.48835	98.97458	99.19089	99.40795	96.68527	97.55923	97.24222	95.70506	95.65934	100.73299
5/8/2025	12:49:16 PM	96.35212	92.62137	96.80334	97.94361	96.31646	98.78136	98.99357	99.20837	96.50253	97.36480	97.05174	95.52234	95.48863	100.51891
5/8/2025	12:49:19 PM	96.16130	92.47461	96.61718	97.74657	96.14041	98.58380	98.79271	99.00428	96.31571	97.16625	96.85619	95.34269	95.31651	100.30513
5/8/2025	12:49:23 PM	95.97636	92.32938	96.43356	97.55126	95.96608	98.38800	98.59522	98.80184	96.13160	96.96999	96.66569	95.16730	95.14753	100.09468
5/8/2025	12:49:27 PM	95.79848	92.19091	96.25908	97.37158	95.80208	98.20210	98.40650	98.61163	95.95853	96.78626	96.48368	94.99745	94.98612	99.89168
5/8/2025	12:49:30 PM	95.62274	92.05266	96.08450	97.18771	95.63290	98.01426	98.21657	98.41805	95.78262	96.59817	96.29979	94.82718	94.82200	99.68587
5/8/2025	12:49:34 PM	95.43955	91.91119	95.90366	97.00051	95.46456	97.82484	98.02475	98.22408	95.60527	96.41029	96.11708	94.65688	94.65948	99.48239
5/8/2025	12:49:37 PM	95.26519	91.77548	95.73451	96.81845	95.30023	97.64053	97.83761	98.03391	95.43557	96.22775	95.93792	94.49201	94.50095	99.28195
5/8/2025	12:49:41 PM	95.08921	91.63893	95.55941	96.63773	95.13770	97.45576	97.65037	97.84530	95.26399	96.04476	95.75853	94.32314	94.33948	99.07959
5/8/2025	12:49:44 PM	94.91811	91.50377	95.38809	96.45933	94.97482	97.27282	97.46415	97.65647	95.09424	95.86475	95.58059	94.16062	94.18125	98.88182
5/8/2025	12:49:48 PM	94.75110	91.37270	95.22101	96.28651	94.81914	97.09737	97.28600	97.47740	94.93397	95.69372	95.41367	94.00433	94.03212	98.69320
5/8/2025	12:49:51 PM	94.58645	91.24621	95.05758	96.11864	94.66909	96.92640	97.11262	97.29959	94.77404	95.52488	95.24816	93.84891	93.88308	98.50512
5/8/2025	12:49:55 PM	94.42599	91.12214	94.90338	95.95213	94.51830	96.75561	96.93918	97.12280	94.61435	95.35450	95.08221	93.69334	93.73208	98.31542
5/8/2025	12:49:58 PM	94.26311	90.99301	94.73625	95.78016	94.36108	96.57940	96.76220	96.94396	94.45520	95.18642	94.91748	93.53968	93.58190	98.12791
5/8/2025	12:50:02 PM	94.10454	90.86930	94.58029	95.61321	94.20952	96.40610	96.58098	96.75595	94.28865	95.01202	94.74707	93.38123	93.41642	97.92001
5/8/2025	12:50:06 PM	93.92962	90.72675	94.40392	95.42545	94.03655	96.22866	96.41831	96.60072	94.13039	94.82990	94.55452	93.19490	93.27720	97.71162
5/8/2025	12:50:09 PM	93.73779	90.59207	94.16629	95.13541	93.81424	96.00495	96.24733	96.40817	93.95170	94.61993	94.33578	92.98117	93.03555	97.42168
5/8/2025	12:50:13 PM	93.51034	90.41036	93.95696	94.94498	93.64395	95.82439	96.04946	96.21577	93.78082	94.43434	94.13594	92.78666	92.80924	97.16099
5/8/2025	12:50:16 PM	93.28916	90.23091	93.68499	94.72479	93.43589	95.60454	95.81888	95.98833	93.58247	94.22581	93.92533	92.58765	92.58715	96.93162
5/8/2025	12:50:20 PM	93.09190	90.07091	93.51508	94.56432	93.28961	95.42257	95.63595	95.80585	93.43012	94.06285	93.76566	92.43538	92.41011	96.74799
5/8/2025	12:50:23 PM	92.92805	89.91825	93.36715	94.40001	93.14471	95.25405	95.46645	95.63961	93.28546	93.91039	93.61323	92.28965	92.26773	96.58950
5/8/2025	12:50:27 PM	92.78443	89.79277	93.24181	94.25923	93.02227	95.10931	95.31835	95.49205	93.15620	93.77540	93.47885	92.16992	92.15612	96.44985
5/8/2025	12:50:30 PM	92.65609	89.68613	93.12518	94.13248	92.90785	94.97175	95.17717	95.34809	93.03026	93.64320	93.34941	92.04892	92.05110	96.30772
5/8/2025	12:50:34 PM	92.52993	89.58593	93.00080	94.00244	92.78903	94.83305	95.03594	95.20372	92.90222	93.50732	93.21684	91.92641	91.94371	96.16405
5/8/2025	12:50:37 PM	92.40052	89.48416	92.87048	93.86787	92.66813	94.69358	94.89094	95.05708	92.77018	93.36830	93.08181	91.79954	91.83280	96.01255
5/8/2025	12:50:41 PM	92.26505	89.38038	92.73882	93.73201	92.54800	94.55198	94.74650	94.90594	92.63678	93.22575	92.94314	91.66788	91.71595	95.85377
5/8/2025	12:50:45 PM	92.12537	89.27714	92.60264	93.59107	92.41971	94.40674	94.59679	94.75453	92.50206	93.08254	92.80313	91.53875	91.59533	95.69217
5/8/2025	12:50:48 PM	91.99476	89.17440	92.47203	93.45329	92.29402	94.26252	94.45041	94.60463	92.37161	92.94489	92.66857	91.41550	91.47723	95.53831
5/8/2025	12:50:52 PM	91.86332	89.07098	92.33880	93.31635	92.16687	94.11859	94.30430	94.45479	92.23907	92.80495	92.53032	91.28834	91.35396	95.37925
5/8/2025	12:50:55 PM	91.72854	88.96623	92.20464	93.17751	92.03802	93.97096	94.15461	94.30162	92.10305	92.66095	92.38953	91.15897	91.22883	95.21911
5/8/2025	12:50:59 PM	91.59819	88.85994	92.07513	93.03571	91.91079	93.82589	94.00626	94.15329	91.97171	92.52208	92.25432	91.03743	91.10655	95.06287
5/8/2025	12:51:02 PM	91.46628	88.75699	91.94521	92.89775	91.78330	93.68371	93.86377	94.00586	91.84293	92.38593	92.12063	90.91420	90.98541	94.90709
5/8/2025	12:51:06 PM	91.34187	88.66055	91.81372	92.76458	91.66093	93.54663	93.72504	93.86494	91.71865	92.25302	91.99080	90.79584	90.86659	94.75640
5/8/2025	12:51:09 PM	91.21833	88.56371	91.68482	92.63249	91.54088	93.40953	93.58457	93.72096	91.59281	92.11998	91.85956	90.67596	90.74474	94.60436
5/8/2025	12:51:13 PM	91.08954	88.46188	91.55084	92.49427	91.41671	93.26785	93.44241	93.57605	91.46526	91.98684	91.72934	90.55600	90.62429	94.45050
5/8/2025	12:51:17 PM	90.96781	88.36461	91.43082	92.36844	91.30195	93.13475	93.30730	93.43916	91.34560	91.85992	91.60508	90.44162	90.51154	94.30774
5/8/2025	12:51:20 PM	90.84713	88.26892	91.30927	92.24244	91.18201	93.00124	93.17216	93.30143	91.22445	91.73216	91.47746	90.32652	90.39497	94.16020
5/8/2025	12:51:24 PM	90.72515	88.17291	91.18640	92.11136	91.06195	92.86589	93.03694	93.16296	91.10445	91.60552	91.35273	90.21295	90.27858	94.01398
5/8/2025	12:51:27 PM	90.60401	88.07783	91.06414	91.98615	90.94557	92.73423	92.90194	93.02656	90.98463	91.47949	91.22812	90.09995	90.16229	93.86748
5/8/2025	12:51:31 PM	90.48592	87.98445	90.94078	91.85865	90.82986	92.60303	92.76925	92.89014	90.86563	91.35471	91.10458	89.98730	90.04915	93.72618
5/8/2025	12:51:34 PM	90.36897	87.89224	90.82260	91.74051	90.72581	92.48209	92.64534	92.76387	90.76012	91.24117	90.99492	89.88468	89.93913	93.58822
5/8/2025	12:51:38 PM	90.25266	87.80119	90.70463	91.61946	90.62091	92.37015	92.53074	92.64110	90.64056	91.09176	90.82823	89.72824	89.84122	93.45700
5/8/2025	12:51:41 PM	90.11225	87.70795	90.61573	91.54281	90.56482	92.29575	92.45494	92.55110	90.52661	90.95607	90.68623	89.59292	89.72318	93.28566
5/8/2025	12:51:45 PM	89.96812	87.60444	90.48504	91.40848	90.44176	92.16109	92.31270	92.39682	90.38672	90.80097	90.52064	89.41611	89.57364	93.09899
5/8/2025	12:51:49 PM	89.80367	87.48072	90.34586	91.27068	90.31718	92.02130	92.16441	92.23703	90.24597	90.64439	90.35137	89.25751	89.42516	92.91457
5/8/2025	12:51:52 PM	89.64676	87.36109	90.20248	91.13406	90.18890	91.87188	92.00686	92.06803	90.09410	90.47861	90.17855	89.08884	89.26825	92.71255
5/8/2025	12:51:56 PM	89.49403	87.22613	90.01921	90.98672	90.05384	91.72137	91.85344	91.90891	89.95354	90.33656	90.02670	88.95777	89.12371	92.54531
5/8/2025	12:51:59 PM	89.35887	87.10852	89.89997	90.85877	89.95028	91.59959	91.72828	91.77839	89.83540	90.20894	89.89351	88.84044	88.99746	92.40113
5/8/2025	12:52:03 PM	89.23072	87.00252	89.78626	90.73899	89.85299	91.48312	91.60869	91.65321	89.72163	90.08585	89.77179	88.72812	88.88716	92.27306
5/8/2025	12:52:06 PM	89.11422	86.91210	89.68852	90.63078	89.76233	91.37414	91.49638	91.53678	89.61648	89.97357	89.66058	88.62920	88.79368	92.15820
5/8/2025	12:52:10 PM	89.01093	86.83346	89.59608	90.53312	89.68141	91.27435	91.39139	91.42865	89.52099	89.86894	89.56026	88.54134	88.70800	92.04628
5/8/2025	12:52:14 PM	88.91552	86.76001	89.50186	90.43527	89.59698	91.17210	91.28457	91.32005	89.42516	89.76618	89.46258	88.45466	88.62105	91.93093
5/8/2025	12:52:17 PM	88.82285	86.68641	89.40729	90.33885	89.51092	91.06677	91.17796	91.21074	89.33110	89.66365	89.36314	88.36479	88.53406	91.81671
5/8/2025	12:52:21 PM	88.72938	86.61664	89.31777	90.24585	89.42995	90.96628	91.07379	91.10416	89.23659	89.56508	89.26798	88.27564	88.44947	91.70611
5/8/2025	12:52:24 PM	88.63275	86.54331	89.22652	90.14735	89.34078	90.85826	90.96438	90.99102	89.13891	89.46332	89.16930	88.18662	88.35950	91.58801
5/8/2025	12:52:28 PM	88.54030	86.47180	89.13341	90.04909	89.25150	90.75277	90.85634	90.88145	89.04432	89.36358	89.07060	88.09826	88.27001	91.47358
5/8/2025	12:52:32 PM	88.44802	86.39833	89.03868	89.95340	89.16585	90.64890	90.75072	90.77333	88.94931	89.26450	88.97307	88.00875	88.18162	91.36150
5/8/2025	12:52:35 PM	88.35505	86.32821	88.94813	89.85792	89.08039	90.54800	90.64611	90.66656	88.85750	89.16918	88.87887	87.92234	88.09756	91.25134
5/8/2025	12:52:39 PM	88.26307	86.25849	88.85612	89.76565	88.99566	90.44850	90.54537	90.56410	88.77053	89.07721	88.78861	87.83690	88.01281	91.14482
5/8/2025	12:52:42 PM	88.17235	86.19109	88.77102	89.67517	88.91443	90.34991	90.44461	90.46118	88.68148	88.98407	88.69601	87.75189	87.92775	91.03656
5/8/2025	12:52:46 PM	88.08303	86.12267	88.68424	89.58399	88.83016	90.25473	90.34582	90.36087	88.59469	88.89273	88.60452	87.66610	87.84448	90.92984
5/8/2025	12:52:49 PM	87.99168	86.05390	88.59364	89.49056	88.74515	90.15489	90.24375	90.25598	88.50545	88.79892	88.51136	87.58018	87.75772	90.82160
5/8/2025	12:52:53 PM	87.90203	85.98413	88.50649	89.39912	88.66004	90.05542	90.14270	90.15365	88.41932	88.70847	88.41970	87.49538	87.67332	90.71604
5/8/2025	12:52:56 PM	87.81626	85.91619	88.42069	89.31171	88.57817	89.96188	90.04684	90.05753	88.33470	88.62022	88.33073	87.41363	87.59246	90.61380
5/8/2025	12:53:00 PM	87.73050	85.84914	88.33725	89.22171	88.49702	89.86877	89.95135	89.95981	88.25099	88.53248	88.24263	87.33363	87.51081	90.51049
5/8/2025	12:53:03 PM	87.64515	85.78372	88.25117	89.13284	88.41569	89.77604	89.85510	89.86146	88.16685	88.44379	88.15318	87.25188	87.42918	90.40656
5/8/2025	12:53:07 PM	87.56357	85.71890	88.16926	89.04584	88.33534	89.68464	89.76284	89.76644	88.08510	88.35721	88.06727	87.17234	87.34810	90.30481
5/8/2025	12:53:10 PM	87.48151	85.65503	88.08769	88.95979	88.25652	89.59289	89.67042	89.67274	88.00641	88.27543	87.98445	87.09823	87.27063	90.20774
5/8/2025	12:53:14 PM	87.40114	85.59045	88.00555	88.87577	88.17886	89.50383	89.57808	89.57842	87.92613	88.19234	87.90026	87.02074	87.19157	90.10872
5/8/2025	12:53:17 PM	87.32449	85.52918	87.92723	88.79162	88.10213	89.41580	89.48735	89.48676	87.84680	88.10881	87.81647	86.94410	87.11315	90.01005
5/8/2025	12:53:21 PM	87.24083	85.46429	87.84469	88.70451	88.02159	89.32351	89.39412	89.39217	87.76734	88.02539	87.73447	86.87048	87.03518	89.91233
5/8/2025	12:53:25 PM	87.16343	85.40168	87.76633	88.62071	87.94513	89.23600	89.30515	89.30096	87.69010	87.94581	87.65410	86.79578	86.95837	89.81627
5/8/2025	12:53:28 PM	87.08747	85.34004	87.68798	88.53832	87.86919	89.15028	89.21670	89.21112	87.61311	87.86459	87.57285	86.72273	86.88350	89.72116
5/8/2025	12:53:32 PM	87.00869	85.27921	87.60801	88.45688	87.79195	89.06242	89.12767	89.12061	87.53579	87.78427	87.49370	86.65007	86.80884	89.62578
5/8/2025	12:53:35 PM	86.93674	85.22187	87.53251	88.37726	87.71918	88.97930	89.04222	89.03338	87.46174	87.70781	87.41486	86.57881	86.73486	89.53242
5/8/2025	12:53:39 PM	86.85916	85.16218	87.45425	88.29614	87.64340	88.89322	88.95427	88.94352	87.38623	87.62886	87.33746	86.50831	86.66260	89.44102
5/8/2025	12:53:42 PM	86.78548	85.10369	87.37845	88.21557	87.56953	88.80865	88.86828	88.85642	87.31314	87.55274	87.26163	86.43783	86.58934	89.34990
5/8/2025	12:53:46 PM	86.71464	85.04659	87.30621	88.13795	87.49845	88.72671	88.78547	88.77195	87.24022	87.47639	87.18557	86.37012	86.51707	89.26006
5/8/2025	12:53:49 PM	86.64316	84.98917	87.23198	88.06101	87.42669	88.64645	88.70273	88.68727	87.16826	87.40237	87.11075	86.30181	86.44796	89.17181
5/8/2025	12:53:53 PM	86.57182	84.93151	87.15953	87.98371	87.35538	88.56556	88.61936	88.60227	87.09637	87.32779	87.03639	86.23425	86.37737	89.08321
5/8/2025	12:53:57 PM	86.50209	84.87754	87.09046	87.90867	87.28573	88.48630	88.53920	88.51987	87.02836	87.25516	86.96484	86.16789	86.30891	88.99595
5/8/2025	12:54:00 PM	86.43340	84.82216	87.01955	87.83325	87.21464	88.40583	88.45776	88.43626	86.95659	87.18163	86.89052	86.10071	86.23848	88.90810
5/8/2025	12:54:04 PM	86.36431	84.76637	86.94762	87.75737	87.14501	88.32655	88.37625	88.35471	86.88852	87.11137	86.82021	86.03656	86.17055	88.82090
5/8/2025	12:54:07 PM	86.29580	84.70847	86.86902	87.66762	87.05597	88.22650	88.27446	88.25193	86.80017	87.02361	86.73607	85.96362	86.09463	88.72931
5/8/2025	12:54:11 PM	86.22275	84.65255	86.80758	87.60207	86.99930	88.16316	88.21581	88.19402	86.74259	86.95064	86.66160	85.90386	86.04508	88.66521
5/8/2025	12:54:14 PM	86.17541	84.61923	86.76234	87.55810	86.97003	88.12038	88.16883	88.13976	86.69574	86.89788	86.60437	85.83986	85.97984	88.57096
5/8/2025	12:54:18 PM	86.09605	84.56309	86.68527	87.46980	86.88200	88.02168	88.06380	88.02808	86.60054	86.79481	86.50133	85.72608	85.87620	88.43107
5/8/2025	12:54:21 PM	85.99182	84.47974	86.56609	87.35950	86.77723	87.91542	87.95571	87.91962	86.51038	86.70686	86.40689	85.63779	85.78092	88.32506
5/8/2025	12:54:25 PM	85.90558	84.39905	86.48470	87.27670	86.70450	87.83788	87.87583	87.83653	86.43750	86.63091	86.32826	85.56867	85.69915	88.23200
5/8/2025	12:54:29 PM	85.82840	84.33249	86.41163	87.20339	86.63685	87.76598	87.79979	87.75849	86.36964	86.55820	86.25275	85.50116	85.62408	88.14713
5/8/2025	12:54:32 PM	85.75449	84.27355	86.34006	87.13213	86.57263	87.69692	87.72728	87.68362	86.30356	86.48855	86.18193	85.44034	85.55833	88.07222
5/8/2025	12:54:36 PM	85.68827	84.22006	86.27682	87.06521	86.51174	87.63167	87.65999	87.61480	86.24352	86.42531	86.11789	85.38528	85.50248	88.00435
5/8/2025	12:54:39 PM	85.63317	84.17453	86.22174	87.00602	86.45878	87.57275	87.59784	87.55166	86.18963	86.36648	86.06199	85.33542	85.45257	87.93812
5/8/2025	12:54:43 PM	85.58117	84.13207	86.16444	86.94821	86.40613	87.51247	87.53556	87.48708	86.13455	86.30861	86.00513	85.28400	85.40114	87.86998
5/8/2025	12:54:46 PM	85.52752	84.09030	86.11042	86.89093	86.35199	87.45097	87.47223	87.42247	86.08029	86.25117	85.94868	85.23259	85.35116	87.80232
5/8/2025	12:54:50 PM	85.47398	84.04749	86.05244	86.83179	86.29718	87.38860	87.40776	87.35735	86.02500	86.19278	85.89009	85.18100	85.29883	87.73225
5/8/2025	12:54:54 PM	85.41813	84.00331	85.99614	86.77202	86.24114	87.32547	87.34319	87.29134	85.96864	86.13426	85.83272	85.12863	85.24516	87.66353
5/8/2025	12:54:57 PM	85.36450	83.96160	85.94254	86.71383	86.18549	87.26238	87.27889	87.22594	85.91428	86.07642	85.77593	85.07718	85.19371	87.59570
5/8/2025	12:55:01 PM	85.31088	83.91890	85.88638	86.65520	86.13077	87.20038	87.21446	87.15995	85.85796	86.01805	85.71849	85.02570	85.14054	87.52751
5/8/2025	12:55:04 PM	85.25710	83.87789	85.83144	86.59710	86.07678	87.13851	87.15121	87.09484	85.80335	85.96195	85.66333	84.97419	85.08798	87.46027
5/8/2025	12:55:08 PM	85.20599	83.83575	85.77473	86.53870	86.02375	87.07805	87.08822	87.03054	85.74986	85.90524	85.60699	84.92352	85.03630	87.39417
5/8/2025	12:55:11 PM	85.15298	83.79299	85.72104	86.48399	85.97153	87.01776	87.02634	86.96829	85.69675	85.85197	85.55387	84.87471	84.98493	87.32812
5/8/2025	12:55:15 PM	85.10139	83.75252	85.66899	86.42739	85.91825	86.95733	86.96498	86.90591	85.64518	85.79740	85.50053	84.82498	84.93419	87.26126
5/8/2025	12:55:18 PM	85.04878	83.71175	85.61624	86.37131	85.86412	86.89676	86.90207	86.84099	85.59077	85.74114	85.44411	84.77478	84.88094	87.19482
5/8/2025	12:55:22 PM	84.99809	83.67055	85.56086	86.31384	85.81150	86.83693	86.84173	86.78022	85.54034	85.68704	85.39219	84.72658	84.82961	87.12923
5/8/2025	12:55:25 PM	84.94805	83.62918	85.50835	86.25771	85.75834	86.77637	86.77961	86.71736	85.48721	85.63445	85.33852	84.67792	84.77819	87.06521
5/8/2025	12:55:29 PM	84.89669	83.58763	85.45530	86.20182	85.70484	86.71606	86.71886	86.65551	85.43555	85.57964	85.28477	84.62910	84.72733	86.99987
5/8/2025	12:55:32 PM	84.84464	83.54793	85.40127	86.14491	85.65292	86.65745	86.65778	86.59417	85.38362	85.52623	85.23227	84.58109	84.67627	86.93700
5/8/2025	12:55:36 PM	84.79531	83.51013	85.34938	86.09087	85.60248	86.59980	86.59954	86.53441	85.33393	85.47555	85.18023	84.53513	84.62611	86.87607
5/8/2025	12:55:40 PM	84.74517	83.46924	85.29713	86.03559	85.55038	86.54119	86.53924	86.47431	85.28349	85.42409	85.12860	84.48708	84.57699	86.81440
5/8/2025	12:55:43 PM	84.69561	83.43129	85.24647	85.98037	85.49941	86.48374	86.48154	86.41560	85.23315	85.37188	85.07821	84.44022	84.52752	86.75249
5/8/2025	12:55:47 PM	84.64727	83.39213	85.19647	85.92693	85.45044	86.42808	86.42477	86.35739	85.18553	85.32200	85.02938	84.39638	84.48124	86.69327
5/8/2025	12:55:50 PM	84.60103	83.35474	85.15146	85.87608	85.40266	86.37420	86.36905	86.30087	85.13708	85.27353	84.98030	84.35184	84.43475	86.63465
5/8/2025	12:55:54 PM	84.55442	83.31677	85.10194	85.82238	85.35285	86.31815	86.31206	86.24293	85.08964	85.22373	84.93151	84.30728	84.38735	86.57504
5/8/2025	12:55:57 PM	84.50803	83.28102	85.05595	85.77196	85.30517	86.26457	86.25789	86.18797	85.04373	85.17578	84.88560	84.26591	84.34279	86.51713
5/8/2025	12:56:01 PM	84.46407	83.24508	85.00885	85.72184	85.25818	86.21194	86.20491	86.13494	84.99856	85.13065	84.83965	84.22277	84.29744	86.46119
5/8/2025	12:56:04 PM	84.42060	83.20946	84.96459	85.67173	85.21264	86.15921	86.15094	86.08016	84.95228	85.08328	84.79326	84.18113	84.25291	86.40455
5/8/2025	12:56:08 PM	84.37598	83.17423	84.91706	85.62183	85.16514	86.10548	86.09609	86.02378	84.90668	85.03515	84.74612	84.13676	84.20552	86.34631
5/8/2025	12:56:12 PM	84.33186	83.13929	84.87113	85.57345	85.11909	86.05285	86.04347	85.97093	84.86211	84.99007	84.70055	84.09650	84.16215	86.29086
5/8/2025	12:56:15 PM	84.28754	83.10321	84.82439	85.52288	85.07163	86.00028	85.98933	85.91579	84.81630	84.94355	84.65498	84.05379	84.11680	86.23556
5/8/2025	12:56:19 PM	84.24354	83.06777	84.77977	85.47443	85.02699	85.95048	85.93756	85.86461	84.77252	84.89860	84.61067	84.01379	84.07431	86.18092
5/8/2025	12:56:22 PM	84.20230	83.03444	84.73578	85.42761	84.98297	85.89902	85.88688	85.81249	84.72926	84.85393	84.56613	83.97298	84.03117	86.12642
5/8/2025	12:56:26 PM	84.16072	83.00083	84.69251	85.37958	84.93757	85.84930	85.83661	85.76061	84.68642	84.80941	84.52340	83.93393	83.98797	86.07301
5/8/2025	12:56:29 PM	84.11770	82.96617	84.64801	85.33180	84.89412	85.80060	85.78537	85.70965	84.64234	84.76609	84.47866	83.89282	83.94565	86.01964
5/8/2025	12:56:33 PM	84.08035	82.93484	84.59881	85.27523	84.83809	85.73828	85.72418	85.65311	84.60243	84.73114	84.45317	83.87486	83.90443	85.97470
5/8/2025	12:56:36 PM	84.05382	82.90704	84.53931	85.19845	84.78267	85.69587	85.69221	85.61854	84.53988	84.58110	82.80638	77.16653	83.46738	84.11182
5/8/2025	12:56:40 PM	77.04230	78.52823	77.17757	77.17062	77.23999	77.14798	77.10110	77.08962	77.21952	77.10414	77.15258	77.07013	76.57457	77.02609
