1/23/2025	10:37:39 AM	296.46019	296.48641	296.66237	296.46872	296.60237	296.38224	296.40460	296.44075	296.42030	296.68829	296.36231	296.52067	296.37207	296.27032
1/23/2025	10:37:42 AM	296.45875	296.48437	296.66028	296.46628	296.59970	296.38033	296.40270	296.43832	296.41849	296.68592	296.35996	296.51721	296.37095	296.26967
1/23/2025	10:37:46 AM	296.45531	296.48023	296.65762	296.46279	296.59686	296.37718	296.40021	296.43603	296.41613	296.68413	296.35806	296.51539	296.37170	296.26973
1/23/2025	10:37:50 AM	296.45530	296.47870	296.65652	296.46094	296.59629	296.37666	296.39959	296.43435	296.41493	296.68190	296.35592	296.51284	296.37109	296.26993
1/23/2025	10:37:53 AM	296.45211	296.47545	296.65396	296.45767	296.59292	296.37419	296.39746	296.43174	296.41282	296.67955	296.35344	296.51006	296.37059	296.26853
1/23/2025	10:37:57 AM	296.45100	296.47324	296.65263	296.45550	296.59021	296.37228	296.39552	296.42902	296.41047	296.67693	296.35025	296.50574	296.36906	296.26795
1/23/2025	10:38:01 AM	296.44734	296.46996	296.64965	296.45193	296.58692	296.36908	296.39192	296.42667	296.40790	296.67397	296.34769	296.50386	296.36872	296.26718
1/23/2025	10:38:04 AM	296.44648	296.46746	296.64769	296.44927	296.58461	296.36751	296.39079	296.42403	296.40557	296.67179	296.34487	296.50047	296.36810	296.26703
1/23/2025	10:38:08 AM	296.44346	296.46393	296.64522	296.44656	296.58260	296.36480	296.38885	296.42289	296.40366	296.66918	296.34320	296.49766	296.36785	296.26561
1/23/2025	10:38:11 AM	296.44279	296.46183	296.64391	296.44399	296.57949	296.36288	296.38701	296.41959	296.40121	296.66630	296.34002	296.49436	296.36700	296.26528
1/23/2025	10:38:15 AM	296.43925	296.45854	296.64137	296.44049	296.57620	296.35907	296.38406	296.41651	296.39887	296.66335	296.33688	296.49145	296.36608	296.26364
1/23/2025	10:38:19 AM	296.43770	296.45627	296.63898	296.43737	296.57348	296.35686	296.38191	296.41345	296.39614	296.65991	296.33391	296.48854	296.36534	296.26274
1/23/2025	10:38:22 AM	296.43415	296.45233	296.63577	296.43402	296.56987	296.35335	296.37818	296.41014	296.39298	296.65713	296.33064	296.48466	296.36399	296.26152
1/23/2025	10:38:26 AM	296.43224	296.44893	296.63387	296.43088	296.56741	296.35120	296.37580	296.40714	296.39008	296.65411	296.32709	296.48173	296.36302	296.26080
1/23/2025	10:38:30 AM	296.42850	296.44554	296.63101	296.42669	296.56331	296.34801	296.37350	296.40454	296.38746	296.65115	296.32508	296.47843	296.36138	296.25947
1/23/2025	10:38:33 AM	296.42795	296.44303	296.62923	296.42451	296.56110	296.34562	296.37049	296.40105	296.38478	296.64824	296.32203	296.47495	296.36010	296.25787
1/23/2025	10:38:37 AM	296.42357	296.43900	296.62552	296.42062	296.55690	296.34187	296.36791	296.39826	296.38159	296.64517	296.31876	296.47158	296.35910	296.25658
1/23/2025	10:38:40 AM	296.42212	296.43575	296.62308	296.41740	296.55440	296.33945	296.36452	296.39450	296.37812	296.64130	296.31564	296.46710	296.35698	296.25527
1/23/2025	10:38:44 AM	296.41778	296.43170	296.61960	296.41319	296.55030	296.33589	296.36169	296.39143	296.37577	296.63804	296.31108	296.46340	296.35498	296.25228
1/23/2025	10:38:48 AM	296.41612	296.42905	296.61751	296.41046	296.54742	296.33320	296.35882	296.38830	296.37231	296.63469	296.30833	296.46051	296.35353	296.25123
1/23/2025	10:38:51 AM	296.41169	296.42529	296.61410	296.40687	296.54409	296.33029	296.35632	296.38509	296.36986	296.63196	296.30506	296.45764	296.35258	296.24995
1/23/2025	10:38:55 AM	296.41133	296.42268	296.61255	296.40481	296.54134	296.32744	296.35317	296.38222	296.36641	296.62870	296.30185	296.45371	296.35108	296.24876
1/23/2025	10:38:58 AM	296.40700	296.41854	296.60884	296.39983	296.53737	296.32414	296.35004	296.37905	296.36380	296.62512	296.29866	296.44948	296.34954	296.24624
1/23/2025	10:39:02 AM	296.40520	296.41491	296.60689	296.39737	296.53484	296.32150	296.34727	296.37574	296.36023	296.62136	296.29535	296.44646	296.34787	296.24506
1/23/2025	10:39:06 AM	296.40075	296.41125	296.60265	296.39321	296.53051	296.31759	296.34348	296.37225	296.35725	296.61879	296.29215	296.44247	296.34560	296.24300
1/23/2025	10:39:09 AM	296.39877	296.40830	296.60067	296.39021	296.52846	296.31522	296.34114	296.36907	296.35424	296.61496	296.28802	296.43869	296.34389	296.24126
1/23/2025	10:39:13 AM	296.39513	296.40372	296.59697	296.38619	296.52408	296.31109	296.33756	296.36531	296.35066	296.61095	296.28440	296.43536	296.34258	296.23882
1/23/2025	10:39:17 AM	296.39273	296.40097	296.59428	296.38305	296.52148	296.30862	296.33441	296.36228	296.34749	296.60814	296.28135	296.43120	296.34041	296.23725
1/23/2025	10:39:20 AM	296.38909	296.39672	296.59117	296.37912	296.51752	296.30550	296.33161	296.35871	296.34437	296.60463	296.27791	296.42757	296.33881	296.23516
1/23/2025	10:39:24 AM	296.38675	296.39429	296.58886	296.37603	296.51475	296.30197	296.32878	296.35561	296.34057	296.60060	296.27368	296.42413	296.33648	296.23357
1/23/2025	10:39:28 AM	296.38230	296.38972	296.58499	296.37149	296.51020	296.29785	296.32485	296.35126	296.33678	296.59716	296.27026	296.41996	296.33436	296.23090
1/23/2025	10:39:31 AM	296.38061	296.38673	296.58196	296.36849	296.50749	296.29552	296.32245	296.34911	296.33390	296.59369	296.26710	296.41615	296.33279	296.22903
1/23/2025	10:39:35 AM	296.37660	296.38292	296.57966	296.36513	296.50398	296.29189	296.31955	296.34566	296.33149	296.59021	296.26358	296.41322	296.33129	296.22746
1/23/2025	10:39:38 AM	296.37477	296.38025	296.57730	296.36250	296.50139	296.28956	296.31684	296.34205	296.32801	296.58668	296.25999	296.40970	296.32831	296.22576
1/23/2025	10:39:42 AM	296.37073	296.37632	296.57380	296.35867	296.49755	296.28611	296.31339	296.33914	296.32493	296.58395	296.25647	296.40569	296.32729	296.22279
1/23/2025	10:39:46 AM	296.36874	296.37335	296.57134	296.35524	296.49494	296.28289	296.31098	296.33586	296.32201	296.58001	296.25349	296.40227	296.32584	296.22135
1/23/2025	10:39:49 AM	296.36421	296.36886	296.56742	296.35152	296.49123	296.27889	296.30683	296.33195	296.31896	296.57623	296.24959	296.39855	296.32321	296.21863
1/23/2025	10:39:53 AM	296.36256	296.36652	296.56572	296.34886	296.48810	296.27658	296.30465	296.32933	296.31550	296.57359	296.24612	296.39525	296.32143	296.21743
1/23/2025	10:39:57 AM	296.35924	296.36268	296.56225	296.34529	296.48475	296.27352	296.30160	296.32589	296.31250	296.57035	296.24342	296.39164	296.31962	296.21577
1/23/2025	10:40:00 AM	296.35725	296.36051	296.56071	296.34321	296.48268	296.27116	296.29902	296.32317	296.31039	296.56754	296.24040	296.38935	296.31867	296.21426
1/23/2025	10:40:04 AM	296.35371	296.35631	296.55751	296.33886	296.47896	296.26794	296.29574	296.32053	296.30668	296.56368	296.23717	296.38540	296.31616	296.21159
1/23/2025	10:40:07 AM	296.35188	296.35382	296.55539	296.33694	296.47649	296.26504	296.29360	296.31704	296.30365	296.56052	296.23369	296.38203	296.31374	296.21033
1/23/2025	10:40:11 AM	296.34762	296.34992	296.55148	296.33293	296.47284	296.26210	296.28999	296.31347	296.30066	296.55751	296.23073	296.37855	296.31233	296.20779
1/23/2025	10:40:15 AM	296.34611	296.34725	296.54973	296.33063	296.47082	296.25944	296.28792	296.31037	296.29724	296.55382	296.22684	296.37502	296.31031	296.20626
1/23/2025	10:40:18 AM	296.34203	296.34370	296.54646	296.32719	296.46746	296.25610	296.28445	296.30800	296.29408	296.55093	296.22416	296.37184	296.30819	296.20352
1/23/2025	10:40:22 AM	296.34026	296.34092	296.54414	296.32418	296.46442	296.25298	296.28176	296.30401	296.29114	296.54755	296.22099	296.36817	296.30680	296.20152
1/23/2025	10:40:25 AM	296.33663	296.33734	296.54070	296.32080	296.46071	296.24965	296.27858	296.30120	296.28806	296.54393	296.21698	296.36532	296.30480	296.19934
1/23/2025	10:40:29 AM	296.33447	296.33452	296.53868	296.31761	296.45785	296.24720	296.27601	296.29865	296.28531	296.54055	296.21395	296.36127	296.30248	296.19715
1/23/2025	10:40:33 AM	296.33023	296.33030	296.53526	296.31428	296.45443	296.24407	296.27239	296.29473	296.28174	296.53697	296.20960	296.35715	296.29990	296.19452
1/23/2025	10:40:36 AM	296.32812	296.32790	296.53228	296.31100	296.45160	296.24097	296.27010	296.29127	296.27860	296.53359	296.20681	296.35469	296.29852	296.19373
1/23/2025	10:40:40 AM	296.32449	296.32396	296.52943	296.30776	296.44861	296.23752	296.26706	296.28857	296.27558	296.53044	296.20361	296.35120	296.29623	296.19023
1/23/2025	10:40:43 AM	296.32298	296.32207	296.52740	296.30547	296.44580	296.23529	296.26413	296.28531	296.27208	296.52771	296.20020	296.34742	296.29399	296.18876
1/23/2025	10:40:47 AM	296.31884	296.31786	296.52398	296.30180	296.44199	296.23185	296.26082	296.28228	296.26904	296.52324	296.19679	296.34405	296.29110	296.18561
1/23/2025	10:40:51 AM	296.31643	296.31507	296.52143	296.29898	296.43870	296.22873	296.25801	296.27860	296.26563	296.51996	296.19357	296.34077	296.28945	296.18417
1/23/2025	10:40:54 AM	296.31273	296.31035	296.51761	296.29481	296.43557	296.22511	296.25456	296.27579	296.26282	296.51769	296.19039	296.33715	296.28716	296.18098
1/23/2025	10:40:58 AM	296.31034	296.30809	296.51490	296.29206	296.43299	296.22282	296.25195	296.27243	296.25985	296.51369	296.18664	296.33391	296.28556	296.17963
1/23/2025	10:41:01 AM	296.30676	296.30421	296.51243	296.28893	296.42972	296.21992	296.24868	296.26948	296.25646	296.51068	296.18355	296.33084	296.28314	296.17709
1/23/2025	10:41:05 AM	296.30430	296.30173	296.50960	296.28641	296.42739	296.21710	296.24630	296.26645	296.25387	296.50740	296.18050	296.32731	296.28160	296.17571
1/23/2025	10:41:09 AM	296.30073	296.29811	296.50722	296.28319	296.42421	296.21385	296.24366	296.26321	296.25069	296.50443	296.17699	296.32401	296.27903	296.17303
1/23/2025	10:41:12 AM	296.29884	296.29585	296.50458	296.28026	296.42152	296.21121	296.24070	296.26037	296.24727	296.50080	296.17386	296.32020	296.27688	296.17068
1/23/2025	10:41:16 AM	296.29467	296.29105	296.50129	296.27657	296.41809	296.20786	296.23753	296.25714	296.24396	296.49735	296.17033	296.31706	296.27460	296.16805
1/23/2025	10:41:20 AM	296.29276	296.28923	296.49909	296.27434	296.41561	296.20573	296.23492	296.25437	296.24141	296.49384	296.16740	296.31388	296.27272	296.16690
1/23/2025	10:41:23 AM	296.28936	296.28504	296.49571	296.27072	296.41246	296.20223	296.23171	296.25065	296.23830	296.49160	296.16375	296.31013	296.27043	296.16387
1/23/2025	10:41:27 AM	296.28725	296.28326	296.49391	296.26843	296.40999	296.20014	296.22950	296.24853	296.23535	296.48828	296.16052	296.30747	296.26831	296.16226
1/23/2025	10:41:31 AM	296.28320	296.27883	296.49035	296.26442	296.40594	296.19627	296.22582	296.24489	296.23246	296.48488	296.15783	296.30361	296.26655	296.15865
1/23/2025	10:41:34 AM	296.28196	296.27646	296.48822	296.26245	296.40420	296.19396	296.22397	296.24233	296.22897	296.48160	296.15436	296.30015	296.26372	296.15728
1/23/2025	10:41:38 AM	296.27701	296.27200	296.48413	296.25851	296.40014	296.18988	296.21972	296.23860	296.22590	296.47809	296.15082	296.29653	296.26181	296.15503
1/23/2025	10:41:42 AM	296.27600	296.27045	296.48234	296.25575	296.39796	296.18782	296.21746	296.23594	296.22367	296.47553	296.14822	296.29419	296.26059	296.15333
1/23/2025	10:41:45 AM	296.27247	296.26692	296.47987	296.25318	296.39466	296.18539	296.21513	296.23287	296.22041	296.47244	296.14420	296.29070	296.25767	296.15027
1/23/2025	10:41:49 AM	296.27030	296.26427	296.47704	296.25036	296.39251	296.18247	296.21215	296.22997	296.21717	296.46862	296.14109	296.28655	296.25499	296.14807
1/23/2025	10:41:52 AM	296.26552	296.26003	296.47404	296.24692	296.38872	296.17923	296.20900	296.22720	296.21410	296.46514	296.13805	296.28400	296.25249	296.14533
1/23/2025	10:41:56 AM	296.26407	296.25743	296.47116	296.24374	296.38609	296.17658	296.20630	296.22345	296.21078	296.46159	296.13414	296.28005	296.25038	296.14393
1/23/2025	10:42:00 AM	296.26048	296.25361	296.46721	296.24026	296.38277	296.17361	296.20321	296.22079	296.20764	296.45869	296.13117	296.27698	296.24837	296.14128
1/23/2025	10:42:03 AM	296.25818	296.25080	296.46553	296.23788	296.38037	296.17079	296.20040	296.21749	296.20484	296.45588	296.12837	296.27390	296.24650	296.13936
1/23/2025	10:42:07 AM	296.25451	296.24819	296.46260	296.23474	296.37702	296.16753	296.19773	296.21504	296.20239	296.45310	296.12477	296.27087	296.24420	296.13647
1/23/2025	10:42:10 AM	296.25245	296.24550	296.46028	296.23200	296.37492	296.16575	296.19545	296.21228	296.19943	296.44984	296.12217	296.26816	296.24213	296.13464
1/23/2025	10:42:14 AM	296.24886	296.24195	296.45790	296.22939	296.37193	296.16270	296.19357	296.20947	296.19651	296.44693	296.11920	296.26425	296.24010	296.13221
1/23/2025	10:42:18 AM	296.24716	296.23989	296.45540	296.22676	296.36933	296.16010	296.18997	296.20717	296.19355	296.44389	296.11606	296.26097	296.23716	296.13015
1/23/2025	10:42:21 AM	296.24267	296.23533	296.45211	296.22330	296.36613	296.15627	296.18723	296.20383	296.19038	296.44082	296.11300	296.25838	296.23573	296.12762
1/23/2025	10:42:25 AM	296.24175	296.23369	296.45000	296.22075	296.36356	296.15434	296.18447	296.20078	296.18765	296.43767	296.11057	296.25568	296.23347	296.12603
1/23/2025	10:42:28 AM	296.23772	296.23016	296.44710	296.21782	296.36065	296.15088	296.18164	296.19824	296.18446	296.43503	296.10735	296.25206	296.23147	296.12295
1/23/2025	10:42:32 AM	296.23582	296.22770	296.44446	296.21560	296.35805	296.14887	296.17937	296.19492	296.18249	296.43181	296.10398	296.24901	296.22914	296.12129
1/23/2025	10:42:36 AM	296.23146	296.22346	296.44123	296.21187	296.35464	296.14509	296.17528	296.19178	296.17916	296.42828	296.10078	296.24547	296.22684	296.11860
1/23/2025	10:42:39 AM	296.23024	296.22186	296.43981	296.20973	296.35312	296.14360	296.17378	296.18978	296.17669	296.42597	296.09837	296.24347	296.22507	296.11320
1/23/2025	10:42:43 AM	296.22516	296.21627	296.43537	296.20536	296.34871	296.13996	296.17075	296.18635	296.17398	296.42278	296.09565	296.24002	296.22279	296.11345
1/23/2025	10:42:46 AM	296.22304	296.21453	296.43352	296.20330	296.34643	296.13723	296.16804	296.18346	296.17049	296.41909	296.09243	296.23693	296.22062	296.11151
1/23/2025	10:42:50 AM	296.21973	296.21170	296.43061	296.20008	296.34397	296.13436	296.16521	296.18113	296.16851	296.41659	296.08882	296.23440	296.21866	296.10979
1/23/2025	10:42:54 AM	296.21753	296.20950	296.42856	296.19827	296.34164	296.13279	296.16381	296.17888	296.16607	296.41449	296.08675	296.23207	296.21700	296.10782
1/23/2025	10:42:57 AM	296.21537	296.20639	296.42558	296.19547	296.33873	296.12959	296.16076	296.17597	296.16282	296.41142	296.08335	296.22873	296.21491	296.10505
1/23/2025	10:43:01 AM	296.21310	296.20395	296.42391	296.19383	296.33689	296.12793	296.15867	296.17306	296.15986	296.40879	296.08083	296.22573	296.21285	296.10366
1/23/2025	10:43:05 AM	296.20917	296.20019	296.42095	296.19030	296.33335	296.12453	296.15577	296.17025	296.15773	296.40569	296.07816	296.22311	296.21094	296.10053
1/23/2025	10:43:08 AM	296.20766	296.19831	296.41910	296.18831	296.33126	296.12217	296.15346	296.16807	296.15512	296.40341	296.07532	296.21999	296.20878	296.09960
1/23/2025	10:43:12 AM	296.20462	296.19484	296.41612	296.18497	296.32855	296.11941	296.15010	296.16509	296.15225	296.40020	296.07217	296.21723	296.20677	296.09684
1/23/2025	10:43:15 AM	296.20216	296.19262	296.41397	296.18291	296.32619	296.11748	296.14832	296.16247	296.14973	296.39754	296.06964	296.21450	296.20454	296.09540
1/23/2025	10:43:19 AM	296.19916	296.18979	296.41118	296.18083	296.32384	296.11432	296.14565	296.15992	296.14703	296.39466	296.06613	296.21107	296.20269	296.09285
1/23/2025	10:43:23 AM	296.19742	296.18773	296.40899	296.17770	296.32079	296.11166	296.14297	296.15762	296.14364	296.39139	296.06357	296.20816	296.20037	296.09053
1/23/2025	10:43:26 AM	296.19354	296.18420	296.40605	296.17433	296.31820	296.10882	296.14076	296.15442	296.14155	296.38841	296.06094	296.20581	296.19834	296.08836
1/23/2025	10:43:30 AM	296.19239	296.18264	296.40423	296.17284	296.31639	296.10716	296.13843	296.15232	296.13954	296.38687	296.05871	296.20316	296.19698	296.08631
1/23/2025	10:43:33 AM	296.18812	296.17912	296.40147	296.16923	296.31293	296.10400	296.13569	296.14961	296.13659	296.38336	296.05571	296.19996	296.19431	296.08358
1/23/2025	10:43:37 AM	296.18683	296.17660	296.39925	296.16708	296.31102	296.10165	296.13307	296.14686	296.13388	296.38090	296.05292	296.19719	296.19231	296.08195
1/23/2025	10:43:41 AM	296.18331	296.17397	296.39663	296.16439	296.30839	296.09936	296.13033	296.14429	296.13117	296.37852	296.05114	296.19550	296.19077	296.08065
1/23/2025	10:43:44 AM	296.18241	296.17217	296.39482	296.16287	296.30700	296.09762	296.12833	296.14189	296.12862	296.37538	296.04737	296.19218	296.18827	296.07813
1/23/2025	10:43:48 AM	296.17882	296.16905	296.39240	296.15970	296.30292	296.09412	296.12550	296.13925	296.12612	296.37246	296.04505	296.18941	296.18636	296.07552
1/23/2025	10:43:51 AM	296.17662	296.16629	296.38956	296.15712	296.30042	296.09222	296.12292	296.13679	296.12390	296.36996	296.04177	296.18586	296.18424	296.07349
1/23/2025	10:43:55 AM	296.17380	296.16343	296.38676	296.15392	296.29830	296.08951	296.12089	296.13398	296.12067	296.36704	296.03910	296.18371	296.18199	296.07127
1/23/2025	10:43:59 AM	296.17211	296.16166	296.38536	296.15219	296.29668	296.08712	296.11835	296.13168	296.11836	296.36411	296.03620	296.18071	296.17962	296.06918
1/23/2025	10:44:02 AM	296.16870	296.15850	296.38242	296.14978	296.29330	296.08458	296.11564	296.12887	296.11587	296.36267	296.03425	296.17860	296.17831	296.06806
1/23/2025	10:44:06 AM	296.16687	296.15627	296.38008	296.14777	296.29178	296.08307	296.11386	296.12700	296.11390	296.35994	296.03159	296.17565	296.17594	296.06582
1/23/2025	10:44:09 AM	296.16350	296.15306	296.37831	296.14537	296.28909	296.08023	296.11190	296.12456	296.11081	296.35705	296.02889	296.17336	296.17428	296.06308
1/23/2025	10:44:13 AM	296.16242	296.15115	296.37553	296.14256	296.28680	296.07787	296.10948	296.12193	296.10968	296.35412	296.02604	296.17094	296.17280	296.06199
1/23/2025	10:44:17 AM	296.15939	296.14851	296.37326	296.14055	296.28389	296.07504	296.10675	296.11960	296.10597	296.35197	296.02375	296.16789	296.17061	296.05885
1/23/2025	10:44:20 AM	296.15773	296.14599	296.37172	296.13808	296.28197	296.07280	296.10447	296.11721	296.10330	296.35006	296.02205	296.16531	296.16851	296.05808
1/23/2025	10:44:24 AM	296.15430	296.14379	296.36927	296.13582	296.28002	296.07113	296.10265	296.11543	296.10157	296.34721	296.01976	296.16270	296.16627	296.05543
1/23/2025	10:44:27 AM	296.15280	296.14161	296.36698	296.13314	296.27754	296.06887	296.10019	296.11275	296.09896	296.34464	296.01638	296.16005	296.16489	296.05315
1/23/2025	10:44:31 AM	296.14911	296.13808	296.36399	296.13039	296.27430	296.06573	296.09755	296.10974	296.09600	296.34166	296.01346	296.15742	296.16247	296.05099
1/23/2025	10:44:35 AM	296.14765	296.13610	296.36238	296.12827	296.27273	296.06423	296.09546	296.10759	296.09447	296.33958	296.01177	296.15513	296.16081	296.05047
1/23/2025	10:44:38 AM	296.14470	296.13362	296.35969	296.12602	296.26985	296.06183	296.09308	296.10525	296.09169	296.33757	296.00868	296.15309	296.15964	296.04789
1/23/2025	10:44:42 AM	296.14352	296.13129	296.35801	296.12375	296.26829	296.05971	296.09131	296.10284	296.08938	296.33488	296.00639	296.14975	296.15683	296.04618
1/23/2025	10:44:45 AM	296.14016	296.12893	296.35541	296.12170	296.26550	296.05702	296.08906	296.10090	296.08761	296.33236	296.00357	296.14809	296.15478	296.04323
1/23/2025	10:44:49 AM	296.13886	296.12669	296.35301	296.11951	296.26380	296.05516	296.08652	296.09810	296.08464	296.32983	296.00121	296.14530	296.15302	296.04190
1/23/2025	10:44:53 AM	296.13557	296.12368	296.35087	296.11655	296.26116	296.05280	296.08400	296.09566	296.08200	296.32694	295.99845	296.14204	296.15041	296.03878
1/23/2025	10:44:56 AM	296.13381	296.12142	296.34870	296.11426	296.25906	296.05015	296.08239	296.09372	296.08009	296.32419	295.99633	296.14005	296.14904	296.03761
1/23/2025	10:45:00 AM	296.13108	296.11898	296.34631	296.11205	296.25677	296.04792	296.07966	296.09091	296.07771	296.32254	295.99428	296.13697	296.14676	296.03590
1/23/2025	10:45:03 AM	296.12938	296.11687	296.34436	296.10985	296.25408	296.04581	296.07716	296.08961	296.07518	296.31961	295.99136	296.13539	296.14470	296.03425
1/23/2025	10:45:07 AM	296.12585	296.11377	296.34187	296.10728	296.25189	296.04363	296.07520	296.08645	296.07299	296.31693	295.98938	296.13218	296.14267	296.03089
1/23/2025	10:45:11 AM	296.12439	296.11205	296.33978	296.10527	296.24988	296.04099	296.07323	296.08369	296.07088	296.31534	295.98680	296.13014	296.14117	296.03006
1/23/2025	10:45:14 AM	296.12151	296.10901	296.33658	296.10257	296.24723	296.03899	296.07081	296.08183	296.06792	296.31278	295.98438	296.12712	296.13966	296.02764
1/23/2025	10:45:18 AM	296.11943	296.10694	296.33490	296.10012	296.24502	296.03720	296.06876	296.07960	296.06600	296.30997	295.98203	296.12502	296.13718	296.02575
1/23/2025	10:45:21 AM	296.11667	296.10422	296.33266	296.09810	296.24240	296.03429	296.06607	296.07711	296.06354	296.30719	295.97915	296.12256	296.13507	296.02362
1/23/2025	10:45:25 AM	296.11521	296.10227	296.33073	296.09598	296.24129	296.03277	296.06392	296.07510	296.06146	296.30547	295.97667	296.12029	296.13319	296.02198
1/23/2025	10:45:29 AM	296.11173	296.09893	296.32796	296.09289	296.23770	296.02953	296.06171	296.07223	296.05814	296.30223	295.97350	296.11691	296.13139	296.01899
1/23/2025	10:45:32 AM	296.11017	296.09785	296.32579	296.09078	296.23565	296.02738	296.05936	296.06965	296.05579	296.29979	295.97080	296.11428	296.12893	296.01713
1/23/2025	10:45:36 AM	296.10674	296.09422	296.32292	296.08803	296.23302	296.02430	296.05629	296.06686	296.05297	296.29727	295.96839	296.11127	296.12607	296.01455
1/23/2025	10:45:39 AM	296.10484	296.09216	296.32102	296.08581	296.23109	296.02241	296.05386	296.06472	296.05083	296.29505	295.96651	296.10966	296.12486	296.01285
1/23/2025	10:45:43 AM	296.10224	296.08975	296.31837	296.08346	296.22828	296.02028	296.05198	296.06260	296.04892	296.29226	295.96373	296.10678	296.12318	296.01049
1/23/2025	10:45:47 AM	296.09986	296.08668	296.31612	296.08111	296.22565	296.01826	296.05011	296.05985	296.04608	296.28956	295.96049	296.10442	296.12045	296.00891
1/23/2025	10:45:50 AM	296.09701	296.08384	296.31342	296.07823	296.22354	296.01519	296.04761	296.05802	296.04344	296.28726	295.95868	296.10164	296.11840	296.00642
1/23/2025	10:45:54 AM	296.09529	296.08279	296.31188	296.07665	296.22165	296.01334	296.04489	296.05602	296.04120	296.28494	295.95594	296.10018	296.11641	296.00437
1/23/2025	10:45:58 AM	296.09193	296.07940	296.30900	296.07401	296.21894	296.01112	296.04279	296.05298	296.03869	296.28245	295.95372	296.09664	296.11441	296.00289
1/23/2025	10:46:01 AM	296.09079	296.07826	296.30817	296.07250	296.21810	296.00947	296.04123	296.05179	296.03706	296.28048	295.95133	296.09457	296.11297	296.00080
1/23/2025	10:46:05 AM	296.08830	296.07529	296.30505	296.07018	296.21486	296.00673	296.03870	296.04888	296.03487	296.27861	295.94966	296.09262	296.11127	295.99928
1/23/2025	10:46:08 AM	296.08663	296.07310	296.30362	296.06758	296.21282	296.00531	296.03679	296.04686	296.03251	296.27547	295.94699	296.08943	296.10878	295.99698
1/23/2025	10:46:12 AM	296.08329	296.07043	296.30035	296.06517	296.21030	296.00226	296.03414	296.04428	296.03001	296.27338	295.94384	296.08785	296.10751	295.99459
1/23/2025	10:46:16 AM	296.08195	296.06873	296.29891	296.06317	296.20832	296.00065	296.03181	296.04127	296.02746	296.27045	295.94199	296.08505	296.10479	295.99237
1/23/2025	10:46:19 AM	296.07809	296.06504	296.29579	296.05993	296.20518	295.99775	296.02973	296.03992	296.02483	296.26896	295.93985	296.08242	296.10370	295.99058
1/23/2025	10:46:23 AM	296.07703	296.06341	296.29393	296.05866	296.20410	295.99573	296.02822	296.03743	296.02309	296.26576	295.93654	296.07995	296.10056	295.98886
1/23/2025	10:46:26 AM	296.07425	296.06082	296.29153	296.05565	296.20132	295.99328	296.02509	296.03529	296.02132	296.26373	295.93544	296.07745	296.09951	295.98694
1/23/2025	10:46:30 AM	296.07300	296.05992	296.29021	296.05440	296.20009	295.99222	296.02418	296.03365	296.01933	296.26224	295.93311	296.07636	296.09780	295.98545
1/23/2025	10:46:34 AM	296.06974	296.05641	296.28747	296.05184	296.19743	295.98928	296.02160	296.03153	296.01728	296.25991	295.93112	296.07315	296.09561	295.98279
1/23/2025	10:46:37 AM	296.06886	296.05479	296.28594	296.05027	296.19562	295.98784	296.01977	296.02927	296.01463	296.25751	295.92789	296.07066	296.09356	295.98145
1/23/2025	10:46:41 AM	296.06521	296.05177	296.28330	296.04706	296.19286	295.98502	296.01745	296.02671	296.01244	296.25459	295.92569	296.06811	296.09176	295.97880
1/23/2025	10:46:45 AM	296.06383	296.04980	296.28109	296.04471	296.19130	295.98270	296.01501	296.02431	296.00952	296.25262	295.92297	296.06545	296.08963	295.97739
1/23/2025	10:46:48 AM	296.06016	296.04723	296.27884	296.04289	296.18806	295.98006	296.01204	296.02154	296.00756	296.24981	295.92038	296.06340	296.08721	295.97486
1/23/2025	10:46:52 AM	296.05908	296.04525	296.27649	296.04049	296.18649	295.97847	296.01039	296.01912	296.00486	296.24756	295.91804	296.06081	296.08574	295.97347
1/23/2025	10:46:55 AM	296.05642	296.04266	296.27452	296.03879	296.18406	295.97604	296.00821	296.01767	296.00325	296.24564	295.91624	296.05970	296.08394	295.97085
1/23/2025	10:46:59 AM	296.05471	296.04054	296.27275	296.03658	296.18257	295.97473	296.00688	296.01551	296.00068	296.24284	295.91400	296.05652	296.08160	295.96868
1/23/2025	10:47:03 AM	296.05174	296.03771	296.26992	296.03371	296.17960	295.97142	296.00427	296.01362	295.99922	296.24079	295.91169	296.05418	296.07995	295.96743
1/23/2025	10:47:06 AM	296.05006	296.03639	296.26870	296.03228	296.17819	295.96983	296.00203	296.01094	295.99649	296.23864	295.90909	296.05109	296.07748	295.96518
1/23/2025	10:47:10 AM	296.04698	296.03324	296.26598	296.02990	296.17496	295.96772	295.99960	296.00913	295.99471	296.23668	295.90754	296.05002	296.07664	295.96326
1/23/2025	10:47:13 AM	296.04589	296.03166	296.26465	296.02824	296.17424	295.96629	295.99831	296.00727	295.99255	296.23448	295.90472	296.04768	296.07439	295.96197
1/23/2025	10:47:17 AM	296.04279	296.02931	296.26152	296.02596	296.17166	295.96425	295.99612	296.00496	295.99028	296.23177	295.90290	296.04537	296.07249	295.95943
1/23/2025	10:47:21 AM	296.04151	296.02734	296.25983	296.02375	296.16954	295.96219	295.99371	296.00294	295.98819	296.22941	295.90053	296.04242	296.07056	295.95782
1/23/2025	10:47:24 AM	296.03836	296.02451	296.25784	296.02163	296.16740	295.95992	295.99184	296.00078	295.98621	296.22738	295.89802	296.04076	296.06889	295.95582
1/23/2025	10:47:28 AM	296.03744	296.02324	296.25582	296.01962	296.16555	295.95800	295.98990	295.99863	295.98398	296.22518	295.89567	296.03794	296.06692	295.95372
1/23/2025	10:47:31 AM	296.03408	296.01982	296.25298	296.01690	296.16277	295.95521	295.98714	295.99556	295.98065	296.22249	295.89316	296.03571	296.06417	295.95095
1/23/2025	10:47:35 AM	296.03176	296.01814	296.25071	296.01446	296.16003	295.95237	295.98476	295.99340	295.97980	296.22071	295.89130	296.03399	296.06296	295.95014
1/23/2025	10:47:39 AM	296.03025	296.01583	296.24940	296.01295	296.15905	295.95162	295.98320	295.99164	295.97700	296.21829	295.88956	296.03150	296.06066	295.94732
1/23/2025	10:47:42 AM	296.02866	296.01473	296.24748	296.01020	296.15660	295.94884	295.98084	295.98971	295.97561	296.21634	295.88705	296.02864	296.05892	295.94632
1/23/2025	10:47:46 AM	296.02569	296.01188	296.24476	296.00837	296.15406	295.94711	295.97921	295.98734	295.97332	296.21444	295.88450	296.02726	296.05645	295.94374
1/23/2025	10:47:49 AM	296.02331	296.00926	296.24289	296.00623	296.15193	295.94490	295.97652	295.98509	295.97035	296.21167	295.88223	296.02450	296.05500	295.94246
1/23/2025	10:47:53 AM	296.02092	296.00698	296.24045	296.00431	296.15036	295.94286	295.97497	295.98407	295.96890	296.21017	295.87979	296.02320	296.05355	295.94047
1/23/2025	10:47:57 AM	296.01982	296.00543	296.23921	296.00207	296.14871	295.94071	295.97281	295.98123	295.96626	296.20760	295.87806	296.01960	296.05134	295.93839
1/23/2025	10:48:00 AM	296.01717	296.00218	296.23655	295.99982	296.14639	295.93856	295.97108	295.97949	295.96419	296.20499	295.87640	296.01763	296.04934	295.93581
1/23/2025	10:48:04 AM	296.01580	296.00123	296.23463	295.99814	296.14389	295.93683	295.96901	295.97710	295.96253	296.20348	295.87343	296.01568	296.04746	295.93448
1/23/2025	10:48:07 AM	296.01224	295.99813	296.23171	295.99551	296.14147	295.93395	295.96593	295.97438	295.96007	296.20053	295.87106	296.01284	296.04520	295.93164
1/23/2025	10:48:11 AM	296.01061	295.99601	296.23038	295.99338	296.14006	295.93266	295.96427	295.97235	295.95743	296.19864	295.86868	296.01076	296.04334	295.93085
1/23/2025	10:48:15 AM	296.00741	295.99324	296.22730	295.99041	296.13651	295.92927	295.96195	295.96998	295.95507	296.19570	295.86575	296.00889	296.04116	295.92817
1/23/2025	10:48:18 AM	296.00667	295.99161	296.22569	295.98903	296.13457	295.92803	295.95965	295.96816	295.95321	296.19363	295.86425	296.00619	296.03937	295.92601
1/23/2025	10:48:22 AM	296.00320	295.98928	296.22343	295.98679	296.13319	295.92557	295.95805	295.96629	295.95096	296.19202	295.86268	296.00444	296.03750	295.92383
1/23/2025	10:48:25 AM	296.00246	295.98823	296.22244	295.98517	296.13126	295.92427	295.95651	295.96469	295.94923	296.19001	295.86074	296.00266	296.03562	295.92273
1/23/2025	10:48:29 AM	295.99903	295.98493	296.21901	295.98308	296.12871	295.92195	295.95409	295.96234	295.94717	296.18774	295.85821	296.00007	296.03360	295.92046
1/23/2025	10:48:33 AM	295.99779	295.98334	296.21786	295.98103	296.12791	295.92035	295.95294	295.96089	295.94597	296.18662	295.85658	295.99902	296.03268	295.91911
1/23/2025	10:48:36 AM	295.99594	295.98135	296.21590	295.97890	296.12583	295.91807	295.95033	295.95822	295.94388	296.18422	295.85451	295.99641	296.03107	295.91691
1/23/2025	10:48:40 AM	295.99459	295.97983	296.21467	295.97771	296.12412	295.91694	295.94892	295.95666	295.94119	296.18221	295.85266	295.99474	296.02897	295.91606
1/23/2025	10:48:43 AM	295.99181	295.97724	296.21225	295.97580	296.12147	295.91422	295.94700	295.95510	295.93961	296.18042	295.85051	295.99204	296.02729	295.91330
1/23/2025	10:48:47 AM	295.99031	295.97561	296.21061	295.97373	296.12040	295.91329	295.94508	295.95334	295.93771	296.17858	295.84891	295.99071	296.02624	295.91208
1/23/2025	10:48:51 AM	295.98757	295.97318	296.20837	295.97157	296.11763	295.91073	295.94312	295.95130	295.93589	296.17630	295.84650	295.98846	296.02380	295.91024
1/23/2025	10:48:54 AM	295.98632	295.97177	296.20634	295.97000	296.11632	295.90872	295.94131	295.94955	295.93415	296.17442	295.84453	295.98680	296.02220	295.90921
1/23/2025	10:48:58 AM	295.98426	295.97014	296.20506	295.96804	296.11443	295.90721	295.93977	295.94795	295.93236	296.17280	295.84309	295.98460	296.02055	295.90671
1/23/2025	10:49:01 AM	295.98330	295.96791	296.20303	295.96691	296.11300	295.90584	295.93766	295.94573	295.93036	296.17045	295.84136	295.98254	296.01854	295.90523
1/23/2025	10:49:05 AM	295.97997	295.96554	296.20040	295.96384	296.11053	295.90332	295.93598	295.94322	295.92833	296.16885	295.83888	295.98085	296.01717	295.90321
1/23/2025	10:49:09 AM	295.97847	295.96392	296.19904	295.96208	296.10883	295.90140	295.93386	295.94214	295.92691	296.16710	295.83685	295.97920	296.01549	295.90193
1/23/2025	10:49:12 AM	295.97600	295.96143	296.19709	295.96067	296.10658	295.89961	295.93246	295.93967	295.92494	296.16508	295.83509	295.97649	296.01332	295.89948
1/23/2025	10:49:16 AM	295.97528	295.96008	296.19510	295.95887	296.10480	295.89783	295.93007	295.93735	295.92260	296.16284	295.83242	295.97510	296.01142	295.89761
1/23/2025	10:49:19 AM	295.97201	295.95772	296.19297	295.95609	296.10264	295.89537	295.92734	295.93544	295.92064	296.16033	295.83054	295.97282	296.00950	295.89569
1/23/2025	10:49:23 AM	295.97049	295.95564	296.19085	295.95424	296.10021	295.89330	295.92564	295.93337	295.91832	296.15860	295.82842	295.97038	296.00723	295.89409
1/23/2025	10:49:27 AM	295.96771	295.95331	296.18864	295.95166	296.09832	295.89164	295.92454	295.93200	295.91659	296.15631	295.82601	295.96791	296.00572	295.89160
1/23/2025	10:49:30 AM	295.96653	295.95181	296.18760	295.95026	296.09680	295.88995	295.92253	295.92962	295.91399	296.15443	295.82461	295.96662	296.00320	295.89026
1/23/2025	10:49:34 AM	295.96336	295.94869	296.18414	295.94736	296.09391	295.88701	295.92003	295.92727	295.91220	296.15228	295.82252	295.96369	296.00175	295.88825
1/23/2025	10:49:38 AM	295.96228	295.94784	296.18342	295.94629	296.09254	295.88579	295.91815	295.92528	295.91071	296.15004	295.82026	295.96190	295.99980	295.88661
1/23/2025	10:49:41 AM	295.95890	295.94493	296.18051	295.94335	296.09044	295.88356	295.91643	295.92314	295.90822	296.14793	295.81781	295.95989	295.99763	295.88400
1/23/2025	10:49:45 AM	295.95785	295.94335	296.17868	295.94180	296.08865	295.88166	295.91402	295.92176	295.90663	296.14676	295.81631	295.95771	295.99613	295.88230
1/23/2025	10:49:49 AM	295.95514	295.94104	296.17668	295.93984	296.08725	295.88001	295.91239	295.92093	295.90497	296.14504	295.81440	295.95631	295.99444	295.88035
1/23/2025	10:49:52 AM	295.95443	295.93999	296.17505	295.93878	296.08569	295.87877	295.91078	295.91849	295.90290	296.14260	295.81257	295.95454	295.99255	295.87937
1/23/2025	10:49:56 AM	295.95161	295.93767	296.17353	295.93608	296.08322	295.87642	295.90897	295.91625	295.90112	296.14063	295.81048	295.95220	295.99107	295.87757
1/23/2025	10:49:59 AM	295.95052	295.93596	296.17162	295.93492	296.08165	295.87481	295.90744	295.91476	295.89981	296.13921	295.80939	295.95059	295.98924	295.87592
1/23/2025	10:50:03 AM	295.94814	295.93373	296.16995	295.93317	296.07950	295.87271	295.90573	295.91308	295.89718	296.13756	295.80669	295.94863	295.98795	295.87391
1/23/2025	10:50:07 AM	295.94709	295.93213	296.16761	295.93133	296.07771	295.87081	295.90292	295.91134	295.89547	296.13497	295.80494	295.94696	295.98566	295.87197
1/23/2025	10:50:10 AM	295.94400	295.92955	296.16513	295.92844	296.07558	295.86852	295.90157	295.90881	295.89295	296.13307	295.80268	295.94402	295.98359	295.86961
1/23/2025	10:50:14 AM	295.94251	295.92855	296.16411	295.92721	296.07470	295.86744	295.89972	295.90744	295.89156	296.13111	295.80093	295.94234	295.98250	295.86884
1/23/2025	10:50:18 AM	295.94075	295.92615	296.16168	295.92519	296.07170	295.86505	295.89791	295.90548	295.88996	296.12974	295.79927	295.94133	295.98025	295.86686
1/23/2025	10:50:21 AM	295.93990	295.92527	296.16070	295.92371	296.07054	295.86312	295.89625	295.90357	295.88803	296.12805	295.79758	295.93910	295.97872	295.86523
1/23/2025	10:50:25 AM	295.93726	295.92263	296.15845	295.92136	296.06816	295.86148	295.89443	295.90220	295.88623	296.12544	295.79505	295.93693	295.97693	295.86322
1/23/2025	10:50:28 AM	295.93568	295.92052	296.15681	295.92022	296.06684	295.85985	295.89254	295.89945	295.88425	296.12425	295.79373	295.93535	295.97565	295.86197
1/23/2025	10:50:32 AM	295.93245	295.91877	296.15450	295.91801	296.06510	295.85781	295.89088	295.89744	295.88184	296.12249	295.79232	295.93369	295.97376	295.86013
1/23/2025	10:50:36 AM	295.93254	295.91751	296.15322	295.91609	296.06294	295.85357	295.88553	295.89416	295.87885	296.11857	295.78814	295.92959	295.97050	295.85357
1/23/2025	10:50:39 AM	295.92378	295.91041	296.14895	295.91174	296.05810	295.85110	295.88474	295.89219	295.87694	296.11634	295.78651	295.92758	295.96822	295.85157
1/23/2025	10:50:43 AM	295.92169	295.90887	296.14600	295.90908	296.05578	295.84846	295.88311	295.89083	295.87543	296.11481	295.78500	295.92687	295.96676	295.85198
1/23/2025	10:50:47 AM	295.92342	295.90878	296.14571	295.90840	296.05567	295.84860	295.88187	295.88892	295.87303	296.11378	295.78336	295.92391	295.96290	295.84745
1/23/2025	10:50:50 AM	295.92128	295.90705	296.14327	295.90554	296.05273	295.84636	295.87947	295.88664	295.87067	296.10910	295.77958	295.91987	295.96299	295.85009
1/23/2025	10:50:54 AM	295.91809	295.90293	296.13937	295.90262	296.04954	295.84205	295.87755	295.88468	295.86709	296.10708	295.77675	295.91611	295.95776	295.84607
1/23/2025	10:50:57 AM	295.91594	295.90112	296.13726	295.89970	296.04662	295.84204	295.87184	295.88168	295.86531	296.10391	295.77415	295.91654	295.95631	295.84477
1/23/2025	10:51:01 AM	295.91317	295.89759	296.13439	295.89632	296.04435	295.83830	295.87153	295.87871	295.86293	296.10117	295.76881	295.90559	295.94487	295.82893
1/23/2025	10:51:05 AM	295.88839	295.85767	296.08227	295.81691	295.94170	295.70777	295.72460	295.68378	295.60792	295.75467	295.33471	295.36352	295.50136	295.30679
1/23/2025	10:51:08 AM	295.04188	294.83776	295.04096	294.64123	294.74087	294.38714	294.38043	294.21003	293.88513	293.92625	293.34913	293.06358	293.92281	293.55341
1/23/2025	10:51:12 AM	292.52361	292.19019	292.53065	291.98138	292.17195	291.70623	291.64235	291.39387	290.65883	290.64745	289.91070	289.03624	291.01854	290.41565
1/23/2025	10:51:16 AM	288.68583	288.28366	288.82752	288.07455	288.38012	287.86794	287.71036	287.47336	286.17361	286.22089	285.23894	283.70244	286.97141	285.99797
1/23/2025	10:51:19 AM	283.76587	283.32699	284.11256	283.09536	283.53162	282.96816	282.70865	282.46006	280.71287	280.87633	279.68146	277.66903	282.08453	280.60435
1/23/2025	10:51:23 AM	278.29634	277.68750	278.68387	277.41869	277.96123	277.25239	276.95745	276.49497	274.80577	275.00043	273.46584	271.42455	276.69833	274.50220
1/23/2025	10:51:27 AM	272.36289	271.48253	272.65601	271.29889	271.77560	270.89060	270.69585	269.97584	268.67990	268.55076	266.72552	265.15386	270.95109	268.26634
1/23/2025	10:51:30 AM	265.87437	264.70290	266.10523	264.69235	265.00353	264.14997	263.96728	263.02739	262.20652	261.50566	259.31845	258.60418	264.71951	261.76675
1/23/2025	10:51:34 AM	258.77829	257.32396	259.24525	257.42700	257.74903	257.02446	256.44920	255.63873	254.97875	253.57871	251.25850	251.18689	258.01388	254.91696
1/23/2025	10:51:37 AM	251.88399	249.95681	252.63091	249.98967	250.41105	249.77273	248.82563	248.57051	247.60753	245.55166	243.77815	243.72348	251.11251	248.04394
1/23/2025	10:51:41 AM	245.85795	243.27137	246.56912	243.05678	243.38874	243.18108	241.62184	242.07824	240.57596	238.46951	237.27549	237.12241	244.29655	241.27277
1/23/2025	10:51:45 AM	240.08857	236.86016	240.66894	236.54234	236.87410	236.95482	235.15944	235.63217	233.78895	231.82849	230.91433	230.82715	237.44519	234.30299
1/23/2025	10:51:48 AM	234.45076	230.80173	235.08614	230.32848	230.96724	230.91615	229.32500	229.32598	227.34433	225.36167	224.52917	224.65868	230.85086	227.48170
1/23/2025	10:51:52 AM	228.59381	224.76115	229.33449	224.28078	225.27446	224.96763	223.68582	222.98634	221.03535	218.95342	218.21493	218.59547	224.36349	220.80264
1/23/2025	10:51:56 AM	222.88127	218.62695	223.55611	218.42811	219.73028	218.98827	218.02776	216.79853	214.85506	212.67046	211.98518	212.61706	218.01119	214.25496
1/23/2025	10:51:59 AM	217.30382	212.62258	218.04235	212.41190	214.03066	212.95965	212.07600	210.33953	208.23893	205.79174	205.12900	206.03002	211.41123	207.19094
1/23/2025	10:52:03 AM	211.48077	206.30164	212.33361	205.98122	207.71941	206.34229	205.39566	203.34316	200.99256	198.39565	197.84388	198.98767	204.10466	199.74011
1/23/2025	10:52:06 AM	205.01950	199.29561	205.79406	198.78606	200.74555	199.19324	198.20421	195.91972	193.47913	190.71435	190.36134	191.80689	196.54180	192.11239
1/23/2025	10:52:10 AM	198.55167	192.43954	199.28043	191.91512	193.88273	192.26936	191.38427	188.93902	186.44147	183.64194	183.48587	185.24783	189.52759	185.04364
1/23/2025	10:52:14 AM	192.55377	186.01294	193.04495	185.39659	187.45221	185.74144	184.95935	182.28083	179.89774	177.07044	177.18349	179.19533	182.93626	178.40840
1/23/2025	10:52:17 AM	187.08220	180.13970	187.35217	179.49780	181.63095	179.82115	179.20382	176.32766	174.11404	171.23463	171.54674	173.84155	176.99597	172.45228
1/23/2025	10:52:21 AM	182.07573	174.77510	182.05810	174.09473	176.40313	174.42995	174.00918	170.98669	168.97271	166.02640	166.50764	169.04921	171.63433	167.07501
1/23/2025	10:52:24 AM	177.56465	169.93554	177.26449	169.21299	171.67973	169.61372	169.42744	166.27956	164.45473	161.43366	162.05091	164.80982	166.84287	162.30261
1/23/2025	10:52:28 AM	173.47938	165.52482	172.90399	164.77520	167.39191	165.21515	165.25993	162.05786	160.40292	157.29449	158.02736	160.96901	162.49592	157.96937
1/23/2025	10:52:32 AM	169.79869	161.53697	168.92939	160.75114	163.50580	161.22157	161.46062	158.27488	156.75747	153.58975	154.41068	157.51316	158.58277	154.09528
1/23/2025	10:52:35 AM	166.45588	157.94009	165.33076	157.14199	159.98503	157.63404	158.07190	154.90375	153.52261	150.31030	151.19669	154.43126	155.08555	150.63707
1/23/2025	10:52:39 AM	163.44772	154.71101	162.06634	153.88128	156.78993	154.37901	154.96753	151.83205	150.57685	147.32186	148.27231	151.60835	151.90280	147.50967
1/23/2025	10:52:42 AM	160.67349	151.77071	159.07337	150.93133	153.89631	151.42644	152.15729	149.06795	147.91712	144.64837	145.65024	149.04798	149.04148	144.70138
1/23/2025	10:52:46 AM	158.13590	149.08471	156.33318	148.23814	151.25069	148.74164	149.58857	146.52824	145.48800	142.20809	143.26218	146.71416	146.43696	142.16128
1/23/2025	10:52:50 AM	155.82770	146.66923	153.86585	145.82475	148.86893	146.32676	147.28267	144.25524	143.30212	140.02945	141.11354	144.60048	144.10214	139.89085
1/23/2025	10:52:53 AM	153.70624	144.47941	151.61720	143.62315	146.69747	144.13501	145.18011	142.18205	141.31547	138.05904	139.17098	142.67037	141.97207	137.82519
1/23/2025	10:52:57 AM	151.76370	142.48674	149.56571	141.63864	144.72970	142.14629	143.27220	140.30571	139.51184	136.26936	137.40844	140.91008	140.05413	135.97128
1/23/2025	10:53:00 AM	149.97467	140.67596	147.69329	139.82751	142.93341	140.34349	141.52721	138.59641	137.86489	134.64438	135.80530	139.30569	138.30443	134.28779
1/23/2025	10:53:04 AM	148.32622	139.02423	145.98261	138.17054	141.28433	138.68186	139.91872	137.00779	136.33254	133.13718	134.30671	137.79759	136.68482	132.72758
1/23/2025	10:53:08 AM	146.78640	137.48850	144.38798	136.63205	139.74550	137.13910	138.41347	135.53650	134.90518	131.73911	132.92783	136.40563	135.19753	131.30428
1/23/2025	10:53:11 AM	145.36334	136.09405	142.94169	135.24852	138.36063	135.76049	137.06768	134.22350	133.63936	130.50114	131.69895	135.16239	133.86941	130.03592
1/23/2025	10:53:15 AM	144.07384	134.82292	141.61589	133.96771	137.06952	134.46242	135.78956	132.96548	132.41572	129.30881	130.50798	133.94792	132.58928	128.81057
1/23/2025	10:53:18 AM	142.82196	133.61315	140.35583	132.76119	135.85366	133.25732	134.59941	131.80269	131.28553	128.20930	129.42355	132.84017	131.43186	127.70663
1/23/2025	10:53:22 AM	141.66204	132.50389	139.19487	131.64541	134.72546	132.13887	133.48515	130.71527	130.22335	127.18307	128.40126	131.79553	130.34486	126.67001
1/23/2025	10:53:26 AM	140.58053	131.47535	138.12020	130.62364	133.68988	131.11116	132.46473	129.72293	129.25879	126.24813	127.47483	130.84228	129.35740	125.73531
1/23/2025	10:53:29 AM	139.58829	130.53667	137.13321	129.68661	132.73568	130.17053	131.52663	128.80522	128.36508	125.38844	126.62159	129.95724	128.44328	124.86722
1/23/2025	10:53:33 AM	138.66384	129.66071	136.21639	128.80527	131.83905	129.27940	130.63383	127.93238	127.50849	124.56335	125.79779	129.10511	127.56995	124.03927
1/23/2025	10:53:36 AM	137.76650	128.83156	135.35318	127.97962	130.99902	128.45932	129.81132	127.12920	126.72587	123.81121	125.04701	128.33185	126.78072	123.29578
1/23/2025	10:53:40 AM	136.94788	128.07500	134.55772	127.21860	130.21745	127.68956	129.03257	126.37131	125.97602	123.08721	124.32291	127.57875	126.01337	122.56670
1/23/2025	10:53:44 AM	136.14506	127.33530	133.78818	126.47871	129.46147	126.94838	128.28409	125.63949	125.25842	122.40355	123.63808	126.87040	125.29821	121.89325
1/23/2025	10:53:47 AM	135.38904	126.64955	133.06832	125.79032	128.75299	126.25693	127.58285	124.95665	124.58434	121.75720	122.99122	126.19358	124.61474	121.24826
1/23/2025	10:53:51 AM	134.65314	125.98228	132.37504	125.12692	128.07265	125.58527	126.90162	124.29164	123.92496	121.12670	122.35860	125.53332	123.94920	120.61848
1/23/2025	10:53:54 AM	133.94958	125.34584	131.70942	124.48846	127.41547	124.94474	126.24633	123.65320	123.29375	120.52183	121.75776	124.90562	123.32371	120.02733
1/23/2025	10:53:58 AM	133.27642	124.74219	131.07583	123.89087	126.79759	124.34090	125.63054	123.05335	122.69805	119.95032	121.18948	124.30621	122.72615	119.46193
1/23/2025	10:54:02 AM	132.62816	124.15739	130.46378	123.30858	126.19664	123.75739	125.03479	122.47721	122.12828	119.40909	120.64870	123.74268	122.17112	118.94086
1/23/2025	10:54:05 AM	132.03433	123.63412	129.91159	122.79302	125.66387	123.24012	124.50864	121.96300	121.62009	118.92389	120.16293	123.21221	121.65885	118.45908
1/23/2025	10:54:09 AM	131.47545	123.13590	129.39747	122.29511	125.14875	122.73834	124.00036	121.46571	121.12616	118.45124	119.69087	122.70521	121.17194	117.99888
1/23/2025	10:54:12 AM	130.93185	122.65697	128.90256	121.81499	124.65471	122.25777	123.51038	120.98814	120.64635	117.99763	119.23103	122.21811	120.70262	117.55596
1/23/2025	10:54:16 AM	130.41633	122.20208	128.43124	121.36036	124.18537	121.80335	123.04695	120.53495	120.19608	117.57128	118.79921	121.76284	120.26669	117.14527
1/23/2025	10:54:20 AM	129.92810	121.77437	127.97555	120.93329	123.74771	121.37327	122.61164	120.10576	119.76877	117.16867	118.39173	121.32550	119.85024	116.75279
1/23/2025	10:54:23 AM	129.45741	121.36958	127.52357	120.52445	123.32963	120.96131	122.20637	119.69600	119.35597	116.78092	117.99562	120.90547	119.44499	116.37190
1/23/2025	10:54:27 AM	128.98185	120.96077	127.07547	120.11212	122.91511	120.54774	121.80557	119.27805	118.93543	116.38284	117.58796	120.47418	119.03076	115.98370
1/23/2025	10:54:31 AM	128.50707	120.55907	126.64052	119.70859	122.50160	120.14508	121.41074	118.87617	118.53281	116.00736	117.21029	120.07976	118.65081	115.63144
1/23/2025	10:54:34 AM	128.06415	120.19218	126.25102	119.34864	122.14460	119.78757	121.07071	118.51750	118.16784	115.66589	116.85897	119.71518	118.29448	115.29831
1/23/2025	10:54:38 AM	127.63516	119.84967	125.87816	119.00695	121.82120	119.44971	120.74896	118.18183	117.83152	115.35554	116.53860	119.38506	117.97446	114.99998
1/23/2025	10:54:42 AM	127.24940	119.54450	125.54405	118.70106	121.52500	119.14713	120.45841	117.87765	117.52248	115.06647	116.24032	119.07733	117.67462	114.72181
1/23/2025	10:54:45 AM	126.87942	119.25535	125.22391	118.41162	121.23882	118.86249	120.17756	117.59132	117.22938	114.79268	115.96292	118.78819	117.39183	114.45913
1/23/2025	10:54:49 AM	126.53431	118.98283	124.92089	118.13912	120.95866	118.59536	119.90371	117.32381	116.95711	114.53780	115.70940	118.52879	117.14262	114.22963
1/23/2025	10:54:52 AM	126.21861	118.74259	124.64849	117.89854	120.70565	118.35984	119.65781	117.08541	116.71148	114.30578	115.47513	118.28348	116.90675	114.01443
1/23/2025	10:54:56 AM	125.90703	118.50750	124.38849	117.67894	120.47934	118.15350	119.44203	116.87478	116.48581	114.08806	115.24894	118.04183	116.69031	113.81632
1/23/2025	10:55:00 AM	125.60029	118.27480	124.13310	117.46267	120.25698	117.94860	119.22303	116.66182	116.25493	113.86627	115.02227	117.79534	116.47156	113.61658
1/23/2025	10:55:03 AM	125.30518	118.05467	123.88673	117.26118	120.04538	117.75685	119.01981	116.46837	116.04403	113.66936	114.81642	117.57182	116.27343	113.43796
1/23/2025	10:55:07 AM	125.03777	117.85785	123.66756	117.07823	119.85271	117.58197	118.83120	116.28855	115.84476	113.48063	114.61708	117.35552	116.08273	113.26650
1/23/2025	10:55:11 AM	124.78038	117.66848	123.46175	116.90628	119.67166	117.41964	118.65917	116.12298	115.66289	113.31264	114.44050	117.16144	115.91231	113.11380
1/23/2025	10:55:14 AM	124.53601	117.49243	123.27237	116.74604	119.50215	117.26851	118.50275	115.96643	115.48996	113.15574	114.27286	116.97480	115.74844	112.96604
1/23/2025	10:55:18 AM	124.30373	117.32392	123.09562	116.59393	119.33878	117.12359	118.34711	115.81344	115.32213	113.00109	114.10338	116.78811	115.58813	112.82246
1/23/2025	10:55:22 AM	124.07618	117.15917	122.92165	116.44301	119.18365	116.98346	118.19275	115.66786	115.16170	112.85441	113.93729	116.61460	115.43578	112.68777
1/23/2025	10:55:25 AM	123.86427	117.00608	122.75715	116.30703	119.04110	116.85454	118.04148	115.52507	115.00415	112.70718	113.77072	116.43831	115.28320	112.55083
1/23/2025	10:55:29 AM	123.64832	116.84933	122.58878	116.16659	118.89758	116.72402	117.89104	115.38876	114.85374	112.56473	113.60673	116.26945	115.13860	112.41873
1/23/2025	10:55:33 AM	123.44754	116.70524	122.43116	116.03903	118.76711	116.60392	117.75162	115.26304	114.71292	112.43137	113.45086	116.11158	115.00371	112.29342
1/23/2025	10:55:36 AM	123.24927	116.56035	122.26958	115.90770	118.62952	116.47520	117.60786	115.13123	114.56528	112.29208	113.28879	115.94525	114.85982	112.16060
1/23/2025	10:55:40 AM	123.04378	116.41037	122.10103	115.77071	118.48767	116.34409	117.46253	115.00011	114.41717	112.15216	113.12877	115.78063	114.71896	112.03032
1/23/2025	10:55:43 AM	122.84294	116.26153	121.93690	115.63681	118.34614	116.21819	117.32636	114.88010	114.28670	112.03045	112.99260	115.64541	114.60821	111.93235
1/23/2025	10:55:47 AM	122.68930	116.16025	121.82346	115.55484	118.25527	116.14279	117.23710	114.80478	114.19992	111.94429	112.89100	115.53699	114.51928	111.85149
1/23/2025	10:55:51 AM	122.54257	116.06326	121.70648	115.46493	118.14891	116.05148	117.12990	114.71608	114.09957	111.84498	112.77728	115.41360	114.42017	111.76087
1/23/2025	10:55:54 AM	122.38585	115.95633	121.58162	115.37035	118.04091	115.95856	117.02529	114.62791	114.00152	111.74949	112.67067	115.30167	114.33168	111.68380
1/23/2025	10:55:58 AM	122.24840	115.87080	121.48076	115.29639	117.95418	115.88254	116.93469	114.55088	113.91383	111.65713	112.56447	115.18645	114.23533	111.59636
1/23/2025	10:56:01 AM	122.09397	115.76488	121.35995	115.20624	117.84839	115.78994	116.82850	114.46512	113.81961	111.56116	112.45757	115.07134	114.14074	111.51127
1/23/2025	10:56:05 AM	121.94246	115.65675	121.23995	115.11509	117.74790	115.70071	116.72675	114.37875	113.72738	111.46748	112.35430	114.95927	114.04727	111.42947
1/23/2025	10:56:09 AM	121.79344	115.55140	121.11876	115.02237	117.64072	115.60396	116.61476	114.28278	113.62190	111.36287	112.23803	114.83097	113.93751	111.33142
1/23/2025	10:56:12 AM	121.62805	115.43169	120.98584	114.91946	117.52241	115.49749	116.49651	114.17604	113.50301	111.24125	112.10319	114.67950	113.80795	111.21177
1/23/2025	10:56:16 AM	121.43656	115.28281	120.82151	114.78232	117.37524	115.36062	116.34676	114.04228	113.36134	111.10468	111.95806	114.52142	113.67247	111.08898
1/23/2025	10:56:19 AM	121.25121	115.14040	120.66856	114.65947	117.24761	115.24367	116.21960	113.93153	113.24550	110.99222	111.83933	114.39536	113.56545	110.99675
1/23/2025	10:56:23 AM	121.10229	115.03184	120.55037	114.56818	117.15307	115.15421	116.12278	113.84433	113.15033	110.89822	111.73555	114.28050	113.46227	110.90167
1/23/2025	10:56:27 AM	120.94120	114.90919	120.41033	114.45492	117.02607	115.03790	115.99592	113.72960	113.02752	110.77918	111.60371	114.13696	113.33461	110.78371
1/23/2025	10:56:30 AM	120.75869	114.76763	120.25243	114.31859	116.87956	114.90330	115.84924	113.59716	112.88372	110.64129	111.45630	113.98214	113.19393	110.65401
1/23/2025	10:56:34 AM	120.57060	114.62036	120.09074	114.18674	116.74209	114.78163	115.72027	113.48349	112.76864	110.53584	111.34686	113.86813	113.09264	110.56393
1/23/2025	10:56:37 AM	120.42659	114.51054	119.96477	114.08450	116.62611	114.67519	115.59991	113.37300	112.65092	110.42124	111.22670	113.73714	112.97225	110.45516
1/23/2025	10:56:41 AM	120.26148	114.38162	119.81989	113.96724	116.49870	114.56143	115.47663	113.26180	112.53211	110.30701	111.10430	113.60322	112.85179	110.34383
1/23/2025	10:56:45 AM	120.09676	114.25361	119.67705	113.85057	116.37871	114.45302	115.35972	113.15683	112.42090	110.20149	110.99233	113.48396	112.74246	110.24299
1/23/2025	10:56:48 AM	119.94071	114.12964	119.53518	113.72826	116.25089	114.33524	115.23121	113.03895	112.29273	110.07559	110.86246	113.34476	112.61308	110.12533
1/23/2025	10:56:52 AM	119.77389	113.99975	119.38987	113.60643	116.12576	114.21806	115.10490	112.92338	112.17383	109.96411	110.74792	113.22276	112.49814	110.02187
1/23/2025	10:56:55 AM	119.61985	113.88231	119.25659	113.49586	116.01337	114.11734	114.99730	112.82717	112.07162	109.86410	110.64473	113.10852	112.38790	109.91964
1/23/2025	10:56:59 AM	119.46785	113.75872	119.11500	113.37511	115.88440	114.00046	114.87282	112.71790	111.96037	109.76031	110.53867	112.99316	112.28294	109.82481
1/23/2025	10:57:03 AM	119.32544	113.64679	118.98585	113.26773	115.76980	113.89451	114.76073	112.61545	111.85340	109.65919	110.43370	112.87819	112.17644	109.72763
1/23/2025	10:57:06 AM	119.18097	113.53210	118.85337	113.15487	115.65333	113.78832	114.64554	112.51129	111.74243	109.55309	110.32063	112.75452	112.05712	109.61703
1/23/2025	10:57:10 AM	119.01465	113.39528	118.69842	113.02171	115.51456	113.65918	114.50948	112.38835	111.61600	109.43308	110.19925	112.62519	111.93593	109.50719
1/23/2025	10:57:14 AM	118.86592	113.27668	118.56637	112.91023	115.39945	113.54916	114.39241	112.27953	111.50141	109.32586	110.08790	112.50553	111.82165	109.40303
1/23/2025	10:57:17 AM	118.71637	113.15516	118.43267	112.79512	115.28072	113.43853	114.27681	112.17428	111.39356	109.22203	109.98187	112.39234	111.71228	109.30263
1/23/2025	10:57:21 AM	118.57073	113.03948	118.30385	112.68637	115.16954	113.33472	114.16536	112.07333	111.28703	109.11875	109.87575	112.27518	111.60176	109.20008
1/23/2025	10:57:24 AM	118.42404	112.92167	118.17025	112.57497	115.04941	113.22355	114.04778	111.96733	111.17795	109.01320	109.76572	112.15413	111.48663	109.09335
1/23/2025	10:57:28 AM	118.26969	112.79213	118.02245	112.44937	114.91420	113.09437	113.91234	111.84360	111.05064	108.89061	109.63743	112.01692	111.35909	108.97481
1/23/2025	10:57:32 AM	118.10987	112.65912	117.87576	112.32430	114.78099	112.96594	113.77783	111.71835	110.92055	108.76647	109.51102	111.88029	111.23013	108.85145
1/23/2025	10:57:35 AM	117.94437	112.52181	117.72380	112.19698	114.64795	112.84110	113.65045	111.60155	110.80086	108.65206	109.39112	111.75142	111.10978	108.74173
1/23/2025	10:57:39 AM	117.79809	112.40155	117.58933	112.08455	114.52768	112.72275	113.52608	111.48665	110.68318	108.53987	109.27526	111.62748	110.99322	108.63297
1/23/2025	10:57:43 AM	117.65049	112.27886	117.45292	111.96885	114.40829	112.61103	113.41013	111.38040	110.57653	108.43942	109.17036	111.51218	110.88495	108.53169
1/23/2025	10:57:46 AM	117.50909	112.16119	117.32317	111.85789	114.29219	112.49776	113.28964	111.26571	110.45675	108.32358	109.04906	111.38224	110.75951	108.41295
1/23/2025	10:57:50 AM	117.34590	112.01954	117.16568	111.72098	114.14852	112.36328	113.15197	111.13651	110.32622	108.20095	108.92347	111.24662	110.63039	108.29112
1/23/2025	10:57:53 AM	117.18766	111.88694	117.01745	111.59661	114.01805	112.23779	113.02428	111.01767	110.20489	108.08273	108.80071	111.11330	110.50345	108.17241
1/23/2025	10:57:57 AM	117.02983	111.75233	116.86616	111.46627	113.87959	112.10193	112.88362	110.88189	110.06761	107.95238	108.66604	110.97078	110.36679	108.04203
1/23/2025	10:58:01 AM	116.86347	111.60959	116.70780	111.33079	113.73906	111.96888	112.75445	110.75812	109.94588	107.84000	108.55282	110.85392	110.25643	107.94246
1/23/2025	10:58:04 AM	116.73649	111.50692	116.59659	111.24132	113.64660	111.87692	112.66319	110.67094	109.86109	107.76047	108.46801	110.76333	110.16647	107.86079
1/23/2025	10:58:08 AM	116.61561	111.40707	116.48391	111.14526	113.54503	111.78238	112.56697	110.57768	109.76466	107.66664	108.37085	110.65729	110.06077	107.76372
1/23/2025	10:58:12 AM	116.48103	111.29314	116.35632	111.03782	113.43407	111.67980	112.46226	110.48176	109.66772	107.57284	108.27251	110.55180	109.96004	107.67202
1/23/2025	10:58:15 AM	116.35130	111.18585	116.23214	110.93261	113.32457	111.57805	112.35976	110.38667	109.57359	107.48173	108.17796	110.44716	109.86100	107.58185
1/23/2025	10:58:19 AM	116.22270	111.07686	116.11018	110.82856	113.21337	111.47354	112.24936	110.28122	109.46275	107.37423	108.06510	110.32229	109.73936	107.46819
1/23/2025	10:58:22 AM	116.06779	110.94556	115.96512	110.69984	113.08468	111.34797	112.11737	110.15796	109.33558	107.25341	107.93866	110.18623	109.61151	107.34809
1/23/2025	10:58:26 AM	115.90856	110.80992	115.81367	110.56368	112.95048	111.21504	111.97648	110.02395	109.19480	107.11559	107.79185	110.02401	109.45417	107.19273
1/23/2025	10:58:30 AM	115.70763	110.63131	115.61393	110.39019	112.77120	111.03748	111.79153	109.84517	109.01025	106.93940	107.61359	109.83678	109.27860	107.02689
1/23/2025	10:58:33 AM	115.51382	110.46070	115.43076	110.23682	112.61181	110.88184	111.64064	109.70193	108.87190	106.81023	107.48154	109.70070	109.15327	106.91031
1/23/2025	10:58:37 AM	115.36787	110.33817	115.30598	110.13943	112.50912	110.78192	111.54503	109.60509	108.77579	106.71380	107.37907	109.58697	109.04571	106.80590
1/23/2025	10:58:40 AM	115.22232	110.21084	115.16490	110.01929	112.37545	110.65267	111.41092	109.46905	108.63277	106.57100	107.22657	109.41766	108.88527	106.64587
1/23/2025	10:58:44 AM	115.01905	110.02837	114.96690	109.85005	112.19873	110.48784	111.24973	109.31408	108.47917	106.42786	107.08136	109.26647	108.74524	106.51340
1/23/2025	10:58:48 AM	114.86057	109.89204	114.82014	109.72898	112.07128	110.36400	111.12731	109.19369	108.36209	106.31613	106.96459	109.14329	108.62604	106.40084
1/23/2025	10:58:51 AM	114.71431	109.76188	114.67722	109.60404	111.93676	110.23371	110.98796	109.05781	108.22167	106.17806	106.81858	108.98377	108.47240	106.25232
1/23/2025	10:58:55 AM	114.53570	109.60262	114.50239	109.45244	111.78001	110.08177	110.83540	108.90741	108.06858	106.02995	106.66356	108.81550	108.31479	106.09836
1/23/2025	10:58:58 AM	114.34480	109.43558	114.32477	109.29954	111.62385	109.93238	110.68759	108.76168	107.92266	105.88947	106.51763	108.65921	108.16461	105.95007
1/23/2025	10:59:02 AM	114.15805	109.26708	114.14491	109.14317	111.45904	109.77302	110.52777	108.60639	107.76683	105.74024	106.36299	108.49475	108.00906	105.80193
1/23/2025	10:59:06 AM	113.97851	109.10551	113.97263	108.99410	111.30073	109.61995	110.37593	108.45553	107.61333	105.59343	106.21107	108.33135	107.85046	105.64681
1/23/2025	10:59:09 AM	113.78435	108.92941	113.77992	108.82424	111.11870	109.44152	110.19819	108.28197	107.43900	105.42886	106.04492	108.15580	107.68455	105.48718
1/23/2025	10:59:13 AM	113.59422	108.75606	113.59947	108.66628	110.95541	109.28175	110.04118	108.12707	107.28121	105.27669	105.88935	107.99082	107.52939	105.33844
1/23/2025	10:59:17 AM	113.41662	108.59815	113.43534	108.52453	110.81159	109.14210	109.90358	107.99221	107.14555	105.14602	105.75526	107.84726	107.39071	105.20434
1/23/2025	10:59:20 AM	113.25031	108.45150	113.27534	108.38764	110.66983	109.00718	109.77001	107.86175	107.01436	105.01966	105.62411	107.70906	107.25111	105.07128
1/23/2025	10:59:24 AM	113.08155	108.29551	113.10185	108.23349	110.50257	108.84414	109.60584	107.69940	106.84939	104.86132	105.45955	107.53260	107.07864	104.90385
1/23/2025	10:59:27 AM	112.88089	108.11206	112.90036	108.05424	110.31848	108.66458	109.42512	107.52802	106.68027	104.70538	105.30366	107.37286	106.92617	104.76113
1/23/2025	10:59:31 AM	112.72064	107.96969	112.74824	107.92228	110.18580	108.53417	109.29367	107.39854	106.54865	104.57642	105.17036	107.22619	106.77888	104.62054
1/23/2025	10:59:35 AM	112.54567	107.81484	112.58057	107.77364	110.03281	108.38729	109.14778	107.26010	106.41340	104.44753	105.04086	107.08809	106.64113	104.48867
1/23/2025	10:59:38 AM	112.38074	107.66519	112.41249	107.62630	109.88011	108.24180	109.00556	107.12496	106.28246	104.32538	104.91915	106.95867	106.51413	104.37033
1/23/2025	10:59:42 AM	112.24008	107.53901	112.27330	107.50481	109.75244	108.11892	108.88426	107.00815	106.16936	104.21766	104.81165	106.84542	106.39995	104.26711
1/23/2025	10:59:46 AM	112.11847	107.43168	112.15725	107.40534	109.65179	108.02521	108.79068	106.91836	106.08452	104.13720	104.72780	106.75280	106.30294	104.17731
1/23/2025	10:59:49 AM	111.99863	107.32474	112.03409	107.29689	109.53673	107.92091	108.67784	106.81313	105.98318	104.04109	104.62855	106.64803	106.19552	104.07789
1/23/2025	10:59:53 AM	111.87238	107.20985	111.90272	107.17932	109.41525	107.80914	108.55993	106.69971	105.86910	103.93050	104.51067	106.52084	106.06425	103.95469
1/23/2025	10:59:56 AM	111.71750	107.07154	111.75088	107.04535	109.28205	107.68619	108.43816	106.58410	105.75546	103.82514	104.40441	106.40756	105.94874	103.84677
1/23/2025	11:00:00 AM	111.58047	106.94883	111.61075	106.91893	109.14558	107.55421	108.30133	106.45187	105.62458	103.70297	104.28218	106.27817	105.82160	103.73189
1/23/2025	11:00:04 AM	111.44739	106.83190	111.48513	106.81112	109.03501	107.45216	108.20126	106.35427	105.52917	103.61161	104.18739	106.17291	105.71448	103.62979
1/23/2025	11:00:07 AM	111.31226	106.71483	111.35488	106.69776	108.91602	107.34315	108.09153	106.24829	105.42428	103.51108	104.08292	106.05953	105.60088	103.52387
1/23/2025	11:00:11 AM	111.17991	106.60113	111.22431	106.58352	108.79344	107.22856	107.97578	106.13764	105.31212	103.40607	103.97445	105.94354	105.48402	103.41306
1/23/2025	11:00:15 AM	111.03839	106.47299	111.07575	106.44884	108.65184	107.09154	107.83498	106.00266	105.17659	103.28017	103.84747	105.81249	105.35483	103.29497
1/23/2025	11:00:18 AM	110.90410	106.35828	110.95044	106.34156	108.54599	106.99452	107.74026	105.91114	105.08934	103.20097	103.76899	105.72984	105.27046	103.21623
1/23/2025	11:00:22 AM	110.80507	106.27673	110.85235	106.25410	108.45735	106.90946	107.64954	105.82213	105.00354	103.12054	103.68496	105.63731	105.17565	103.12839
1/23/2025	11:00:25 AM	110.69144	106.18099	110.73347	106.14767	108.35414	106.81396	107.54896	105.72716	104.91015	103.03287	103.59481	105.54017	105.07736	103.03820
1/23/2025	11:00:29 AM	110.58013	106.08534	110.61678	106.04193	108.25090	106.71714	107.45132	105.63518	104.81973	102.94804	103.50822	105.44760	104.98455	102.95342
1/23/2025	11:00:33 AM	110.47242	105.99520	110.50809	105.94495	108.15442	106.63000	107.36326	105.54878	104.73270	102.86525	103.42381	105.35511	104.88657	102.86369
1/23/2025	11:00:36 AM	110.35290	105.89133	110.38639	105.83474	108.03855	106.52346	107.25681	105.44593	104.63105	102.76771	103.32405	105.24595	104.77443	102.76009
1/23/2025	11:00:40 AM	110.22553	105.77847	110.25463	105.71628	107.91614	106.40779	107.13901	105.33346	104.52138	102.66431	103.22099	105.13605	104.66148	102.65636
1/23/2025	11:00:44 AM	110.09777	105.66845	110.12807	105.60527	107.80429	106.30392	107.03013	105.22971	104.42025	102.56998	103.12564	105.03292	104.55471	102.55788
1/23/2025	11:00:47 AM	109.97515	105.56341	110.00497	105.49684	107.69132	106.19689	106.91864	105.12372	104.31848	102.47428	103.02927	104.92795	104.44765	102.45833
1/23/2025	11:00:51 AM	109.85023	105.45562	109.88157	105.38463	107.57307	106.08573	106.80333	105.01312	104.21206	102.37351	102.92616	104.81600	104.33407	102.35055
1/23/2025	11:00:55 AM	109.72010	105.34431	109.75100	105.26830	107.45063	105.96819	106.67962	104.89859	104.11582	102.29068	102.82180	104.65260	104.22182	102.27597
1/23/2025	11:00:58 AM	109.44756	105.01662	109.37259	104.92229	107.12458	105.80002	106.69128	105.17632	104.55814	102.79597	103.32802	105.15310	104.32097	102.96124
1/23/2025	11:01:02 AM	109.99699	104.89418	108.73208	104.01622	106.37807	105.83300	107.32643	106.36991	106.10993	104.53427	104.72978	106.16425	104.71601	103.45379
1/23/2025	11:01:05 AM	110.13756	104.78209	108.52354	103.95664	106.43997	106.13307	107.78773	107.06160	106.81337	105.02330	104.96571	106.15279	104.76340	103.46857
1/23/2025	11:01:09 AM	109.70679	104.43783	108.21494	103.78130	106.25889	105.93767	107.48978	106.73022	106.39479	104.56777	104.45539	105.58965	104.40628	103.03391
1/23/2025	11:01:13 AM	109.13715	104.04318	107.78281	103.49869	105.86694	105.47713	106.88919	106.05438	105.67322	103.85981	103.74314	104.86136	103.85931	102.43938
1/23/2025	11:01:16 AM	108.41644	103.46386	107.13483	103.01017	105.28933	104.87119	106.20751	105.33525	104.93620	103.14558	103.03046	104.12316	103.24600	101.83307
1/23/2025	11:01:20 AM	107.66690	102.84357	106.44723	102.46527	104.69162	104.26102	105.55737	104.64642	104.23884	102.46866	102.35811	103.43287	102.64142	101.23967
1/23/2025	11:01:24 AM	106.97007	102.24874	105.78983	101.93199	104.12491	103.68558	104.96179	104.02168	103.61485	101.87048	101.76132	102.83064	102.07514	100.68775
1/23/2025	11:01:27 AM	106.34892	101.69380	105.17629	101.42192	103.58870	103.14624	104.41696	103.45999	103.05256	101.33884	101.23725	102.29130	101.55054	100.17817
1/23/2025	11:01:31 AM	105.78538	101.17690	104.60482	100.93184	103.07578	102.63753	103.90700	102.94119	102.53811	100.85063	100.75603	101.78578	101.05563	99.70352
1/23/2025	11:01:34 AM	105.26378	100.68805	104.06627	100.46336	102.58884	102.15578	103.42577	102.45596	102.06628	100.40189	100.30908	101.32009	100.59315	99.26306
1/23/2025	11:01:38 AM	104.77450	100.24372	103.57530	100.02914	102.13456	101.71123	102.98354	102.01375	101.63841	99.99555	99.90426	100.89957	100.16724	98.85877
1/23/2025	11:01:42 AM	104.32901	99.84382	103.13375	99.63301	101.72031	101.30671	102.57959	101.61188	101.25129	99.62553	99.53582	100.51703	99.77544	98.48631
1/23/2025	11:01:45 AM	103.91027	99.47047	102.72402	99.26300	101.33350	100.92994	102.20288	101.24217	100.89826	99.28695	99.19637	100.16271	99.41958	98.14841
1/23/2025	11:01:49 AM	103.51464	99.12157	102.34522	98.92464	100.97814	100.58696	101.86128	100.90086	100.56687	98.96918	98.87423	99.82708	99.09114	97.83271
1/23/2025	11:01:53 AM	103.15572	98.81031	102.00879	98.62074	100.65578	100.27565	101.54852	100.59202	100.26767	98.68398	98.58537	99.52671	98.79091	97.54673
1/23/2025	11:01:56 AM	102.82373	98.52198	101.69153	98.33370	100.34760	99.97745	101.24722	100.29395	99.97709	98.40584	98.30962	99.23885	98.50004	97.26980
1/23/2025	11:02:00 AM	102.50216	98.24060	101.37957	98.05118	100.04375	99.68136	100.94875	100.00104	99.69339	98.13701	98.04420	98.96346	98.21742	97.00172
1/23/2025	11:02:03 AM	102.19710	97.97423	101.08386	97.78548	99.75737	99.40395	100.66861	99.72896	99.42858	97.88624	97.79690	98.70776	97.95498	96.74918
1/23/2025	11:02:07 AM	101.90249	97.71797	100.79840	97.52777	99.48334	99.13897	100.40019	99.46494	99.16937	97.64177	97.55420	98.45790	97.70209	96.50942
1/23/2025	11:02:11 AM	101.63297	97.48050	100.53440	97.28960	99.23153	98.89361	100.15196	99.22116	98.92953	97.41305	97.32558	98.22180	97.46605	96.28526
1/23/2025	11:02:14 AM	101.37036	97.25236	100.27781	97.06049	98.98783	98.65878	99.91343	98.98998	98.70414	97.19581	97.10864	97.99868	97.24038	96.07095
1/23/2025	11:02:18 AM	101.11551	97.03016	100.02802	96.83786	98.75259	98.43143	99.68187	98.76939	98.49096	96.98939	96.90082	97.78296	97.02693	95.87039
1/23/2025	11:02:22 AM	100.88023	96.82839	99.80060	96.63349	98.53505	98.22196	99.46589	98.56293	98.28788	96.79468	96.70207	97.57635	96.82502	95.68013
1/23/2025	11:02:25 AM	100.64763	96.63070	99.57830	96.43465	98.32224	98.01664	99.25720	98.36469	98.09616	96.60951	96.51265	97.37614	96.63049	95.49811
1/23/2025	11:02:29 AM	100.41828	96.43444	99.35390	96.23661	98.11044	97.81517	99.05068	98.16575	97.89994	96.42296	96.32505	97.17596	96.43780	95.31780
1/23/2025	11:02:32 AM	100.19555	96.24661	99.14260	96.05080	97.91308	97.62808	98.86107	97.98343	97.71897	96.25041	96.14988	96.98763	96.25845	95.15027
1/23/2025	11:02:36 AM	99.97971	96.06497	98.93575	95.86870	97.71938	97.44510	98.67332	97.80243	97.53817	96.07966	95.97748	96.80260	96.07895	94.98325
1/23/2025	11:02:40 AM	99.76654	95.88640	98.73220	95.69120	97.53196	97.26575	98.48901	97.62545	97.36159	95.91352	95.80838	96.62394	95.90590	94.82214
1/23/2025	11:02:43 AM	99.55444	95.70804	98.53053	95.51397	97.34447	97.08868	98.30652	97.45172	97.18939	95.74702	95.63913	96.44303	95.73238	94.66147
1/23/2025	11:02:47 AM	99.34386	95.53147	98.32812	95.33879	97.15971	96.91437	98.12554	97.27832	97.01486	95.57955	95.46860	96.25925	95.55786	94.49944
1/23/2025	11:02:51 AM	99.13025	95.35247	98.12744	95.16506	96.97724	96.73876	97.94435	97.10503	96.84223	95.41219	95.29829	96.07745	95.38309	94.33778
1/23/2025	11:02:54 AM	98.92051	95.17533	97.92630	94.99234	96.79359	96.56419	97.76427	96.93282	96.66932	95.24732	95.12926	95.89812	95.21394	94.18102
1/23/2025	11:02:58 AM	98.71373	95.00398	97.73739	94.83145	96.62294	96.40041	97.59374	96.76978	96.50733	95.09182	94.96942	95.72840	95.05257	94.03223
1/23/2025	11:03:02 AM	98.52230	94.84360	97.55781	94.67676	96.45687	96.24269	97.43023	96.61552	96.35467	94.94760	94.82225	95.57435	94.90347	93.89582
1/23/2025	11:03:05 AM	98.34307	94.69430	97.38712	94.52887	96.29994	96.08935	97.27170	96.46635	96.20533	94.80572	94.67846	95.42216	94.75514	93.75879
1/23/2025	11:03:09 AM	98.16266	94.54251	97.21579	94.37986	96.14296	95.93574	97.11124	96.31477	96.05596	94.66390	94.53363	95.27170	94.60778	93.62248
1/23/2025	11:03:13 AM	97.98636	94.39646	97.04728	94.23449	95.99201	95.78732	96.95397	96.16650	95.91135	94.52730	94.39572	95.12573	94.46458	93.48981
1/23/2025	11:03:16 AM	97.81414	94.25442	96.88323	94.09237	95.84284	95.63979	96.79744	96.02003	95.76925	94.39073	94.25696	94.98290	94.32422	93.35964
1/23/2025	11:03:20 AM	97.64535	94.11248	96.71984	93.95038	95.69585	95.49419	96.64200	95.87433	95.62881	94.25771	94.12160	94.84126	94.18516	93.23065
1/23/2025	11:03:23 AM	97.48102	93.97549	96.56191	93.81323	95.55210	95.35272	96.49040	95.73310	95.49262	94.12920	93.98952	94.70348	94.05174	93.10721
1/23/2025	11:03:27 AM	97.31584	93.83868	96.40566	93.67993	95.41298	95.21447	96.34615	95.60019	95.36431	94.00721	93.86445	94.57157	93.92543	92.98924
1/23/2025	11:03:31 AM	97.15969	93.70644	96.25584	93.55125	95.27379	95.07657	96.20083	95.46504	95.23174	93.88324	93.73741	94.43631	93.79432	92.86730
1/23/2025	11:03:34 AM	96.99889	93.57466	96.10451	93.41974	95.12745	94.93373	96.05303	95.32702	95.09817	93.75919	93.60988	94.30061	93.66243	92.74568
1/23/2025	11:03:38 AM	96.83854	93.44074	95.95319	93.28971	94.98496	94.79680	95.91153	95.19348	94.96765	93.63957	93.48821	94.17162	93.53628	92.62975
1/23/2025	11:03:42 AM	96.69049	93.31763	95.81331	93.16793	94.85014	94.66587	95.77337	95.06304	94.84090	93.52198	93.37010	94.04432	93.41032	92.51290
1/23/2025	11:03:45 AM	96.53777	93.19215	95.67096	93.04269	94.71079	94.53181	95.63283	94.92957	94.71157	93.40433	93.25054	93.91744	93.28598	92.39896
1/23/2025	11:03:49 AM	96.39109	93.07111	95.53393	92.92378	94.57904	94.40594	95.49976	94.80363	94.58955	93.29295	93.13801	93.79768	93.16738	92.28904
1/23/2025	11:03:53 AM	96.24929	92.95339	95.39855	92.80577	94.44768	94.27820	95.36363	94.67304	94.46318	93.17648	93.02144	93.67436	93.04558	92.17438
1/23/2025	11:03:56 AM	96.10484	92.83514	95.26149	92.68692	94.31605	94.15042	95.22870	94.54424	94.33822	93.06114	92.90587	93.55239	92.92583	92.06256
1/23/2025	11:04:00 AM	95.96519	92.71948	95.12796	92.57156	94.19069	94.02774	95.09925	94.42120	94.21748	92.94999	92.79427	93.43630	92.80995	91.95436
1/23/2025	11:04:03 AM	95.83077	92.60858	95.00167	92.46030	94.07076	93.91907	94.99439	94.33082	94.12160	92.84314	92.65471	93.25749	92.70360	91.85988
1/23/2025	11:04:07 AM	95.59400	92.41308	94.82964	92.36358	94.03683	93.91400	94.98251	94.29554	94.03769	92.71217	92.48284	93.06516	92.59306	91.74731
1/23/2025	11:04:11 AM	95.41713	92.27877	94.70540	92.27759	93.95948	93.83323	94.88631	94.18816	93.91850	92.59026	92.35025	92.92966	92.48838	91.64284
1/23/2025	11:04:14 AM	95.26923	92.16506	94.58723	92.19248	93.86901	93.74384	94.78187	94.07798	93.80114	92.47039	92.22502	92.80619	92.38526	91.53990
1/23/2025	11:04:18 AM	95.12980	92.05681	94.46627	92.10014	93.76721	93.64755	94.67510	93.96705	93.68505	92.35504	92.10207	92.68558	92.28013	91.43859
1/23/2025	11:04:21 AM	94.99336	91.94727	94.33732	91.99955	93.65517	93.54323	94.56057	93.85221	93.56517	92.23857	91.97948	92.55873	92.16906	91.33521
1/23/2025	11:04:25 AM	94.84957	91.83140	94.20168	91.89218	93.53662	93.43051	94.44161	93.73518	93.44515	92.11985	91.85726	92.42819	92.05380	91.22878
1/23/2025	11:04:29 AM	94.70655	91.70985	94.05961	91.77810	93.41387	93.31302	94.31902	93.61445	93.32199	92.00229	91.73832	92.29841	91.93610	91.12085
1/23/2025	11:04:32 AM	94.56164	91.59147	93.91924	91.66627	93.28917	93.19246	94.19219	93.49496	93.20054	91.88694	91.62006	92.16821	91.81596	91.00865
1/23/2025	11:04:36 AM	94.41542	91.46349	93.76509	91.52865	93.14471	93.07532	94.08771	93.43131	93.20160	91.92745	91.61387	92.07800	91.69049	90.95218
1/23/2025	11:04:39 AM	94.25604	91.22579	93.43443	87.94027	92.80063	92.88178	94.01503	93.52079	93.31109	92.02061	91.59914	92.03503	91.56168	90.89259
1/23/2025	11:04:43 AM	94.07389	90.98138	93.17318	87.06581	92.57895	92.72356	93.86938	93.38663	93.17747	91.87696	91.38870	91.80993	91.40320	90.73832
1/23/2025	11:04:47 AM	93.78680	90.17804	92.94641	87.84834	92.48348	92.68045	93.82619	93.30041	92.99725	91.62684	91.07796	91.48438	91.24804	90.55637
1/23/2025	11:04:50 AM	93.53088	89.22455	92.88015	88.77463	92.46339	92.63852	93.71936	93.08603	92.69192	91.27851	90.73545	91.14397	91.09910	90.37975
1/23/2025	11:04:54 AM	93.20557	88.91917	92.81475	89.35863	92.34344	92.50878	93.55890	92.95242	92.57274	91.18529	90.61028	90.90643	90.92831	90.25819
1/23/2025	11:04:58 AM	92.75844	86.30669	92.51686	89.48815	92.07719	92.31891	93.44766	92.94495	92.59125	91.12276	90.46080	90.62893	90.76926	90.14353
1/23/2025	11:05:01 AM	92.40589	84.27305	92.33619	89.65352	92.03563	92.28265	93.34790	92.78165	92.40402	90.96380	90.30995	90.38446	90.59368	90.01240
1/23/2025	11:05:05 AM	92.12389	83.84903	91.92875	87.70800	91.71673	92.07716	93.18823	92.70284	92.35367	90.91243	89.55574	90.04428	90.39241	89.85413
1/23/2025	11:05:08 AM	91.78283	82.93591	91.56910	85.53878	91.69536	92.03209	93.13825	92.55005	92.11382	90.62849	89.63987	89.79783	90.25070	89.69833
1/23/2025	11:05:12 AM	91.62396	82.81678	91.34766	86.10168	91.47805	91.74699	92.80213	92.22229	91.84532	90.44874	89.65850	89.72845	90.04901	89.50642
1/23/2025	11:05:16 AM	91.51479	82.77141	91.11254	86.96653	91.18382	91.41252	92.45499	91.90615	91.58304	90.25722	89.55392	89.60537	89.82840	89.30139
1/23/2025	11:05:19 AM	91.35566	82.72441	90.90047	87.58186	90.91288	91.11414	92.15057	91.62588	91.34401	90.06969	89.41380	89.49123	89.61468	89.10175
1/23/2025	11:05:23 AM	91.20227	82.69149	90.73523	87.95913	90.68554	90.86235	91.89929	91.39419	91.13938	89.90457	89.28545	89.40576	89.43094	88.92816
1/23/2025	11:05:26 AM	91.07280	82.68537	90.61860	88.17608	90.50272	90.65225	91.68806	91.19694	90.96404	89.76207	89.17029	89.33758	89.27232	88.77945
1/23/2025	11:05:30 AM	90.96115	82.73032	90.53656	88.27746	90.34917	90.47256	91.50396	91.02467	90.80933	89.63040	89.06773	89.27525	89.13100	88.64397
1/23/2025	11:05:34 AM	90.86828	82.84709	90.47682	88.31032	90.21494	90.31319	91.33703	90.86970	90.66950	89.51154	88.97726	89.22167	89.00617	88.52626
1/23/2025	11:05:37 AM	90.79998	83.01450	90.42656	88.30572	90.09923	90.17572	91.19203	90.73176	90.54438	89.40385	88.89885	89.18049	88.89563	88.42427
1/23/2025	11:05:41 AM	90.75791	83.26999	90.38243	88.28525	90.00291	90.05989	91.06778	90.61300	90.43446	89.31383	88.83235	89.15419	88.80204	88.33624
1/23/2025	11:05:45 AM	90.74350	83.60181	90.33820	88.26567	89.91664	89.95929	90.95861	90.50564	90.33967	89.23510	88.77347	89.13402	88.72386	88.26355
1/23/2025	11:05:48 AM	90.73924	84.17556	90.29460	88.25064	89.83984	89.87150	90.86026	90.40890	90.25524	89.16634	88.72044	89.11600	88.65413	88.19886
1/23/2025	11:05:52 AM	90.73093	84.65909	90.25019	88.23407	89.76931	89.79238	90.77093	90.32438	90.17482	89.09958	88.67361	89.09886	88.59388	88.14052
1/23/2025	11:05:55 AM	90.72013	85.11767	90.20422	88.21453	89.70399	89.71875	90.68824	90.24519	90.09871	89.03742	88.62611	89.07641	88.53771	88.08827
1/23/2025	11:05:59 AM	90.70922	85.74703	90.15983	88.19371	89.64500	89.65578	90.61422	90.17229	90.02831	88.98194	88.58451	89.05376	88.48796	88.04062
1/23/2025	11:06:03 AM	90.69566	86.33935	90.11383	88.16953	89.58816	89.59232	90.54057	90.09743	89.96300	88.92880	88.54361	89.02611	88.43986	87.99478
1/23/2025	11:06:06 AM	90.67707	86.74810	90.07085	88.14397	89.53295	89.53628	90.47368	90.03144	89.90076	88.88038	88.50322	88.99464	88.39483	87.95290
1/23/2025	11:06:10 AM	90.65192	86.99050	90.02652	88.11668	89.48063	89.48101	90.40927	89.96761	89.83862	88.82998	88.46234	88.95714	88.35111	87.91129
1/23/2025	11:06:13 AM	90.61668	87.14397	89.97769	88.08547	89.42659	89.42496	90.34399	89.90459	89.77218	88.77327	88.41731	88.91159	88.30297	87.86533
1/23/2025	11:06:17 AM	90.57235	87.24637	89.92488	88.04821	89.37022	89.36709	90.27685	89.83590	89.70559	88.71662	88.36860	88.86084	88.25225	87.81684
1/23/2025	11:06:21 AM	90.51771	87.31911	89.86897	88.00871	89.31381	89.30867	90.20926	89.76870	89.64370	88.66053	88.31887	88.80933	88.20266	87.76986
1/23/2025	11:06:24 AM	90.46203	87.40631	89.81462	87.96797	89.25985	89.25299	90.14348	89.70308	89.58010	88.60358	88.27018	88.75816	88.15450	87.72424
1/23/2025	11:06:28 AM	90.40397	87.47699	89.76009	87.92665	89.20580	89.19824	90.07827	89.64004	89.51667	88.54744	88.22077	88.70504	88.10589	87.67700
1/23/2025	11:06:32 AM	90.34379	87.52056	89.70423	87.88290	89.14954	89.13882	90.00910	89.57506	89.44932	88.48822	88.17114	88.64886	88.05498	87.62834
1/23/2025	11:06:35 AM	90.28012	87.53878	89.64871	87.83943	89.09405	89.08228	89.94519	89.51336	89.38684	88.43422	88.12788	88.60016	88.00971	87.58406
1/23/2025	11:06:39 AM	90.21932	87.55018	89.59495	87.79832	89.04043	89.02812	89.88044	89.44805	89.32355	88.37860	88.08536	88.54957	87.95947	87.53574
1/23/2025	11:06:42 AM	90.15412	87.54532	89.53416	87.75012	88.98063	88.96950	89.81213	89.37931	89.25849	88.31896	88.03994	88.49603	87.90722	87.48561
1/23/2025	11:06:46 AM	90.08781	87.53497	89.47338	87.70116	88.92088	88.91060	89.74305	89.31278	89.19350	88.26084	87.99322	88.44204	87.85526	87.43563
1/23/2025	11:06:49 AM	90.02131	87.52261	89.41174	87.65268	88.86362	88.85283	89.67808	89.24907	89.13038	88.20544	87.94655	88.39013	87.80489	87.38742
1/23/2025	11:06:53 AM	89.95688	87.51080	89.35202	87.60611	88.80813	88.79741	89.61343	89.18822	89.06531	88.14719	87.89629	88.33613	87.75231	87.33699
1/23/2025	11:06:57 AM	89.88808	87.49376	89.28770	87.55571	88.74879	88.73629	89.54576	89.12253	88.99818	88.08675	87.84360	88.28149	87.69775	87.28402
1/23/2025	11:07:00 AM	89.81942	87.47229	89.22553	87.50535	88.69067	88.67770	89.47908	89.05526	88.93524	88.03113	87.79184	88.22827	87.64601	87.23420
1/23/2025	11:07:04 AM	89.75055	87.44693	89.16281	87.45542	88.63252	88.62017	89.41293	88.99078	88.87209	87.97093	87.73605	88.17267	87.59327	87.18275
1/23/2025	11:07:08 AM	89.68323	87.41687	89.10238	87.40591	88.57549	88.56121	89.34729	88.92853	88.80980	87.91426	87.68087	88.11594	87.54117	87.13175
1/23/2025	11:07:11 AM	89.61565	87.38113	89.04118	87.35552	88.51812	88.50248	89.28191	88.86507	88.74587	87.85588	87.62352	88.05824	87.48687	87.07801
1/23/2025	11:07:15 AM	89.54605	87.33899	88.97681	87.30191	88.45495	88.44092	89.21305	88.79710	88.67751	87.79499	87.56440	87.99951	87.42984	87.02214
1/23/2025	11:07:18 AM	89.47586	87.29392	88.91213	87.24855	88.39279	88.37939	89.14566	88.73081	88.61493	87.73549	87.50713	87.94233	87.37596	86.96927
1/23/2025	11:07:22 AM	89.40874	87.24835	88.85063	87.19745	88.33456	88.31981	89.07970	88.66554	88.55109	87.67665	87.45079	87.88627	87.32222	86.91646
1/23/2025	11:07:26 AM	89.34126	87.20033	88.78763	87.14282	88.27281	88.25840	89.01149	88.59944	88.48413	87.61735	87.39360	87.82752	87.26569	86.86204
1/23/2025	11:07:29 AM	89.27365	87.15100	88.72407	87.08863	88.21250	88.19827	88.94556	88.53556	88.41841	87.55972	87.33535	87.76822	87.20993	86.80679
1/23/2025	11:07:33 AM	89.20485	87.09926	88.65987	87.03402	88.15181	88.13762	88.87893	88.47205	88.35213	87.49700	87.27554	87.70749	87.15468	86.75211
1/23/2025	11:07:36 AM	89.13714	87.04733	88.59801	86.98113	88.09311	88.07796	88.81229	88.40335	88.28516	87.43486	87.21656	87.64613	87.09904	86.69683
1/23/2025	11:07:40 AM	89.06631	86.99245	88.53371	86.92583	88.03187	88.01596	88.74490	88.33724	88.21651	87.37474	87.15728	87.58364	87.04093	86.63964
1/23/2025	11:07:44 AM	88.99561	86.93649	88.46853	86.87037	87.97005	87.95459	88.67702	88.27142	88.15178	87.31664	87.10233	87.52596	86.98607	86.58476
1/23/2025	11:07:47 AM	88.92780	86.88151	88.40490	86.81616	87.91078	87.89412	88.60964	88.20913	88.08871	87.26095	87.04932	87.47041	86.93178	86.53163
1/23/2025	11:07:51 AM	88.86105	86.82770	88.34293	86.76284	87.85226	87.83526	88.54431	88.14414	88.02828	87.20600	86.99886	87.41567	86.87801	86.47967
1/23/2025	11:07:54 AM	88.79538	86.77441	88.28187	86.71135	87.79595	87.77822	88.48132	88.08094	87.96832	87.15320	86.94747	87.36116	86.82509	86.42819
1/23/2025	11:07:58 AM	88.73018	86.72201	88.22041	86.65873	87.73915	87.72176	88.41873	88.02001	87.90865	87.09951	86.89652	87.30713	86.77239	86.37681
1/23/2025	11:08:02 AM	88.66490	86.66808	88.15770	86.60568	87.68001	87.66182	88.35297	87.95614	87.84583	87.04180	86.84222	87.25111	86.71621	86.32267
1/23/2025	11:08:05 AM	88.59877	86.61405	88.09502	86.55219	87.62191	87.60265	88.28718	87.89363	87.78334	86.98450	86.78812	87.19589	86.66181	86.26977
1/23/2025	11:08:09 AM	88.53396	86.56119	88.03498	86.50084	87.56561	87.55574	88.22608	87.84343	87.73514	86.94780	86.74905	87.15077	86.60814	86.23015
1/23/2025	11:08:13 AM	88.46736	86.44444	87.91412	86.18176	87.41690	87.41303	88.08441	87.72339	87.66154	86.85227	86.63574	87.01224	86.46725	86.12577
1/23/2025	11:08:16 AM	88.14775	82.55988	87.53266	81.95315	83.97230	81.45047	87.95805	87.68725	87.63475	86.76154	83.15896	82.52197	86.22897	85.87787
1/23/2025	11:08:20 AM	87.70758	81.61542	86.99333	80.84109	81.88614	80.87347	87.64219	87.34867	87.25478	86.28763	81.87286	82.58962	85.94552	84.91932
1/23/2025	11:08:24 AM	82.17815	79.61833	83.58832	80.15414	82.68453	80.52317	87.31525	86.95356	83.65486	77.54875	76.76178	76.67866	76.85736	76.75731
1/23/2025	11:08:27 AM	76.45220	76.44288	76.68707	76.61816	76.65717	76.66629	76.69579	76.74248	76.63919	76.68997	76.71906	76.63171	76.53749	76.59095
1/23/2025	11:08:31 AM	76.59091	76.56040	76.62702	76.60141	76.65057	76.62169	76.62659	76.59407	76.52839	76.65318	76.62278	76.59009	76.46580	76.54385
1/23/2025	11:08:34 AM	76.51093	76.56003	76.61840	76.54042	76.71061	76.52605	76.64454	76.63836	76.57291	76.65409	76.59020	76.59512	76.53369	76.57482
1/23/2025	11:08:38 AM	76.56445	76.59014	76.64686	76.60480	76.66460	76.59188	76.62346	76.62655	76.58372	76.66059	76.59625	76.60288	76.55888	76.58542
1/23/2025	11:08:42 AM	76.58497	76.57776	76.64729	76.62263	76.66163	76.61982	76.63401	76.62950	76.58125	76.66015	76.59887	76.59128	76.55832	76.59291
1/23/2025	11:08:45 AM	76.58202	76.57194	76.64322	76.62591	76.65389	76.62609	76.62448	76.62031	76.58213	76.65431	76.59575	76.59484	76.55927	76.59398
1/23/2025	11:08:49 AM	76.58556	76.57676	76.64141	76.61963	76.64893	76.62596	76.61860	76.61720	76.57778	76.64932	76.59613	76.59766	76.55588	76.59262
1/23/2025	11:08:52 AM	76.58570	76.57993	76.64191	76.61878	76.64789	76.62819	76.61937	76.60740	76.57730	76.64644	76.59263	76.59426	76.55574	76.59297
1/23/2025	11:08:56 AM	76.58367	76.57804	76.64140	76.61879	76.64661	76.62676	76.61756	76.61365	76.57844	76.64477	76.59480	76.59607	76.55621	76.59104
1/23/2025	11:09:00 AM	76.58465	76.58013	76.64095	76.61814	76.64363	76.62465	76.60875	76.61286	76.57721	76.64357	76.59493	76.59810	76.55531	76.59076
1/23/2025	11:09:03 AM	76.58686	76.58013	76.64130	76.61758	76.64333	76.62531	76.60893	76.61110	76.57758	76.64123	76.59518	76.59980	76.55570	76.58916
1/23/2025	11:09:07 AM	76.58657	76.57999	76.64130	76.61746	76.64414	76.62567	76.60912	76.60983	76.57720	76.63851	76.59568	76.60152	76.55444	76.58827
1/23/2025	11:09:11 AM	76.58681	76.58088	76.64130	76.61509	76.64193	76.62493	76.60844	76.60801	76.57630	76.63796	76.59527	76.60224	76.55206	76.58764
1/23/2025	11:09:14 AM	76.58649	76.58052	76.64095	76.61444	76.64228	76.62427	76.60847	76.60687	76.57637	76.63824	76.59551	76.60309	76.55136	76.58815
1/23/2025	11:09:18 AM	76.58677	76.58014	76.64144	76.61498	76.64309	76.62404	76.60826	76.60740	76.57703	76.63800	76.59555	76.60369	76.55066	76.58796
1/23/2025	11:09:22 AM	76.58709	76.58052	76.64092	76.61395	76.64311	76.62411	76.60791	76.60655	76.57650	76.63762	76.59549	76.60401	76.55030	76.58823
1/23/2025	11:09:25 AM	76.58679	76.58071	76.64056	76.61313	76.64260	76.62464	76.60737	76.60559	76.57611	76.63735	76.59525	76.60324	76.54913	76.58823
1/23/2025	11:09:29 AM	76.58651	76.58052	76.63991	76.61298	76.64151	76.62355	76.60752	76.60530	76.57627	76.63698	76.59550	76.60388	76.54943	76.58928
1/23/2025	11:09:32 AM	76.58681	76.58064	76.63982	76.61243	76.64140	76.62357	76.60743	76.60487	76.57602	76.63713	76.59555	76.60408	76.55002	76.58968
1/23/2025	11:09:36 AM	76.58670	76.58100	76.63997	76.61210	76.64134	76.62376	76.60694	76.60422	76.57589	76.63619	76.59605	76.60409	76.54993	76.58971
1/23/2025	11:09:40 AM	76.58703	76.58043	76.64035	76.61217	76.64102	76.62329	76.60717	76.60282	76.57524	76.63598	76.59615	76.60362	76.54983	76.59041
1/23/2025	11:09:43 AM	76.58701	76.58010	76.63988	76.61182	76.64098	76.62282	76.60676	76.60237	76.57513	76.63565	76.59599	76.60364	76.54966	76.59004
1/23/2025	11:09:47 AM	76.58708	76.58035	76.63939	76.61154	76.64029	76.62301	76.60642	76.60198	76.57459	76.63523	76.59563	76.60361	76.55020	76.59047
