1/23/2025	3:07:16 PM	77.66095	77.42033	77.53036	77.93806	77.52679	77.91905	77.82174	85.51122	91.23734	91.63717	1066.91303	86.98447	77.21219	78.90281
1/23/2025	3:07:20 PM	80.45910	81.85249	80.55335	80.24830	79.79398	81.08751	80.88220	94.16720	98.07773	97.61508	548.38871	94.32825	78.94672	87.12593
1/23/2025	3:07:23 PM	86.41582	86.86237	80.07774	84.14770	84.10088	86.60234	88.59114	100.22568	103.89675	103.20946	702.54007	99.85288	84.84637	93.48942
1/23/2025	3:07:27 PM	91.75462	90.93479	84.27178	88.21148	88.77363	91.52109	95.21902	107.30678	112.13273	110.44189	798.75201	104.89907	92.81862	98.48363
1/23/2025	3:07:30 PM	97.59753	94.97351	89.91953	92.27744	92.50032	95.82753	100.43701	115.28289	118.90365	116.93414	454.47280	109.74842	100.03577	103.22637
1/23/2025	3:07:34 PM	102.45011	99.35040	95.10749	95.97523	95.65789	100.50812	106.54195	121.81346	125.04479	123.01874	881.51549	114.43422	105.33519	109.20292
1/23/2025	3:07:38 PM	106.94981	103.07081	98.84846	99.00675	99.74915	105.21055	111.48361	127.48418	130.39852	128.47414	728.21082	118.93709	109.93242	115.13073
1/23/2025	3:07:41 PM	111.06883	107.00762	102.16492	101.95950	102.96058	109.71510	116.40493	132.59530	135.72888	133.84540	288.21813	123.43825	114.19584	120.35958
1/23/2025	3:07:45 PM	115.08930	110.89620	105.20573	104.94979	105.88715	113.77448	120.65271	137.23648	140.86287	139.46167	859.62388	127.67134	118.13960	125.36198
1/23/2025	3:07:48 PM	118.56502	114.44209	108.02859	107.83919	109.08066	117.45708	124.88786	141.70345	146.13989	144.96263	1111.65984	132.00628	121.83922	129.97016
1/23/2025	3:07:52 PM	122.28500	117.79007	110.93872	110.67028	112.32356	121.23544	129.08917	146.36096	151.42510	150.68312	266.12958	136.13470	125.51421	134.38407
1/23/2025	3:07:56 PM	125.81644	120.97296	113.80367	113.55592	115.50228	124.63386	133.23429	150.55678	157.05940	156.42419	825.52024	140.08889	129.14570	139.06039
1/23/2025	3:07:59 PM	129.19318	124.23074	116.71331	116.16958	118.51867	128.13052	137.37071	154.62386	162.69606	161.94713	930.86803	144.29138	132.59268	143.26443
1/23/2025	3:08:03 PM	132.52572	127.55330	119.69415	118.89832	121.69087	131.58810	141.52655	158.58123	168.02625	167.43302	357.78870	148.50506	136.14860	147.63490
1/23/2025	3:08:06 PM	136.18380	130.75069	122.88575	121.82961	124.51883	135.13214	145.67824	162.41309	173.07949	172.88747	1046.37329	152.81515	139.82945	151.99825
1/23/2025	3:08:10 PM	139.62149	133.95833	125.74728	124.65697	127.52382	138.69730	149.66326	166.34800	177.92413	178.35083	215.95949	156.98698	143.52748	156.40551
1/23/2025	3:08:14 PM	143.36030	137.25223	128.84207	127.59473	130.77965	142.19536	153.51211	170.51865	182.34610	183.68586	717.72338	161.13611	147.30574	160.77438
1/23/2025	3:08:17 PM	146.96241	140.71911	131.75928	130.90753	133.90361	145.74469	157.43006	174.76070	186.96545	189.01961	177.00643	165.32097	150.95348	164.99828
1/23/2025	3:08:21 PM	150.51473	143.81848	134.35866	133.93217	137.46211	149.33046	161.27182	178.67751	191.09867	193.92427	982.08008	169.18274	154.56343	168.95283
1/23/2025	3:08:25 PM	153.87591	146.92015	137.25316	136.95460	140.64780	152.70312	165.04655	182.59774	195.01814	198.80752	283.26277	173.03489	158.13110	172.90113
1/23/2025	3:08:28 PM	157.34757	150.03654	140.32248	140.12631	144.14050	156.17793	168.75019	186.16852	198.98841	203.58182	190.69294	176.72199	161.61238	176.68873
1/23/2025	3:08:32 PM	160.78316	153.26002	143.19070	143.18967	147.03802	159.43515	172.33185	189.87682	202.71867	208.30360	195.16237	180.57440	164.96516	180.49986
1/23/2025	3:08:35 PM	163.97227	156.37794	145.81940	146.10485	149.77956	162.40326	175.75820	193.32606	206.21051	212.76443	199.37289	184.14435	168.20284	184.04675
1/23/2025	3:08:39 PM	167.42332	159.37826	148.55784	149.09158	152.66700	165.37528	179.03932	196.63282	209.57901	217.26077	203.18160	187.80931	171.30859	187.49294
1/23/2025	3:08:42 PM	170.50364	162.16637	151.38454	152.13446	155.37858	168.35206	182.31135	199.78221	212.93359	221.24381	206.68485	191.14612	174.48249	190.75475
1/23/2025	3:08:46 PM	173.46313	164.92700	153.90455	155.20656	158.53396	171.18985	185.32606	203.00715	216.15797	224.98075	210.35134	194.26791	177.28227	193.75517
1/23/2025	3:08:50 PM	176.32957	167.55685	156.44228	157.73638	160.92894	173.84314	188.06575	205.70528	218.73195	228.32695	213.30872	196.46432	178.70526	195.10120
1/23/2025	3:08:53 PM	176.26369	168.56804	157.24093	159.22518	163.40579	174.38611	187.89917	205.96920	217.31653	224.97940	211.04662	195.87113	175.97271	192.37167
1/23/2025	3:08:57 PM	176.38906	170.06457	160.65571	162.74230	166.92154	175.68630	187.55567	204.55156	214.39634	221.01326	207.74781	192.54708	171.63936	188.56122
1/23/2025	3:09:01 PM	172.49773	168.06714	159.91047	162.08436	166.68565	174.00666	185.55825	202.45922	211.15578	217.30868	205.07890	190.54369	167.24526	185.71389
1/23/2025	3:09:04 PM	170.26314	167.19379	159.72728	161.72055	166.37212	172.42934	184.20237	200.69165	208.66821	214.00810	202.41340	187.42256	166.01504	182.94095
1/23/2025	3:09:08 PM	168.17821	166.46961	159.79468	161.77518	167.31830	172.58551	184.17853	199.37840	206.58243	211.03171	199.76505	184.74102	166.58864	182.42669
1/23/2025	3:09:12 PM	166.55940	165.94486	161.08713	165.80706	172.31434	175.25956	185.42739	200.07209	205.93250	209.61357	198.09023	183.49358	165.72257	181.04861
1/23/2025	3:09:15 PM	166.34845	165.76717	161.52288	166.26850	172.53614	174.99758	184.93575	199.08806	204.39045	207.46880	196.40648	182.09051	165.06244	179.87061
1/23/2025	3:09:19 PM	166.19873	165.84040	161.93517	166.59844	172.73186	175.11277	184.87804	198.17478	202.80499	205.62881	194.91231	180.61952	166.05809	178.83096
1/23/2025	3:09:22 PM	166.00756	165.90431	163.45464	169.22044	175.39332	177.03493	186.00376	197.63093	201.58750	204.04277	193.60862	180.22756	165.56493	177.93581
1/23/2025	3:09:26 PM	166.97775	166.89471	164.24186	169.64639	175.79908	177.37900	186.02573	197.15449	200.63876	202.90393	192.90072	179.33200	167.88917	179.61177
1/23/2025	3:09:29 PM	167.96054	168.05876	165.23440	171.37392	178.29248	181.63131	190.96683	202.78171	207.34459	206.66992	197.30819	184.85926	175.00798	187.25903
1/23/2025	3:09:33 PM	174.22578	172.24095	169.13144	174.50260	181.78557	186.33906	196.35006	207.91277	214.51136	211.59071	202.65060	190.63594	181.31804	193.87626
1/23/2025	3:09:37 PM	179.55031	176.14488	172.33816	177.08383	184.76840	190.60275	201.11561	212.53498	220.58941	216.19973	207.36804	195.46322	186.71868	199.61782
1/23/2025	3:09:40 PM	184.08701	179.75869	175.52206	179.59507	187.58990	194.54652	205.55741	216.72557	225.71290	220.15452	211.31775	199.61610	191.28819	204.45558
1/23/2025	3:09:44 PM	187.87742	182.90434	178.29480	182.11183	190.20131	198.03728	209.29201	220.54812	229.95164	223.79847	214.81957	203.19079	195.17604	208.47838
1/23/2025	3:09:48 PM	191.09522	185.76586	180.94330	184.59674	192.54341	201.14489	212.64864	223.83249	233.59336	226.88442	217.84455	206.42442	198.64704	212.12914
1/23/2025	3:09:51 PM	194.13456	188.41432	183.29610	186.94319	194.78625	203.91505	215.64157	226.89663	236.78788	229.87713	220.67466	209.22289	201.74339	215.34180
1/23/2025	3:09:55 PM	196.75251	191.00316	185.58642	189.05217	196.91164	206.51813	218.34888	229.68263	239.54369	232.48462	223.08384	211.74821	204.52380	218.22404
1/23/2025	3:09:58 PM	199.18321	193.16526	187.75062	191.09193	199.07880	208.93029	220.80734	232.20826	242.10075	234.90974	225.27885	214.13105	207.15027	220.84603
1/23/2025	3:10:02 PM	201.51055	195.35183	189.68747	193.11544	201.12017	211.22392	222.94478	234.56255	244.34610	237.09859	227.46641	216.38227	209.58560	223.13830
1/23/2025	3:10:06 PM	203.83230	197.47031	191.69819	194.95087	202.92712	213.32058	225.00912	236.65712	246.42380	239.24445	229.44988	218.37277	211.82672	225.38922
1/23/2025	3:10:09 PM	205.88277	199.49296	193.59955	196.89141	204.73197	215.36730	226.80618	238.62928	248.28921	241.20034	231.21834	220.30806	213.93016	227.41904
1/23/2025	3:10:13 PM	207.82852	201.26663	195.32037	198.63396	206.39840	217.27398	228.59050	240.47483	250.04315	242.94439	232.99776	222.27843	215.85363	229.45043
1/23/2025	3:10:16 PM	209.54729	202.97089	197.01049	200.23098	207.97361	219.10368	230.39604	242.23986	251.63006	244.61676	234.47835	223.92164	217.65935	231.28650
1/23/2025	3:10:20 PM	211.15724	204.62552	198.62995	201.90218	209.49590	220.77726	232.04143	243.94759	253.11238	246.26026	236.10095	225.53839	219.40721	232.91603
1/23/2025	3:10:24 PM	212.77027	206.41269	200.36691	203.51161	210.96605	222.38115	233.61977	245.49884	254.51042	247.88376	237.56379	227.17010	221.08559	234.54203
1/23/2025	3:10:27 PM	214.24755	207.73990	201.57870	204.79205	212.39812	223.96168	235.11166	246.99839	255.82619	249.40543	239.08926	228.71290	222.66463	235.96371
1/23/2025	3:10:31 PM	215.77169	209.21417	202.95856	206.22761	213.83587	225.50204	236.52899	248.47009	257.03589	250.75677	240.53522	230.14354	224.18795	237.38892
1/23/2025	3:10:34 PM	217.23806	210.69561	204.27388	207.62277	215.21207	226.91517	237.87568	249.78514	258.16743	252.02954	241.75137	231.50299	225.56121	238.72643
1/23/2025	3:10:38 PM	218.61754	212.08150	205.66402	208.96253	216.53842	228.38149	239.24518	251.10015	259.14891	253.28944	243.02707	232.87764	226.95830	240.04821
1/23/2025	3:10:42 PM	219.87797	213.27986	207.00694	210.25697	217.85421	229.73855	240.58724	252.36248	260.09212	254.49907	244.27766	234.29184	228.33995	241.35957
1/23/2025	3:10:45 PM	221.24245	214.61405	208.35232	211.63574	219.07203	230.97599	241.73496	253.48270	260.90206	255.67423	245.54231	235.55699	229.60213	242.56048
1/23/2025	3:10:49 PM	222.55565	216.02188	209.79618	212.95396	220.33410	232.26853	242.93296	254.58136	261.63673	256.68198	246.65484	236.75967	230.84268	243.67877
1/23/2025	3:10:53 PM	223.76247	217.34733	210.99356	214.26246	221.50587	233.48292	244.02748	255.57033	262.40373	257.71452	247.82608	237.95655	232.02565	244.82320
1/23/2025	3:10:56 PM	225.01904	218.59840	212.21849	215.48704	222.66609	234.63753	245.17502	256.55703	263.07311	258.62558	248.86590	239.17121	233.21473	245.92582
1/23/2025	3:11:00 PM	226.21725	219.75319	213.40782	216.70116	223.89978	235.78081	246.23861	257.41537	263.71542	259.47649	249.94016	240.33993	234.40235	247.06803
1/23/2025	3:11:03 PM	227.34806	220.93005	214.55561	217.78415	224.97855	236.82449	247.30625	258.26561	264.35106	260.15842	250.80924	241.43610	235.54692	248.16573
1/23/2025	3:11:07 PM	228.39830	221.96249	215.66321	218.88048	226.02041	237.92505	248.31512	259.04917	265.00245	260.87875	251.83820	242.51986	236.65008	249.19475
1/23/2025	3:11:11 PM	229.49395	223.04051	216.74710	220.04728	227.03544	239.03035	249.27487	259.75955	265.65132	261.63420	252.78490	243.51168	237.77589	250.20953
1/23/2025	3:11:14 PM	230.57235	224.10415	217.70876	221.00799	228.12408	240.07081	250.28005	260.48752	266.24738	262.40111	253.61990	244.49346	238.89756	251.18977
1/23/2025	3:11:18 PM	231.71500	225.18289	218.71397	222.01265	229.01816	241.12451	251.22557	261.19995	266.82456	263.07214	254.30289	245.44854	239.93469	252.11131
1/23/2025	3:11:21 PM	232.77196	226.28144	219.78778	223.05236	230.02808	242.09441	252.09189	261.84322	267.48178	263.78415	255.11894	246.34237	240.91112	252.97236
1/23/2025	3:11:25 PM	233.67695	227.27438	220.80277	224.06574	231.00930	243.02111	252.92100	262.55667	268.19238	264.43225	255.82463	247.23899	241.88333	253.80961
1/23/2025	3:11:29 PM	234.69542	228.27682	221.90826	225.12246	232.05480	243.97760	253.68338	263.26483	268.94759	265.13346	256.51756	248.08729	242.82393	254.59173
1/23/2025	3:11:32 PM	235.62440	229.19720	222.88845	226.06007	232.96318	244.88279	254.44221	263.97819	269.79233	265.95647	257.29672	248.96939	243.72364	255.30179
1/23/2025	3:11:36 PM	236.52115	230.15622	223.87944	227.05926	233.91739	245.75484	255.23472	264.73441	270.64921	266.80706	258.00672	249.79947	244.59372	256.01824
1/23/2025	3:11:39 PM	237.45999	231.00633	224.77988	228.14462	234.79833	246.60589	255.99097	265.52721	271.51391	267.71334	258.64023	250.55993	245.49273	256.71522
1/23/2025	3:11:43 PM	238.38609	231.98762	225.69942	228.98735	235.70193	247.46185	256.65964	266.35636	272.35161	268.57926	259.36488	251.33383	246.32831	257.37581
1/23/2025	3:11:47 PM	239.34222	232.88423	226.61327	229.83520	236.64836	248.29858	257.38275	267.30536	273.18637	269.40232	260.07131	252.10458	247.15661	258.05648
1/23/2025	3:11:50 PM	240.07573	233.74686	227.39812	230.59846	237.45759	249.06542	258.03579	268.12024	273.98210	270.21154	260.77854	252.79858	247.95113	258.75026
1/23/2025	3:11:54 PM	240.88336	234.53251	228.18199	231.45721	238.38508	249.86490	258.61080	268.88264	274.76686	271.03944	261.64810	253.55990	248.73412	259.46750
1/23/2025	3:11:58 PM	241.75175	235.35054	229.09936	232.23794	239.19756	250.64052	259.25268	269.66711	275.47811	271.79504	262.42237	254.28896	249.51672	260.16815
1/23/2025	3:12:01 PM	242.56866	236.22285	229.95265	233.07927	240.05236	251.45145	259.92648	270.42428	276.20390	272.57112	263.17916	254.97226	250.28380	260.79853
1/23/2025	3:12:05 PM	243.40018	237.07365	230.90979	233.89631	240.86734	252.20779	260.60471	271.19595	276.87029	273.27648	263.90332	255.61382	251.00193	261.47296
1/23/2025	3:12:08 PM	244.14494	237.85471	231.68922	234.73721	241.76185	252.89866	261.35102	271.96116	277.56619	274.02193	264.65931	256.25438	251.70569	262.07977
1/23/2025	3:12:12 PM	244.90789	238.76495	232.60982	235.62844	242.57422	253.61615	262.10711	272.68582	278.26086	274.80214	265.54324	256.96365	252.44346	262.76696
1/23/2025	3:12:15 PM	245.64000	239.48665	233.36452	236.37900	243.29806	254.33840	262.86010	273.40650	278.92589	275.49442	266.29544	257.68844	253.15588	263.47637
1/23/2025	3:12:19 PM	246.40874	240.16237	234.12788	237.09110	244.01616	255.03404	263.61505	274.11776	279.57941	276.19108	266.99645	258.40115	253.85878	264.19688
1/23/2025	3:12:23 PM	247.10317	240.93230	234.91373	237.84454	244.78157	255.67826	264.34528	274.82715	280.25087	276.90078	267.68854	259.11583	254.51037	264.86526
1/23/2025	3:12:26 PM	247.79816	241.63863	235.62112	238.58178	245.56979	256.34687	265.07436	275.51924	280.89353	277.57206	268.35063	259.84421	255.17672	265.59683
1/23/2025	3:12:30 PM	248.48361	242.30837	236.37962	239.33963	246.24786	256.94519	265.73176	276.17729	281.52195	278.25957	269.07612	260.57531	255.82478	266.29883
1/23/2025	3:12:34 PM	249.12317	242.99936	237.14879	240.07993	246.96797	257.58118	266.34551	276.81980	282.14366	278.92993	269.83668	261.27239	256.43981	266.99113
1/23/2025	3:12:37 PM	249.75653	243.75394	237.91535	240.84002	247.70732	258.20501	267.01989	277.46255	282.77509	279.62922	270.56171	261.97412	257.07677	267.70286
1/23/2025	3:12:41 PM	250.46975	244.44855	238.70273	241.54345	248.41800	258.83456	267.73245	278.12936	283.36502	280.24182	271.24510	262.64901	257.71132	268.45741
1/23/2025	3:12:44 PM	251.08310	245.09978	239.46420	242.19332	249.03481	259.45671	268.42613	278.76761	283.93267	280.83742	271.88694	263.28529	258.31527	269.14800
1/23/2025	3:12:48 PM	251.72834	245.78206	240.22969	242.85381	249.71406	260.05438	269.09327	279.38385	284.51188	281.46646	272.50703	263.92750	258.89947	269.77846
1/23/2025	3:12:52 PM	252.31032	246.41931	240.92744	243.45163	250.24054	260.68039	269.77906	280.03520	285.08480	282.03249	273.14724	264.55889	259.46781	270.41365
1/23/2025	3:12:55 PM	252.93405	247.04803	241.60696	244.12145	250.90773	261.30622	270.42641	280.62564	285.61118	282.59569	273.76526	265.21056	260.08636	271.07215
1/23/2025	3:12:59 PM	253.56370	247.67818	242.25816	244.78184	251.50818	261.96313	271.06368	281.22541	286.13912	283.15758	274.40894	265.86612	260.70897	271.68334
1/23/2025	3:13:03 PM	254.14347	248.27034	242.92433	245.46450	252.19075	262.62941	271.70879	281.80238	286.68568	283.69637	275.05672	266.50585	261.31997	272.30389
1/23/2025	3:13:06 PM	254.73089	248.86342	243.51856	246.04004	252.77596	263.27937	272.32535	282.35692	287.16447	284.20701	275.60662	267.11291	261.92703	272.91183
1/23/2025	3:13:10 PM	255.36558	249.48657	244.19066	246.72894	253.36533	263.95058	272.90110	282.87496	287.63507	284.75028	276.23622	267.73478	262.52613	273.45171
1/23/2025	3:13:13 PM	255.98086	250.09863	244.88924	247.45762	253.93711	264.59427	273.50572	283.44707	288.10589	285.25966	276.82441	268.37273	263.14063	274.01527
1/23/2025	3:13:17 PM	256.60958	250.71809	245.59092	248.11396	254.54314	265.20916	274.10467	283.95316	288.60829	285.78682	277.43947	268.98774	263.75921	274.63160
1/23/2025	3:13:20 PM	257.25120	251.30849	246.21178	248.72307	255.12121	265.82267	274.68927	284.44565	289.07448	286.30663	278.03981	269.58040	264.35586	275.21935
1/23/2025	3:13:24 PM	257.82626	251.82755	246.80611	249.36282	255.66438	266.41966	275.22590	284.92176	289.53109	286.80811	278.61252	270.18935	264.95823	275.81417
1/23/2025	3:13:28 PM	258.44651	252.39902	247.40611	249.89752	256.25389	267.02704	275.79658	285.40677	289.96756	287.29880	279.15387	270.77987	265.55011	276.37143
1/23/2025	3:13:31 PM	259.04195	252.97763	248.01520	250.46425	256.81630	267.60925	276.36872	285.92701	290.38965	287.76516	279.68967	271.34944	266.11290	276.94250
1/23/2025	3:13:35 PM	259.60126	253.49754	248.51137	250.90012	257.36938	268.13741	276.95868	286.45525	290.87347	288.24171	280.20307	271.92401	266.65536	277.47923
1/23/2025	3:13:39 PM	260.14413	254.05826	249.11679	251.41823	257.89905	268.71339	277.51015	287.00343	291.30424	288.68080	280.71712	272.45595	267.15922	277.94029
1/23/2025	3:13:42 PM	260.64869	254.68635	249.76267	251.94076	258.40801	269.27077	278.04786	287.57458	291.68939	289.09341	281.22161	273.00345	267.64036	278.37184
1/23/2025	3:13:46 PM	261.18481	255.31717	250.41011	252.44919	258.95910	269.81833	278.57411	288.10187	292.09672	289.54330	281.81776	273.71308	268.23806	278.80578
1/23/2025	3:13:50 PM	262.39192	257.10509	252.73236	254.31359	260.25660	269.79348	278.48573	287.92241	291.96729	290.25787	283.00951	275.36270	269.14276	279.57332
1/23/2025	3:13:53 PM	264.35676	260.00684	255.66314	256.27630	261.53711	269.88257	278.49361	287.80544	292.04700	291.15004	283.99594	276.63319	269.88963	280.02035
1/23/2025	3:13:57 PM	265.89674	262.31375	258.34814	257.80566	262.53962	270.10794	278.58798	287.76872	292.22849	291.99815	284.64342	277.72149	270.48485	280.11172
1/23/2025	3:14:01 PM	267.38459	264.31397	260.76270	259.38191	263.48540	270.41946	278.80666	287.74227	292.40926	292.74937	285.43342	278.80356	271.20563	280.40267
1/23/2025	3:14:04 PM	268.89280	266.19572	262.89761	260.86454	264.41026	270.87291	279.06028	287.67117	292.51421	293.32481	286.31171	279.96360	271.86213	280.65814
1/23/2025	3:14:08 PM	270.34667	268.13357	264.53750	261.91330	265.32098	271.33678	279.34467	287.71793	292.81349	294.06069	287.28999	280.93783	272.39379	281.01813
1/23/2025	3:14:11 PM	271.71298	269.78630	266.15928	263.10955	266.18204	271.83826	279.65845	287.76377	293.06053	294.75044	288.22741	282.07134	272.92565	281.39206
1/23/2025	3:14:15 PM	273.07189	271.30145	267.48528	264.26635	267.01447	272.42107	280.05703	287.80607	293.20085	295.24305	289.01244	283.18270	273.59969	281.68194
1/23/2025	3:14:19 PM	274.33939	272.75892	268.98640	265.39718	267.81130	273.06224	280.42538	287.89470	293.33990	295.68710	289.58938	284.04481	274.13162	281.94992
1/23/2025	3:14:22 PM	275.53142	274.04013	270.45641	266.55148	268.61851	273.69873	280.83559	287.98628	293.51278	296.09193	290.24123	284.98480	274.74547	282.28748
1/23/2025	3:14:26 PM	276.73200	275.31813	271.77365	267.49047	269.34717	274.37028	281.25004	288.09676	293.62564	296.36367	290.88221	285.90155	275.48629	282.78384
1/23/2025	3:14:29 PM	277.89485	276.46573	272.96708	268.44413	270.06595	275.00478	281.75004	288.22652	293.75667	296.72666	291.53147	286.80091	276.16178	283.23646
1/23/2025	3:14:33 PM	278.92959	277.60813	274.08844	269.39700	270.81561	275.65188	282.22186	288.37233	293.83508	297.06056	292.17496	287.69424	276.84081	283.71122
1/23/2025	3:14:37 PM	280.04998	278.71674	275.12559	270.17023	271.53855	276.28236	282.72741	288.55000	293.95606	297.35995	292.69723	288.58726	277.51628	284.18155
1/23/2025	3:14:40 PM	281.16942	279.74153	275.96641	270.85777	272.14322	276.90818	283.17431	288.75295	294.11066	297.65158	293.34041	289.44124	278.24615	284.66004
1/23/2025	3:14:44 PM	282.04299	280.68161	276.98210	271.66177	272.84882	277.55638	283.70688	288.95626	294.32393	297.92928	293.93986	290.23670	278.90926	285.15614
1/23/2025	3:14:47 PM	282.90410	281.55737	277.92682	272.29253	273.44418	278.16048	284.20275	289.17022	294.49401	298.20961	294.54501	290.99395	279.60471	285.69786
1/23/2025	3:14:51 PM	283.72648	282.52201	278.86518	273.03327	274.09019	278.75104	284.71421	289.40682	294.74583	298.50606	295.15753	291.74827	280.29738	286.23747
1/23/2025	3:14:54 PM	284.56155	283.40869	279.76201	273.77197	274.84506	279.41933	285.21742	289.67118	294.93104	298.71903	295.64206	292.41709	280.91195	286.75061
1/23/2025	3:14:58 PM	285.30615	284.26079	280.74907	274.54006	275.42098	280.02442	285.75792	289.92216	295.16924	299.03551	296.14943	293.05662	281.59281	287.26906
1/23/2025	3:15:02 PM	286.06322	285.08111	281.60457	275.28676	276.00933	280.69337	286.33455	290.21139	295.44932	299.33563	296.71316	293.77251	282.24804	287.83330
1/23/2025	3:15:05 PM	286.82740	285.81503	282.47375	276.16727	276.60378	281.37224	286.89871	290.49614	295.70968	299.56566	297.21838	294.54896	282.90896	288.37422
1/23/2025	3:15:09 PM	287.57140	286.55708	283.29107	277.05797	277.21091	282.02587	287.45423	290.77373	295.89224	299.77150	297.69765	295.23121	283.57958	288.90041
1/23/2025	3:15:13 PM	288.38219	287.39067	283.95939	277.67554	277.78564	282.65256	288.00224	291.05087	296.02690	299.93743	298.04621	295.84284	284.25332	289.42445
1/23/2025	3:15:16 PM	289.22647	288.13769	284.62484	278.35098	278.36468	283.27261	288.56565	291.36800	296.23369	300.19187	298.41999	296.39344	284.90774	289.93546
1/23/2025	3:15:20 PM	289.90874	288.80698	285.38822	279.12778	278.89287	283.82377	289.10435	291.69030	296.49102	300.51512	298.76655	296.87676	285.34519	290.39685
1/23/2025	3:15:23 PM	290.16332	289.15347	285.60609	279.50696	279.25543	284.24075	289.56523	292.26284	296.89525	300.64680	298.78724	296.58012	285.20826	290.61614
1/23/2025	3:15:27 PM	289.62862	288.75326	284.86544	279.38095	279.33230	284.56353	289.98985	292.85334	297.35510	300.96992	298.90285	296.45175	285.18181	291.00860
1/23/2025	3:15:31 PM	289.30167	288.39921	284.18567	279.28781	279.41888	284.94092	290.52114	293.51064	297.90288	301.39023	299.15650	296.45628	285.27924	291.49563
1/23/2025	3:15:34 PM	289.12108	288.12192	283.62030	279.27612	279.59252	285.39030	291.12904	294.23711	298.53282	301.89981	299.54108	296.58118	285.48744	292.05318
1/23/2025	3:15:38 PM	289.07380	287.93675	283.18517	279.34149	279.84073	285.88782	291.78226	295.00518	299.22433	302.48322	300.02988	296.81283	285.78717	292.65601
1/23/2025	3:15:41 PM	289.14460	287.84203	282.87483	279.47026	280.14787	286.42244	292.45478	295.79238	299.95874	303.11727	300.58217	297.12752	286.15352	293.27685
1/23/2025	3:15:45 PM	289.31059	287.82724	282.66769	279.65667	280.50503	287.00010	293.14927	296.60187	300.73723	303.80517	301.19091	297.51419	286.57327	293.92499
1/23/2025	3:15:49 PM	289.55973	287.89279	282.55241	279.89235	280.90524	287.62003	293.86075	297.42455	301.55043	304.53244	301.83631	297.96128	287.04100	294.59368
1/23/2025	3:15:52 PM	289.87229	288.02611	282.51481	280.16940	281.33745	288.27489	294.58783	298.26393	302.38944	305.29620	302.51843	298.46083	287.55273	295.28159
1/23/2025	3:15:56 PM	290.24190	288.21534	282.54958	280.48410	281.79456	288.94117	295.31926	299.10348	303.23835	306.07833	303.21565	298.99330	288.08963	295.97642
1/23/2025	3:15:59 PM	290.66013	288.45049	282.64605	280.82972	282.28694	289.61701	296.05781	299.94827	304.10146	306.88204	303.92904	299.55935	288.65702	296.68636
1/23/2025	3:16:03 PM	291.11263	288.72814	282.79829	281.20416	282.79971	290.29058	296.79819	300.79093	304.96110	307.69113	304.65037	300.14897	289.24134	297.39251
1/23/2025	3:16:07 PM	291.59412	289.03884	283.00042	281.60474	283.33177	290.96515	297.53484	301.62713	305.81636	308.50455	305.37866	300.75365	289.84221	298.09896
1/23/2025	3:16:10 PM	292.10556	289.38230	283.24659	282.02808	283.88001	291.63518	298.27104	302.46181	306.67141	309.32314	306.11107	301.37601	290.46336	298.81380
1/23/2025	3:16:14 PM	292.63954	289.75927	283.53579	282.48606	284.45583	292.31294	299.01834	303.30544	307.53194	310.15448	306.85621	302.01547	291.11369	299.53080
1/23/2025	3:16:18 PM	293.16643	290.14682	283.84579	282.94289	285.01178	292.96196	299.72967	304.10654	308.34594	310.94360	307.56131	302.63175	291.75146	300.21773
1/23/2025	3:16:21 PM	293.69396	290.55154	284.18580	283.41630	285.57911	293.60536	300.42892	304.89697	309.14371	311.72369	308.26730	303.24591	292.40545	300.90212
1/23/2025	3:16:25 PM	294.22585	290.97405	284.55247	283.89761	286.14262	294.24031	301.10774	305.65171	309.87992	312.43952	308.85999	303.70386	293.05854	301.32454
1/23/2025	3:16:28 PM	294.67638	291.40991	284.91832	284.45039	286.80462	294.90349	301.62623	306.21736	310.20225	312.83241	309.33098	304.19252	293.64447	301.88254
1/23/2025	3:16:32 PM	295.17214	291.86181	285.35247	284.94591	287.21483	295.40276	302.07107	306.75004	310.75104	313.51167	309.85310	304.69399	294.17201	302.39263
1/23/2025	3:16:35 PM	295.63773	292.25674	285.68465	285.32387	287.59468	295.80960	302.42492	307.20896	311.19849	314.08038	310.29699	305.11924	294.63850	302.82369
1/23/2025	3:16:39 PM	296.04154	292.60035	285.98028	285.66269	287.93177	296.15407	302.69081	307.58347	311.55262	314.55159	310.65935	305.47248	295.04957	303.17973
1/23/2025	3:16:43 PM	296.39063	292.89736	286.24739	285.96486	288.23304	296.44155	302.89012	307.89111	311.83959	314.94024	310.95726	305.76717	295.41383	303.47132
1/23/2025	3:16:46 PM	296.69239	293.15339	286.48792	286.23633	288.49949	296.67710	303.04021	308.14147	312.06500	315.25036	311.19330	306.00873	295.73377	303.70334
1/23/2025	3:16:50 PM	296.94835	293.37374	286.70971	286.48244	288.73275	296.87266	303.15212	308.34090	312.23312	315.48717	311.37195	306.20341	296.01278	303.88210
1/23/2025	3:16:53 PM	297.16589	293.56266	286.91487	286.70944	288.93902	297.03317	303.23394	308.49304	312.35308	315.65505	311.50129	306.35615	296.25752	304.01651
1/23/2025	3:16:57 PM	297.34936	293.72611	287.10430	286.91715	289.12476	297.16939	303.29170	308.60390	312.42783	315.76300	311.58785	306.47209	296.47047	304.10696
1/23/2025	3:17:01 PM	297.50795	293.87127	287.28070	287.10838	289.28815	297.28215	303.32956	308.68010	312.46875	315.82242	311.63541	306.55522	296.65555	304.16596
1/23/2025	3:17:04 PM	297.63234	293.99017	287.43713	287.27670	289.42323	297.37143	303.34713	308.71834	312.47105	315.82984	311.64862	306.60842	296.80960	304.18984
1/23/2025	3:17:08 PM	297.73364	294.09234	287.58072	287.43174	289.54202	297.44442	303.34998	308.72879	312.44308	315.79903	311.63176	306.63686	296.93953	304.19119
1/23/2025	3:17:12 PM	297.81133	294.17818	287.71438	287.57163	289.64563	297.50036	303.33820	308.71389	312.38966	315.73308	311.59130	306.64368	297.04830	304.16852
1/23/2025	3:17:15 PM	297.87259	294.24967	287.83754	287.69894	289.73466	297.54185	303.31263	308.67541	312.30957	315.63569	311.52571	306.63012	297.13824	304.12750
1/23/2025	3:17:19 PM	297.91808	294.30979	287.95329	287.81446	289.81114	297.57031	303.27379	308.61522	312.20777	315.50821	311.43874	306.59879	297.20940	304.06706
1/23/2025	3:17:22 PM	297.94859	294.35257	288.04942	287.89121	289.80780	297.54007	303.17514	308.51455	312.03107	315.30854	311.36660	306.58039	297.22270	303.93402
1/23/2025	3:17:26 PM	297.94440	294.34901	288.08633	287.89224	289.72835	297.44173	303.01734	308.36920	311.80216	315.08277	311.27792	306.54945	297.20923	303.77705
1/23/2025	3:17:30 PM	297.92924	294.33169	288.11164	287.92308	289.70668	297.34719	302.85584	308.20937	311.56268	314.84754	311.17558	306.49087	297.17734	303.60869
1/23/2025	3:17:33 PM	297.90581	294.30278	288.12942	287.93414	289.67032	297.23770	302.69368	308.04106	311.32248	314.60149	311.04635	306.41286	297.13636	303.43653
1/23/2025	3:17:37 PM	297.87373	294.27273	288.14391	287.94823	289.65539	297.13139	302.53535	307.86985	311.08289	314.35157	310.90051	306.31924	297.08716	303.26691
1/23/2025	3:17:41 PM	297.82548	294.23320	288.14915	287.96408	289.66627	297.02204	302.37560	307.69161	310.84044	314.09417	310.74205	306.20669	297.02931	303.09244
1/23/2025	3:17:44 PM	297.77254	294.18996	288.15100	287.96536	289.66116	296.91375	302.21950	307.51187	310.59759	313.83017	310.57162	306.08045	296.96499	302.92107
1/23/2025	3:17:48 PM	297.71561	294.14381	288.15037	287.96446	289.65459	296.80391	302.06540	307.33190	310.35606	313.56370	310.38543	305.94773	296.89682	302.74995
1/23/2025	3:17:51 PM	297.65450	294.09953	288.15253	287.97260	289.65998	296.69745	301.91389	307.15082	310.11544	313.29342	310.19054	305.80449	296.82337	302.57810
1/23/2025	3:17:55 PM	297.58499	294.04539	288.14486	287.97649	289.67500	296.59141	301.76175	306.96465	309.87119	313.01854	309.99020	305.65089	296.74456	302.40348
1/23/2025	3:17:59 PM	297.51438	293.98851	288.14240	287.97342	289.67074	296.48225	301.60648	306.77459	309.62338	312.73301	309.77378	305.48770	296.66051	302.22795
1/23/2025	3:18:02 PM	297.44290	293.93324	288.13738	287.97369	289.66963	296.37901	301.46183	306.59256	309.38894	312.46138	309.56295	305.32857	296.57841	302.05921
1/23/2025	3:18:06 PM	297.36728	293.87566	288.13255	287.98190	289.67652	296.27800	301.31514	306.40707	309.14995	312.18335	309.34529	305.16277	296.49180	301.88819
1/23/2025	3:18:09 PM	297.28912	293.81767	288.12578	287.97937	289.67772	296.17754	301.17037	306.22079	308.91348	311.90539	309.12487	304.99262	296.40064	301.71780
1/23/2025	3:18:13 PM	297.21273	293.75852	288.11933	287.97899	289.67621	296.07930	301.02775	306.03768	308.68163	311.63138	308.90244	304.82294	296.31068	301.54838
1/23/2025	3:18:17 PM	297.13008	293.70182	288.11617	287.98428	289.67967	295.98229	300.88612	305.85415	308.44935	311.35736	308.67922	304.65288	296.21897	301.38022
1/23/2025	3:18:20 PM	297.04960	293.64524	288.11083	287.98477	289.68552	295.88888	300.74700	305.67112	308.22064	311.08687	308.45762	304.48146	296.12537	301.21610
1/23/2025	3:18:24 PM	296.96777	293.58714	288.10659	287.98318	289.68396	295.79484	300.60910	305.49007	307.99400	310.81487	308.23154	304.31046	296.03115	301.04750
1/23/2025	3:18:27 PM	296.88461	293.53321	288.10446	287.98859	289.69010	295.70405	300.47315	305.30960	307.77200	310.54964	308.00869	304.14131	295.93743	300.88824
1/23/2025	3:18:31 PM	296.79888	293.47474	288.09775	287.98655	289.69133	295.61324	300.33786	305.13062	307.54747	310.28191	307.78380	303.96784	295.83898	300.72242
1/23/2025	3:18:35 PM	296.71576	293.41676	288.09277	287.98274	289.68829	295.52396	300.20479	304.95151	307.32777	310.01863	307.56067	303.79894	295.74428	300.56213
1/23/2025	3:18:38 PM	296.62999	293.35743	288.08864	287.98583	289.69130	295.43664	300.07308	304.77533	307.11159	309.75758	307.34129	303.62926	295.65006	300.40364
1/23/2025	3:18:42 PM	296.54812	293.29635	288.08619	287.98169	289.68496	295.35070	299.94375	304.59935	306.89523	309.49713	307.11774	303.46169	295.55483	300.24450
1/23/2025	3:18:45 PM	296.46122	293.23585	288.08204	287.98397	289.68498	295.26582	299.81454	304.42480	306.68380	309.24211	306.90089	303.29481	295.46008	300.08895
1/23/2025	3:18:49 PM	296.37787	293.17555	288.07393	287.98692	289.68370	295.18251	299.68612	304.25081	306.47082	308.98565	306.68251	303.12429	295.36403	299.93267
1/23/2025	3:18:53 PM	296.29068	293.11307	288.06627	287.98780	289.68101	295.09783	299.55800	304.07655	306.25908	308.73051	306.46274	302.95711	295.26730	299.77806
1/23/2025	3:18:56 PM	296.20711	293.05241	288.06007	287.98965	289.67691	295.01705	299.43370	303.90645	306.05343	308.48347	306.24989	302.79459	295.17264	299.62781
1/23/2025	3:19:00 PM	296.12383	292.99106	288.05593	287.99101	289.67030	294.93782	299.31189	303.73995	305.85256	308.24163	306.04007	302.63375	295.07868	299.47903
1/23/2025	3:19:04 PM	296.04239	292.93005	288.05250	287.99280	289.66361	294.85938	299.19225	303.57511	305.65512	308.00316	305.83417	302.47825	294.98837	299.33640
1/23/2025	3:19:07 PM	295.96034	292.86915	288.04755	287.99424	289.65523	294.78166	299.07310	303.41207	305.46048	307.76676	305.62963	302.32353	294.89941	299.19315
1/23/2025	3:19:11 PM	295.88060	292.81041	288.04511	287.99676	289.64667	294.70588	298.95635	303.25073	305.26716	307.53535	305.42820	302.16974	294.81199	299.05240
1/23/2025	3:19:14 PM	295.79832	292.75112	288.04172	287.99781	289.63525	294.63030	298.84177	303.09212	305.07960	307.30835	305.23026	302.01987	294.72569	298.91390
1/23/2025	3:19:18 PM	295.71981	292.69413	288.04193	287.99911	289.62553	294.55780	298.73069	302.93709	304.89441	307.08592	305.03458	301.87221	294.64176	298.78010
1/23/2025	3:19:22 PM	295.64050	292.63709	288.04087	288.00006	289.61429	294.48553	298.61908	302.78300	304.71195	306.86654	304.84313	301.72775	294.55808	298.64710
1/23/2025	3:19:25 PM	295.56349	292.58342	288.04060	288.00174	289.60561	294.41585	298.51263	302.63297	304.53383	306.65084	304.65484	301.58584	294.47816	298.51778
1/23/2025	3:19:29 PM	295.48586	292.52896	288.04083	288.00315	289.59594	294.34809	298.40697	302.48521	304.36025	306.44034	304.46979	301.44618	294.39887	298.39095
1/23/2025	3:19:32 PM	295.41256	292.47853	288.04407	288.00537	289.58873	294.28372	298.30391	302.34016	304.18755	306.23323	304.28820	301.30891	294.32178	298.26706
1/23/2025	3:19:36 PM	295.33836	292.42733	288.04624	288.00540	289.58064	294.21887	298.20283	302.19737	304.01986	306.02926	304.11012	301.17396	294.24575	298.14280
1/23/2025	3:19:40 PM	295.26713	292.37960	288.05052	288.00610	289.57351	294.15681	298.10305	302.05650	303.85282	305.82899	303.93465	301.04167	294.17136	298.02559
1/23/2025	3:19:43 PM	295.19567	292.33118	288.05484	288.00762	289.56696	294.09573	298.00560	301.91871	303.68916	305.63310	303.76141	300.91124	294.09860	297.90775
1/23/2025	3:19:47 PM	295.12688	292.28544	288.05983	288.01011	289.56087	294.03661	297.91132	301.78333	303.53000	305.44011	303.59244	300.78285	294.02742	297.79357
1/23/2025	3:19:50 PM	295.05718	292.23981	288.06543	288.01335	289.55467	293.97838	297.81767	301.65031	303.37288	305.25199	303.42648	300.65696	293.95707	297.68040
1/23/2025	3:19:54 PM	294.99262	292.19704	288.07286	288.02010	289.55042	293.92416	297.72666	301.52023	303.21973	305.06792	303.26395	300.53449	293.89093	297.57328
1/23/2025	3:19:57 PM	294.92660	292.15451	288.07910	288.02667	289.54671	293.86975	297.63756	301.39165	303.06851	304.88531	303.10380	300.41238	293.82397	297.46436
1/23/2025	3:20:01 PM	294.86285	292.11310	288.08652	288.03517	289.54309	293.81580	297.54735	301.26224	302.91656	304.70287	302.94268	300.29139	293.75794	297.35775
1/23/2025	3:20:05 PM	294.80170	292.07320	288.09099	288.04231	289.53957	293.76443	297.46289	301.13914	302.77254	304.52987	302.79128	300.17619	293.69435	297.25545
1/23/2025	3:20:08 PM	294.74168	292.03493	288.09655	288.05076	289.53728	293.71609	297.37876	301.01766	302.63008	304.35872	302.63923	300.06164	293.63261	297.15463
1/23/2025	3:20:12 PM	294.68198	291.99743	288.10000	288.05907	289.53510	293.66760	297.29697	300.89925	302.49113	304.19200	302.49351	299.95011	293.57280	297.05722
1/23/2025	3:20:16 PM	294.62671	291.96300	288.10521	288.06948	289.53466	293.62252	297.21773	300.78291	302.35350	304.02816	302.34816	299.84011	293.51321	296.96166
1/23/2025	3:20:19 PM	294.56986	291.92805	288.10950	288.07951	289.53436	293.57791	297.13989	300.66915	302.21999	303.86882	302.20797	299.73365	293.45653	296.86893
1/23/2025	3:20:23 PM	294.51711	291.89489	288.11636	288.09089	289.53500	293.53399	297.06348	300.55737	302.08873	303.71094	302.06858	299.62748	293.40027	296.77850
1/23/2025	3:20:26 PM	294.46338	291.86247	288.12519	288.10271	289.53696	293.49370	296.99054	300.44876	301.95945	303.55670	301.93273	299.52474	293.34601	296.68946
1/23/2025	3:20:30 PM	294.41318	291.83150	288.13509	288.11515	289.53875	293.45296	296.91725	300.34140	301.83361	303.40633	301.79967	299.42400	293.29236	296.60283
1/23/2025	3:20:34 PM	294.36249	291.80092	288.14667	288.12800	289.54180	293.41380	296.84562	300.23531	301.70850	303.25726	301.66881	299.32459	293.24138	296.51768
1/23/2025	3:20:37 PM	294.31535	291.77167	288.15929	288.14195	289.54526	293.37692	296.77577	300.13088	301.58660	303.11270	301.54021	299.22644	293.18973	296.43439
1/23/2025	3:20:41 PM	294.26582	291.74276	288.17270	288.15539	289.54954	293.34077	296.70773	300.02980	301.46721	302.96922	301.41357	299.13075	293.14117	296.35359
1/23/2025	3:20:44 PM	294.22179	291.71650	288.18803	288.17143	289.55539	293.30623	296.64202	299.93120	301.34979	302.83002	301.29075	299.03771	293.09471	296.27457
1/23/2025	3:20:48 PM	294.17520	291.68862	288.20196	288.18565	289.55988	293.27199	296.57644	299.83247	301.23513	302.69322	301.17060	298.94475	293.04755	296.19708
1/23/2025	3:20:52 PM	294.13194	291.66277	288.21752	288.20213	289.56632	293.23930	296.51249	299.73736	301.12180	302.55915	301.05267	298.85528	293.00249	296.12209
1/23/2025	3:20:55 PM	294.08850	291.63779	288.23303	288.21790	289.57309	293.20708	296.45124	299.64331	301.01175	302.42769	300.93583	298.76658	292.95859	296.04737
1/23/2025	3:20:59 PM	294.04733	291.61368	288.24930	288.23512	289.58062	293.17717	296.39018	299.55128	300.90250	302.29914	300.82300	298.68108	292.91802	295.97585
1/23/2025	3:21:02 PM	294.00687	291.59116	288.26657	288.25227	289.58825	293.14747	296.33019	299.46066	300.79554	302.17239	300.71162	298.59612	292.87669	295.90522
1/23/2025	3:21:06 PM	293.96538	291.56613	288.28009	288.26752	289.59511	293.11782	296.27119	299.37162	300.69041	302.04701	300.60077	298.51117	292.83490	295.83686
1/23/2025	3:21:10 PM	293.92425	291.54235	288.29542	288.28429	289.60264	293.08835	296.21323	299.28386	300.58782	301.92572	300.49313	298.43053	292.79715	295.76964
1/23/2025	3:21:13 PM	293.88785	291.52260	288.31305	288.30375	289.61279	293.06374	296.15914	299.19907	300.48783	301.80819	300.38982	298.35092	292.76024	295.70459
1/23/2025	3:21:17 PM	293.85093	291.50225	288.33020	288.32204	289.62168	293.03679	296.10421	299.11532	300.38805	301.69026	300.28613	298.27254	292.72344	295.64022
1/23/2025	3:21:20 PM	293.81619	291.48350	288.34865	288.34169	289.63289	293.01228	296.05053	299.03205	300.28955	301.57492	300.18480	298.19527	292.68899	295.57766
1/23/2025	3:21:24 PM	293.78047	291.46496	288.36642	288.36052	289.64249	292.98786	295.99822	298.95217	300.19523	301.46254	300.08560	298.11971	292.65437	295.51689
1/23/2025	3:21:28 PM	293.74834	291.44740	288.38459	288.38101	289.65509	292.96536	295.94784	298.87349	300.10237	301.35307	299.98933	298.04663	292.62256	295.45987
1/23/2025	3:21:31 PM	293.71573	291.43094	288.40382	288.40101	289.66670	292.94344	295.90002	298.79789	300.01270	301.24727	299.89718	297.97682	292.59269	295.40322
1/23/2025	3:21:35 PM	293.68648	291.41685	288.42426	288.42286	289.67999	292.92288	295.85219	298.72293	299.92408	301.14252	299.80442	297.90631	292.56212	295.34793
1/23/2025	3:21:38 PM	293.65482	291.40105	288.44149	288.44275	289.69145	292.90142	295.80501	298.64900	299.83707	301.03935	299.71434	297.83841	292.53356	295.29343
1/23/2025	3:21:42 PM	293.62662	291.38820	288.46224	288.46570	289.70609	292.88241	295.75922	298.57654	299.75033	300.93832	299.62616	297.77102	292.50580	295.24056
1/23/2025	3:21:46 PM	293.59745	291.37413	288.48095	288.48609	289.71887	292.86352	295.71453	298.50586	299.66717	300.83950	299.53944	297.70534	292.47871	295.18864
1/23/2025	3:21:49 PM	293.57169	291.36277	288.50131	288.50917	289.73357	292.84578	295.67162	298.43699	299.58434	300.74323	299.45411	297.64141	292.45352	295.13733
1/23/2025	3:21:53 PM	293.54361	291.35115	288.52075	288.53100	289.74752	292.82739	295.62866	298.36877	299.50336	300.64774	299.37071	297.57778	292.42775	295.08788
1/23/2025	3:21:56 PM	293.51937	291.34088	288.54113	288.55371	289.76219	292.81180	295.58697	298.30197	299.42448	300.55459	299.28928	297.51619	292.40404	295.04010
1/23/2025	3:22:00 PM	293.49335	291.33049	288.56080	288.57623	289.77675	292.79516	295.54659	298.23694	299.34655	300.46308	299.20938	297.45633	292.38097	294.99392
1/23/2025	3:22:04 PM	293.47082	291.32258	288.58216	288.60049	289.79299	292.78081	295.50798	298.17348	299.27078	300.37464	299.13169	297.39809	292.35972	294.94891
1/23/2025	3:22:07 PM	293.44665	291.31338	288.60248	288.62322	289.80818	292.76577	295.46911	298.11037	299.19611	300.28633	299.05532	297.33955	292.33871	294.90435
1/23/2025	3:22:11 PM	293.42585	291.30606	288.62435	288.64791	289.82516	292.75260	295.43186	298.04886	299.12182	300.20065	298.97913	297.28310	292.31815	294.86066
1/23/2025	3:22:14 PM	293.40292	291.29746	288.64475	288.67072	289.84115	292.73862	295.39494	297.98888	299.04991	300.11544	298.90662	297.22781	292.29859	294.81810
1/23/2025	3:22:18 PM	293.38351	291.29124	288.66662	288.69540	289.85740	292.72617	295.35948	297.92961	298.97983	300.03320	298.83405	297.17466	292.28045	294.77758
1/23/2025	3:22:22 PM	293.36202	291.28420	288.68705	288.71941	289.87383	292.71368	295.32377	297.87175	298.91020	299.95059	298.76247	297.12025	292.26140	294.73614
1/23/2025	3:22:25 PM	293.34355	291.27859	288.70925	288.74340	289.89103	292.70269	295.29033	297.81428	298.84183	299.87194	298.69394	297.06848	292.24513	294.69777
1/23/2025	3:22:29 PM	293.32410	291.27294	288.73093	288.76793	289.90787	292.69139	295.25626	297.75767	298.77529	299.79321	298.62461	297.01740	292.22849	294.65880
1/23/2025	3:22:32 PM	293.30616	291.26842	288.75229	288.79209	289.92554	292.68061	295.22362	297.70325	298.70892	299.71628	298.55811	296.96579	292.21235	294.62102
1/23/2025	3:22:36 PM	293.28692	291.26267	288.77347	288.81668	289.94209	292.67005	295.19160	297.64974	298.64403	299.63956	298.49113	296.91713	292.19683	294.58373
1/23/2025	3:22:40 PM	293.27091	291.25924	288.79572	288.84161	289.96085	292.66178	295.16097	297.59611	298.58057	299.56523	298.42634	296.86819	292.18227	294.54701
1/23/2025	3:22:43 PM	293.25266	291.25467	288.81740	288.86623	289.97799	292.65116	295.12887	297.54229	298.51547	299.48929	298.36037	296.81899	292.16835	294.51056
1/23/2025	3:22:47 PM	293.23727	291.25222	288.84014	288.89212	289.99600	292.64331	295.09921	297.49134	298.45468	299.41798	298.29900	296.77310	292.15642	294.47747
1/23/2025	3:22:51 PM	293.22142	291.24921	288.86199	288.91657	290.01368	292.63487	295.07029	297.44099	298.39431	299.34711	298.23734	296.72708	292.14335	294.44343
1/23/2025	3:22:54 PM	293.20692	291.24676	288.88388	288.94160	290.03209	292.62754	295.04173	297.39154	298.33439	299.27807	298.17737	296.68329	292.13155	294.41101
1/23/2025	3:22:58 PM	293.19209	291.24562	288.90677	288.96695	290.05043	292.62060	295.01457	297.34507	298.27694	299.21035	298.11928	296.63966	292.12004	294.37992
1/23/2025	3:23:01 PM	293.17915	291.24527	288.92995	288.99245	290.06926	292.61410	294.98703	297.29623	298.22007	299.14368	298.06096	296.59700	292.10962	294.34990
1/23/2025	3:23:05 PM	293.16594	291.24432	288.95243	289.01760	290.08756	292.60837	294.96093	297.25044	298.16334	299.07883	298.00466	296.55503	292.09917	294.31913
1/23/2025	3:23:09 PM	293.15374	291.24471	288.97607	289.04378	290.10693	292.60229	294.93593	297.20508	298.10918	299.01399	297.94903	296.51409	292.09021	294.29018
1/23/2025	3:23:12 PM	293.14133	291.24494	288.99880	289.06946	290.12613	292.59768	294.91121	297.16093	298.05517	298.95110	297.89573	296.47433	292.08237	294.26164
1/23/2025	3:23:16 PM	293.13123	291.24748	289.02309	289.09639	290.14574	292.59322	294.88719	297.11791	298.00279	298.89052	297.84227	296.43544	292.07408	294.23621
1/23/2025	3:23:19 PM	293.11925	291.24786	289.04564	289.12150	290.16436	292.58862	294.86347	297.07572	297.95111	298.82938	297.78966	296.39691	292.06615	294.20837
1/23/2025	3:23:23 PM	293.11022	291.24996	289.06949	289.14814	290.18448	292.58526	294.84109	297.03343	297.90084	298.77047	297.73888	296.36040	292.05960	294.18456
1/23/2025	3:23:27 PM	293.09946	291.25140	289.09278	289.17359	290.20358	292.58111	294.81825	296.99151	297.84951	298.71161	297.68803	296.32354	292.05234	294.15785
1/23/2025	3:23:30 PM	293.09038	291.25519	289.11703	289.19992	290.22316	292.57818	294.79639	296.95153	297.80103	298.65469	297.63951	296.28773	292.04696	294.13380
1/23/2025	3:23:34 PM	293.08054	291.25676	289.13968	289.22579	290.24219	292.57497	294.77501	296.91211	297.75265	298.59768	297.59092	296.25211	292.04066	294.10913
1/23/2025	3:23:37 PM	293.07229	291.26096	289.16394	289.25160	290.26204	292.57307	294.75420	296.87330	297.70487	298.54216	297.54329	296.21770	292.03537	294.08554
1/23/2025	3:23:41 PM	293.06247	291.26344	289.18686	289.27725	290.28089	292.56960	294.73326	296.83504	297.65790	298.48859	297.49642	296.18449	292.03071	294.06150
1/23/2025	3:23:45 PM	293.05633	291.26848	289.21160	289.30425	290.30125	292.56873	294.71391	296.79764	297.61257	298.43476	297.45090	296.15142	292.02598	294.03992
1/23/2025	3:23:48 PM	293.04734	291.27217	289.23477	289.32963	290.32070	292.56662	294.69475	296.76133	297.56812	298.38289	297.40620	296.11934	292.02224	294.01873
1/23/2025	3:23:52 PM	293.04157	291.27834	289.26016	289.35724	290.34161	292.56585	294.67576	296.72420	297.52248	298.33053	297.36152	296.08697	292.01868	293.99754
1/23/2025	3:23:55 PM	293.03422	291.28266	289.28366	289.38295	290.36170	292.56524	294.65817	296.68979	297.48012	298.28043	297.31970	296.05705	292.01599	293.97692
1/23/2025	3:23:59 PM	293.02918	291.28889	289.30881	289.40983	290.38182	292.56481	294.64080	296.65527	297.43761	298.23084	297.27735	296.02733	292.01279	293.95755
1/23/2025	3:24:03 PM	293.02205	291.29365	289.33249	289.43598	290.40198	292.56406	294.62296	296.62066	297.39504	298.18106	297.23474	295.99745	292.01134	293.93798
1/23/2025	3:24:06 PM	293.01791	291.30033	289.35732	289.46211	290.42254	292.56446	294.60607	296.58757	297.35355	298.13302	297.19372	295.96778	292.00917	293.91913
1/23/2025	3:24:10 PM	293.01124	291.30497	289.38044	289.48734	290.44174	292.56435	294.58963	296.55484	297.31368	298.08699	297.15397	295.93983	292.00710	293.90016
1/23/2025	3:24:14 PM	293.00759	291.31222	289.40466	289.51363	290.46261	292.56467	294.57418	296.52332	297.27392	298.04126	297.11494	295.91213	292.00559	293.88240
1/23/2025	3:24:17 PM	293.00117	291.31780	289.42846	289.53904	290.48172	292.56530	294.55851	296.49197	297.23494	297.99544	297.07598	295.88484	292.00525	293.86439
1/23/2025	3:24:21 PM	292.99862	291.32524	289.45302	289.56522	290.50218	292.56680	294.54383	296.46177	297.19771	297.95113	297.03886	295.85897	292.00409	293.84941
1/23/2025	3:24:24 PM	292.99407	291.33184	289.47701	289.59097	290.52229	292.56790	294.52913	296.43204	297.15998	297.90804	297.00204	295.83287	292.00443	293.83164
1/23/2025	3:24:28 PM	292.99247	291.34000	289.50162	289.61715	290.54265	292.56876	294.51516	296.40190	297.12331	297.86519	296.96509	295.80809	292.00421	293.81620
1/23/2025	3:24:32 PM	292.98757	291.34688	289.52554	289.64313	290.56264	292.57051	294.50094	296.37300	297.08710	297.82239	296.93055	295.78317	292.00467	293.80133
1/23/2025	3:24:35 PM	292.98577	291.35541	289.55008	289.66870	290.58304	292.57209	294.48757	296.34478	297.05160	297.78130	296.89536	295.75894	292.00511	293.78724
1/23/2025	3:24:39 PM	292.98216	291.36207	289.57330	289.69333	290.60243	292.57365	294.47341	296.31679	297.01619	297.74113	296.86131	295.73596	292.00630	293.77313
1/23/2025	3:24:42 PM	292.98066	291.37005	289.59760	289.72076	290.62349	292.57701	294.46161	296.28927	296.98227	297.70090	296.82724	295.71218	292.00776	293.75951
1/23/2025	3:24:46 PM	292.97699	291.37827	289.62111	289.74583	290.64355	292.57851	294.44835	296.26326	296.94929	297.66255	296.79426	295.68995	292.00912	293.74488
1/23/2025	3:24:50 PM	292.97607	291.38719	289.64567	289.77141	290.66399	292.58274	294.43741	296.23641	296.91591	297.62370	296.76201	295.66681	292.01111	293.73177
1/23/2025	3:24:53 PM	292.97326	291.39504	289.66951	289.79654	290.68372	292.58460	294.42467	296.21100	296.88386	297.58592	296.73048	295.64504	292.01330	293.71887
1/23/2025	3:24:57 PM	292.97252	291.40448	289.69420	289.82287	290.70404	292.58756	294.41398	296.18581	296.85234	297.54927	296.69951	295.62369	292.01480	293.70752
1/23/2025	3:25:00 PM	292.97057	291.41344	289.71833	289.84771	290.72439	292.59083	294.40289	296.16061	296.81996	297.51219	296.66826	295.60322	292.01783	293.69475
1/23/2025	3:25:04 PM	292.97092	291.42362	289.74285	289.87360	290.74546	292.59433	294.39203	296.13644	296.78969	297.47682	296.63911	295.58384	292.02129	293.68453
1/23/2025	3:25:08 PM	292.96938	291.43272	289.76671	289.89968	290.76610	292.59764	294.38214	296.11352	296.76015	297.44233	296.61075	295.56489	292.02521	293.67335
1/23/2025	3:25:11 PM	292.97033	291.44346	289.79211	289.92597	290.78646	292.60239	294.37228	296.08965	296.72992	297.40751	296.58087	295.54420	292.02762	293.66270
1/23/2025	3:25:15 PM	292.96868	291.45330	289.81749	289.95145	290.80752	292.60713	294.36254	296.06596	296.70015	297.37300	296.55150	295.52497	292.03123	293.65124
1/23/2025	3:25:19 PM	292.96968	291.46365	289.84132	289.97700	290.82837	292.61132	294.35385	296.04511	296.67224	297.34066	296.52462	295.50741	292.03501	293.64340
1/23/2025	3:25:22 PM	292.96909	291.47364	289.86580	290.00218	290.84843	292.61538	294.34406	296.02287	296.64470	297.30880	296.49785	295.48894	292.03857	293.63312
1/23/2025	3:25:26 PM	292.97039	291.48402	289.88973	290.02764	290.86942	292.62038	294.33569	296.00124	296.61674	297.27531	296.47008	295.47141	292.04329	293.62359
1/23/2025	3:25:29 PM	292.97015	291.49402	289.91411	290.05232	290.88910	292.62486	294.32752	295.98054	296.59039	297.24409	296.44475	295.45446	292.04716	293.61486
1/23/2025	3:25:33 PM	292.97193	291.50559	289.93853	290.07839	290.91019	292.63017	294.32027	295.96022	296.56408	297.21364	296.41963	295.43792	292.05259	293.60612
1/23/2025	3:25:37 PM	292.97193	291.51515	289.96144	290.10251	290.93007	292.63515	294.31254	295.94076	296.53797	297.18461	296.39469	295.42120	292.05769	293.59836
1/23/2025	3:25:40 PM	292.97401	291.52724	289.98641	290.12800	290.95075	292.64062	294.30420	295.92043	296.51218	297.15394	296.36962	295.40537	292.06286	293.59005
1/23/2025	3:25:44 PM	292.97452	291.53735	290.00882	290.15215	290.97051	292.64526	294.29697	295.90243	296.48846	297.12542	296.34632	295.39034	292.06778	293.58203
1/23/2025	3:25:47 PM	292.97736	291.54898	290.03364	290.17650	290.99118	292.65116	294.29039	295.88243	296.46389	297.09780	296.32286	295.37445	292.07400	293.57561
1/23/2025	3:25:51 PM	292.97816	291.55977	290.05768	290.20111	291.01142	292.65664	294.28469	295.86513	296.44068	297.06979	296.30063	295.36137	292.07897	293.56856
1/23/2025	3:25:55 PM	292.98122	291.57185	290.08178	290.22714	291.03265	292.66246	294.27890	295.84753	296.41723	297.04290	296.27804	295.34656	292.08545	293.56254
1/23/2025	3:25:58 PM	292.98347	291.58438	290.10651	290.25186	291.05258	292.66865	294.27244	295.83096	296.39456	297.01714	296.25692	295.33438	292.09187	293.55642
1/23/2025	3:26:02 PM	292.98756	291.59647	290.13039	290.27682	291.07347	292.67553	294.26767	295.81394	296.37270	296.99012	296.23622	295.32000	292.09872	293.55114
1/23/2025	3:26:05 PM	292.98863	291.60823	290.15354	290.30119	291.09343	292.68118	294.26170	295.79724	296.35071	296.96463	296.21472	295.30743	292.10517	293.54522
1/23/2025	3:26:09 PM	292.99280	291.62051	290.17794	290.32596	291.11373	292.68801	294.25696	295.78107	296.32928	296.94070	296.19452	295.29416	292.11135	293.54012
1/23/2025	3:26:13 PM	292.99458	291.63180	290.20167	290.35014	291.13356	292.69329	294.25120	295.76461	296.30770	296.91574	296.17391	295.28152	292.11739	293.53460
1/23/2025	3:26:16 PM	292.99928	291.64481	290.22503	290.37481	291.15384	292.70017	294.24623	295.74883	296.28719	296.89041	296.15273	295.26926	292.12414	293.52973
1/23/2025	3:26:20 PM	292.99995	291.65593	290.24836	290.39874	291.17342	292.70525	294.24061	295.73263	296.26522	296.86512	296.13315	295.25628	292.13115	293.52467
1/23/2025	3:26:23 PM	293.00469	291.66942	290.27300	290.42351	291.19419	292.71342	294.23738	295.71796	296.24586	296.84271	296.11410	295.24473	292.13932	293.52129
1/23/2025	3:26:27 PM	293.00821	291.68190	290.29687	290.44815	291.21445	292.72036	294.23264	295.70287	296.22562	296.81893	296.09517	295.23337	292.14666	293.51621
1/23/2025	3:26:31 PM	293.01353	291.69587	290.32177	290.47271	291.23536	292.72800	294.22908	295.68860	296.20621	296.79561	296.07203	295.21656	292.15825	293.49476
1/23/2025	3:26:34 PM	292.96602	291.67818	290.32697	290.49474	291.24513	292.70848	294.18075	295.61395	296.11964	296.70533	295.98093	295.10551	292.03853	293.36653
1/23/2025	3:26:38 PM	292.85805	291.56028	290.14699	290.38608	291.23527	292.67722	294.12053	295.50125	295.96619	296.49447	295.73946	294.82571	291.73229	293.14028
1/23/2025	3:26:41 PM	292.46028	291.07020	289.64043	289.80161	290.61462	291.86715	293.25173	294.53258	294.89246	295.25623	294.42037	293.36703	290.21950	292.18980
1/23/2025	3:26:45 PM	290.81310	289.25845	287.86420	287.90064	288.74578	289.87625	291.19922	292.39336	292.53820	292.73300	291.72333	290.31162	287.36492	289.72457
1/23/2025	3:26:49 PM	287.52963	285.83735	284.57987	284.37936	285.61748	286.60637	287.84184	289.01311	288.47290	288.80904	287.68763	285.56000	283.18958	285.94905
1/23/2025	3:26:52 PM	283.07358	281.36336	280.20300	279.92057	281.53441	282.40136	283.33581	284.55215	283.26592	283.98973	282.62689	280.00103	278.21377	281.25615
1/23/2025	3:26:56 PM	277.60174	275.94160	274.92004	274.46865	276.48227	277.12385	277.90517	279.22832	277.25898	278.44509	276.75603	273.64996	272.51838	275.80661
1/23/2025	3:26:59 PM	271.42283	269.76433	268.97770	268.48696	270.73608	271.08452	271.76001	273.13920	270.83291	272.28090	269.90672	266.63083	266.40921	269.82760
1/23/2025	3:27:03 PM	264.77382	263.02210	262.53253	262.01359	264.40988	264.53847	265.00659	266.41827	263.98046	265.56620	262.51846	259.39328	260.34761	263.33735
1/23/2025	3:27:07 PM	257.62294	255.73638	255.58316	254.93556	257.28865	257.40310	257.57376	259.13054	256.73601	258.02361	254.57102	251.87791	254.09020	256.22592
1/23/2025	3:27:10 PM	250.21271	248.09848	248.70404	247.48193	249.90195	250.14161	250.14850	251.33289	249.54375	250.42303	246.91525	244.11744	247.70067	247.92477
1/23/2025	3:27:14 PM	242.57090	240.41819	241.73451	239.67481	242.29240	242.86752	242.69853	243.60754	242.23318	242.93564	239.52308	236.28242	240.92287	239.61263
1/23/2025	3:27:18 PM	235.30611	232.40170	235.11799	231.84065	234.42724	235.04541	235.06488	235.84486	234.89849	235.02459	231.79373	228.50910	234.19027	232.48968
1/23/2025	3:27:21 PM	228.39471	224.82433	228.86793	224.69847	226.36815	227.12653	227.28367	228.30085	227.13564	226.67431	223.63528	220.86814	227.35376	225.26478
1/23/2025	3:27:25 PM	222.23178	217.71328	222.66215	217.88255	218.64904	219.44938	219.45391	220.62751	219.25909	218.78893	215.57796	213.61299	219.48877	217.06020
1/23/2025	3:27:28 PM	214.86943	209.24582	214.62772	208.07551	210.29594	210.69341	211.59647	211.85361	210.73740	210.14329	206.83972	204.47567	210.19040	207.84534
1/23/2025	3:27:32 PM	206.68378	200.35810	205.94612	199.17433	201.86540	202.53037	203.60651	203.68496	202.68168	201.70249	198.66225	196.66515	201.50568	199.20720
1/23/2025	3:27:36 PM	199.06262	192.23995	197.93233	190.99136	194.04323	194.89374	196.09512	195.97174	195.06783	193.80449	191.05287	189.43059	193.43790	191.04326
1/23/2025	3:27:39 PM	192.19935	184.80858	190.63725	183.54549	186.99516	187.88974	189.22432	188.92858	188.15395	186.62444	184.08746	182.78339	186.04445	183.55130
1/23/2025	3:27:43 PM	185.97841	178.14393	184.08121	176.86070	180.60227	181.47615	182.99629	182.70451	181.95287	180.15149	177.79227	176.91102	179.52117	176.96714
1/23/2025	3:27:46 PM	180.43794	172.19850	178.12744	170.84973	174.82107	175.69727	177.33590	176.97989	176.29180	174.18797	172.05810	171.55037	173.60117	170.93300
1/23/2025	3:27:50 PM	175.43343	166.83528	172.76488	165.50687	169.64318	170.48690	172.26386	171.82875	171.18468	168.84647	166.93589	166.79385	168.28614	165.52728
1/23/2025	3:27:54 PM	170.90923	162.01279	167.87103	160.68617	164.92266	165.75694	167.65559	167.12004	166.54973	164.04370	162.31995	162.47211	163.44394	160.62323
1/23/2025	3:27:57 PM	166.81385	157.61697	163.43361	156.29724	160.62929	161.46124	163.46909	162.84815	162.41746	159.81121	158.26014	158.65270	159.16317	156.29772
1/23/2025	3:28:01 PM	163.15977	153.73044	159.45771	152.41060	156.84498	157.62461	159.73568	158.97756	158.70461	155.99963	154.62028	155.21272	155.24284	152.38059
1/23/2025	3:28:04 PM	159.89200	150.24735	155.92263	148.91649	153.44519	154.15143	156.42062	155.54905	155.43362	152.62729	151.39423	152.14403	151.75027	148.89819
1/23/2025	3:28:08 PM	156.93313	147.11452	152.70405	145.71918	150.30213	150.96597	153.38768	152.43851	152.46877	149.59945	148.46051	149.36269	148.56938	145.76398
1/23/2025	3:28:12 PM	154.28724	144.34838	149.87953	142.93819	147.54360	148.15599	150.73524	149.72632	149.89499	146.96528	145.92353	146.94655	145.79767	143.03803
1/23/2025	3:28:15 PM	151.90065	141.86735	147.31918	140.41049	145.00365	145.56945	148.27040	147.24194	147.53498	144.55873	143.59812	144.71747	143.25256	140.55335
1/23/2025	3:28:19 PM	149.71276	139.61117	144.98475	138.08202	142.65229	143.16593	145.96807	144.94582	145.34250	142.33598	141.42731	142.60512	140.86853	138.24186
1/23/2025	3:28:22 PM	147.63477	137.48543	142.77962	135.89224	140.43990	140.88237	143.77473	142.79298	143.28030	140.24682	139.40614	140.62249	138.63440	136.09556
1/23/2025	3:28:26 PM	145.68505	135.50990	140.71549	133.85571	138.38992	138.76804	141.73763	140.82409	141.40407	138.35306	137.56939	138.82088	136.61803	134.17201
1/23/2025	3:28:30 PM	143.90400	133.73192	138.84467	132.03163	136.52926	136.86914	139.88833	139.03773	139.69500	136.64076	135.90262	137.19171	134.81108	132.43774
1/23/2025	3:28:33 PM	142.28996	132.14721	137.17227	130.39155	134.84527	135.15879	138.21515	137.41761	138.14228	135.08228	134.37507	135.68465	133.16017	130.85745
1/23/2025	3:28:37 PM	140.77603	130.66053	135.62584	128.86973	133.27076	133.57008	136.65666	135.90360	136.67367	133.62531	132.94078	134.28046	131.64012	129.40586
1/23/2025	3:28:40 PM	139.37846	129.31147	134.21580	127.49834	131.85543	132.14272	135.25321	134.54082	135.35796	132.32137	131.65767	133.02051	130.29666	128.11112
1/23/2025	3:28:44 PM	138.09212	128.07419	132.92242	126.24519	130.54137	130.82353	133.93115	133.25277	134.09475	131.08233	130.42503	131.79728	129.00956	126.87679
1/23/2025	3:28:48 PM	136.82754	126.86925	131.66740	125.03185	129.27926	129.55672	132.65553	132.02606	132.88869	129.89513	129.24799	130.62802	127.78941	125.70686
1/23/2025	3:28:51 PM	135.66165	125.73793	130.50502	123.90177	128.10711	128.38148	131.46148	130.89011	131.74947	128.78516	128.14625	129.53470	126.65499	124.62420
1/23/2025	3:28:55 PM	134.55025	124.67885	129.40395	122.84088	126.99512	127.25711	130.33788	129.80366	130.66819	127.73348	127.10273	128.49114	125.58668	123.60207
1/23/2025	3:28:58 PM	133.47248	123.65656	128.35527	121.83081	125.94788	126.19615	129.27654	128.78511	129.64450	126.74128	126.11654	127.50437	124.57942	122.64163
1/23/2025	3:29:02 PM	132.48794	122.72452	127.39472	120.91500	124.98927	125.22632	128.30569	127.85284	128.72157	125.86090	125.24670	126.64393	123.71036	121.82149
1/23/2025	3:29:06 PM	131.61457	121.92400	126.56201	120.13112	124.16971	124.38877	127.45497	127.02884	127.89283	125.06855	124.45383	125.84083	122.89494	121.04114
1/23/2025	3:29:09 PM	130.75995	121.13662	125.73602	119.35135	123.33277	123.53683	126.58143	126.18380	127.03916	124.24374	123.62823	124.99625	122.04938	120.23956
1/23/2025	3:29:13 PM	129.87194	120.32160	124.88519	118.54172	122.48069	122.66808	125.69645	125.32606	126.18067	123.41747	122.80526	124.16182	121.21819	119.45168
1/23/2025	3:29:16 PM	129.00428	119.52872	124.04956	117.74750	121.65747	121.84290	124.85819	124.52294	125.37836	122.65504	122.05612	123.40637	120.46482	118.74449
1/23/2025	3:29:20 PM	128.24530	118.84937	123.32903	117.06906	120.94749	121.12269	124.12480	123.80858	124.66663	121.97126	121.37950	122.71554	119.77650	118.08771
1/23/2025	3:29:24 PM	127.48936	118.16909	122.61362	116.39360	120.22611	120.39766	123.37956	123.08317	123.94016	121.27208	120.68435	122.00447	119.07323	117.42210
1/23/2025	3:29:27 PM	126.75412	117.51329	121.92467	115.73613	119.53044	119.70860	122.67149	122.38949	123.25179	120.61225	120.03452	121.34015	118.41725	116.80522
1/23/2025	3:29:31 PM	126.05030	116.89302	121.26392	115.11309	118.87558	119.05047	121.99451	121.72608	122.58811	119.97392	119.40651	120.69920	117.79164	116.21791
1/23/2025	3:29:35 PM	125.38751	116.31704	120.65507	114.54327	118.27270	118.45167	121.37710	121.11874	121.98267	119.39618	118.83747	120.11361	117.21314	115.66698
1/23/2025	3:29:38 PM	124.74654	115.75072	120.04680	113.97807	117.65742	117.83519	120.73575	120.48622	121.34713	118.78246	118.23091	119.49027	116.61191	115.10083
1/23/2025	3:29:42 PM	124.09068	115.18209	119.44397	113.41605	117.05936	117.24331	120.12409	119.88286	120.74316	118.20623	117.66073	118.90121	116.04076	114.56090
1/23/2025	3:29:45 PM	123.45593	114.63240	118.85370	112.86466	116.47141	116.65656	119.51939	119.28403	120.14256	117.63022	117.09357	118.31671	115.48222	114.02888
1/23/2025	3:29:49 PM	122.83869	114.10012	118.28345	112.33533	115.90629	116.09660	118.94045	118.71291	119.57029	117.08387	116.55296	117.76166	114.95114	113.52815
1/23/2025	3:29:53 PM	122.24832	113.59425	117.74252	111.83613	115.37060	115.56599	118.39068	118.16964	119.02557	116.56408	116.04057	117.23437	114.44664	113.05317
1/23/2025	3:29:56 PM	121.69230	113.12127	117.23388	111.36298	114.86211	115.05793	117.86303	117.64664	118.49947	116.06025	115.54153	116.71743	113.95429	112.58420
1/23/2025	3:30:00 PM	121.13402	112.64386	116.72453	110.89151	114.35501	114.55374	117.34014	117.13042	117.97712	115.56467	115.05071	116.21046	113.47309	112.12802
1/23/2025	3:30:03 PM	120.58654	112.17885	116.22588	110.43257	113.86127	114.06137	116.82774	116.62485	117.46431	115.07335	114.56435	115.70445	112.99472	111.67575
1/23/2025	3:30:07 PM	120.03802	111.71713	115.72986	109.97886	113.37333	113.57799	116.32757	116.13163	116.97300	114.61282	114.11206	115.24073	112.55833	111.26527
1/23/2025	3:30:11 PM	119.55235	111.31498	115.29369	109.58099	112.94431	113.14875	115.87879	115.68852	116.52360	114.18440	113.68890	114.80084	112.14027	110.86652
1/23/2025	3:30:14 PM	119.06232	110.90223	114.84314	109.16691	112.49084	112.69746	115.40307	115.21650	116.04282	113.72798	113.23453	114.32800	111.69635	110.44494
1/23/2025	3:30:18 PM	118.55584	110.47461	114.38385	108.74685	112.03790	112.24875	114.93611	114.75737	115.57740	113.28709	112.79909	113.87919	111.27394	110.04511
1/23/2025	3:30:21 PM	118.07192	110.06943	113.94411	108.33721	111.61042	111.82225	114.49261	114.31837	115.13145	112.86464	112.38173	113.44912	110.86822	109.66087
1/23/2025	3:30:25 PM	117.60451	109.68149	113.52161	107.95726	111.19808	111.41257	114.06168	113.89392	114.70117	112.45625	111.98016	113.03433	110.47760	109.28789
1/23/2025	3:30:29 PM	117.15077	109.30350	113.10857	107.58450	110.79235	111.00858	113.63752	113.47275	114.27130	112.04856	111.57785	112.61967	110.08669	108.91769
1/23/2025	3:30:32 PM	116.69520	108.92366	112.69363	107.20986	110.38549	110.60355	113.21065	113.04926	113.84000	111.63876	111.17068	112.19868	109.68820	108.54116
1/23/2025	3:30:36 PM	116.23394	108.53944	112.27639	106.83309	109.97757	110.20064	112.78558	112.63003	113.41396	111.23555	110.77360	111.78937	109.30469	108.17698
1/23/2025	3:30:39 PM	115.79230	108.17314	111.87738	106.47432	109.59108	109.81409	112.37949	112.22699	113.00297	110.84433	110.38797	111.38898	108.93094	107.82020
1/23/2025	3:30:43 PM	115.35520	107.81122	111.48179	106.11814	109.20443	109.42776	111.96991	111.82066	112.58486	110.44611	109.99475	110.98043	108.54893	107.45634
1/23/2025	3:30:47 PM	114.91051	107.44180	111.08014	105.75840	108.81843	109.04269	111.56403	111.42083	112.17579	110.05803	109.61177	110.58498	108.18042	107.10470
1/23/2025	3:30:50 PM	114.47890	107.08350	110.69070	105.41190	108.44507	108.67172	111.17312	111.03410	111.78281	109.68551	109.24702	110.20901	107.83018	106.77215
1/23/2025	3:30:54 PM	114.06197	106.74239	110.31836	105.08047	108.08306	108.30712	110.78500	110.64736	111.38285	109.30439	108.87181	109.81597	107.46355	106.41999
1/23/2025	3:30:58 PM	113.63061	106.38674	109.93234	104.73698	107.71108	107.93709	110.39379	110.26098	110.98772	108.93151	108.50705	109.44087	107.11566	106.08798
1/23/2025	3:31:01 PM	113.22823	106.05719	109.57343	104.41974	107.36797	107.59397	110.03021	109.90175	110.61910	108.58314	108.16721	109.08862	106.78931	105.77583
1/23/2025	3:31:05 PM	112.84479	105.74542	109.23193	104.11792	107.04011	107.26231	109.67800	109.55023	110.25506	108.23701	107.82735	108.73689	106.46140	105.46262
1/23/2025	3:31:09 PM	112.45762	105.42855	108.88478	103.81344	106.70815	106.93143	109.32626	109.20217	109.89944	107.89937	107.49765	108.39499	106.14665	105.16278
1/23/2025	3:31:12 PM	112.08374	105.12587	108.55351	103.52293	106.39336	106.61805	108.99381	108.87406	109.56363	107.58585	107.19312	108.08312	105.86047	104.89200
1/23/2025	3:31:16 PM	111.74546	104.85978	108.26280	103.27674	106.12329	106.34934	108.70762	108.59236	109.27439	107.31712	106.92963	107.80913	105.60582	104.65119
1/23/2025	3:31:19 PM	111.42878	104.60972	107.98146	103.03549	105.85384	106.07737	108.41351	108.29881	108.96936	107.02831	106.64596	107.51161	105.33108	104.38880
1/23/2025	3:31:23 PM	111.09133	104.33854	107.67855	102.77106	105.56002	105.78062	108.09591	107.98249	108.64337	106.72293	106.34342	107.19683	105.04336	104.11437
1/23/2025	3:31:27 PM	110.73862	104.05434	107.36783	102.50423	105.26689	105.49020	107.78573	107.67705	108.32779	106.42573	106.05175	106.89506	104.76560	103.85183
1/23/2025	3:31:30 PM	110.40835	103.79176	107.07750	102.25604	104.99440	105.21856	107.49729	107.39161	108.03487	106.15299	105.78497	106.61808	104.50992	103.61053
1/23/2025	3:31:34 PM	110.10403	103.55064	106.80814	102.02566	104.74127	104.96488	107.22353	107.12172	107.75860	105.89429	105.53226	106.35709	104.27068	103.38542
1/23/2025	3:31:37 PM	109.80790	103.31890	106.54926	101.80648	104.49716	104.71799	106.95668	106.85644	107.48194	105.63315	105.27274	106.08534	104.02117	103.14543
1/23/2025	3:31:41 PM	109.49030	103.06459	106.26538	101.56252	104.22438	104.44271	106.65980	106.56159	107.17581	105.34556	104.99014	105.78819	103.74978	102.88418
1/23/2025	3:31:45 PM	109.16095	102.79878	105.96939	101.30522	103.94058	104.15601	106.35187	106.25442	106.85636	105.04270	104.68816	105.47195	103.45815	102.60298
1/23/2025	3:31:48 PM	108.81030	102.50950	105.65168	101.02726	103.63873	103.85167	106.02823	105.93594	106.52706	104.73131	104.38293	105.15353	103.16374	102.32014
1/23/2025	3:31:52 PM	108.45892	102.21884	105.33549	100.74879	103.33749	103.54915	105.70716	105.61848	106.19943	104.42148	104.07802	104.83761	102.87230	102.03950
1/23/2025	3:31:56 PM	108.11747	101.93781	105.02983	100.48126	103.04689	103.25689	105.39665	105.31124	105.88343	104.12364	103.78515	104.53382	102.59096	101.76840
1/23/2025	3:31:59 PM	107.78618	101.66541	104.73237	100.22192	102.76575	102.97421	105.09625	105.01193	105.57433	103.83036	103.49539	104.23141	102.30837	101.49699
1/23/2025	3:32:03 PM	107.44926	101.38652	104.42689	99.95439	102.47423	102.67909	104.78224	104.69954	105.25107	103.52476	103.19338	103.92043	102.01968	101.21882
1/23/2025	3:32:06 PM	107.10554	101.10193	104.11873	99.68355	102.18240	102.38757	104.47337	104.39401	104.93743	103.22868	102.90461	103.62347	101.74609	100.95527
1/23/2025	3:32:10 PM	106.78932	100.84561	103.83931	99.44194	101.92033	102.12475	104.19207	104.11505	104.65017	102.95801	102.63915	103.34803	101.49052	100.71055
1/23/2025	3:32:14 PM	106.48107	100.59538	103.56496	99.20160	101.65568	101.85768	103.90798	103.82824	104.35509	102.67620	102.36309	103.06100	101.22451	100.45352
1/23/2025	3:32:18 PM	106.16597	100.33965	103.28606	98.95870	101.39102	101.59209	103.62524	103.55016	104.06883	102.40615	102.09806	102.78745	100.97223	100.21072
1/23/2025	3:32:21 PM	105.87043	100.09989	103.02307	98.73054	101.13956	101.33880	103.35409	103.28020	103.79259	102.14467	101.84201	102.52303	100.72776	99.97663
1/23/2025	3:32:25 PM	105.58303	99.87004	102.77066	98.51374	100.90281	101.10105	103.10102	103.02906	103.53460	101.90267	101.60447	102.27906	100.50288	99.76137
1/23/2025	3:32:28 PM	105.31285	99.65524	102.53229	98.30909	100.67556	100.87259	102.85522	102.78537	103.28332	101.66706	101.37366	102.04046	100.28338	99.55188
1/23/2025	3:32:32 PM	105.05321	99.44971	102.30572	98.11827	100.46542	100.66049	102.62720	102.55929	103.04942	101.44779	101.15672	101.81554	100.07603	99.35222
1/23/2025	3:32:36 PM	104.79351	99.24396	102.07633	97.92284	100.24851	100.44157	102.38610	102.32303	102.80547	101.21789	100.92927	101.57898	99.85726	99.14112
1/23/2025	3:32:39 PM	104.52602	99.02893	101.83631	97.71777	100.02116	100.21239	102.13945	102.07832	102.55205	100.97952	100.69368	101.33405	99.63170	98.92436
1/23/2025	3:32:43 PM	104.25435	98.81057	101.59408	97.50952	99.79172	99.98044	101.89011	101.83109	102.29729	100.73874	100.45587	101.08721	99.40337	98.70528
1/23/2025	3:32:46 PM	103.97820	98.58689	101.34677	97.29737	99.56029	99.74890	101.64160	101.58687	102.04626	100.50369	100.22540	100.84985	99.18508	98.49714
1/23/2025	3:32:50 PM	103.72321	98.38307	101.12101	97.10534	99.34904	99.53604	101.41066	101.35849	101.80977	100.28037	100.00523	100.62097	98.97115	98.29166
1/23/2025	3:32:54 PM	103.46411	98.17227	100.88787	96.90684	99.13005	99.31485	101.17377	101.12366	101.56786	100.05421	99.78259	100.39139	98.75955	98.08791
1/23/2025	3:32:57 PM	103.21118	97.96773	100.66113	96.71425	98.91769	99.10057	100.94195	100.89289	101.33006	99.83021	99.56074	100.16173	98.54532	97.88181
1/23/2025	3:33:01 PM	102.95500	97.76002	100.43036	96.51866	98.70250	98.88378	100.70845	100.66261	101.09245	99.60738	99.34131	99.93583	98.33730	97.68223
1/23/2025	3:33:04 PM	102.70659	97.56045	100.21133	96.33434	98.50032	98.68074	100.49215	100.44900	100.87547	99.40549	99.14465	99.73615	98.15295	97.50784
1/23/2025	3:33:08 PM	102.49128	97.39280	100.02313	96.17920	98.32878	98.50837	100.30525	100.26346	100.68525	99.22807	98.96900	99.55369	97.98198	97.34353
1/23/2025	3:33:12 PM	102.27655	97.22142	99.82712	96.01612	98.14525	98.32043	100.10055	100.05854	100.47173	99.02736	98.77121	99.34661	97.79286	97.16355
1/23/2025	3:33:15 PM	102.04775	97.03900	99.62163	95.84410	97.95544	98.12907	99.89304	99.85278	100.25908	98.82719	98.57371	99.14292	97.60245	96.98066
1/23/2025	3:33:19 PM	101.81345	96.85131	99.41226	95.66587	97.75564	97.92774	99.67560	99.63419	100.03171	98.61345	98.36187	98.92276	97.39828	96.78417
1/23/2025	3:33:22 PM	101.56518	96.65113	99.19086	95.47721	97.54995	97.72073	99.45360	99.41497	99.80840	98.40417	98.15577	98.70985	97.20099	96.59410
1/23/2025	3:33:26 PM	101.33304	96.46232	98.97931	95.29988	97.35450	97.52268	99.24144	99.20348	99.58964	98.19899	97.95246	98.49966	97.00606	96.40672
1/23/2025	3:33:30 PM	101.10136	96.27447	98.77165	95.12559	97.16216	97.32818	99.03139	98.99575	99.37687	97.99850	97.75466	98.29590	96.81606	96.22357
1/23/2025	3:33:33 PM	100.87297	96.09059	98.56701	94.95224	96.97097	97.13524	98.82384	98.78837	99.16357	97.79967	97.55757	98.09260	96.62673	96.04205
1/23/2025	3:33:37 PM	100.64890	95.90789	98.36349	94.78178	96.78424	96.94507	98.61999	98.58634	98.95610	97.60451	97.36522	97.89490	96.44289	95.86385
1/23/2025	3:33:40 PM	100.42824	95.73036	98.16775	94.61595	96.60135	96.76084	98.42191	98.38893	98.75334	97.41598	97.17910	97.70341	96.26402	95.69180
1/23/2025	3:33:44 PM	100.21344	95.55559	97.97366	94.45508	96.42403	96.58125	98.22796	98.19609	98.55621	97.23007	96.99681	97.51688	96.09028	95.52580
1/23/2025	3:33:48 PM	100.00428	95.38899	97.78954	94.30264	96.25544	96.41115	98.04598	98.01372	98.37011	97.05666	96.82724	97.34329	95.92915	95.37074
1/23/2025	3:33:51 PM	99.81160	95.23644	97.61829	94.16052	96.09697	96.25033	97.87095	97.83834	98.18964	96.88717	96.65901	97.16882	95.76632	95.21257
1/23/2025	3:33:55 PM	99.60728	95.07240	97.43374	94.00739	95.92537	96.07645	97.68148	97.64736	97.99260	96.70338	96.47703	96.98103	95.59154	95.04508
1/23/2025	3:33:58 PM	99.39899	94.90475	97.24892	93.85190	95.75358	95.90391	97.49690	97.46475	97.80576	96.52903	96.30533	96.80506	95.42357	94.88752
1/23/2025	3:34:02 PM	99.20079	94.74621	97.07416	93.70654	95.59372	95.74236	97.32094	97.28915	97.62590	96.36159	96.13795	96.63159	95.26233	94.73219
1/23/2025	3:34:06 PM	99.00437	94.58813	96.89610	93.55830	95.42944	95.57566	97.14062	97.10893	97.43908	96.18851	95.96647	96.45560	95.09768	94.57492
1/23/2025	3:34:09 PM	98.80833	94.43159	96.72447	93.41504	95.27296	95.41704	96.96909	96.93911	97.26566	96.02835	95.80752	96.29090	94.94455	94.42754
1/23/2025	3:34:13 PM	98.62203	94.28096	96.55428	93.27445	95.11638	95.25800	96.79560	96.76438	97.08634	95.86094	95.64041	96.11820	94.78163	94.27090
1/23/2025	3:34:16 PM	98.42730	94.12476	96.38173	93.12791	94.95499	95.09405	96.61822	96.58825	96.90685	95.69375	95.47515	95.94996	94.62573	94.12268
1/23/2025	3:34:20 PM	98.24489	93.97997	96.22044	92.99518	94.80823	94.94747	96.45824	96.42905	96.74601	95.54481	95.32884	95.79839	94.48020	93.98271
1/23/2025	3:34:24 PM	98.06787	93.83742	96.05811	92.86066	94.65856	94.79546	96.29343	96.26532	96.57937	95.38978	95.17583	95.64139	94.33104	93.84067
1/23/2025	3:34:27 PM	97.89123	93.69880	95.90257	92.73130	94.51527	94.65221	96.13692	96.11026	96.42225	95.24468	95.03198	95.49569	94.19452	93.71058
1/23/2025	3:34:31 PM	97.72576	93.56799	95.75342	92.61053	94.38081	94.51680	95.98885	95.96200	96.27246	95.10470	94.89135	95.35100	94.05718	93.57782
1/23/2025	3:34:34 PM	97.55671	93.43220	95.59934	92.48173	94.23521	94.36818	95.82557	95.79846	96.10478	94.94740	94.73561	95.19077	93.90774	93.43496
1/23/2025	3:34:38 PM	97.37961	93.29185	95.44393	92.35218	94.09304	94.22567	95.67109	95.64479	95.94835	94.80020	94.58975	95.04164	93.76771	93.29836
1/23/2025	3:34:42 PM	97.20251	93.14805	95.27994	92.21613	93.94177	94.07252	95.50261	95.47454	95.77404	94.63542	94.42551	94.87434	93.61132	93.14799
1/23/2025	3:34:45 PM	97.01963	93.00019	95.11577	92.07782	93.78936	93.91943	95.33660	95.30951	95.60490	94.47579	94.26812	94.71297	93.46117	93.00208
1/23/2025	3:34:49 PM	96.83863	92.85293	94.95252	91.94018	93.63784	93.76692	95.17000	95.14095	95.43244	94.31434	94.10880	94.55017	93.30926	92.85503
1/23/2025	3:34:53 PM	96.65868	92.70513	94.78910	91.80292	93.48717	93.61580	95.00627	94.97709	95.26414	94.15742	93.95396	94.39418	93.16388	92.71429
1/23/2025	3:34:56 PM	96.48998	92.56860	94.63402	91.67587	93.34705	93.47521	94.85359	94.82510	95.10799	94.01032	93.80823	94.24687	93.02461	92.57963
1/23/2025	3:35:00 PM	96.32001	92.43246	94.48086	91.54684	93.20222	93.32841	94.69564	94.66643	94.94751	93.85823	93.65875	94.09334	92.88125	92.44152
1/23/2025	3:35:03 PM	96.15595	92.30120	94.33297	91.42392	93.06589	93.19179	94.54785	94.51870	94.79733	93.71805	93.52127	93.95499	92.75153	92.31591
1/23/2025	3:35:07 PM	96.00053	92.17727	94.19350	91.31019	92.94017	93.06615	94.40961	94.37999	94.65557	93.58469	93.38979	93.82037	92.62489	92.19233
1/23/2025	3:35:11 PM	95.84680	92.05323	94.05226	91.19339	92.80943	92.93406	94.26524	94.23448	94.50668	93.44451	93.25200	93.68057	92.49431	92.06558
1/23/2025	3:35:14 PM	95.68901	91.92668	93.91018	91.07497	92.67728	92.80075	94.12026	94.08946	94.35869	93.30573	93.11417	93.53999	92.36223	91.93784
1/23/2025	3:35:18 PM	95.53117	91.80023	93.76900	90.95673	92.54532	92.66927	93.97812	93.94880	94.22642	93.19070	92.98174	93.36179	92.23534	91.84147
1/23/2025	3:35:22 PM	95.24854	91.52160	93.48643	90.74721	92.42497	92.66801	94.05512	94.07355	94.30440	93.18864	92.86795	93.16839	92.10171	91.74818
1/23/2025	3:35:25 PM	95.05573	91.34278	93.28344	90.56047	92.19132	92.43121	93.83390	93.95318	94.27876	93.23324	92.91030	93.16103	91.97445	91.68110
1/23/2025	3:35:29 PM	94.86977	91.10284	93.00722	90.36282	92.08231	92.43747	93.90976	94.02969	94.26124	93.10569	92.66948	92.84697	91.84173	91.55317
1/23/2025	3:35:32 PM	94.60649	90.90319	92.81178	90.20156	91.95174	92.36671	93.81986	93.90651	94.10189	92.93060	92.47625	92.61729	91.71134	91.41323
1/23/2025	3:35:36 PM	94.31916	90.70698	92.72696	90.28595	92.16660	92.54859	93.96675	93.94183	93.97035	92.65542	92.07825	92.16339	91.66576	91.31463
1/23/2025	3:35:40 PM	93.90094	90.47821	92.65611	90.40112	92.45240	92.83238	94.19763	94.01191	93.74287	92.33375	91.60616	91.58456	91.30493	90.84970
1/23/2025	3:35:43 PM	93.01049	88.64366	91.95478	89.95392	92.03970	92.24772	93.41375	93.01813	92.60493	91.28826	89.90195	86.08943	87.14384	89.25450
1/23/2025	3:35:47 PM	80.50541	76.23106	81.88202	79.64961	84.97231	85.10349	86.33650	84.15246	77.90549	76.71339	76.52394	76.50923	76.51288	76.56932
1/23/2025	3:35:50 PM	76.34464	76.40940	76.52442	76.51175	76.57215	76.56486	76.56821	76.59114	76.52350	76.55305	76.48215	76.49551	76.43257	76.49267
1/23/2025	3:35:54 PM	76.51125	76.56095	76.53416	76.53195	76.53770	76.54349	76.52671	76.50173	76.48066	76.55256	76.50517	76.51546	76.44752	76.51329
1/23/2025	3:35:58 PM	76.44264	76.56228	76.51781	76.46147	76.53524	76.55596	76.53111	76.49893	76.48258	76.60561	76.54698	76.51630	76.44934	76.52485
1/23/2025	3:36:01 PM	76.42550	76.53991	76.53360	76.42384	76.52828	76.54801	76.53474	76.49524	76.48057	76.63304	76.56884	76.53695	76.45530	76.52946
1/23/2025	3:36:05 PM	76.42946	76.52465	76.55502	76.44244	76.52998	76.54371	76.53502	76.49467	76.48164	76.64800	76.55248	76.53812	76.45602	76.52880
1/23/2025	3:36:08 PM	76.43906	76.51754	76.55453	76.45798	76.53198	76.54286	76.53905	76.49669	76.48137	76.63825	76.57688	76.53977	76.45702	76.52785
1/23/2025	3:36:12 PM	76.44036	76.51619	76.54893	76.46781	76.53262	76.54302	76.53810	76.49510	76.47929	76.64126	76.54176	76.52507	76.45672	76.52659
1/23/2025	3:36:16 PM	76.44319	76.51294	76.55962	76.47545	76.53325	76.54225	76.54700	76.49828	76.48012	76.62800	76.55398	76.51951	76.45746	76.52698
1/23/2025	3:36:19 PM	76.44691	76.51204	76.55283	76.48157	76.53395	76.54231	76.54743	76.49875	76.48165	76.63578	76.54936	76.52645	76.45837	76.52637
1/23/2025	3:36:23 PM	76.44847	76.51112	76.54957	76.48188	76.53005	76.54094	76.54166	76.49893	76.48226	76.62093	76.53931	76.52624	76.45891	76.52592
1/23/2025	3:36:26 PM	76.45193	76.51119	76.55465	76.48247	76.52787	76.53783	76.52806	76.49899	76.48206	76.62697	76.55192	76.52688	76.46064	76.52566
1/23/2025	3:36:30 PM	76.44220	76.51054	76.55273	76.48186	76.52776	76.53876	76.52670	76.50046	76.48210	76.61565	76.55209	76.52606	76.46101	76.52465
1/23/2025	3:36:34 PM	76.44482	76.51109	76.55499	76.50424	76.52518	76.53930	76.52428	76.49969	76.48061	76.60370	76.53370	76.52602	76.46117	76.52265
1/23/2025	3:36:37 PM	76.44735	76.51032	76.55871	76.51086	76.52568	76.53984	76.52443	76.49939	76.47906	76.59970	76.53717	76.52665	76.46320	76.52197
1/23/2025	3:36:41 PM	76.44743	76.50922	76.55250	76.51165	76.52601	76.53632	76.52329	76.49885	76.47738	76.60080	76.52711	76.52573	76.46382	76.52026
1/23/2025	3:36:44 PM	76.44635	76.50860	76.55106	76.51210	76.52574	76.53561	76.52230	76.49830	76.47669	76.60134	76.51637	76.52483	76.46094	76.51721
1/23/2025	3:36:48 PM	76.44578	76.50728	76.54779	76.51311	76.52680	76.53639	76.52055	76.49751	76.47762	76.59705	76.53804	76.52445	76.45702	76.51545
1/23/2025	3:36:52 PM	76.44783	76.50462	76.54839	76.51008	76.52641	76.53555	76.52020	76.49741	76.47838	76.59705	76.56754	76.52366	76.45493	76.51410
1/23/2025	3:36:55 PM	76.44964	76.50355	76.54473	76.50850	76.52591	76.53382	76.52041	76.49594	76.47807	76.59470	76.57136	76.52189	76.45540	76.51369
1/23/2025	3:36:59 PM	76.45264	76.50386	76.54504	76.50798	76.52602	76.53321	76.52015	76.49548	76.47821	76.59451	76.56616	76.51964	76.45526	76.50954
1/23/2025	3:37:02 PM	76.45553	76.50354	76.54090	76.50732	76.52237	76.53315	76.51946	76.49388	76.47922	76.59282	76.54829	76.51697	76.45622	76.51092
