6/19/2025	4:14:49 PM	77.19643	77.94383	77.18456	77.10550	77.05574	77.05292	77.15669	77.11025	77.12818	77.11251	77.14215	77.09720	76.56464	76.67750
6/19/2025	4:14:52 PM	77.19677	77.94320	77.18444	77.10596	77.05580	77.05285	77.15685	77.11057	77.12965	77.11190	77.14241	77.09773	76.56511	76.67886
6/19/2025	4:14:56 PM	77.19716	77.94244	77.18553	77.10407	77.05409	77.05221	77.15654	77.10896	77.12919	77.11322	77.17689	77.10375	76.56124	76.67950
6/19/2025	4:15:00 PM	77.24558	77.99374	77.18084	77.03765	76.98382	76.97713	77.07973	77.03592	77.05990	77.04301	77.07157	77.03362	76.49979	76.61522
6/19/2025	4:15:03 PM	77.13635	77.88470	77.12226	77.04268	76.99651	76.99079	77.09941	77.06511	77.08117	77.06361	77.09057	77.04840	76.50912	76.62531
6/19/2025	4:15:07 PM	77.14728	77.89010	77.12803	77.04921	77.00095	76.99689	77.10564	77.06365	77.07854	77.06314	77.09169	77.04712	76.51318	76.62724
6/19/2025	4:15:10 PM	77.14694	77.89625	77.13258	77.05476	77.00552	77.00211	77.10921	77.09473	77.09434	77.08665	77.09332	77.05201	76.51511	76.64223
6/19/2025	4:15:14 PM	77.20451	77.90230	77.13449	77.05431	77.00610	77.00534	77.11128	77.07920	77.10815	77.09678	77.11988	77.06875	76.51934	76.68190
6/19/2025	4:15:17 PM	77.20802	77.91080	77.14009	77.05923	77.01249	77.00809	77.11470	77.20038	77.51129	78.94457	77.59873	77.30979	76.52569	77.18789
6/19/2025	4:15:21 PM	77.57273	77.92373	77.14617	77.06602	77.02135	77.01415	77.12269	80.11166	82.07672	85.46305	82.19531	80.60846	76.53605	78.11459
6/19/2025	4:15:25 PM	78.66698	77.96130	77.15747	77.07915	77.04503	77.02578	77.14067	84.15276	86.63794	90.62021	88.09528	86.29975	76.57215	82.09841
6/19/2025	4:15:28 PM	82.40818	78.13790	77.17569	77.09762	80.84142	77.04620	77.49349	87.63023	91.09563	95.98690	93.86469	91.06948	79.64439	86.58493
6/19/2025	4:15:32 PM	86.52038	78.48229	77.19494	77.12422	85.25537	77.07757	84.52925	91.00769	95.10130	100.97350	99.45998	95.16863	85.54608	90.52915
6/19/2025	4:15:35 PM	91.38995	79.38690	77.22157	77.14938	87.39319	77.12983	89.53589	94.36059	98.94322	105.61116	104.15351	99.25750	90.26761	94.72365
6/19/2025	4:15:39 PM	95.29314	80.68849	77.47441	79.25848	89.31341	84.05431	92.99738	97.60151	102.53899	110.80789	108.96417	103.01118	93.84394	98.29124
6/19/2025	4:15:43 PM	99.25283	83.47680	82.78532	84.59108	91.28015	89.62982	95.80341	100.83135	106.71226	116.60053	114.13250	106.75317	97.03638	102.35718
6/19/2025	4:15:46 PM	103.16260	88.50094	88.78196	88.56893	93.25381	93.36220	98.71467	103.71258	111.22786	121.55040	118.82036	110.94289	100.21446	105.88273
6/19/2025	4:15:50 PM	107.02535	94.19842	93.06410	92.02666	95.22287	96.17019	101.49839	107.64129	115.38847	126.19944	123.24190	115.09534	103.32384	109.27816
6/19/2025	4:15:53 PM	110.91707	99.13581	96.54809	94.89396	96.89952	98.75549	104.41889	111.43591	119.59805	130.86092	127.29420	119.20621	106.51599	112.77963
6/19/2025	4:15:57 PM	114.59959	103.39138	99.99104	97.34552	98.74228	101.32653	107.66695	114.96975	123.52835	135.52184	131.54589	122.87317	109.66103	116.41509
6/19/2025	4:16:01 PM	118.07622	107.54592	103.47412	99.52369	101.02665	103.96814	110.95925	118.42567	127.53800	140.29908	136.13254	126.52172	112.76589	119.70142
6/19/2025	4:16:04 PM	121.69284	111.79547	106.41540	101.88761	102.76598	106.52529	114.04479	121.83923	131.48526	144.70896	140.21594	130.28711	115.89162	123.16098
6/19/2025	4:16:08 PM	125.23024	115.66617	109.68725	104.37442	105.01836	109.21570	117.21978	125.25315	135.33098	149.23250	144.26496	133.93842	119.16092	126.95322
6/19/2025	4:16:11 PM	128.72743	119.50499	112.82338	106.83404	107.21689	111.99747	120.09406	128.41056	139.18748	153.61822	148.48447	137.77088	122.31339	130.41404
6/19/2025	4:16:15 PM	132.24552	123.28476	116.05903	109.40802	109.82513	115.01272	123.15323	131.76783	143.12474	158.07756	152.56004	141.31420	125.50289	133.82745
6/19/2025	4:16:19 PM	135.72687	126.68621	119.05988	112.01908	112.29350	117.83751	126.08213	135.12940	146.91839	162.36428	156.68949	145.05828	128.51623	137.37557
6/19/2025	4:16:22 PM	139.01894	130.03361	122.13007	114.66505	114.86761	120.71361	129.02543	138.59968	150.88269	166.49261	160.50923	148.56076	131.74150	140.96697
6/19/2025	4:16:26 PM	142.49468	133.29258	125.13600	117.42712	117.61147	123.51532	131.97426	142.03539	154.70247	170.43018	164.46830	152.09787	134.81493	144.51337
6/19/2025	4:16:29 PM	145.79434	136.24529	128.13089	120.26035	120.22744	126.34707	134.90410	145.20079	158.33944	174.47090	168.39611	155.28192	137.87437	148.12638
6/19/2025	4:16:33 PM	148.92731	139.46200	131.01954	122.87919	122.84305	128.83928	137.71491	148.30944	161.97682	178.40717	172.52126	158.76171	140.82040	151.43730
6/19/2025	4:16:37 PM	152.15591	142.47919	133.91344	125.32894	125.38421	131.58825	140.53387	151.58555	165.67256	182.17769	176.20125	162.05790	143.84152	154.84035
6/19/2025	4:16:40 PM	155.44303	145.31234	136.67726	127.68453	128.25653	134.27514	143.32817	154.54083	169.03437	185.78129	179.77219	165.20320	146.82928	157.99790
6/19/2025	4:16:44 PM	158.42698	148.33937	139.23472	130.14327	130.84147	136.84989	145.86763	157.50520	172.42760	189.29007	183.13351	168.42487	149.64500	161.11405
6/19/2025	4:16:47 PM	161.44185	151.07023	141.81616	132.65351	133.19120	139.40682	148.47965	160.37703	175.49216	192.63064	186.29018	171.33058	152.36990	164.12038
6/19/2025	4:16:51 PM	164.36016	153.74522	144.52819	135.03255	135.77970	141.95826	150.99027	163.11326	178.45745	196.09295	189.54637	174.20283	155.00114	166.95964
6/19/2025	4:16:55 PM	167.16511	156.31835	147.01373	137.38278	137.95626	144.29481	153.46152	165.74226	181.45076	199.38577	192.43017	177.04896	157.46664	169.57788
6/19/2025	4:16:58 PM	169.78927	158.97314	149.45857	139.93391	140.19038	146.74459	155.88664	168.19255	184.26140	202.35868	195.22849	179.84746	160.01406	172.21119
6/19/2025	4:17:02 PM	172.15751	161.34385	151.78818	142.04434	142.25686	148.83486	158.25054	170.71228	187.18083	205.23949	197.92661	182.42218	162.34655	174.70191
6/19/2025	4:17:05 PM	174.64762	163.74538	153.92651	144.03011	144.78953	151.15486	160.59363	173.30515	189.69300	207.87083	200.42375	184.77645	164.71855	177.27904
6/19/2025	4:17:09 PM	177.07731	166.09883	156.14980	146.21105	146.89074	153.32370	162.83836	175.88613	192.20663	210.53896	202.97128	187.20130	166.94782	179.78585
6/19/2025	4:17:12 PM	179.42744	168.33848	158.17416	148.06587	148.76043	155.31954	164.99912	178.00068	194.61457	213.12691	205.49264	189.76002	169.24487	182.17202
6/19/2025	4:17:16 PM	181.70609	170.50075	160.19157	150.17365	150.66936	157.41676	167.10442	180.33848	197.03319	215.49656	207.86679	191.98700	171.39484	184.47741
6/19/2025	4:17:20 PM	183.95313	172.54967	162.18269	152.06604	152.73462	159.33216	169.12111	182.58420	199.30626	217.87467	210.05219	194.19826	173.44659	186.62982
6/19/2025	4:17:23 PM	186.02373	174.44447	164.26469	154.01649	154.78550	161.28524	171.13144	184.70067	201.54269	220.19537	212.11452	196.32823	175.52620	188.80066
6/19/2025	4:17:27 PM	188.12090	176.49945	166.22886	155.83753	156.69751	163.30479	173.18928	186.83658	203.90083	222.29102	214.03462	198.49572	177.65727	190.98152
6/19/2025	4:17:30 PM	190.18420	178.62234	168.31006	157.66156	158.80950	165.18578	175.16674	188.97756	206.14076	224.38286	215.71486	200.45511	179.61905	193.08781
6/19/2025	4:17:34 PM	192.27579	180.61027	170.09722	159.39997	160.38236	167.03905	176.98483	190.99306	208.25930	226.37068	217.63314	202.49036	181.48832	195.05589
6/19/2025	4:17:38 PM	194.12190	182.53011	171.98943	161.19190	162.00302	168.87545	178.81102	192.91549	210.08282	228.27051	219.26635	204.33190	183.37992	197.00363
6/19/2025	4:17:41 PM	196.04905	184.39631	173.83484	163.02739	163.71922	170.73206	180.66843	194.75239	212.08027	230.16978	220.85235	206.08273	185.13139	198.84524
6/19/2025	4:17:45 PM	197.98820	186.22005	175.51527	164.64302	165.49179	172.51692	182.45034	196.64585	213.91733	231.92688	222.46501	207.80007	186.92227	200.66739
6/19/2025	4:17:48 PM	199.76137	187.93282	177.20586	166.33109	167.30293	174.15568	184.16832	198.45860	215.74809	233.63908	224.12008	209.51193	188.67775	202.47406
6/19/2025	4:17:52 PM	201.41637	189.63622	178.87095	167.99957	168.83759	175.79807	185.89749	200.27824	217.50938	235.39754	225.74075	211.07571	190.39013	204.19896
6/19/2025	4:17:56 PM	203.19791	191.33145	180.43301	169.43513	170.17066	177.38291	187.52254	201.90871	219.37588	237.03310	227.10338	212.63588	192.08077	206.02401
6/19/2025	4:17:59 PM	204.84620	192.98541	182.05826	170.90078	171.75504	178.91937	189.14297	203.61776	221.03050	238.50699	228.46770	214.25660	193.69778	207.73170
6/19/2025	4:18:03 PM	206.46955	194.61002	183.59212	172.41347	173.10767	180.37953	190.76843	205.31574	222.69923	239.96592	229.85690	215.71639	195.24070	209.40076
6/19/2025	4:18:06 PM	208.19916	196.26783	185.19614	173.85496	174.63389	181.87634	192.23643	206.89746	224.20493	241.46855	231.19724	217.17724	196.78592	211.00253
6/19/2025	4:18:10 PM	209.68000	197.73756	186.61382	175.18976	176.38421	183.46328	193.67560	208.50007	225.81640	242.86432	232.61564	218.64940	198.27825	212.59480
6/19/2025	4:18:14 PM	211.12969	199.18590	188.00302	176.51398	177.57603	184.88101	195.17123	209.94546	227.21465	244.11684	233.96993	220.17367	199.79133	214.19067
6/19/2025	4:18:17 PM	212.62988	200.66167	189.57297	177.91490	178.91084	186.26730	196.62433	211.49287	228.69906	245.38955	235.22358	221.53605	201.23124	215.70966
6/19/2025	4:18:21 PM	214.06803	202.14402	191.01149	179.32039	180.23590	187.68537	197.99544	212.92874	230.14390	246.66129	236.39029	222.83839	202.59669	217.10802
6/19/2025	4:18:24 PM	215.43170	203.67238	192.34157	180.71875	181.54100	189.04921	199.37365	214.42999	231.63458	247.97040	237.55638	224.19595	203.94241	218.46453
6/19/2025	4:18:28 PM	216.81685	204.95846	193.65916	181.90518	182.81510	190.27276	200.66989	215.81997	232.86473	249.11905	238.75971	225.45143	205.26904	219.88979
6/19/2025	4:18:32 PM	218.13615	206.27811	194.95011	183.17217	184.15108	191.52323	201.96959	217.13310	234.23859	250.26977	239.98646	226.74440	206.61523	221.28841
6/19/2025	4:18:35 PM	219.36058	207.59244	196.22191	184.39182	185.29829	192.83513	203.27357	218.44534	235.49356	251.35905	241.21225	228.00201	207.97564	222.68671
6/19/2025	4:18:39 PM	220.66480	208.93966	197.46117	185.72189	186.46255	194.10106	204.51611	219.65694	236.43973	252.12009	242.39496	229.20758	209.08165	223.58688
6/19/2025	4:18:42 PM	221.60813	209.92249	198.54232	185.92671	186.70863	194.40019	205.13242	220.10974	236.82720	252.35663	243.85033	230.56942	209.98075	224.31968
6/19/2025	4:18:46 PM	222.63500	210.77510	199.28792	186.65567	187.30191	194.86783	205.64214	220.80022	237.10255	252.19814	244.72516	231.47810	210.93191	224.71022
6/19/2025	4:18:50 PM	223.12921	211.72117	200.77006	188.20907	187.94334	195.74477	206.01757	220.76935	236.15850	250.38210	243.58246	231.20299	211.70737	224.30600
6/19/2025	4:18:53 PM	223.53240	212.90099	202.60139	189.70596	188.55435	196.55394	206.49077	220.83459	235.24229	248.41544	242.44974	231.19559	212.60335	224.19502
6/19/2025	4:18:57 PM	224.08144	214.00689	204.15921	191.17655	189.24808	197.42708	206.98334	221.15066	234.52837	246.65793	241.37321	231.53203	213.63143	224.18527
6/19/2025	4:19:00 PM	224.83877	215.24033	205.89660	192.71211	190.32729	198.30244	207.66547	221.51052	233.93874	245.19993	240.64576	232.32899	214.86961	224.56104
6/19/2025	4:19:04 PM	225.83560	216.63223	207.70018	194.06741	191.49504	199.10170	208.41862	221.93205	233.48038	243.87422	240.37248	233.53715	216.15793	225.03701
6/19/2025	4:19:08 PM	227.01011	217.89758	209.28807	195.37293	192.73135	199.80075	209.19638	222.28980	233.19615	242.89524	240.95600	234.77671	217.42175	225.86232
6/19/2025	4:19:11 PM	228.04517	219.05395	210.79587	196.78228	194.05099	200.53695	210.05932	222.72398	233.17291	242.09192	241.76042	236.04725	218.69552	226.78862
6/19/2025	4:19:15 PM	229.06106	220.19804	212.18825	198.07091	195.27937	201.26902	210.88420	223.10647	233.17532	241.48475	243.24767	237.26263	220.12441	228.23069
6/19/2025	4:19:18 PM	230.02336	221.33237	213.46629	199.27794	196.36975	202.01251	211.75414	223.61578	233.17662	241.10286	244.64092	238.22768	221.52318	229.55090
6/19/2025	4:19:22 PM	230.79984	222.27561	214.55311	200.53718	197.55575	202.82877	212.61966	224.11056	233.39456	240.90331	246.05500	238.96339	222.95432	231.12908
6/19/2025	4:19:26 PM	231.61786	223.19005	215.58828	201.78156	198.73672	203.72188	213.49592	224.68393	233.55787	240.77434	247.42282	239.62683	224.35707	232.65068
6/19/2025	4:19:29 PM	232.40070	224.10632	216.66903	202.99444	199.90422	204.56743	214.37726	225.29211	233.90635	240.89986	248.49423	240.28138	225.61504	234.06853
6/19/2025	4:19:33 PM	233.15547	225.12177	217.75887	204.23078	201.02741	205.53038	215.30727	225.92925	234.30069	241.17290	249.51349	240.78216	226.86203	235.50352
6/19/2025	4:19:36 PM	233.90117	225.99073	218.77789	205.43720	202.28227	206.46810	216.23630	226.60890	234.61612	241.81790	250.35383	241.12808	227.96842	236.96526
6/19/2025	4:19:40 PM	234.70067	226.89741	219.75060	206.62946	203.54695	207.51006	217.23069	227.34408	234.92025	242.39247	251.09748	241.60239	229.03581	238.26690
6/19/2025	4:19:44 PM	235.51630	227.86762	220.77010	207.89255	204.87999	208.60160	218.23589	228.12969	235.44105	243.10546	251.81959	241.91816	229.97742	239.49438
6/19/2025	4:19:47 PM	236.23201	228.71551	221.74461	208.99375	206.08930	209.68258	219.19960	228.91359	235.92281	243.99139	252.42120	242.32675	230.88203	240.62375
6/19/2025	4:19:51 PM	237.00890	229.61362	222.65298	210.07315	207.33871	210.76650	220.21009	229.68415	236.53141	244.86117	252.98100	242.72996	231.83986	241.73346
6/19/2025	4:19:54 PM	237.78272	230.43406	223.55909	211.09627	208.59890	211.75931	221.20656	230.44034	237.12908	245.88878	253.50152	243.09670	232.64999	242.75507
6/19/2025	4:19:58 PM	238.49855	231.32024	224.47521	212.14279	209.75777	212.70719	222.16453	231.20475	237.78561	246.69189	253.93367	243.51088	233.53265	243.72756
6/19/2025	4:20:01 PM	239.20451	232.17539	225.30950	213.11436	210.94524	213.74817	223.14460	231.95442	238.47517	247.60611	254.36271	243.96105	234.32716	244.49620
6/19/2025	4:20:05 PM	239.86422	232.67122	224.86960	213.34693	212.18182	214.89618	224.01440	232.64521	239.63831	249.03356	254.24098	243.87032	234.75510	245.07480
6/19/2025	4:20:09 PM	240.33230	232.61291	222.67141	212.86331	213.65238	216.27641	224.84371	233.37618	240.90530	250.14583	253.69380	243.81721	235.49142	245.54952
6/19/2025	4:20:12 PM	240.64445	232.39089	220.98945	212.51828	215.00101	217.60800	225.72433	234.09642	242.06612	251.05587	253.29069	243.83971	236.26595	246.12144
6/19/2025	4:20:16 PM	240.87820	232.32404	219.74428	212.79141	216.44660	218.92972	226.62888	234.85228	243.03344	252.04993	253.46175	244.09684	236.54893	246.53694
6/19/2025	4:20:19 PM	241.19139	232.31378	219.28952	212.89600	217.81202	219.96719	227.60772	235.56762	243.85797	253.18190	253.75577	244.59631	236.85051	247.16841
6/19/2025	4:20:23 PM	241.60895	232.59274	220.25464	213.07522	218.79961	221.12449	228.56164	236.23925	244.57469	254.30312	254.28315	245.28350	237.27972	247.77919
6/19/2025	4:20:27 PM	242.01404	233.48888	222.16802	213.75449	220.00159	222.39202	229.58170	237.00797	245.34321	255.32909	254.97045	246.09836	237.85363	248.44584
6/19/2025	4:20:30 PM	242.62558	234.35380	223.54768	214.43748	221.21906	223.51628	230.55059	237.84858	246.31440	256.43229	255.48197	246.75470	238.47769	249.17659
6/19/2025	4:20:34 PM	243.17043	235.15719	224.78723	215.31066	222.30501	224.53164	231.51449	238.68617	247.04588	257.31317	256.17426	247.54518	238.85945	249.94074
6/19/2025	4:20:37 PM	243.70607	236.04569	226.21422	216.34502	223.40234	225.55540	232.41606	239.49577	247.88353	258.35573	256.88300	248.33060	239.32359	250.51145
6/19/2025	4:20:41 PM	244.30488	236.79824	227.25891	217.08963	224.22369	226.49989	233.34586	240.41450	248.68413	259.15492	257.57386	249.01837	239.91860	251.01076
6/19/2025	4:20:45 PM	244.86987	237.31483	227.90326	217.78914	224.94607	227.33257	234.22563	241.36944	249.66862	259.99737	258.14472	249.60273	240.53282	251.50250
6/19/2025	4:20:48 PM	245.35474	237.78392	229.53388	218.91094	225.70196	228.13652	235.01938	242.26535	250.63615	260.80357	258.63633	250.20633	241.22497	252.05992
6/19/2025	4:20:52 PM	245.98203	237.77211	231.37051	220.21772	226.60368	228.99977	235.88580	243.15407	251.53176	261.46129	259.32385	250.75258	241.84053	252.54942
6/19/2025	4:20:55 PM	246.59351	237.71138	232.76757	221.40227	227.52274	229.83552	236.70583	244.10032	252.48726	261.97013	259.54391	251.13193	242.48690	252.89035
6/19/2025	4:20:59 PM	247.14311	237.89579	233.61193	222.43405	228.22309	230.57414	237.50214	245.00996	253.44666	262.59029	260.00764	251.63987	242.98132	253.17994
6/19/2025	4:21:03 PM	247.75709	237.98027	234.43613	223.43786	228.82759	231.31612	238.26095	245.77999	254.18729	263.11544	260.56655	252.11587	243.53389	253.53943
6/19/2025	4:21:06 PM	248.34987	238.76579	235.18045	224.37430	229.47651	232.11049	238.97368	246.46874	255.03784	263.68444	260.91764	252.61495	244.02672	253.84742
6/19/2025	4:21:10 PM	248.90302	239.46773	236.29374	225.31852	230.11074	232.84311	239.62987	247.15895	255.82267	264.25250	261.36113	253.20322	244.49158	254.16676
6/19/2025	4:21:13 PM	249.45090	240.35633	237.40574	226.43642	230.73066	233.52004	240.29214	247.84430	256.61668	264.77919	261.70144	253.76052	245.04484	254.60248
6/19/2025	4:21:17 PM	250.05168	241.07849	238.26413	227.46583	231.39905	234.17418	240.85165	248.65005	257.28010	264.94672	261.83476	254.04573	245.11115	254.18417
6/19/2025	4:21:21 PM	249.22445	240.66815	237.46533	228.60128	232.79077	235.45246	241.60380	249.18702	257.17638	264.32674	261.13373	253.81175	245.34308	254.15526
6/19/2025	4:21:24 PM	249.51898	241.54603	237.86344	229.78462	233.53675	236.24925	242.48026	250.36917	258.04305	264.87863	261.51909	254.71145	245.88483	254.58605
6/19/2025	4:21:28 PM	250.35562	242.64345	238.41899	230.74371	234.30165	237.00961	243.30372	251.40182	258.82565	265.38070	261.89250	255.42738	246.46233	255.11401
6/19/2025	4:21:31 PM	251.15380	243.64655	238.87725	231.76276	234.98852	237.67933	244.08261	252.30593	259.52239	265.82620	262.25008	256.04699	247.04890	255.64855
6/19/2025	4:21:35 PM	251.91010	244.54889	239.28621	232.77265	235.63024	238.31195	244.82963	253.11440	260.15283	266.21848	262.59666	256.62052	247.65995	256.17930
6/19/2025	4:21:39 PM	252.61571	245.41327	239.86196	233.54442	236.24826	238.94840	245.54900	253.83267	260.71803	266.57209	262.92314	257.14440	248.25954	256.68489
6/19/2025	4:21:42 PM	253.27754	246.22642	240.47654	234.25055	236.84349	239.58029	246.23939	254.47632	261.23046	266.88649	263.22714	257.62232	248.84747	257.16598
6/19/2025	4:21:46 PM	253.89716	246.99994	241.12610	234.92871	237.42549	240.20340	246.89154	255.06019	261.70200	267.17082	263.51209	258.06432	249.42220	257.62024
6/19/2025	4:21:49 PM	254.46781	247.71301	241.76340	235.60526	237.99384	240.80333	247.50842	255.59883	262.13389	267.42445	263.77986	258.47301	249.97531	258.04890
6/19/2025	4:21:53 PM	255.00010	248.39991	242.37348	236.19519	238.54888	241.39136	248.08808	256.08182	262.52376	267.65764	264.04000	258.86030	250.50172	258.44781
6/19/2025	4:21:57 PM	255.49527	249.04595	242.97980	236.84333	239.11041	241.97092	248.64493	256.52996	262.87969	267.86821	264.28171	259.21362	251.01678	258.82865
6/19/2025	4:22:00 PM	255.95503	249.65782	243.54941	237.47289	239.64850	242.52343	249.16671	256.94149	263.19604	268.05274	264.51018	259.55004	251.50331	259.18761
6/19/2025	4:22:04 PM	256.38626	250.23714	244.12211	238.09407	240.19511	243.07958	249.67711	257.32808	263.48930	268.22427	264.73090	259.87088	251.98764	259.53745
6/19/2025	4:22:07 PM	256.79111	250.79580	244.66439	238.67376	240.71313	243.61410	250.15655	257.68943	263.75379	268.38307	264.94517	260.17388	252.44590	259.86406
6/19/2025	4:22:11 PM	257.17678	251.31642	245.20326	239.21649	241.21760	244.12708	250.60862	258.01803	263.98741	268.52482	265.14494	260.45134	252.87738	260.16683
6/19/2025	4:22:15 PM	257.53556	251.81613	245.72716	239.76028	241.70302	244.62779	251.04548	258.33017	264.20706	268.66102	265.33968	260.71927	253.30296	260.46391
6/19/2025	4:22:18 PM	257.87574	252.28950	246.24180	240.29535	242.18096	245.11349	251.45907	258.61950	264.40737	268.78112	265.51725	260.96709	253.70166	260.73654
6/19/2025	4:22:22 PM	258.19351	252.73530	246.74488	240.81823	242.64122	245.57551	251.85489	258.88534	264.59787	268.88861	265.68561	261.20439	254.08439	260.99312
6/19/2025	4:22:25 PM	258.49611	253.16187	247.22312	241.31983	243.09331	246.02187	252.23220	259.13767	264.78081	268.98274	265.84273	261.42883	254.44761	261.23605
6/19/2025	4:22:29 PM	258.78214	253.57070	247.67456	241.80860	243.53678	246.45030	252.59157	259.38439	264.95825	269.06659	265.99533	261.64549	254.80135	261.46678
6/19/2025	4:22:33 PM	259.05259	253.96051	248.10767	242.28976	243.97013	246.86738	252.94142	259.62800	265.12577	269.14935	266.14666	261.85738	255.14072	261.68707
6/19/2025	4:22:36 PM	259.31003	254.33636	248.53246	242.76352	244.39355	247.26912	253.27776	259.86456	265.28896	269.22721	266.29185	262.06249	255.46492	261.89284
6/19/2025	4:22:40 PM	259.55465	254.69375	248.94121	243.22368	244.80258	247.65410	253.59893	260.09074	265.44849	269.30198	266.43183	262.26032	255.77126	262.08454
6/19/2025	4:22:43 PM	259.78889	255.04037	249.34405	243.67401	245.19686	248.02767	253.91155	260.31198	265.60804	269.37610	266.57412	262.45625	256.07029	262.27138
6/19/2025	4:22:47 PM	260.01453	255.36770	249.74468	244.14829	245.57244	248.39788	254.21435	260.52153	265.76134	269.44402	266.70504	262.65041	256.36046	262.44849
6/19/2025	4:22:51 PM	260.22299	255.68997	250.13231	244.59140	245.94128	248.76414	254.51227	260.73348	265.91611	269.51440	266.83991	262.83965	256.63488	262.61635
6/19/2025	4:22:54 PM	260.42974	256.00012	250.51070	245.02830	246.30029	249.11649	254.80035	260.94452	266.07139	269.58788	266.97507	263.02707	256.90270	262.77762
6/19/2025	4:22:58 PM	260.63129	256.29714	250.88808	245.46136	246.65616	249.46358	255.08098	261.14948	266.22069	269.66539	267.11064	263.20943	257.15898	262.93342
6/19/2025	4:23:01 PM	260.82790	256.58336	251.24792	245.87027	247.00843	249.80199	255.35123	261.35254	266.36787	269.74631	267.24836	263.38838	257.40230	263.08209
6/19/2025	4:23:05 PM	261.02069	256.85733	251.59335	246.26329	247.34516	250.12636	255.61219	261.54719	266.51434	269.83207	267.38861	263.56497	257.63794	263.22726
6/19/2025	4:23:09 PM	261.21265	257.12307	251.93416	246.64564	247.68128	250.44417	255.87090	261.74394	266.66884	269.92065	267.53139	263.73934	257.86612	263.36963
6/19/2025	4:23:12 PM	261.39946	257.38038	252.25848	247.00803	248.00474	250.75899	256.12359	261.93931	266.82269	270.00937	267.67707	263.91422	258.08966	263.50838
6/19/2025	4:23:16 PM	261.58601	257.63031	252.57763	247.36389	248.31963	251.06407	256.36975	262.12925	266.98076	270.10254	267.82348	264.08346	258.30650	263.64213
6/19/2025	4:23:19 PM	261.76945	257.87434	252.88951	247.71074	248.62448	251.37127	256.61115	262.31477	267.13883	270.19844	267.96689	264.24925	258.51649	263.77269
6/19/2025	4:23:23 PM	261.94740	258.11312	253.18906	248.04598	248.92101	251.66920	256.84674	262.49398	267.30085	270.30126	268.11456	264.41342	258.72172	263.90120
6/19/2025	4:23:27 PM	262.12389	258.34970	253.48157	248.37460	249.21362	251.96753	257.08092	262.67324	267.46840	270.41372	268.26353	264.57642	258.92258	264.02967
6/19/2025	4:23:30 PM	262.29709	258.58415	253.77169	248.69794	249.50255	252.25553	257.31054	262.84666	267.63307	270.53365	268.40784	264.73382	259.11252	264.15246
6/19/2025	4:23:34 PM	262.46962	258.81559	254.05568	249.01608	249.79081	252.54102	257.53829	263.01771	267.80263	270.66680	268.55678	264.89730	259.30539	264.27935
6/19/2025	4:23:37 PM	262.63825	259.03989	254.33325	249.32942	250.07396	252.81879	257.76000	263.18459	267.97058	270.80344	268.70230	265.05743	259.48922	264.40052
6/19/2025	4:23:41 PM	262.80788	259.25865	254.60571	249.63717	250.36022	253.09240	257.98097	263.35180	268.14506	270.94607	268.84931	265.21949	259.66724	264.51703
6/19/2025	4:23:45 PM	262.97655	259.47580	254.87358	249.94428	250.64358	253.36364	258.19830	263.52207	268.32304	271.08948	268.99694	265.38306	259.84457	264.63292
6/19/2025	4:23:48 PM	263.14431	259.68426	255.13277	250.24087	250.92181	253.62298	258.40881	263.69333	268.50999	271.23608	269.14619	265.54876	260.01530	264.74315
6/19/2025	4:23:52 PM	263.31095	259.89254	255.38982	250.54125	251.20064	253.87994	258.61570	263.86789	268.70416	271.38167	269.29547	265.71644	260.17978	264.85022
6/19/2025	4:23:55 PM	263.47649	260.09667	255.63919	250.83255	251.47768	254.13179	258.81921	264.04570	268.90467	271.52869	269.44709	265.88976	260.34334	264.95679
6/19/2025	4:23:59 PM	263.63822	260.29140	255.87973	251.12350	251.75230	254.38084	259.01830	264.23008	269.10442	271.67632	269.60151	266.07342	260.50348	265.06268
6/19/2025	4:24:03 PM	263.79774	260.48376	256.11500	251.40645	252.02167	254.62465	259.21162	264.42226	269.30574	271.82325	269.75701	266.26071	260.65978	265.16814
6/19/2025	4:24:06 PM	263.95739	260.67226	256.34768	251.69240	252.29212	254.86854	259.40402	264.62972	269.51002	271.97450	269.92316	266.48579	260.81590	265.17488
6/19/2025	4:24:10 PM	264.18776	260.98319	256.59012	252.27103	252.70109	254.51244	258.79697	264.26548	269.20011	271.61310	269.65448	266.37863	259.08768	263.61971
6/19/2025	4:24:13 PM	264.08268	261.07079	256.21193	252.54763	252.83812	254.02463	258.05107	263.66042	268.79273	271.14502	269.27017	266.11572	257.12037	262.12181
6/19/2025	4:24:17 PM	263.45586	260.81650	255.90618	252.66619	252.81082	253.35850	256.92954	262.99044	268.34346	270.51908	268.70969	265.71682	255.64018	261.30301
6/19/2025	4:24:21 PM	262.72394	259.86068	254.89596	252.20343	252.27811	252.26451	255.61717	262.07649	267.37139	269.22229	267.57784	264.78369	254.98373	260.34672
6/19/2025	4:24:24 PM	261.55383	258.77793	254.04138	251.49706	251.53888	251.25488	254.62180	260.49809	265.56546	267.05160	265.69992	263.22959	253.64582	258.27993
6/19/2025	4:24:28 PM	259.63882	257.00450	252.67361	250.58718	250.51355	249.83792	252.62376	257.90505	262.74623	263.96616	262.96019	260.71265	251.11051	254.88733
6/19/2025	4:24:31 PM	256.76556	253.78114	249.96184	248.65936	248.39812	247.39220	249.67687	254.39881	259.04696	259.97657	259.35227	257.34785	247.31649	250.33300
6/19/2025	4:24:35 PM	252.37250	249.61078	246.43040	245.65753	245.56143	244.00290	245.77989	249.96952	254.35529	254.98592	254.79322	253.36048	242.29513	244.60414
6/19/2025	4:24:39 PM	247.13196	244.52449	241.75282	241.94554	241.90963	239.85450	241.21906	244.96126	249.08001	249.41699	249.56084	248.73791	236.45698	238.11191
6/19/2025	4:24:42 PM	241.39728	238.85355	236.32880	237.91866	237.37461	235.29688	236.22571	239.47894	243.23923	243.42139	243.85208	243.47619	230.25841	231.35824
6/19/2025	4:24:46 PM	234.57690	231.91229	230.17481	233.03030	232.05292	229.81329	230.47899	233.28073	236.71201	236.99692	237.52876	237.51228	223.85930	224.59834
6/19/2025	4:24:49 PM	227.31065	224.33638	223.75208	227.69007	226.51972	223.90208	224.21119	226.73059	229.96156	230.59903	230.92943	231.29682	217.47563	217.89717
6/19/2025	4:24:53 PM	220.19194	216.43474	217.03315	222.02715	220.54598	217.80252	217.62339	219.91930	223.14635	223.79606	224.16236	224.84849	210.62938	210.83371
6/19/2025	4:24:56 PM	213.16510	208.89957	209.99037	215.96728	214.40778	211.48060	210.88144	213.49901	216.55283	216.68330	217.28476	217.89247	203.98361	204.08026
6/19/2025	4:25:00 PM	204.91780	200.77639	202.67264	209.39820	207.51716	204.06720	203.21162	206.21604	208.82767	208.41697	209.66206	210.36544	196.60497	196.04381
6/19/2025	4:25:04 PM	196.20858	192.60526	194.92401	202.24892	200.09191	196.33079	195.26266	198.04931	200.64902	199.99677	201.79475	202.55009	189.00013	187.97762
6/19/2025	4:25:07 PM	187.87754	184.42323	186.94153	194.85567	192.60869	188.90556	187.35234	189.84627	192.59206	191.72326	193.98304	195.09409	181.50509	180.09026
6/19/2025	4:25:11 PM	180.09716	176.76369	179.50624	187.96978	185.61557	181.95197	180.11484	182.30376	185.11416	184.15748	186.77925	188.25048	174.71658	172.92658
6/19/2025	4:25:14 PM	173.14262	169.93669	172.69717	181.62778	179.18115	175.56752	173.47487	175.43689	178.26030	177.15410	180.06966	181.84580	168.47715	166.37986
6/19/2025	4:25:18 PM	166.86103	163.89469	166.52755	175.73783	173.18336	169.71668	167.49683	169.27053	172.02064	170.85513	173.96879	175.91997	162.83440	160.49286
6/19/2025	4:25:22 PM	161.19114	158.51101	161.06954	170.38732	167.77016	164.51992	162.20244	163.86257	166.50571	165.34727	168.58533	170.64362	157.89449	155.34479
6/19/2025	4:25:25 PM	156.16072	153.67514	156.17075	165.48534	162.86311	159.86038	157.44076	159.00509	161.52516	160.33171	163.66677	165.79550	153.38209	150.66184
6/19/2025	4:25:29 PM	151.74260	149.43607	151.91177	161.13306	158.52124	155.77821	153.27571	154.76892	157.16397	156.00007	159.36316	161.53344	149.42075	146.56144
6/19/2025	4:25:32 PM	147.82895	145.66023	148.11466	157.22061	154.63626	152.12073	149.54885	150.99819	153.27923	152.11684	155.50911	157.70820	145.87451	142.90329
6/19/2025	4:25:36 PM	144.36686	142.29346	144.74389	153.73697	151.18400	148.87946	146.24746	147.66513	149.84405	148.67225	152.06218	154.28828	142.69492	139.64488
6/19/2025	4:25:40 PM	141.26687	139.28025	141.72378	150.57738	148.06358	145.93852	143.27150	144.65807	146.73621	145.57330	148.94504	151.18860	139.81399	136.72727
6/19/2025	4:25:43 PM	138.51009	136.60688	139.03898	147.77665	145.29352	143.32240	140.63711	141.99807	143.99072	142.82869	146.15686	148.39598	137.22190	134.10906
6/19/2025	4:25:47 PM	136.01767	134.19948	136.61948	145.26344	142.81749	140.99394	138.28852	139.63043	141.53502	140.39261	143.66193	145.90042	134.91585	131.79464
6/19/2025	4:25:50 PM	133.77621	132.04755	134.44382	142.98057	140.56209	138.86209	136.14845	137.47688	139.30211	138.17106	141.37647	143.60665	132.80692	129.67504
6/19/2025	4:25:54 PM	131.75487	130.10774	132.48661	140.92956	138.53372	136.94938	134.23119	135.54058	137.29221	136.18457	139.32788	141.54034	130.90623	127.78078
6/19/2025	4:25:58 PM	129.93189	128.36593	130.72655	139.08416	136.70192	135.23317	132.50659	133.79102	135.47846	134.38679	137.46457	139.65826	129.18938	126.07353
6/19/2025	4:26:01 PM	128.26473	126.77114	129.10967	137.38375	135.02501	133.65216	130.92276	132.17822	133.81097	132.73526	135.74680	137.92747	127.60582	124.50836
6/19/2025	4:26:05 PM	126.75222	125.32554	127.64773	135.83607	133.49955	132.21700	129.48643	130.71549	132.29205	131.24790	134.20948	136.37539	126.20288	123.12749
6/19/2025	4:26:08 PM	125.38723	124.02021	126.33097	134.43405	132.11850	130.91897	128.18963	129.39434	130.92055	129.88942	132.78957	134.95105	124.91950	121.86879
6/19/2025	4:26:12 PM	124.13335	122.81967	125.11433	133.13230	130.83456	129.71344	126.97613	128.13998	129.61911	128.60479	131.45080	133.60717	123.71200	120.68846
6/19/2025	4:26:16 PM	122.97237	121.70768	123.99050	131.92411	129.64749	128.59525	125.85324	126.98563	128.41974	127.42735	130.22430	132.37366	122.61039	119.61084
6/19/2025	4:26:19 PM	121.91470	120.69806	122.96614	130.81650	128.55947	127.57060	124.82761	125.92724	127.32002	126.34707	129.09861	131.24518	121.61124	118.63578
6/19/2025	4:26:23 PM	120.92977	119.75631	122.01161	129.77651	127.53971	126.60657	123.86208	124.92266	126.27368	125.31542	128.02765	130.17252	120.66517	117.71578
6/19/2025	4:26:26 PM	120.01153	118.88106	121.12817	128.80405	126.58473	125.70836	122.96485	123.98407	125.30271	124.36327	127.04232	129.18322	119.80010	116.88079
6/19/2025	4:26:30 PM	119.16183	118.06544	120.29822	127.88584	125.68602	124.86238	122.11673	123.09556	124.38044	123.45523	126.10327	128.23822	118.97911	116.08519
6/19/2025	4:26:34 PM	118.36280	117.30510	119.52505	127.02351	124.84445	124.06412	121.31546	122.26219	123.50784	122.59763	125.21839	127.34604	118.20873	115.34273
6/19/2025	4:26:37 PM	117.61389	116.58867	118.80200	126.21041	124.05083	123.31378	120.56471	121.47114	122.68393	121.78696	124.38919	126.50823	117.49043	114.65139
6/19/2025	4:26:41 PM	116.90325	115.91318	118.11288	125.43256	123.29216	122.59717	119.84787	120.72266	121.90797	121.02708	123.61320	125.72248	116.82336	114.01390
6/19/2025	4:26:44 PM	116.26026	115.30142	117.49272	124.72407	122.60016	121.94205	119.19451	120.03891	121.18976	120.32463	122.89482	124.99219	116.20460	113.42022
6/19/2025	4:26:48 PM	115.65290	114.72522	116.90470	124.04728	121.94095	121.31760	118.56896	119.37895	120.49587	119.64262	122.19336	124.28133	115.60499	112.84230
6/19/2025	4:26:51 PM	115.05669	114.16005	116.33105	123.38809	121.29918	120.70799	117.96155	118.74384	119.82826	118.98875	121.52850	123.60924	115.03843	112.29844
6/19/2025	4:26:55 PM	114.49618	113.62741	115.78559	122.75373	120.67884	120.12151	117.37543	118.12479	119.17952	118.35277	120.87801	122.94617	114.48560	111.76938
6/19/2025	4:26:59 PM	113.95269	113.11159	115.26086	122.14382	120.08366	119.55267	116.80484	117.52564	118.54742	117.73201	120.24532	122.30188	113.95101	111.25668
6/19/2025	4:27:02 PM	113.43099	112.61553	114.75510	121.54858	119.50394	119.00078	116.25328	116.94689	117.93692	117.13474	119.63626	121.68269	113.43934	110.76781
6/19/2025	4:27:06 PM	112.92864	112.14130	114.27283	120.98151	118.95038	118.47194	115.72721	116.39283	117.35434	116.56506	119.05680	121.09306	112.95577	110.30344
6/19/2025	4:27:09 PM	112.44801	111.68748	113.80811	120.43507	118.41882	117.96251	115.22063	115.86159	116.79641	116.01998	118.50075	120.52852	112.49380	109.86394
6/19/2025	4:27:13 PM	111.98947	111.25505	113.36541	119.90961	117.90952	117.47495	114.73658	115.35209	116.25672	115.49362	117.96240	119.97759	112.04213	109.43449
6/19/2025	4:27:17 PM	111.54682	110.83847	112.93828	119.39875	117.41201	116.99830	114.26779	114.85981	115.73678	114.98502	117.44080	119.44517	111.61144	109.02538
6/19/2025	4:27:20 PM	111.12202	110.43714	112.52667	118.90847	116.93716	116.54110	113.81507	114.38366	115.23383	114.49245	116.93843	118.93456	111.19728	108.63162
6/19/2025	4:27:24 PM	110.70761	110.04702	112.12643	118.43024	116.47257	116.09552	113.37470	113.92157	114.74462	114.01374	116.44792	118.43212	110.79077	108.24621
6/19/2025	4:27:27 PM	110.30848	109.67042	111.74109	117.96729	116.02279	115.66228	112.94921	113.47454	114.27012	113.55218	115.97589	117.94931	110.40244	107.87851
6/19/2025	4:27:31 PM	109.92456	109.30855	111.37066	117.52037	115.59172	115.24739	112.54256	113.04779	113.81623	113.10962	115.52204	117.48698	110.03362	107.52932
6/19/2025	4:27:35 PM	109.55154	108.95741	111.01003	117.08209	115.16905	114.84057	112.14324	112.63026	113.37139	112.67754	115.07794	117.03032	109.66784	107.18437
6/19/2025	4:27:38 PM	109.18983	108.61738	110.65989	116.65605	114.75669	114.44076	111.75218	112.22107	112.93643	112.25176	114.63919	116.58272	109.30882	106.84459
6/19/2025	4:27:42 PM	108.84061	108.28909	110.32224	116.24452	114.36059	114.05785	111.37800	111.82959	112.52000	111.84518	114.22213	116.15614	108.96893	106.52396
6/19/2025	4:27:45 PM	108.49937	107.96730	109.99101	115.85187	113.97239	113.68123	111.01014	111.44640	112.11144	111.44666	113.81002	115.73401	108.63274	106.20813
6/19/2025	4:27:49 PM	108.16770	107.65660	109.67200	115.46465	113.59902	113.31810	110.65733	111.07778	111.71959	111.06516	113.41483	115.33101	108.31361	105.90595
6/19/2025	4:27:52 PM	107.85539	107.36068	109.36605	115.09119	113.23870	112.96867	110.31839	110.72583	111.34321	110.69705	113.03512	114.94109	108.00270	105.61240
6/19/2025	4:27:56 PM	107.54052	107.06514	109.05984	114.71784	112.87897	112.61763	109.97649	110.36970	110.96312	110.32674	112.64981	114.54760	107.69051	105.31727
6/19/2025	4:28:00 PM	107.23513	106.77571	108.76029	114.35452	112.53087	112.27659	109.64743	110.02859	110.59888	109.97149	112.28114	114.16860	107.39066	105.03463
6/19/2025	4:28:03 PM	106.93400	106.49428	108.46646	113.99709	112.18595	111.94096	109.32066	109.68932	110.23604	109.61674	111.91424	113.79273	107.09200	104.75180
6/19/2025	4:28:07 PM	106.64039	106.21840	108.17989	113.64938	111.85149	111.61351	109.00516	109.36224	109.88608	109.27561	111.56055	113.42915	106.80479	104.48171
6/19/2025	4:28:10 PM	106.35451	105.94810	107.89847	113.30373	111.52474	111.29332	108.69741	109.04259	109.54410	108.94260	111.21420	113.07378	106.52245	104.21648
6/19/2025	4:28:14 PM	106.07421	105.68500	107.62387	112.96496	111.20278	110.97824	108.39329	108.72790	109.20775	108.61395	110.87220	112.72291	106.24411	103.95563
6/19/2025	4:28:18 PM	105.80218	105.42720	107.35503	112.64013	110.88951	110.67185	108.09856	108.42345	108.88137	108.29655	110.54288	112.38298	105.97448	103.70301
6/19/2025	4:28:21 PM	105.53661	105.17855	107.09399	112.32328	110.58462	110.37197	107.80952	108.12475	108.56166	107.98441	110.21729	112.05047	105.70936	103.45502
6/19/2025	4:28:25 PM	105.27412	104.93082	106.83499	112.01052	110.28506	110.07690	107.52662	107.83262	108.24937	107.67960	109.89934	111.72325	105.44880	103.21186
6/19/2025	4:28:28 PM	105.01799	104.68978	106.58223	111.70448	109.99030	109.78606	107.24868	107.54574	107.94376	107.38149	109.58870	111.40327	105.19389	102.97511
6/19/2025	4:28:32 PM	104.76623	104.45256	106.33418	111.40386	109.70170	109.50130	106.97603	107.26498	107.64181	107.08715	109.28163	111.08774	104.94302	102.74138
6/19/2025	4:28:36 PM	104.52082	104.22301	106.09160	111.10993	109.42034	109.22394	106.70964	106.99040	107.34637	106.80035	108.98271	110.78022	104.69837	102.51394
6/19/2025	4:28:39 PM	104.27961	103.99581	105.85221	110.82152	109.14276	108.95005	106.44744	106.72006	107.05534	106.51875	108.68816	110.47554	104.45645	102.28865
6/19/2025	4:28:43 PM	104.04274	103.77426	105.61793	110.53926	108.87208	108.68236	106.19332	106.45845	106.77242	106.24588	108.40281	110.18175	104.22342	102.07053
6/19/2025	4:28:46 PM	103.81043	103.55606	105.38800	110.26171	108.60482	108.41764	105.94172	106.20011	106.49263	105.97654	108.12019	109.88927	103.99078	101.85539
6/19/2025	4:28:50 PM	103.58451	103.34379	105.16332	109.99113	108.34512	108.15974	105.69615	105.94785	106.22129	105.71421	107.84542	109.60691	103.76715	101.64738
6/19/2025	4:28:54 PM	103.36399	103.13695	104.94388	109.72653	108.08999	107.90665	105.45653	105.70159	105.95518	105.45710	107.57653	109.32788	103.54633	101.44209
6/19/2025	4:28:57 PM	103.14660	102.93223	104.72732	109.46502	107.83973	107.65900	105.22058	105.45962	105.69502	105.20525	107.31108	109.05446	103.32974	101.24017
6/19/2025	4:29:01 PM	102.93426	102.73301	104.51575	109.21036	107.59468	107.41532	104.99045	105.22446	105.44340	104.96151	107.05553	108.78991	103.11888	101.04558
6/19/2025	4:29:04 PM	102.72468	102.53572	104.30589	108.95833	107.35426	107.17717	104.76461	104.99182	105.19403	104.71935	106.80008	108.52591	102.90916	100.85223
6/19/2025	4:29:08 PM	102.52123	102.34385	104.10304	108.71282	107.11821	106.94223	104.54070	104.76401	104.94905	104.48132	106.55022	108.26713	102.70313	100.66253
6/19/2025	4:29:12 PM	102.32110	102.15589	103.90225	108.47248	106.88755	106.71369	104.32625	104.54467	104.71442	104.25443	106.31196	108.02002	102.50620	100.48006
6/19/2025	4:29:15 PM	102.12912	101.97527	103.71006	108.24151	106.66765	106.49575	104.11891	104.33142	104.48680	104.03185	106.07607	107.77570	102.31127	100.30133
6/19/2025	4:29:19 PM	101.93322	101.79058	103.51323	108.00474	106.43954	106.26983	103.90554	104.11395	104.25620	103.80635	105.83919	107.52991	102.11588	100.12028
6/19/2025	4:29:22 PM	101.74239	101.61089	103.32134	107.77432	106.21930	106.05126	103.69886	103.90302	104.03109	103.58610	105.60772	107.28990	101.92389	99.94343
6/19/2025	4:29:26 PM	101.55645	101.43511	103.13383	107.54950	106.00390	105.83626	103.49461	103.69414	103.81020	103.37097	105.38059	107.05328	101.73575	99.77048
6/19/2025	4:29:30 PM	101.37360	101.26193	102.94982	107.32842	105.79298	105.62696	103.29775	103.49400	103.59741	103.16319	105.16163	106.82699	101.55497	99.60305
6/19/2025	4:29:33 PM	101.19852	101.09643	102.77223	107.11662	105.59009	105.42440	103.10698	103.29923	103.39021	102.96132	104.94680	106.60348	101.37705	99.43703
6/19/2025	4:29:37 PM	101.02070	100.92758	102.59264	106.90281	105.38431	105.21931	102.91448	103.10287	103.18280	102.75897	104.73226	106.38135	101.19970	99.27278
6/19/2025	4:29:40 PM	100.84601	100.76185	102.41565	106.69000	105.18110	105.01723	102.72423	102.90906	102.97711	102.55700	104.51866	106.15894	101.02227	99.10847
6/19/2025	4:29:44 PM	100.67452	100.59827	102.24067	106.48142	104.98145	104.81818	102.53727	102.71907	102.77719	102.36158	104.31159	105.94396	100.85048	98.94885
6/19/2025	4:29:47 PM	100.50623	100.43936	102.07012	106.27745	104.78684	104.62426	102.35534	102.53445	102.58109	102.16957	104.10726	105.73279	100.68177	98.79263
6/19/2025	4:29:51 PM	100.33981	100.28267	101.90110	106.07561	104.59499	104.43289	102.17638	102.35255	102.39005	101.98270	103.90855	105.52493	100.51600	98.63931
6/19/2025	4:29:55 PM	100.17759	100.12816	101.73537	105.87809	104.40605	104.24363	101.99872	102.17193	102.19907	101.79602	103.71072	105.31849	100.35076	98.48696
6/19/2025	4:29:58 PM	100.01843	99.97733	101.57265	105.68243	104.21983	104.05777	101.82447	101.99530	102.01273	101.61412	103.51691	105.11732	100.19082	98.33883
6/19/2025	4:30:02 PM	99.86097	99.82911	101.41234	105.49134	104.03728	103.87524	101.65323	101.81953	101.82972	101.43486	103.32631	104.91827	100.03127	98.19166
6/19/2025	4:30:05 PM	99.70669	99.68284	101.25470	105.30254	103.85718	103.69522	101.48424	101.64667	101.65080	101.25997	103.13916	104.72411	99.87639	98.04857
6/19/2025	4:30:09 PM	99.55465	99.54000	101.09975	105.11630	103.68096	103.52000	101.31900	101.47726	101.47500	101.08829	102.95556	104.53333	99.72422	97.90798
6/19/2025	4:30:13 PM	99.40686	99.39970	100.94929	104.93737	103.51071	103.34939	101.15849	101.31428	101.30647	100.92360	102.77904	104.34998	99.57787	97.77299
6/19/2025	4:30:16 PM	99.26556	99.26645	100.80359	104.76284	103.34537	103.18366	101.00320	101.15445	101.14035	100.75989	102.60439	104.16898	99.43283	97.63870
6/19/2025	4:30:20 PM	99.12123	99.12937	100.65498	104.58566	103.17701	103.01458	100.84508	100.99315	100.97320	100.59647	102.43052	103.98764	99.28877	97.50631
6/19/2025	4:30:23 PM	98.98079	98.99701	100.51201	104.41471	103.01380	102.85173	100.69245	100.83790	100.81191	100.43813	102.26047	103.81035	99.14615	97.37500
6/19/2025	4:30:27 PM	98.84279	98.86617	100.36832	104.24107	102.84824	102.68586	100.53741	100.67968	100.64806	100.27801	102.08924	103.63191	99.00368	97.24347
6/19/2025	4:30:31 PM	98.70682	98.73737	100.22930	104.07500	102.69141	102.52899	100.39041	100.53014	100.49313	100.12595	101.92574	103.46198	98.86819	97.11921
6/19/2025	4:30:34 PM	98.57373	98.61150	100.09093	103.90902	102.53370	102.37210	100.24305	100.38080	100.33772	99.97349	101.76274	103.29196	98.73212	96.99334
6/19/2025	4:30:38 PM	98.44293	98.48786	99.95653	103.74731	102.38044	102.21799	100.09942	100.23479	100.18605	99.82610	101.60421	103.12726	98.60079	96.87348
6/19/2025	4:30:41 PM	98.31485	98.36706	99.82380	103.58893	102.23023	102.06783	99.95898	100.09201	100.03790	99.68156	101.45034	102.96567	98.47206	96.75456
6/19/2025	4:30:45 PM	98.18870	98.24770	99.69252	103.43041	102.08091	101.91817	99.82021	99.95067	99.89131	99.53773	101.29481	102.80401	98.34213	96.63522
6/19/2025	4:30:49 PM	98.06443	98.13064	99.56471	103.27654	101.93644	101.77435	99.68533	99.81434	99.74928	99.39960	101.14656	102.64862	98.21854	96.52132
6/19/2025	4:30:52 PM	97.94396	98.01574	99.43837	103.12417	101.79231	101.62990	99.55158	99.67813	99.60922	99.26136	100.99760	102.49381	98.09466	96.40740
6/19/2025	4:30:56 PM	97.82294	97.90092	99.31281	102.97327	101.64921	101.48696	99.41789	99.54290	99.46960	99.12454	100.85020	102.33913	97.97148	96.29402
6/19/2025	4:30:59 PM	97.70503	97.78956	99.19051	102.82636	101.51047	101.34811	99.28967	99.41210	99.33545	98.99311	100.70792	102.19015	97.85236	96.18438
6/19/2025	4:31:03 PM	97.58975	97.68076	99.06975	102.68133	101.37278	101.21041	99.16082	99.28276	99.20169	98.86183	100.56584	102.04164	97.73408	96.07588
6/19/2025	4:31:06 PM	97.47514	97.57178	98.95056	102.53788	101.23735	101.07490	99.03486	99.15610	99.07148	98.73271	100.42720	101.89614	97.61864	95.96973
6/19/2025	4:31:10 PM	97.36379	97.46642	98.83422	102.39822	101.10598	100.94430	98.91237	99.03289	98.94382	98.60822	100.29199	101.75528	97.50637	95.86649
6/19/2025	4:31:14 PM	97.25391	97.36210	98.71879	102.25965	100.97404	100.81220	98.78897	98.90843	98.81619	98.48265	100.15601	101.61317	97.39301	95.76223
6/19/2025	4:31:17 PM	97.14524	97.25843	98.60544	102.12343	100.84507	100.68289	98.66932	98.78743	98.69174	98.36027	100.02437	101.47428	97.28285	95.66103
6/19/2025	4:31:21 PM	97.03922	97.15780	98.49427	101.99021	100.71839	100.55672	98.55210	98.66957	98.57093	98.24163	99.89584	101.33979	97.17714	95.56592
6/19/2025	4:31:24 PM	96.94104	97.05975	98.37638	101.83010	100.38868	100.42197	98.44193	98.56064	98.45793	98.12948	99.76687	101.20250	97.07069	95.46723
6/19/2025	4:31:28 PM	96.83148	96.96139	98.27130	101.71607	100.36494	100.30910	98.32998	98.44283	98.33879	98.01212	99.64395	101.07227	96.96147	95.36852
6/19/2025	4:31:32 PM	96.72804	96.86207	98.16429	101.59260	100.29133	100.18947	98.21582	98.32756	98.22157	97.89499	99.51807	100.94156	96.85759	95.27218
6/19/2025	4:31:35 PM	96.62699	96.76671	98.05908	101.46810	100.19673	100.06855	98.10270	98.21371	98.10531	97.78109	99.39505	100.81250	96.75581	95.17792
6/19/2025	4:31:39 PM	96.52926	96.67399	97.95615	101.34604	100.09326	99.95048	97.99228	98.10192	97.99160	97.66931	99.27399	100.68666	96.65582	95.08656
6/19/2025	4:31:42 PM	96.43203	96.58178	97.85506	101.22436	99.98525	99.83461	97.88395	97.99279	97.87979	97.56039	99.15488	100.56212	96.55743	94.99546
6/19/2025	4:31:46 PM	96.33660	96.49102	97.75514	101.10343	99.87417	99.71923	97.77660	97.88476	97.77035	97.45185	99.03744	100.43900	96.46052	94.90605
6/19/2025	4:31:50 PM	96.24349	96.40235	97.65742	100.98546	99.76540	99.60577	97.67258	97.78079	97.66384	97.34837	98.92387	100.32026	96.36614	94.81850
6/19/2025	4:31:53 PM	96.15216	96.31513	97.56033	100.88278	99.65516	99.49234	97.57003	97.67730	97.55823	97.24468	98.81003	100.20205	96.27174	94.73140
6/19/2025	4:31:57 PM	96.06214	96.22980	97.46535	100.76898	99.54787	99.38319	97.47052	97.57690	97.45679	97.14391	98.70001	100.08770	96.18111	94.64869
6/19/2025	4:32:00 PM	95.97478	96.14679	97.37105	100.65661	99.43986	99.27349	97.37124	97.47573	97.35427	97.04288	98.58974	99.97180	96.08959	94.56475
6/19/2025	4:32:04 PM	95.88707	96.06323	97.27802	100.54605	99.33423	99.16633	97.27462	97.37709	97.25499	96.94448	98.48197	99.85894	95.99936	94.48211
6/19/2025	4:32:08 PM	95.80118	95.98127	97.18587	100.43675	99.22868	99.05989	97.17750	97.27863	97.15533	96.84656	98.37525	99.74818	95.91000	94.40083
6/19/2025	4:32:11 PM	95.71621	95.89995	97.09490	100.32904	99.12557	98.95632	97.08310	97.18243	97.05851	96.75058	98.26943	99.63781	95.82182	94.31986
6/19/2025	4:32:15 PM	95.63194	95.81919	97.00550	100.22202	99.02301	98.85320	96.98898	97.08560	96.96162	96.65481	98.16489	99.52815	95.73352	94.23913
6/19/2025	4:32:18 PM	95.54907	95.74061	96.91732	100.11584	98.92195	98.75256	96.89629	96.98997	96.86696	96.56124	98.06275	99.42086	95.64810	94.16112
6/19/2025	4:32:22 PM	95.46681	95.66280	96.83047	100.01157	98.82303	98.65247	96.80447	96.89561	96.77333	96.46972	97.96251	99.31578	95.56417	94.08426
6/19/2025	4:32:26 PM	95.38774	95.58646	96.74530	99.90846	98.72729	98.55586	96.71567	96.80555	96.68212	96.38029	97.86525	99.21255	95.48298	94.00889
6/19/2025	4:32:29 PM	95.31027	95.51217	96.66146	99.80786	98.63153	98.45906	96.62723	96.71559	96.59247	96.29182	97.76758	99.10977	95.40105	93.93453
6/19/2025	4:32:33 PM	95.23320	95.43822	96.57840	99.70807	98.53765	98.36463	96.54026	96.62621	96.50331	96.20395	97.67205	99.00867	95.32083	93.86107
6/19/2025	4:32:36 PM	95.15547	95.36395	96.49430	99.60714	98.44198	98.26881	96.45258	96.53603	96.41399	96.11528	97.57459	98.90573	95.23815	93.78567
6/19/2025	4:32:40 PM	95.07803	95.29105	96.41280	99.50948	98.35012	98.17625	96.36737	96.44966	96.32715	96.03035	97.48072	98.80764	95.15950	93.71367
6/19/2025	4:32:44 PM	95.00195	95.21805	96.33210	99.41207	98.25711	98.08298	96.28258	96.36193	96.23969	95.94437	97.38602	98.70787	95.07862	93.64020
6/19/2025	4:32:47 PM	94.92673	95.14654	96.25188	99.31556	98.16673	97.99286	96.19990	96.27709	96.15614	95.86321	97.29514	98.61145	95.00211	93.56997
6/19/2025	4:32:51 PM	94.85329	95.07598	96.17195	99.22048	98.07768	97.90258	96.11860	96.19481	96.07457	95.78229	97.20771	98.51917	94.92797	93.50227
6/19/2025	4:32:54 PM	94.78392	95.00975	96.09602	99.12889	97.99244	97.81503	96.04048	96.11492	95.99485	95.70341	97.12172	98.42821	94.85553	93.43650
6/19/2025	4:32:58 PM	94.71457	94.94429	96.02137	99.03858	97.90822	97.73001	95.96356	96.03647	95.91672	95.62710	97.03724	98.33915	94.78450	93.37161
6/19/2025	4:33:02 PM	94.64786	94.87978	95.94901	98.94989	97.82551	97.64580	95.88753	95.95854	95.83987	95.55117	96.95451	98.25202	94.71537	93.30998
6/19/2025	4:33:05 PM	94.58395	94.81950	95.88031	98.86544	97.74750	97.56757	95.81696	95.88708	95.76845	95.48168	96.87711	98.17025	94.65244	93.25315
6/19/2025	4:33:09 PM	94.52478	94.76278	95.81483	98.78402	97.67212	97.49112	95.74827	95.81616	95.69797	95.41332	96.80121	98.08962	94.59049	93.19745
6/19/2025	4:33:12 PM	94.46889	94.70954	95.75387	98.70783	97.60039	97.41921	95.68333	95.74915	95.63206	95.34784	96.72815	98.01212	94.53109	93.14326
6/19/2025	4:33:16 PM	94.41154	94.65498	95.69106	98.62830	97.52625	97.34414	95.61497	95.67935	95.56314	95.28003	96.65345	97.93345	94.47012	93.08907
6/19/2025	4:33:19 PM	94.35464	94.60120	95.62945	98.55044	97.45417	97.27191	95.55006	95.61187	95.49591	95.21390	96.58051	97.85590	94.41082	93.03539
6/19/2025	4:33:23 PM	94.29858	94.54740	95.56827	98.47356	97.38192	97.19927	95.48328	95.54364	95.42862	95.14793	96.50724	97.77863	94.35225	92.98237
6/19/2025	4:33:27 PM	94.24342	94.49434	95.50813	98.39691	97.31081	97.12755	95.41893	95.47728	95.36271	95.08298	96.43585	97.70253	94.29357	92.92968
6/19/2025	4:33:30 PM	94.18868	94.44253	95.44874	98.32202	97.24055	97.05798	95.35514	95.41119	95.29818	95.01960	96.36546	97.62874	94.23707	92.87863
6/19/2025	4:33:34 PM	94.13595	94.39225	95.39097	98.24875	97.17209	96.98893	95.29317	95.34743	95.23498	94.95756	96.29672	97.55471	94.18102	92.82744
6/19/2025	4:33:37 PM	94.08232	94.34013	95.33138	98.17339	97.10182	96.91892	95.22859	95.28108	95.16937	94.89289	96.22434	97.47799	94.11955	92.77394
6/19/2025	4:33:41 PM	94.02762	94.28812	95.27237	98.09943	97.03277	96.85035	95.16723	95.21825	95.10693	94.83222	96.15724	97.40736	94.06341	92.72408
6/19/2025	4:33:45 PM	93.97598	94.23904	95.21619	98.02786	96.96636	96.78407	95.10726	95.15673	95.04686	94.77274	96.09105	97.33680	94.00924	92.67550
6/19/2025	4:33:48 PM	93.92536	94.19027	95.16037	97.95764	96.90064	96.71887	95.04786	95.09529	94.98663	94.71249	96.02539	97.26712	93.95560	92.62803
6/19/2025	4:33:52 PM	93.87673	94.14420	95.10802	97.88964	96.83761	96.65572	94.99111	95.03661	94.92827	94.65432	95.96044	97.19817	93.90239	92.57932
6/19/2025	4:33:55 PM	93.82650	94.09607	95.05247	97.81864	96.77183	96.59001	94.93142	94.97520	94.86817	94.59443	95.89487	97.12918	93.84902	92.53136
6/19/2025	4:33:59 PM	93.77644	94.04799	94.99809	97.74970	96.70710	96.52570	94.87293	94.91510	94.80899	94.53541	95.83043	97.05962	93.79555	92.48322
6/19/2025	4:34:03 PM	93.72743	94.00074	94.94474	97.68272	96.64461	96.46376	94.81713	94.85750	94.75321	94.47960	95.76895	96.99511	93.74666	92.43862
6/19/2025	4:34:06 PM	93.68107	93.95334	94.89394	97.61725	96.58362	96.40347	94.76286	94.80201	94.69783	94.42579	95.70804	96.92991	93.69657	92.39371
6/19/2025	4:34:10 PM	93.63540	93.90527	94.84296	97.55012	96.52192	96.34213	94.70775	94.74567	94.64367	94.37123	95.64842	96.86627	93.64862	92.34973
6/19/2025	4:34:13 PM	93.59018	93.85863	94.79299	97.48659	96.46297	96.28335	94.65422	94.68999	94.58918	94.31756	95.58844	96.80227	93.59962	92.30565
6/19/2025	4:34:17 PM	93.54442	93.81306	94.74269	97.42162	96.40210	96.22408	94.60025	94.63457	94.53513	94.26376	95.52906	96.73915	93.55131	92.26232
6/19/2025	4:34:21 PM	93.49967	93.76899	94.69339	97.35899	96.34420	96.16632	94.54811	94.58138	94.48271	94.21298	95.47197	96.67826	93.50612	92.22153
6/19/2025	4:34:24 PM	93.45733	93.72821	94.64777	97.29941	96.28899	96.11130	94.49877	94.53078	94.43375	94.16457	95.41789	96.62044	93.46282	92.18194
6/19/2025	4:34:28 PM	93.41775	93.68955	94.60334	97.24121	96.23581	96.05852	94.45152	94.48231	94.38652	94.11843	95.36551	96.56453	93.42120	92.14521
6/19/2025	4:34:31 PM	93.38046	93.65312	94.56219	97.18567	96.18389	96.00723	94.40487	94.43343	94.33911	94.07100	95.31209	96.50691	93.37884	92.10610
6/19/2025	4:34:35 PM	93.33842	93.61187	94.51478	97.12324	96.12544	95.94902	94.35216	94.37860	94.28542	94.01725	95.25272	96.44330	93.32994	92.06168
6/19/2025	4:34:39 PM	93.29255	93.56697	94.46360	97.05810	96.06478	95.88951	94.29875	94.32374	94.23226	93.96506	95.19411	96.38049	93.28164	92.01684
6/19/2025	4:34:42 PM	93.24752	93.52438	94.41545	96.99740	96.00842	95.83344	94.24830	94.27222	94.18278	93.91614	95.13932	96.32187	93.23730	91.97587
6/19/2025	4:34:46 PM	93.20619	93.48443	94.36986	96.93875	95.95382	95.77939	94.19904	94.22249	94.13409	93.86849	95.08570	96.26433	93.19391	91.93610
6/19/2025	4:34:49 PM	93.16655	93.44558	94.32598	96.88237	95.90185	95.72814	94.15299	94.17515	94.08812	93.82308	95.03456	96.20946	93.15259	91.89851
6/19/2025	4:34:53 PM	93.12865	93.40944	94.28349	96.82789	95.85094	95.67830	94.10793	94.12827	94.04301	93.77862	94.98534	96.15601	93.11265	91.86160
6/19/2025	4:34:57 PM	93.09066	93.37269	94.24119	96.77186	95.79966	95.62644	94.06144	94.08072	93.99725	93.73344	94.93378	96.10045	93.07073	91.82377
6/19/2025	4:35:00 PM	93.05115	93.33431	94.19756	96.71570	95.74631	95.57469	94.01532	94.03304	93.95121	93.68756	94.88231	96.04540	93.02938	91.78605
6/19/2025	4:35:04 PM	93.01304	93.29784	94.15548	96.66151	95.69583	95.52589	93.97096	93.98785	93.90721	93.64511	94.83424	95.99410	92.99144	91.75206
6/19/2025	4:35:07 PM	92.97878	93.26511	94.11719	96.61117	95.64866	95.47980	93.92994	93.94507	93.86593	93.60445	94.78790	95.94390	92.95419	91.71873
6/19/2025	4:35:11 PM	92.94314	93.23076	94.07767	96.55937	95.59914	95.43206	93.88715	93.90181	93.82439	93.56317	94.74153	95.89425	92.91717	91.68581
6/19/2025	4:35:14 PM	92.91012	93.19900	94.04032	96.50982	95.55359	95.38781	93.84754	93.86079	93.78471	93.52442	94.69719	95.84619	92.88210	91.65375
6/19/2025	4:35:18 PM	92.87759	93.16735	94.00370	96.46108	95.50791	95.34328	93.80767	93.81930	93.74502	93.48548	94.65229	95.79830	92.84668	91.62218
6/19/2025	4:35:22 PM	92.84507	93.13652	93.96727	96.41232	95.46239	95.29907	93.76826	93.77926	93.70668	93.44850	94.61106	95.75439	92.81497	91.59408
6/19/2025	4:35:25 PM	92.81543	93.10904	93.93493	96.36839	95.42096	95.25788	93.73119	93.74014	93.66867	93.41062	94.56799	95.70703	92.78068	91.56310
6/19/2025	4:35:29 PM	92.78452	93.07780	93.89834	96.31868	95.37440	95.21274	93.69041	93.69805	93.62864	93.37148	94.52312	95.65937	92.74640	91.53234
6/19/2025	4:35:32 PM	92.75207	93.04655	93.86205	96.26997	95.32978	95.16909	93.65156	93.65766	93.59070	93.33367	94.48058	95.61305	92.71261	91.50252
6/19/2025	4:35:36 PM	92.72185	93.01758	93.82812	96.22398	95.28780	95.12762	93.61475	93.61978	93.55374	93.29815	94.43978	95.56986	92.68152	91.47436
6/19/2025	4:35:40 PM	92.69255	92.98981	93.79544	96.17927	95.24634	95.08725	93.57895	93.58256	93.51761	93.26327	94.40022	95.52671	92.65063	91.44812
6/19/2025	4:35:43 PM	92.66537	92.96369	93.76489	96.13578	95.20698	95.04906	93.54418	93.54733	93.48377	93.23026	94.36148	95.48546	92.62207	91.42201
6/19/2025	4:35:47 PM	92.63850	92.93784	93.73371	96.09318	95.16749	95.00982	93.50882	93.51012	93.44872	93.19469	94.32128	95.44139	92.59109	91.39399
6/19/2025	4:35:50 PM	92.60977	92.90964	93.70100	96.04796	95.12570	94.96934	93.47289	93.47293	93.41340	93.16104	94.28266	95.39930	92.56037	91.36721
6/19/2025	4:35:54 PM	92.58098	92.88223	93.66812	96.00459	95.08655	94.93110	93.43875	93.43843	93.38123	93.12963	94.24562	95.35945	92.53233	91.34252
6/19/2025	4:35:57 PM	92.55635	92.85818	93.63588	95.93838	95.00953	94.88027	93.43444	93.48145	93.40673	93.11888	94.11261	95.07461	92.47525	91.33138
6/19/2025	4:36:01 PM	92.14719	92.37573	93.27267	95.69812	95.09044	95.22880	93.87529	93.94206	93.60820	93.11411	93.85852	94.68659	92.40349	91.30292
6/19/2025	4:36:05 PM	91.69461	91.91735	93.00312	95.61213	95.22927	95.42126	94.03763	94.03241	93.57361	92.98077	93.62583	94.35979	92.27695	91.22010
6/19/2025	4:36:08 PM	91.36691	91.60626	92.75546	95.38080	95.06109	95.34770	94.03568	94.03865	93.55583	92.89865	93.41710	94.06289	92.14552	91.10358
6/19/2025	4:36:12 PM	91.03919	91.32441	92.54533	95.16054	94.93492	95.23641	93.95449	93.94273	93.43994	92.75808	93.20408	93.83038	91.98113	90.93538
6/19/2025	4:36:15 PM	90.83171	91.12285	92.27701	94.94692	94.72866	95.08233	93.83228	93.81619	93.32251	92.59353	92.98890	93.57364	91.76963	90.74005
6/19/2025	4:36:19 PM	90.57076	90.88106	92.03437	94.78528	94.58571	94.95790	93.70562	93.65569	93.14003	92.36529	92.72782	93.29298	91.54919	90.53095
6/19/2025	4:36:23 PM	90.30573	90.63802	91.78953	94.59422	94.41174	94.79968	93.55642	93.48116	92.94985	92.14620	92.48324	93.03342	91.32896	90.32248
6/19/2025	4:36:26 PM	90.06019	90.40894	91.56029	94.39809	94.23715	94.63416	93.40230	93.31244	92.76923	91.94737	92.26196	92.79800	91.12892	90.13144
6/19/2025	4:36:30 PM	89.84420	90.20527	91.35682	94.21066	94.06995	94.47451	93.25354	93.15364	92.60066	91.76601	92.05617	92.57689	90.94248	89.95450
6/19/2025	4:36:33 PM	89.64704	90.01790	91.16609	94.02495	93.90306	94.31314	93.10523	92.99812	92.43812	91.59407	91.86293	92.36846	90.76707	89.78753
6/19/2025	4:36:37 PM	89.46837	89.85062	90.99328	93.84793	93.74337	94.15746	92.96182	92.84842	92.28220	91.43206	91.68186	92.16983	90.60011	89.62828
6/19/2025	4:36:41 PM	89.29633	89.68772	90.82303	93.66913	93.58122	93.99763	92.81397	92.69566	92.12351	91.26999	91.50417	91.97720	90.43712	89.47389
6/19/2025	4:36:44 PM	89.13087	89.53117	90.65900	93.49256	93.42095	93.84116	92.66745	92.54437	91.96831	91.11262	91.33230	91.79106	90.27560	89.32115
6/19/2025	4:36:48 PM	88.97307	89.37992	90.50063	93.31927	93.26283	93.68360	92.52338	92.39601	91.81564	90.95948	91.16758	91.61445	90.12128	89.17512
6/19/2025	4:36:51 PM	88.82064	89.23377	90.34568	93.15140	93.10806	93.53190	92.38200	92.25232	91.66982	90.81316	91.00816	91.44299	89.97291	89.03481
6/19/2025	4:36:55 PM	88.67786	89.09692	90.20204	92.99207	92.96106	93.38664	92.24763	92.11681	91.53089	90.67398	90.85784	91.28062	89.83331	88.90190
6/19/2025	4:36:59 PM	88.54039	88.96445	90.06186	92.83348	92.81420	93.24197	92.11358	91.98006	91.39156	90.53642	90.70986	91.12175	89.69471	88.77124
6/19/2025	4:37:02 PM	88.40810	88.83637	89.92539	92.67926	92.67143	93.10065	91.98331	91.84819	91.25906	90.40448	90.56927	90.96991	89.56427	88.64605
6/19/2025	4:37:06 PM	88.28356	88.71821	89.79803	92.53377	92.53656	92.96750	91.86108	91.72304	91.13185	90.27888	90.43476	90.82614	89.43873	88.52854
6/19/2025	4:37:09 PM	88.16366	88.60238	89.67396	92.39057	92.40381	92.83542	91.73863	91.59962	91.00668	90.15474	90.30301	90.68459	89.31484	88.41229
6/19/2025	4:37:13 PM	88.04519	88.48860	89.55272	92.25020	92.27200	92.70418	91.61832	91.47796	90.88339	90.03414	90.17443	90.54732	89.19427	88.30008
6/19/2025	4:37:17 PM	87.93394	88.38182	89.43727	92.11586	92.14546	92.57924	91.50193	91.36032	90.76649	89.91834	90.04964	90.41278	89.07550	88.19076
6/19/2025	4:37:20 PM	87.82571	88.27828	89.32324	91.98343	92.02072	92.45556	91.38912	91.24643	90.65174	89.80603	89.93146	90.28681	88.96381	88.08732
6/19/2025	4:37:24 PM	87.72152	88.17692	89.21412	91.85369	91.89770	92.33323	91.27620	91.13301	90.53754	89.69413	89.81257	90.16063	88.85024	87.98327
6/19/2025	4:37:27 PM	87.61496	88.06781	89.08750	91.72446	91.77568	92.21166	91.16421	91.01817	90.42485	89.58416	89.69772	90.03790	88.74318	87.88298
6/19/2025	4:37:31 PM	87.52006	87.98348	88.99236	91.60261	91.65903	92.09598	91.05854	90.91249	90.31851	89.48046	89.58840	89.91983	88.63975	87.78729
6/19/2025	4:37:35 PM	87.42325	87.89202	88.89541	91.48497	91.54502	91.98278	90.95459	90.80784	90.21393	89.37878	89.48015	89.80314	88.53812	87.69298
6/19/2025	4:37:38 PM	87.32917	87.80174	88.79766	91.36577	91.43191	91.86984	90.85121	90.70305	90.10983	89.27743	89.37306	89.68897	88.43661	87.59969
6/19/2025	4:37:42 PM	87.23888	87.71364	88.70124	91.24914	91.32033	91.75982	90.74969	90.60059	90.00824	89.17837	89.26913	89.57790	88.33824	87.50906
6/19/2025	4:37:45 PM	87.14884	87.62721	88.60635	91.13470	91.21136	91.65104	90.64911	90.49882	89.90767	89.08047	89.16674	89.46875	88.24111	87.41970
6/19/2025	4:37:49 PM	87.06049	87.54142	88.51165	91.02088	91.10182	91.54238	90.54901	90.39828	89.80878	88.98477	89.06712	89.36150	88.14545	87.33323
6/19/2025	4:37:53 PM	86.97715	87.46199	88.42270	90.91350	90.99861	91.43959	90.45493	90.30401	89.71508	88.89401	88.97088	89.25976	88.05404	87.25027
6/19/2025	4:37:56 PM	86.89317	87.38205	88.33289	90.80564	90.89490	91.33514	90.35852	90.20703	89.61939	88.80109	88.87396	89.15618	87.96156	87.16605
6/19/2025	4:38:00 PM	86.80969	87.30269	88.24339	90.69751	90.79058	91.23154	90.26284	90.11006	89.52489	88.71055	88.78031	89.05510	87.87194	87.08461
6/19/2025	4:38:03 PM	86.73047	87.22670	88.15760	90.59381	90.69023	91.13141	90.17135	90.01858	89.43439	88.62325	88.68819	88.95713	87.78481	87.00498
6/19/2025	4:38:07 PM	86.65255	87.15356	88.07385	90.49265	90.59292	91.03304	90.08028	89.92745	89.34474	88.53732	88.59753	88.86195	87.69930	86.92725
6/19/2025	4:38:11 PM	86.57708	87.07995	87.99097	90.39196	90.49582	90.93638	89.99174	89.83737	89.25701	88.45190	88.50916	88.76692	87.61588	86.85070
6/19/2025	4:38:14 PM	86.50348	87.01005	87.91232	90.29596	90.40244	90.84194	89.90445	89.74990	89.17111	88.36879	88.42236	88.67586	87.53375	86.77578
6/19/2025	4:38:18 PM	86.42881	86.93849	87.83029	90.19671	90.30558	90.74525	89.81558	89.65980	89.08285	88.28399	88.33433	88.58194	87.45049	86.69952
6/19/2025	4:38:21 PM	86.35481	86.86701	87.74985	90.09823	90.20911	90.64715	89.72584	89.56945	88.99477	88.19932	88.24645	88.48956	87.36732	86.62310
6/19/2025	4:38:25 PM	86.28029	86.79512	87.66907	90.00069	90.11371	90.55170	89.63712	89.48014	88.90889	88.11549	88.15993	88.39829	87.28494	86.54836
6/19/2025	4:38:28 PM	86.20721	86.72562	87.58881	89.90435	90.01993	90.45733	89.55039	89.39311	88.82389	88.03429	88.07548	88.30876	87.20563	86.47518
6/19/2025	4:38:32 PM	86.13464	86.65702	87.51093	89.81001	89.92721	90.36434	89.46495	89.30703	88.73977	87.95424	87.99241	88.22091	87.12679	86.40321
6/19/2025	4:38:36 PM	86.06663	86.59272	87.43691	89.71866	89.83732	90.27377	89.38119	89.22304	88.65798	87.87629	87.91213	88.13650	87.05068	86.33330
6/19/2025	4:38:39 PM	85.99953	86.52875	87.36255	89.62860	89.74840	90.18458	89.29954	89.14088	88.57836	87.80064	87.83330	88.05368	86.97710	86.26598
6/19/2025	4:38:43 PM	85.93360	86.46644	87.29025	89.54114	89.66074	90.09643	89.21763	89.05832	88.49864	87.72398	87.75380	87.97027	86.90126	86.19565
6/19/2025	4:38:46 PM	85.86755	86.40116	87.21664	89.45109	89.57227	90.00707	89.13540	88.97469	88.41797	87.64699	87.67472	87.88753	86.82741	86.12707
6/19/2025	4:38:50 PM	85.80100	86.33793	87.14467	89.36383	89.48612	89.91997	89.05522	88.89509	88.34022	87.57315	87.59799	87.80815	86.75510	86.06126
6/19/2025	4:38:54 PM	85.73922	86.27771	87.07570	89.28076	89.40426	89.83673	88.97833	88.81756	88.26606	87.50183	87.52430	87.73050	86.68576	85.99765
6/19/2025	4:38:57 PM	85.67594	86.21821	87.00642	89.19489	89.32034	89.75113	88.89951	88.73886	88.18996	87.42954	87.44960	87.65324	86.61577	85.93278
6/19/2025	4:39:01 PM	85.61518	86.15952	86.93813	89.11199	89.23724	89.66725	88.82193	88.66085	88.11430	87.35804	87.37607	87.57671	86.54547	85.86733
6/19/2025	4:39:04 PM	85.55157	86.09860	86.86814	89.02604	89.15215	89.57922	88.74262	88.58120	88.03759	87.28507	87.30131	87.49839	86.47454	85.80176
6/19/2025	4:39:08 PM	85.48974	86.03866	86.79936	88.94226	89.06857	89.49299	88.66431	88.50248	87.96205	87.21253	87.22704	87.42097	86.40421	85.73754
6/19/2025	4:39:12 PM	85.42795	85.97904	86.73157	88.85982	88.98682	89.40975	88.58842	88.42659	87.88927	87.14365	87.15581	87.34693	86.33642	85.67549
6/19/2025	4:39:15 PM	85.36978	85.92415	86.66607	88.78058	88.90721	89.32937	88.51470	88.35277	87.81803	87.07680	87.08653	87.27392	86.27018	85.61495
6/19/2025	4:39:19 PM	85.31235	85.86852	86.60247	88.70244	88.83015	89.25121	88.44250	88.28047	87.74887	87.01091	87.01880	87.20307	86.20768	85.55695
6/19/2025	4:39:22 PM	85.25917	85.81602	86.54114	88.62765	88.75510	89.17409	88.37192	88.20973	87.68079	86.94642	86.95216	87.13340	86.14334	85.49780
6/19/2025	4:39:26 PM	85.20182	85.76118	86.47740	88.54841	88.67612	89.09423	88.29815	88.13608	87.60953	86.87905	86.88400	87.06200	86.07759	85.43769
6/19/2025	4:39:29 PM	85.14443	85.70605	86.41320	88.47049	88.59782	89.01467	88.22478	88.06244	87.54031	86.81352	86.81540	86.99183	86.01387	85.37897
6/19/2025	4:39:33 PM	85.08741	85.65279	86.35012	88.39313	88.52067	88.93580	88.15251	87.99029	87.47082	86.74671	86.74817	86.92137	85.94937	85.31927
6/19/2025	4:39:37 PM	85.03210	85.59910	86.28747	88.31749	88.44546	88.85956	88.08246	87.91988	87.40364	86.68335	86.68271	86.85397	85.88755	85.26297
6/19/2025	4:39:40 PM	84.97758	85.54611	86.22671	88.24363	88.37192	88.78417	88.01235	87.85066	87.33729	86.62142	86.61894	86.78615	85.82691	85.20747
6/19/2025	4:39:44 PM	84.92527	85.49652	86.16752	88.17118	88.29885	88.71059	87.94515	87.78239	87.27227	86.56008	86.55631	86.72188	85.76714	85.15208
6/19/2025	4:39:47 PM	84.87344	85.44520	86.10905	88.09904	88.22683	88.63731	87.87687	87.71447	87.20801	86.49862	86.49424	86.65704	85.70759	85.09756
6/19/2025	4:39:51 PM	84.82212	85.39627	86.05125	88.02810	88.15616	88.56470	87.81002	87.64758	87.14319	86.43891	86.43166	86.59324	85.64819	85.04292
6/19/2025	4:39:55 PM	84.77072	85.34628	85.99321	87.95765	88.08543	88.49225	87.74417	87.58105	87.08020	86.37863	86.37063	86.52979	85.59087	84.98928
6/19/2025	4:39:58 PM	84.72061	85.29869	85.93685	87.88812	88.01618	88.42203	87.67867	87.51566	87.01878	86.32110	86.31120	86.46854	85.53424	84.93728
6/19/2025	4:40:02 PM	84.67150	85.25035	85.88042	87.81865	87.94575	88.34987	87.61254	87.44976	86.95599	86.26197	86.25015	86.40464	85.47603	84.88353
6/19/2025	4:40:05 PM	84.62234	85.20242	85.82368	87.75006	87.87623	88.27964	87.54681	87.38387	86.89381	86.20322	86.19072	86.34371	85.41833	84.83049
6/19/2025	4:40:09 PM	84.57280	85.15400	85.76773	87.68071	87.80705	88.20803	87.48129	87.31857	86.83201	86.14465	86.13018	86.28278	85.36135	84.77729
6/19/2025	4:40:13 PM	84.52405	85.10631	85.71203	87.61315	87.73833	88.13879	87.41755	87.25376	86.77051	86.08715	86.07287	86.22313	85.30610	84.72702
6/19/2025	4:40:16 PM	84.47749	85.06150	85.65832	87.54793	87.67276	88.07223	87.35533	87.19161	86.71127	86.03101	86.01508	86.16337	85.25141	84.67628
6/19/2025	4:40:20 PM	84.42927	85.01510	85.60405	87.48235	87.60662	88.00435	87.29223	87.12928	86.65217	85.97571	85.95910	86.10461	85.19742	84.62699
6/19/2025	4:40:23 PM	84.38309	84.97024	85.55081	87.41750	87.54110	87.93871	87.23123	87.06790	86.59398	85.92127	85.90352	86.04726	85.14341	84.57755
6/19/2025	4:40:27 PM	84.33704	84.92566	85.49905	87.35429	87.47711	87.87335	87.17104	87.00818	86.53786	85.86868	85.84956	85.99185	85.09241	84.53052
6/19/2025	4:40:30 PM	84.29246	84.88198	85.44813	87.29163	87.41398	87.80896	87.11139	86.94777	86.48088	85.81473	85.79417	85.93374	85.03953	84.48209
6/19/2025	4:40:34 PM	84.24803	84.83985	85.39764	87.22952	87.35153	87.74560	87.05204	86.88861	86.42580	85.76293	85.74150	85.87975	84.98923	84.43572
6/19/2025	4:40:38 PM	84.20483	84.79757	85.34761	87.16778	87.28872	87.68228	86.99294	86.82956	86.36917	85.71101	85.68770	85.82429	84.93786	84.38868
6/19/2025	4:40:41 PM	84.16123	84.75406	85.29689	87.10585	87.22647	87.61905	86.93419	86.77165	86.31475	85.65923	85.63493	85.76995	84.88708	84.34221
6/19/2025	4:40:45 PM	84.11764	84.71192	85.24547	87.04317	87.16383	87.55633	86.87698	86.71491	86.26161	85.61003	85.58446	85.71698	84.83774	84.29762
6/19/2025	4:40:48 PM	84.07489	84.66971	85.19635	86.98291	87.10256	87.49418	86.81989	86.65838	86.20846	85.56001	85.53236	85.66328	84.78856	84.25215
6/19/2025	4:40:52 PM	84.03293	84.62827	85.14750	86.92283	87.04287	87.43400	86.76412	86.60356	86.15698	85.51129	85.48260	85.61197	84.74047	84.20833
6/19/2025	4:40:56 PM	83.99177	84.58820	85.09883	86.86405	86.98323	87.37409	86.70849	86.54792	86.10470	85.46296	85.43255	85.55976	84.69264	84.16483
6/19/2025	4:40:59 PM	83.95110	84.54927	85.05261	86.80699	86.92615	87.31519	86.65382	86.49344	86.05321	85.41545	85.38417	85.51019	84.64518	84.12113
6/19/2025	4:41:03 PM	83.91063	84.50895	85.00528	86.74836	86.86734	87.25445	86.59809	86.43815	86.00199	85.36713	85.33346	85.45868	84.59821	84.07801
6/19/2025	4:41:07 PM	83.87047	84.46842	84.95807	86.69102	86.81005	87.19599	86.54390	86.38343	85.95128	85.31875	85.28382	85.40752	84.55103	84.03464
6/19/2025	4:41:10 PM	83.83045	84.43016	84.91174	86.63429	86.75309	87.13820	86.49044	86.33024	85.90121	85.27283	85.23762	85.36034	84.50654	83.99385
6/19/2025	4:41:14 PM	83.79300	84.39314	84.86790	86.58059	86.69840	87.08208	86.43924	86.27913	85.85249	85.22686	85.19082	85.31111	84.46099	83.95281
6/19/2025	4:41:17 PM	83.75406	84.35475	84.82259	86.52415	86.64223	87.02517	86.38583	86.22593	85.80238	85.17999	85.14245	85.26177	84.41496	83.90989
6/19/2025	4:41:21 PM	83.71512	84.31600	84.77711	86.46912	86.58607	86.96825	86.33253	86.17352	85.75309	85.13373	85.09558	85.21360	84.37027	83.86877
6/19/2025	4:41:24 PM	83.67605	84.27808	84.73235	86.41470	86.53081	86.91253	86.28064	86.12148	85.70456	85.08865	85.04905	85.16629	84.32552	83.82790
6/19/2025	4:41:28 PM	83.63814	84.24145	84.68802	86.36061	86.47707	86.85738	86.22953	86.06980	85.65652	85.04320	85.00272	85.11877	84.28141	83.78716
6/19/2025	4:41:32 PM	83.60069	84.20497	84.64503	86.30796	86.42338	86.80335	86.17904	86.01995	85.60984	84.99959	84.95774	85.07351	84.23884	83.74794
6/19/2025	4:41:35 PM	83.56524	84.16992	84.60318	86.25708	86.37206	86.75075	86.13003	85.97165	85.56446	84.95728	84.91465	85.02968	84.19802	83.71047
6/19/2025	4:41:39 PM	83.53086	84.13626	84.56319	86.20742	86.32176	86.69958	86.08303	85.92407	85.52023	84.91602	84.87202	84.98753	84.15711	83.67348
6/19/2025	4:41:42 PM	83.49648	84.10238	84.52295	86.15745	86.27125	86.64881	86.03560	85.87739	85.47583	84.87441	84.82965	84.94325	84.11726	83.63654
6/19/2025	4:41:46 PM	83.46250	84.06938	84.48320	86.10818	86.22165	86.59862	85.98819	85.83009	85.43160	84.83340	84.78832	84.90003	84.07690	83.60006
6/19/2025	4:41:50 PM	83.42881	84.03692	84.44303	86.05881	86.17213	86.54740	85.94082	85.78256	85.38773	84.79251	84.74663	84.85724	84.03662	83.56254
6/19/2025	4:41:53 PM	83.39516	84.00386	84.40346	86.00988	86.12340	86.49786	85.89486	85.73690	85.34498	84.75227	84.70565	84.81518	83.99803	83.52713
6/19/2025	4:41:57 PM	83.36222	83.97208	84.36464	85.96185	86.07429	86.44831	85.84903	85.69022	85.30180	84.71221	84.66456	84.77377	83.95907	83.49144
6/19/2025	4:42:00 PM	83.32988	83.94052	84.32672	85.91500	86.02739	86.39958	85.80320	85.64519	85.25942	84.67285	84.62319	84.73285	83.92030	83.45621
6/19/2025	4:42:04 PM	83.29701	83.90763	84.28822	85.86727	85.97892	86.35118	85.75785	85.59994	85.21665	84.63382	84.58269	84.69121	83.88125	83.42054
6/19/2025	4:42:08 PM	83.26420	83.87586	84.25027	85.82117	85.93206	86.30303	85.71333	85.55458	85.17524	84.59464	84.54291	84.65035	83.84321	83.38563
6/19/2025	4:42:11 PM	83.23269	83.84434	84.21295	85.77436	85.88490	86.25495	85.66891	85.51089	85.13394	84.55600	84.50335	84.61043	83.80556	83.35153
6/19/2025	4:42:15 PM	83.20053	83.81257	84.17443	85.72814	85.83854	86.20788	85.62430	85.46628	85.09277	84.51733	84.46361	84.57023	83.76796	83.31706
6/19/2025	4:42:18 PM	83.16885	83.78147	84.13756	85.68248	85.79290	86.16050	85.58035	85.42236	85.05168	84.47898	84.42395	84.53029	83.73065	83.28290
6/19/2025	4:42:22 PM	83.13755	83.75052	84.10065	85.63788	85.74758	86.11501	85.53677	85.37903	85.01132	84.44148	84.38569	84.49018	83.69409	83.24916
6/19/2025	4:42:26 PM	83.10643	83.72068	84.06516	85.59387	85.70347	86.06968	85.49579	85.33833	84.97272	84.40545	84.34852	84.45253	83.65886	83.21656
6/19/2025	4:42:29 PM	83.07720	83.69197	84.02994	85.55118	85.65973	86.02549	85.45403	85.29708	84.93411	84.36929	84.31148	84.41597	83.62465	83.18516
6/19/2025	4:42:33 PM	83.04771	83.66251	83.99570	85.50881	85.61750	85.98248	85.41357	85.25612	84.89654	84.33468	84.27523	84.37765	83.58982	83.15313
6/19/2025	4:42:36 PM	83.01915	83.63417	83.96156	85.46602	85.57432	85.93819	85.37227	85.21533	84.85775	84.29832	84.23875	84.34103	83.55544	83.12168
6/19/2025	4:42:40 PM	82.99020	83.60651	83.92806	85.42483	85.53248	85.89529	85.33260	85.17477	84.82087	84.26366	84.20322	84.30520	83.52200	83.09029
6/19/2025	4:42:44 PM	82.96184	83.57942	83.89447	85.38374	85.49122	85.85281	85.29299	85.13509	84.78421	84.22981	84.16869	84.26962	83.48875	83.06003
6/19/2025	4:42:47 PM	82.93362	83.55152	83.86124	85.34265	85.44939	85.81006	85.25301	85.09536	84.74731	84.19621	84.13339	84.23346	83.45571	83.02932
6/19/2025	4:42:51 PM	82.90577	83.52477	83.82887	85.30252	85.40911	85.76885	85.21449	85.05677	84.71089	84.16194	84.09887	84.19842	83.42241	82.99933
6/19/2025	4:42:54 PM	82.87798	83.49722	83.79573	85.26164	85.36766	85.72643	85.17538	85.01736	84.67435	84.12729	84.06283	84.16264	83.38938	82.96810
6/19/2025	4:42:58 PM	82.84983	83.46964	83.76239	85.22069	85.32620	85.68440	85.13590	84.97815	84.63803	84.09352	84.02870	84.12789	83.35586	82.93816
6/19/2025	4:43:02 PM	82.82305	83.44283	83.73048	85.18241	85.28734	85.64444	85.09868	84.94052	84.60337	84.06114	83.99559	84.09441	83.32511	82.90888
6/19/2025	4:43:05 PM	82.79550	83.41650	83.69793	85.14274	85.24725	85.60376	85.06046	84.90261	84.56740	84.02838	83.96204	84.05977	83.29242	82.87962
6/19/2025	4:43:09 PM	82.76944	83.39067	83.66677	85.10482	85.20873	85.56391	85.02381	84.86591	84.53422	83.99653	83.92969	84.02723	83.26189	82.85123
6/19/2025	4:43:12 PM	82.74426	83.36596	83.63700	85.06806	85.17172	85.52649	84.98859	84.83134	84.50079	83.96576	83.89876	83.99597	83.23188	82.82367
6/19/2025	4:43:16 PM	82.71872	83.34120	83.60737	85.03144	85.13493	85.48831	84.95347	84.79564	84.46813	83.93522	83.86709	83.96424	83.20228	82.79665
6/19/2025	4:43:19 PM	82.69410	83.31645	83.57781	84.99518	85.09772	85.45076	84.91770	84.76063	84.43538	83.90509	83.83625	83.93234	83.17212	82.76947
6/19/2025	4:43:23 PM	82.66984	83.29280	83.54899	84.95894	85.06136	85.41258	84.88292	84.72591	84.40302	83.87478	83.80481	83.90148	83.14271	82.74236
6/19/2025	4:43:26 PM	82.64418	83.26848	83.51854	84.92227	85.02428	85.37499	84.84797	84.68985	84.36990	83.84427	83.77358	83.86902	83.11326	82.71524
6/19/2025	4:43:30 PM	82.61984	83.24421	83.48981	84.88628	84.98769	85.33814	84.81286	84.65566	84.33781	83.81362	83.74326	83.83886	83.08408	82.68800
6/19/2025	4:43:34 PM	82.59504	83.22017	83.46053	84.85135	84.95215	85.30120	84.77908	84.62082	84.30567	83.78389	83.71258	83.80853	83.05529	82.66104
6/19/2025	4:43:37 PM	82.57108	83.19672	83.43191	84.81570	84.91611	85.26490	84.74490	84.58686	84.27365	83.75456	83.68239	83.77766	83.02638	82.63548
6/19/2025	4:43:41 PM	82.54778	83.17393	83.40453	84.78181	84.88233	85.22947	84.71249	84.55474	84.24395	83.72716	83.65471	83.74863	82.99962	82.61034
6/19/2025	4:43:44 PM	82.52489	83.15089	83.37692	84.74797	84.84765	85.19439	84.67918	84.52179	84.21315	83.69903	83.62451	83.71845	82.97198	82.58487
6/19/2025	4:43:48 PM	82.50140	83.12841	83.34914	84.71386	84.81338	85.15871	84.64666	84.48864	84.18228	83.66992	83.59555	83.68899	82.94404	82.55942
6/19/2025	4:43:52 PM	82.47860	83.10593	83.32173	84.67960	84.77852	85.12264	84.61318	84.45545	84.15171	83.64112	83.56625	83.65986	82.91659	82.53403
6/19/2025	4:43:55 PM	82.45561	83.08238	83.29393	84.64576	84.74493	85.08810	84.58101	84.42323	84.12140	83.61273	83.53746	83.63068	82.88911	82.50849
6/19/2025	4:43:59 PM	82.43296	83.06022	83.26707	84.61280	84.71164	85.05423	84.54938	84.39122	84.09211	83.58550	83.50946	83.60245	82.86295	82.48454
6/19/2025	4:44:02 PM	82.41069	83.03856	83.24065	84.58026	84.67836	85.02086	84.51735	84.35969	84.06254	83.55869	83.48231	83.57486	82.83646	82.46049
6/19/2025	4:44:06 PM	82.38873	83.01730	83.21501	84.54879	84.64629	84.98839	84.48828	84.33100	84.03573	83.53333	83.45609	83.54760	82.81147	82.43785
6/19/2025	4:44:10 PM	82.36800	82.99713	83.19017	84.51856	84.61606	84.95705	84.45928	84.30162	84.00891	83.50846	83.43007	83.52155	82.78785	82.41539
6/19/2025	4:44:13 PM	82.34815	82.97710	83.16626	84.48825	84.58573	84.92621	84.42995	84.27270	83.98160	83.48306	83.40436	83.49512	82.76299	82.39268
6/19/2025	4:44:17 PM	82.32660	82.95651	83.14061	84.45662	84.55321	84.89275	84.39914	84.24178	83.95326	83.45673	83.37692	83.46757	82.73722	82.36880
6/19/2025	4:44:20 PM	82.30522	82.93541	83.11514	84.42559	84.52192	84.86039	84.36935	84.21136	83.92513	83.43069	83.35082	83.44067	82.71221	82.34524
6/19/2025	4:44:24 PM	82.28406	82.91442	83.08994	84.39465	84.49088	84.82868	84.33960	84.18151	83.89725	83.40456	83.32405	83.41425	82.68716	82.32247
6/19/2025	4:44:27 PM	82.26395	82.89422	83.06595	84.36543	84.46078	84.79797	84.31080	84.15303	83.87060	83.37966	83.29877	83.38841	82.66314	82.29985
6/19/2025	4:44:31 PM	82.24318	82.87429	83.04147	84.33584	84.43151	84.76714	84.28308	84.12452	83.84475	83.35521	83.27388	83.36334	82.63959	82.27816
6/19/2025	4:44:35 PM	82.22428	82.85512	83.01886	84.30751	84.40288	84.73842	84.25576	84.09781	83.81906	83.33201	83.25018	83.33908	82.61711	82.25723
6/19/2025	4:44:38 PM	82.20449	82.83647	82.99568	84.27913	84.37388	84.70857	84.22776	84.06990	83.79332	83.30761	83.22562	83.31502	82.59453	82.23622
6/19/2025	4:44:42 PM	82.18598	82.81764	82.97294	84.25156	84.34592	84.67967	84.20119	84.04310	83.76846	83.28470	83.20190	83.29088	82.57157	82.21521
6/19/2025	4:44:45 PM	82.16738	82.79931	82.95068	84.22391	84.31823	84.65154	84.17415	84.01598	83.74298	83.26074	83.17785	83.26609	82.54908	82.19460
6/19/2025	4:44:49 PM	82.14838	82.78069	82.92847	84.19609	84.29005	84.62249	84.14727	83.98903	83.71833	83.23762	83.15469	83.24300	82.52702	82.17342
6/19/2025	4:44:53 PM	82.12933	82.76276	82.90550	84.16862	84.26222	84.59386	84.12058	83.96270	83.69369	83.21411	83.13056	83.21861	82.50465	82.15299
6/19/2025	4:44:56 PM	82.11047	82.74337	82.88361	84.14081	84.23421	84.56516	84.09432	83.93567	83.66860	83.19161	83.10740	83.19571	82.48279	82.13220
6/19/2025	4:45:00 PM	82.09236	82.72531	82.86156	84.11440	84.20709	84.53747	84.06745	83.90929	83.64452	83.16902	83.08473	83.17205	82.46108	82.11236
6/19/2025	4:45:03 PM	82.07407	82.70740	82.83990	84.08712	84.17969	84.50982	84.04216	83.88353	83.62019	83.14651	83.06201	83.14974	82.43996	82.09271
6/19/2025	4:45:07 PM	82.05670	82.69048	82.81918	84.06187	84.15451	84.48339	84.01863	83.85970	83.59835	83.12611	83.04103	83.12777	82.41973	82.07438
6/19/2025	4:45:11 PM	82.03947	82.67367	82.79895	84.03692	84.12878	84.45700	83.99308	83.83439	83.57500	83.10499	83.01885	83.10612	82.39970	82.05515
6/19/2025	4:45:14 PM	82.02299	82.65706	82.77834	84.01152	84.10337	84.43097	83.96906	83.81041	83.55238	83.08343	82.99705	83.08380	82.37929	82.03664
6/19/2025	4:45:18 PM	82.00525	82.64001	82.75802	83.98629	84.07770	84.40464	83.94500	83.78572	83.52982	83.06240	82.97567	83.06143	82.35908	82.01816
6/19/2025	4:45:21 PM	81.98877	82.62306	82.73794	83.96105	84.05239	84.37836	83.92100	83.76165	83.50747	83.04173	82.95417	83.04045	82.33930	81.99947
6/19/2025	4:45:25 PM	81.97258	82.60761	82.71808	83.93687	84.02779	84.35356	83.89675	83.73768	83.48534	83.02099	82.93320	83.01886	82.31967	81.98108
6/19/2025	4:45:29 PM	81.95531	82.59070	82.69838	83.91230	84.00251	84.32779	83.87279	83.71371	83.46311	83.00034	82.91267	82.99755	82.30000	81.96289
6/19/2025	4:45:32 PM	81.93942	82.57465	82.67865	83.88871	83.97866	84.30316	83.84942	83.69068	83.44128	82.98063	82.89193	82.97736	82.28124	81.94506
6/19/2025	4:45:36 PM	81.92362	82.55887	82.65965	83.86432	83.95467	84.27781	83.82637	83.66778	83.42020	82.96096	82.87227	82.95720	82.26179	81.92790
6/19/2025	4:45:39 PM	81.90825	82.54290	82.63668	83.82499	83.92505	84.25287	83.66372	83.64914	83.37402	82.90136	77.18762	82.78408	82.05604	81.66279
6/19/2025	4:45:43 PM	78.84570	81.74224	82.11539	83.20992	83.38824	83.70692	82.97800	82.96916	82.67510	82.19606	77.11970	81.32711	81.34847	81.06283
6/19/2025	4:45:46 PM	79.45092	81.62180	81.66546	82.61034	82.74742	83.15834	82.58936	82.48405	82.17408	81.35650	77.10552	80.94067	81.05410	80.83577
6/19/2025	4:45:50 PM	79.88457	81.56600	81.53810	82.57619	82.74614	83.04206	82.64272	82.60047	81.60138	81.43851	77.10858	80.81067	81.05923	80.64452
