6/19/2025	1:38:57 PM	77.20709	77.95242	77.19223	77.11525	77.06018	77.06036	77.16588	77.12163	77.13949	77.12231	77.15224	77.10615	76.57249	76.68672
6/19/2025	1:39:00 PM	77.20727	77.95289	77.19341	77.11412	77.06064	77.06106	77.16546	77.11995	77.13816	77.11947	77.16734	77.16422	76.57670	76.70438
6/19/2025	1:39:04 PM	77.23668	77.97547	77.21768	77.11089	76.97102	76.96899	77.07237	77.03199	77.05923	77.03653	77.07071	77.03016	76.49873	76.61350
6/19/2025	1:39:07 PM	77.13588	77.88320	77.12444	77.05047	76.99473	76.99856	77.10433	77.05804	77.07514	77.05583	77.08391	77.04132	76.50739	76.62114
6/19/2025	1:39:11 PM	77.14275	77.89106	77.13030	77.05364	76.99724	76.99693	77.10102	77.05602	77.07481	77.05571	77.08458	77.04160	76.50807	76.62080
6/19/2025	1:39:14 PM	77.14268	77.88972	77.12805	77.05266	76.99731	77.00432	77.11022	77.06893	77.08426	77.06484	77.08773	77.04043	76.50919	76.63734
6/19/2025	1:39:18 PM	77.14537	77.89945	77.13394	77.05497	77.00995	77.02520	77.17887	77.13701	77.13420	77.09902	77.10023	77.05271	76.52734	76.73800
6/19/2025	1:39:21 PM	77.20259	77.91936	77.15096	77.07151	77.02745	77.03118	77.15631	77.11132	77.14153	77.44719	77.16558	77.09593	76.59803	76.90085
6/19/2025	1:39:25 PM	77.41399	78.01208	77.23816	77.10300	77.04377	77.04459	77.25034	77.23170	78.69505	83.36936	80.37337	78.30771	77.23078	77.28258
6/19/2025	1:39:28 PM	78.31016	78.92720	77.78125	77.18157	77.14023	77.27219	80.81864	81.56528	83.89022	88.22129	86.88632	84.16327	80.15605	78.90852
6/19/2025	1:39:32 PM	82.48405	82.57370	79.93715	78.65120	79.98683	80.02980	83.94576	85.53884	87.69391	91.92474	91.74555	88.90730	83.40807	83.86087
6/19/2025	1:39:35 PM	87.15339	86.22045	83.45665	81.79736	83.40427	84.03541	86.54404	89.01819	91.51715	96.23979	96.47205	93.62424	86.61755	87.89956
6/19/2025	1:39:39 PM	91.15227	89.50573	86.57493	84.84414	85.84189	87.00208	89.33077	92.30972	95.22768	100.75661	101.66154	97.93336	90.70102	92.41314
6/19/2025	1:39:42 PM	95.66149	92.68866	89.36105	87.94281	88.53053	89.55275	92.10782	95.55613	99.14441	104.92705	106.57519	102.06493	94.35152	96.83265
6/19/2025	1:39:46 PM	99.95310	95.77948	92.00872	90.59089	90.72857	91.75555	94.66630	98.54725	102.91677	109.87765	111.55033	106.12354	97.62000	100.50882
6/19/2025	1:39:49 PM	104.00127	99.97767	94.57538	92.85449	92.97018	93.97973	97.18972	101.47884	106.50323	114.24538	116.55511	110.41629	100.96057	104.03158
6/19/2025	1:39:53 PM	107.97290	103.45486	97.83115	94.75386	94.99048	95.79005	99.59131	104.40726	110.47992	118.70297	121.30331	114.63013	104.05387	107.36182
6/19/2025	1:39:56 PM	111.37970	106.57032	100.69449	96.62734	96.87720	97.79234	102.07522	107.76009	114.57055	122.92704	125.84958	118.76396	107.02237	110.71345
6/19/2025	1:40:00 PM	114.52779	109.63003	103.46625	98.53027	98.64871	99.68351	104.80460	111.11147	118.18362	126.99642	130.05506	122.60443	109.89619	114.07161
6/19/2025	1:40:03 PM	118.17178	112.76836	105.97241	100.28634	100.26821	101.57151	107.44285	114.25866	121.53466	130.97986	134.51583	126.43562	112.76576	117.24715
6/19/2025	1:40:07 PM	121.44397	115.80632	108.76027	102.31308	101.95709	103.71983	110.09952	117.28362	125.34898	135.14587	138.77615	129.79084	115.67287	120.44062
6/19/2025	1:40:10 PM	124.96041	118.83016	111.62268	104.24213	103.99902	105.79824	112.68718	120.16893	128.66042	139.13928	142.64893	133.41689	118.54221	123.64774
6/19/2025	1:40:14 PM	128.17177	121.73048	114.25660	106.10467	105.69713	107.92275	115.14742	122.84885	131.88449	143.15878	146.66788	137.30761	121.28381	126.65209
6/19/2025	1:40:17 PM	131.25090	124.71279	116.76934	108.04390	107.60940	110.01618	117.65511	125.76855	135.27765	146.67617	150.63991	141.09080	124.07608	129.73600
6/19/2025	1:40:21 PM	134.43918	127.79543	119.31116	109.92323	109.64601	112.14752	120.26906	128.65883	138.84456	150.34212	154.49271	144.60304	126.88919	132.78688
6/19/2025	1:40:24 PM	137.59078	130.71032	121.86947	111.73413	111.42398	114.01546	122.62379	131.18018	142.13814	154.35656	158.57085	148.39527	129.67507	135.85074
6/19/2025	1:40:28 PM	140.78179	133.40801	124.41604	113.84606	113.23664	116.12951	125.13203	133.96450	145.50932	158.04471	162.51740	151.87218	132.50114	138.96243
6/19/2025	1:40:31 PM	144.04906	136.24234	127.09879	116.08440	115.23220	118.27118	127.67089	136.95247	148.84887	161.58356	166.31394	155.42668	135.35669	142.15074
6/19/2025	1:40:35 PM	147.45176	139.09020	129.71931	118.32077	117.32787	120.69605	130.07236	139.66772	152.07385	165.19240	170.12836	158.78693	138.18554	145.24162
6/19/2025	1:40:38 PM	150.68363	141.88389	132.26131	120.43441	119.44721	122.97968	132.53118	142.38300	155.29858	168.70263	173.79785	162.32879	140.88983	148.20961
6/19/2025	1:40:42 PM	153.51534	144.46953	134.69389	122.66634	121.64679	125.20070	135.02629	145.21085	158.44820	172.68388	177.52254	165.68036	143.55809	151.21727
6/19/2025	1:40:45 PM	156.49158	147.24325	137.16368	124.90628	123.60905	127.39998	137.52652	147.92040	161.38432	176.26796	180.88388	169.15330	146.19865	154.18269
6/19/2025	1:40:49 PM	159.59019	149.96321	139.65773	127.05276	125.92090	129.84857	139.87401	150.56921	164.49914	179.56045	184.24660	172.49912	148.72377	156.89826
6/19/2025	1:40:52 PM	162.38608	152.44370	141.87043	129.09970	127.92570	131.97669	142.10630	152.95514	167.18128	182.46014	187.07618	175.10190	151.11034	159.31877
6/19/2025	1:40:56 PM	164.94954	154.80424	144.14968	131.07386	130.22494	134.22499	144.36942	155.32629	169.79575	185.17896	189.96257	178.00145	153.45449	161.87974
6/19/2025	1:40:59 PM	167.58620	157.17228	146.24135	133.11745	132.11195	136.07148	146.42382	157.58919	172.26458	187.83432	192.75129	180.69794	155.70559	164.41591
6/19/2025	1:41:03 PM	170.17268	159.61560	148.41604	135.49584	134.31540	138.10052	148.60386	159.96506	174.88110	190.58864	195.83142	183.95140	158.15863	167.06955
6/19/2025	1:41:06 PM	173.08472	162.03075	150.72557	137.64186	136.93526	140.22967	150.83841	162.55321	177.99186	193.88050	199.08623	187.19148	160.78648	169.91457
6/19/2025	1:41:10 PM	175.74730	164.41943	153.02492	139.70143	139.29521	142.19106	153.14273	165.13918	181.12515	197.05077	202.29342	190.31643	163.31781	172.68299
6/19/2025	1:41:13 PM	178.61772	166.92564	155.47616	141.81470	141.33156	144.34012	155.40049	167.59759	183.94930	199.77755	205.04270	193.18610	165.61666	175.33393
6/19/2025	1:41:17 PM	181.66744	169.69194	157.79929	143.88929	143.58636	146.55232	157.67329	170.16539	186.73849	202.38070	207.85446	196.05769	168.09667	177.94730
6/19/2025	1:41:20 PM	184.19343	172.07058	160.00482	145.98180	145.56202	148.59891	159.85602	172.50204	189.31684	204.97971	210.41900	198.83844	170.56981	180.59318
6/19/2025	1:41:24 PM	186.92507	174.63583	162.45628	148.26389	147.61677	150.79799	162.19780	174.88729	191.94159	207.78023	212.68775	201.11158	173.34326	183.63685
6/19/2025	1:41:27 PM	189.64555	178.21032	165.68699	150.95244	150.41785	153.79287	164.88590	177.54179	194.32089	209.94763	214.59700	203.41006	176.12972	186.50980
6/19/2025	1:41:31 PM	192.17720	180.67325	167.81613	152.83544	152.10832	155.76409	166.87414	179.71113	196.39053	212.23478	216.50432	205.50098	178.26906	188.77935
6/19/2025	1:41:34 PM	194.57396	182.84528	169.73023	154.65102	154.28982	157.34234	168.86986	181.75741	198.69461	214.36938	218.62615	207.82585	180.32809	190.90733
6/19/2025	1:41:37 PM	196.81961	184.67898	171.60028	156.30821	156.37330	158.95190	170.81359	183.84468	200.94855	216.65589	220.94992	210.24848	182.43664	193.09329
6/19/2025	1:41:41 PM	199.13576	186.58712	173.38594	158.04396	158.08564	160.56345	172.75949	186.02681	203.14220	218.95279	223.36010	212.70802	184.48842	195.26585
6/19/2025	1:41:45 PM	201.46017	188.53355	175.20481	159.67728	159.51491	162.07922	174.62696	188.05775	205.31189	221.14243	225.62484	215.04643	186.50394	197.38708
6/19/2025	1:41:48 PM	203.50858	190.49794	176.89471	161.24700	161.48795	163.60143	176.42018	190.04177	207.50570	223.31356	227.80893	217.18023	188.51702	199.43005
6/19/2025	1:41:51 PM	205.72413	192.52910	178.64807	162.85884	162.90578	165.28141	178.19856	191.97830	209.61807	225.53357	230.06038	219.44315	190.49150	201.47600
6/19/2025	1:41:55 PM	207.84905	194.43961	180.31448	164.40536	164.27544	166.71359	179.95195	193.88507	211.63329	227.59090	232.15940	221.62679	192.35420	203.40170
6/19/2025	1:41:58 PM	209.83266	196.22326	181.95917	165.85267	166.45655	168.34708	181.62452	195.68833	213.64771	229.56433	234.19614	223.59433	194.13826	205.29060
6/19/2025	1:42:02 PM	211.72452	197.97945	183.56792	167.36582	168.47541	169.88361	183.26194	197.52003	215.59458	231.44867	236.19503	225.52621	195.86144	207.13717
6/19/2025	1:42:05 PM	213.58174	199.69782	185.07779	168.79992	169.90237	171.40470	184.83454	199.24176	217.35613	233.13790	238.05896	227.43453	197.49522	208.86920
6/19/2025	1:42:09 PM	215.35217	201.40968	186.63047	170.12907	171.13058	172.85265	186.34235	200.92417	219.17554	234.90872	239.98292	229.20790	199.12267	210.66893
6/19/2025	1:42:12 PM	217.20806	203.01036	188.05361	171.47057	172.51343	174.26155	187.75516	202.51001	220.87784	236.50507	241.76475	231.01917	200.70269	212.35831
6/19/2025	1:42:16 PM	218.84285	204.50100	189.46505	172.83499	173.62567	176.08942	189.12632	203.92348	222.20751	237.60397	242.72072	231.73056	203.50058	215.06195
6/19/2025	1:42:19 PM	220.63047	207.42676	191.83561	175.32549	175.99611	179.15122	191.34091	205.42917	223.18201	238.60497	243.65500	232.50075	205.05108	216.58988
6/19/2025	1:42:23 PM	221.85722	208.71992	193.05254	176.50433	176.90612	180.39559	192.61716	206.71493	224.34188	239.79942	244.58470	233.72476	206.26820	217.87226
6/19/2025	1:42:26 PM	223.21519	210.00653	194.34687	177.56442	177.87213	181.04897	193.83521	207.99790	225.58688	240.82767	245.59792	234.95635	207.26481	218.94275
6/19/2025	1:42:30 PM	224.41711	211.09724	195.37969	178.37880	178.61235	181.55683	194.19730	208.77146	226.24440	240.89289	245.33800	234.98196	207.49547	218.86736
6/19/2025	1:42:33 PM	224.04864	210.74579	193.85316	178.57091	179.24361	181.87688	192.27221	207.12408	224.91087	238.43604	242.48140	232.84987	204.07820	216.18354
6/19/2025	1:42:37 PM	221.64012	210.21715	193.15151	180.86389	183.86285	186.07956	193.87517	207.94034	223.74126	236.14576	239.76527	230.94974	200.32732	213.51819
6/19/2025	1:42:40 PM	220.48730	209.44960	191.54887	182.59854	186.05034	187.27810	192.64846	204.41489	220.47393	233.54889	236.85462	229.40649	196.38060	211.00428
6/19/2025	1:42:44 PM	219.78127	209.18989	191.36967	185.48898	189.50038	189.87541	192.63397	203.59221	218.89348	231.92553	236.09099	229.52906	196.14256	208.42408
6/19/2025	1:42:47 PM	220.61012	211.65102	195.27694	189.39717	192.04138	192.32924	194.58634	205.62065	218.77226	231.10783	234.75808	229.06501	197.92096	207.87658
6/19/2025	1:42:51 PM	220.89712	214.92138	198.93864	195.97080	200.65933	200.94767	199.19068	206.64365	218.17204	231.03811	235.40242	230.99502	199.91353	207.62785
6/19/2025	1:42:54 PM	224.05008	219.49755	204.62383	199.51171	205.41812	204.89763	200.63159	208.99642	219.74928	231.65036	235.20287	230.66499	201.42288	208.81124
6/19/2025	1:42:58 PM	223.73759	221.26754	204.83265	200.89691	209.54275	211.59409	206.80610	212.70539	219.87999	231.46020	235.90195	232.04942	202.88141	208.58528
6/19/2025	1:43:01 PM	225.19032	223.62135	208.29770	204.46538	212.80118	213.12627	206.84541	213.11393	220.22621	231.71647	236.22728	232.82964	202.97663	208.27455
6/19/2025	1:43:04 PM	226.16739	226.24592	210.63332	206.38108	214.64305	215.19916	209.74574	214.75698	220.08867	231.84081	237.28736	233.90732	203.78166	207.94632
6/19/2025	1:43:08 PM	226.70631	227.60304	211.98423	208.86749	217.59187	218.49591	213.14321	217.27806	220.69062	232.10836	238.24680	235.23903	204.27539	207.46650
6/19/2025	1:43:12 PM	228.44437	229.12069	214.23439	211.07860	218.83870	219.41185	213.71141	217.70785	220.42043	232.23163	238.63032	235.92982	204.03086	206.92847
6/19/2025	1:43:15 PM	230.20146	230.69872	215.95594	212.76033	219.72032	219.30377	213.62753	218.16250	220.76438	233.14322	240.09788	236.95656	204.53643	207.34575
6/19/2025	1:43:19 PM	230.37496	231.46441	216.31967	214.14066	221.44229	221.39427	215.49696	220.07712	221.51707	233.62867	241.22053	238.23044	204.68155	207.30907
6/19/2025	1:43:22 PM	231.49430	232.17799	216.75703	215.94426	221.98088	220.70425	215.28594	220.79353	222.18741	233.89950	241.79983	239.28814	204.54642	207.47028
6/19/2025	1:43:26 PM	232.76605	232.98146	217.20987	218.44828	224.76149	223.45011	217.62773	221.46732	222.95162	234.40120	242.74387	239.81575	206.24143	207.80038
6/19/2025	1:43:29 PM	232.47989	233.62560	216.38427	218.08183	224.97497	223.94020	218.25572	222.11622	223.27028	234.70474	243.02479	240.73549	206.73842	209.49905
6/19/2025	1:43:33 PM	233.88831	235.05445	217.47679	218.04298	225.45141	225.32753	220.84075	223.87314	225.17008	236.11135	243.55181	241.01070	209.11148	211.35873
6/19/2025	1:43:36 PM	233.61316	235.26767	219.18748	220.00385	226.79546	226.16665	221.19655	224.41403	226.11559	236.37127	243.20115	240.60842	207.73909	210.35274
6/19/2025	1:43:39 PM	232.98705	234.04376	218.49879	219.44073	225.86604	225.13097	220.35097	223.54886	225.31147	235.83846	242.38520	239.88572	206.25166	209.61334
6/19/2025	1:43:43 PM	232.40182	232.89039	217.79172	218.96187	225.24855	224.73205	220.10499	223.17302	225.11260	235.29446	241.52796	239.16090	205.20184	209.22778
6/19/2025	1:43:46 PM	231.87359	231.90523	217.74812	218.47038	224.48003	223.80609	219.84145	223.65161	227.12314	237.16153	242.85913	240.47262	208.38620	213.83913
6/19/2025	1:43:50 PM	233.64949	232.24241	218.45998	217.80134	223.63614	223.19280	220.65795	225.70088	230.45680	239.94904	245.05023	242.45619	211.83449	218.39783
6/19/2025	1:43:53 PM	235.54763	232.75613	219.25731	217.38666	223.38636	222.80833	221.52622	227.62364	233.38693	242.52584	247.16120	244.31319	214.89555	222.48650
6/19/2025	1:43:57 PM	237.41399	233.37425	220.04549	217.20153	223.58679	222.57399	222.42594	229.47100	236.01581	244.88981	249.19389	246.08104	217.66489	226.02520
6/19/2025	1:44:00 PM	239.11939	234.05463	220.92241	217.23369	223.81958	222.48731	223.37047	231.16579	238.37848	247.04027	251.09351	247.74039	220.18602	229.14764
6/19/2025	1:44:04 PM	240.65608	234.76476	221.88032	217.43960	224.14151	222.55021	224.34756	232.74253	240.51746	249.02142	252.86164	249.24637	222.48903	231.91403
6/19/2025	1:44:07 PM	242.09514	235.54488	222.92107	217.77058	224.51017	222.73708	225.35072	234.22693	242.48092	250.86608	254.53459	250.64397	224.68935	234.47020
6/19/2025	1:44:11 PM	243.44612	236.37284	224.00509	218.18265	224.92837	223.01645	226.35045	235.61790	244.24912	252.53397	256.04327	251.89213	226.65832	236.70206
6/19/2025	1:44:14 PM	244.72790	237.22918	225.12305	218.64962	225.33284	223.36136	227.34355	236.93241	245.86281	254.06763	257.44947	253.06771	228.49478	238.74758
6/19/2025	1:44:18 PM	245.94688	238.10572	226.26620	219.15459	225.64175	223.76252	228.35032	238.21149	247.41202	255.52675	258.78317	254.20903	230.24695	240.65858
6/19/2025	1:44:21 PM	247.09467	239.00123	227.37141	219.65168	225.68267	224.19975	229.33572	239.40983	248.83355	256.85456	259.99632	255.26415	231.87969	242.38874
6/19/2025	1:44:25 PM	248.21504	239.93650	228.42832	220.14671	225.51553	224.67876	230.32496	240.56384	250.17999	258.08796	261.14283	256.27205	233.47435	244.05688
6/19/2025	1:44:28 PM	249.29678	240.89153	229.38038	220.58541	225.28872	225.15345	231.26940	241.65798	251.44261	259.21007	262.15830	257.20513	234.90588	245.60515
6/19/2025	1:44:32 PM	250.36655	241.76697	230.20398	220.96451	225.28638	225.63434	232.15209	242.68614	252.60296	260.23528	263.09339	258.08192	236.24743	246.97879
6/19/2025	1:44:35 PM	251.33877	242.62824	231.07041	221.45093	225.56941	226.23458	233.07128	243.75600	253.70956	261.20229	263.93657	258.84293	237.53418	248.19375
6/19/2025	1:44:39 PM	252.28515	243.48917	231.92745	221.98637	225.93093	226.87812	233.98930	244.84617	254.80092	262.13700	264.69448	259.57208	238.76889	249.33555
6/19/2025	1:44:42 PM	253.22137	244.31644	232.73469	222.55610	226.32321	227.52469	234.87309	245.86890	255.83471	263.01865	265.34536	260.23450	239.91982	250.38856
6/19/2025	1:44:46 PM	254.15130	245.13850	233.52392	223.16517	226.81928	228.20872	235.76226	246.84982	256.85124	263.89261	265.94210	260.86795	241.03893	251.39564
6/19/2025	1:44:49 PM	255.04257	245.94641	234.29461	223.79513	227.36347	228.90182	236.61945	247.74944	257.79023	264.70365	266.47245	261.45147	242.09612	252.34400
6/19/2025	1:44:53 PM	255.88857	246.73258	235.03918	224.42929	227.97232	229.60387	237.45499	248.58879	258.65054	265.44169	266.94032	261.97571	243.08999	253.22624
6/19/2025	1:44:56 PM	256.67498	247.48738	235.75577	225.06930	228.60641	230.29946	238.26126	249.36949	259.43822	266.11856	267.36566	262.46847	244.04831	254.07879
6/19/2025	1:45:00 PM	257.43383	248.24555	236.48117	225.73937	229.26750	231.02344	239.07714	250.14046	260.19093	266.76663	267.76765	262.94836	244.99214	254.91245
6/19/2025	1:45:03 PM	258.14542	248.98282	237.19096	226.40637	229.98890	231.74111	239.86759	250.86165	260.88376	267.35936	268.14056	263.39872	245.88423	255.68371
6/19/2025	1:45:07 PM	258.81717	249.70373	237.89376	227.09560	230.72551	232.46493	240.65165	251.56771	261.53888	267.90576	268.51817	263.83458	246.74169	256.42378
6/19/2025	1:45:10 PM	259.44374	250.39821	238.58256	227.79269	231.51578	233.18047	241.41660	252.24859	262.16426	268.43726	268.91933	264.27933	247.59030	257.14689
6/19/2025	1:45:14 PM	260.05709	251.08837	239.28396	228.55345	232.44097	233.91055	242.18124	252.92666	262.78393	268.96154	269.33591	264.74137	248.39127	257.76834
6/19/2025	1:45:17 PM	260.61609	251.83615	240.33678	229.57198	233.58981	235.52752	242.94628	253.34378	263.12020	268.83153	269.12183	264.64787	249.83511	258.66121
6/19/2025	1:45:21 PM	261.03192	253.39703	242.16568	231.46101	235.51941	239.83496	244.20102	254.27567	263.42005	268.20792	268.63375	264.36993	250.83775	259.24341
6/19/2025	1:45:24 PM	261.69167	254.79045	243.11491	233.23657	237.52125	243.84492	245.51357	255.08147	263.58187	267.75902	268.22067	264.34820	251.73498	259.57589
6/19/2025	1:45:28 PM	262.57947	255.86723	244.02200	235.16761	239.46231	246.96138	246.67975	255.81117	263.77506	267.40391	267.91472	264.59822	252.46356	259.98311
6/19/2025	1:45:31 PM	263.49209	256.97677	244.84289	236.52036	240.88866	249.25012	247.42860	256.37736	263.97526	267.30838	267.81156	264.88906	253.04122	260.44624
6/19/2025	1:45:35 PM	264.26086	257.61171	244.71524	237.42166	242.24149	251.42342	247.97061	256.90142	264.22804	267.45754	267.83189	265.23852	253.50236	260.81044
6/19/2025	1:45:38 PM	264.84310	258.29335	244.87338	238.29225	243.40297	253.65651	248.26576	257.29209	264.45097	267.61419	267.89932	265.61677	253.90401	261.10522
6/19/2025	1:45:42 PM	265.45576	258.85767	245.19085	239.11993	244.50315	255.63778	248.60152	257.62427	264.70308	267.82276	268.07369	265.94418	254.30860	261.38828
6/19/2025	1:45:45 PM	265.93071	259.19993	245.65036	239.72915	245.05536	256.12030	249.19386	258.07265	265.13146	268.48045	268.83906	266.72312	254.75775	261.97670
6/19/2025	1:45:49 PM	266.26384	259.53215	246.44076	240.00403	244.78166	254.99797	249.86730	258.62080	265.82109	269.45781	269.73356	267.46071	255.28191	262.63664
6/19/2025	1:45:52 PM	266.56381	259.87116	247.09158	240.28091	244.53847	254.08950	250.57212	259.19388	266.48004	270.33258	270.57173	268.11676	255.87889	263.32878
6/19/2025	1:45:56 PM	266.88346	260.25071	247.74163	240.58139	244.41848	253.39314	251.30889	259.78613	267.13388	271.16429	271.40342	268.76630	256.53762	264.04750
6/19/2025	1:45:59 PM	267.25260	260.67532	248.40755	240.90960	244.42651	252.89304	252.06084	260.40329	267.80072	271.97348	272.23626	269.42616	257.24207	264.77733
6/19/2025	1:46:03 PM	267.65806	261.12955	249.07309	241.26318	244.55343	252.56800	252.81687	261.03145	268.46759	272.71692	272.98689	270.07697	257.96176	265.49862
6/19/2025	1:46:06 PM	268.10258	261.61888	249.74758	241.64681	244.79053	252.39460	253.57570	261.67887	269.13948	273.36303	273.66560	270.71026	258.68648	266.11402
6/19/2025	1:46:10 PM	268.37856	261.87897	250.13908	242.62232	246.23843	253.13434	254.26080	261.32750	268.71228	273.29453	273.66734	270.54732	257.68515	264.94815
6/19/2025	1:46:13 PM	268.21900	262.68578	251.72828	244.98336	248.53353	254.45667	255.09716	261.69221	268.99151	273.76477	274.19975	270.94632	258.23544	265.44429
6/19/2025	1:46:17 PM	268.49891	262.94863	252.31300	245.37720	249.27865	254.39015	255.77354	262.41015	269.61324	274.49814	274.90121	271.41076	258.82863	265.99017
6/19/2025	1:46:20 PM	268.78617	263.17319	252.77323	245.70632	249.77616	254.33216	256.37218	263.02536	270.12006	275.21308	275.54993	271.78961	259.39021	266.47942
6/19/2025	1:46:23 PM	269.04997	263.39152	253.20767	246.03292	250.18281	254.30121	256.92930	263.56967	270.55829	275.88602	276.15806	272.11642	259.91654	266.89571
6/19/2025	1:46:27 PM	269.27748	263.58896	253.60615	246.34636	250.56169	254.30298	257.42598	264.02973	270.92076	276.50439	276.70724	272.39277	260.38536	267.23310
6/19/2025	1:46:30 PM	269.47572	263.77151	253.98007	246.65452	250.95120	254.33570	257.87372	264.42903	271.22433	277.10271	277.21600	272.63973	260.79810	267.50002
6/19/2025	1:46:34 PM	269.64269	263.93661	254.32487	246.95416	251.33542	254.39465	258.27477	264.77296	271.47922	277.69403	277.70197	272.88521	261.16136	267.70852
6/19/2025	1:46:37 PM	269.78667	264.09250	254.65954	247.25770	251.72570	254.47884	258.64782	265.08232	271.70214	278.25754	278.20722	273.18637	261.49135	267.87487
6/19/2025	1:46:41 PM	269.90053	264.23558	254.97680	247.55833	252.10576	254.58274	258.98632	265.35299	271.90440	278.82189	278.69964	273.55388	261.78403	268.00387
6/19/2025	1:46:44 PM	269.98796	264.36407	255.27484	247.85340	252.47531	254.70488	259.29928	265.59762	272.10518	279.35507	279.15434	273.98652	262.03825	268.10464
6/19/2025	1:46:48 PM	270.05973	264.47828	255.55167	248.14176	252.82374	254.83690	259.58064	265.81214	272.32057	279.81198	279.60013	274.43179	262.26367	268.18861
6/19/2025	1:46:51 PM	270.13540	264.57816	255.81370	248.42613	253.15564	254.97954	259.83905	265.99818	272.56207	280.19534	279.99272	274.87133	262.45580	268.25810
6/19/2025	1:46:55 PM	270.23468	264.66605	256.06038	248.70518	253.46992	255.13268	260.07715	266.16257	272.83894	280.50893	280.32592	275.27184	262.62718	268.31919
6/19/2025	1:46:58 PM	270.34040	264.74194	256.28813	248.97286	253.76445	255.28920	260.29229	266.30251	273.18618	280.77234	280.60382	275.61623	262.78250	268.37254
6/19/2025	1:47:02 PM	270.45771	264.80828	256.51029	249.24397	254.05442	255.45358	260.49334	266.42734	273.56749	280.99142	280.82954	275.90423	262.92165	268.41941
6/19/2025	1:47:05 PM	270.58492	264.87183	256.72268	249.50967	254.33187	255.62157	260.68027	266.54110	273.98679	281.17189	281.01630	276.15337	263.05304	268.46482
6/19/2025	1:47:09 PM	270.71411	264.93758	256.92435	249.77168	254.59679	255.79500	260.85605	266.64705	274.36231	281.32012	281.16355	276.36332	263.17237	268.50859
6/19/2025	1:47:12 PM	270.84990	265.00402	257.12098	250.03129	254.85280	255.96921	261.01983	266.74920	274.67850	281.43640	281.27589	276.54203	263.28149	268.55120
6/19/2025	1:47:16 PM	270.98594	265.07004	257.30127	250.27790	255.08933	256.14137	261.17118	266.84532	274.94829	281.52962	281.36369	276.69447	263.38262	268.59469
6/19/2025	1:47:19 PM	271.12631	265.13879	257.48213	250.52800	255.32117	256.31772	261.31786	266.93839	275.18176	281.60444	281.42994	276.82533	263.47851	268.64084
6/19/2025	1:47:23 PM	271.26111	265.20903	257.65708	250.77773	255.54918	256.49658	261.45894	267.02860	275.38595	281.66642	281.47866	276.94053	263.57077	268.69068
6/19/2025	1:47:26 PM	271.39047	265.27975	257.82458	251.01899	255.76422	256.67314	261.59193	267.11335	275.55611	281.71027	281.50970	277.03535	263.65618	268.74283
6/19/2025	1:47:30 PM	271.51065	265.34842	257.98293	251.25339	255.96713	256.84547	261.71887	267.19613	275.70352	281.74015	281.52981	277.11953	263.74128	268.80124
6/19/2025	1:47:33 PM	271.62747	265.40114	258.00262	251.46956	256.19348	257.02982	261.59365	266.89753	275.34460	281.28628	281.10681	276.63766	261.68658	267.13374
6/19/2025	1:47:37 PM	270.69030	264.47750	257.29504	252.03716	256.90135	257.26198	260.84689	265.95790	274.48334	280.54493	280.39074	276.03091	258.56816	264.83095
6/19/2025	1:47:40 PM	270.00042	263.83569	256.82432	252.57583	257.48800	257.46802	260.16874	265.07683	273.61663	279.76265	279.65902	275.38042	255.86084	262.68034
6/19/2025	1:47:44 PM	269.15120	263.08839	256.36959	253.01293	257.89882	257.54006	259.50864	264.31088	272.95201	278.91200	278.82037	274.69459	253.61284	261.40182
6/19/2025	1:47:47 PM	268.11394	261.83391	255.09636	252.81391	257.86338	257.18967	258.38275	263.05422	271.98319	277.38136	277.28168	273.46302	252.48338	260.63713
6/19/2025	1:47:51 PM	266.80544	260.43157	253.61751	251.94336	257.28672	256.40190	257.16199	261.69312	270.23654	275.17596	275.01058	271.51931	251.79563	259.35267
6/19/2025	1:47:54 PM	264.85402	258.80461	252.42702	250.93102	256.31083	255.32891	255.98656	259.83620	267.77590	272.17687	272.06670	268.98063	250.69059	257.35977
6/19/2025	1:47:58 PM	262.16231	256.57903	251.11979	249.93061	254.86879	253.91306	254.28761	257.48417	264.80011	268.62818	268.53408	265.86183	249.22686	254.62782
6/19/2025	1:48:01 PM	258.88207	253.96299	249.39376	248.56374	253.06885	252.03531	252.05476	254.63076	261.35499	264.45529	264.53108	262.29478	247.19894	251.39589
6/19/2025	1:48:05 PM	255.08413	250.82177	247.12640	246.77204	250.91300	249.69968	249.32789	251.45752	257.70623	260.04606	260.33907	258.51136	244.78529	248.06825
6/19/2025	1:48:08 PM	250.92609	247.14875	244.47685	244.61882	248.42896	246.98391	246.30835	248.03977	253.79117	255.55184	255.99045	254.47588	241.90625	244.42205
6/19/2025	1:48:12 PM	246.72242	243.22276	241.54985	242.19656	245.69081	243.98098	243.02584	244.36824	249.62163	250.97162	251.57133	250.34657	238.87610	240.71437
6/19/2025	1:48:15 PM	242.44038	239.21234	238.49346	239.63390	242.81969	240.90819	239.66843	240.64915	245.45770	246.43461	247.23078	246.29778	235.79217	237.01077
6/19/2025	1:48:19 PM	238.27800	235.33884	235.44482	237.01507	239.92107	237.80249	236.27535	236.88298	241.23293	241.83203	242.84539	242.20595	232.49831	233.21649
6/19/2025	1:48:22 PM	234.02687	231.37812	232.23084	234.24010	236.88165	234.60753	232.78952	233.05577	236.96958	237.21519	238.43501	238.13588	229.07258	229.37918
6/19/2025	1:48:26 PM	229.88067	227.53893	229.00972	231.44826	233.84695	231.44745	229.35440	229.33126	232.83596	232.74846	234.18877	234.22577	225.69597	225.65864
6/19/2025	1:48:29 PM	225.96060	223.87940	225.84648	228.68610	230.83955	228.35109	225.99744	225.70553	228.81082	228.41357	230.03334	230.37916	222.29721	221.96649
6/19/2025	1:48:32 PM	221.99729	220.16473	222.58407	225.83450	227.72505	225.17009	222.56466	222.01496	224.75865	224.08646	225.87584	226.54738	218.87635	218.27841
6/19/2025	1:48:36 PM	218.20757	216.60098	219.38934	223.01979	224.69031	222.08818	219.27982	218.50605	220.89991	219.96412	221.90751	222.85525	215.55459	214.69284
6/19/2025	1:48:39 PM	214.51028	213.11754	216.23405	220.21504	221.66360	219.03361	216.01973	215.06704	217.15467	216.00187	218.07770	219.28329	212.32261	211.22456
6/19/2025	1:48:43 PM	210.97070	209.77103	213.14396	217.46563	218.69106	216.05229	212.86936	211.74095	213.55936	212.20556	214.38917	215.83940	209.20349	207.86299
6/19/2025	1:48:46 PM	207.59682	206.56804	210.14735	214.78459	215.82760	213.20429	209.88112	208.62592	210.17828	208.65247	210.92979	212.58823	206.20693	204.65667
6/19/2025	1:48:50 PM	204.44207	203.54558	207.28309	212.20834	213.07878	210.46655	207.01258	205.63522	206.96756	205.27176	207.61057	209.45690	203.32745	201.56582
6/19/2025	1:48:53 PM	201.34082	200.58027	204.47656	209.65914	210.35062	207.78014	204.22334	202.74241	203.85998	202.02992	204.45364	206.46628	200.53915	198.58888
6/19/2025	1:48:57 PM	198.38725	197.72578	201.74720	207.18637	207.72710	205.21777	201.57150	200.01456	200.91888	198.94626	201.41904	203.59797	197.95717	195.80176
6/19/2025	1:49:00 PM	195.66667	195.14432	199.29904	204.90230	205.31469	202.84283	199.04083	197.35676	197.98726	195.84563	198.40391	200.78857	195.49636	193.05261
6/19/2025	1:49:04 PM	193.05520	192.72075	197.04844	202.81367	203.10942	200.70240	196.72151	194.93363	195.31017	193.05626	195.63348	198.19778	193.22007	190.49629
6/19/2025	1:49:07 PM	190.53594	190.32348	194.77948	200.66140	200.78457	198.38225	194.16598	192.21687	192.36496	189.96609	192.57592	195.29381	190.48648	187.54668
6/19/2025	1:49:11 PM	187.63456	187.51699	192.16613	198.24795	198.24057	195.80882	191.47935	189.42706	189.36031	186.82599	189.46945	192.34585	187.62508	184.52918
6/19/2025	1:49:14 PM	184.64397	184.59459	189.39850	195.70746	195.57586	193.14914	188.73495	186.58405	186.32574	183.68096	186.41398	189.41085	184.75114	181.51940
6/19/2025	1:49:18 PM	181.67764	181.65525	186.61249	193.16102	192.91208	190.51380	186.04932	183.80248	183.38137	180.64334	183.43467	186.54133	181.94790	178.57434
6/19/2025	1:49:21 PM	178.82284	178.84906	183.90100	190.65241	190.31033	187.97458	183.48935	181.17392	180.58776	177.79836	180.63585	183.80545	179.26798	175.78911
6/19/2025	1:49:25 PM	176.07891	176.13801	181.25764	188.19266	187.76750	185.48527	180.99848	178.63768	177.95029	175.11401	177.98795	181.21012	176.73040	173.15487
6/19/2025	1:49:28 PM	173.57632	173.65897	178.81617	185.90228	185.39610	183.17322	178.68613	176.29055	175.50071	172.63063	175.51820	178.77083	174.31832	170.66407
6/19/2025	1:49:32 PM	171.10916	171.20707	176.38177	183.62434	183.03458	180.88572	176.38576	173.97768	173.09340	170.21259	173.10297	176.39227	171.99566	168.27942
6/19/2025	1:49:35 PM	168.82710	168.94993	174.14198	181.49696	180.84711	178.78306	174.28295	171.88760	170.94437	168.04919	170.93113	174.24236	169.87592	166.11634
6/19/2025	1:49:39 PM	166.66904	166.79188	171.96505	179.41061	178.68310	176.71168	172.20992	169.84257	168.83105	165.91728	168.79320	172.12328	167.78930	163.98488
6/19/2025	1:49:42 PM	164.65347	164.79419	169.95337	177.48467	176.70147	174.81682	170.31244	167.98982	166.92603	164.00957	166.86331	170.21016	165.90596	162.05862
6/19/2025	1:49:46 PM	162.74078	162.88729	168.00792	175.59460	174.74997	172.94861	168.42479	166.14608	165.03636	162.12420	164.94946	168.31530	164.03305	160.16186
6/19/2025	1:49:49 PM	160.90753	161.08543	166.18047	173.82645	172.92427	171.20116	166.67496	164.43612	163.28162	160.37496	163.17335	166.54722	162.29766	158.39162
6/19/2025	1:49:53 PM	159.18998	159.39900	164.47388	172.15652	171.20453	169.56713	165.05056	162.86756	161.67435	158.80042	161.57213	164.95035	160.72985	156.80833
6/19/2025	1:49:56 PM	157.62388	157.84585	162.88947	170.59741	169.61010	168.05146	163.54224	161.40640	160.19266	157.32968	160.06079	163.43160	159.23930	155.29783
6/19/2025	1:50:00 PM	156.16093	156.39750	161.40665	169.11916	168.03276	166.59606	162.23177	160.34939	159.19101	156.49817	159.02975	162.21791	158.07752	154.35411
6/19/2025	1:50:03 PM	154.81062	154.73281	159.72428	167.42567	166.48315	165.38981	161.15385	159.44526	158.28586	155.53314	157.84781	160.70448	156.09624	152.43482
6/19/2025	1:50:07 PM	152.59928	151.99474	156.89552	164.60480	163.50946	162.47494	158.44426	156.84858	155.90876	153.14503	155.49415	158.14929	152.99884	149.45303
6/19/2025	1:50:10 PM	149.35310	148.47525	153.12079	161.11924	159.95595	159.04403	155.16872	153.73976	152.96920	150.29499	152.69861	155.23381	149.55241	146.06811
6/19/2025	1:50:14 PM	145.93982	144.94560	149.32610	157.63137	156.43386	155.66097	151.97006	150.67518	150.14806	147.51845	149.93704	152.39616	146.25410	142.83385
6/19/2025	1:50:17 PM	142.67947	141.60241	145.83829	154.35238	153.12111	152.48802	148.96402	147.80773	147.46633	144.88805	147.33344	149.73522	143.21065	139.84092
6/19/2025	1:50:20 PM	139.67745	138.53947	142.62991	151.30242	150.05958	149.55490	146.17623	145.17330	144.92882	142.40063	144.84980	147.18815	140.38004	137.03900
6/19/2025	1:50:24 PM	136.88171	135.70972	139.65615	148.44506	147.19086	146.82683	143.56892	142.70866	142.55094	140.07169	142.50393	144.78397	137.74940	134.44462
6/19/2025	1:50:27 PM	134.37694	133.20056	136.99975	145.83114	144.56839	144.33378	141.18545	140.43931	140.35970	137.94468	140.35759	142.59158	135.37712	132.10705
6/19/2025	1:50:31 PM	132.10149	130.93279	134.60646	143.46662	142.18799	142.06772	139.00086	138.35513	138.31317	135.97365	138.35089	140.55799	133.23070	129.98693
6/19/2025	1:50:34 PM	130.07420	128.92033	132.48236	141.33447	140.04162	140.02441	137.00615	136.44956	136.42943	134.13704	136.49181	138.66803	131.25533	128.02646
6/19/2025	1:50:38 PM	128.25163	127.12836	130.58197	139.41706	138.10915	138.19044	135.21291	134.73820	134.73068	132.49088	134.81318	136.97183	129.51136	126.30909
6/19/2025	1:50:41 PM	126.58849	125.49384	128.86401	137.66440	136.35504	136.52883	133.58966	133.18675	133.17574	130.98819	133.27000	135.40459	127.92266	124.73360
6/19/2025	1:50:45 PM	125.10255	124.03746	127.32768	136.07629	134.75404	135.01161	132.10711	131.75326	131.74295	129.60973	131.85674	133.97245	126.48587	123.32271
6/19/2025	1:50:48 PM	123.75876	122.71920	125.94186	134.63771	133.29827	133.62145	130.73720	130.42029	130.39894	128.30450	130.51030	132.60466	125.14091	121.99550
6/19/2025	1:50:52 PM	122.50655	121.49895	124.67578	133.31565	131.97259	132.35217	129.49041	129.19950	129.17114	127.12273	129.29292	131.37507	123.94910	120.81044
6/19/2025	1:50:55 PM	121.38132	120.39956	123.52509	132.08931	130.73084	131.16048	128.32142	128.05311	128.01483	126.00533	128.14028	130.20248	122.82108	119.70779
6/19/2025	1:50:59 PM	120.31805	119.36425	122.45635	130.95350	129.59540	130.06534	127.24381	126.98514	126.93290	124.96571	127.06422	129.10975	121.78338	118.68656
6/19/2025	1:51:02 PM	119.35715	118.42918	121.48376	129.90550	128.53605	129.03718	126.23613	125.98548	125.92629	123.99657	126.06154	128.09407	120.83081	117.75284
6/19/2025	1:51:06 PM	118.45926	117.55485	120.58361	128.92626	127.56125	128.09709	125.31526	125.06638	124.99461	123.10054	125.12913	127.14850	119.95700	116.89447
6/19/2025	1:51:09 PM	117.63820	116.75974	119.76024	128.01294	126.63618	127.19552	124.43098	124.18034	124.10022	122.24259	124.25051	126.26319	119.13845	116.09633
6/19/2025	1:51:13 PM	116.87066	116.01554	118.99377	127.15583	125.77907	126.35723	123.60603	123.34569	123.25695	121.43745	123.41239	125.41363	118.36782	115.34738
6/19/2025	1:51:16 PM	116.13191	115.30399	118.26347	126.33404	124.95881	125.55302	122.81552	122.54908	122.45112	120.66228	122.61654	124.60293	117.63729	114.63360
6/19/2025	1:51:20 PM	115.44869	114.64440	117.57972	125.55767	124.18347	124.79387	122.06632	121.79150	121.68471	119.92449	121.85599	123.82751	116.94583	113.96683
6/19/2025	1:51:23 PM	114.78058	114.00260	116.92274	124.81396	123.44476	124.06792	121.35470	121.07103	120.95834	119.22440	121.14528	123.09845	116.29874	113.34258
6/19/2025	1:51:27 PM	114.16372	113.40756	116.31248	124.11643	122.75163	123.38362	120.68205	120.38726	120.26322	118.55519	120.46041	122.39700	115.68357	112.75191
6/19/2025	1:51:30 PM	113.56334	112.83611	115.72380	123.43708	122.08005	122.72196	120.03487	119.73109	119.59686	117.91471	119.80842	121.72635	115.10216	112.20026
6/19/2025	1:51:34 PM	113.01769	112.31947	115.19314	122.81501	121.46608	122.12348	119.44563	119.13314	118.98538	117.32805	119.20905	121.10918	114.56823	111.68845
6/19/2025	1:51:37 PM	112.48729	111.81127	114.66316	122.19238	120.85105	121.51365	118.85091	118.52924	118.36926	116.73063	118.59293	120.47697	114.02528	111.17294
6/19/2025	1:51:41 PM	111.97798	111.32756	114.16575	121.60624	120.27700	120.94771	118.29568	117.96395	117.79667	116.17921	118.04045	119.89963	113.53456	110.70577
6/19/2025	1:51:44 PM	111.50566	110.87986	113.70146	121.05790	119.73637	120.41476	117.77661	117.43491	117.25972	115.65963	117.51440	119.34784	113.06491	110.25913
6/19/2025	1:51:48 PM	111.04142	110.43829	113.24409	120.51038	119.19795	119.88169	117.25260	116.90094	116.71280	115.13385	116.97980	118.79065	112.59646	109.81558
6/19/2025	1:51:51 PM	110.49540	109.93257	112.80280	120.04448	118.81465	119.57400	116.98413	116.60818	116.28844	114.65759	116.34445	118.02864	112.22191	109.51697
6/19/2025	1:51:55 PM	109.85406	109.23127	112.19055	119.41287	118.39023	119.35626	116.93681	116.69098	116.26628	114.56357	116.03603	117.57285	111.96345	109.32702
6/19/2025	1:51:58 PM	109.46231	108.84564	111.79491	118.94845	117.95682	118.97367	116.59317	116.36072	115.94322	114.23803	115.68113	117.15613	111.63511	109.00690
6/19/2025	1:52:01 PM	109.08305	108.52932	111.53519	118.66667	117.75515	118.78647	116.40058	116.10487	115.59983	113.84020	115.16878	116.64872	111.43665	108.85685
6/19/2025	1:52:05 PM	108.77007	108.27760	111.31456	118.43096	117.59206	118.58226	116.18012	115.82979	115.23478	113.41006	114.67721	116.09232	111.09675	108.52050
6/19/2025	1:52:08 PM	108.25123	107.81770	110.91686	118.02212	117.24863	118.22709	115.79143	115.37141	114.72051	112.83740	114.06514	115.45677	110.66403	108.09804
6/19/2025	1:52:12 PM	107.72917	107.36027	110.51498	117.58596	116.86334	117.85340	115.39862	114.92635	114.22886	112.31053	113.51356	114.88294	110.25749	107.68971
6/19/2025	1:52:15 PM	107.24945	106.92949	110.12338	117.15278	116.47261	117.47611	115.01505	114.51141	113.77602	111.83379	113.00144	114.34807	109.86496	107.30339
6/19/2025	1:52:19 PM	106.81762	106.53615	109.74824	116.72772	116.07904	117.08942	114.62839	114.10083	113.33025	111.37110	112.50719	113.83707	109.47720	106.92641
6/19/2025	1:52:22 PM	106.40782	106.16245	109.38059	116.30626	115.68661	116.70591	114.24824	113.70355	112.90048	110.93032	112.03622	113.35367	109.10008	106.56688
6/19/2025	1:52:26 PM	106.01462	105.80191	109.01882	115.88581	115.29074	116.31535	113.86780	113.31448	112.48529	110.50671	111.58929	112.89092	108.73896	106.22186
6/19/2025	1:52:29 PM	105.65260	105.46303	108.67271	115.47629	114.90223	115.92995	113.49557	112.93198	112.07772	110.09738	111.15799	112.44386	108.37970	105.88120
6/19/2025	1:52:33 PM	105.29015	105.12236	108.32434	115.06658	114.50809	115.53861	113.11838	112.54808	111.67073	109.68846	110.72928	112.00392	108.02153	105.54434
6/19/2025	1:52:36 PM	104.93755	104.79115	107.97914	114.65862	114.11704	115.14540	112.74053	112.16492	111.26966	109.29083	110.31653	111.57736	107.67166	105.21550
6/19/2025	1:52:40 PM	104.59774	104.47124	107.64181	114.25418	113.73049	114.75930	112.37031	111.79386	110.88205	108.90595	109.91553	111.16033	107.33008	104.89542
6/19/2025	1:52:43 PM	104.27208	104.16230	107.31498	113.86376	113.35671	114.38388	112.01023	111.43712	110.50843	108.54011	109.53395	110.76462	107.00648	104.58976
6/19/2025	1:52:47 PM	103.95309	103.86427	106.99981	113.48233	112.99150	114.01553	111.66237	111.09068	110.14412	108.18404	109.16371	110.38023	106.68979	104.29280
6/19/2025	1:52:50 PM	103.64605	103.57710	106.69025	113.10631	112.63053	113.64802	111.31274	110.74467	109.78637	107.83880	108.80263	110.00262	106.37651	104.00134
6/19/2025	1:52:54 PM	103.35604	103.30213	106.39527	112.74705	112.28757	113.30138	110.98441	110.41814	109.44645	107.51151	108.46181	109.64621	106.08102	103.72523
6/19/2025	1:52:57 PM	103.07230	103.03326	106.10565	112.39201	111.94521	112.95159	110.65273	110.08867	109.10481	107.18276	108.11983	109.28731	105.78433	103.44677
6/19/2025	1:53:01 PM	102.78679	102.76263	105.81443	112.03775	111.60345	112.60287	110.32098	109.75841	108.76222	106.85143	107.77560	108.92763	105.48829	103.16941
6/19/2025	1:53:04 PM	102.50715	102.49781	105.52748	111.68942	111.27015	112.26296	109.99987	109.44281	108.43192	106.53769	107.44960	108.58618	105.20733	102.90870
6/19/2025	1:53:08 PM	102.23507	102.24120	105.24987	111.35102	110.94414	111.93257	109.68840	109.13152	108.10580	106.22761	107.12996	108.25162	104.92806	102.64960
6/19/2025	1:53:11 PM	101.97210	101.99129	104.97770	111.01936	110.62366	111.60646	109.38075	108.82536	107.78646	105.92636	106.81412	107.91928	104.65427	102.39632
6/19/2025	1:53:15 PM	101.71768	101.74977	104.71379	110.69412	110.30972	111.28570	109.07855	108.52580	107.47252	105.62789	106.50213	107.59104	104.38233	102.14398
6/19/2025	1:53:18 PM	101.45736	101.50325	104.44503	110.36840	109.99383	110.96298	108.77410	108.22220	107.15705	105.32975	106.19440	107.26712	104.11300	101.89426
6/19/2025	1:53:22 PM	101.19989	101.25938	104.17981	110.04589	109.67983	110.64416	108.47468	107.92310	106.84733	105.03811	105.88977	106.94811	103.84664	101.64644
6/19/2025	1:53:25 PM	100.94919	101.02096	103.91927	109.73118	109.37570	110.33120	108.18314	107.63517	106.54693	104.74998	105.59397	106.63654	103.58764	101.40714
6/19/2025	1:53:29 PM	100.70493	100.79276	103.66665	109.42082	109.07433	110.02226	107.89237	107.34459	106.24415	104.46383	105.29494	106.31938	103.32433	101.16347
6/19/2025	1:53:32 PM	100.45829	100.56058	103.41354	109.11300	108.77751	109.71693	107.60621	107.06278	105.95309	104.18676	105.00832	106.01538	103.07105	100.92916
6/19/2025	1:53:36 PM	100.21446	100.33086	103.16499	108.81380	108.48712	109.42049	107.33063	106.78726	105.66959	103.91666	104.72971	105.71928	102.82328	100.70197
6/19/2025	1:53:39 PM	99.97409	100.10355	102.91780	108.51289	108.19414	109.11729	107.04755	106.50869	105.38247	103.64264	104.44604	105.41812	102.57152	100.46937
6/19/2025	1:53:43 PM	99.73740	99.88081	102.67276	108.21433	107.90512	108.82421	106.77616	106.23697	105.10229	103.37958	104.17582	105.13206	102.33082	100.24903
6/19/2025	1:53:46 PM	99.51584	99.67063	102.44279	107.93593	107.63392	108.54643	106.51703	105.98188	104.84028	103.13120	103.91638	104.85886	102.09862	100.03728
6/19/2025	1:53:50 PM	99.29593	99.46082	102.21008	107.65347	107.35978	108.26550	106.25489	105.72223	104.57625	102.87804	103.65252	104.57945	101.86308	99.82198
6/19/2025	1:53:53 PM	99.07584	99.25293	101.98019	107.37377	107.08715	107.98518	105.99569	105.46597	104.31401	102.62736	103.39576	104.30769	101.63307	99.61162
6/19/2025	1:53:57 PM	98.85988	99.04537	101.74971	107.09450	106.81541	107.70670	105.73655	105.21027	104.05322	102.37970	103.13802	104.03449	101.40186	99.39941
6/19/2025	1:54:00 PM	98.64392	98.84385	101.52413	106.81960	106.54662	107.42938	105.47883	104.95425	103.79367	102.13435	102.88579	103.76647	101.17468	99.19310
6/19/2025	1:54:04 PM	98.43863	98.64724	101.30538	106.55165	106.28634	107.16200	105.23080	104.70968	103.54634	101.90339	102.64482	103.51138	100.95956	98.99742
6/19/2025	1:54:07 PM	98.23462	98.45041	101.08751	106.28759	106.02994	106.89964	104.98794	104.46691	103.29832	101.67137	102.40285	103.25600	100.73832	98.79406
6/19/2025	1:54:11 PM	98.03283	98.25870	100.87112	106.02138	105.76928	106.62975	104.73692	104.22026	103.04959	101.43630	102.16051	103.00043	100.51742	98.59534
6/19/2025	1:54:14 PM	97.83379	98.06730	100.65791	105.76167	105.51465	106.36826	104.49385	103.97578	102.80546	101.20442	101.92123	102.74741	100.29806	98.39809
6/19/2025	1:54:18 PM	97.63245	97.87532	100.44259	105.49918	105.25901	106.10543	104.24926	103.73551	102.56298	100.97525	101.68382	102.49908	100.08360	98.20298
6/19/2025	1:54:21 PM	97.44322	97.69321	100.23836	105.24895	105.01615	105.85729	104.01809	103.50719	102.33550	100.76043	101.45852	102.26476	99.87910	98.01911
6/19/2025	1:54:25 PM	97.25498	97.51314	100.03661	105.00280	104.77431	105.60653	103.78559	103.27656	102.10512	100.54499	101.23440	102.02692	99.67585	97.83459
6/19/2025	1:54:28 PM	97.06917	97.33774	99.83736	104.75642	104.53358	105.35714	103.55564	103.04821	101.87472	100.32785	101.01028	101.79108	99.47161	97.64962
6/19/2025	1:54:32 PM	96.88282	97.16102	99.63712	104.50967	104.29191	105.10603	103.32400	102.82141	101.64748	100.11222	100.78883	101.55786	99.26946	97.46501
6/19/2025	1:54:35 PM	96.70307	96.98825	99.44101	104.26952	104.05744	104.86319	103.09954	102.59937	101.42773	99.90429	100.57305	101.33034	99.07251	97.28602
6/19/2025	1:54:39 PM	96.52281	96.81544	99.24508	104.02860	103.82195	104.61815	102.87214	102.37426	101.20250	99.69258	100.35264	101.10045	98.87034	97.10218
6/19/2025	1:54:42 PM	96.34316	96.64428	99.05096	103.79076	103.58829	104.37649	102.64974	102.15462	100.98398	99.48415	100.14006	100.87764	98.67633	96.92521
6/19/2025	1:54:46 PM	96.16624	96.47511	98.85873	103.55567	103.35739	104.13532	102.42667	101.93672	100.76511	99.27797	99.92705	100.65243	98.47755	96.74380
6/19/2025	1:54:49 PM	95.98939	96.30571	98.66591	103.31984	103.12757	103.89755	102.20489	101.71801	100.54905	99.07201	99.71439	100.43006	98.28295	96.56391
6/19/2025	1:54:53 PM	95.81297	96.13596	98.47409	103.08639	102.89913	103.65963	101.98402	101.49964	100.33211	98.86789	99.50334	100.20599	98.08737	96.38518
6/19/2025	1:54:56 PM	95.63484	95.96686	98.28212	102.85462	102.67098	103.42497	101.76624	101.28407	100.12221	98.67006	99.29860	99.99291	97.89991	96.21267
6/19/2025	1:55:00 PM	95.46401	95.80356	98.09447	102.62595	102.44764	103.19247	101.55144	101.07173	99.91026	98.47109	99.09096	99.77644	97.70849	96.03941
6/19/2025	1:55:03 PM	95.29644	95.64543	97.91415	102.40490	102.23013	102.96653	101.34257	100.86601	99.70654	98.27839	98.89282	99.57014	97.52482	95.87114
6/19/2025	1:55:07 PM	95.13128	95.48879	97.73286	102.18138	102.01246	102.74190	101.13501	100.66166	99.50640	98.09184	98.69933	99.36577	97.34616	95.70806
6/19/2025	1:55:10 PM	94.97017	95.33496	97.55784	101.96793	101.80186	102.52336	100.93233	100.46253	99.30912	97.90642	98.50842	99.16269	97.16681	95.54457
6/19/2025	1:55:14 PM	94.80974	95.18259	97.38107	101.75098	101.58939	102.30241	100.72668	100.26040	99.10950	97.71988	98.31478	98.96076	96.98740	95.37968
6/19/2025	1:55:17 PM	94.65230	95.02800	97.20535	101.53566	101.37856	102.08447	100.52458	100.06136	98.91553	97.53656	98.12205	98.76242	96.81204	95.21979
6/19/2025	1:55:21 PM	94.49476	94.87817	97.03233	101.32330	101.16933	101.86772	100.32260	99.86301	98.72009	97.35509	97.93011	98.56338	96.63570	95.05896
6/19/2025	1:55:24 PM	94.34066	94.72813	96.85932	101.11390	100.96389	101.65516	100.12581	99.67186	98.53167	97.17993	97.74677	98.37244	96.46605	94.90429
6/19/2025	1:55:28 PM	94.18674	94.57771	96.68718	100.90423	100.75748	101.44063	99.92465	99.47386	98.33800	96.99958	97.55450	98.17712	96.29104	94.74527
6/19/2025	1:55:31 PM	94.03681	94.43585	96.52196	100.70130	100.55693	101.23329	99.73201	99.28520	98.15347	96.82679	97.37272	97.98815	96.12339	94.59315
6/19/2025	1:55:35 PM	93.88722	94.29412	96.35675	100.49994	100.36098	101.03118	99.54393	99.10097	97.97389	96.65928	97.19723	97.80603	95.96090	94.44492
6/19/2025	1:55:38 PM	93.74184	94.15332	96.19613	100.30127	100.16462	100.82832	99.35365	98.91362	97.78940	96.48668	97.01856	97.62156	95.79614	94.29396
6/19/2025	1:55:42 PM	93.59573	94.01355	96.03282	100.10251	99.96924	100.62650	99.16527	98.72965	97.60894	96.31660	96.83929	97.43794	95.63041	94.14184
6/19/2025	1:55:45 PM	93.45135	93.87600	95.87263	99.90486	99.77546	100.42638	98.98022	98.54716	97.43076	96.15209	96.66944	97.26338	95.47260	93.99749
6/19/2025	1:55:49 PM	93.31400	93.74138	95.71858	99.71539	99.58945	100.23448	98.80064	98.36930	97.25816	95.98871	96.49767	97.08670	95.31327	93.85243
6/19/2025	1:55:52 PM	93.17325	93.60622	95.56386	99.52485	99.40289	100.04147	98.61894	98.19150	97.08525	95.82856	96.33130	96.91126	95.15909	93.71175
6/19/2025	1:55:56 PM	93.03455	93.47183	95.40897	99.34758	99.21649	99.84894	98.43846	98.01542	96.91504	95.66836	96.16196	96.73658	95.00229	93.56965
6/19/2025	1:55:59 PM	92.89919	93.33946	95.25590	99.15836	99.03397	99.66106	98.25961	97.84052	96.74500	95.50649	95.99542	96.56531	94.84698	93.42528
6/19/2025	1:56:03 PM	92.76216	93.20557	95.09908	98.96871	98.84669	99.46725	98.07814	97.66501	96.57557	95.34812	95.82879	96.39334	94.69345	93.28617
6/19/2025	1:56:06 PM	92.63141	93.07923	94.95210	98.79157	98.67090	99.28577	97.90852	97.49931	96.41241	95.19600	95.67082	96.23104	94.54557	93.15029
6/19/2025	1:56:10 PM	92.49933	92.94788	94.80015	98.60880	98.49036	99.10085	97.73342	97.32854	96.24834	95.04253	95.50929	96.06329	94.39509	93.01247
6/19/2025	1:56:13 PM	92.37160	92.82136	94.65633	98.43313	98.31720	98.92312	97.56466	97.16290	96.08971	94.89317	95.35462	95.90533	94.25305	92.88212
6/19/2025	1:56:17 PM	92.24477	92.69783	94.51540	98.26252	98.14686	98.74784	97.39825	97.00147	95.93300	94.74585	95.19906	95.74566	94.10716	92.74838
6/19/2025	1:56:20 PM	92.11756	92.57459	94.37394	98.09019	97.97635	98.57080	97.23320	96.84168	95.77843	94.60037	95.04949	95.58681	93.96621	92.61842
6/19/2025	1:56:24 PM	91.99286	92.45613	94.23408	97.91967	97.80824	98.39751	97.07029	96.68165	95.62555	94.45738	94.90153	95.43368	93.82893	92.49244
6/19/2025	1:56:27 PM	91.87320	92.33822	94.09866	97.75402	97.64435	98.22876	96.90951	96.52507	95.47375	94.31587	94.75148	95.27850	93.68893	92.36522
6/19/2025	1:56:30 PM	91.74964	92.21690	93.95880	97.58456	97.47646	98.05459	96.74674	96.36692	95.32041	94.17187	94.60273	95.12261	93.54706	92.23482
6/19/2025	1:56:34 PM	91.62651	92.09788	93.81971	97.41599	97.30985	97.88495	96.58629	96.20718	95.16986	94.03110	94.45649	94.97355	93.41196	92.11127
6/19/2025	1:56:37 PM	91.50985	91.98262	93.68483	97.25092	97.14680	97.71715	96.42637	96.05235	95.02114	93.89046	94.31130	94.82194	93.27407	91.98317
6/19/2025	1:56:41 PM	91.39085	91.86987	93.55266	97.08906	96.98687	97.55228	96.27115	95.90047	94.87617	93.75237	94.16789	94.67532	93.14147	91.86130
6/19/2025	1:56:44 PM	91.27361	91.75644	93.41836	96.92510	96.82489	97.38758	96.11607	95.74833	94.72882	93.61617	94.02602	94.52944	93.00727	91.73794
6/19/2025	1:56:48 PM	91.15621	91.63910	93.28405	96.76110	96.66313	97.22170	95.95880	95.59315	94.58255	93.47667	93.88184	94.37964	92.87239	91.61425
6/19/2025	1:56:51 PM	91.03905	91.52598	93.15204	96.59917	96.50340	97.05804	95.80461	95.44284	94.43881	93.34175	93.74069	94.23460	92.73901	91.49303
6/19/2025	1:56:55 PM	90.92298	91.41359	93.02033	96.43962	96.34555	96.89669	95.65182	95.29245	94.29441	93.20505	93.60012	94.09024	92.60666	91.37131
6/19/2025	1:56:58 PM	90.80720	91.30152	92.89067	96.28002	96.18843	96.73591	95.50113	95.14381	94.15394	93.07238	93.46197	93.94803	92.47577	91.25175
6/19/2025	1:57:02 PM	90.69179	91.19218	92.76138	96.12368	96.03436	96.57810	95.35111	94.99729	94.01261	92.93974	93.32452	93.80808	92.34646	91.13330
6/19/2025	1:57:06 PM	90.57997	91.08235	92.63519	95.96947	95.88084	96.42231	95.20547	94.85322	93.87664	92.81136	93.19312	93.67175	92.22172	91.01924
6/19/2025	1:57:09 PM	90.47386	90.97759	92.51360	95.82074	95.73361	96.27084	95.06198	94.71115	93.74103	92.68434	93.05914	93.53271	92.09483	90.90200
6/19/2025	1:57:12 PM	90.36219	90.86873	92.38703	95.66756	95.58167	96.11630	94.91683	94.56979	93.60584	92.55964	92.92887	93.39897	91.97370	90.79023
6/19/2025	1:57:16 PM	90.25580	90.76433	92.26664	95.51927	95.43419	95.96659	94.77423	94.42893	93.47452	92.43247	92.79792	93.26475	91.85025	90.67709
6/19/2025	1:57:19 PM	90.15017	90.66233	92.14504	95.37102	95.28701	95.81651	94.63344	94.29060	93.34104	92.30814	92.66839	93.13148	91.72850	90.56479
6/19/2025	1:57:23 PM	90.04381	90.55986	92.02598	95.22592	95.14094	95.66879	94.49446	94.15289	93.21375	92.18906	92.54252	93.00359	91.60993	90.45717
6/19/2025	1:57:26 PM	89.93891	90.45912	91.90773	95.08131	94.99698	95.52325	94.35715	94.01757	93.08376	92.06724	92.41575	92.87145	91.49009	90.34751
6/19/2025	1:57:30 PM	89.83661	90.36089	91.79447	94.94343	94.85926	95.38263	94.22393	93.88321	92.95747	91.94794	92.29205	92.74348	91.37460	90.24082
6/19/2025	1:57:33 PM	89.73478	90.26373	91.67853	94.80181	94.71788	95.23870	94.08778	93.74843	92.83019	91.82904	92.16957	92.61725	91.25972	90.13589
6/19/2025	1:57:37 PM	89.63607	90.16714	91.56644	94.66480	94.58231	95.10019	93.95541	93.61782	92.70756	91.71254	92.04895	92.49252	91.14451	90.02899
6/19/2025	1:57:41 PM	89.53948	90.07497	91.45794	94.52875	94.44736	94.96316	93.82675	93.48995	92.58639	91.59947	91.93120	92.37081	91.03489	89.92690
6/19/2025	1:57:44 PM	89.44113	89.98197	91.34739	94.39350	94.31320	94.82666	93.69625	93.36057	92.46603	91.48478	91.81472	92.25030	90.92228	89.82398
6/19/2025	1:57:47 PM	89.34402	89.88888	91.23723	94.25881	94.17906	94.69010	93.56785	93.23222	92.34687	91.37413	91.69739	92.13085	90.81113	89.72182
6/19/2025	1:57:51 PM	89.24656	89.79354	91.12583	94.12313	94.04453	94.55349	93.43912	93.10494	92.22796	91.25950	91.57811	92.00901	90.69824	89.61861
6/19/2025	1:57:55 PM	89.15072	89.69893	91.01696	93.99082	93.91371	94.41950	93.31321	92.98090	92.11285	91.15049	91.46773	91.89427	90.59107	89.51907
6/19/2025	1:57:58 PM	89.05884	89.60827	90.91019	93.86200	93.78389	94.28844	93.18956	92.85631	91.99610	91.04059	91.35561	91.77867	90.48440	89.41963
6/19/2025	1:58:01 PM	88.96624	89.51711	90.80375	93.73097	93.65394	94.15511	93.06314	92.73287	91.88029	90.93109	91.24297	91.66431	90.37664	89.32091
6/19/2025	1:58:05 PM	88.87420	89.42741	90.69814	93.60240	93.52613	94.02636	92.94092	92.61055	91.76523	90.82294	91.13234	91.54881	90.26885	89.22243
6/19/2025	1:58:08 PM	88.78267	89.33758	90.59316	93.47495	93.39975	93.89715	92.82083	92.49144	91.65182	90.71818	91.02237	91.43837	90.16435	89.12782
6/19/2025	1:58:12 PM	88.69251	89.24867	90.48974	93.34832	93.27399	93.76902	92.69989	92.37228	91.54079	90.61263	90.91116	91.32492	90.05779	89.02969
6/19/2025	1:58:16 PM	88.60430	89.16396	90.38922	93.22604	93.15374	93.64618	92.58432	92.25697	91.43322	90.51135	90.80754	91.21792	89.95717	88.93864
6/19/2025	1:58:19 PM	88.51758	89.07956	90.28948	93.10484	93.03197	93.52313	92.46791	92.14132	91.32368	90.41030	90.70028	91.10894	89.85473	88.84566
6/19/2025	1:58:23 PM	88.43419	88.99684	90.19213	92.98556	92.91376	93.40145	92.35458	92.02932	91.21814	90.31074	90.59847	91.00450	89.75647	88.75556
6/19/2025	1:58:26 PM	88.35243	88.91459	90.09649	92.86676	92.79629	93.28186	92.24197	91.91893	91.11648	90.21427	90.49819	90.89975	89.66119	88.66810
6/19/2025	1:58:29 PM	88.27186	88.83521	90.00420	92.75344	92.68336	93.16733	92.13387	91.81227	91.01584	90.12120	90.40006	90.79858	89.56733	88.58282
6/19/2025	1:58:33 PM	88.19176	88.75787	89.91172	92.63979	92.57175	93.05356	92.02684	91.70414	90.91649	90.02666	90.30084	90.69579	89.47037	88.49537
6/19/2025	1:58:36 PM	88.10732	88.67697	89.81556	92.52178	92.45435	92.93423	91.91500	91.59249	90.81112	89.92986	90.19951	90.59196	89.37307	88.40785
6/19/2025	1:58:40 PM	88.02691	88.59813	89.72288	92.40872	92.34162	92.81908	91.80642	91.48549	90.71100	89.83540	90.10088	90.49058	89.27872	88.32149
6/19/2025	1:58:43 PM	87.94457	88.51839	89.62869	92.29431	92.22840	92.70310	91.69703	91.37689	90.60926	89.73971	90.00192	90.38976	89.18394	88.23516
6/19/2025	1:58:47 PM	87.86583	88.44018	89.53776	92.18269	92.11788	92.59093	91.59174	91.27357	90.51375	89.64907	89.90795	90.29168	89.09373	88.15219
6/19/2025	1:58:50 PM	87.78818	88.36425	89.44714	92.07221	92.00790	92.47863	91.48555	91.16759	90.41536	89.55619	89.81112	90.19374	89.00116	88.06731
6/19/2025	1:58:54 PM	87.70999	88.28615	89.35603	91.96140	91.89812	92.36645	91.38039	91.06379	90.31830	89.46660	89.71752	90.09764	88.91150	87.98457
6/19/2025	1:58:57 PM	87.63325	88.21073	89.26821	91.85271	91.79128	92.25744	91.27736	90.96030	90.22473	89.37919	89.62551	90.00220	88.82399	87.90457
6/19/2025	1:59:01 PM	87.55680	88.13854	89.18179	91.74698	91.68639	92.15097	91.17718	90.86165	90.13169	89.29200	89.53582	89.90950	88.73799	87.82547
6/19/2025	1:59:04 PM	87.48302	88.06692	89.09599	91.64155	91.58169	92.04449	91.07792	90.76242	90.03864	89.20555	89.44529	89.81449	88.65119	87.74654
6/19/2025	1:59:08 PM	87.40970	87.99535	89.01240	91.53831	91.47921	91.93958	90.97930	90.66399	89.94683	89.12051	89.35599	89.72308	88.56681	87.66824
6/19/2025	1:59:11 PM	87.33821	87.92593	88.92944	91.43631	91.37839	91.83674	90.88226	90.56842	89.85767	89.03672	89.26840	89.63376	88.48475	87.59266
6/19/2025	1:59:15 PM	87.26727	87.85589	88.84729	91.33555	91.27823	91.73511	90.78690	90.47517	89.77017	88.95577	89.18390	89.54596	88.40388	87.51783
6/19/2025	1:59:18 PM	87.19953	87.78950	88.76884	91.23909	91.18325	91.63855	90.69596	90.38331	89.68535	88.87674	89.10009	89.46206	88.32525	87.44578
6/19/2025	1:59:21 PM	87.13198	87.72203	88.69027	91.14191	91.08543	91.53832	90.60167	90.28970	89.59925	88.79449	89.01462	89.37365	88.24455	87.37153
6/19/2025	1:59:25 PM	87.06317	87.65386	88.60990	91.04337	90.98844	91.43962	90.50896	90.19794	89.51507	88.71575	88.93364	89.28986	88.16720	87.29952
6/19/2025	1:59:28 PM	86.99737	87.58918	88.53361	90.94967	90.89532	91.34468	90.42016	90.10948	89.43189	88.63774	88.85193	89.20636	88.09021	87.22929
6/19/2025	1:59:32 PM	86.93153	87.52477	88.45699	90.85528	90.80186	91.24980	90.33009	90.02029	89.35004	88.56179	88.77145	89.12314	88.01369	87.15947
6/19/2025	1:59:35 PM	86.86631	87.46167	88.38184	90.76238	90.70941	91.15590	90.24193	89.93218	89.26763	88.48451	88.69130	89.04137	87.93784	87.08912
6/19/2025	1:59:39 PM	86.80018	87.39714	88.30640	90.66888	90.61695	91.06193	90.15229	89.84391	89.18675	88.40851	88.61105	88.95902	87.86084	87.01828
6/19/2025	1:59:42 PM	86.73577	87.33243	88.22999	90.57562	90.52394	90.96736	90.06366	89.75592	89.10502	88.33231	88.53293	88.87954	87.78655	86.95040
6/19/2025	1:59:46 PM	86.67464	87.27211	88.15842	90.48731	90.43690	90.87794	89.97963	89.67344	89.02770	88.25972	88.45516	88.80113	87.71359	86.88278
6/19/2025	1:59:49 PM	86.61083	87.20906	88.08432	90.39564	90.34615	90.78589	89.89281	89.58656	88.94781	88.18458	88.37680	88.72242	87.64087	86.81490
6/19/2025	1:59:53 PM	86.54899	87.14801	88.01121	90.30591	90.25523	90.69297	89.80638	89.50047	88.86843	88.11150	88.29897	88.64181	87.56644	86.74628
6/19/2025	1:59:56 PM	86.48724	87.08503	87.93862	90.21765	90.16828	90.60535	89.72376	89.41775	88.79201	88.03977	88.22495	88.56760	87.49640	86.68258
6/19/2025	2:00:00 PM	86.42540	87.02254	87.86766	90.12982	90.08103	90.51601	89.64040	89.33469	88.71564	87.96847	88.14988	88.49146	87.42483	86.61800
6/19/2025	2:00:03 PM	86.36562	86.96106	87.79718	90.04385	89.99618	90.42950	89.55784	89.25323	88.64003	87.89765	88.07519	88.41478	87.35436	86.55314
6/19/2025	2:00:07 PM	86.30610	86.90247	87.72867	89.95988	89.91131	90.34334	89.47715	89.17265	88.56596	87.82819	88.00370	88.34114	87.28524	86.49005
6/19/2025	2:00:10 PM	86.24611	86.84330	87.65900	89.87409	89.82619	90.25670	89.39518	89.09279	88.49209	87.75874	87.93003	88.26511	87.21528	86.42546
6/19/2025	2:00:14 PM	86.18651	86.78482	87.58974	89.78983	89.74332	90.17213	89.31528	89.01332	88.41838	87.69004	87.85743	88.19106	87.14643	86.36262
6/19/2025	2:00:17 PM	86.12820	86.72773	87.52233	89.70698	89.65996	90.08776	89.23648	88.93405	88.34608	87.62181	87.78641	88.11906	87.07833	86.30056
6/19/2025	2:00:21 PM	86.07109	86.67079	87.45596	89.62585	89.57908	90.00572	89.15951	88.85699	88.27522	87.55692	87.71787	88.04929	87.01264	86.24041
6/19/2025	2:00:24 PM	86.01578	86.61488	87.39054	89.54539	89.49906	89.92391	89.08302	88.78144	88.20526	87.49088	87.64854	87.97826	86.94766	86.18072
6/19/2025	2:00:28 PM	85.95987	86.55999	87.32582	89.46619	89.41880	89.84258	89.00622	88.70570	88.13561	87.42558	87.58024	87.90852	86.88210	86.12056
6/19/2025	2:00:31 PM	85.90490	86.50579	87.26000	89.38593	89.33947	89.76093	88.92957	88.62979	88.06550	87.36041	87.51121	87.83824	86.81625	86.06030
6/19/2025	2:00:35 PM	85.84980	86.45102	87.19578	89.30701	89.26098	89.68159	88.85522	88.55529	87.99611	87.29602	87.44397	87.76895	86.75231	86.00142
6/19/2025	2:00:38 PM	85.79498	86.39727	87.13226	89.22918	89.18338	89.60269	88.78134	88.48120	87.92795	87.23184	87.37818	87.70009	86.68874	85.94252
6/19/2025	2:00:42 PM	85.74139	86.34473	87.06998	89.15336	89.10810	89.52561	88.70924	88.41089	87.86313	87.17078	87.31378	87.63396	86.62772	85.88618
6/19/2025	2:00:45 PM	85.68780	86.29265	87.00798	89.07746	89.03231	89.44861	88.63713	88.33890	87.79703	87.10876	87.24908	87.56779	86.56585	85.82988
6/19/2025	2:00:49 PM	85.63532	86.24029	86.94708	89.00286	88.95834	89.37201	88.56614	88.26826	87.73189	87.04874	87.18519	87.50310	86.50549	85.77470
6/19/2025	2:00:52 PM	85.58533	86.19061	86.88809	88.93038	88.88558	89.29952	88.49694	88.20002	87.66882	86.98999	87.12440	87.44018	86.44726	85.72115
6/19/2025	2:00:56 PM	85.53485	86.14187	86.82930	88.85794	88.81317	89.22573	88.42739	88.13133	87.60557	86.93061	87.06231	87.37629	86.38853	85.66663
6/19/2025	2:00:59 PM	85.48397	86.09250	86.76998	88.78501	88.74090	89.15123	88.35808	88.06312	87.54216	86.87230	87.00077	87.31228	86.32935	85.61249
6/19/2025	2:01:03 PM	85.43490	86.04400	86.71245	88.71458	88.66943	89.07933	88.28982	87.99493	87.47990	86.81374	86.93932	87.25115	86.27173	85.55966
6/19/2025	2:01:06 PM	85.38546	85.99536	86.65470	88.64380	88.60019	89.00849	88.22455	87.92941	87.41983	86.75687	86.88037	87.18971	86.21404	85.50767
6/19/2025	2:01:10 PM	85.33582	85.94661	86.59754	88.57408	88.53022	88.93682	88.15750	87.86337	87.35789	86.69961	86.82011	87.12810	86.15686	85.45488
6/19/2025	2:01:13 PM	85.28854	85.89930	86.54158	88.50499	88.46152	88.86683	88.09210	87.79867	87.29823	86.64373	86.76208	87.06824	86.10136	85.40417
6/19/2025	2:01:17 PM	85.24180	85.85324	86.48669	88.43780	88.39449	88.79851	88.02880	87.73546	87.24013	86.58907	86.70474	87.00926	86.04689	85.35365
6/19/2025	2:01:20 PM	85.19528	85.80842	86.43234	88.37109	88.32778	88.73013	87.96447	87.67131	87.18120	86.53497	86.64819	86.95029	85.99259	85.30337
6/19/2025	2:01:24 PM	85.14896	85.76208	86.37819	88.30509	88.26209	88.66343	87.90136	87.60905	87.12415	86.48055	86.59142	86.89284	85.93856	85.25475
6/19/2025	2:01:27 PM	85.10241	85.71627	86.32398	88.23880	88.19578	88.59661	87.83843	87.54613	87.06594	86.42679	86.53501	86.83390	85.88361	85.20410
6/19/2025	2:01:31 PM	85.05644	85.67105	86.27052	88.17338	88.13099	88.53022	87.77646	87.48462	87.01022	86.37422	86.48056	86.77794	85.83146	85.15657
6/19/2025	2:01:34 PM	85.01203	85.62689	86.21829	88.10954	88.06762	88.46564	87.71637	87.42530	86.95447	86.32234	86.42626	86.72203	85.78006	85.10922
6/19/2025	2:01:38 PM	84.96747	85.58339	86.16661	88.04575	88.00376	88.40093	87.65589	87.36499	86.89985	86.27082	86.37254	86.66762	85.72852	85.06217
6/19/2025	2:01:41 PM	84.92521	85.54156	86.11639	87.98453	87.94277	88.33782	87.59704	87.30710	86.84605	86.22048	86.32047	86.61433	85.67859	85.01631
6/19/2025	2:01:45 PM	84.88192	85.49862	86.06586	87.92236	87.88127	88.27601	87.53849	87.24852	86.79275	86.17057	86.26779	86.55989	85.62817	84.97005
6/19/2025	2:01:48 PM	84.84014	85.45675	86.01575	87.86066	87.81877	88.21229	87.47936	87.18959	86.73793	86.11949	86.21440	86.50474	85.57730	84.92284
6/19/2025	2:01:52 PM	84.79652	85.41415	85.96446	87.79820	87.75716	88.14910	87.42032	87.13154	86.68489	86.06944	86.16261	86.45201	85.52700	84.87692
6/19/2025	2:01:55 PM	84.75390	85.37206	85.91538	87.73796	87.69664	88.08739	87.36233	87.07362	86.63154	86.02054	86.11073	86.39851	85.47749	84.83198
6/19/2025	2:01:59 PM	84.71203	85.33001	85.86544	87.67743	87.63663	88.02707	87.30583	87.01810	86.58023	85.97196	86.06108	86.34601	85.42892	84.78643
6/19/2025	2:02:02 PM	84.66960	85.28917	85.81705	87.61796	87.57644	87.96536	87.24830	86.96059	86.52744	85.92224	86.00981	86.29403	85.38035	84.74158
6/19/2025	2:02:06 PM	84.62670	85.24790	85.76768	87.55781	87.51700	87.90466	87.19121	86.90491	86.47608	85.87437	85.95996	86.24350	85.33217	84.69751
6/19/2025	2:02:09 PM	84.58538	85.20704	85.71923	87.49830	87.45726	87.84289	87.13359	86.84736	86.42382	85.82584	85.90889	86.19116	85.28321	84.65190
6/19/2025	2:02:13 PM	84.54512	85.16684	85.67156	87.44021	87.39891	87.78398	87.07856	86.79269	86.37441	85.77917	85.86125	86.14342	85.23726	84.61011
6/19/2025	2:02:16 PM	84.50674	85.12863	85.62572	87.38428	87.34288	87.72649	87.02528	86.74044	86.32555	85.73390	85.81445	86.09611	85.19252	84.56910
6/19/2025	2:02:20 PM	84.46897	85.09017	85.57955	87.32720	87.28605	87.66930	86.97138	86.68704	86.27615	85.68810	85.76564	86.04603	85.14618	84.52573
6/19/2025	2:02:23 PM	84.42939	85.05160	85.53395	87.27166	87.23057	87.61151	86.91717	86.63325	86.22690	85.64165	85.71858	85.99633	85.09988	84.48331
6/19/2025	2:02:27 PM	84.39047	85.01352	85.48829	87.21624	87.17492	87.55562	86.86476	86.58150	86.17970	85.59751	85.67241	85.94937	85.05599	84.44234
6/19/2025	2:02:30 PM	84.35256	84.97545	85.44313	87.16100	87.12091	87.50021	86.81271	86.53010	86.13230	85.55333	85.62629	85.90290	85.01231	84.40221
6/19/2025	2:02:34 PM	84.31503	84.93817	85.39972	87.10787	87.06758	87.44476	86.76177	86.47934	86.08537	85.50966	85.58019	85.85531	84.96807	84.36139
6/19/2025	2:02:37 PM	84.27770	84.90175	85.35675	87.05513	87.01489	87.39099	86.71150	86.42915	86.03907	85.46623	85.53604	85.80998	84.92691	84.32272
6/19/2025	2:02:41 PM	84.24208	84.86713	85.31545	87.00494	86.96468	87.34083	86.66325	86.38212	85.99474	85.42460	85.49289	85.76639	84.88563	84.28510
6/19/2025	2:02:44 PM	84.20756	84.83213	85.27433	86.95471	86.91467	87.28963	86.61584	86.33495	85.95163	85.38479	85.45098	85.72321	84.84581	84.24798
6/19/2025	2:02:47 PM	84.17348	84.79809	85.23331	86.90425	86.86492	87.23891	86.56834	86.28764	85.90792	85.34401	85.40819	85.68008	84.80498	84.21058
6/19/2025	2:02:51 PM	84.13821	84.76376	85.19300	86.85470	86.81527	87.18864	86.52082	86.24051	85.86474	85.30314	85.36635	85.63668	84.76531	84.17334
6/19/2025	2:02:54 PM	84.10393	84.72954	85.15274	86.80540	86.76618	87.13848	86.47413	86.19425	85.82218	85.26329	85.32479	85.59401	84.72612	84.13771
6/19/2025	2:02:58 PM	84.07082	84.69634	85.11342	86.75670	86.71805	87.08939	86.42794	86.14802	85.78001	85.22375	85.28338	85.55180	84.68695	84.10124
6/19/2025	2:03:01 PM	84.03817	84.66393	85.07437	86.70862	86.67016	87.04020	86.38287	86.10302	85.73858	85.18507	85.24317	85.51119	84.64871	84.06624
6/19/2025	2:03:05 PM	84.00593	84.63185	85.03654	86.66245	86.62446	86.99410	86.33882	86.05969	85.69824	85.14714	85.20321	85.46984	84.60968	84.03103
6/19/2025	2:03:08 PM	83.97271	84.59923	84.99798	86.61544	86.57724	86.94595	86.29442	86.01631	85.65804	85.10945	85.16510	85.43021	84.57275	83.99762
6/19/2025	2:03:12 PM	83.94099	84.56833	84.96099	86.56983	86.53148	86.89956	86.25033	85.97211	85.61754	85.07227	85.12509	85.39015	84.53526	83.96308
6/19/2025	2:03:15 PM	83.91000	84.53730	84.92434	86.52535	86.48676	86.85470	86.20809	85.92992	85.57888	85.03593	85.08812	85.35175	84.49882	83.92986
6/19/2025	2:03:19 PM	83.87888	84.50698	84.88778	86.47965	86.44202	86.80822	86.16488	85.88684	85.53907	84.99913	85.04905	85.31178	84.46214	83.89608
6/19/2025	2:03:22 PM	83.84749	84.47566	84.85049	86.43373	86.39701	86.76270	86.12239	85.84495	85.50018	84.96240	85.01143	85.27348	84.42510	83.86226
6/19/2025	2:03:26 PM	83.81733	84.44499	84.81479	86.38990	86.35313	86.71896	86.08072	85.80411	85.46223	84.92733	84.97419	85.23604	84.39001	83.83023
6/19/2025	2:03:29 PM	83.78708	84.41473	84.77846	86.34621	86.30960	86.67429	86.03843	85.76208	85.42429	84.89166	84.93718	85.19824	84.35403	83.79785
6/19/2025	2:03:33 PM	83.75728	84.38601	84.74360	86.30342	86.26662	86.63082	85.99829	85.72272	85.38757	84.85750	84.90119	85.16086	84.31939	83.76651
6/19/2025	2:03:36 PM	83.72755	84.35669	84.70932	86.26078	86.22504	86.58764	85.95842	85.68237	85.35065	84.82337	84.86574	85.12380	84.28552	83.73526
6/19/2025	2:03:40 PM	83.69814	84.32765	84.67505	86.21869	86.18305	86.54572	85.91779	85.64294	85.31402	84.78847	84.82978	85.08689	84.25104	83.70365
6/19/2025	2:03:43 PM	83.66792	84.29826	84.64048	86.17649	86.14096	86.50309	85.87803	85.60316	85.27751	84.75415	84.79421	85.05017	84.21768	83.67295
6/19/2025	2:03:47 PM	83.63898	84.26946	84.60635	86.13526	86.09982	86.46104	85.83816	85.56361	85.24120	84.71978	84.75912	85.01390	84.18327	83.64071
6/19/2025	2:03:50 PM	83.61033	84.24045	84.57236	86.09372	86.05785	86.41878	85.79875	85.52419	85.20449	84.68640	84.72355	84.97823	84.14998	83.61032
6/19/2025	2:03:54 PM	83.58279	84.21197	84.53879	86.05268	86.01777	86.37808	85.75976	85.48591	85.16945	84.65351	84.69015	84.94405	84.11785	83.58054
6/19/2025	2:03:57 PM	83.55497	84.18530	84.50709	86.01365	85.97862	86.33865	85.72291	85.44943	85.13539	84.62173	84.65759	84.91080	84.08685	83.55184
6/19/2025	2:04:01 PM	83.52834	84.15873	84.47518	85.97465	85.93990	86.29893	85.68512	85.41249	85.10116	84.59037	84.62458	84.87661	84.05495	83.52233
6/19/2025	2:04:04 PM	83.50208	84.13211	84.44345	85.93571	85.90098	86.25885	85.64809	85.37596	85.06778	84.55911	84.59173	84.84392	84.02305	83.49387
6/19/2025	2:04:08 PM	83.47580	84.10639	84.41241	85.89765	85.86278	86.22087	85.61210	85.34019	85.03460	84.52811	84.56003	84.81136	83.99304	83.46595
6/19/2025	2:04:11 PM	83.45049	84.08066	84.38152	85.86021	85.82566	86.18318	85.57635	85.30487	85.00250	84.49803	84.52917	84.77914	83.96279	83.43814
6/19/2025	2:04:15 PM	83.42576	84.05594	84.35168	85.82331	85.78954	86.14688	85.54150	85.27045	84.96854	84.46817	84.49971	84.74785	83.93371	83.41014
6/19/2025	2:04:18 PM	83.40074	84.03120	84.32228	85.78755	85.75311	86.10908	85.50709	85.23628	84.93893	84.43909	84.46617	84.70549	83.90482	83.38497
6/19/2025	2:04:22 PM	83.24241	83.90749	84.15423	85.51548	85.06699	85.74281	85.00342	84.42064	84.15252	77.32057	77.10394	81.42531	79.29505	82.22199
6/19/2025	2:04:25 PM	77.25339	82.78904	83.25155	84.19622	83.97310	84.52806	84.08628	83.63200	77.59439	77.12048	77.15077	77.09892	76.51765	76.71719
6/19/2025	2:04:29 PM	77.13341	77.96843	77.18455	77.08194	77.04094	77.02753	77.13615	77.08737	77.11139	77.16420	77.12227	77.12643	76.58016	76.65932
6/19/2025	2:04:32 PM	77.16617	77.97041	77.17510	77.07851	77.03562	77.03057	77.12996	77.08368	77.10176	77.17514	77.11225	77.11763	76.57365	76.65736
