9/24/2025	4:37:22 PM	77.11743	77.12604	77.21865	77.17453	77.19536	77.13675	77.11088	77.14861	77.12811	77.19141	77.19196	77.13465	76.58090	76.57750
9/24/2025	4:37:26 PM	77.11714	77.12588	77.21882	77.17453	77.19529	77.13655	77.11047	77.14927	77.12838	77.19160	77.19130	77.13508	76.58082	76.57617
9/24/2025	4:37:29 PM	77.11700	77.12562	77.21864	77.17429	77.19586	77.13670	77.11088	77.14909	77.12865	77.19216	77.19273	77.13524	76.58126	76.57739
9/24/2025	4:37:33 PM	77.11741	77.12666	77.21916	77.17480	77.19596	77.13710	77.11104	77.15041	77.12959	77.19238	77.19302	77.13579	76.58173	76.57747
9/24/2025	4:37:36 PM	77.11725	77.12634	77.21870	77.17407	77.19570	77.13719	77.11119	77.14969	77.12852	77.19197	77.19237	77.13532	76.58118	76.57805
9/24/2025	4:37:40 PM	77.11748	77.12643	77.21868	77.17454	77.19546	77.13671	77.11037	77.14912	77.12818	77.19169	77.19203	77.13514	76.58135	76.57763
9/24/2025	4:37:43 PM	77.11738	77.12632	77.21906	77.17456	77.19557	77.13709	77.11068	77.14985	77.12797	77.19175	77.19256	77.13588	76.58149	76.57576
9/24/2025	4:37:47 PM	77.11734	77.12630	77.21884	77.17475	77.19583	77.13745	77.11194	77.15007	77.12878	77.19143	77.19229	77.13572	76.58163	76.57801
9/24/2025	4:37:51 PM	77.11737	77.12589	77.21853	77.17396	77.19475	77.13568	77.11026	77.14875	77.12687	77.19056	77.19083	77.13410	76.58035	76.57699
9/24/2025	4:37:54 PM	77.11614	77.12522	77.21758	77.17291	77.19398	77.13566	77.10998	77.14899	77.12733	77.19085	77.19125	77.13446	76.58100	76.57729
9/24/2025	4:37:58 PM	77.11629	77.12585	77.21794	77.17304	77.19414	77.13539	77.10905	77.14745	77.12640	77.19015	77.19073	77.13700	76.57981	76.57642
9/24/2025	4:38:01 PM	77.11956	77.12609	77.21626	77.17184	77.19223	77.13430	77.19336	77.07484	77.04246	77.11423	77.11934	77.06715	76.50804	76.50477
9/24/2025	4:38:05 PM	77.05853	77.06531	77.15875	77.12243	77.14301	77.07981	77.05604	77.10403	77.09517	77.16070	77.15751	77.09547	76.53246	76.54824
9/24/2025	4:38:08 PM	77.07723	77.08288	77.17850	77.17927	77.19911	77.12131	77.11356	77.19098	77.17819	77.23177	77.23023	77.14884	76.56918	76.59379
9/24/2025	4:38:12 PM	77.11703	77.12165	77.21794	77.16477	77.14461	77.12928	77.11939	77.17125	77.12893	77.16126	77.18448	77.11026	76.56632	76.55856
9/24/2025	4:38:15 PM	77.08671	77.10479	77.20092	77.15347	77.16371	77.11744	77.10518	77.16453	77.14743	77.23638	77.21092	77.13773	76.56341	76.57139
9/24/2025	4:38:19 PM	77.10200	77.11391	77.20517	77.15865	77.18041	77.12535	77.11067	77.18216	77.46849	77.76640	77.54841	77.27571	76.59489	76.69224
9/24/2025	4:38:22 PM	77.13425	77.13221	77.23449	77.20215	77.24000	77.15182	77.14085	77.24693	78.12919	79.43114	78.26870	77.23246	76.63028	76.71054
9/24/2025	4:38:26 PM	77.17079	77.16090	77.25825	77.23681	77.26335	77.18580	77.17409	77.27472	79.98242	88.77304	80.71969	77.69099	76.66220	76.71960
9/24/2025	4:38:29 PM	77.20377	77.18752	77.28267	77.27057	77.29070	77.22064	77.20897	78.36506	84.98917	97.97235	87.49166	79.67734	76.69298	76.75514
9/24/2025	4:38:33 PM	77.24058	77.21917	77.30624	77.29434	77.33025	77.26171	77.25001	81.66349	92.78345	105.70018	93.01586	84.91130	76.73007	76.78777
9/24/2025	4:38:36 PM	77.41229	77.25955	77.33082	77.34704	77.51093	77.29990	77.29255	84.48499	99.40522	112.21893	97.67941	90.01539	76.77842	76.97191
9/24/2025	4:38:40 PM	78.50370	77.30502	77.35859	77.78317	82.90157	77.33852	77.48219	88.93799	106.08751	118.16471	103.54232	94.88444	77.18573	77.76471
9/24/2025	4:38:43 PM	80.24390	77.35946	77.39329	80.20009	87.01848	77.38304	81.26617	95.77867	111.53824	123.05076	112.00429	99.87672	87.19082	79.37130
9/24/2025	4:38:47 PM	83.61737	78.74906	77.43864	78.59678	90.59165	79.18773	88.41622	102.05751	116.41055	127.78531	118.20100	106.38452	94.28065	83.69186
9/24/2025	4:38:51 PM	89.31944	88.05647	77.49785	84.33494	93.57944	86.06642	95.88797	107.79294	120.68365	132.18276	123.84810	113.23073	99.53736	92.00347
9/24/2025	4:38:54 PM	91.44213	95.22216	78.74041	84.95854	96.35656	92.75070	101.85935	112.37368	124.96498	136.44224	128.72014	118.81810	103.41127	98.98461
9/24/2025	4:38:58 PM	103.58916	101.78642	86.24873	93.13824	98.88824	98.03433	106.47562	116.74168	128.99946	140.75813	133.61591	123.58952	107.02455	106.80935
9/24/2025	4:39:01 PM	111.53058	107.38596	93.92756	98.66219	101.32124	102.27473	110.70125	121.17506	133.20681	144.92081	138.08530	128.39398	110.82977	113.26780
9/24/2025	4:39:05 PM	117.97412	112.69888	100.50633	102.75523	103.82849	106.25438	114.46932	125.21847	137.29402	149.05800	142.36153	132.96470	114.41854	118.79838
9/24/2025	4:39:08 PM	123.17870	117.09287	105.96599	106.09629	106.30553	109.82355	117.66915	129.04226	141.12268	152.98046	146.50955	137.46341	117.76049	123.39134
9/24/2025	4:39:12 PM	127.50169	120.96027	110.67758	109.02267	108.86629	113.06363	120.97260	132.99681	145.12955	156.66060	150.51487	141.43350	121.00689	127.61398
9/24/2025	4:39:15 PM	131.59034	124.66731	114.64947	111.99205	111.42335	116.11024	124.43660	136.71628	148.94896	160.48798	154.45153	145.03444	124.17903	131.55078
9/24/2025	4:39:19 PM	135.29815	128.07893	118.42470	114.80506	113.97546	119.26812	127.64334	140.16107	152.78948	164.41147	158.12210	148.86655	127.34064	135.40013
9/24/2025	4:39:22 PM	139.14493	131.41892	121.96811	117.53008	116.63116	122.17037	130.97022	143.65641	156.40522	168.14055	161.60250	152.43913	130.44278	139.04971
9/24/2025	4:39:26 PM	142.67550	134.49066	125.16741	120.39149	119.19334	125.21068	134.40613	147.15806	159.85026	171.74172	165.01139	156.00196	133.47545	142.60489
9/24/2025	4:39:29 PM	146.05634	137.72383	128.55957	123.30564	121.92671	128.05110	137.24993	150.36738	163.32308	175.19964	168.47399	159.43895	136.41048	145.91805
9/24/2025	4:39:33 PM	149.22833	140.56949	131.67621	126.40512	124.88809	130.89918	140.01710	153.65330	166.80458	178.66262	171.69683	162.53331	139.29095	149.23352
9/24/2025	4:39:36 PM	152.41424	143.70987	134.47964	129.27095	127.77110	133.72540	143.17155	157.03856	170.34980	181.99887	174.74974	165.59506	142.19227	152.50761
9/24/2025	4:39:40 PM	155.34692	146.63654	137.07843	131.98739	130.26581	136.39145	145.98320	160.39257	173.69608	185.21516	177.82208	168.44620	144.99743	155.61146
9/24/2025	4:39:44 PM	158.45973	149.65495	139.94963	134.67267	132.87589	139.18639	148.86452	163.32996	177.05618	188.37061	180.78247	171.40313	147.73876	158.80609
9/24/2025	4:39:47 PM	161.39993	152.30816	142.55898	137.12402	135.39596	141.61331	151.41683	166.23467	180.02762	191.36972	183.66861	174.32393	150.42310	161.67173
9/24/2025	4:39:51 PM	164.15023	155.00666	145.20186	139.82203	137.99283	144.33154	154.25629	169.12983	183.05706	194.35178	186.58515	177.20966	153.17386	164.70977
9/24/2025	4:39:54 PM	167.03602	157.63282	147.74174	142.31085	140.55000	147.03493	157.04130	172.08342	186.08305	197.22280	189.39298	179.98525	155.81584	167.63435
9/24/2025	4:39:58 PM	169.79845	160.31926	150.21092	144.75913	143.11602	149.60849	159.59330	174.90892	188.95725	200.06260	192.08079	182.57750	158.36987	170.38317
9/24/2025	4:40:01 PM	172.54464	162.81814	152.56543	147.10976	145.55633	152.08549	162.18446	177.67951	191.73571	202.79314	194.76234	185.16511	160.91188	173.03741
9/24/2025	4:40:05 PM	175.21398	165.33327	155.12704	149.41162	147.55667	154.43197	164.63458	180.42582	194.39487	205.47336	197.42211	187.73094	163.24306	175.59712
9/24/2025	4:40:08 PM	177.62839	167.61614	157.21328	151.65326	149.70155	156.78007	167.03153	182.94839	197.00722	208.00369	199.89314	190.32711	165.53993	178.07296
9/24/2025	4:40:12 PM	180.00898	169.96420	159.42197	153.89045	152.09708	158.98412	169.35206	185.42846	199.66112	210.62905	202.54963	192.89783	167.86403	180.56043
9/24/2025	4:40:15 PM	182.37091	172.29622	161.57737	155.90166	154.02159	161.23975	171.74962	187.87600	202.12579	213.07124	204.91377	195.28979	170.13629	182.96039
9/24/2025	4:40:19 PM	184.63261	174.50517	163.52785	157.86147	156.10698	163.16087	173.94791	190.09157	204.56947	215.45924	207.36118	197.61874	172.30440	185.35095
9/24/2025	4:40:23 PM	186.94901	176.77202	165.65029	159.96667	158.28827	165.27608	176.02837	192.40545	206.95326	217.86723	209.81601	200.00266	174.43662	187.65711
9/24/2025	4:40:26 PM	189.17047	178.92685	167.77151	161.99737	160.35774	167.26055	177.86441	194.48047	209.18277	220.03097	211.83767	202.03613	176.46221	189.87805
9/24/2025	4:40:30 PM	191.36680	181.08057	169.86181	163.94714	162.40473	169.42070	179.99493	196.67361	211.42630	222.28073	214.07939	204.17522	178.56040	192.06753
9/24/2025	4:40:33 PM	193.50570	183.18698	171.95638	166.11735	164.44573	171.41812	181.97216	198.85118	213.71038	224.44714	216.11146	206.30011	180.56982	194.22595
9/24/2025	4:40:37 PM	195.63524	185.16843	173.85758	168.00735	166.50249	173.36472	183.84154	200.93442	215.82219	226.54860	218.15940	208.32161	182.48510	196.32260
9/24/2025	4:40:40 PM	197.55879	187.10722	175.61442	169.84361	168.13213	175.27638	185.73174	202.88688	217.81972	228.47338	220.03336	210.19551	184.31999	198.23386
9/24/2025	4:40:44 PM	199.43651	188.76713	177.34993	171.59071	170.04546	177.04278	187.70746	204.83550	219.66638	230.39111	221.85359	212.05622	186.15842	200.09965
9/24/2025	4:40:47 PM	201.34116	190.69937	179.20285	173.30262	171.82551	178.90387	189.55107	206.60621	221.43545	232.16009	223.55265	213.85666	188.01025	201.98911
9/24/2025	4:40:51 PM	203.21071	192.48450	180.87705	174.90792	173.46584	180.64493	191.38745	208.53569	223.22818	233.94349	225.42238	215.62128	189.73764	203.75778
9/24/2025	4:40:54 PM	205.03102	194.25386	182.34050	176.51513	175.10530	182.25726	193.13287	210.34890	224.94350	235.58513	226.88778	217.07243	191.40179	205.47659
9/24/2025	4:40:58 PM	206.73805	195.87983	183.94062	178.17564	176.71478	184.06010	194.87094	212.07017	226.60494	237.27817	228.47155	218.66057	193.15435	207.21309
9/24/2025	4:41:01 PM	208.53656	197.64609	185.60733	179.86626	178.23477	185.74498	196.61489	213.82487	228.22601	238.94212	230.00012	220.22796	194.80614	208.90651
9/24/2025	4:41:05 PM	210.23199	199.24381	187.23125	181.41880	179.77538	187.31870	198.22911	215.49835	229.83965	240.54635	231.55247	221.84089	196.44246	210.52253
9/24/2025	4:41:08 PM	211.85523	200.82137	188.84713	183.00926	181.38999	188.86474	199.81316	217.09859	231.41405	242.09319	233.06659	223.44789	198.04950	212.14637
9/24/2025	4:41:12 PM	213.55658	202.45759	190.45940	184.48056	182.90313	190.52663	201.36773	218.72969	232.86625	243.53428	234.39733	224.72560	199.67272	213.72808
9/24/2025	4:41:16 PM	215.01596	204.00658	191.87974	185.87314	184.32565	192.08047	202.95290	220.32391	234.35868	244.94799	235.79305	226.23807	201.17255	215.23815
9/24/2025	4:41:19 PM	216.54441	205.55256	193.36760	187.25444	185.76235	193.72243	204.67280	221.87644	235.71250	246.29975	237.11990	227.57943	202.68109	216.70221
9/24/2025	4:41:23 PM	217.90135	207.04255	194.85574	188.74132	187.21892	195.25557	206.20121	223.24366	237.06997	247.61794	238.53923	228.99985	204.11376	218.15359
9/24/2025	4:41:26 PM	219.38416	208.57673	196.25890	190.06383	188.49293	196.80902	207.57210	224.70368	238.33744	248.80315	239.67848	230.20310	205.51516	219.57380
9/24/2025	4:41:30 PM	220.78745	209.96847	197.57210	191.27769	189.83444	198.24604	208.97712	226.08427	239.57821	249.95588	240.84815	231.50410	206.84127	220.93763
9/24/2025	4:41:33 PM	222.11794	211.21166	198.72575	192.64104	191.19656	199.55528	210.42199	227.41096	240.80894	251.07073	241.76006	232.14088	206.93897	221.72138
9/24/2025	4:41:37 PM	222.48302	211.92884	200.46180	194.11583	193.62371	200.18080	211.51479	227.00171	239.81178	250.11028	240.56294	230.60032	207.12459	224.12003
9/24/2025	4:41:41 PM	222.28956	212.70731	202.79532	196.70990	196.80806	200.24823	213.54308	226.81965	239.69695	249.73304	239.66221	229.90800	209.37162	226.68914
9/24/2025	4:41:44 PM	222.96203	213.93737	205.44130	200.03639	199.93563	200.77892	215.87723	227.24554	240.02926	249.68409	239.11493	229.77495	212.05520	229.13048
9/24/2025	4:41:48 PM	223.81851	215.43907	208.05937	203.25521	202.98511	201.90382	218.20708	228.09849	240.71287	249.92484	239.31651	230.17948	214.95875	231.45351
9/24/2025	4:41:51 PM	225.00168	217.40244	210.66296	206.47255	206.12242	203.37705	220.27840	229.16045	241.51974	250.59125	240.11961	231.00163	217.98001	234.02076
9/24/2025	4:41:55 PM	226.57901	219.50963	213.42688	209.72597	208.83150	205.15825	222.20876	230.26495	242.29698	251.25295	241.30010	232.09383	220.72713	236.74587
9/24/2025	4:41:59 PM	228.39790	221.60524	216.18806	212.95552	211.20105	207.24091	224.06554	231.48486	243.00355	251.84273	242.66899	233.29136	223.53822	238.77546
9/24/2025	4:42:02 PM	229.96034	223.64451	218.52859	215.74371	213.63855	209.42829	225.64333	232.61348	243.71444	252.32194	243.99556	234.32217	225.77045	240.53016
9/24/2025	4:42:06 PM	231.38699	225.79480	220.83281	218.25955	215.89337	211.25390	227.30841	233.80387	244.39061	252.62913	245.33866	235.62142	227.58813	242.02446
9/24/2025	4:42:09 PM	232.95044	227.69302	223.02548	220.57605	217.95645	212.55777	228.83221	235.10980	244.99519	253.04450	246.36216	236.87274	229.13215	243.47618
9/24/2025	4:42:13 PM	234.50489	229.79384	225.26100	222.99406	220.17414	213.95483	230.19704	236.39235	245.59581	253.36277	247.31586	238.16003	230.70988	244.80253
9/24/2025	4:42:17 PM	236.01767	231.58999	227.49994	225.32307	222.19304	215.26775	231.50076	237.67000	246.38134	253.90737	248.21565	239.57667	232.10987	245.83516
9/24/2025	4:42:20 PM	237.69199	233.39407	229.64880	227.76099	224.12654	216.88571	232.88479	239.07313	247.32550	254.64657	249.06890	240.87923	233.78377	246.91236
9/24/2025	4:42:24 PM	239.10647	235.16282	231.59574	229.90008	226.22267	218.28662	233.94252	240.39045	248.44043	255.46719	249.91794	242.17727	235.04135	247.53295
9/24/2025	4:42:27 PM	240.46363	236.88906	233.39490	231.95701	227.96055	219.58127	235.11105	241.69249	249.57656	256.25491	250.65184	243.44740	235.92615	247.87075
9/24/2025	4:42:31 PM	241.78391	238.39571	235.10969	233.97580	229.70348	220.95864	236.29011	242.99590	250.77182	256.89664	251.34489	244.80449	236.84051	248.29466
9/24/2025	4:42:34 PM	243.10953	239.85628	236.74596	235.86341	231.27938	222.10664	237.44107	244.26408	251.80922	257.83276	252.17980	246.10058	237.91364	248.94627
9/24/2025	4:42:38 PM	244.36329	241.20990	238.19759	237.56346	232.47792	223.17360	238.28160	245.47891	252.63485	258.60775	253.33458	247.45851	239.13331	249.89032
9/24/2025	4:42:42 PM	245.87907	242.74267	239.75599	239.30869	233.83208	224.27211	239.18674	246.78931	253.47482	259.19068	254.12180	248.72015	239.98446	250.25601
9/24/2025	4:42:45 PM	247.13401	244.18702	241.25584	240.93025	235.06901	225.77630	240.49264	247.94153	254.10862	259.57150	254.96456	249.79991	240.78661	250.55667
9/24/2025	4:42:49 PM	248.23732	245.62612	242.81572	242.38566	236.62600	227.83675	241.74727	249.02655	254.53131	260.08109	255.76572	250.95526	241.53856	251.07786
9/24/2025	4:42:52 PM	249.57253	247.11438	244.25368	243.84448	238.37813	230.01935	242.90153	249.97455	255.02692	260.42725	256.47122	251.93098	242.26290	251.32629
9/24/2025	4:42:56 PM	250.64015	248.40540	245.77733	245.23677	240.14709	232.11703	244.04179	250.90388	255.52836	260.62212	257.12137	252.84734	242.81093	251.12707
9/24/2025	4:43:00 PM	251.60624	249.47852	247.28237	246.61400	241.95575	234.02850	245.24675	251.91023	256.08727	260.86622	257.84626	253.83500	243.35150	251.01424
9/24/2025	4:43:03 PM	252.65778	250.62576	248.47692	247.71997	243.70100	235.75486	246.12009	252.77044	256.60736	261.17548	258.56397	254.83810	244.01073	251.30686
9/24/2025	4:43:07 PM	253.79438	251.79832	249.73366	248.96539	245.33930	237.42051	247.03050	253.67639	257.17920	261.55739	259.25252	255.72431	244.70143	251.53614
9/24/2025	4:43:10 PM	254.73289	252.91630	250.81455	250.16907	246.71969	238.92313	248.08964	254.61953	257.66689	262.01422	259.99139	256.60719	245.38007	251.89883
9/24/2025	4:43:14 PM	255.66069	254.05057	251.89083	251.29295	248.05921	240.38932	249.07398	255.40734	258.28922	262.53772	260.65650	257.50414	246.14636	252.21410
9/24/2025	4:43:18 PM	256.61297	255.10853	252.96211	252.50341	249.49124	241.79172	249.92215	256.19359	258.84473	262.96699	261.28201	258.37569	246.96932	252.61592
9/24/2025	4:43:21 PM	257.38325	256.08908	253.99273	253.71187	250.95159	243.19362	250.76428	256.88651	259.39918	263.34451	261.81653	259.04853	247.80405	252.91410
9/24/2025	4:43:25 PM	258.49729	257.30431	255.03182	254.50371	251.79939	244.22125	251.02840	257.14612	259.93351	263.81435	262.22834	259.40089	248.23311	253.48381
9/24/2025	4:43:28 PM	258.49977	256.80671	253.90689	253.77275	251.39745	244.55888	251.14799	257.55222	260.76271	264.43349	262.49982	259.53683	248.45798	253.93538
9/24/2025	4:43:32 PM	258.11390	256.00736	252.45243	252.93692	250.93956	244.81490	251.20292	257.94423	261.53038	265.04402	262.77223	259.66921	248.67523	254.33640
9/24/2025	4:43:35 PM	257.79129	255.22067	251.10925	252.21396	250.53691	245.07571	251.28259	258.29467	262.19837	265.60340	263.04082	259.81350	248.89917	254.69993
9/24/2025	4:43:39 PM	257.55027	254.44203	249.95352	251.64582	250.13021	245.00544	250.46195	257.77508	262.09178	265.34070	262.83503	259.73025	247.94253	252.71239
9/24/2025	4:43:42 PM	257.32123	254.39688	249.85684	251.30304	249.71596	243.74003	247.91291	255.60652	260.50353	264.30165	262.08445	259.06671	245.36585	249.46506
9/24/2025	4:43:46 PM	256.75185	253.93556	249.67815	251.14812	249.88249	243.09337	245.75497	253.87237	258.91335	263.12011	261.12746	258.08233	243.21914	246.36126
9/24/2025	4:43:50 PM	254.82693	252.06519	248.19822	249.43502	247.71843	240.35287	241.94214	249.96398	253.48332	256.82012	255.73297	252.59233	239.97686	242.91465
9/24/2025	4:43:53 PM	250.02696	247.99197	245.32994	246.68178	244.98480	238.26030	239.91575	246.06560	251.01591	253.84959	252.45283	249.73440	239.11664	241.48542
9/24/2025	4:43:57 PM	247.90732	246.33299	243.98579	245.17741	243.65452	237.16465	238.34908	243.55511	248.63479	250.87901	249.74145	247.21982	237.96039	239.48344
9/24/2025	4:44:00 PM	245.24822	244.02679	241.78117	243.21103	241.79151	235.22968	236.22111	240.96002	245.12466	247.13440	246.22149	244.02244	235.29945	236.09716
9/24/2025	4:44:04 PM	241.98987	241.09773	239.12393	240.38316	239.09307	232.43376	233.10867	237.10028	240.58826	242.88594	241.58747	239.80342	231.35079	231.56184
9/24/2025	4:44:07 PM	237.67553	236.85633	235.40329	236.56463	235.22673	228.51018	228.88315	232.23381	235.05685	237.45350	235.74155	234.55252	226.24781	226.07874
9/24/2025	4:44:11 PM	232.80585	231.60530	230.85277	231.60572	230.47109	223.73099	223.55361	226.70354	228.92423	231.43586	229.38918	228.66119	220.37453	219.82612
9/24/2025	4:44:14 PM	226.94357	225.70647	224.97071	225.29926	225.26109	218.34406	217.36198	220.30356	222.23130	224.69705	222.47230	222.14263	214.10306	212.83740
9/24/2025	4:44:18 PM	220.03677	218.71171	218.29242	218.36896	219.28604	212.17095	210.69777	213.09810	214.78205	217.28356	214.77049	214.71656	207.46063	205.18735
9/24/2025	4:44:21 PM	212.11165	210.65418	210.77165	211.22404	212.60313	205.43974	202.71984	204.88702	206.44397	208.47638	206.12695	205.73997	200.08998	197.00985
9/24/2025	4:44:25 PM	202.52113	201.41903	202.12091	203.20634	203.84356	196.52943	193.47076	195.33433	196.61919	198.24387	195.48833	195.21321	191.77689	187.83539
9/24/2025	4:44:28 PM	192.15780	191.60621	193.03654	193.66405	193.78340	186.49018	183.45922	184.92350	186.12510	187.64089	185.22568	185.16591	183.47522	179.02918
9/24/2025	4:44:32 PM	182.51883	182.24242	183.85923	183.92903	183.79272	176.88391	173.85890	175.06396	176.20636	177.64218	175.65462	175.95194	175.57483	170.67396
9/24/2025	4:44:36 PM	173.77770	173.73773	175.46054	175.18640	174.70032	168.30092	165.32535	166.36285	167.41032	168.84953	167.33469	167.96075	168.63688	163.35009
9/24/2025	4:44:39 PM	166.17379	166.22724	168.08630	167.52799	166.82413	160.91892	157.95894	158.89424	159.88262	161.22308	160.08279	160.88655	162.39500	156.79718
9/24/2025	4:44:43 PM	159.37120	159.55182	161.56401	160.68058	159.89309	154.33819	151.49162	152.27445	153.16869	154.46930	153.71067	154.62507	156.73014	150.90317
9/24/2025	4:44:46 PM	153.24797	153.48544	155.57036	154.57701	153.68043	148.49006	145.77686	146.50205	147.32528	148.66167	148.15858	149.17119	151.67998	145.67552
9/24/2025	4:44:50 PM	147.92628	148.15401	150.35705	149.24595	148.23424	143.37006	140.81113	141.51092	142.28763	143.63531	143.31589	144.44668	147.20260	141.08365
9/24/2025	4:44:53 PM	143.46577	143.63985	145.84971	144.72888	143.63888	139.13218	136.65013	137.35240	138.08145	139.45153	139.26133	140.47274	143.31710	137.11903
9/24/2025	4:44:57 PM	139.48815	139.59949	141.83534	140.69601	139.56510	135.37225	132.97604	133.68678	134.38036	135.76353	135.67984	136.98793	139.85155	133.62117
9/24/2025	4:45:00 PM	136.14381	136.19418	138.40782	137.26340	136.10653	132.21793	129.87294	130.60598	131.24446	132.61723	132.61920	133.98092	136.80315	130.54920
9/24/2025	4:45:04 PM	133.13651	133.12529	135.31612	134.19234	133.01601	129.40445	127.12884	127.89588	128.49218	129.86535	129.93301	131.34811	134.11056	127.85811
9/24/2025	4:45:08 PM	130.60928	130.54297	132.70330	131.61244	130.42183	127.03986	124.81660	125.60332	126.16709	127.52991	127.62866	129.08699	131.77027	125.54423
9/24/2025	4:45:11 PM	128.37140	128.28304	130.40597	129.33925	128.15459	124.97302	122.81765	123.60511	124.15686	125.50734	125.62209	127.11071	129.70393	123.49683
9/24/2025	4:45:15 PM	126.42037	126.30272	128.39187	127.36233	126.18881	123.17077	121.07892	121.86603	122.39302	123.73938	123.86497	125.36458	127.87052	121.70103
9/24/2025	4:45:18 PM	124.67658	124.53116	126.58048	125.60060	124.43330	121.56904	119.52850	120.29215	120.80093	122.13438	122.28028	123.79771	126.21706	120.10563
9/24/2025	4:45:22 PM	123.16805	122.99526	125.00708	124.05775	122.90528	120.16790	118.19508	118.93231	119.43495	120.78295	120.93458	122.45167	124.78238	118.72250
9/24/2025	4:45:25 PM	121.85827	121.66467	123.65222	122.73143	121.58964	118.96115	117.03041	117.74106	118.22403	119.57215	119.73761	121.26983	123.51506	117.51453
9/24/2025	4:45:29 PM	120.71911	120.51498	122.47371	121.58447	120.45495	117.91342	116.03204	116.71006	117.17892	118.52884	118.70028	120.24855	122.41789	116.48552
9/24/2025	4:45:32 PM	119.74737	119.53106	121.45826	120.59158	119.46461	117.00326	115.16751	115.81765	116.27955	117.62608	117.80662	119.37457	121.47377	115.61236
9/24/2025	4:45:36 PM	118.91841	118.69823	120.60412	119.75102	118.63106	116.24398	114.44427	115.05937	115.51201	116.84028	117.02954	118.62152	120.66063	114.86179
9/24/2025	4:45:39 PM	118.18828	117.98491	119.86810	119.01603	117.90666	115.57614	113.80902	114.38777	114.83275	116.12455	116.31346	117.91815	119.90771	114.16898
9/24/2025	4:45:43 PM	117.47414	117.29206	119.16048	118.29875	117.20591	114.93189	113.19355	113.75302	114.19447	115.45753	115.66964	117.28897	119.24552	113.56934
9/24/2025	4:45:47 PM	116.86962	116.72469	118.57918	117.71213	116.64122	114.40509	112.69288	113.22503	113.65109	114.88718	115.10523	116.72402	118.65951	113.04136
9/24/2025	4:45:50 PM	116.31858	116.21268	118.05185	117.17982	116.12814	113.92585	112.24233	112.74064	113.15311	114.36116	114.57067	116.20154	118.13074	112.56731
9/24/2025	4:45:54 PM	115.81200	115.73160	117.56180	116.68588	115.64704	113.47250	111.80972	112.29063	112.70036	113.87732	114.07705	115.71362	117.64318	112.14247
9/24/2025	4:45:57 PM	115.34438	115.29526	117.11610	116.23920	115.20611	113.06880	111.43550	111.88014	112.28317	113.43780	113.63167	115.25679	117.19572	111.76161
9/24/2025	4:46:01 PM	114.92264	114.89134	116.71825	115.83179	114.80451	112.70107	111.08282	111.50574	111.89470	113.03977	113.23305	114.85205	116.79135	111.42089
9/24/2025	4:46:04 PM	114.55151	114.52268	116.34556	115.45658	114.43692	112.36672	110.76126	111.15183	111.53864	112.66136	112.85569	114.46549	116.41640	111.10519
9/24/2025	4:46:08 PM	114.18834	114.18235	115.99815	115.11393	114.09460	112.06111	110.46825	110.82572	111.20439	112.30298	112.50458	114.08065	116.05688	110.80303
9/24/2025	4:46:11 PM	113.82837	113.84828	115.65070	114.75887	113.73859	111.73899	110.15502	110.48212	110.85168	111.93138	112.13933	113.67807	115.68218	110.48841
9/24/2025	4:46:15 PM	113.45310	113.49928	115.29455	114.39331	113.38226	111.41393	109.83927	110.13654	110.49718	111.55157	111.76936	113.30785	115.32052	110.17581
9/24/2025	4:46:18 PM	113.11168	113.17303	114.96386	114.04902	113.05234	111.10791	109.54047	109.80381	110.16393	111.19651	111.42487	112.96773	114.98009	109.87785
9/24/2025	4:46:22 PM	112.78811	112.85159	114.63850	113.71157	112.73605	110.82518	109.26759	109.50203	109.85136	110.85850	111.09496	112.61505	114.64531	109.59259
9/24/2025	4:46:25 PM	112.45302	112.52226	114.30843	113.36252	112.39950	110.51630	108.97137	109.17958	109.51983	110.49662	110.74080	112.23247	114.28609	109.28897
9/24/2025	4:46:29 PM	112.10102	112.17560	113.96411	113.00755	112.04663	110.19124	108.65238	108.83672	109.16886	110.10964	110.35685	111.85053	113.91384	108.96505
9/24/2025	4:46:33 PM	111.74271	111.81842	113.60910	112.64041	111.68592	109.85924	108.33095	108.49169	108.81759	109.72478	109.97804	111.48893	113.55603	108.64768
9/24/2025	4:46:36 PM	111.38221	111.47137	113.26758	112.28847	111.34165	109.54052	108.01935	108.15537	108.46951	109.34057	109.59951	111.11954	113.18612	108.31826
9/24/2025	4:46:40 PM	111.02659	111.12128	112.91544	111.92097	110.98603	109.20933	107.69689	107.81280	108.11712	108.96285	109.23207	110.75873	112.82341	107.99788
9/24/2025	4:46:43 PM	110.68176	110.78458	112.58193	111.57671	110.65250	108.90041	107.39663	107.49043	107.78568	108.59847	108.88017	110.41190	112.48486	107.69860
9/24/2025	4:46:47 PM	110.35091	110.46638	112.26584	111.24968	110.34313	108.61109	107.11794	107.18997	107.47398	108.25870	108.54206	110.07497	112.16459	107.41359
9/24/2025	4:46:50 PM	110.03978	110.15397	111.95347	110.93734	110.08779	108.43150	106.93220	106.91216	107.14415	107.49027	107.81092	109.30048	111.65019	106.97755
9/24/2025	4:46:54 PM	109.09871	109.05859	111.14035	110.30138	109.78827	108.24619	106.69575	105.82425	106.47276	105.61150	106.77451	107.93178	110.13638	105.94524
9/24/2025	4:46:57 PM	107.25515	106.75040	109.26768	108.39853	107.96811	106.67065	105.19889	103.24200	104.72706	104.14213	104.38752	104.98813	107.78501	103.81698
9/24/2025	4:47:01 PM	104.77386	101.45861	106.12133	105.72066	105.12715	104.20732	103.43198	101.82852	102.99890	102.73927	97.76144	103.23703	106.56396	102.59025
9/24/2025	4:47:05 PM	103.39760	100.81466	104.87283	104.64406	104.35452	103.58952	102.74078	101.66491	102.43469	102.30275	95.64747	102.57933	105.76325	101.71802
9/24/2025	4:47:08 PM	102.38575	100.42216	104.13376	103.98736	103.88346	103.21723	102.29068	101.61773	101.96543	101.86544	95.88524	101.85801	105.06142	100.98720
9/24/2025	4:47:12 PM	101.53139	100.04083	103.51958	103.43501	103.43295	102.87047	101.91029	101.51763	101.51455	101.41319	96.45073	101.18109	104.45868	100.37536
9/24/2025	4:47:15 PM	100.77089	99.67330	102.97677	102.94121	103.01618	102.55845	101.59812	101.39298	101.11952	100.99866	96.73517	100.59605	103.95811	99.87770
9/24/2025	4:47:19 PM	100.13235	99.34443	102.50875	102.50009	102.64264	102.27393	101.32285	101.22896	100.76304	100.61385	96.83790	100.08810	103.52206	99.45232
9/24/2025	4:47:22 PM	99.57526	99.03222	102.07848	102.08785	102.28008	101.98907	101.04843	101.02540	100.41741	100.24190	96.84484	99.63048	103.10769	99.06125
9/24/2025	4:47:26 PM	99.07371	98.71998	101.66564	101.68630	101.92149	101.69529	100.76807	100.79354	100.08140	99.88152	96.76620	99.20680	102.71136	98.69708
9/24/2025	4:47:29 PM	98.61499	98.40796	101.26524	101.28863	101.55539	101.38563	100.47180	100.52869	99.73518	99.51400	96.62181	98.79645	102.31873	98.34129
9/24/2025	4:47:33 PM	98.18231	98.09426	100.87599	100.90161	101.19365	101.07313	100.17254	100.24983	99.39817	99.15933	96.43737	98.41230	101.93313	97.99799
9/24/2025	4:47:37 PM	97.78063	97.78450	100.50139	100.52568	100.84180	100.76376	99.87974	99.97125	99.07317	98.81668	96.23243	98.05163	101.57013	97.67969
9/24/2025	4:47:40 PM	97.40608	97.48127	100.14265	100.16471	100.49959	100.45982	99.59055	99.69090	98.75750	98.48736	96.01537	97.70834	101.21696	97.37469
9/24/2025	4:47:44 PM	97.05856	97.19133	99.80435	99.82507	100.17510	100.16730	99.31056	99.41739	98.45631	98.17133	95.79547	97.38457	100.87557	97.08141
9/24/2025	4:47:47 PM	96.73045	96.90838	99.47905	99.49415	99.86052	99.88204	99.03883	99.15056	98.16524	97.86918	95.57546	97.07730	100.55160	96.80732
9/24/2025	4:47:51 PM	96.42472	96.64060	99.17494	99.18760	99.56696	99.61345	98.78198	98.89451	97.89195	97.58718	95.36351	96.79021	100.24310	96.54667
9/24/2025	4:47:55 PM	96.13784	96.38127	98.88106	98.88727	99.27608	99.34439	98.52754	98.63861	97.61997	97.30559	95.14717	96.50635	99.93677	96.28983
9/24/2025	4:47:58 PM	95.85491	96.12391	98.59211	98.59500	98.99124	99.08110	98.27683	98.38892	97.35833	97.03535	94.93685	96.23298	99.64262	96.04249
9/24/2025	4:48:02 PM	95.58518	95.87385	98.31529	98.31172	98.71574	98.82509	98.03349	98.14695	97.10392	96.77194	94.72803	95.96867	99.35580	95.80267
9/24/2025	4:48:05 PM	95.32626	95.63274	98.04805	98.03834	98.44842	98.57502	97.79659	97.90937	96.85422	96.51588	94.52463	95.70900	99.07629	95.56911
9/24/2025	4:48:09 PM	95.07595	95.39638	97.78589	97.77214	98.18711	98.33012	97.56400	97.67568	96.61256	96.26764	94.32490	95.46034	98.80412	95.34431
9/24/2025	4:48:13 PM	94.83445	95.16840	97.53364	97.51480	97.93499	98.09060	97.33785	97.44738	96.37743	96.02700	94.12896	95.21522	98.53759	95.12376
9/24/2025	4:48:16 PM	94.60021	94.94399	97.28584	97.26396	97.68789	97.85775	97.11707	97.22659	96.14969	95.79176	93.93956	94.98046	98.28133	94.91097
9/24/2025	4:48:20 PM	94.37259	94.72576	97.04535	97.01598	97.44403	97.62736	96.89781	97.00542	95.92298	95.56146	93.74969	94.74828	98.02572	94.70121
9/24/2025	4:48:23 PM	94.15224	94.51185	96.81014	96.77597	97.20699	97.40297	96.68503	96.79301	95.70547	95.33848	93.56637	94.52469	97.77976	94.49883
9/24/2025	4:48:27 PM	93.93703	94.30375	96.58067	96.54147	96.97647	97.18238	96.47692	96.58268	95.49248	95.12232	93.38839	94.30545	97.53898	94.29951
9/24/2025	4:48:31 PM	93.73117	94.10191	96.35771	96.31348	96.75131	96.96868	96.27297	96.37785	95.28407	94.90892	93.21225	94.09178	97.30322	94.10532
9/24/2025	4:48:34 PM	93.52837	93.90309	96.13790	96.08950	96.52925	96.75592	96.07120	96.17431	95.07749	94.69911	93.03805	93.88161	97.06970	93.91389
9/24/2025	4:48:38 PM	93.33216	93.71010	95.92539	95.87261	96.31557	96.55097	95.87768	95.97943	94.88044	94.49822	92.87088	93.68067	96.84777	93.73189
9/24/2025	4:48:41 PM	93.13911	93.51942	95.71423	95.65681	96.10085	96.34348	95.68147	95.78119	94.68089	94.29541	92.70060	93.47666	96.62035	93.54471
9/24/2025	4:48:45 PM	92.94942	93.33036	95.50565	95.44399	95.88930	96.14016	95.48833	95.58629	94.48570	94.09767	92.53451	93.27774	96.39934	93.36358
9/24/2025	4:48:49 PM	92.76432	93.14754	95.30405	95.23833	95.68488	95.94510	95.30357	95.40127	94.30041	93.91025	92.37540	93.08968	96.18870	93.18948
9/24/2025	4:48:52 PM	92.58392	92.96775	95.10398	95.03524	95.48256	95.74701	95.11592	95.20925	94.11067	93.71699	92.21159	92.89619	95.97069	93.01035
9/24/2025	4:48:56 PM	92.40395	92.78766	94.90378	94.83711	95.27988	95.55265	94.93164	95.02432	93.92625	93.53178	92.05364	92.70968	95.76136	92.83859
9/24/2025	4:48:59 PM	92.22798	92.61340	94.71066	94.64125	95.08531	95.36706	94.75402	94.84619	93.74943	93.35273	91.90092	92.53157	95.56031	92.67339
9/24/2025	4:49:03 PM	92.05640	92.44066	94.51805	94.44465	94.88908	95.17562	94.57225	94.66224	93.56697	93.16953	91.74330	92.34841	95.35142	92.50156
9/24/2025	4:49:07 PM	91.88721	92.27114	94.32912	94.25328	94.70028	94.99283	94.39861	94.48814	93.39451	92.99666	91.59477	92.17641	95.15462	92.33983
9/24/2025	4:49:10 PM	91.71946	92.10396	94.14364	94.06330	94.51266	94.81176	94.22622	94.31365	93.22139	92.82407	91.44465	92.00367	94.96000	92.17960
9/24/2025	4:49:14 PM	91.56026	91.94298	93.96266	93.88054	94.33102	94.63532	94.05795	94.14355	93.05416	92.65647	91.29970	91.83696	94.76817	92.02185
9/24/2025	4:49:17 PM	91.40119	91.78251	93.78228	93.69707	94.14859	94.45904	93.88950	93.97436	92.88753	92.49008	91.15574	91.67234	94.57928	91.86680
9/24/2025	4:49:21 PM	91.24386	91.62483	93.60477	93.51769	93.96872	94.28473	93.72348	93.80848	92.72305	92.32715	91.01499	91.50961	94.39179	91.71234
9/24/2025	4:49:24 PM	91.08811	91.46709	93.42750	93.33868	93.78991	94.11106	93.55813	93.64248	92.55978	92.16452	90.87200	91.34780	94.20414	91.55783
9/24/2025	4:49:28 PM	90.93693	91.31429	93.25641	93.16431	93.61701	93.94142	93.39594	93.47800	92.40032	92.00634	90.73365	91.19059	94.02256	91.40888
9/24/2025	4:49:32 PM	90.78614	91.16270	93.08567	92.99208	93.44629	93.77598	93.23802	93.31950	92.24324	91.85085	90.59713	91.03685	93.84290	91.26114
9/24/2025	4:49:35 PM	90.64006	91.01367	92.91721	92.82146	93.27596	93.60986	93.07938	93.15826	92.08609	91.69546	90.46000	90.88352	93.66418	91.11402
9/24/2025	4:49:39 PM	90.49689	90.86865	92.75414	92.65572	93.11098	93.44908	92.92538	93.00365	91.93730	91.54640	90.32907	90.73729	93.49268	90.97312
9/24/2025	4:49:42 PM	90.35462	90.72514	92.59233	92.49232	92.94884	93.29078	92.77362	92.85070	91.78782	91.39799	90.19831	90.59054	93.32117	90.83195
9/24/2025	4:49:46 PM	90.21706	90.58542	92.43422	92.33308	92.79083	93.13577	92.62607	92.70205	91.64375	91.25582	90.07279	90.45031	93.15534	90.69590
9/24/2025	4:49:50 PM	90.08161	90.44747	92.27727	92.17440	92.63368	92.98101	92.47761	92.55281	91.49864	91.11210	89.94623	90.31053	92.99078	90.55983
9/24/2025	4:49:53 PM	89.94893	90.31155	92.12494	92.02011	92.47972	92.83062	92.33386	92.40723	91.35811	90.97380	89.82344	90.17418	92.82880	90.42632
9/24/2025	4:49:57 PM	89.81680	90.17767	91.97478	91.86640	92.32615	92.67913	92.18877	92.26212	91.21677	90.83463	89.69932	90.03699	92.66623	90.29252
9/24/2025	4:50:00 PM	89.68499	90.04266	91.82175	91.71239	92.17265	92.52845	92.04398	92.11607	91.07591	90.69620	89.57625	89.90170	92.50453	90.15918
9/24/2025	4:50:04 PM	89.55661	89.91211	91.67501	91.56210	92.02250	92.38153	91.90324	91.97317	90.93842	90.56015	89.45552	89.76991	92.34713	90.02970
9/24/2025	4:50:08 PM	89.43109	89.78378	91.52954	91.41567	91.87520	92.23555	91.76338	91.83262	90.80312	90.42747	89.33682	89.64061	92.19225	89.90202
9/24/2025	4:50:11 PM	89.30742	89.65606	91.38572	91.27059	91.73100	92.09417	91.62714	91.69551	90.67169	90.29857	89.22114	89.51438	92.04044	89.77650
9/24/2025	4:50:15 PM	89.18486	89.53108	91.24306	91.12770	91.58721	91.95202	91.49054	91.55862	90.53944	90.16965	89.10635	89.38980	91.89011	89.65153
9/24/2025	4:50:19 PM	89.06749	89.40932	91.10358	90.98710	91.44734	91.81453	91.35859	91.42538	90.41174	90.04448	88.99438	89.26802	91.74357	89.53030
9/24/2025	4:50:22 PM	88.95016	89.28964	90.96805	90.85023	91.30874	91.67755	91.22685	91.29245	90.28429	89.92060	88.88283	89.14735	91.59723	89.40922
9/24/2025	4:50:26 PM	88.83217	89.16798	90.83004	90.71137	91.16919	91.53998	91.09404	91.15942	90.15842	89.79626	88.77114	89.02680	91.44970	89.28849
9/24/2025	4:50:29 PM	88.71763	89.05055	90.69680	90.57738	91.03492	91.40671	90.96636	91.03080	90.03639	89.67656	88.66401	88.91176	91.30932	89.17140
9/24/2025	4:50:33 PM	88.60454	88.93387	90.56410	90.44539	90.90218	91.27459	90.84011	90.90201	89.91325	89.55595	88.55580	88.79525	91.16850	89.05317
9/24/2025	4:50:37 PM	88.49305	88.81923	90.43381	90.31576	90.77122	91.14487	90.71425	90.77610	89.79279	89.44004	88.45078	88.68226	91.03051	88.93803
9/24/2025	4:50:40 PM	88.38318	88.70618	90.30455	90.18706	90.64115	91.01620	90.58918	90.65072	89.67378	89.32316	88.34542	88.56921	90.89270	88.82416
9/24/2025	4:50:44 PM	88.27611	88.59681	90.17827	90.05954	90.51388	90.88923	90.46706	90.52756	89.55709	89.20912	88.24260	88.46031	90.75717	88.71156
9/24/2025	4:50:47 PM	88.16992	88.48632	90.05180	89.93374	90.38655	90.76347	90.34634	90.40516	89.44144	89.09720	88.14244	88.35253	90.62361	88.60073
9/24/2025	4:50:51 PM	88.06513	88.37776	89.92809	89.80828	90.26174	90.63827	90.22506	90.28373	89.32640	88.98495	88.04147	88.24532	90.49256	88.49199
9/24/2025	4:50:55 PM	87.95998	88.27009	89.80514	89.68596	90.13737	90.51547	90.10626	90.16348	89.21285	88.87426	87.94019	88.13830	90.36140	88.38210
9/24/2025	4:50:58 PM	87.85884	88.16639	89.68714	89.56705	90.01855	90.39601	89.99046	90.04531	89.10138	88.76626	87.84266	88.03461	90.23342	88.27586
9/24/2025	4:51:02 PM	87.75858	88.06278	89.56870	89.44849	89.90017	90.27837	89.87712	89.93157	88.99389	88.66071	87.74762	87.93337	90.10846	88.17098
9/24/2025	4:51:05 PM	87.66077	87.96095	89.45179	89.33147	89.78300	90.16172	89.76511	89.81790	88.88684	88.55594	87.65265	87.83451	89.98538	88.06826
9/24/2025	4:51:09 PM	87.56472	87.86229	89.33913	89.21748	89.66814	90.04743	89.65538	89.70762	88.78271	88.45544	87.56131	87.73845	89.86477	87.96850
9/24/2025	4:51:12 PM	87.47269	87.76571	89.22882	89.10615	89.55585	89.93482	89.54590	89.59781	88.67983	88.35438	87.46985	87.64175	89.74383	87.86752
9/24/2025	4:51:16 PM	87.37653	87.66709	89.11640	88.99276	89.44053	89.82097	89.43541	89.48642	88.57482	88.25330	87.37719	87.54460	89.62261	87.76620
9/24/2025	4:51:20 PM	87.28222	87.57006	89.00532	88.88121	89.32918	89.70848	89.32656	89.37681	88.47352	88.15541	87.28779	87.44988	89.50596	87.66795
9/24/2025	4:51:23 PM	87.18955	87.47331	88.89438	88.77383	89.21884	89.59818	89.22146	89.27100	88.37295	88.05660	87.19914	87.35748	89.39012	87.57150
9/24/2025	4:51:27 PM	87.09947	87.37958	88.78754	88.66664	89.11191	89.49180	89.11872	89.16561	88.27541	87.96243	87.11220	87.26661	89.27605	87.47609
9/24/2025	4:51:30 PM	87.01213	87.28886	88.68369	88.56337	89.00731	89.38701	89.01649	89.06382	88.17818	87.86788	87.02807	87.17699	89.16371	87.38205
9/24/2025	4:51:34 PM	86.92476	87.19889	88.57925	88.45956	88.90214	89.28063	88.91384	88.95907	88.08222	87.77423	86.94271	87.08920	89.05236	87.28910
9/24/2025	4:51:38 PM	86.83912	87.10986	88.47906	88.35906	88.79913	89.17763	88.81394	88.85905	87.98855	87.68540	86.86174	87.00353	88.94425	87.19864
9/24/2025	4:51:41 PM	86.75470	87.02272	88.37749	88.25810	88.69690	89.07420	88.71364	88.75685	87.89347	87.59167	86.77717	86.91646	88.83383	87.10584
9/24/2025	4:51:45 PM	86.67009	86.93610	88.27718	88.15785	88.59517	88.97241	88.61500	88.65767	87.80164	87.50265	86.69634	86.83224	88.72741	87.01652
9/24/2025	4:51:48 PM	86.58762	86.84984	88.17834	88.05954	88.49520	88.87168	88.51707	88.55957	87.70987	87.41404	86.61555	86.74850	88.62156	86.92821
9/24/2025	4:51:52 PM	86.50618	86.76545	88.08200	87.96445	88.39811	88.77490	88.42350	88.46505	87.62202	87.32901	86.53718	86.66671	88.51858	86.84152
9/24/2025	4:51:56 PM	86.42487	86.68123	87.98557	87.86711	88.30006	88.67579	88.32781	88.36687	87.53134	87.24299	86.45799	86.58406	88.41376	86.75305
9/24/2025	4:51:59 PM	86.34639	86.59870	87.89140	87.77353	88.20433	88.57965	88.23480	88.27269	87.44397	87.15875	86.38135	86.50496	88.31411	86.66901
9/24/2025	4:52:03 PM	86.27069	86.52060	87.80007	87.68356	88.11198	88.48665	88.14403	88.18174	87.36044	87.07729	86.30782	86.42821	88.21546	86.58594
9/24/2025	4:52:06 PM	86.19241	86.43945	87.70786	87.59178	88.01818	88.39226	88.05228	88.08945	87.27497	86.99518	86.23172	86.34976	88.11637	86.50359
9/24/2025	4:52:10 PM	86.11695	86.36138	87.61903	87.50307	87.92800	88.30113	87.96326	88.00018	87.19133	86.91334	86.15792	86.27383	88.01900	86.42158
9/24/2025	4:52:14 PM	86.04174	86.28384	87.52935	87.41458	87.83765	88.20931	87.87497	87.90990	87.10780	86.83451	86.08440	86.19650	87.92262	86.33931
9/24/2025	4:52:17 PM	85.96692	86.20671	87.44035	87.32764	87.74865	88.11905	87.78708	87.82123	87.02667	86.75476	86.01211	86.12278	87.82694	86.25925
9/24/2025	4:52:21 PM	85.89353	86.13030	87.35136	87.24004	87.65871	88.02914	87.69941	87.73259	86.94500	86.67691	85.94076	86.04910	87.73264	86.17990
9/24/2025	4:52:24 PM	85.82152	86.05491	87.26616	87.15513	87.57175	87.94056	87.61381	87.64659	86.86521	86.59996	85.86984	85.97610	87.64013	86.10160
9/24/2025	4:52:28 PM	85.75048	85.98108	87.18088	87.06960	87.48444	87.85216	87.52799	87.55945	86.78561	86.52297	85.79985	85.90369	87.54726	86.02370
9/24/2025	4:52:32 PM	85.67987	85.90803	87.09703	86.98677	87.40035	87.76730	87.44597	87.47625	86.70910	86.45112	85.73332	85.83470	87.45879	85.94928
9/24/2025	4:52:35 PM	85.61163	85.83666	87.01521	86.90702	87.31712	87.68269	87.36367	87.39351	86.63372	86.37724	85.66588	85.76461	87.36898	85.87344
9/24/2025	4:52:39 PM	85.54397	85.76674	86.93471	86.82824	87.23600	87.60150	87.28479	87.31351	86.56010	86.30518	85.60059	85.69777	87.28315	85.80121
9/24/2025	4:52:42 PM	85.47900	85.69902	86.85779	86.75169	87.15759	87.52180	87.20711	87.23496	86.48765	86.23642	85.53667	85.63260	87.19943	85.73036
9/24/2025	4:52:46 PM	85.41338	85.63220	86.77971	86.67597	87.07786	87.44105	87.12966	87.15639	86.41489	86.16797	85.47377	85.56755	87.11673	85.66052
9/24/2025	4:52:49 PM	85.34966	85.56544	86.70205	86.60009	86.99989	87.36200	87.05259	87.07842	86.34301	86.09836	85.41048	85.50365	87.03349	85.59038
9/24/2025	4:52:53 PM	85.28707	85.50064	86.62684	86.52551	86.92364	87.28314	86.97538	87.00022	86.27089	86.02950	85.34722	85.43860	86.94978	85.51959
9/24/2025	4:52:57 PM	85.22217	85.43247	86.54940	86.44962	86.84452	87.20335	86.89808	86.92188	86.19918	85.96140	85.28375	85.37355	86.86700	85.44927
9/24/2025	4:53:00 PM	85.15931	85.36754	86.47455	86.37514	86.76817	87.12488	86.82286	86.84663	86.12892	85.89426	85.22266	85.31140	86.78705	85.38149
9/24/2025	4:53:04 PM	85.09795	85.30440	86.40057	86.30284	86.69356	87.04838	86.74804	86.77061	86.06003	85.82679	85.16033	85.24803	86.70489	85.31194
9/24/2025	4:53:07 PM	85.03550	85.24003	86.32560	86.22925	86.61635	86.97118	86.67209	86.69352	85.98921	85.75914	85.09793	85.18486	86.62411	85.24349
9/24/2025	4:53:11 PM	84.97337	85.17596	86.25220	86.15730	86.54350	86.89668	86.60012	86.62151	85.92230	85.69487	85.03898	85.12517	86.54755	85.17836
9/24/2025	4:53:15 PM	84.91388	85.11355	86.18095	86.08699	86.46981	86.82194	86.52775	86.54728	85.85487	85.63045	84.97925	85.06369	86.46885	85.11026
9/24/2025	4:53:18 PM	84.85296	85.05037	86.10833	86.01537	86.39593	86.74660	86.45536	86.47401	85.78797	85.56619	84.92012	85.00329	86.39077	85.04470
9/24/2025	4:53:22 PM	84.79418	84.99012	86.03847	85.94726	86.32647	86.67570	86.38553	86.40467	85.72391	85.50355	84.86270	84.94471	86.31625	84.98147
9/24/2025	4:53:26 PM	84.73621	84.92982	85.97049	85.87910	86.25689	86.60469	86.31677	86.33454	85.66115	85.44327	84.80643	84.88724	86.24226	84.91881
9/24/2025	4:53:29 PM	84.67998	84.87255	85.90508	85.81416	86.18947	86.53658	86.24922	86.26571	85.59814	85.38340	84.75168	84.83148	86.17085	84.85753
9/24/2025	4:53:33 PM	84.62590	84.81676	85.84004	85.75007	86.12394	86.46880	86.18368	86.19928	85.53716	85.32515	84.69761	84.77721	86.10038	84.79740
9/24/2025	4:53:36 PM	84.57111	84.75937	85.77386	85.68497	86.05671	86.40122	86.11780	86.13191	85.47616	85.26701	84.64379	84.72210	86.02937	84.73713
9/24/2025	4:53:40 PM	84.51722	84.70381	85.70983	85.62193	85.99125	86.33350	86.05129	86.06616	85.41612	85.20883	84.59039	84.66789	85.95955	84.67780
9/24/2025	4:53:43 PM	84.46377	84.64819	85.64676	85.55855	85.92638	86.26789	85.98727	86.00084	85.35706	85.15082	84.53764	84.61454	85.89045	84.61861
9/24/2025	4:53:47 PM	84.41166	84.59386	85.58397	85.49669	85.86226	86.20216	85.92448	85.93766	85.29864	85.09556	84.48608	84.56269	85.82286	84.56158
9/24/2025	4:53:51 PM	84.35987	84.54015	85.52186	85.43622	85.80074	86.13983	85.86288	85.87515	85.24211	85.04046	84.43558	84.51135	85.75744	84.50589
9/24/2025	4:53:54 PM	84.30938	84.48824	85.46261	85.37763	85.74042	86.07761	85.80252	85.81409	85.18632	84.98712	84.38600	84.46030	85.69243	84.45094
9/24/2025	4:53:58 PM	84.25936	84.43684	85.40320	85.31954	85.67906	86.01507	85.74177	85.75135	85.12981	84.93329	84.33537	84.41017	85.62767	84.39451
9/24/2025	4:54:01 PM	84.20910	84.38512	85.34381	85.26011	85.61920	85.95321	85.68141	85.69078	85.07443	84.87942	84.28587	84.35984	85.56258	84.33912
9/24/2025	4:54:05 PM	84.15785	84.33147	85.28224	85.20034	85.55715	85.88965	85.61878	85.62758	85.01740	84.82477	84.23538	84.30815	85.49684	84.28228
9/24/2025	4:54:09 PM	84.10776	84.28010	85.22452	85.14390	85.49910	85.83041	85.56180	85.56914	84.96461	84.77401	84.18786	84.26046	85.43556	84.23050
9/24/2025	4:54:12 PM	84.06147	84.23350	85.17040	85.08986	85.44215	85.77264	85.50552	85.51180	84.91234	84.72408	84.14191	84.21349	85.37585	84.17939
9/24/2025	4:54:16 PM	84.01400	84.18444	85.11449	85.03473	85.38518	85.71436	85.44866	85.45384	84.85874	84.67265	84.09401	84.16541	85.31330	84.12614
9/24/2025	4:54:19 PM	83.96755	84.13631	85.05840	84.98004	85.32937	85.65657	85.39252	85.39644	84.80794	84.62386	84.04951	84.12025	85.25414	84.07559
9/24/2025	4:54:23 PM	83.92138	84.08834	85.00460	84.92692	85.27350	85.59944	85.33700	85.34004	84.75664	84.57399	84.00369	84.07401	85.19492	84.02427
9/24/2025	4:54:26 PM	83.87622	84.04102	84.94957	84.87268	85.21846	85.54208	85.28058	85.28286	84.70519	84.52484	83.95799	84.02791	85.13481	83.97364
9/24/2025	4:54:30 PM	83.83090	83.99467	84.89615	84.82037	85.16360	85.48638	85.22674	85.22822	84.65521	84.47750	83.91388	83.98357	85.07747	83.92405
9/24/2025	4:54:34 PM	83.78651	83.94856	84.84349	84.76832	85.10972	85.43114	85.17297	85.17406	84.60571	84.42978	83.86947	83.93884	85.02038	83.87531
9/24/2025	4:54:37 PM	83.74281	83.90384	84.79298	84.71821	85.05798	85.37778	85.12119	85.12070	84.55783	84.38376	83.82619	83.89536	84.96444	83.82799
9/24/2025	4:54:41 PM	83.69960	83.85919	84.74228	84.66872	85.00732	85.32596	85.07007	85.06901	84.51058	84.33848	83.78529	83.85342	84.91018	83.78167
9/24/2025	4:54:44 PM	83.65756	83.81618	84.69256	84.61952	84.95628	85.27405	85.01919	85.01733	84.46437	84.29348	83.74382	83.81201	84.85603	83.73558
9/24/2025	4:54:48 PM	83.61644	83.77261	84.64202	84.57040	84.90411	85.22068	84.96764	84.96545	84.41716	84.24826	83.70181	83.76953	84.80183	83.68876
9/24/2025	4:54:52 PM	83.57466	83.72892	84.59322	84.52151	84.85457	85.16901	84.91791	84.91490	84.37175	84.20472	83.66063	83.72773	84.74840	83.64320
9/24/2025	4:54:55 PM	83.53291	83.68580	84.54333	84.47317	84.80360	85.11657	84.86678	84.86338	84.32495	84.15973	83.61822	83.68544	84.69264	83.59571
9/24/2025	4:54:59 PM	83.49172	83.64265	84.49515	84.42482	84.75459	85.06620	84.81711	84.81348	84.28021	84.11690	83.57946	83.64537	84.64153	83.55185
9/24/2025	4:55:02 PM	83.45091	83.60032	84.44637	84.37728	84.70522	85.01561	84.76826	84.76426	84.23578	84.07440	83.53942	83.60579	84.59003	83.50826
9/24/2025	4:55:06 PM	83.41163	83.56018	84.40045	84.33231	84.65800	84.96706	84.72089	84.71626	84.19246	84.03297	83.50022	83.56566	84.53894	83.46453
9/24/2025	4:55:10 PM	83.37230	83.51953	84.35411	84.28660	84.61122	84.91927	84.67405	84.66913	84.15000	83.99268	83.46295	83.52792	84.49016	83.42316
9/24/2025	4:55:13 PM	83.33420	83.48019	84.30940	84.24291	84.56571	84.87211	84.62864	84.62285	84.10856	83.95268	83.42644	83.49111	84.44274	83.38220
9/24/2025	4:55:17 PM	83.29792	83.44239	84.26610	84.19994	84.52100	84.82573	84.58372	84.57746	84.06715	83.91283	83.38875	83.45297	84.39380	83.34052
9/24/2025	4:55:20 PM	83.26104	83.40399	84.22209	84.15569	84.47636	84.77980	84.53866	84.53190	84.02623	83.87397	83.35219	83.41633	84.34664	83.29978
9/24/2025	4:55:24 PM	83.22369	83.36478	84.17805	84.11301	84.43090	84.73372	84.49440	84.48717	83.98547	83.83508	83.31642	83.37948	84.29963	83.25940
9/24/2025	4:55:28 PM	83.18769	83.32800	84.13649	84.07224	84.38905	84.69067	84.45271	84.44419	83.94695	83.79746	83.28167	83.34414	84.25401	83.22041
9/24/2025	4:55:31 PM	83.15229	83.29095	84.09366	84.03001	84.34567	84.64568	84.40838	84.40036	83.90793	83.76001	83.24637	83.30880	84.20864	83.18196
9/24/2025	4:55:35 PM	83.11661	83.25435	84.05195	83.98930	84.30262	84.60144	84.36565	84.35690	83.86916	83.72344	83.21163	83.27388	84.16279	83.14341
9/24/2025	4:55:38 PM	83.08251	83.21949	84.01178	83.94905	84.26196	84.55920	84.32449	84.31511	83.83087	83.68650	83.17732	83.23938	84.11895	83.10587
9/24/2025	4:55:42 PM	83.04764	83.18279	83.97012	83.90854	84.22000	84.51617	84.28243	84.27297	83.79276	83.65008	83.14303	83.20434	84.07513	83.06773
9/24/2025	4:55:46 PM	83.01332	83.14770	83.93050	83.86946	84.17962	84.47354	84.24106	84.23193	83.75554	83.61380	83.10984	83.17028	84.03184	83.03227
9/24/2025	4:55:49 PM	82.97908	83.11269	83.88984	83.82963	84.13913	84.43114	84.19962	84.18932	83.71652	83.57730	83.07578	83.13589	83.98678	82.99336
9/24/2025	4:55:53 PM	82.94525	83.07762	83.85066	83.79021	84.09754	84.38938	84.15899	84.14819	83.67993	83.54226	83.04230	83.10232	83.94308	82.95554
9/24/2025	4:55:56 PM	82.91096	83.04259	83.81150	83.75194	84.05806	84.34873	84.11939	84.10790	83.64402	83.50698	83.01004	83.06997	83.90170	82.92015
9/24/2025	4:56:00 PM	82.87900	83.00956	83.77378	83.71521	84.01938	84.30930	84.08118	84.06883	83.60913	83.47349	82.97879	83.03820	83.86078	82.88439
9/24/2025	4:56:04 PM	82.84709	82.97610	83.73654	83.67752	83.98113	84.26898	84.04181	84.02933	83.57354	83.43970	82.94704	83.00650	83.81999	82.84873
9/24/2025	4:56:07 PM	82.81495	82.94378	83.69888	83.64034	83.94349	84.22959	84.00352	83.99069	83.53831	83.40616	82.91584	82.97474	83.77891	82.81391
9/24/2025	4:56:11 PM	82.78379	82.91055	83.66113	83.60322	83.90478	84.19003	83.96503	83.95147	83.50367	83.37235	82.88476	82.94342	83.73939	82.77991
9/24/2025	4:56:14 PM	82.75283	82.87894	83.62520	83.56794	83.86749	84.15185	83.92929	83.91547	83.47022	83.34134	82.85547	82.91377	83.70026	82.74649
9/24/2025	4:56:18 PM	82.72265	82.84815	83.58998	83.53367	83.83235	84.11558	83.89367	83.87864	83.43786	83.30957	82.82616	82.88397	83.66291	82.71385
9/24/2025	4:56:22 PM	82.69390	82.81813	83.55617	83.50047	83.79819	84.07935	83.85796	83.84340	83.40603	83.27943	82.79747	82.85444	83.62616	82.68201
9/24/2025	4:56:25 PM	82.66435	82.78769	83.52162	83.46672	83.76307	84.04268	83.82299	83.80818	83.37375	83.24773	82.76851	82.82527	83.58880	82.65024
9/24/2025	4:56:29 PM	82.63482	82.75771	83.48763	83.43295	83.72820	84.00746	83.78812	83.77294	83.34234	83.21811	82.74041	82.79661	83.55212	82.61881
9/24/2025	4:56:32 PM	82.60674	82.72883	83.45456	83.40021	83.69472	83.97260	83.75426	83.73892	83.31183	83.18818	82.71257	82.76870	83.51697	82.58830
9/24/2025	4:56:36 PM	82.57948	82.70058	83.42278	83.36921	83.66178	83.93904	83.72139	83.70525	83.28188	83.15933	82.68510	82.74133	83.48223	82.55863
9/24/2025	4:56:40 PM	82.55189	82.67199	83.39013	83.33639	83.62858	83.90394	83.68758	83.67070	83.25059	83.12954	82.65792	82.71326	83.44639	82.52768
9/24/2025	4:56:43 PM	82.52465	82.64358	83.35727	83.30420	83.59532	83.86905	83.65377	83.63599	83.21964	83.09953	82.62998	82.68566	83.41017	82.49613
9/24/2025	4:56:47 PM	82.49589	82.61394	83.32397	83.27139	83.56107	83.83314	83.61877	83.60128	83.18784	83.06975	82.60173	82.65674	83.37480	82.46520
9/24/2025	4:56:50 PM	82.46848	82.58521	83.29210	83.24045	83.52888	83.80078	83.58610	83.56837	83.15936	83.04087	82.57579	82.62572	83.33567	82.42566
9/24/2025	4:56:54 PM	82.42828	82.53155	83.23117	83.17414	83.46560	83.76046	83.55850	83.52865	83.09736	82.96491	82.44751	82.32837	83.02057	82.06305
9/24/2025	4:56:58 PM	78.31447	82.20370	82.87743	82.83305	82.73870	83.29047	83.00935	83.04775	82.65124	82.56855	77.19977	79.40901	82.57863	81.68762
9/24/2025	4:57:01 PM	78.88824	82.01460	82.67778	82.64264	79.97957	83.15427	82.94562	82.96131	82.54139	82.42732	77.19764	78.45315	82.45715	81.57803
9/24/2025	4:57:05 PM	79.89681	81.87079	82.50641	82.45764	78.58610	83.00225	82.80952	82.81553	82.39090	82.22244	77.21303	77.57553	82.31218	79.52873
9/24/2025	4:57:08 PM	77.12316	77.18319	77.28832	77.27319	77.17909	77.17696	77.15457	77.19359	77.15100	77.21944	77.22373	77.16331	76.58933	76.62893
