9/24/2025	2:08:36 PM	77.13918	77.14864	77.24199	77.19814	77.21909	77.15820	77.13137	77.17043	77.14851	77.21275	77.21322	77.15631	76.60309	76.59829
9/24/2025	2:08:39 PM	77.13976	77.14850	77.24246	77.19821	77.21897	77.15831	77.13117	77.17066	77.14859	77.21208	77.21299	77.15643	76.60334	76.59764
9/24/2025	2:08:43 PM	77.13875	77.14845	77.24066	77.19651	77.21726	77.15714	77.12940	77.16952	77.14770	77.21086	77.21187	77.15530	76.60077	76.59595
9/24/2025	2:08:46 PM	77.13677	77.14477	77.23529	77.19262	77.26547	77.37098	77.04077	77.07600	77.06725	77.14061	77.13655	77.07763	76.52502	76.52339
9/24/2025	2:08:50 PM	77.06932	77.07876	77.17051	77.13153	77.15493	77.09733	77.08970	77.13609	77.12832	77.21560	77.21452	77.13533	76.58395	76.59610
9/24/2025	2:08:53 PM	77.10494	77.11060	77.21254	77.19403	77.23352	77.26751	77.47118	77.59001	77.49716	77.52093	77.49834	77.31665	76.77027	76.83193
9/24/2025	2:08:57 PM	77.18160	77.21580	77.26961	77.16627	77.26397	77.28131	77.34066	77.39510	77.28507	77.28799	77.34380	77.23965	76.71591	76.74746
9/24/2025	2:09:00 PM	77.19804	77.24123	77.30586	77.21681	77.28569	77.25687	77.26840	77.33745	77.27875	77.35599	77.35296	77.25590	76.71067	76.72676
9/24/2025	2:09:04 PM	77.21542	77.24367	77.31803	77.24792	77.29884	77.26362	77.25747	77.35001	77.33399	77.68391	77.75146	77.26651	76.71309	76.72904
9/24/2025	2:09:08 PM	77.22846	77.25902	77.34473	77.26281	77.32401	77.28014	77.27422	77.44497	78.51419	81.04158	79.15313	77.30584	76.72974	76.75446
9/24/2025	2:09:11 PM	77.25764	77.28265	77.37054	77.28011	77.35600	77.31215	77.31083	77.94884	82.46020	90.14159	83.43838	77.44332	76.75477	76.79168
9/24/2025	2:09:15 PM	77.29701	77.31608	77.39875	77.33604	77.41835	77.35922	77.35172	80.04905	90.47867	97.96413	87.93195	83.95384	76.80356	76.86647
9/24/2025	2:09:18 PM	77.39464	77.36959	77.43967	77.39931	80.81051	77.41635	77.40033	87.52023	96.87624	105.53915	95.29396	93.03835	76.88860	77.83098
9/24/2025	2:09:22 PM	80.91822	77.47164	77.53431	77.47506	85.15860	77.47948	77.48002	93.79392	102.79779	112.17371	103.10412	100.30518	77.00874	84.77605
9/24/2025	2:09:25 PM	80.91748	82.70318	83.33081	79.13651	88.72091	77.59743	81.86590	98.89980	108.09064	118.41931	111.55838	106.23195	85.63427	91.17980
9/24/2025	2:09:29 PM	93.42209	90.09411	90.16487	84.02393	91.97288	85.51308	90.96644	103.39151	113.07323	124.15344	117.72215	111.27071	92.90645	95.95340
9/24/2025	2:09:32 PM	101.09087	95.84885	94.74332	83.23095	94.74044	91.51923	97.17123	107.77764	117.95685	129.44699	122.99793	115.75146	98.71663	102.34086
9/24/2025	2:09:36 PM	106.43189	100.84926	98.84078	85.21607	97.07421	95.79928	101.93253	111.84309	122.50702	133.98251	127.65566	119.89164	102.96631	107.21474
9/24/2025	2:09:39 PM	111.22401	104.52616	101.97256	93.10919	99.71002	99.17816	105.98524	115.67310	126.93850	138.51093	132.14462	124.12816	106.72069	111.86623
9/24/2025	2:09:43 PM	115.15990	108.32425	105.01373	98.05208	102.69117	102.52872	109.54686	119.45809	131.17145	142.84775	136.43886	128.21936	110.30302	115.97546
9/24/2025	2:09:47 PM	118.70830	111.81873	107.90764	101.92125	105.59048	105.22181	112.74637	123.27043	135.38826	147.22892	140.66524	131.93241	113.58898	119.76608
9/24/2025	2:09:50 PM	122.15983	114.79368	110.19566	104.79260	107.94141	107.75173	115.66997	126.88730	139.29554	151.18276	144.67277	135.31407	116.46239	123.18155
9/24/2025	2:09:54 PM	125.23604	117.97210	113.08283	107.38945	110.45845	110.26645	118.74495	130.44849	143.29920	155.17764	148.36771	138.86465	119.23920	126.65400
9/24/2025	2:09:57 PM	128.45484	120.66190	115.66594	109.99697	112.75420	112.51551	121.58773	134.12414	147.18543	159.02284	152.11511	142.21608	122.01693	130.00884
9/24/2025	2:10:01 PM	131.67751	123.52492	117.95005	112.47070	115.43371	114.92455	124.47855	137.73117	150.96575	162.88897	155.55961	145.52964	124.75747	133.24269
9/24/2025	2:10:04 PM	134.80752	126.26526	120.45777	115.01312	117.48268	117.39238	127.44846	141.24384	154.73051	166.53214	159.23531	148.84984	127.48675	136.42789
9/24/2025	2:10:08 PM	137.67172	129.06751	122.73587	117.48055	120.04288	119.83006	130.04572	144.66213	158.44970	170.06831	162.75033	151.98493	130.07713	139.54170
9/24/2025	2:10:11 PM	140.70088	131.86138	125.57061	120.08482	122.59028	122.25977	132.68379	147.86816	162.08746	173.50534	166.08851	155.07526	132.59329	142.51639
9/24/2025	2:10:15 PM	143.42158	134.41102	128.14446	122.39806	124.89231	124.70602	135.25182	150.95844	165.51360	177.10167	169.32708	157.99446	135.10014	145.49441
9/24/2025	2:10:18 PM	146.07101	136.90487	130.79960	124.94357	127.25314	127.07382	137.74737	154.05436	168.81056	180.62050	172.54673	160.98992	137.63029	148.47192
9/24/2025	2:10:22 PM	148.70300	139.55771	133.12197	127.11736	129.66428	129.42450	140.23205	157.07509	172.02507	184.07680	175.49107	163.85201	140.07516	151.25751
9/24/2025	2:10:25 PM	151.50133	142.34213	135.80677	129.53646	132.24540	131.86771	142.75153	159.97022	175.19260	187.55208	178.55138	166.49140	142.52964	153.97481
9/24/2025	2:10:29 PM	154.20895	144.84459	138.54836	131.67486	135.12234	134.23564	145.35591	162.98913	178.51139	190.83984	181.48534	169.36353	145.01792	156.74082
9/24/2025	2:10:32 PM	156.92525	147.20427	140.97865	133.87536	137.45775	136.54301	147.80189	165.76212	181.58829	193.97313	184.18239	172.00114	147.36225	159.37781
9/24/2025	2:10:36 PM	159.24230	149.69011	143.34271	136.04842	139.72612	138.80446	150.29134	168.60431	184.58681	196.92225	186.95958	174.67303	149.64319	161.94937
9/24/2025	2:10:39 PM	161.61814	151.76723	145.42417	138.43886	142.20542	141.09589	152.55909	171.26997	187.48030	199.84869	189.66085	177.29055	151.95300	164.45838
9/24/2025	2:10:43 PM	163.99594	154.23506	147.64283	140.54328	144.64304	143.28589	154.84062	173.90095	190.27758	202.64685	192.19768	179.71155	154.18520	166.91014
9/24/2025	2:10:47 PM	166.43459	156.88985	150.08193	142.96774	146.80119	145.51804	157.07912	176.44281	192.98358	205.38771	194.72401	182.25811	156.47541	169.37715
9/24/2025	2:10:50 PM	168.77658	159.36360	152.15631	145.12619	149.22972	147.76092	159.40267	179.05489	195.60765	207.97425	197.23068	184.61416	158.62009	171.73307
9/24/2025	2:10:54 PM	170.94523	161.58275	154.44780	147.09677	151.55326	149.85198	161.52186	181.56184	198.17429	210.47587	199.63615	186.80331	160.64924	174.01228
9/24/2025	2:10:57 PM	173.16053	163.79825	156.54050	149.09921	154.23555	151.86280	163.63021	183.96331	200.71421	212.87287	202.05242	189.16860	162.65651	176.29271
9/24/2025	2:11:01 PM	175.36143	165.82352	158.52675	151.09189	156.71330	153.86745	165.70993	186.37170	203.20789	215.20273	204.35681	191.45718	164.71897	178.51621
9/24/2025	2:11:04 PM	177.53987	167.93121	160.74734	152.89525	159.12996	155.87107	167.87516	188.84197	205.57445	217.43447	206.66653	193.59270	166.64703	180.67261
9/24/2025	2:11:08 PM	179.45985	169.89868	162.94736	154.53687	161.68954	157.76969	169.87721	191.26597	207.82978	219.65482	208.95542	195.69232	168.51067	182.76259
9/24/2025	2:11:11 PM	181.50554	171.80071	164.81093	156.11118	164.26273	159.60256	171.88381	193.65277	209.99111	221.75707	211.12383	197.74197	170.33269	184.79477
9/24/2025	2:11:15 PM	183.61267	173.32674	166.79776	157.78250	166.60980	161.43694	173.84335	195.84772	212.09316	223.76537	213.13380	199.75434	172.13065	186.79636
9/24/2025	2:11:19 PM	185.39051	174.94220	168.90128	159.28830	168.40909	163.11998	175.65908	197.84335	214.05267	225.67339	215.07030	201.60975	173.79575	188.65851
9/24/2025	2:11:22 PM	187.08517	176.67692	170.60474	161.00342	170.42864	164.79882	177.44056	199.96531	216.03095	227.58610	216.99268	203.45348	175.37657	190.60011
9/24/2025	2:11:26 PM	188.90011	178.33676	172.27936	162.86064	172.62840	166.27413	179.19763	202.07445	217.92230	229.41570	218.91278	205.29253	176.86702	192.46770
9/24/2025	2:11:29 PM	190.64842	179.81218	174.10081	164.77899	174.71930	167.75459	180.89270	204.08850	219.73294	231.17426	220.75855	207.11217	178.48986	194.27429
9/24/2025	2:11:33 PM	192.34086	181.29170	175.75452	166.75935	177.02982	169.30647	182.57502	205.98326	221.45789	232.87860	222.56481	208.83973	179.91124	196.00955
9/24/2025	2:11:36 PM	194.00769	182.55622	177.50729	168.73570	179.16707	170.80469	184.15073	207.84450	223.19444	234.53980	224.30339	210.50150	181.37356	197.67787
9/24/2025	2:11:40 PM	195.64157	183.85961	178.87288	170.42127	181.43912	172.24651	185.67411	209.51158	224.76904	236.03544	225.95983	212.08467	182.73136	199.27125
9/24/2025	2:11:43 PM	197.12518	185.26537	180.33193	172.28746	183.29088	173.69874	187.17841	211.25556	226.43131	237.54856	227.57492	213.68196	184.08571	200.87724
9/24/2025	2:11:47 PM	198.56757	186.37193	181.97000	173.94524	185.13966	175.14447	188.69310	212.94560	228.01236	239.04063	229.17434	215.35921	185.50231	202.47328
9/24/2025	2:11:50 PM	200.16448	187.57128	183.68419	175.70751	186.91334	176.55578	190.17571	214.60795	229.54286	240.49132	230.76245	216.92091	186.90828	204.06635
9/24/2025	2:11:54 PM	201.61119	188.72040	185.19505	177.22792	188.46766	177.91362	191.66263	216.12812	230.97741	241.84441	232.27992	218.43122	188.32176	205.60441
9/24/2025	2:11:57 PM	203.03793	189.87665	186.51112	178.49906	190.11978	179.29955	193.17266	217.69460	232.38842	243.17682	233.71005	219.88423	189.72590	207.13478
9/24/2025	2:12:01 PM	204.44816	191.03907	187.82096	179.87988	191.74530	180.66609	194.65153	219.23954	233.79896	244.48981	235.07560	221.18761	191.06800	208.60270
9/24/2025	2:12:04 PM	205.66344	191.99289	188.83315	180.77624	193.34656	181.99956	196.04412	220.71138	235.12869	245.76381	236.37871	222.56020	192.31789	210.02654
9/24/2025	2:12:08 PM	206.99845	193.12419	190.23738	181.79915	195.12173	183.33011	197.38343	222.19064	236.42438	247.02843	237.65233	223.96996	193.53710	211.43854
9/24/2025	2:12:11 PM	208.19520	194.10957	191.20838	182.79211	196.64522	184.56354	198.67545	223.58143	237.64132	248.18896	238.87286	225.28633	194.73360	212.78082
9/24/2025	2:12:15 PM	209.42079	195.12129	192.26382	183.73652	198.09391	185.82725	199.95785	224.92139	238.85345	249.25128	240.08507	226.57819	195.99646	214.11164
9/24/2025	2:12:18 PM	210.60005	196.14623	193.51195	184.74085	199.55387	187.07574	201.23949	226.22864	239.99502	250.31273	241.17744	227.80777	197.18054	215.41597
9/24/2025	2:12:22 PM	211.81442	197.11409	194.39856	185.61574	201.00981	188.31078	202.51860	227.53016	241.11814	251.36587	242.30945	229.06288	198.34446	216.69643
9/24/2025	2:12:26 PM	212.92367	198.05727	195.29870	186.59607	202.47067	189.49096	203.71870	228.77077	242.18487	252.33413	243.35125	230.17161	199.50048	217.90764
9/24/2025	2:12:29 PM	214.04803	199.02712	196.12808	187.49229	203.99548	190.66585	204.91524	229.95867	243.20470	253.23583	244.35904	231.30179	200.60269	219.08315
9/24/2025	2:12:32 PM	215.12554	199.95043	197.06664	188.50864	205.53376	191.81306	206.08028	231.13154	244.20574	254.12591	245.33173	232.35062	201.73148	220.27213
9/24/2025	2:12:36 PM	216.16721	200.91542	197.91037	189.45382	207.07294	192.96387	207.26256	232.26475	245.17524	254.96790	246.24573	233.38058	202.84727	221.41934
9/24/2025	2:12:40 PM	217.26049	201.91096	198.82446	190.55969	208.56007	194.10156	208.43895	233.35891	246.11093	255.79362	247.19141	234.44377	203.96016	222.57083
9/24/2025	2:12:43 PM	218.24867	202.87022	199.59582	191.39810	209.91758	195.21311	209.56886	234.41601	247.02613	256.55825	248.07713	235.48783	205.02646	223.64861
9/24/2025	2:12:47 PM	219.24331	203.82837	200.40704	192.36956	211.34297	196.28943	210.66773	235.42252	247.90176	257.28765	248.93195	236.47569	206.06392	224.69905
9/24/2025	2:12:50 PM	220.22499	204.78074	201.29418	193.42152	212.63543	197.35428	211.75152	236.39359	248.74737	257.97674	249.74635	237.41842	207.11325	225.71303
9/24/2025	2:12:54 PM	221.22404	205.77526	202.27482	194.45074	213.92717	198.43581	212.85606	237.36809	249.58528	258.64503	250.59136	238.33486	208.20732	226.74601
9/24/2025	2:12:57 PM	222.28807	206.80167	203.20843	195.49690	215.19473	199.51677	213.97610	238.33342	250.40006	259.28316	251.44596	239.28062	209.23963	227.75114
9/24/2025	2:13:01 PM	223.28720	207.78391	204.03467	196.53446	216.37046	200.56859	215.06252	239.26901	251.19239	259.89165	252.25135	240.21507	210.28819	228.74798
9/24/2025	2:13:05 PM	224.26961	208.77293	205.00352	197.49245	217.47894	201.59668	216.12566	240.17008	251.93572	260.42230	253.01618	241.10258	211.28484	229.70562
9/24/2025	2:13:08 PM	225.27869	209.74367	205.80767	198.47582	218.49318	202.60735	217.16793	241.03399	252.64193	260.92520	253.73836	242.02713	212.29412	230.65057
9/24/2025	2:13:12 PM	226.20279	210.70407	206.58720	199.46058	219.50683	203.58509	218.16752	241.85027	253.32320	261.40773	254.43803	242.82502	213.28284	231.55920
9/24/2025	2:13:15 PM	227.13692	211.66741	207.43912	200.45281	220.47091	204.55954	219.18319	242.66890	253.99018	261.86237	255.08636	243.66491	214.30746	232.48705
9/24/2025	2:13:19 PM	228.12796	212.64034	208.38629	201.46831	221.39317	205.54623	220.19159	243.44848	254.63101	262.33048	255.72575	244.45793	215.27405	233.36981
9/24/2025	2:13:22 PM	229.06706	213.60875	209.22183	202.48903	222.38204	206.51696	221.16594	244.22325	255.27767	262.77604	256.39754	245.24791	216.25256	234.25881
9/24/2025	2:13:26 PM	229.93036	214.53815	210.02862	203.49332	223.30414	207.47051	222.13604	244.98366	255.89576	263.22099	257.00446	246.02133	217.21454	235.13136
9/24/2025	2:13:29 PM	230.84882	215.47869	210.90550	204.44054	224.20880	208.40896	223.08174	245.71401	256.48491	263.64440	257.59962	246.73910	218.15328	235.98896
9/24/2025	2:13:33 PM	231.69756	216.37386	211.66762	205.33238	225.09922	209.33510	224.01897	246.44264	257.07146	264.06457	258.19839	247.43360	219.08781	236.83457
9/24/2025	2:13:36 PM	232.52553	217.28859	212.56314	206.26070	226.01625	210.27452	224.95437	247.16672	257.63516	264.48816	258.75342	248.15008	220.02566	237.68364
9/24/2025	2:13:40 PM	233.36135	218.19896	213.41589	207.21416	226.94661	211.20679	225.89388	247.87327	258.17734	264.91776	259.31509	248.86990	220.96032	238.51666
9/24/2025	2:13:43 PM	234.20151	219.10437	214.23923	208.10554	227.82013	212.11469	226.79408	248.54846	258.69280	265.34961	259.84116	249.56729	221.87178	239.33320
9/24/2025	2:13:47 PM	235.01294	219.99287	215.00839	208.96117	228.69850	213.00439	227.67622	249.20147	259.19325	265.79026	260.36467	250.20473	222.77136	240.11642
9/24/2025	2:13:50 PM	235.82755	220.88480	215.68051	209.86637	229.62762	213.91699	228.56817	249.86378	259.70160	266.25219	260.90085	250.85593	223.67599	240.90389
9/24/2025	2:13:54 PM	236.59037	221.75465	216.42889	210.81129	230.47721	214.80246	229.43560	250.50240	260.19936	266.71284	261.40627	251.50474	224.53756	241.67160
9/24/2025	2:13:57 PM	237.37802	222.62519	217.20739	211.63895	231.32322	215.68406	230.29792	251.13133	260.69624	267.17406	261.93935	252.16069	225.40391	242.44303
9/24/2025	2:14:01 PM	238.12300	223.47713	218.08950	212.51263	232.16150	216.54436	231.13516	251.73561	261.17681	267.64413	262.43576	252.81108	226.25537	243.19109
9/24/2025	2:14:05 PM	238.85850	224.31753	218.97175	213.39844	232.98719	217.40233	231.96410	252.32479	261.65585	268.11417	262.95274	253.43968	227.08624	243.92550
9/24/2025	2:14:08 PM	239.59855	225.16873	219.93873	214.24375	233.81968	218.26085	232.78999	252.89514	262.13372	268.61108	263.44937	254.04266	227.91178	244.64621
9/24/2025	2:14:12 PM	240.36718	225.99561	220.66823	215.09295	234.61938	219.10851	233.59861	253.45743	262.61265	269.10890	263.94403	254.66254	228.73873	245.36459
9/24/2025	2:14:15 PM	241.09020	226.83457	221.55854	215.89860	235.41138	219.94735	234.39976	254.00485	263.09253	269.62628	264.42006	255.26508	229.54342	246.05929
9/24/2025	2:14:19 PM	241.80770	227.64233	222.36170	216.72890	236.15584	220.78351	235.19299	254.54858	263.58901	270.16397	264.93461	255.85181	230.36631	246.75556
9/24/2025	2:14:23 PM	242.49137	228.43976	223.04290	217.54613	236.90476	221.60324	235.96973	255.09028	264.09093	270.70148	265.46191	256.43230	231.17003	247.43110
9/24/2025	2:14:26 PM	243.18836	229.22766	223.80729	218.35794	237.66315	222.41842	236.73797	255.61591	264.60411	271.23611	266.00390	256.98335	231.95569	248.09015
9/24/2025	2:14:30 PM	243.88044	230.01966	224.63614	219.17485	238.42959	223.22604	237.49021	256.13530	265.13859	271.77579	266.52615	257.50907	232.74093	248.73095
9/24/2025	2:14:33 PM	244.55614	230.79584	225.24449	219.93522	239.14453	224.02431	238.24031	256.64304	265.68584	272.30256	267.08407	258.04597	233.52565	249.36334
9/24/2025	2:14:37 PM	245.22430	231.55517	226.13474	220.48420	239.00214	225.08355	239.65972	257.55764	265.89023	272.41198	267.33711	258.13610	234.61176	250.38268
9/24/2025	2:14:41 PM	246.20460	233.16362	228.14199	221.68808	236.76578	226.51764	241.06434	257.39967	265.48645	272.51096	267.23831	257.92748	236.56701	252.60723
9/24/2025	2:14:44 PM	247.54273	234.70494	230.62352	223.67995	235.21082	228.20210	242.64490	257.67788	265.85136	272.75830	267.16157	258.37768	238.71779	254.97583
9/24/2025	2:14:48 PM	249.06379	236.45067	233.20883	226.62838	234.47297	229.99831	244.11903	258.07448	266.15964	272.96574	267.25260	259.03535	240.79329	257.06875
9/24/2025	2:14:51 PM	250.51148	238.10782	235.87657	229.46004	234.36647	231.75108	245.52455	258.57123	266.62245	273.31495	267.24389	259.75328	242.71864	258.87030
9/24/2025	2:14:55 PM	251.80743	239.69556	238.13290	232.20982	234.79945	233.71974	246.72727	259.26450	267.27862	273.65073	267.62661	260.52986	244.58053	260.39483
9/24/2025	2:14:59 PM	253.04288	241.28842	240.02266	235.12417	235.71667	235.63204	247.97071	259.87565	267.77583	274.02185	268.15449	261.30902	246.41283	261.81985
9/24/2025	2:15:02 PM	254.17242	242.87822	241.56376	237.91778	236.90303	237.48395	249.06830	260.54410	268.48747	274.29840	268.50702	262.00779	248.04321	262.94151
9/24/2025	2:15:06 PM	255.18911	244.37232	243.02515	240.30472	238.12031	239.12051	250.36795	261.11545	268.98071	274.47808	268.91578	262.69291	249.48213	263.82489
9/24/2025	2:15:09 PM	256.14999	245.69086	244.58803	242.46363	239.25885	240.44967	251.62120	261.59379	269.46275	274.69315	269.33653	263.32100	250.77451	264.49744
9/24/2025	2:15:13 PM	257.00492	246.92523	246.09284	244.33439	240.47366	241.73165	252.65848	262.07238	269.89058	274.76960	269.65538	263.90449	251.96029	264.99247
9/24/2025	2:15:17 PM	257.74666	247.97704	247.53229	246.06938	241.65036	242.86451	253.60672	262.50218	270.15514	274.83523	270.07078	264.45438	253.00785	265.45231
9/24/2025	2:15:20 PM	258.44396	249.09502	248.98501	247.76792	242.80907	244.06306	254.43752	263.07903	270.68862	274.97115	270.34283	264.99115	253.99926	265.93303
9/24/2025	2:15:24 PM	259.21755	250.15062	250.27458	249.32200	243.79716	245.18709	255.22298	263.68549	271.31835	275.14358	270.70445	265.54858	254.91280	266.41921
9/24/2025	2:15:27 PM	259.89395	251.20914	251.43826	250.86318	244.78125	246.26418	255.97927	264.28276	271.82635	275.41526	271.19523	266.20092	255.81574	266.96582
9/24/2025	2:15:31 PM	260.63571	252.28745	252.60606	252.27002	245.84823	247.38439	256.59726	264.96569	272.49627	275.73863	271.70484	266.86227	256.68002	267.49389
9/24/2025	2:15:34 PM	261.36053	253.32673	253.67543	253.76165	246.93358	248.58060	257.21828	265.64550	272.96418	276.03392	272.26594	267.45740	257.49226	268.04650
9/24/2025	2:15:38 PM	262.06230	254.27048	254.78184	255.04514	247.99554	249.64410	257.87629	266.31878	273.63522	276.40901	272.79523	268.03391	258.22459	268.54380
9/24/2025	2:15:41 PM	262.76934	255.14180	255.82764	256.19001	248.94523	250.53489	258.53089	266.98629	274.10934	276.73285	273.32837	268.63791	258.92192	268.99232
9/24/2025	2:15:45 PM	263.41747	255.97576	256.76092	257.30160	249.78266	251.25618	259.25920	267.52849	274.60493	277.08599	273.75900	269.13357	259.59556	269.37287
9/24/2025	2:15:49 PM	264.01999	256.68103	257.68240	258.33737	250.71588	251.91443	260.09600	268.05176	274.95069	277.36575	274.15434	269.60050	260.25879	269.70630
9/24/2025	2:15:52 PM	264.62226	257.39211	258.55300	259.37644	251.69376	252.68709	260.84064	268.55323	275.33922	277.65719	274.61518	270.06713	260.86348	270.06071
9/24/2025	2:15:56 PM	265.15800	258.14279	259.24661	260.34252	252.72310	253.38078	261.56340	269.05141	275.80382	277.95402	275.07228	270.52058	261.47838	270.36242
9/24/2025	2:15:59 PM	265.67158	258.85004	259.81931	261.24943	253.74188	254.11343	262.24726	269.50524	276.10917	278.25405	275.35406	270.84027	262.01947	270.69269
9/24/2025	2:16:03 PM	266.10775	259.53254	260.00598	262.07473	254.92465	255.02294	262.90385	270.00451	276.51829	278.47919	275.67422	271.17012	262.56650	270.99259
9/24/2025	2:16:06 PM	266.56735	260.15804	260.22225	262.95825	256.05045	255.86766	263.54699	270.47505	276.93867	278.78000	276.00080	271.53330	263.13925	271.32636
9/24/2025	2:16:10 PM	266.97060	260.70817	260.52759	263.74172	257.17521	256.70093	264.13989	270.99288	277.22268	279.01713	276.37483	271.83893	263.69478	271.60289
9/24/2025	2:16:14 PM	267.31429	261.05189	260.96436	264.40390	258.38555	257.55944	264.61285	271.47341	277.50488	279.28961	276.82363	272.18592	264.27417	271.94389
9/24/2025	2:16:17 PM	267.75538	261.63254	261.64889	265.32537	259.59926	258.43240	265.16715	271.99315	277.89684	279.60588	277.29383	272.56808	264.85800	272.32198
9/24/2025	2:16:21 PM	268.16070	262.10215	262.26621	266.09521	260.84237	259.22555	265.63646	272.45576	278.32980	279.93284	277.68280	272.96789	265.42986	272.69842
9/24/2025	2:16:24 PM	268.58967	262.59441	263.00352	266.91473	262.10989	260.02175	266.10442	272.89756	278.67277	280.26832	278.11725	273.43374	265.96190	273.14290
9/24/2025	2:16:28 PM	269.04486	263.25407	263.74678	267.71621	263.28155	260.77586	266.64558	273.36337	279.08444	280.58489	278.59600	273.88607	266.55799	273.56032
9/24/2025	2:16:31 PM	269.52998	263.91990	264.40266	268.59127	264.58049	261.59568	267.13841	273.78984	279.58233	280.95577	279.11394	274.38744	267.19619	274.03737
9/24/2025	2:16:35 PM	270.02674	264.67550	264.86070	269.30051	265.71854	262.32551	267.63981	274.15531	279.90668	281.32512	279.66416	274.93134	267.85883	274.44822
9/24/2025	2:16:39 PM	270.53866	265.42014	265.53794	270.08827	266.88144	263.04736	268.07114	274.51547	280.36315	281.71273	280.15737	275.46957	268.44902	274.85436
9/24/2025	2:16:42 PM	271.04174	266.18693	266.07245	270.84137	267.96542	263.73147	268.44775	274.88856	280.76554	282.07612	280.66272	276.06589	268.98914	275.28208
9/24/2025	2:16:46 PM	271.49675	266.88255	266.96930	271.62056	268.96048	264.36460	268.85634	275.28492	281.11436	282.42862	281.11142	276.58478	269.45492	275.68851
9/24/2025	2:16:50 PM	271.83765	267.51771	268.01767	272.32744	269.79573	264.96220	269.18888	275.72437	281.53481	282.78928	281.61064	277.19307	269.96536	276.17341
9/24/2025	2:16:53 PM	272.24330	268.18447	269.36286	273.07225	270.57701	265.51076	269.68309	276.15348	281.99319	283.12002	281.97441	277.59420	270.24074	276.41378
9/24/2025	2:16:57 PM	272.41675	268.13427	268.46264	272.51258	270.33608	265.23991	269.63905	276.19718	281.77602	283.10220	281.84608	277.53684	269.92918	276.01576
9/24/2025	2:17:00 PM	272.29562	267.60451	267.00475	271.30147	269.95199	264.80265	269.40883	276.12320	281.57235	283.10669	281.74363	277.46218	269.60027	275.55920
9/24/2025	2:17:04 PM	272.13554	267.04696	265.76555	270.23733	269.63104	264.37603	269.04923	275.94788	281.23315	282.93911	281.41463	277.14675	268.24608	274.14866
9/24/2025	2:17:07 PM	271.29403	266.00457	265.40184	269.90493	269.89509	263.99828	267.27856	274.90093	280.19475	282.17957	280.52623	276.19588	265.55346	271.50012
9/24/2025	2:17:11 PM	269.71245	264.73930	265.41559	269.99453	270.12054	263.31592	264.93124	273.59447	279.08137	281.13009	279.50873	275.13565	263.25627	269.59422
9/24/2025	2:17:15 PM	267.69871	262.52642	263.98039	268.68413	268.42379	260.74385	261.09394	269.53336	275.43186	277.24561	275.52514	271.28905	260.60512	266.45395
9/24/2025	2:17:18 PM	264.17100	259.85151	261.78005	266.12314	265.93148	258.82758	258.95826	266.68842	271.98037	273.80731	272.26299	268.43587	258.59475	263.49497
9/24/2025	2:17:22 PM	261.53279	257.82411	259.50951	263.55589	263.37633	256.17598	256.15122	262.87996	267.71902	269.50662	268.10857	264.60500	255.32175	259.27704
9/24/2025	2:17:25 PM	258.01096	254.77046	256.55840	260.26885	259.79690	252.54025	252.21056	258.16379	262.15427	264.21474	262.86614	259.98126	250.69210	253.90896
9/24/2025	2:17:29 PM	253.85182	250.44703	252.81023	255.99845	255.23975	247.92815	247.31950	252.57164	255.68600	258.20974	256.80686	254.62101	245.06995	247.61723
9/24/2025	2:17:32 PM	248.91699	245.48279	248.38022	250.74888	249.76953	242.50023	241.56703	246.19993	248.67318	251.40288	249.90777	248.38964	238.44484	240.33076
9/24/2025	2:17:36 PM	242.57486	240.01795	242.87265	244.70129	242.85996	236.35133	235.05200	239.29110	241.19325	244.03291	242.46248	241.56087	231.45276	232.89120
9/24/2025	2:17:40 PM	235.55553	233.76424	236.58152	237.78487	235.60674	229.58052	228.18658	231.75529	233.23964	236.36372	234.87121	234.28862	224.68813	225.58784
9/24/2025	2:17:43 PM	228.19967	226.93617	229.59016	230.30978	228.04698	222.53584	220.78980	223.89138	225.15924	228.35260	226.92333	226.51883	218.27896	218.31290
9/24/2025	2:17:47 PM	220.84141	219.48213	222.22879	222.30595	220.53752	215.06786	212.98280	215.62692	216.92019	219.88159	218.47715	218.37861	212.03697	211.21217
9/24/2025	2:17:50 PM	212.82291	211.44673	214.31381	214.01648	212.57615	207.36853	204.68443	206.90951	208.28741	211.16199	209.61351	209.67029	204.26578	202.45845
9/24/2025	2:17:54 PM	204.25554	202.61376	205.45823	204.99405	203.56043	198.47809	195.56815	197.25115	198.67295	201.06848	199.66773	199.88452	195.97917	193.50155
9/24/2025	2:17:57 PM	194.86297	193.39661	196.32065	195.39317	193.92827	188.82393	185.60689	187.23124	188.68625	191.11882	190.18903	190.71771	188.05966	184.91471
9/24/2025	2:18:01 PM	186.22644	185.10785	187.86825	186.65142	185.02588	179.98708	176.40598	177.99454	179.42852	181.79583	181.29030	182.15793	180.46737	176.82259
9/24/2025	2:18:04 PM	178.41883	177.43123	180.08914	178.70787	177.00670	171.91442	168.14518	169.71453	171.10962	173.46970	173.42168	174.61411	173.67135	169.52846
9/24/2025	2:18:08 PM	171.38534	170.59505	173.17690	171.67305	169.93198	164.82588	161.00253	162.55979	163.88945	166.19189	166.54321	168.04155	167.63235	163.11267
9/24/2025	2:18:11 PM	165.29570	164.47663	167.12581	165.38482	163.66494	158.65595	154.74082	156.26849	157.51381	159.75720	160.36710	162.12132	162.11775	157.32320
9/24/2025	2:18:15 PM	159.63474	158.82591	161.48624	159.63887	157.97096	153.09356	149.13235	150.69894	151.88559	154.13146	154.96182	156.81953	157.12935	152.11581
9/24/2025	2:18:18 PM	154.59526	153.81987	156.47231	154.60924	152.98960	148.32680	144.37675	145.95588	147.07000	149.29242	150.25489	152.16584	152.66681	147.47662
9/24/2025	2:18:22 PM	150.14787	149.38646	152.01004	150.16130	148.58141	144.13693	140.25617	141.82713	142.88858	145.09431	146.16878	148.13372	148.74963	143.46410
9/24/2025	2:18:26 PM	146.32663	145.57365	148.13673	146.33748	144.79233	140.56511	136.77011	138.33253	139.35530	141.51634	142.63745	144.64382	145.31588	139.94679
9/24/2025	2:18:29 PM	142.95791	142.18677	144.69559	142.96286	141.50037	137.44500	133.75637	135.30496	136.29352	138.42370	139.58304	141.60044	142.27970	136.86597
9/24/2025	2:18:33 PM	139.98266	139.18385	141.64362	139.95423	138.54575	134.65587	131.09013	132.63077	133.56329	135.66180	136.82692	138.88856	139.53842	134.10166
9/24/2025	2:18:36 PM	137.32250	136.51145	138.90684	137.28366	135.92563	132.18067	128.71382	130.23258	131.10867	133.15651	134.30195	136.38451	136.99188	131.54773
9/24/2025	2:18:40 PM	134.88050	134.08058	136.42212	134.86903	133.55154	129.96231	126.60616	128.10684	128.94012	130.94917	132.09042	134.19241	134.77796	129.33243
9/24/2025	2:18:43 PM	132.78619	131.99449	134.27153	132.78910	131.48816	128.04249	124.79336	126.26202	127.06296	129.04862	130.16192	132.26052	132.80499	127.38154
9/24/2025	2:18:47 PM	130.90275	130.10969	132.33799	130.91526	129.62995	126.32270	123.16248	124.59906	125.36961	127.33100	128.42260	130.51303	131.02527	125.62756
9/24/2025	2:18:50 PM	129.21476	128.42597	130.60409	129.23416	127.96272	124.78694	121.71440	123.10939	123.85409	125.77612	126.83890	128.93354	129.42021	124.05783
9/24/2025	2:18:54 PM	127.69226	126.91895	129.04419	127.71377	126.47508	123.39668	120.40979	121.76209	122.48614	124.37059	125.40891	127.49020	127.95904	122.63330
9/24/2025	2:18:57 PM	126.30048	125.53722	127.61681	126.30696	125.08756	122.10219	119.20119	120.51548	121.21814	123.08901	124.08926	126.17457	126.62811	121.35001
9/24/2025	2:19:01 PM	125.03161	124.28418	126.32636	125.03821	123.84146	120.94341	118.11297	119.38691	120.07008	121.90799	122.88128	124.97047	125.41069	120.18292
9/24/2025	2:19:04 PM	123.87517	123.14099	125.14448	123.87044	122.69621	119.87897	117.11452	118.35172	119.01592	120.82822	121.77047	123.86381	124.28542	119.10554
9/24/2025	2:19:08 PM	122.81308	122.10034	124.07000	122.79523	121.63964	118.89643	116.19587	117.39576	118.04303	119.82527	120.73548	122.83460	123.24632	118.11165
9/24/2025	2:19:11 PM	121.83178	121.13562	123.07502	121.79759	120.66180	117.98678	115.34784	116.51704	117.14913	118.90164	119.78860	121.89061	122.29375	117.20300
9/24/2025	2:19:15 PM	120.92125	120.24745	122.16352	120.87955	119.75273	117.14280	114.55593	115.68513	116.30776	118.02547	118.89754	120.99528	121.38486	116.33749
9/24/2025	2:19:18 PM	120.04732	119.40139	121.28891	119.99155	118.87914	116.33100	113.80309	114.89763	115.50630	117.19718	118.05703	120.15217	120.53374	115.53573
9/24/2025	2:19:22 PM	119.25822	118.63223	120.49601	119.18470	118.07865	115.59098	113.11154	114.17247	114.76497	116.43297	117.28666	119.37924	119.75689	114.80500
9/24/2025	2:19:25 PM	118.50839	117.91023	119.74894	118.42202	117.32514	114.89598	112.46721	113.49818	114.07655	115.71876	116.56638	118.64973	119.02451	114.12108
9/24/2025	2:19:29 PM	117.83745	117.26385	119.07758	117.73279	116.63691	114.26393	111.87986	112.88039	113.44814	115.06504	115.90412	117.98694	118.35868	113.49756
9/24/2025	2:19:32 PM	117.19895	116.64841	118.44067	117.07725	115.98513	113.67022	111.33124	112.30165	112.85632	114.45210	115.29190	117.36720	117.73265	112.91890
9/24/2025	2:19:36 PM	116.59540	116.06458	117.83192	116.45108	115.36118	113.09591	110.80459	111.73866	112.28194	113.85443	114.69180	116.75760	117.11896	112.35206
9/24/2025	2:19:40 PM	116.01137	115.50439	117.24909	115.84764	114.75775	112.54679	110.29503	111.19930	111.72777	113.28358	114.11929	116.17466	116.53608	111.81308
9/24/2025	2:19:43 PM	115.45414	114.97011	116.69408	115.27339	114.18768	112.02453	109.81055	110.69284	111.21110	112.74382	113.57691	115.62412	115.98954	111.31371
9/24/2025	2:19:47 PM	114.95089	114.48777	116.19061	114.74927	113.66637	111.54883	109.37386	110.23102	110.73756	112.24915	113.07923	115.11486	115.47882	110.84566
9/24/2025	2:19:50 PM	114.46396	114.01619	115.69781	114.23647	113.16011	111.08723	108.94355	109.77636	110.27002	111.76159	112.58811	114.61393	114.97713	110.38756
9/24/2025	2:19:54 PM	113.97610	113.54932	115.21163	113.73139	112.65852	110.62637	108.51488	109.32613	109.80892	111.28290	112.11158	114.12435	114.48825	109.94433
9/24/2025	2:19:57 PM	113.52291	113.11656	114.75610	113.25634	112.18915	110.19425	108.11383	108.90550	109.37334	110.82950	111.65908	113.66025	114.02822	109.52712
9/24/2025	2:20:01 PM	113.07583	112.68743	114.30855	112.79371	111.73341	109.77635	107.72368	108.49696	108.95427	110.39309	111.21817	113.20959	113.57639	109.11928
9/24/2025	2:20:04 PM	112.64968	112.27838	113.87636	112.34320	111.28834	109.36844	107.34286	108.09403	108.53973	109.96267	110.78797	112.77132	113.13951	108.72221
9/24/2025	2:20:08 PM	112.24050	111.88753	113.46879	111.91702	110.86444	108.97921	106.97907	107.70774	108.14003	109.54987	110.37454	112.34356	112.71667	108.34037
9/24/2025	2:20:11 PM	111.83551	111.49872	113.06072	111.49398	110.44848	108.59933	106.62502	107.33652	107.76016	109.15442	109.97766	111.93822	112.31254	107.97695
9/24/2025	2:20:15 PM	111.45232	111.13079	112.67519	111.09367	110.05276	108.23688	106.28535	106.97893	107.38962	108.76766	109.58406	111.53917	111.91796	107.61857
9/24/2025	2:20:18 PM	111.06552	110.75841	112.28492	110.68754	109.65320	107.86826	105.94070	106.61704	107.01418	108.37650	109.19725	111.13663	111.52053	107.26208
9/24/2025	2:20:22 PM	110.69591	110.40280	111.91384	110.30456	109.27442	107.52278	105.61690	106.27954	106.66390	108.01492	108.83533	110.76201	111.14843	106.92380
9/24/2025	2:20:26 PM	110.33597	110.05727	111.55000	109.92843	108.90304	107.18336	105.29843	105.94957	106.32352	107.66233	108.48315	110.40033	110.78983	106.60386
9/24/2025	2:20:29 PM	109.99523	109.72743	111.20533	109.56975	108.55097	106.86244	104.99807	105.63218	105.99557	107.31760	108.13114	110.04331	110.43559	106.28705
9/24/2025	2:20:33 PM	109.65214	109.39728	110.86264	109.21628	108.20088	106.54280	104.70023	105.32092	105.67086	106.97711	107.78314	109.68896	110.08415	105.97147
9/24/2025	2:20:36 PM	109.31757	109.07114	110.52249	108.86611	107.85451	106.22437	104.40105	105.00761	105.34238	106.63417	107.43554	109.33205	109.72962	105.65608
9/24/2025	2:20:40 PM	108.97714	108.74241	110.18203	108.51588	107.50986	105.90921	104.10570	104.69838	105.02075	106.30190	107.09719	108.98885	109.39372	105.35435
9/24/2025	2:20:43 PM	108.64635	108.42224	109.84727	108.17212	107.16855	105.59694	103.81272	104.38889	104.70049	105.97100	106.75558	108.64000	109.05285	105.04813
9/24/2025	2:20:47 PM	108.32043	108.10620	109.51792	107.83512	106.83844	105.29385	103.52938	104.08979	104.38985	105.64969	106.43056	108.30525	108.72630	104.75672
9/24/2025	2:20:50 PM	108.00605	107.80280	109.20008	107.50999	106.51852	105.00206	103.25383	103.79772	104.08515	105.33288	106.10595	107.97108	108.39878	104.46129
9/24/2025	2:20:54 PM	107.67775	107.48594	108.87363	107.17659	106.18995	104.70088	102.97183	103.50030	103.77496	105.01222	105.78725	107.64121	108.07420	104.16893
9/24/2025	2:20:57 PM	107.36595	107.18361	108.55777	106.85369	105.87113	104.40750	102.69457	103.20648	103.47196	104.69645	105.47018	107.31192	107.75031	103.87865
9/24/2025	2:21:01 PM	107.04625	106.87290	108.23690	106.52757	105.54934	104.11282	102.41646	102.91301	103.16790	104.38058	105.14883	106.98261	107.42613	103.58858
9/24/2025	2:21:04 PM	106.73255	106.56856	107.92212	106.20673	105.23482	103.82477	102.14535	102.62754	102.87553	104.07470	104.83981	106.66586	107.11656	103.31172
9/24/2025	2:21:08 PM	106.43644	106.28316	107.62675	105.90499	104.93759	103.55104	101.88686	102.35347	102.59071	103.77829	104.54002	106.35649	106.81564	103.03876
9/24/2025	2:21:11 PM	106.13463	105.99136	107.32519	105.59935	104.63713	103.27437	101.62413	102.07621	102.30345	103.48054	104.23732	106.04230	106.50767	102.76133
9/24/2025	2:21:15 PM	105.83500	105.70111	107.02609	105.29587	104.33873	102.99987	101.36465	101.80205	102.02026	103.18569	103.93865	105.73333	106.20478	102.48942
9/24/2025	2:21:19 PM	105.53613	105.41155	106.72519	104.99364	104.04248	102.72817	101.10592	101.52922	101.73937	102.89457	103.64633	105.43256	105.90841	102.22194
9/24/2025	2:21:22 PM	105.24600	105.12935	106.43391	104.69971	103.75283	102.46245	100.85414	101.26457	101.46578	102.61059	103.35909	105.13344	105.61575	101.95913
9/24/2025	2:21:26 PM	104.96056	104.85213	106.14821	104.41193	103.47197	102.20426	100.60963	101.00661	101.19882	102.33515	103.08189	104.84541	105.33221	101.70474
9/24/2025	2:21:29 PM	104.68181	104.58212	105.86936	104.12993	103.19498	101.94867	100.36807	100.75292	100.93729	102.06407	102.80585	104.55928	105.05020	101.45099
9/24/2025	2:21:33 PM	104.40754	104.31437	105.59344	103.85242	102.92275	101.69779	100.13150	100.50399	100.68075	101.79997	102.53819	104.28089	104.77702	101.20638
9/24/2025	2:21:37 PM	104.13735	104.05283	105.32204	103.57782	102.65420	101.45018	99.89630	100.25898	100.42600	101.53628	102.27076	104.00434	104.50448	100.96070
9/24/2025	2:21:40 PM	103.87272	103.79482	105.05409	103.30898	102.39223	101.20852	99.66661	100.01860	100.17769	101.28126	102.01184	103.73384	104.23708	100.72176
9/24/2025	2:21:44 PM	103.61123	103.54125	104.78949	103.04243	102.13216	100.96766	99.43919	99.78310	99.93380	101.03008	101.75582	103.46721	103.97486	100.48708
9/24/2025	2:21:48 PM	103.35552	103.29303	104.53148	102.78338	101.87954	100.73535	99.21833	99.55352	99.69688	100.78522	101.50572	103.20772	103.71834	100.25878
9/24/2025	2:21:51 PM	103.10088	103.04575	104.27309	102.52199	101.62395	100.49807	98.99433	99.32159	99.45682	100.53685	101.25089	102.94439	103.45918	100.02616
9/24/2025	2:21:55 PM	102.84937	102.80116	104.01943	102.26984	101.37642	100.27070	98.77861	99.09911	99.22755	100.29819	101.00793	102.69279	103.21057	99.80437
9/24/2025	2:21:58 PM	102.61031	102.56654	103.77448	102.02480	101.13590	100.04734	98.56698	98.88017	99.00182	100.06308	100.76763	102.44330	102.96142	99.58189
9/24/2025	2:22:02 PM	102.36904	102.33046	103.52905	101.77854	100.89665	99.82694	98.36015	98.66632	98.78194	99.83673	100.53991	102.20350	102.72006	99.36669
9/24/2025	2:22:05 PM	102.13194	102.09853	103.28807	101.53795	100.66259	99.61177	98.15760	98.45720	98.56764	99.61953	100.32740	101.97273	102.48624	99.15753
9/24/2025	2:22:09 PM	101.90883	101.88077	103.05999	101.30951	100.43792	99.40536	97.96324	98.25720	98.36215	99.40707	100.11087	101.74852	102.25784	98.95546
9/24/2025	2:22:13 PM	101.68917	101.66317	102.83197	101.08263	100.21515	99.19997	97.77108	98.05938	98.15813	99.19505	99.89272	101.52092	102.02897	98.75190
9/24/2025	2:22:16 PM	101.47132	101.44817	102.60690	100.85881	99.99748	98.99863	97.58168	97.86538	97.95930	98.98844	99.68325	101.30281	101.80752	98.55668
9/24/2025	2:22:20 PM	101.26219	101.24249	102.39137	100.64474	99.78609	98.80442	97.39914	97.67756	97.76497	98.78631	99.47512	101.08861	101.58874	98.36184
9/24/2025	2:22:23 PM	101.04886	101.03106	102.17042	100.42524	99.57217	98.60762	97.21382	97.48796	97.56960	98.58373	99.26587	100.87228	101.37226	98.17064
9/24/2025	2:22:27 PM	100.84063	100.82698	101.95734	100.21379	99.36450	98.41682	97.03449	97.30354	97.38101	98.38707	99.06479	100.66145	101.16212	97.98419
9/24/2025	2:22:31 PM	100.63981	100.63192	101.75162	100.00982	99.16627	98.23359	96.86239	97.12572	97.19960	98.19721	98.86990	100.45599	100.95677	97.80169
9/24/2025	2:22:34 PM	100.43918	100.43560	101.54528	99.80586	98.96736	98.05114	96.68975	96.94861	97.01627	98.00731	98.67476	100.25001	100.75137	97.62119
9/24/2025	2:22:38 PM	100.23936	100.23958	101.33844	99.60293	98.76933	97.86977	96.51920	96.77331	96.83644	97.81936	98.48145	100.04774	100.54804	97.44153
9/24/2025	2:22:41 PM	100.04294	100.04682	101.13612	99.40274	98.57344	97.68961	96.34918	96.59865	96.65808	97.63303	98.29092	99.84730	100.34624	97.26289
9/24/2025	2:22:45 PM	99.84732	99.85474	100.93612	99.20559	98.38187	97.51299	96.18213	96.42746	96.48255	97.44997	98.10269	99.65117	100.14697	97.08758
9/24/2025	2:22:48 PM	99.65471	99.66480	100.73667	99.00977	98.19002	97.33539	96.01430	96.25465	96.30622	97.26554	97.91575	99.45291	99.94646	96.90995
9/24/2025	2:22:52 PM	99.46218	99.47550	100.53804	98.81462	97.99937	97.16096	95.84946	96.08690	96.13417	97.08768	97.73345	99.26192	99.75310	96.73945
9/24/2025	2:22:56 PM	99.27593	99.29198	100.34571	98.62664	97.81674	96.99319	95.69064	95.92386	95.96762	96.91493	97.55702	99.07599	99.56495	96.57382
9/24/2025	2:22:59 PM	99.09441	99.11270	100.15899	98.44337	97.63963	96.82884	95.53559	95.76526	95.80545	96.74768	97.38465	98.89498	99.38151	96.41167
9/24/2025	2:23:03 PM	98.91463	98.93655	99.97415	98.26180	97.46312	96.66561	95.38131	95.60726	95.64431	96.57860	97.21108	98.71254	99.19777	96.25137
9/24/2025	2:23:07 PM	98.74084	98.76566	99.79507	98.08642	97.29270	96.50811	95.23353	95.45567	95.48986	96.42361	97.05217	98.54059	99.01922	96.09357
9/24/2025	2:23:10 PM	98.56784	98.59465	99.61490	97.90977	97.12112	96.34989	95.08489	95.30414	95.33529	96.26463	96.88923	98.36616	98.84030	95.93687
9/24/2025	2:23:14 PM	98.39796	98.42709	99.43941	97.73765	96.95425	96.19682	94.94027	95.15596	95.18582	96.11013	96.73312	98.20264	98.67143	95.78942
9/24/2025	2:23:17 PM	98.23703	98.26654	99.27091	97.57291	96.79556	96.05075	94.80298	95.01550	95.04182	95.96345	96.58407	98.04408	98.50413	95.64242
9/24/2025	2:23:21 PM	98.07719	98.10754	99.10307	97.40973	96.63747	95.90529	94.66751	94.87728	94.90314	95.82686	96.44118	97.89027	98.34279	95.50251
9/24/2025	2:23:24 PM	97.92777	97.95823	98.94424	97.25364	96.48611	95.76525	94.53662	94.74344	94.76774	95.68490	96.29399	97.73443	98.18180	95.36226
9/24/2025	2:23:28 PM	97.77575	97.80755	98.78469	97.09772	96.33458	95.62537	94.40515	94.61025	94.63298	95.53901	96.14540	97.57711	98.01918	95.22066
9/24/2025	2:23:32 PM	97.62220	97.65408	98.62196	96.94048	96.18281	95.48536	94.27457	94.47844	94.50014	95.39612	95.99760	97.42410	97.86119	95.08445
9/24/2025	2:23:35 PM	97.47351	97.50660	98.46653	96.79029	96.03867	95.35181	94.15014	94.35215	94.37147	95.26031	95.85823	97.27986	97.71022	94.95318
9/24/2025	2:23:39 PM	97.32792	97.36121	98.31186	96.64127	95.89426	95.21999	94.02590	94.22507	94.24199	95.12262	95.71731	97.13088	97.55705	94.82012
9/24/2025	2:23:42 PM	97.18386	97.21805	98.15996	96.49366	95.75115	95.08797	93.90029	94.09765	94.11286	94.98527	95.57596	96.98041	97.40466	94.68703
9/24/2025	2:23:46 PM	97.03696	97.07388	98.00912	96.34810	95.61066	94.95741	93.77910	93.97337	93.98692	94.85442	95.43856	96.83818	97.25931	94.55940
9/24/2025	2:23:50 PM	96.89793	96.93581	97.86352	96.20668	95.47372	94.83121	93.65974	93.85199	93.86266	94.72909	95.30340	96.69392	97.11180	94.43071
9/24/2025	2:23:53 PM	96.75578	96.79468	97.71525	96.06335	95.33398	94.70219	93.53936	93.72739	93.73634	94.59832	95.16538	96.54964	96.96506	94.30284
9/24/2025	2:23:57 PM	96.61887	96.65928	97.57317	95.92577	95.20227	94.57892	93.42384	93.60961	93.61535	94.46994	95.03529	96.41525	96.82449	94.17887
9/24/2025	2:24:00 PM	96.48440	96.52569	97.43189	95.78930	95.07092	94.45905	93.31110	93.49394	93.49768	94.35056	94.91377	96.28466	96.68519	94.05697
9/24/2025	2:24:04 PM	96.35318	96.39487	97.29331	95.65640	94.94259	94.34051	93.20027	93.38127	93.38621	94.23967	94.80102	96.16082	96.55241	93.94178
9/24/2025	2:24:08 PM	96.23253	96.27410	97.16364	95.53090	94.82224	94.23010	93.09737	93.27587	93.28051	94.13186	94.68758	96.03944	96.42379	93.83085
9/24/2025	2:24:11 PM	96.11175	96.15241	97.03654	95.40685	94.70330	94.12106	92.99588	93.17111	93.17488	94.02123	94.56989	95.91687	96.29384	93.71806
9/24/2025	2:24:15 PM	95.98866	96.02833	96.90467	95.27994	94.58127	94.00935	92.89099	93.06459	93.06674	93.91123	94.46077	95.79852	96.16903	93.61091
9/24/2025	2:24:18 PM	95.87473	95.91468	96.78491	95.16420	94.47212	93.90985	92.79875	92.97110	92.97543	93.82379	94.36594	95.69236	96.05443	93.51340
9/24/2025	2:24:22 PM	95.76795	95.80707	96.66992	95.05326	94.36616	93.81163	92.70776	92.87915	92.88678	93.73257	94.26688	95.58438	95.94009	93.41628
9/24/2025	2:24:26 PM	95.66129	95.69878	96.55503	94.94240	94.26032	93.71462	92.61547	92.78841	92.79516	93.62946	94.16387	95.47803	95.82671	93.32142
9/24/2025	2:24:29 PM	95.55724	95.59474	96.44394	94.83631	94.15930	93.62208	92.52922	92.70532	92.71134	93.54292	94.08549	95.38219	95.72148	93.23405
9/24/2025	2:24:33 PM	95.46239	95.49857	96.33997	94.73572	94.06391	93.53400	92.44813	92.62700	92.63428	93.45994	93.99564	95.28500	95.61530	93.14586
9/24/2025	2:24:36 PM	95.36554	95.39877	96.23259	94.63430	93.96717	93.44543	92.36601	92.54781	92.55431	93.38456	93.90140	95.18926	95.51146	93.05805
9/24/2025	2:24:40 PM	95.26823	95.29981	96.12680	94.53133	93.86875	93.35422	92.28019	92.46435	92.47096	93.30114	93.80977	95.09058	95.40483	92.96713
9/24/2025	2:24:44 PM	95.17065	95.20088	96.02216	94.43149	93.77296	93.26602	92.19880	92.38588	92.39162	93.18909	93.67343	94.87062	95.27787	92.85941
9/24/2025	2:24:47 PM	94.75334	94.81668	95.75761	94.34280	93.51736	92.22395	92.57930	92.64506	92.25046	92.76921	92.68596	93.73855	93.85706	92.01859
9/24/2025	2:24:51 PM	93.40037	92.83791	94.53365	93.24366	92.78232	92.03998	91.39579	91.43900	90.15013	91.72335	91.08792	91.64751	93.11699	91.13315
9/24/2025	2:24:54 PM	92.34960	91.07899	93.53973	92.38103	92.09659	91.87647	91.35775	91.35022	90.61497	91.50500	90.79614	90.93680	93.13242	91.01278
9/24/2025	2:24:58 PM	91.84468	90.52622	92.99359	91.86069	91.82925	91.73399	91.02033	90.81196	89.35727	85.80626	87.85258	86.70889	91.67887	89.21104
9/24/2025	2:25:01 PM	82.83734	88.86369	91.70038	88.86676	89.30945	90.98911	90.12285	90.18199	88.62724	86.16862	79.33794	85.57724	91.04794	88.75799
9/24/2025	2:25:05 PM	85.16385	87.77769	91.13316	88.27273	87.81671	90.90644	90.16571	90.22041	88.52978	87.56258	79.19238	85.74333	90.98932	88.76114
9/24/2025	2:25:08 PM	85.98255	87.86385	90.83415	88.50125	87.48516	90.97876	90.31971	90.33915	88.59314	88.27712	79.96698	85.55995	90.91234	88.73023
9/24/2025	2:25:12 PM	86.47657	87.90721	90.59129	88.76660	87.46377	91.00920	90.39116	90.39631	88.64112	88.63304	80.37536	85.31840	90.81489	88.66703
9/24/2025	2:25:16 PM	86.82129	87.88678	90.37199	88.94188	87.50707	91.00442	90.41869	90.41594	88.67047	88.80587	80.59764	85.10486	90.70391	88.58701
9/24/2025	2:25:19 PM	87.07105	87.85369	90.18792	89.07709	87.61754	90.99213	90.43527	90.43101	88.71557	88.87539	80.71623	84.93635	90.59690	88.50789
9/24/2025	2:25:22 PM	87.19248	87.81360	90.02088	89.16416	87.74460	90.97855	90.44319	90.43815	88.77869	88.88863	80.87831	84.80611	90.49736	88.43573
9/24/2025	2:25:26 PM	87.22898	87.76829	89.87645	89.21577	87.89666	90.94772	90.42955	90.42856	88.82605	88.86298	80.99613	84.70007	90.39467	88.35695
9/24/2025	2:25:29 PM	87.22238	87.71641	89.74322	89.23077	88.04287	90.89560	90.39152	90.39518	88.84075	88.80516	81.11397	84.62624	90.28464	88.26969
9/24/2025	2:25:33 PM	87.18521	87.65995	89.60780	89.21396	88.16500	90.82758	90.33289	90.33903	88.82532	88.72905	81.33654	84.59694	90.16721	88.17516
9/24/2025	2:25:36 PM	87.12957	87.60254	89.46878	89.17678	88.26106	90.74103	90.25992	90.27366	88.79395	88.64334	81.52067	84.58764	90.05086	88.08029
9/24/2025	2:25:40 PM	87.06755	87.53383	89.33836	89.12817	88.33607	90.66229	90.19214	90.20862	88.75451	88.55693	81.76791	84.60421	89.93759	87.99354
9/24/2025	2:25:44 PM	87.00992	87.47342	89.21972	89.07660	88.39406	90.58396	90.12085	90.13969	88.70925	88.47036	82.21523	84.64285	89.82503	87.90425
9/24/2025	2:25:47 PM	86.93733	87.39802	89.09768	89.00870	88.42265	90.49253	90.03674	90.06100	88.64933	88.37711	82.71757	84.69483	89.70964	87.81462
9/24/2025	2:25:51 PM	86.86001	87.31759	88.98301	88.93860	88.44184	90.40349	89.95474	89.98256	88.58604	88.28274	83.13770	84.74075	89.59472	87.72672
9/24/2025	2:25:54 PM	86.78342	87.23659	88.87301	88.86621	88.44642	90.31808	89.87675	89.90566	88.51919	88.19431	83.56711	84.82701	89.48392	87.63894
9/24/2025	2:25:58 PM	86.70190	87.15060	88.76687	88.78528	88.43284	90.22837	89.79101	89.82611	88.44903	88.10112	84.19512	84.99369	89.37637	87.55671
9/24/2025	2:26:01 PM	86.62029	87.06402	88.66199	88.70519	88.40890	90.13886	89.70711	89.74486	88.37442	88.01233	84.62245	85.20162	89.26774	87.47215
9/24/2025	2:26:05 PM	86.53305	86.97489	88.55642	88.62044	88.37339	90.04946	89.62297	89.66293	88.29807	87.92167	84.87536	85.52022	89.16011	87.38853
9/24/2025	2:26:08 PM	86.45014	86.89234	88.45580	88.53675	88.33334	89.95920	89.53772	89.57998	88.22193	87.83517	85.02497	85.77791	89.05487	87.30759
9/24/2025	2:26:12 PM	86.36669	86.80784	88.35636	88.45228	88.28717	89.87235	89.45466	89.50013	88.14689	87.75005	85.11786	85.95260	88.95271	87.22611
9/24/2025	2:26:15 PM	86.28306	86.72413	88.25727	88.36447	88.23552	89.78293	89.37023	89.41687	88.06836	87.66375	85.17951	86.08373	88.84886	87.14491
9/24/2025	2:26:19 PM	86.19652	86.64024	88.15702	88.27717	88.18153	89.69415	89.28612	89.33515	87.99002	87.57783	85.22200	86.15328	88.74786	87.06570
9/24/2025	2:26:23 PM	86.11849	86.55493	88.06242	88.19181	88.12563	89.60669	89.20217	89.25239	87.91366	87.49521	85.25614	86.17187	88.64877	86.98662
9/24/2025	2:26:26 PM	86.04080	86.47432	87.97088	88.10918	88.06920	89.52244	89.12048	89.17033	87.83734	87.41336	85.28006	86.16275	88.55043	86.90717
9/24/2025	2:26:30 PM	85.95599	86.38944	87.87584	88.02247	88.00691	89.43461	89.03695	89.08874	87.75904	87.33121	85.28615	86.13423	88.45303	86.82844
9/24/2025	2:26:33 PM	85.87725	86.30787	87.78698	87.93928	87.94396	89.34718	88.95244	89.00609	87.68087	87.24820	85.28561	86.10458	88.35325	86.74855
9/24/2025	2:26:37 PM	85.80022	86.22767	87.69630	87.85593	87.88040	89.26270	88.87253	88.92464	87.60580	87.16984	85.27660	86.06590	88.25815	86.67114
9/24/2025	2:26:40 PM	85.71798	86.14447	87.60352	87.76821	87.80870	89.17156	88.78556	88.84072	87.52519	87.08556	85.25637	86.01936	88.15849	86.58999
9/24/2025	2:26:44 PM	85.63327	86.05988	87.51034	87.68188	87.73608	89.08138	88.69736	88.75154	87.44497	87.00461	85.23200	85.96526	88.06003	86.50916
9/24/2025	2:26:47 PM	85.54931	85.97476	87.41710	87.59384	87.66117	88.98860	88.60850	88.66369	87.36117	86.91773	85.19650	85.90140	87.95866	86.42461
9/24/2025	2:26:51 PM	85.46985	85.89290	87.32449	87.50512	87.58565	88.89721	88.51881	88.57343	87.27945	86.83579	85.15988	85.83417	87.85967	86.34212
9/24/2025	2:26:54 PM	85.38828	85.81213	87.23309	87.41648	87.50793	88.80268	88.42687	88.48227	87.19689	86.75294	85.11966	85.76563	87.75978	86.25880
9/24/2025	2:26:58 PM	85.30809	85.72976	87.14131	87.32700	87.42926	88.70915	88.33640	88.39229	87.11534	86.66990	85.07398	85.69363	87.66196	86.17668
9/24/2025	2:27:01 PM	85.23236	85.64823	87.04896	87.23718	87.35029	88.61450	88.24557	88.30189	87.03162	86.58794	85.02583	85.62174	87.56448	86.09376
9/24/2025	2:27:05 PM	85.14999	85.56528	86.95527	87.14509	87.26799	88.51906	88.15284	88.20846	86.94701	86.50322	84.97865	85.54813	87.46472	86.01115
9/24/2025	2:27:08 PM	85.07518	85.48562	86.86666	87.05833	87.18853	88.42589	88.06268	88.11964	86.86735	86.42308	84.92919	85.47286	87.36776	85.92824
9/24/2025	2:27:12 PM	84.99890	85.40725	86.77626	86.96953	87.10828	88.33175	87.97085	88.02703	86.78486	86.34224	84.87849	85.39774	87.27138	85.84662
9/24/2025	2:27:15 PM	84.92317	85.32404	86.68548	86.88043	87.02582	88.23724	87.88046	87.93819	86.70503	86.26326	84.82622	85.32167	87.17636	85.76682
9/24/2025	2:27:19 PM	84.84827	85.24521	86.59863	86.79512	86.94789	88.14826	87.79312	87.84926	86.62682	86.18452	84.77520	85.24567	87.08130	85.68585
9/24/2025	2:27:22 PM	84.77358	85.16582	86.50952	86.70727	86.86659	88.05554	87.70332	87.76146	86.54863	86.10778	84.72263	85.17055	86.98897	85.60876
9/24/2025	2:27:26 PM	84.69898	85.08684	86.42234	86.62100	86.78592	87.96258	87.61308	87.67094	86.46778	86.02859	84.66786	85.09279	86.89496	85.52722
9/24/2025	2:27:29 PM	84.62630	85.00890	86.33418	86.53341	86.70251	87.86884	87.52405	87.58238	86.38714	85.95068	84.61405	85.01688	86.80105	85.44763
9/24/2025	2:27:33 PM	84.55477	84.93286	86.24770	86.44755	86.62148	87.77887	87.43671	87.49587	86.31090	85.87464	84.56021	84.94084	86.71149	85.37072
9/24/2025	2:27:36 PM	84.48337	84.85955	86.16456	86.36437	86.54299	87.69088	87.35187	87.41071	86.23412	85.79864	84.50539	84.86815	86.62010	85.29338
9/24/2025	2:27:40 PM	84.41204	84.78537	86.08006	86.28031	86.46225	87.60187	87.26651	87.32363	86.15781	85.72329	84.45160	84.79343	86.53135	85.21711
9/24/2025	2:27:44 PM	84.34275	84.71208	85.99847	86.19863	86.38475	87.51443	87.18163	87.23901	86.08340	85.65139	84.39711	84.71999	86.44400	85.14308
9/24/2025	2:27:47 PM	84.27604	84.64105	85.91920	86.11857	86.30810	87.42948	87.09999	87.15744	86.01121	85.58061	84.34379	84.64860	86.35938	85.06975
9/24/2025	2:27:51 PM	84.21109	84.57226	85.84072	86.03870	86.23176	87.34457	87.01689	87.07398	85.93640	85.50779	84.28962	84.57818	86.27181	84.99516
9/24/2025	2:27:54 PM	84.14593	84.50351	85.76192	85.95894	86.15544	87.25812	86.93234	86.98835	85.86160	85.43567	84.23446	84.51021	86.18692	84.92168
9/24/2025	2:27:58 PM	84.08295	84.43607	85.68429	85.87977	86.07946	87.17498	86.85148	86.90703	85.79134	85.36695	84.18414	84.44650	86.10447	84.85122
9/24/2025	2:28:01 PM	84.02243	84.36934	85.60814	85.80311	86.00502	87.09200	86.77157	86.82612	85.72084	85.29884	84.13388	84.38113	86.02283	84.78101
9/24/2025	2:28:05 PM	83.96350	84.30481	85.53473	85.72925	85.93380	87.01241	86.69577	86.74918	85.65334	85.23564	84.08562	84.31879	85.94584	84.71601
9/24/2025	2:28:08 PM	83.90544	84.24186	85.46277	85.65743	85.86264	86.93239	86.61752	86.67124	85.58709	85.17140	84.03731	84.25515	85.86803	84.64856
9/24/2025	2:28:12 PM	83.84689	84.17997	85.39175	85.58518	85.79156	86.85326	86.54107	86.59344	85.51745	85.10392	83.98407	84.18810	85.78493	84.57708
9/24/2025	2:28:15 PM	83.78238	84.11587	85.31506	85.50688	85.71514	86.76753	86.45793	86.50963	85.44504	85.03375	83.92825	84.12280	85.70247	84.50557
9/24/2025	2:28:19 PM	83.72093	84.05205	85.24099	85.43141	85.64245	86.68666	86.37995	86.43313	85.37754	84.97098	83.88017	84.06081	85.62632	84.43982
9/24/2025	2:28:22 PM	83.66801	83.99022	85.17371	85.36403	85.57583	86.61185	86.30808	86.36164	85.31592	84.90903	83.83022	84.00108	85.55108	84.37526
9/24/2025	2:28:26 PM	83.61549	83.93189	85.10708	85.29602	85.51028	86.53715	86.23591	86.28691	85.25242	84.84972	83.78171	83.94267	85.48006	84.31179
9/24/2025	2:28:30 PM	83.56390	83.87461	85.04244	85.22936	85.44383	86.46393	86.16393	86.21452	85.18946	84.78908	83.73464	83.88271	85.40665	84.24845
9/24/2025	2:28:33 PM	83.50845	83.81471	84.97362	85.16006	85.37554	86.38560	86.08911	86.13936	85.12468	84.72745	83.68505	83.82313	85.33218	84.18504
9/24/2025	2:28:37 PM	83.45667	83.75693	84.90754	85.09192	85.30916	86.31106	86.01736	86.06756	85.06212	84.66818	83.63701	83.76466	85.26096	84.12303
9/24/2025	2:28:40 PM	83.40284	83.70060	84.84392	85.02620	85.24435	86.23910	85.94815	85.99717	84.99969	84.60702	83.58570	83.70542	85.18778	84.05823
9/24/2025	2:28:44 PM	83.35163	83.64275	84.77960	84.96188	85.18051	86.16932	85.88114	85.92814	84.93959	84.54867	83.53623	83.64739	85.11825	83.99814
9/24/2025	2:28:47 PM	83.29744	83.58439	84.71374	84.89457	85.11381	86.09489	85.80735	85.85346	84.87557	84.48805	83.48805	83.59157	85.04527	83.93448
9/24/2025	2:28:51 PM	83.24687	83.52801	84.64908	84.82878	85.04839	86.02007	85.73590	85.78108	84.81358	84.42924	83.43884	83.53458	84.97357	83.87202
9/24/2025	2:28:54 PM	83.19564	83.47139	84.58414	84.76243	84.98307	85.94778	85.66660	85.71190	84.75159	84.36980	83.39089	83.48084	84.90352	83.81182
9/24/2025	2:28:58 PM	83.14368	83.41507	84.52116	84.69876	84.92146	85.87816	85.59934	85.64336	84.69217	84.31273	83.34371	83.42734	84.83477	83.75213
9/24/2025	2:29:02 PM	83.09393	83.35961	84.45882	84.63569	84.85833	85.80746	85.53131	85.57533	84.63235	84.25494	83.29472	83.37211	84.76631	83.69271
9/24/2025	2:29:05 PM	83.04388	83.30507	84.39913	84.57484	84.79835	85.74232	85.46959	85.51264	84.57665	84.20202	83.25253	83.32232	84.70381	83.63840
9/24/2025	2:29:09 PM	82.99870	83.25318	84.34268	84.51835	84.74160	85.67935	85.40892	85.45013	84.52430	84.15319	83.20993	83.27409	84.64361	83.58640
9/24/2025	2:29:12 PM	82.95282	83.20393	84.28884	84.46309	84.68742	85.61821	85.34967	85.39045	84.47208	84.10259	83.16963	83.22809	84.58408	83.53468
9/24/2025	2:29:16 PM	82.91138	83.15813	84.23632	84.40901	84.63377	85.55802	85.29119	85.33185	84.42187	84.05470	83.12990	83.18285	84.52596	83.48513
9/24/2025	2:29:19 PM	82.86809	83.11229	84.18442	84.35634	84.57870	85.49742	85.23387	85.27248	84.37021	84.00673	83.08882	83.13602	84.46587	83.43260
9/24/2025	2:29:23 PM	82.82471	83.06667	84.12999	84.30078	84.52438	85.43561	85.17308	85.21097	84.31764	83.95571	83.04735	83.08967	84.40603	83.38136
9/24/2025	2:29:26 PM	82.78163	83.01807	84.07712	84.24605	84.46950	85.37427	85.11371	85.15169	84.26836	83.90850	83.00642	83.04600	84.34891	83.33185
9/24/2025	2:29:30 PM	82.73989	82.97080	84.02379	84.19224	84.41520	85.31407	85.05612	85.09309	84.21684	83.86084	82.96566	83.00127	84.29116	83.28182
9/24/2025	2:29:33 PM	82.69961	82.92605	83.97373	84.14085	84.36494	85.25576	85.00005	85.03694	84.16934	83.81370	82.92722	82.95893	84.23528	83.23324
9/24/2025	2:29:37 PM	82.65999	82.88245	83.92328	84.08923	84.31299	85.19744	84.94381	84.98025	84.11943	83.76811	82.88854	82.91611	84.17928	83.18514
9/24/2025	2:29:40 PM	82.61908	82.83966	83.87338	84.03878	84.26328	85.14054	84.88820	84.92196	84.06976	83.72159	82.84972	82.87228	84.12355	83.13602
9/24/2025	2:29:44 PM	82.57873	82.79602	83.82356	83.98746	84.21197	85.08271	84.83226	84.86519	84.02017	83.67418	82.80748	82.82800	84.06740	83.08713
9/24/2025	2:29:47 PM	82.53930	82.75390	83.77480	83.93732	84.16141	85.02585	84.77697	84.80926	83.97223	83.62810	82.76949	82.78700	84.01347	83.03971
9/24/2025	2:29:51 PM	82.50055	82.71306	83.72711	83.88830	84.11084	84.97016	84.72295	84.75463	83.92613	83.58479	82.73320	82.74794	83.95939	82.99410
9/24/2025	2:29:54 PM	82.46453	82.67314	83.67960	83.83936	84.05991	84.91296	84.66730	84.69827	83.87833	83.54237	82.69767	82.70936	83.90807	82.94942
9/24/2025	2:29:58 PM	82.42892	82.63751	83.63290	83.79125	84.01009	84.85681	84.61287	84.64272	83.83143	83.49647	82.66073	82.67110	83.85369	82.90207
9/24/2025	2:30:01 PM	82.39075	82.59675	83.58431	83.74155	83.96056	84.79961	84.55652	84.58642	83.78252	83.45175	82.62183	82.63052	83.79911	82.85496
9/24/2025	2:30:05 PM	82.35200	82.55211	83.53610	83.69279	83.91129	84.74379	84.50330	84.53276	83.73559	83.40869	82.58342	82.58907	83.74496	82.80781
9/24/2025	2:30:08 PM	82.31475	82.51116	83.48901	83.64425	83.86141	84.68835	84.44921	84.47855	83.68972	83.36521	82.54836	82.55116	83.69349	82.76402
9/24/2025	2:30:12 PM	82.27745	82.47159	83.44375	83.59866	83.81404	84.63593	84.39799	84.42584	83.64448	83.32207	82.51118	82.50996	83.64375	82.71983
9/24/2025	2:30:16 PM	82.24015	82.43126	83.39833	83.55246	83.76783	84.58344	84.34781	84.37584	83.60084	83.28127	82.47540	82.47297	83.59490	82.67721
9/24/2025	2:30:19 PM	82.20583	82.39467	83.35580	83.50841	83.72392	84.53404	84.29926	84.32526	83.55837	83.24078	82.43939	82.43595	83.54654	82.63501
9/24/2025	2:30:23 PM	82.16926	82.35685	83.31323	83.46500	83.68012	84.48493	84.25298	84.27761	83.51636	83.19993	82.40536	82.40043	83.49869	82.59330
9/24/2025	2:30:26 PM	82.13476	82.32036	83.27011	83.42174	83.63710	84.43521	84.20545	84.22884	83.47429	83.15967	82.37135	82.36444	83.45263	82.55266
9/24/2025	2:30:30 PM	82.10042	82.28689	83.22964	83.38013	83.59621	84.38755	84.15844	84.18088	83.43287	83.12134	82.33722	82.32744	83.40643	82.51197
9/24/2025	2:30:34 PM	82.06566	82.25105	83.18827	83.33823	83.55366	84.34043	84.11281	84.13432	83.39250	83.08197	82.30336	82.29239	83.36071	82.47251
9/24/2025	2:30:37 PM	82.03383	82.21712	83.14796	83.29777	83.51282	84.29467	84.06954	84.09090	83.35333	83.04499	82.27243	82.25893	83.31735	82.43476
9/24/2025	2:30:41 PM	82.00096	82.18347	83.10863	83.25721	83.47226	84.24885	84.02465	84.04536	83.31449	83.00760	82.23959	82.22567	83.27213	82.39446
9/24/2025	2:30:44 PM	81.96963	82.14954	83.07068	83.21714	83.43175	84.20292	83.98042	83.99857	83.27535	82.97243	82.20842	82.19215	83.23062	82.35793
9/24/2025	2:30:48 PM	81.93805	82.11839	83.03403	83.17948	83.39468	84.15971	83.93811	83.95660	83.23879	82.93683	82.17715	82.16040	83.18881	82.32140
9/24/2025	2:30:51 PM	81.90769	82.08572	82.99642	83.14159	83.35626	84.11733	83.89625	83.91443	83.20153	82.90117	82.14689	82.12903	83.14770	82.28508
9/24/2025	2:30:55 PM	81.87821	82.05363	82.95825	83.10241	83.31611	84.07159	83.85292	83.86910	83.16353	82.86512	82.11572	82.09753	83.10540	82.24874
9/24/2025	2:30:58 PM	81.84640	82.02110	82.92175	83.06531	83.27897	84.02916	83.81135	83.82687	83.12734	82.83133	82.08652	82.06621	83.06449	82.21329
9/24/2025	2:31:02 PM	81.81771	81.99010	82.88506	83.02958	83.24371	83.98736	83.77022	83.78561	83.09121	82.79750	82.05786	82.03691	83.02501	82.17879
9/24/2025	2:31:05 PM	81.78866	81.95948	82.84894	82.99231	83.20678	83.94534	83.73022	83.74504	83.05554	82.76420	82.02833	82.00515	82.98477	82.14373
9/24/2025	2:31:09 PM	81.76097	81.93071	82.81480	82.95711	83.16981	83.90468	83.69066	83.70356	83.02149	82.73162	81.99966	81.97716	82.94566	82.10964
9/24/2025	2:31:12 PM	81.73292	81.89997	82.77976	82.92114	83.13425	83.86284	83.65026	83.66268	82.98541	82.69841	81.97153	81.94767	82.90688	82.07565
9/24/2025	2:31:16 PM	81.70434	81.87086	82.74571	82.88623	83.09858	83.82299	83.61166	83.62365	82.95199	82.66642	81.94391	81.91923	82.86927	82.04282
9/24/2025	2:31:19 PM	81.67807	81.84216	82.71299	82.85289	83.06497	83.78431	83.57361	83.58599	82.91888	82.63443	81.91694	81.89159	82.83272	82.01096
9/24/2025	2:31:23 PM	81.65101	81.81369	82.67989	82.81875	83.03116	83.74534	83.53566	83.54689	82.88545	82.60425	81.88925	81.86317	82.79494	81.97816
9/24/2025	2:31:26 PM	81.62495	81.78721	82.64911	82.78675	82.99811	83.70688	83.49891	83.50934	82.85330	82.57347	81.86291	81.83592	82.75985	81.94743
9/24/2025	2:31:30 PM	81.59906	81.75928	82.61672	82.75378	82.96540	83.66990	83.46284	83.47325	82.82171	82.54375	81.83796	81.81061	82.72428	81.91665
9/24/2025	2:31:33 PM	81.57448	81.73310	82.58562	82.72207	82.93167	83.63389	83.42705	83.43684	82.79069	82.51514	81.81259	81.78351	82.68967	81.88636
9/24/2025	2:31:37 PM	81.54812	81.70523	82.55408	82.69018	82.89891	83.59600	83.39031	83.39913	82.75848	82.48477	81.78567	81.75740	82.65395	81.85571
9/24/2025	2:31:40 PM	81.52231	81.68018	82.52243	82.65784	82.86740	83.55896	83.35404	83.36196	82.72739	82.45519	81.75938	81.73036	82.61940	81.82499
9/24/2025	2:31:44 PM	81.49675	81.65421	82.49202	82.62663	82.83403	83.52242	83.31887	83.32739	82.69677	82.42670	81.73412	81.70615	82.58573	81.79665
9/24/2025	2:31:47 PM	81.47236	81.62873	82.46224	82.59705	82.80449	83.48872	83.28575	83.29319	82.66781	82.39853	81.71063	81.67998	82.55207	81.76676
9/24/2025	2:31:51 PM	81.44740	81.60224	82.43307	82.56709	82.77500	83.45461	83.25237	83.25839	82.63740	82.37006	81.68482	81.65518	82.51881	81.73780
9/24/2025	2:31:54 PM	81.42243	81.57576	82.40168	82.53610	82.74352	83.41895	83.21870	83.22423	82.60765	82.34215	81.66085	81.63074	82.48601	81.70965
9/24/2025	2:31:58 PM	81.39812	81.55347	82.37348	82.50732	82.71289	83.38527	83.18495	83.19022	82.57881	82.31500	81.63757	81.60620	82.45398	81.68089
9/24/2025	2:32:02 PM	81.37524	81.52996	82.34586	82.47775	82.68536	83.35234	83.15227	83.15680	82.54885	82.28724	81.61279	81.58265	82.42111	81.65277
9/24/2025	2:32:05 PM	81.35177	81.50327	82.31478	82.44732	82.65425	83.31732	83.11874	83.12282	82.52009	82.25896	81.58850	81.55762	82.38872	81.62373
9/24/2025	2:32:09 PM	81.32856	81.47852	82.28538	82.41777	82.62421	83.28312	83.08526	83.08925	82.49100	82.23216	81.56505	81.53301	82.35675	81.59660
9/24/2025	2:32:12 PM	81.30584	81.45572	82.25754	82.38990	82.59645	83.24972	83.05362	83.05759	82.46353	82.20640	81.54175	81.51087	82.32655	81.57061
9/24/2025	2:32:16 PM	81.28306	81.43220	82.22989	82.36199	82.56888	83.21906	83.02249	83.02465	82.43456	82.17975	81.51807	81.48710	82.29587	81.54253
9/24/2025	2:32:20 PM	81.26061	81.40902	82.20378	82.33527	82.54214	83.18812	82.99291	82.99432	82.40837	82.15426	81.49512	81.46328	82.26686	81.51748
9/24/2025	2:32:23 PM	81.23941	81.38727	82.17803	82.30873	82.51663	83.15847	82.96388	82.96475	82.38278	82.13024	81.47360	81.44256	82.23933	81.49249
9/24/2025	2:32:27 PM	81.21757	81.36447	82.15211	82.28258	82.49184	83.12861	82.93439	82.93542	82.35708	82.10608	81.45226	81.42081	82.21038	81.46751
9/24/2025	2:32:30 PM	81.19641	81.34204	82.12663	82.25674	82.46693	83.09994	82.90612	82.90559	82.33091	82.08177	81.43080	81.39959	82.18235	81.44281
9/24/2025	2:32:34 PM	81.17567	81.32094	82.10085	82.23190	82.44273	83.07053	82.87695	82.87752	82.30682	82.05744	81.40883	81.37786	82.15439	81.41859
9/24/2025	2:32:38 PM	81.15441	81.30045	82.07644	82.20682	82.41966	83.04289	82.84886	82.84765	82.28171	82.03396	81.38794	81.35740	82.12758	81.39478
9/24/2025	2:32:41 PM	81.13355	81.27830	82.05154	82.18213	82.39600	83.01429	82.82124	82.82043	82.25761	82.01051	81.36651	81.33667	82.10060	81.37099
9/24/2025	2:32:45 PM	81.11320	81.25753	82.02794	82.15845	82.37270	82.98687	82.79360	82.79252	82.23387	81.98825	81.34742	81.31581	82.07495	81.34835
9/24/2025	2:32:48 PM	81.09441	81.23750	82.00445	82.13540	82.35000	82.95982	82.76733	82.76595	82.20987	81.96589	81.32848	81.29681	82.04946	81.32604
9/24/2025	2:32:52 PM	81.07487	81.21745	81.98146	82.11133	82.32617	82.93311	82.74048	82.73858	82.18709	81.94447	81.30840	81.27689	82.02363	81.30314
9/24/2025	2:32:55 PM	81.05505	81.19653	81.95830	82.08729	82.30270	82.90505	82.71327	82.71088	82.16250	81.92163	81.28897	81.25630	81.99757	81.27989
9/24/2025	2:32:59 PM	81.03600	81.17781	81.93564	82.06516	82.28002	82.87839	82.68602	82.68306	82.13893	81.89950	81.26896	81.23773	81.97220	81.25720
9/24/2025	2:33:03 PM	81.01840	81.15801	81.91295	82.04220	82.25712	82.85057	82.65949	82.65590	82.11561	81.87756	81.24935	81.21832	81.94621	81.23463
9/24/2025	2:33:06 PM	80.99877	81.13872	81.88965	82.01918	82.23300	82.82439	82.63334	82.62960	82.09336	81.85664	81.23150	81.20010	81.92202	81.21345
9/24/2025	2:33:10 PM	80.98066	81.12060	81.86832	81.99769	82.21036	82.79909	82.60843	82.60464	82.07220	81.83638	81.21334	81.18221	81.89861	81.19258
9/24/2025	2:33:13 PM	80.96298	81.10137	81.84698	81.97574	82.18828	82.77437	82.58399	82.57936	82.05075	81.81597	81.19599	81.16459	81.87414	81.17134
9/24/2025	2:33:17 PM	80.94585	81.08379	81.82488	81.95377	82.16600	82.74925	82.55869	82.55421	82.02884	81.79548	81.17804	81.14676	81.85131	81.15097
9/24/2025	2:33:21 PM	80.92862	81.06639	81.80525	81.93312	82.14513	82.72459	82.53299	82.52935	82.00487	81.77243	81.15828	81.13327	81.81875	81.12200
9/24/2025	2:33:24 PM	80.92431	81.05680	81.77131	81.39244	82.03475	82.61531	82.33933	82.28655	80.63895	79.81165	77.42000	77.29675	76.62189	76.80210
9/24/2025	2:33:28 PM	77.10188	77.12249	77.24591	77.18088	77.12990	77.13336	77.12581	77.17211	77.13442	77.15882	77.20071	77.13295	76.53547	76.57798
