2/3/2025	1:24:35 PM	76.55669	76.62756	76.58284	76.57426	76.60456	76.58383	76.60197	76.53894	76.56037	76.78305	76.59438	76.58483	76.56155	76.56672
2/3/2025	1:24:38 PM	76.55809	76.62735	76.58344	76.57394	76.60527	76.58350	76.60252	76.53932	76.55997	76.78378	76.59524	76.58503	76.56254	76.56748
2/3/2025	1:24:42 PM	76.55911	76.62748	76.58341	76.57436	76.60540	76.58395	76.60309	76.53943	76.56070	76.78467	76.59632	76.58589	76.56370	76.56811
2/3/2025	1:24:45 PM	76.56069	76.62811	76.58397	76.57465	76.60555	76.58405	76.60418	76.53978	76.56139	76.78611	76.59794	76.58561	76.56290	76.56856
2/3/2025	1:24:49 PM	76.56161	76.62883	76.58392	76.57547	76.60626	76.58459	76.60436	76.54039	76.56121	76.78654	76.59828	76.58606	76.56320	76.56921
2/3/2025	1:24:52 PM	76.56186	76.62882	76.58428	76.57540	76.60650	76.58552	76.60511	76.54011	76.56118	76.78629	76.59814	76.58505	76.56314	76.56917
2/3/2025	1:24:56 PM	76.56172	76.62828	76.58324	76.57479	76.60609	76.58485	76.60471	76.53821	76.56073	76.78614	76.59764	76.58490	76.56232	76.56875
2/3/2025	1:24:59 PM	76.56222	76.62845	76.58359	76.57485	76.60610	76.58484	76.60471	76.53949	76.56029	76.78706	76.59811	76.58511	76.56287	76.56846
2/3/2025	1:25:03 PM	76.56225	76.62917	76.58380	76.57505	76.60623	76.58445	76.60477	76.53945	76.56066	76.78720	76.59843	76.58537	76.56293	76.56912
2/3/2025	1:25:06 PM	76.56246	76.62861	76.58342	76.57453	76.60576	76.58455	76.60517	76.53975	76.56084	76.78740	76.59861	76.58483	76.56266	76.56883
2/3/2025	1:25:10 PM	76.56243	76.62822	76.58391	76.57496	76.60620	76.58488	76.60556	76.53990	76.56113	76.78731	76.59876	76.58503	76.56297	76.56893
2/3/2025	1:25:13 PM	76.56252	76.62888	76.58444	76.57520	76.60615	76.58456	76.60535	76.53963	76.56058	76.78785	76.59891	76.58522	76.56313	76.56947
2/3/2025	1:25:17 PM	76.56284	76.62906	76.58414	76.57579	76.60622	76.58516	76.60576	76.53987	76.56110	76.78821	76.59977	76.58554	76.56310	76.56950
2/3/2025	1:25:21 PM	76.56299	76.62895	76.58414	76.57500	76.60595	76.58504	76.60568	76.53948	76.56038	76.78765	76.59950	76.58531	76.56290	76.56938
2/3/2025	1:25:24 PM	76.56300	76.62885	76.58439	76.57578	76.60613	76.58551	76.60585	76.53993	76.56135	76.78838	76.59955	76.58589	76.56336	76.56983
2/3/2025	1:25:28 PM	76.56336	76.62898	76.58421	76.57554	76.60649	76.58553	76.60619	76.54036	76.56088	76.78881	76.59976	76.58525	76.56307	76.56986
2/3/2025	1:25:31 PM	76.56323	76.62934	76.58452	76.57587	76.60631	76.58505	76.60627	76.53969	76.56059	76.78834	76.59995	76.58543	76.56356	76.57017
2/3/2025	1:25:35 PM	76.56364	76.62896	76.58441	76.57593	76.60612	76.58523	76.60587	76.53944	76.56058	76.78859	76.59990	76.58526	76.56291	76.56978
2/3/2025	1:25:38 PM	76.56355	76.62935	76.58462	76.57568	76.60635	76.58526	76.60632	76.54004	76.56082	76.78839	76.60005	76.58569	76.56376	76.56986
2/3/2025	1:25:42 PM	76.56376	76.62949	76.58492	76.57565	76.60685	76.58526	76.60610	76.53987	76.56031	76.78829	76.59983	76.58594	76.56321	76.57024
2/3/2025	1:25:46 PM	76.56412	76.62999	76.58465	76.57596	76.60705	76.58564	76.60735	76.54045	76.56143	76.78925	76.60055	76.58597	76.56382	76.57040
2/3/2025	1:25:49 PM	76.56387	76.62977	76.58487	76.57637	76.60673	76.58603	76.60722	76.54001	76.56130	76.78933	76.60092	76.58622	76.56432	76.57066
2/3/2025	1:25:53 PM	76.56385	76.62997	76.58518	76.57627	76.60698	76.58623	76.60727	76.54049	76.56108	76.78935	76.60092	76.58585	76.56356	76.57065
2/3/2025	1:25:56 PM	76.56397	76.63017	76.58527	76.57610	76.60735	76.58587	76.60744	76.54090	76.56107	76.78949	76.60118	76.58589	76.56391	76.57067
2/3/2025	1:26:00 PM	76.56449	76.63051	76.58549	76.57669	76.60717	76.58618	76.60702	76.54072	76.56144	76.78959	76.60128	76.58648	76.56384	76.57093
2/3/2025	1:26:03 PM	76.56424	76.63048	76.58476	76.57643	76.60684	76.58601	76.60742	76.54058	76.56136	76.78935	76.60077	76.58604	76.56396	76.57094
2/3/2025	1:26:07 PM	76.56406	76.63017	76.58534	76.57599	76.60637	76.58574	76.60676	76.53976	76.56099	76.78936	76.60036	76.58604	76.56331	76.57013
2/3/2025	1:26:10 PM	76.56352	76.62974	76.58491	76.57578	76.60658	76.58555	76.60670	76.53969	76.56065	76.78901	76.60019	76.58555	76.56346	76.57033
2/3/2025	1:26:14 PM	76.56372	76.63009	76.58461	76.57596	76.60615	76.58582	76.60667	76.53994	76.56089	76.78922	76.60077	76.58580	76.56342	76.57009
2/3/2025	1:26:17 PM	76.56357	76.62964	76.58465	76.57589	76.60670	76.58628	76.60743	76.54096	76.56125	76.78969	76.60116	76.58618	76.56426	76.57112
2/3/2025	1:26:21 PM	76.56437	76.63049	76.58590	76.57669	76.60733	76.58643	76.60790	76.54087	76.56135	76.79015	76.60156	76.58625	76.56453	76.57090
2/3/2025	1:26:24 PM	76.56465	76.63034	76.58569	76.57650	76.60735	76.58660	76.60782	76.54083	76.56168	76.79009	76.60159	76.58660	76.56436	76.57159
2/3/2025	1:26:28 PM	76.56462	76.63049	76.58567	76.57667	76.60757	76.58629	76.60749	76.54090	76.56108	76.78988	76.60138	76.58642	76.56447	76.57101
2/3/2025	1:26:32 PM	76.56469	76.63058	76.58596	76.57710	76.60758	76.58659	76.60803	76.54101	76.56157	76.79034	76.60100	76.58656	76.56396	76.57131
2/3/2025	1:26:35 PM	76.56407	76.63068	76.58556	76.57650	76.60729	76.58632	76.60793	76.54067	76.56135	76.78989	76.60142	76.58594	76.56415	76.57132
2/3/2025	1:26:39 PM	76.56406	76.63059	76.58571	76.57624	76.60700	76.58633	76.60758	76.54043	76.56072	76.78955	76.60089	76.58578	76.56345	76.57083
2/3/2025	1:26:42 PM	76.56352	76.62965	76.58471	76.57579	76.60659	76.58558	76.60732	76.53993	76.56084	76.78952	76.60102	76.58592	76.56340	76.57068
2/3/2025	1:26:46 PM	76.56408	76.63030	76.58484	76.57587	76.60671	76.58593	76.60721	76.54011	76.56098	76.78967	76.60114	76.58604	76.56406	76.57088
2/3/2025	1:26:49 PM	76.56407	76.63043	76.58535	76.57646	76.60698	76.58608	76.60723	76.54002	76.56124	76.79016	76.60163	76.58575	76.56396	76.57103
2/3/2025	1:26:53 PM	76.56423	76.63021	76.58536	76.57639	76.60663	76.58358	76.60681	76.54113	76.56126	76.79004	76.60122	76.58606	76.56434	76.57134
2/3/2025	1:26:56 PM	76.56432	76.63055	76.58554	76.57642	76.60716	76.58690	76.60813	76.54073	76.56177	76.79053	76.60193	76.58687	76.56428	76.57135
2/3/2025	1:27:00 PM	76.56457	76.63063	76.58565	76.57665	76.60751	76.58624	76.60768	76.54017	76.56074	76.79030	76.60136	76.58624	76.56405	76.57127
2/3/2025	1:27:04 PM	76.56427	76.63061	76.58580	76.57719	76.60785	76.58618	76.60793	76.54072	76.56154	76.79035	76.60210	76.58677	76.56393	76.57131
2/3/2025	1:27:07 PM	76.56428	76.63125	76.58523	76.57622	76.60726	76.58644	76.60639	76.53981	76.56110	76.79210	76.60127	76.58600	76.56391	76.57144
2/3/2025	1:27:11 PM	76.56398	76.63070	76.58598	76.57701	76.60737	76.58654	76.60818	76.54113	76.56179	76.79043	76.60184	76.58641	76.56459	76.57156
2/3/2025	1:27:14 PM	76.56486	76.63107	76.58586	76.57674	76.60716	76.58687	76.60795	76.54082	76.56168	76.79091	76.60233	76.58656	76.56395	76.57129
2/3/2025	1:27:18 PM	76.56425	76.63093	76.58549	76.57637	76.60737	76.58652	76.60816	76.54101	76.56132	76.79057	76.60221	76.58669	76.56439	76.57210
2/3/2025	1:27:21 PM	76.56468	76.63134	76.58649	76.57716	76.60791	76.58748	76.60855	76.54084	76.56186	76.79132	76.60207	76.58676	76.56455	76.57166
2/3/2025	1:27:25 PM	76.56464	76.63101	76.58639	76.57669	76.60722	76.58674	76.60827	76.54078	76.56159	76.79089	76.60209	76.58628	76.56442	76.57151
2/3/2025	1:27:29 PM	76.56413	76.63117	76.58584	76.57718	76.60713	76.58708	76.60840	76.54032	76.56160	76.78693	76.59895	76.59090	76.56457	76.57163
2/3/2025	1:27:32 PM	76.56473	76.63149	76.58608	76.57684	76.60738	76.58708	76.60827	76.54118	76.56156	76.79082	76.60238	76.58697	76.56510	76.57192
2/3/2025	1:27:36 PM	76.56496	76.63101	76.58618	76.57689	76.60770	76.58698	76.60853	76.54117	76.56200	76.79094	76.60210	76.58649	76.56474	76.57209
2/3/2025	1:27:39 PM	76.56480	76.63143	76.58622	76.57715	76.60741	76.58691	76.60852	76.54132	76.56183	76.79093	76.60240	76.58697	76.56493	76.57187
2/3/2025	1:27:43 PM	76.56427	76.63080	76.58588	76.57687	76.60743	76.58678	76.60834	76.54069	76.56157	76.79074	76.60217	76.58662	76.56451	76.57143
2/3/2025	1:27:46 PM	76.56454	76.63076	76.58606	76.57694	76.60766	76.58632	76.60833	76.54067	76.56121	76.79032	76.60195	76.58615	76.56413	76.57119
2/3/2025	1:27:50 PM	76.56420	76.63080	76.58571	76.57649	76.60696	76.58641	76.60807	76.54050	76.56140	76.79026	76.60208	76.58633	76.56406	76.57167
2/3/2025	1:27:54 PM	76.56429	76.63055	76.58580	76.57655	76.60702	76.58653	76.60821	76.54087	76.56110	76.79082	76.60168	76.58639	76.56396	76.57168
2/3/2025	1:27:57 PM	76.56487	76.63126	76.58635	76.57675	76.60758	76.58672	76.60781	76.54066	76.56089	76.79056	76.60195	76.58597	76.56437	76.57144
2/3/2025	1:28:01 PM	76.56437	76.63068	76.58547	76.57653	76.60744	76.58660	76.60828	76.54082	76.56139	76.79065	76.60206	76.58591	76.56446	76.57156
2/3/2025	1:28:04 PM	76.56446	76.63076	76.58595	76.57670	76.60738	76.58694	76.60832	76.54087	76.56148	76.79072	76.60229	76.58676	76.56425	76.57156
2/3/2025	1:28:08 PM	76.56402	76.63095	76.58602	76.57650	76.60723	76.58660	76.60829	76.54075	76.56143	76.79077	76.60184	76.58622	76.56406	76.57164
2/3/2025	1:28:11 PM	76.56438	76.63096	76.58577	76.57652	76.60743	76.58703	76.60829	76.54076	76.56145	76.79124	76.60191	76.59032	76.56448	76.57171
2/3/2025	1:28:15 PM	76.56490	76.63107	76.58625	76.57714	76.60764	76.58706	76.60867	76.54118	76.56211	76.79118	76.60299	76.58687	76.56472	76.57263
2/3/2025	1:28:18 PM	76.56498	76.63148	76.58647	76.57722	76.60823	76.58733	76.60877	76.54108	76.56218	76.79126	76.60286	76.58675	76.56471	76.57203
2/3/2025	1:28:22 PM	76.56471	76.63141	76.58667	76.57711	76.60794	76.58713	76.60868	76.54114	76.56161	76.79128	76.60252	76.58701	76.56466	76.57205
2/3/2025	1:28:26 PM	76.56491	76.63151	76.58670	76.57712	76.60797	76.58745	76.60877	76.54140	76.56197	76.79167	76.60308	76.58684	76.56479	76.57223
2/3/2025	1:28:29 PM	76.56476	76.63137	76.58668	76.57735	76.60768	76.58695	76.60857	76.54131	76.56193	76.79103	76.60249	76.58676	76.56429	76.57197
2/3/2025	1:28:33 PM	76.56469	76.63137	76.58668	76.57743	76.60785	76.58725	76.60843	76.54103	76.56151	76.79128	76.60276	76.58700	76.56483	76.57251
2/3/2025	1:28:36 PM	76.56492	76.63148	76.58710	76.57708	76.60796	76.58733	76.60882	76.54106	76.56185	76.79098	76.60255	76.58673	76.56441	76.57189
2/3/2025	1:28:40 PM	76.56477	76.63153	76.58679	76.57730	76.60802	76.58732	76.60915	76.54117	76.56170	76.79141	76.60298	76.58703	76.56463	76.57163
2/3/2025	1:28:44 PM	76.56449	76.63130	76.58667	76.57711	76.60791	76.58721	76.60881	76.54119	76.56158	76.79166	76.60255	76.58620	76.56481	76.57218
2/3/2025	1:28:47 PM	76.56511	76.63168	76.58666	76.57754	76.60807	76.58709	76.60880	76.54128	76.56186	76.79139	76.60287	76.58671	76.56428	76.57196
2/3/2025	1:28:51 PM	76.56437	76.63148	76.58654	76.57732	76.60796	76.58729	76.60891	76.54131	76.56200	76.79144	76.60289	76.58691	76.56465	76.57230
2/3/2025	1:28:54 PM	76.56508	76.63168	76.58653	76.57736	76.60782	76.58740	76.60889	76.54126	76.56154	76.79166	76.60295	76.58710	76.56474	76.57191
2/3/2025	1:28:58 PM	76.56468	76.63151	76.58635	76.57738	76.60788	76.58715	76.60878	76.54118	76.56169	76.79146	76.60307	76.58706	76.56517	76.57243
2/3/2025	1:29:01 PM	76.56480	76.63185	76.58664	76.57751	76.60806	76.58779	76.60932	76.54167	76.56218	76.79205	76.60310	76.58731	76.56472	76.57229
2/3/2025	1:29:05 PM	76.56537	76.63197	76.58690	76.57788	76.60812	76.58761	76.60975	76.54187	76.56231	76.79199	76.60366	76.58736	76.56523	76.57280
2/3/2025	1:29:08 PM	76.56576	76.63189	76.58681	76.57771	76.60829	76.58785	76.60903	76.54159	76.56202	76.79176	76.60347	76.58681	76.56461	76.57292
2/3/2025	1:29:12 PM	76.56528	76.63212	76.58698	76.57753	76.60833	76.58776	76.60961	76.54158	76.56172	76.79173	76.60303	76.58718	76.56507	76.57276
2/3/2025	1:29:16 PM	76.56522	76.63170	76.58684	76.57770	76.60838	76.58789	76.60948	76.54187	76.56216	76.79177	76.60334	76.58722	76.56505	76.57247
2/3/2025	1:29:19 PM	76.56512	76.63179	76.58745	76.57785	76.60852	76.58776	76.60926	76.54184	76.56210	76.79185	76.60321	76.58741	76.56480	76.57265
2/3/2025	1:29:23 PM	76.56510	76.63186	76.58732	76.57758	76.60844	76.58741	76.60940	76.54163	76.56225	76.79209	76.60363	76.58772	76.56523	76.57270
2/3/2025	1:29:26 PM	76.56588	76.63233	76.58733	76.57765	76.60823	76.58771	76.60973	76.54193	76.56226	76.79197	76.60367	76.58746	76.56534	76.57255
2/3/2025	1:29:30 PM	76.56529	76.63186	76.58706	76.57711	76.60781	76.58710	76.60899	76.54143	76.56175	76.79180	76.60286	76.58698	76.56448	76.57207
2/3/2025	1:29:33 PM	76.56469	76.63181	76.58725	76.57750	76.60839	76.58740	76.60923	76.54154	76.56204	76.79174	76.60339	76.58717	76.56486	76.57216
2/3/2025	1:29:37 PM	76.56516	76.63188	76.58735	76.57769	76.60833	76.58775	76.60904	76.54137	76.56191	76.79167	76.60301	76.58671	76.56472	76.57275
2/3/2025	1:29:41 PM	76.56482	76.63146	76.58683	76.57739	76.60776	76.58720	76.60895	76.54131	76.56199	76.79181	76.60272	76.58709	76.56481	76.57247
2/3/2025	1:29:44 PM	76.56475	76.63157	76.58672	76.57750	76.60802	76.58746	76.60889	76.54188	76.56204	76.79232	76.60335	76.58723	76.56515	76.57277
2/3/2025	1:29:48 PM	76.56543	76.63200	76.58739	76.57722	76.60841	76.58752	76.60942	76.54139	76.56200	76.79202	76.60345	76.58730	76.56479	76.57268
2/3/2025	1:29:52 PM	76.56518	76.63183	76.58742	76.57754	76.60869	76.58782	76.60956	76.54129	76.56189	76.79206	76.60361	76.58763	76.56532	76.57318
2/3/2025	1:29:55 PM	76.56546	76.63188	76.58725	76.57760	76.60832	76.58754	76.60919	76.54112	76.56180	76.79173	76.60320	76.58686	76.56481	76.57222
2/3/2025	1:29:59 PM	76.56463	76.63146	76.58676	76.57700	76.60811	76.58747	76.60904	76.54119	76.56166	76.79166	76.60267	76.58671	76.56446	76.57214
2/3/2025	1:30:02 PM	76.56450	76.63160	76.58677	76.57711	76.60791	76.58746	76.60909	76.54163	76.56197	76.79182	76.60297	76.58689	76.56490	76.57252
2/3/2025	1:30:06 PM	76.56503	76.63184	76.58698	76.57707	76.60804	76.58736	76.60892	76.54095	76.56149	76.79170	76.60282	76.58701	76.56441	76.57238
2/3/2025	1:30:09 PM	76.56457	76.63146	76.58689	76.57721	76.60821	76.58714	76.60902	76.54132	76.56207	76.79174	76.60309	76.58710	76.56488	76.57247
2/3/2025	1:30:13 PM	76.56546	76.63212	76.58736	76.57739	76.60848	76.58781	76.60958	76.54166	76.56200	76.79212	76.60320	76.58710	76.56499	76.57285
2/3/2025	1:30:16 PM	76.56511	76.63185	76.58668	76.57718	76.60790	76.58765	76.60927	76.54117	76.56184	76.79170	76.60358	76.58713	76.56471	76.57255
2/3/2025	1:30:20 PM	76.56467	76.63175	76.58702	76.57734	76.60808	76.58734	76.60957	76.54143	76.56143	76.79178	76.60305	76.58721	76.56493	76.57256
2/3/2025	1:30:23 PM	76.56547	76.63191	76.58710	76.57701	76.60808	76.58791	76.60961	76.54180	76.56174	76.79205	76.60407	76.58738	76.56509	76.57276
2/3/2025	1:30:27 PM	76.56517	76.63204	76.58744	76.57719	76.60853	76.58828	76.60918	76.54159	76.56187	76.79155	76.60336	76.58710	76.56486	76.57268
2/3/2025	1:30:30 PM	76.56513	76.63205	76.58742	76.57766	76.60873	76.58777	76.60960	76.54155	76.56191	76.79219	76.60351	76.58732	76.56495	76.57284
2/3/2025	1:30:34 PM	76.56501	76.63210	76.58722	76.57783	76.60855	76.58785	76.60937	76.54166	76.56161	76.79184	76.60337	76.58773	76.56507	76.57271
2/3/2025	1:30:37 PM	76.56502	76.63199	76.58748	76.57783	76.60874	76.58846	76.60989	76.54193	76.56199	76.79235	76.60374	76.58768	76.56513	76.57276
2/3/2025	1:30:40 PM	76.56530	76.63221	76.58760	76.57771	76.60871	76.58820	76.60936	76.54152	76.56164	76.79210	76.60352	76.58729	76.56481	76.57285
2/3/2025	1:30:44 PM	76.56489	76.63191	76.58713	76.57768	76.60900	76.58807	76.60954	76.54177	76.56203	76.79196	76.60387	76.58770	76.56463	76.57296
2/3/2025	1:30:48 PM	76.56509	76.63190	76.58762	76.57728	76.60833	76.58775	76.60928	76.54117	76.56184	76.79162	76.60369	76.58734	76.56529	76.57301
2/3/2025	1:30:51 PM	76.56517	76.63212	76.58742	76.57769	76.60903	76.58814	76.60957	76.54186	76.56214	76.79256	76.60385	76.58751	76.56512	76.57325
2/3/2025	1:30:55 PM	76.56541	76.63218	76.58752	76.57793	76.60849	76.58780	76.60949	76.54166	76.56179	76.79189	76.60361	76.58741	76.56537	76.57283
2/3/2025	1:30:58 PM	76.56543	76.63210	76.58717	76.57750	76.60894	76.58830	76.61011	76.54168	76.56160	76.79212	76.60389	76.58759	76.56515	76.57277
2/3/2025	1:31:01 PM	76.56517	76.63228	76.58740	76.57768	76.60900	76.58807	76.60994	76.54185	76.56220	76.79224	76.60397	76.58751	76.56506	76.57305
2/3/2025	1:31:05 PM	76.56509	76.63203	76.58736	76.57779	76.60855	76.58784	76.60945	76.54154	76.56165	76.79183	76.60348	76.58695	76.56497	76.57286
2/3/2025	1:31:08 PM	76.56467	76.63181	76.58732	76.57751	76.60878	76.58767	76.60932	76.54105	76.56147	76.79147	76.60323	76.58720	76.56517	76.57289
2/3/2025	1:31:12 PM	76.56523	76.63174	76.58717	76.57755	76.60873	76.58800	76.60952	76.54152	76.56150	76.79211	76.60378	76.58741	76.56496	76.57294
2/3/2025	1:31:15 PM	76.56482	76.63196	76.58734	76.57746	76.60897	76.58839	76.60988	76.54173	76.56158	76.79211	76.60359	76.58719	76.56535	76.57311
2/3/2025	1:31:19 PM	76.56504	76.63201	76.58757	76.57792	76.60883	76.58794	76.60949	76.54147	76.56200	76.79173	76.60351	76.58717	76.56497	76.57273
2/3/2025	1:31:22 PM	76.56557	76.63213	76.58780	76.57767	76.60874	76.58781	76.60940	76.54100	76.56156	76.79164	76.60351	76.58720	76.56460	76.57305
2/3/2025	1:31:26 PM	76.56532	76.63245	76.58801	76.57783	76.60845	76.58841	76.61007	76.54205	76.56212	76.79231	76.60418	76.58736	76.56521	76.57290
2/3/2025	1:31:30 PM	76.56554	76.63213	76.58816	76.57801	76.60906	76.58817	76.60989	76.54172	76.56183	76.79221	76.60391	76.58754	76.56592	76.57337
2/3/2025	1:31:33 PM	76.56556	76.63233	76.58804	76.57798	76.60875	76.58802	76.60960	76.54149	76.56169	76.79224	76.60421	76.58767	76.56496	76.57335
2/3/2025	1:31:36 PM	76.56544	76.63222	76.58754	76.57782	76.60904	76.58803	76.60953	76.54136	76.56177	76.79183	76.60347	76.58798	76.56497	76.57326
2/3/2025	1:31:40 PM	76.56495	76.63200	76.58749	76.57724	76.60856	76.58809	76.60950	76.54143	76.56167	76.79184	76.60376	76.58721	76.56493	76.57269
2/3/2025	1:31:44 PM	76.56519	76.63208	76.58767	76.57736	76.60896	76.58822	76.60998	76.54156	76.56178	76.79245	76.60336	76.58731	76.56535	76.57356
2/3/2025	1:31:47 PM	76.56537	76.63265	76.58786	76.57786	76.60901	76.58773	76.60984	76.54146	76.56154	76.79217	76.60372	76.58766	76.56508	76.57313
2/3/2025	1:31:51 PM	76.56571	76.63280	76.58784	76.57814	76.60953	76.58818	76.61029	76.54148	76.56193	76.79236	76.60400	76.58762	76.56548	76.57365
2/3/2025	1:31:54 PM	76.56550	76.63256	76.58787	76.57804	76.60950	76.58873	76.61057	76.54224	76.56203	76.79163	76.60353	76.58766	76.56499	76.57328
2/3/2025	1:31:58 PM	76.56513	76.63190	76.58702	76.57718	76.60849	76.58756	76.60943	76.54140	76.56137	76.79197	76.60362	76.58712	76.56474	76.57295
2/3/2025	1:32:01 PM	76.56489	76.63174	76.58763	76.57736	76.60878	76.58801	76.60947	76.54163	76.56156	76.79201	76.60354	76.58725	76.56472	76.57286
2/3/2025	1:32:05 PM	76.56526	76.63237	76.58803	76.57752	76.60840	76.58775	76.60945	76.54123	76.56154	76.79208	76.60372	76.58716	76.56527	76.57253
2/3/2025	1:32:09 PM	76.56483	76.63202	76.58744	76.57761	76.60867	76.58720	76.60923	76.54125	76.56162	76.79194	76.60375	76.58730	76.56484	76.57313
2/3/2025	1:32:12 PM	76.56495	76.63187	76.58770	76.57751	76.60873	76.58797	76.60990	76.54103	76.56146	76.79184	76.60346	76.58740	76.56480	76.57305
2/3/2025	1:32:16 PM	76.56496	76.63217	76.58757	76.57769	76.60856	76.58792	76.60974	76.54104	76.56103	76.79202	76.60341	76.58695	76.56486	76.57271
2/3/2025	1:32:19 PM	76.56486	76.63189	76.58739	76.57717	76.60838	76.58751	76.60904	76.54123	76.56132	76.79191	76.60351	76.58744	76.56538	76.57312
2/3/2025	1:32:23 PM	76.56546	76.63237	76.58778	76.57791	76.60872	76.58831	76.60937	76.54120	76.56105	76.79193	76.60388	76.58745	76.56528	76.57298
2/3/2025	1:32:26 PM	76.56491	76.63177	76.58770	76.57767	76.60853	76.58854	76.60960	76.54123	76.56149	76.79204	76.60407	76.58755	76.56498	76.57325
2/3/2025	1:32:30 PM	76.56502	76.63219	76.58788	76.57770	76.60877	76.58801	76.60982	76.54166	76.56174	76.79208	76.60408	76.58769	76.56524	76.57336
2/3/2025	1:32:33 PM	76.56534	76.63221	76.58778	76.57796	76.60929	76.58854	76.61005	76.54145	76.56182	76.79182	76.60414	76.58786	76.56550	76.57320
2/3/2025	1:32:37 PM	76.56487	76.63198	76.58794	76.57792	76.60921	76.58868	76.61025	76.54146	76.56141	76.79246	76.60444	76.58783	76.56552	76.57314
2/3/2025	1:32:41 PM	76.56522	76.63239	76.58816	76.57797	76.60902	76.58830	76.60970	76.54131	76.56145	76.79212	76.60411	76.58755	76.56534	76.57301
2/3/2025	1:32:44 PM	76.56519	76.63205	76.58797	76.57784	76.60865	76.58789	76.60981	76.54124	76.56120	76.79165	76.60364	76.58750	76.56515	76.57306
2/3/2025	1:32:48 PM	76.56535	76.63217	76.58775	76.57743	76.60884	76.58825	76.60961	76.54107	76.56126	76.79202	76.60369	76.58741	76.56534	76.57307
2/3/2025	1:32:51 PM	76.56501	76.63265	76.58786	76.57852	76.60894	76.58847	76.60949	76.54124	76.56128	76.79173	76.60366	76.58743	76.56529	76.57326
2/3/2025	1:32:55 PM	76.56497	76.63197	76.58786	76.57753	76.60867	76.58763	76.60950	76.54106	76.56108	76.79185	76.60377	76.58686	76.56453	76.57283
2/3/2025	1:32:59 PM	76.56478	76.63207	76.58815	76.57739	76.60882	76.58803	76.60926	76.54089	76.56064	76.79191	76.60339	76.58685	76.56478	76.57266
2/3/2025	1:33:02 PM	76.56454	76.63162	76.58772	76.57780	76.60868	76.58806	76.60908	76.54088	76.56083	76.79182	76.60373	76.58763	76.56543	76.57280
2/3/2025	1:33:06 PM	76.56474	76.63166	76.58736	76.57758	76.60850	76.58800	76.60924	76.54090	76.56119	76.79169	76.60341	76.58704	76.56484	76.57258
2/3/2025	1:33:09 PM	76.56492	76.63183	76.58739	76.57755	76.60862	76.58796	76.60935	76.54067	76.56091	76.79195	76.60387	76.58710	76.56524	76.57329
2/3/2025	1:33:13 PM	76.56504	76.63222	76.58798	76.57741	76.60895	76.58804	76.60964	76.54080	76.56124	76.79193	76.60379	76.58752	76.56495	76.57313
2/3/2025	1:33:17 PM	76.56510	76.63183	76.58747	76.57762	76.60924	76.58825	76.60975	76.54092	76.56103	76.79116	76.60388	76.58744	76.56554	76.57319
2/3/2025	1:33:20 PM	76.56501	76.63250	76.58779	76.57757	76.60911	76.58840	76.60967	76.54098	76.56145	76.79194	76.60378	76.58729	76.56465	76.57317
2/3/2025	1:33:24 PM	76.56475	76.63179	76.58812	76.57771	76.60918	76.58802	76.60942	76.54115	76.56120	76.79189	76.60349	76.58690	76.56514	76.57310
2/3/2025	1:33:27 PM	76.56513	76.63235	76.58809	76.57739	76.60875	76.58793	76.60940	76.54094	76.56091	76.79176	76.60357	76.58710	76.56548	76.57311
2/3/2025	1:33:31 PM	76.56485	76.63204	76.58757	76.57749	76.60882	76.58766	76.60972	76.54132	76.56092	76.79154	76.60332	76.58719	76.56514	76.57305
2/3/2025	1:33:34 PM	76.56465	76.63215	76.58768	76.57760	76.60853	76.58788	76.60976	76.54071	76.56072	76.79186	76.60366	76.58728	76.56514	76.57252
2/3/2025	1:33:38 PM	76.56442	76.63174	76.58762	76.57726	76.60882	76.58794	76.60942	76.54106	76.56057	76.79164	76.60404	76.58760	76.56526	76.57350
2/3/2025	1:33:41 PM	76.56533	76.63245	76.58826	76.57767	76.60891	76.58793	76.60955	76.54089	76.56077	76.79165	76.60376	76.58773	76.56532	76.57317
2/3/2025	1:33:45 PM	76.56508	76.63218	76.58760	76.57763	76.60890	76.58788	76.60891	76.54058	76.56097	76.79144	76.60358	76.58735	76.56467	76.57278
2/3/2025	1:33:48 PM	76.56484	76.63187	76.58798	76.57783	76.60901	76.58771	76.60942	76.54062	76.56082	76.79117	76.60360	76.58745	76.56506	76.57326
2/3/2025	1:33:52 PM	76.56480	76.63183	76.58793	76.57744	76.60843	76.58793	76.60909	76.54075	76.56072	76.79142	76.60345	76.58729	76.56497	76.57280
2/3/2025	1:33:55 PM	76.56483	76.63212	76.58782	76.57713	76.60869	76.58789	76.60924	76.54080	76.56070	76.79153	76.60377	76.58758	76.56529	76.57323
2/3/2025	1:33:59 PM	76.56491	76.63222	76.58803	76.57765	76.60890	76.58819	76.60939	76.54072	76.56083	76.79172	76.60372	76.58720	76.56511	76.57309
2/3/2025	1:34:03 PM	76.56505	76.63234	76.58817	76.57786	76.60917	76.58826	76.60940	76.54118	76.56123	76.79216	76.60387	76.58774	76.56484	76.57325
2/3/2025	1:34:06 PM	76.56490	76.63204	76.58780	76.57798	76.60888	76.58753	76.60986	76.54065	76.56082	76.79154	76.60340	76.58719	76.56507	76.57294
2/3/2025	1:34:10 PM	76.56475	76.63232	76.58833	76.57787	76.60910	76.58800	76.60956	76.54086	76.56079	76.79161	76.60377	76.58733	76.56550	76.57301
2/3/2025	1:34:13 PM	76.56490	76.63224	76.58789	76.57761	76.60923	76.58832	76.60943	76.54045	76.56067	76.79170	76.60398	76.58763	76.56549	76.57375
2/3/2025	1:34:17 PM	76.56518	76.63228	76.58833	76.57797	76.60920	76.58847	76.60996	76.54139	76.56130	76.79214	76.60443	76.58778	76.56582	76.57361
2/3/2025	1:34:20 PM	76.56472	76.63211	76.58814	76.57768	76.60940	76.58827	76.60967	76.54092	76.56128	76.79170	76.60393	76.58756	76.56565	76.57345
2/3/2025	1:34:24 PM	76.56502	76.63225	76.58814	76.57775	76.60938	76.58823	76.60949	76.54122	76.56101	76.79204	76.60423	76.58779	76.56571	76.57374
2/3/2025	1:34:28 PM	76.56568	76.63251	76.58840	76.57800	76.60943	76.58850	76.60993	76.54128	76.56118	76.79180	76.60389	76.58771	76.56553	76.57335
2/3/2025	1:34:31 PM	76.56518	76.63242	76.58799	76.57795	76.60915	76.58841	76.60995	76.54106	76.56075	76.79147	76.60361	76.58734	76.56521	76.57307
2/3/2025	1:34:35 PM	76.56482	76.63214	76.58805	76.57735	76.60921	76.58835	76.60960	76.54096	76.56075	76.79160	76.60431	76.58752	76.56523	76.57333
2/3/2025	1:34:38 PM	76.56542	76.63257	76.58814	76.57776	76.60939	76.58794	76.60986	76.54074	76.56100	76.79204	76.60422	76.58762	76.56536	76.57347
2/3/2025	1:34:42 PM	76.56524	76.63258	76.58854	76.57810	76.60946	76.58834	76.60984	76.54044	76.56075	76.79153	76.60396	76.58765	76.56578	76.57329
2/3/2025	1:34:45 PM	76.56472	76.63208	76.58826	76.57774	76.60901	76.58799	76.60936	76.54084	76.56095	76.79135	76.60414	76.58727	76.56494	76.57355
2/3/2025	1:34:49 PM	76.56555	76.63220	76.58842	76.57809	76.60941	76.58841	76.60985	76.54050	76.56088	76.79172	76.60409	76.58786	76.56555	76.57360
2/3/2025	1:34:52 PM	76.56488	76.63199	76.58792	76.57782	76.60901	76.58801	76.60941	76.54069	76.56050	76.79156	76.60398	76.58764	76.56534	76.57369
2/3/2025	1:34:56 PM	76.56484	76.63237	76.58840	76.57804	76.60937	76.58851	76.60972	76.54094	76.56109	76.79159	76.60402	76.58762	76.56554	76.57360
2/3/2025	1:34:59 PM	76.56509	76.63219	76.58818	76.57820	76.60913	76.58832	76.60903	76.54084	76.56078	76.79196	76.60441	76.58800	76.56608	76.57419
2/3/2025	1:35:03 PM	76.56554	76.63315	76.58868	76.57853	76.60974	76.58833	76.60952	76.54106	76.56111	76.79219	76.60440	76.58802	76.56585	76.57421
2/3/2025	1:35:07 PM	76.56575	76.63315	76.58894	76.57841	76.60951	76.58830	76.60941	76.54077	76.56096	76.79175	76.60476	76.58786	76.56592	76.57394
2/3/2025	1:35:10 PM	76.56562	76.63249	76.58857	76.57864	76.60931	76.58877	76.60991	76.54147	76.56114	76.79200	76.60411	76.58764	76.56565	76.57396
2/3/2025	1:35:14 PM	76.56564	76.63264	76.58870	76.57843	76.60968	76.58883	76.60993	76.54116	76.56089	76.79199	76.60428	76.58786	76.56599	76.57394
2/3/2025	1:35:17 PM	76.56529	76.63283	76.58888	76.57840	76.60997	76.58881	76.60979	76.54113	76.56098	76.79187	76.60414	76.58795	76.56559	76.57409
2/3/2025	1:35:21 PM	76.56545	76.63269	76.58854	76.57844	76.60957	76.58844	76.60989	76.54065	76.56124	76.79199	76.60424	76.58796	76.56565	76.57343
2/3/2025	1:35:24 PM	76.56519	76.63226	76.58826	76.57817	76.60939	76.58832	76.60940	76.54055	76.56072	76.79143	76.60357	76.58768	76.56559	76.57370
2/3/2025	1:35:28 PM	76.56499	76.63244	76.58839	76.57783	76.60938	76.58812	76.60940	76.54058	76.56054	76.79153	76.60386	76.58760	76.56560	76.57342
2/3/2025	1:35:32 PM	76.56538	76.63244	76.58851	76.57818	76.60917	76.58802	76.60941	76.54052	76.56039	76.79184	76.60419	76.58777	76.56568	76.57380
2/3/2025	1:35:35 PM	76.56479	76.63210	76.58850	76.57817	76.60968	76.58866	76.60980	76.54118	76.56066	76.79207	76.60420	76.58789	76.56546	76.57383
2/3/2025	1:35:39 PM	76.56530	76.63229	76.58834	76.57810	76.60938	76.58814	76.60915	76.54052	76.56027	76.79144	76.60450	76.58783	76.56539	76.57366
2/3/2025	1:35:42 PM	76.56498	76.63236	76.58903	76.57841	76.60947	76.58862	76.60987	76.54078	76.56074	76.79163	76.60425	76.58791	76.56572	76.57415
2/3/2025	1:35:46 PM	76.56510	76.63254	76.58839	76.57821	76.60986	76.58871	76.60987	76.54119	76.56075	76.79175	76.60404	76.58813	76.56576	76.57410
2/3/2025	1:35:49 PM	76.56521	76.63290	76.58855	76.57850	76.61003	76.58843	76.60968	76.54084	76.56057	76.79200	76.60444	76.58780	76.56569	76.57374
2/3/2025	1:35:53 PM	76.56563	76.63255	76.58867	76.57854	76.60963	76.58879	76.60970	76.54094	76.56089	76.79216	76.60422	76.58753	76.56594	76.57405
2/3/2025	1:35:56 PM	76.56542	76.63245	76.58894	76.57842	76.60990	76.58870	76.60972	76.54091	76.56046	76.79171	76.60432	76.58805	76.56586	76.57439
2/3/2025	1:36:00 PM	76.56548	76.63288	76.58854	76.57821	76.60958	76.58815	76.60947	76.54091	76.56038	76.79158	76.60452	76.58771	76.56611	76.57423
2/3/2025	1:36:04 PM	76.56555	76.63279	76.58869	76.57841	76.60996	76.58832	76.60946	76.54048	76.56064	76.79142	76.60407	76.58724	76.56518	76.57387
2/3/2025	1:36:07 PM	76.56487	76.63209	76.58845	76.57812	76.60919	76.58845	76.60990	76.54090	76.56099	76.79158	76.60413	76.58786	76.56633	76.57429
2/3/2025	1:36:11 PM	76.56574	76.63267	76.58868	76.57822	76.61001	76.58862	76.60988	76.54106	76.56084	76.79212	76.60424	76.58790	76.56595	76.57434
2/3/2025	1:36:14 PM	76.56582	76.63326	76.58913	76.57849	76.60970	76.58869	76.60991	76.54088	76.56098	76.79180	76.60434	76.58784	76.56616	76.57438
2/3/2025	1:36:18 PM	76.56569	76.63320	76.58955	76.57871	76.61022	76.58874	76.61000	76.54080	76.56053	76.79208	76.60454	76.58869	76.56617	76.57429
2/3/2025	1:36:22 PM	76.56573	76.63298	76.58910	76.57882	76.60975	76.58906	76.60983	76.54110	76.56072	76.79165	76.60446	76.58830	76.56645	76.57452
2/3/2025	1:36:25 PM	76.56526	76.63275	76.58906	76.57888	76.60993	76.58831	76.61021	76.54112	76.56088	76.79229	76.60497	76.58827	76.56694	76.57466
2/3/2025	1:36:29 PM	76.56614	76.63380	76.58924	76.57898	76.60983	76.58884	76.60996	76.54131	76.56115	76.79206	76.60453	76.58820	76.56597	76.57449
2/3/2025	1:36:32 PM	76.56586	76.63287	76.58909	76.57833	76.60945	76.58886	76.60988	76.54117	76.56093	76.79182	76.60458	76.58791	76.56654	76.57418
2/3/2025	1:36:36 PM	76.56601	76.63307	76.58901	76.57853	76.60981	76.58886	76.60982	76.54114	76.56119	76.79173	76.60486	76.58850	76.56641	76.57435
2/3/2025	1:36:39 PM	76.56546	76.63276	76.58902	76.57860	76.60989	76.58861	76.60991	76.54136	76.56113	76.79175	76.60459	76.58820	76.56618	76.57398
2/3/2025	1:36:43 PM	76.56510	76.63286	76.58896	76.57829	76.60966	76.58878	76.60936	76.54028	76.56064	76.79168	76.60432	76.58790	76.56586	76.57386
2/3/2025	1:36:47 PM	76.56521	76.63298	76.58909	76.57826	76.60970	76.58837	76.60921	76.54046	76.56068	76.79182	76.60424	76.58819	76.56626	76.57458
2/3/2025	1:36:50 PM	76.56553	76.63304	76.58942	76.57874	76.60974	76.58816	76.60954	76.54044	76.56078	76.79168	76.60416	76.58797	76.56633	76.57450
2/3/2025	1:36:54 PM	76.56536	76.63267	76.58881	76.57811	76.60954	76.58858	76.60975	76.54056	76.56053	76.79155	76.60437	76.58764	76.56610	76.57430
2/3/2025	1:36:57 PM	76.56540	76.63275	76.58869	76.57859	76.60989	76.58824	76.60976	76.54088	76.56005	76.79103	76.60426	76.58818	76.56579	76.57433
2/3/2025	1:37:01 PM	76.56507	76.63274	76.58895	76.57844	76.60958	76.58819	76.60922	76.54031	76.56031	76.79165	76.60443	76.58812	76.56593	76.57401
2/3/2025	1:37:04 PM	76.56516	76.63272	76.58863	76.57813	76.61015	76.58852	76.60904	76.54060	76.56010	76.79168	76.60398	76.58802	76.56656	76.57451
2/3/2025	1:37:08 PM	76.56525	76.63270	76.58886	76.57860	76.60966	76.58843	76.60937	76.54058	76.56040	76.79128	76.60435	76.58784	76.56624	76.57460
2/3/2025	1:37:12 PM	76.56567	76.63302	76.58971	76.57867	76.60983	76.58830	76.60945	76.54077	76.56061	76.79151	76.60438	76.58813	76.56597	76.57440
2/3/2025	1:37:15 PM	76.56507	76.63281	76.58927	76.57841	76.60986	76.58826	76.60953	76.54035	76.56016	76.79146	76.60436	76.58775	76.56580	76.57405
2/3/2025	1:37:19 PM	76.56494	76.63283	76.58929	76.57852	76.60967	76.58820	76.60946	76.54026	76.56017	76.79125	76.60421	76.58729	76.56586	76.57421
2/3/2025	1:37:22 PM	76.56546	76.63265	76.58901	76.57828	76.60953	76.58876	76.60985	76.54037	76.56019	76.79157	76.60398	76.58780	76.56569	76.57468
2/3/2025	1:37:26 PM	76.56533	76.63271	76.58898	76.57836	76.61000	76.58836	76.60942	76.54033	76.56031	76.79141	76.60376	76.58775	76.56578	76.57420
2/3/2025	1:37:30 PM	76.56538	76.63276	76.58876	76.57833	76.60924	76.58849	76.60939	76.54022	76.56002	76.79119	76.60401	76.58728	76.56587	76.57397
2/3/2025	1:37:33 PM	76.56526	76.63317	76.58919	76.57844	76.60940	76.58809	76.60930	76.54036	76.56019	76.79118	76.60369	76.58767	76.56590	76.57416
2/3/2025	1:37:37 PM	76.56522	76.63279	76.58873	76.57835	76.60954	76.58799	76.60914	76.54018	76.55997	76.79144	76.60425	76.58797	76.56631	76.57415
2/3/2025	1:37:40 PM	76.56501	76.63279	76.58901	76.57845	76.60949	76.58832	76.60936	76.54020	76.56020	76.79107	76.60448	76.58841	76.56629	76.57418
2/3/2025	1:37:44 PM	76.56510	76.63289	76.58908	76.57879	76.60935	76.58844	76.60942	76.54056	76.56011	76.79148	76.60441	76.58833	76.56602	76.57453
2/3/2025	1:37:47 PM	76.56514	76.63302	76.58890	76.57825	76.60947	76.58781	76.60872	76.53984	76.55969	76.79106	76.60375	76.58750	76.56586	76.57385
2/3/2025	1:37:51 PM	76.56533	76.63268	76.58876	76.57828	76.60945	76.58847	76.60929	76.53995	76.56004	76.79115	76.60416	76.58775	76.56597	76.57435
2/3/2025	1:37:54 PM	76.56470	76.63253	76.58909	76.57808	76.60944	76.58832	76.60913	76.54033	76.55991	76.79134	76.60390	76.58784	76.56578	76.57422
2/3/2025	1:37:58 PM	76.56487	76.63263	76.58915	76.57817	76.60935	76.58801	76.60899	76.54026	76.56048	76.79114	76.60387	76.58776	76.56575	76.57417
2/3/2025	1:38:01 PM	76.56481	76.63216	76.58893	76.57792	76.60891	76.58778	76.60829	76.53997	76.55970	76.79137	76.60376	76.58742	76.56593	76.57413
2/3/2025	1:38:05 PM	76.56511	76.63257	76.58922	76.57817	76.60955	76.58808	76.60887	76.53991	76.55959	76.79034	76.60359	76.58710	76.56547	76.57403
2/3/2025	1:38:09 PM	76.56449	76.63234	76.58886	76.57815	76.60905	76.58795	76.60872	76.53970	76.55972	76.79084	76.60370	76.58738	76.56580	76.57396
2/3/2025	1:38:12 PM	76.56489	76.63266	76.58879	76.57814	76.60956	76.58808	76.60876	76.53992	76.55959	76.79103	76.60380	76.58777	76.56597	76.57430
2/3/2025	1:38:16 PM	76.56509	76.63251	76.58897	76.57820	76.60918	76.58802	76.60877	76.53963	76.55961	76.79079	76.60397	76.58803	76.56561	76.57417
2/3/2025	1:38:19 PM	76.56518	76.63259	76.58885	76.57856	76.60997	76.58831	76.60893	76.53992	76.55941	76.79121	76.60365	76.58764	76.56604	76.57466
2/3/2025	1:38:23 PM	76.56507	76.63259	76.58879	76.57819	76.60982	76.58839	76.60939	76.54004	76.55988	76.79129	76.60376	76.58749	76.56588	76.57464
2/3/2025	1:38:26 PM	76.56565	76.63332	76.58934	76.57850	76.60990	76.58850	76.60977	76.54020	76.55959	76.79100	76.60401	76.58800	76.56639	76.57420
2/3/2025	1:38:30 PM	76.56484	76.63288	76.58915	76.57860	76.60950	76.58871	76.60902	76.54031	76.55945	76.79115	76.60422	76.58846	76.56639	76.57439
2/3/2025	1:38:33 PM	76.56524	76.63316	76.58953	76.57860	76.60980	76.58854	76.60935	76.54048	76.56032	76.79149	76.60468	76.58850	76.56669	76.57482
2/3/2025	1:38:37 PM	76.56610	76.63325	76.58952	76.57871	76.60975	76.58868	76.60963	76.54044	76.56012	76.79185	76.60449	76.58817	76.56688	76.57493
2/3/2025	1:38:40 PM	76.56559	76.63330	76.58993	76.57867	76.60958	76.58833	76.60927	76.54050	76.56014	76.79112	76.60398	76.58783	76.56649	76.57489
2/3/2025	1:38:44 PM	76.56515	76.63327	76.58897	76.57835	76.60962	76.58836	76.60945	76.54035	76.56022	76.79120	76.60427	76.58821	76.56657	76.57465
2/3/2025	1:38:48 PM	76.56568	76.63311	76.58973	76.57901	76.61000	76.58857	76.60947	76.54056	76.56021	76.79148	76.60470	76.58850	76.56647	76.57488
2/3/2025	1:38:51 PM	76.56595	76.63323	76.58966	76.57879	76.60979	76.58814	76.60937	76.53990	76.56024	76.79116	76.60443	76.58808	76.56658	76.57478
2/3/2025	1:38:55 PM	76.56542	76.63328	76.58948	76.57898	76.61035	76.58845	76.60912	76.53980	76.56000	76.79150	76.60407	76.58794	76.56604	76.57463
2/3/2025	1:38:58 PM	76.56567	76.63292	76.58940	76.57847	76.60992	76.58883	76.60952	76.54020	76.56002	76.79119	76.60441	76.58785	76.56647	76.57453
2/3/2025	1:39:02 PM	76.56509	76.63294	76.58930	76.57818	76.60958	76.58825	76.60922	76.54069	76.56027	76.79174	76.60447	76.58863	76.56692	76.57471
2/3/2025	1:39:05 PM	76.56567	76.63358	76.58978	76.57909	76.61047	76.58885	76.60942	76.54065	76.56040	76.79143	76.60444	76.58815	76.56726	76.57543
2/3/2025	1:39:09 PM	76.56594	76.63387	76.59021	76.57912	76.61031	76.58882	76.60997	76.54055	76.56053	76.79176	76.60490	76.58863	76.56684	76.57520
2/3/2025	1:39:12 PM	76.56615	76.63370	76.58987	76.57877	76.61012	76.58853	76.60962	76.54049	76.56018	76.79157	76.60443	76.58826	76.56706	76.57521
2/3/2025	1:39:16 PM	76.56551	76.63333	76.58964	76.57869	76.61045	76.58826	76.60963	76.54058	76.56026	76.79142	76.60449	76.58836	76.56684	76.57430
2/3/2025	1:39:20 PM	76.56560	76.63327	76.58982	76.57892	76.61067	76.58861	76.60963	76.54011	76.56021	76.79120	76.60421	76.58831	76.56675	76.57510
2/3/2025	1:39:23 PM	76.56579	76.63305	76.58976	76.57893	76.61026	76.58885	76.60953	76.54005	76.56016	76.79189	76.60472	76.58843	76.56684	76.57523
2/3/2025	1:39:27 PM	76.56585	76.63325	76.58980	76.57918	76.61026	76.58880	76.60946	76.54045	76.55977	76.79133	76.60403	76.58812	76.56718	76.57495
2/3/2025	1:39:30 PM	76.56541	76.63318	76.58977	76.57901	76.60990	76.58855	76.60938	76.54049	76.56032	76.79078	76.60445	76.58821	76.56673	76.57475
2/3/2025	1:39:34 PM	76.56547	76.63339	76.58978	76.57908	76.61043	76.58862	76.60940	76.54049	76.56046	76.79157	76.60412	76.58841	76.56669	76.57494
2/3/2025	1:39:37 PM	76.56513	76.63315	76.58962	76.57855	76.61012	76.58834	76.60915	76.54013	76.55985	76.79101	76.60399	76.58780	76.56668	76.57496
2/3/2025	1:39:41 PM	76.56519	76.63312	76.58963	76.57849	76.61010	76.58850	76.60892	76.53974	76.55991	76.79106	76.60414	76.58802	76.56650	76.57488
2/3/2025	1:39:44 PM	76.56522	76.63307	76.58939	76.57873	76.60990	76.58879	76.60928	76.54021	76.55992	76.79136	76.60422	76.58767	76.56685	76.57505
2/3/2025	1:39:48 PM	76.56568	76.63343	76.58966	76.57893	76.61023	76.58849	76.60944	76.53981	76.56002	76.79097	76.60425	76.58788	76.56642	76.57455
2/3/2025	1:39:52 PM	76.56519	76.63277	76.58918	76.57842	76.60996	76.58838	76.60912	76.53966	76.55964	76.79091	76.60383	76.58759	76.56608	76.57418
2/3/2025	1:39:55 PM	76.56496	76.63288	76.58952	76.57895	76.60991	76.58843	76.60933	76.53996	76.56038	76.79122	76.60434	76.58800	76.56668	76.57480
2/3/2025	1:39:59 PM	76.56543	76.63315	76.58948	76.57829	76.60966	76.58803	76.60913	76.53982	76.55983	76.79058	76.60417	76.58814	76.56654	76.57447
2/3/2025	1:40:02 PM	76.56531	76.63331	76.58981	76.57897	76.61004	76.58851	76.60935	76.53998	76.56016	76.79162	76.60432	76.58811	76.56691	76.57489
2/3/2025	1:40:06 PM	76.56536	76.63354	76.58962	76.57908	76.60931	76.58867	76.60920	76.53952	76.55985	76.79093	76.60414	76.58791	76.56652	76.57479
2/3/2025	1:40:09 PM	76.56503	76.63302	76.58925	76.57860	76.60974	76.58857	76.60909	76.53985	76.55978	76.79101	76.60428	76.58793	76.56687	76.57467
2/3/2025	1:40:13 PM	76.56562	76.63315	76.58961	76.57855	76.60991	76.58832	76.60901	76.53958	76.55996	76.79093	76.60402	76.58811	76.56675	76.57487
2/3/2025	1:40:16 PM	76.56542	76.63332	76.59015	76.57908	76.61021	76.58840	76.60923	76.53998	76.55958	76.79108	76.60390	76.58809	76.56695	76.57519
2/3/2025	1:40:20 PM	76.56566	76.63326	76.58998	76.57884	76.61027	76.58865	76.60931	76.54002	76.55961	76.79134	76.60421	76.58796	76.56654	76.57479
2/3/2025	1:40:24 PM	76.56550	76.63330	76.58963	76.57909	76.61024	76.58846	76.60929	76.53985	76.55961	76.79094	76.60406	76.58765	76.56679	76.57504
2/3/2025	1:40:27 PM	76.56567	76.63359	76.58990	76.57892	76.61036	76.58885	76.60926	76.54005	76.56008	76.79129	76.60450	76.58816	76.56641	76.57444
2/3/2025	1:40:31 PM	76.56550	76.63329	76.58936	76.57867	76.60995	76.58807	76.60944	76.53992	76.55967	76.79133	76.60394	76.58803	76.56652	76.57502
2/3/2025	1:40:34 PM	76.56537	76.63309	76.58973	76.57891	76.61006	76.58839	76.60900	76.53975	76.55988	76.79099	76.60410	76.58801	76.56645	76.57504
2/3/2025	1:40:38 PM	76.56532	76.63308	76.58960	76.57849	76.60987	76.58859	76.60938	76.53993	76.55982	76.79102	76.60379	76.58783	76.56646	76.57485
2/3/2025	1:40:41 PM	76.56530	76.63311	76.58970	76.57866	76.61004	76.58847	76.60943	76.53989	76.55989	76.79098	76.60426	76.58816	76.56673	76.57481
2/3/2025	1:40:45 PM	76.56567	76.63326	76.58973	76.57884	76.61028	76.58875	76.60969	76.54023	76.56038	76.79128	76.60430	76.58864	76.56712	76.57521
2/3/2025	1:40:48 PM	76.56560	76.63337	76.58966	76.57897	76.61011	76.58836	76.60909	76.54020	76.55971	76.79103	76.60434	76.58819	76.56682	76.57481
2/3/2025	1:40:52 PM	76.56539	76.63352	76.58997	76.57875	76.61043	76.58861	76.60954	76.54049	76.55999	76.79129	76.60463	76.58855	76.56692	76.57532
2/3/2025	1:40:55 PM	76.56558	76.63331	76.58983	76.57890	76.61001	76.58833	76.60932	76.54008	76.55971	76.79106	76.60437	76.58815	76.56717	76.57532
2/3/2025	1:40:59 PM	76.56552	76.63339	76.59013	76.57946	76.61018	76.58833	76.60884	76.53978	76.55942	76.79100	76.60418	76.58793	76.56666	76.57471
2/3/2025	1:41:03 PM	76.56495	76.63282	76.58977	76.57879	76.61025	76.58838	76.60941	76.54032	76.55985	76.79075	76.60425	76.58786	76.56678	76.57500
2/3/2025	1:41:06 PM	76.56516	76.63287	76.58990	76.57841	76.60980	76.58800	76.60884	76.53974	76.55949	76.79090	76.60461	76.58849	76.56682	76.57544
2/3/2025	1:41:10 PM	76.56591	76.63336	76.58989	76.57915	76.61013	76.58834	76.60912	76.54014	76.55960	76.79062	76.60432	76.58833	76.56703	76.57507
2/3/2025	1:41:13 PM	76.56553	76.63314	76.58964	76.57891	76.60981	76.58835	76.60917	76.53988	76.55959	76.79077	76.60413	76.58789	76.56674	76.57507
2/3/2025	1:41:17 PM	76.56579	76.63367	76.59008	76.57859	76.61016	76.58816	76.60904	76.54003	76.55943	76.79085	76.60391	76.58809	76.56697	76.57516
2/3/2025	1:41:20 PM	76.56546	76.63348	76.58970	76.57894	76.61025	76.58858	76.60913	76.53989	76.55960	76.79120	76.60400	76.58794	76.56676	76.57454
2/3/2025	1:41:24 PM	76.56497	76.63268	76.58933	76.57831	76.60997	76.58790	76.60893	76.53951	76.55903	76.79045	76.60390	76.58781	76.56665	76.57483
2/3/2025	1:41:28 PM	76.56492	76.63266	76.58991	76.57858	76.60964	76.58833	76.60893	76.53981	76.55931	76.79072	76.60404	76.58798	76.56659	76.57466
2/3/2025	1:41:31 PM	76.56535	76.63316	76.58999	76.57876	76.61013	76.58856	76.60900	76.53918	76.55915	76.79059	76.60368	76.58777	76.56655	76.57494
2/3/2025	1:41:35 PM	76.56525	76.63347	76.58993	76.57899	76.60997	76.58816	76.60867	76.53938	76.55943	76.79041	76.60375	76.58773	76.56662	76.57470
2/3/2025	1:41:38 PM	76.56482	76.63288	76.58930	76.57855	76.60934	76.58794	76.60869	76.53924	76.55937	76.79029	76.60355	76.58763	76.56677	76.57488
2/3/2025	1:41:42 PM	76.56509	76.63273	76.58983	76.57875	76.60958	76.58783	76.60854	76.53955	76.55967	76.79092	76.60404	76.58767	76.56666	76.57513
2/3/2025	1:41:45 PM	76.56518	76.63317	76.58963	76.57839	76.60956	76.58818	76.60895	76.53994	76.55930	76.79034	76.60397	76.58776	76.56715	76.57569
2/3/2025	1:41:49 PM	76.56543	76.63330	76.58990	76.57894	76.60988	76.58823	76.60910	76.53967	76.55927	76.79084	76.60397	76.58804	76.56694	76.57537
2/3/2025	1:41:52 PM	76.56505	76.63326	76.58991	76.57885	76.60968	76.58850	76.60864	76.54004	76.55952	76.79060	76.60377	76.58784	76.56668	76.57511
2/3/2025	1:41:56 PM	76.56555	76.63299	76.58954	76.57854	76.60967	76.58820	76.60898	76.53965	76.55905	76.79041	76.60367	76.58790	76.56699	76.57502
2/3/2025	1:42:00 PM	76.56492	76.63332	76.58971	76.57841	76.61006	76.58808	76.60882	76.53977	76.55951	76.79087	76.60402	76.58778	76.56682	76.57481
2/3/2025	1:42:03 PM	76.56500	76.63328	76.58945	76.57913	76.60992	76.58773	76.60862	76.53980	76.55889	76.79026	76.60340	76.58751	76.56680	76.57555
2/3/2025	1:42:07 PM	76.56528	76.63324	76.59001	76.57883	76.61022	76.58796	76.60882	76.53960	76.55947	76.79095	76.60419	76.58827	76.56744	76.57529
2/3/2025	1:42:10 PM	76.56519	76.63354	76.59043	76.57912	76.61007	76.58828	76.60898	76.53988	76.55955	76.79080	76.60408	76.58765	76.56693	76.57516
2/3/2025	1:42:14 PM	76.56544	76.63347	76.58984	76.57882	76.60931	76.58801	76.60888	76.53970	76.55962	76.79044	76.60414	76.58780	76.56634	76.57521
2/3/2025	1:42:18 PM	76.56534	76.63297	76.58982	76.57865	76.60965	76.58806	76.60882	76.53964	76.55932	76.79052	76.60373	76.58780	76.56691	76.57489
2/3/2025	1:42:21 PM	76.56515	76.63307	76.58975	76.57862	76.61030	76.58814	76.60890	76.53963	76.55932	76.79058	76.60348	76.58774	76.56654	76.57468
2/3/2025	1:42:25 PM	76.56499	76.63307	76.58958	76.57855	76.60922	76.58763	76.60844	76.53926	76.55922	76.79024	76.60355	76.58766	76.56663	76.57467
2/3/2025	1:42:28 PM	76.56477	76.63296	76.58969	76.57833	76.61017	76.58781	76.60826	76.53971	76.55911	76.79044	76.60376	76.58807	76.56686	76.57531
2/3/2025	1:42:32 PM	76.56553	76.63333	76.58996	76.57889	76.60967	76.58759	76.60869	76.53938	76.55936	76.79053	76.60401	76.58803	76.56721	76.57508
2/3/2025	1:42:35 PM	76.56547	76.63313	76.58980	76.57876	76.61004	76.58827	76.60894	76.53983	76.55924	76.79042	76.60417	76.58789	76.56670	76.57517
2/3/2025	1:42:38 PM	76.56508	76.63370	76.58987	76.57857	76.60965	76.58817	76.60858	76.53962	76.55955	76.79116	76.60407	76.58827	76.56753	76.57552
2/3/2025	1:42:42 PM	76.56525	76.63375	76.58979	76.57897	76.61009	76.58849	76.60925	76.53979	76.55907	76.79107	76.60405	76.58803	76.56739	76.57538
2/3/2025	1:42:45 PM	76.56476	76.63318	76.58961	76.57828	76.60975	76.58845	76.60885	76.53948	76.55931	76.79082	76.60407	76.58808	76.56708	76.57502
2/3/2025	1:42:49 PM	76.56511	76.63343	76.59020	76.57889	76.60979	76.58794	76.60880	76.53992	76.55915	76.79063	76.60419	76.58790	76.56712	76.57555
2/3/2025	1:42:53 PM	76.56540	76.63352	76.58988	76.57900	76.60962	76.58798	76.60875	76.53952	76.55902	76.79085	76.60421	76.58780	76.56690	76.57524
2/3/2025	1:42:56 PM	76.56546	76.63365	76.59033	76.57897	76.61008	76.58831	76.60896	76.53957	76.55949	76.79053	76.60378	76.58791	76.56663	76.57511
2/3/2025	1:43:00 PM	76.56515	76.63333	76.59003	76.57918	76.60990	76.58819	76.60896	76.53949	76.55921	76.79026	76.60344	76.58797	76.56704	76.57489
2/3/2025	1:43:03 PM	76.56496	76.63344	76.59002	76.57921	76.60986	76.58798	76.60860	76.53932	76.55912	76.79021	76.60354	76.58764	76.56678	76.57469
2/3/2025	1:43:07 PM	76.56513	76.63316	76.58943	76.57875	76.60973	76.58781	76.60840	76.53943	76.55902	76.79090	76.60355	76.58747	76.56647	76.57504
2/3/2025	1:43:11 PM	76.56504	76.63336	76.58969	76.57872	76.60977	76.58792	76.60856	76.53937	76.55910	76.79034	76.60376	76.58754	76.56700	76.57509
2/3/2025	1:43:14 PM	76.56491	76.63292	76.58968	76.57805	76.60912	76.58732	76.60839	76.53911	76.55863	76.79035	76.60362	76.58736	76.56664	76.57479
2/3/2025	1:43:18 PM	76.56498	76.63298	76.58995	76.57885	76.60939	76.58776	76.60822	76.53897	76.55941	76.79067	76.60395	76.58817	76.56713	76.57520
2/3/2025	1:43:21 PM	76.56550	76.63290	76.59007	76.57876	76.61001	76.58831	76.60899	76.53946	76.55927	76.79067	76.60381	76.58752	76.56674	76.57559
2/3/2025	1:43:25 PM	76.56531	76.63343	76.59001	76.57892	76.61036	76.58858	76.60917	76.53967	76.55970	76.79073	76.60374	76.58789	76.56726	76.57552
2/3/2025	1:43:28 PM	76.56575	76.63316	76.58987	76.57916	76.60997	76.58766	76.60884	76.53924	76.55927	76.79071	76.60381	76.58822	76.56730	76.57544
2/3/2025	1:43:32 PM	76.56533	76.63326	76.58985	76.57892	76.61019	76.58787	76.60913	76.53996	76.55899	76.79092	76.60397	76.58793	76.56712	76.57549
2/3/2025	1:43:35 PM	76.56558	76.63339	76.59011	76.57851	76.60945	76.58774	76.60835	76.53925	76.55882	76.79030	76.60330	76.58775	76.56676	76.57492
2/3/2025	1:43:39 PM	76.56493	76.63295	76.58960	76.57867	76.60979	76.58825	76.60867	76.53922	76.55883	76.79032	76.60385	76.58737	76.56650	76.57499
2/3/2025	1:43:42 PM	76.56523	76.63301	76.58964	76.57853	76.60972	76.58807	76.60813	76.53940	76.55877	76.79029	76.60355	76.58757	76.56653	76.57453
2/3/2025	1:43:46 PM	76.56472	76.63286	76.58899	76.57819	76.60948	76.58741	76.60825	76.53870	76.55852	76.79007	76.60330	76.58698	76.56648	76.57453
2/3/2025	1:43:49 PM	76.56497	76.63281	76.58937	76.57833	76.60955	76.58758	76.60801	76.53888	76.55898	76.79046	76.60399	76.58768	76.56708	76.57512
2/3/2025	1:43:53 PM	76.56479	76.63310	76.58987	76.57853	76.60933	76.58770	76.60823	76.53939	76.55857	76.79027	76.60329	76.58718	76.56631	76.57488
2/3/2025	1:43:57 PM	76.56473	76.63266	76.58950	76.57839	76.60931	76.58745	76.60841	76.53888	76.55867	76.79019	76.60280	76.58636	76.56707	76.57491
2/3/2025	1:44:00 PM	76.56466	76.63250	76.58934	76.57735	76.60471	76.59178	76.60538	76.53771	76.55782	76.78974	76.60314	76.58635	76.56631	76.57429
2/3/2025	1:44:04 PM	76.56412	76.63231	76.58895	76.57801	76.60921	76.58755	76.60895	76.53942	76.55757	76.78890	76.60304	76.58701	76.56615	76.57450
2/3/2025	1:44:07 PM	76.56440	76.63245	76.58926	76.57843	76.60974	76.58725	76.60768	76.53823	76.55824	76.78949	76.60318	76.58715	76.56657	76.57494
2/3/2025	1:44:11 PM	76.56477	76.63237	76.58962	76.57819	76.60883	76.58728	76.60782	76.53840	76.55854	76.78933	76.60307	76.58692	76.56667	76.57462
2/3/2025	1:44:14 PM	76.56472	76.63282	76.58951	76.57802	76.60895	76.58716	76.60792	76.53818	76.55777	76.78942	76.60271	76.58658	76.56602	76.57440
2/3/2025	1:44:18 PM	76.56464	76.63267	76.58895	76.57801	76.60885	76.58689	76.60799	76.53843	76.55804	76.78965	76.60306	76.58687	76.56629	76.57455
2/3/2025	1:44:21 PM	76.56442	76.63253	76.58949	76.57801	76.60902	76.58687	76.60795	76.53887	76.55826	76.78992	76.60315	76.58690	76.56632	76.57451
2/3/2025	1:44:25 PM	76.56468	76.63303	76.58939	76.57825	76.60921	76.58725	76.60838	76.53888	76.55836	76.79004	76.60305	76.58723	76.56617	76.57475
2/3/2025	1:44:29 PM	76.56490	76.63301	76.58988	76.57802	76.60944	76.58746	76.60830	76.53931	76.55871	76.79024	76.60329	76.58732	76.56633	76.57436
2/3/2025	1:44:32 PM	76.56473	76.63290	76.59002	76.57852	76.60950	76.58747	76.60801	76.53853	76.55821	76.78961	76.60254	76.58704	76.56636	76.57480
2/3/2025	1:44:36 PM	76.56502	76.63297	76.58992	76.57823	76.60980	76.58731	76.60782	76.53881	76.55813	76.78952	76.60290	76.58706	76.56651	76.57426
2/3/2025	1:44:39 PM	76.56472	76.63258	76.58961	76.57850	76.60914	76.58732	76.60822	76.53847	76.55803	76.78943	76.60280	76.58656	76.56631	76.57457
2/3/2025	1:44:43 PM	76.56423	76.63274	76.58932	76.57803	76.60899	76.58728	76.60766	76.53825	76.55800	76.78935	76.60302	76.58672	76.56603	76.57419
2/3/2025	1:44:46 PM	76.56457	76.63265	76.58933	76.57794	76.60906	76.58704	76.60806	76.53840	76.55812	76.78920	76.60286	76.58676	76.56626	76.57457
2/3/2025	1:44:50 PM	76.56445	76.63283	76.58955	76.57826	76.60930	76.58732	76.60806	76.53885	76.55827	76.78977	76.60321	76.58708	76.56638	76.57494
2/3/2025	1:44:53 PM	76.56482	76.63259	76.58939	76.57779	76.60885	76.58723	76.60769	76.53840	76.55802	76.78971	76.60312	76.58707	76.56623	76.57451
2/3/2025	1:44:57 PM	76.56437	76.63240	76.58944	76.57819	76.60894	76.58714	76.60751	76.53823	76.55807	76.78933	76.60312	76.58739	76.56617	76.57435
2/3/2025	1:45:00 PM	76.56436	76.63268	76.58961	76.57817	76.60927	76.58741	76.60744	76.53839	76.55835	76.78979	76.60312	76.58702	76.56621	76.57425
2/3/2025	1:45:04 PM	76.56445	76.63252	76.58922	76.57809	76.60887	76.58699	76.60734	76.53899	76.55792	76.78918	76.60242	76.58628	76.56601	76.57404
2/3/2025	1:45:08 PM	76.56454	76.63201	76.58943	76.57799	76.60919	76.58706	76.60745	76.53793	76.55760	76.78920	76.60281	76.58706	76.56600	76.57454
2/3/2025	1:45:11 PM	76.56402	76.63244	76.58940	76.57776	76.60900	76.58726	76.60786	76.53824	76.55813	76.78954	76.60278	76.58670	76.56601	76.57365
2/3/2025	1:45:15 PM	76.56432	76.63278	76.58952	76.57828	76.60936	76.58716	76.60797	76.53864	76.55817	76.78980	76.60279	76.58677	76.56632	76.57484
2/3/2025	1:45:18 PM	76.56459	76.63286	76.58942	76.57778	76.60830	76.58670	76.60770	76.53848	76.55790	76.78906	76.60248	76.58652	76.56604	76.57385
2/3/2025	1:45:22 PM	76.56394	76.63257	76.58945	76.57792	76.60887	76.58689	76.60755	76.53808	76.55809	76.78917	76.60266	76.58649	76.56602	76.57461
2/3/2025	1:45:26 PM	76.56446	76.63269	76.58934	76.57798	76.60900	76.58738	76.60766	76.53833	76.55772	76.78938	76.60250	76.58632	76.56565	76.57391
2/3/2025	1:45:29 PM	76.56393	76.63273	76.58906	76.57790	76.60881	76.58667	76.60764	76.53876	76.55764	76.78934	76.60254	76.58655	76.56638	76.57423
2/3/2025	1:45:33 PM	76.56431	76.63212	76.58921	76.57807	76.60889	76.58678	76.60772	76.53859	76.55787	76.78933	76.60292	76.58660	76.56586	76.57411
2/3/2025	1:45:36 PM	76.56409	76.63264	76.58945	76.57804	76.60923	76.58686	76.60768	76.53845	76.55780	76.78928	76.60309	76.58689	76.56635	76.57448
2/3/2025	1:45:40 PM	76.56447	76.63244	76.58921	76.57790	76.60907	76.58679	76.60757	76.53826	76.55800	76.78911	76.60311	76.58671	76.56616	76.57459
2/3/2025	1:45:43 PM	76.56445	76.63291	76.58978	76.57822	76.60906	76.58698	76.60751	76.53864	76.55785	76.78942	76.60293	76.58666	76.56629	76.57434
2/3/2025	1:45:47 PM	76.56468	76.63292	76.58941	76.57884	76.60907	76.58719	76.60784	76.53847	76.55787	76.78930	76.60282	76.58653	76.56596	76.57461
2/3/2025	1:45:50 PM	76.56474	76.63246	76.58972	76.57820	76.60926	76.58759	76.60835	76.53869	76.55840	76.78953	76.60295	76.58707	76.56632	76.57472
2/3/2025	1:45:54 PM	76.56452	76.63272	76.58958	76.57799	76.60914	76.58695	76.60765	76.53868	76.55840	76.78957	76.60342	76.58701	76.56658	76.57486
2/3/2025	1:45:57 PM	76.56478	76.63275	76.58978	76.57872	76.60929	76.58692	76.60776	76.53837	76.55791	76.78923	76.60252	76.58677	76.56612	76.57435
2/3/2025	1:46:01 PM	76.56389	76.63258	76.58962	76.57812	76.60888	76.58710	76.60737	76.53895	76.55791	76.78934	76.60287	76.58686	76.56645	76.57453
2/3/2025	1:46:05 PM	76.56441	76.63253	76.58969	76.57836	76.60912	76.58712	76.60776	76.53820	76.55816	76.78936	76.60308	76.58670	76.56646	76.57422
2/3/2025	1:46:08 PM	76.56449	76.63271	76.58975	76.57802	76.60919	76.58726	76.60756	76.53864	76.55799	76.78916	76.60306	76.58668	76.56637	76.57438
2/3/2025	1:46:12 PM	76.56468	76.63288	76.58972	76.57841	76.60921	76.58685	76.60741	76.53865	76.55812	76.78928	76.60292	76.58685	76.56658	76.57442
2/3/2025	1:46:15 PM	76.56427	76.63270	76.58943	76.57782	76.60914	76.58699	76.60759	76.53846	76.55824	76.78956	76.60289	76.58686	76.56641	76.57443
2/3/2025	1:46:19 PM	76.56462	76.63317	76.58962	76.57834	76.60902	76.58719	76.60783	76.53859	76.55818	76.78918	76.60221	76.58627	76.56621	76.57435
2/3/2025	1:46:22 PM	76.56424	76.63258	76.58941	76.57827	76.60893	76.58695	76.60773	76.53850	76.55764	76.78890	76.60257	76.58714	76.56622	76.57470
2/3/2025	1:46:26 PM	76.56478	76.63284	76.59021	76.57837	76.60935	76.58732	76.60792	76.53851	76.55807	76.78934	76.60286	76.58690	76.56672	76.57476
2/3/2025	1:46:30 PM	76.56506	76.63297	76.58983	76.57819	76.60917	76.58716	76.60803	76.53899	76.55851	76.79014	76.60319	76.58738	76.56681	76.57498
2/3/2025	1:46:33 PM	76.56471	76.63299	76.59039	76.57875	76.60978	76.58743	76.60831	76.53911	76.55870	76.79013	76.60343	76.58730	76.56689	76.57534
2/3/2025	1:46:37 PM	76.56484	76.63350	76.59041	76.57878	76.60974	76.58744	76.60844	76.53904	76.55821	76.78951	76.60344	76.58759	76.56744	76.57513
2/3/2025	1:46:40 PM	76.56507	76.63337	76.59034	76.57866	76.60975	76.58755	76.60835	76.53871	76.55830	76.78972	76.60332	76.58714	76.56652	76.57544
2/3/2025	1:46:44 PM	76.56483	76.63310	76.59031	76.57897	76.60978	76.58775	76.60817	76.53895	76.55894	76.78975	76.60333	76.58701	76.56660	76.57474
2/3/2025	1:46:48 PM	76.56439	76.63290	76.58960	76.57799	76.60936	76.58741	76.60805	76.53874	76.55816	76.79007	76.60317	76.58690	76.56674	76.57501
2/3/2025	1:46:51 PM	76.56436	76.63295	76.58947	76.57844	76.60903	76.58721	76.60794	76.53860	76.55832	76.78987	76.60300	76.58729	76.56673	76.57485
2/3/2025	1:46:55 PM	76.56436	76.63255	76.58957	76.57850	76.60911	76.58743	76.60770	76.53866	76.55811	76.78934	76.60299	76.58735	76.56710	76.57506
2/3/2025	1:46:58 PM	76.56451	76.63259	76.58933	76.57835	76.60893	76.58688	76.60775	76.53811	76.55819	76.78918	76.60304	76.58721	76.56637	76.57468
2/3/2025	1:47:02 PM	76.56453	76.63286	76.58933	76.57853	76.60925	76.58725	76.60787	76.53881	76.55785	76.78920	76.60281	76.58720	76.56657	76.57529
2/3/2025	1:47:05 PM	76.56467	76.63280	76.58985	76.57854	76.60919	76.58728	76.60791	76.53875	76.55842	76.78965	76.60331	76.58705	76.56671	76.57504
2/3/2025	1:47:09 PM	76.56482	76.63279	76.58951	76.57868	76.60931	76.58727	76.60794	76.53810	76.55798	76.78897	76.60294	76.58658	76.56637	76.57458
2/3/2025	1:47:12 PM	76.56435	76.63294	76.58987	76.57815	76.60916	76.58703	76.60824	76.53869	76.55808	76.78901	76.60240	76.58673	76.56626	76.57440
2/3/2025	1:47:16 PM	76.56453	76.63287	76.58983	76.57805	76.60912	76.58681	76.60809	76.53845	76.55769	76.78902	76.60295	76.58678	76.56643	76.57445
2/3/2025	1:47:19 PM	76.56435	76.63239	76.58953	76.57751	76.60878	76.58663	76.60758	76.53825	76.55748	76.78940	76.60229	76.58682	76.56600	76.57439
2/3/2025	1:47:23 PM	76.56441	76.63246	76.58969	76.57810	76.60903	76.58699	76.60751	76.53849	76.55767	76.78864	76.60267	76.58645	76.56590	76.57441
2/3/2025	1:47:27 PM	76.56417	76.63242	76.58946	76.57784	76.60855	76.58678	76.60741	76.53823	76.55768	76.78898	76.60303	76.58669	76.56618	76.57402
2/3/2025	1:47:30 PM	76.56411	76.63249	76.58932	76.57812	76.60859	76.58700	76.60745	76.53831	76.55730	76.78882	76.60267	76.58632	76.56610	76.57401
2/3/2025	1:47:34 PM	76.56391	76.63278	76.58987	76.57796	76.60915	76.58679	76.60740	76.53813	76.55766	76.78929	76.60278	76.58674	76.56611	76.57431
2/3/2025	1:47:37 PM	76.56423	76.63234	76.58933	76.57796	76.60879	76.58653	76.60715	76.53778	76.55753	76.78886	76.60253	76.58620	76.56614	76.57456
2/3/2025	1:47:41 PM	76.56384	76.63251	76.58905	76.57757	76.60883	76.58660	76.60752	76.53798	76.55762	76.78920	76.60266	76.58675	76.56640	76.57450
2/3/2025	1:47:45 PM	76.56420	76.63246	76.58962	76.57776	76.60857	76.58623	76.60727	76.53795	76.55767	76.78885	76.60230	76.58668	76.56606	76.57411
2/3/2025	1:47:48 PM	76.56389	76.63254	76.58918	76.57755	76.60892	76.58647	76.60707	76.53787	76.55727	76.78830	76.60231	76.58631	76.56603	76.57478
2/3/2025	1:47:52 PM	76.56425	76.63253	76.58926	76.57779	76.60834	76.58658	76.60721	76.53808	76.55769	76.78925	76.60272	76.58646	76.56590	76.57415
2/3/2025	1:47:55 PM	76.56393	76.63216	76.58945	76.57800	76.60872	76.58667	76.60738	76.53803	76.55757	76.78893	76.60204	76.58633	76.56605	76.57445
2/3/2025	1:47:59 PM	76.56409	76.63230	76.58901	76.57801	76.60875	76.58641	76.60758	76.53777	76.55765	76.78868	76.60224	76.58640	76.56614	76.57436
2/3/2025	1:48:02 PM	76.56363	76.63212	76.58936	76.57788	76.60859	76.58642	76.60705	76.53805	76.55742	76.78865	76.60257	76.58615	76.56608	76.57386
2/3/2025	1:48:06 PM	76.56405	76.63228	76.58908	76.57758	76.60843	76.58679	76.60732	76.53777	76.55737	76.78886	76.60247	76.58656	76.56628	76.57457
2/3/2025	1:48:09 PM	76.56401	76.63258	76.58962	76.57820	76.60862	76.58688	76.60752	76.53783	76.55710	76.78873	76.60218	76.58630	76.56598	76.57401
2/3/2025	1:48:13 PM	76.56429	76.63260	76.58926	76.57775	76.60845	76.58658	76.60749	76.53796	76.55764	76.78894	76.60252	76.58622	76.56592	76.57429
2/3/2025	1:48:16 PM	76.56392	76.63223	76.58950	76.57814	76.60880	76.58662	76.60743	76.53818	76.55704	76.78870	76.60216	76.58591	76.56556	76.57419
2/3/2025	1:48:20 PM	76.56393	76.63207	76.58919	76.57762	76.60864	76.58624	76.60698	76.53829	76.55697	76.78864	76.60200	76.58597	76.56565	76.57401
2/3/2025	1:48:24 PM	76.56369	76.63227	76.58927	76.57776	76.60850	76.58674	76.60755	76.53795	76.55793	76.78928	76.60229	76.58615	76.56613	76.57423
2/3/2025	1:48:27 PM	76.56392	76.63226	76.58945	76.57824	76.60900	76.58719	76.60760	76.53857	76.55787	76.78914	76.60280	76.58679	76.56629	76.57475
2/3/2025	1:48:31 PM	76.56431	76.63207	76.58986	76.57815	76.60882	76.58688	76.60793	76.53882	76.55802	76.78914	76.60252	76.58673	76.56664	76.57462
2/3/2025	1:48:34 PM	76.56505	76.63316	76.58982	76.57760	76.60879	76.58708	76.60742	76.53811	76.55718	76.78881	76.60218	76.58646	76.56625	76.57465
2/3/2025	1:48:38 PM	76.56404	76.63209	76.58900	76.57743	76.60834	76.58614	76.60751	76.53832	76.55763	76.78861	76.60251	76.58639	76.56616	76.57415
2/3/2025	1:48:41 PM	76.56399	76.63240	76.58929	76.57787	76.60861	76.58669	76.60746	76.53810	76.55748	76.78871	76.60247	76.58683	76.56632	76.57506
2/3/2025	1:48:45 PM	76.56464	76.63313	76.58999	76.57890	76.60936	76.58725	76.60789	76.53868	76.55829	76.78939	76.60295	76.58734	76.56694	76.57522
2/3/2025	1:48:49 PM	76.56499	76.63285	76.58975	76.57827	76.60927	76.58732	76.60757	76.53857	76.55778	76.78913	76.60277	76.58650	76.56669	76.57459
2/3/2025	1:48:52 PM	76.56447	76.63288	76.58986	76.57798	76.60880	76.58687	76.60735	76.53856	76.55795	76.78912	76.60231	76.58680	76.56625	76.57437
2/3/2025	1:48:56 PM	76.56463	76.63292	76.59000	76.57806	76.60895	76.58683	76.60757	76.53855	76.55737	76.78913	76.60242	76.58719	76.56643	76.57496
2/3/2025	1:48:59 PM	76.56461	76.63280	76.58951	76.57840	76.60891	76.58668	76.60747	76.53801	76.55780	76.78915	76.60265	76.58684	76.56604	76.57461
2/3/2025	1:49:03 PM	76.56408	76.63236	76.58914	76.57775	76.60865	76.58677	76.60779	76.53790	76.55755	76.78874	76.60212	76.58661	76.56627	76.57446
2/3/2025	1:49:07 PM	76.56381	76.63243	76.58965	76.57797	76.60862	76.58684	76.60727	76.53783	76.55748	76.78877	76.60217	76.58630	76.56598	76.57396
2/3/2025	1:49:10 PM	76.56360	76.63200	76.58898	76.57741	76.60888	76.58652	76.60706	76.53802	76.55672	76.78830	76.60223	76.58601	76.56588	76.57397
2/3/2025	1:49:14 PM	76.56397	76.63225	76.58936	76.57757	76.60839	76.58636	76.60701	76.53807	76.55752	76.78861	76.60220	76.58625	76.56608	76.57425
2/3/2025	1:49:17 PM	76.56394	76.63201	76.58909	76.57807	76.60919	76.58612	76.60739	76.53832	76.55735	76.78881	76.60240	76.58646	76.56625	76.57426
2/3/2025	1:49:21 PM	76.56379	76.63247	76.58929	76.57773	76.60841	76.58672	76.60693	76.53815	76.55750	76.78918	76.60242	76.58601	76.56579	76.57378
2/3/2025	1:49:24 PM	76.56376	76.63202	76.58957	76.57769	76.60823	76.58651	76.60658	76.53760	76.55729	76.78846	76.60203	76.58639	76.56592	76.57399
2/3/2025	1:49:28 PM	76.56383	76.63186	76.58955	76.57757	76.60847	76.58608	76.60723	76.53796	76.55718	76.78811	76.60228	76.58651	76.56655	76.57433
2/3/2025	1:49:31 PM	76.56400	76.63220	76.58917	76.57764	76.60825	76.58590	76.60688	76.53748	76.55671	76.78865	76.60193	76.58568	76.56564	76.57411
2/3/2025	1:49:35 PM	76.56385	76.63175	76.58879	76.57722	76.60824	76.58638	76.60687	76.53743	76.55701	76.78854	76.60203	76.58587	76.56596	76.57446
2/3/2025	1:49:38 PM	76.56406	76.63230	76.58924	76.57795	76.60831	76.58624	76.60710	76.53742	76.55685	76.78876	76.60233	76.58608	76.56610	76.57387
2/3/2025	1:49:42 PM	76.56380	76.63252	76.58968	76.57774	76.60899	76.58673	76.60733	76.53813	76.55806	76.78894	76.60260	76.58615	76.56645	76.57416
2/3/2025	1:49:46 PM	76.56395	76.63209	76.58940	76.57787	76.60835	76.58648	76.60704	76.53807	76.55789	76.78877	76.60259	76.58605	76.56587	76.57422
2/3/2025	1:49:49 PM	76.56423	76.63197	76.58950	76.57775	76.60846	76.58664	76.60622	76.53748	76.55744	76.78889	76.60253	76.58651	76.56579	76.57448
2/3/2025	1:49:53 PM	76.56388	76.63245	76.58950	76.57769	76.60826	76.58661	76.60732	76.53779	76.55716	76.78847	76.60283	76.58673	76.56625	76.57423
2/3/2025	1:49:56 PM	76.56359	76.63277	76.58959	76.57799	76.60909	76.58700	76.60742	76.53847	76.55737	76.78883	76.60266	76.58614	76.56645	76.57391
2/3/2025	1:50:00 PM	76.56374	76.63167	76.58903	76.57744	76.60801	76.58620	76.60711	76.53796	76.55732	76.78823	76.60167	76.58624	76.56576	76.57400
2/3/2025	1:50:03 PM	76.56402	76.63236	76.58920	76.57762	76.60858	76.58691	76.60754	76.53789	76.55715	76.78846	76.60221	76.58609	76.56574	76.57404
2/3/2025	1:50:07 PM	76.56336	76.63216	76.58921	76.57740	76.60809	76.58606	76.60665	76.53772	76.55759	76.78845	76.60197	76.58630	76.56578	76.57388
2/3/2025	1:50:10 PM	76.56338	76.63228	76.58940	76.57772	76.60863	76.58640	76.60716	76.53781	76.55718	76.78841	76.60225	76.58570	76.56599	76.57406
2/3/2025	1:50:14 PM	76.56385	76.63240	76.58936	76.57785	76.60863	76.58633	76.60696	76.53766	76.55704	76.78837	76.60196	76.58588	76.56561	76.57377
2/3/2025	1:50:17 PM	76.56325	76.63186	76.58880	76.57722	76.60847	76.58657	76.60672	76.53800	76.55720	76.78834	76.60207	76.58610	76.56584	76.57422
2/3/2025	1:50:21 PM	76.56354	76.63237	76.58896	76.57768	76.60851	76.58598	76.60710	76.53762	76.55695	76.78823	76.60229	76.58604	76.56570	76.57367
2/3/2025	1:50:24 PM	76.56313	76.63153	76.58907	76.57766	76.60812	76.58589	76.60674	76.53757	76.55735	76.78833	76.60165	76.58580	76.56534	76.57365
2/3/2025	1:50:28 PM	76.56322	76.63172	76.58871	76.57732	76.60816	76.58605	76.60667	76.53765	76.55684	76.78771	76.60181	76.58610	76.56609	76.57405
2/3/2025	1:50:31 PM	76.56362	76.63200	76.58920	76.57736	76.60886	76.58640	76.60707	76.53774	76.55722	76.78837	76.60193	76.58631	76.56567	76.57390
2/3/2025	1:50:35 PM	76.56379	76.63210	76.58895	76.57780	76.60794	76.58646	76.60679	76.53746	76.55693	76.78818	76.60152	76.58590	76.56561	76.57342
2/3/2025	1:50:39 PM	76.56370	76.63202	76.58905	76.57737	76.60819	76.58618	76.60688	76.53764	76.55733	76.78848	76.60199	76.58604	76.56590	76.57382
2/3/2025	1:50:42 PM	76.56365	76.63211	76.58946	76.57742	76.60834	76.58653	76.60666	76.53774	76.55714	76.78816	76.60203	76.58591	76.56589	76.57364
2/3/2025	1:50:46 PM	76.56355	76.63232	76.58936	76.57797	76.60835	76.58648	76.60706	76.53768	76.55730	76.78857	76.60240	76.58612	76.56598	76.57450
2/3/2025	1:50:49 PM	76.56354	76.63206	76.58946	76.57821	76.60850	76.58640	76.60685	76.53775	76.55725	76.78879	76.60210	76.58586	76.56610	76.57377
2/3/2025	1:50:53 PM	76.56393	76.63228	76.58931	76.57751	76.60837	76.58617	76.60717	76.53781	76.55737	76.78858	76.60219	76.58627	76.56619	76.57428
2/3/2025	1:50:56 PM	76.56393	76.63253	76.58977	76.57812	76.60833	76.58668	76.60735	76.53804	76.55701	76.78849	76.60208	76.58586	76.56593	76.57417
2/3/2025	1:51:00 PM	76.56356	76.63211	76.58935	76.57736	76.60840	76.58658	76.60687	76.53793	76.55753	76.78862	76.60222	76.58677	76.56611	76.57414
2/3/2025	1:51:03 PM	76.56375	76.63250	76.58968	76.57755	76.60870	76.58638	76.60703	76.53802	76.55766	76.78851	76.60251	76.58633	76.56609	76.57407
2/3/2025	1:51:07 PM	76.56364	76.63242	76.58939	76.57752	76.60828	76.58621	76.60730	76.53776	76.55720	76.78830	76.60198	76.58613	76.56657	76.57410
2/3/2025	1:51:11 PM	76.56371	76.63191	76.58905	76.57758	76.60804	76.58590	76.60698	76.53793	76.55693	76.78853	76.60173	76.58615	76.56579	76.57428
2/3/2025	1:51:14 PM	76.56380	76.63223	76.58959	76.57762	76.60852	76.58635	76.60699	76.53787	76.55748	76.78845	76.60244	76.58621	76.56638	76.57422
2/3/2025	1:51:18 PM	76.56372	76.63214	76.58956	76.57810	76.60893	76.58645	76.60748	76.53819	76.55720	76.78877	76.60211	76.58681	76.56610	76.57460
2/3/2025	1:51:21 PM	76.56389	76.63239	76.58956	76.57771	76.60888	76.58676	76.60760	76.53810	76.55788	76.78892	76.60252	76.58683	76.56652	76.57456
2/3/2025	1:51:25 PM	76.56416	76.63260	76.59002	76.57855	76.60909	76.58655	76.60713	76.53781	76.55769	76.78856	76.60179	76.58647	76.56610	76.57426
2/3/2025	1:51:28 PM	76.56410	76.63228	76.58954	76.57755	76.60850	76.58639	76.60733	76.53763	76.55782	76.78856	76.60198	76.58616	76.56614	76.57458
2/3/2025	1:51:32 PM	76.56438	76.63264	76.58953	76.57800	76.60908	76.58681	76.60782	76.53812	76.55776	76.78878	76.60251	76.58666	76.56646	76.57462
2/3/2025	1:51:35 PM	76.56411	76.63271	76.58972	76.57831	76.60939	76.58669	76.60728	76.53825	76.55775	76.78872	76.60223	76.58646	76.56635	76.57442
2/3/2025	1:51:39 PM	76.56413	76.63258	76.58964	76.57803	76.60893	76.58643	76.60685	76.53846	76.55720	76.78843	76.60226	76.58576	76.56581	76.57356
2/3/2025	1:51:42 PM	76.56434	76.63243	76.58981	76.57769	76.60817	76.58630	76.60709	76.53812	76.55726	76.78876	76.60195	76.58596	76.56650	76.57414
2/3/2025	1:51:46 PM	76.56409	76.63209	76.58938	76.57749	76.60864	76.58613	76.60696	76.53796	76.55729	76.78829	76.60171	76.58595	76.56590	76.57437
2/3/2025	1:51:50 PM	76.56365	76.63211	76.58942	76.57722	76.60814	76.58600	76.60672	76.53786	76.55690	76.78834	76.60161	76.58594	76.56591	76.57354
2/3/2025	1:51:53 PM	76.56357	76.63181	76.58954	76.57741	76.60814	76.58617	76.60722	76.53782	76.55705	76.78844	76.60203	76.58590	76.56624	76.57392
2/3/2025	1:51:57 PM	76.56368	76.63187	76.58920	76.57783	76.60875	76.58628	76.60666	76.53771	76.55712	76.78836	76.60158	76.58623	76.56619	76.57418
2/3/2025	1:52:00 PM	76.56347	76.63196	76.58902	76.57747	76.60830	76.58604	76.60721	76.53787	76.55735	76.78838	76.60192	76.58581	76.56592	76.57364
2/3/2025	1:52:04 PM	76.56311	76.63173	76.58900	76.57745	76.60846	76.58593	76.60640	76.53784	76.55706	76.78811	76.60180	76.58605	76.56576	76.57379
2/3/2025	1:52:07 PM	76.56304	76.63168	76.58883	76.57713	76.60763	76.58547	76.60661	76.53757	76.55661	76.78827	76.60161	76.58607	76.56582	76.57399
2/3/2025	1:52:11 PM	76.56322	76.63171	76.58901	76.57727	76.60845	76.58587	76.60655	76.53773	76.55706	76.78822	76.60145	76.58560	76.56616	76.57388
2/3/2025	1:52:14 PM	76.56381	76.63185	76.58916	76.57745	76.60816	76.58595	76.60681	76.53826	76.55737	76.78852	76.60190	76.58593	76.56568	76.57429
2/3/2025	1:52:18 PM	76.56367	76.63209	76.58959	76.57744	76.60853	76.58612	76.60716	76.53807	76.55758	76.78899	76.60225	76.58642	76.56620	76.57452
2/3/2025	1:52:21 PM	76.56384	76.63233	76.58961	76.57776	76.60824	76.58666	76.60707	76.53814	76.55711	76.78809	76.60164	76.58617	76.56590	76.57442
2/3/2025	1:52:25 PM	76.56398	76.63208	76.58949	76.57773	76.60833	76.58635	76.60700	76.53812	76.55737	76.78835	76.60231	76.58587	76.56630	76.57417
2/3/2025	1:52:29 PM	76.56388	76.63211	76.58918	76.57789	76.60849	76.58647	76.60711	76.53755	76.55710	76.78841	76.60182	76.58645	76.56591	76.57426
2/3/2025	1:52:32 PM	76.56349	76.63193	76.58974	76.57758	76.60821	76.58648	76.60646	76.53804	76.55726	76.78857	76.60259	76.58635	76.56629	76.57426
2/3/2025	1:52:36 PM	76.56411	76.63236	76.58996	76.57785	76.60831	76.58643	76.60686	76.53747	76.55706	76.78871	76.60214	76.58586	76.56586	76.57382
2/3/2025	1:52:39 PM	76.56372	76.63174	76.58919	76.57752	76.60848	76.58627	76.60677	76.53780	76.55705	76.78834	76.60194	76.58617	76.56606	76.57410
2/3/2025	1:52:43 PM	76.56364	76.63205	76.58936	76.57765	76.60817	76.58626	76.60694	76.53808	76.55705	76.78838	76.60202	76.58644	76.56617	76.57409
2/3/2025	1:52:46 PM	76.56382	76.63195	76.58937	76.57774	76.60833	76.58624	76.60728	76.53800	76.55770	76.78858	76.60232	76.58662	76.56626	76.57425
2/3/2025	1:52:50 PM	76.56382	76.63206	76.58963	76.57786	76.60848	76.58685	76.60728	76.53782	76.55755	76.78916	76.60253	76.58637	76.56627	76.57446
2/3/2025	1:52:53 PM	76.56412	76.63244	76.58965	76.57806	76.60870	76.58665	76.60721	76.53809	76.55741	76.78898	76.60213	76.58612	76.56651	76.57424
2/3/2025	1:52:57 PM	76.56370	76.63238	76.58976	76.57776	76.60827	76.58609	76.60711	76.53785	76.55711	76.78805	76.60228	76.58629	76.56611	76.57420
2/3/2025	1:53:01 PM	76.56374	76.63214	76.58936	76.57763	76.60903	76.58649	76.60688	76.53775	76.55743	76.78847	76.60185	76.58616	76.56621	76.57385
2/3/2025	1:53:04 PM	76.56386	76.63231	76.58939	76.57755	76.60844	76.58636	76.60766	76.53790	76.55730	76.78872	76.60196	76.58620	76.56647	76.57452
2/3/2025	1:53:08 PM	76.56376	76.63259	76.58974	76.57782	76.60864	76.58638	76.60724	76.53809	76.55753	76.78895	76.60231	76.58613	76.56603	76.57443
2/3/2025	1:53:11 PM	76.56399	76.63204	76.58922	76.57777	76.60828	76.58637	76.60667	76.53798	76.55724	76.78847	76.60180	76.58589	76.56595	76.57411
2/3/2025	1:53:15 PM	76.56353	76.63218	76.58936	76.57774	76.60862	76.58613	76.60692	76.53770	76.55726	76.78851	76.60223	76.58596	76.56552	76.57421
2/3/2025	1:53:18 PM	76.56355	76.63198	76.58928	76.57783	76.60854	76.58627	76.60680	76.53781	76.55704	76.78817	76.60175	76.58543	76.56567	76.57404
2/3/2025	1:53:22 PM	76.56322	76.63160	76.58924	76.57737	76.60813	76.58608	76.60661	76.53767	76.55619	76.78820	76.60130	76.58591	76.56583	76.57385
2/3/2025	1:53:25 PM	76.56343	76.63170	76.58911	76.57713	76.60813	76.58595	76.60642	76.53728	76.55698	76.78833	76.60158	76.58602	76.56582	76.57381
2/3/2025	1:53:29 PM	76.56345	76.63244	76.58965	76.57732	76.60832	76.58597	76.60661	76.53733	76.55695	76.78830	76.60197	76.58609	76.56571	76.57413
2/3/2025	1:53:32 PM	76.56376	76.63225	76.58926	76.57729	76.60832	76.58626	76.60675	76.53789	76.55711	76.78818	76.60191	76.58591	76.56604	76.57360
2/3/2025	1:53:36 PM	76.56364	76.63183	76.58897	76.57695	76.60805	76.58590	76.60700	76.53755	76.55678	76.78802	76.60215	76.58590	76.56604	76.57419
2/3/2025	1:53:39 PM	76.56353	76.63201	76.58965	76.57744	76.60855	76.58652	76.60723	76.53790	76.55706	76.78843	76.60190	76.58577	76.56571	76.57385
2/3/2025	1:53:43 PM	76.56352	76.63165	76.58914	76.57730	76.60822	76.58596	76.60715	76.53788	76.55710	76.78851	76.60206	76.58553	76.56561	76.57420
2/3/2025	1:53:47 PM	76.56342	76.63219	76.58944	76.57737	76.60825	76.58591	76.60691	76.53799	76.55686	76.78832	76.60161	76.58561	76.56573	76.57387
2/3/2025	1:53:50 PM	76.56344	76.63180	76.58873	76.57767	76.60854	76.58671	76.60714	76.53785	76.55750	76.78862	76.60211	76.58626	76.56643	76.57423
2/3/2025	1:53:54 PM	76.56343	76.63215	76.58936	76.57776	76.60804	76.58618	76.60722	76.53833	76.55679	76.78875	76.60217	76.58592	76.56661	76.57454
2/3/2025	1:53:57 PM	76.56422	76.63222	76.58972	76.57777	76.60851	76.58634	76.60716	76.53749	76.55733	76.78859	76.60220	76.58620	76.56587	76.57440
2/3/2025	1:54:01 PM	76.56374	76.63203	76.58948	76.57744	76.60861	76.58624	76.60699	76.53803	76.55711	76.78826	76.60183	76.58615	76.56619	76.57423
2/3/2025	1:54:05 PM	76.56372	76.63223	76.58937	76.57719	76.60836	76.58590	76.60654	76.53775	76.55671	76.78813	76.60206	76.58597	76.56604	76.57428
2/3/2025	1:54:08 PM	76.56363	76.63193	76.58946	76.57734	76.60832	76.58614	76.60667	76.53763	76.55719	76.78859	76.60194	76.58564	76.56522	76.57359
2/3/2025	1:54:12 PM	76.56319	76.63141	76.58903	76.57718	76.60835	76.58590	76.60653	76.53746	76.55675	76.78818	76.60146	76.58535	76.56555	76.57394
2/3/2025	1:54:15 PM	76.56309	76.63159	76.58946	76.57713	76.60830	76.58639	76.60684	76.53756	76.55674	76.78839	76.60168	76.58563	76.56602	76.57398
2/3/2025	1:54:19 PM	76.56335	76.63147	76.58895	76.57711	76.60835	76.58584	76.60682	76.53725	76.55661	76.78781	76.60213	76.58593	76.56548	76.57344
2/3/2025	1:54:23 PM	76.56317	76.63193	76.58896	76.57744	76.60847	76.58617	76.60674	76.53790	76.55746	76.78848	76.60182	76.58573	76.56555	76.57327
2/3/2025	1:54:26 PM	76.56316	76.63142	76.58889	76.57714	76.60807	76.58575	76.60618	76.53773	76.55651	76.78813	76.60164	76.58561	76.56561	76.57345
2/3/2025	1:54:30 PM	76.56349	76.63160	76.58935	76.57708	76.60831	76.58645	76.60701	76.53740	76.55669	76.78822	76.60170	76.58553	76.56589	76.57397
2/3/2025	1:54:33 PM	76.56351	76.63198	76.58959	76.57765	76.60835	76.58600	76.60693	76.53779	76.55691	76.78811	76.60201	76.58582	76.56604	76.57400
2/3/2025	1:54:37 PM	76.56324	76.63172	76.58924	76.57714	76.60802	76.58645	76.60676	76.53754	76.55698	76.78842	76.60198	76.58588	76.56582	76.57405
2/3/2025	1:54:40 PM	76.56395	76.63184	76.58926	76.57729	76.60824	76.58618	76.60694	76.53811	76.55707	76.78845	76.60173	76.58578	76.56586	76.57407
2/3/2025	1:54:44 PM	76.56301	76.63145	76.58917	76.57752	76.60855	76.58631	76.60708	76.53771	76.55702	76.78805	76.60174	76.58563	76.56579	76.57361
2/3/2025	1:54:48 PM	76.56349	76.63166	76.58959	76.57686	76.60813	76.58612	76.60710	76.53781	76.55694	76.78821	76.60155	76.58553	76.56577	76.57351
2/3/2025	1:54:51 PM	76.56318	76.63138	76.58909	76.57738	76.60782	76.58589	76.60744	76.53794	76.55728	76.78818	76.60157	76.58584	76.56599	76.57390
2/3/2025	1:54:55 PM	76.56375	76.63219	76.58923	76.57729	76.60803	76.58634	76.60690	76.53785	76.55711	76.78852	76.60167	76.58594	76.56604	76.57416
2/3/2025	1:54:58 PM	76.56376	76.63185	76.58936	76.57782	76.60866	76.58596	76.60682	76.53754	76.55733	76.78828	76.60221	76.58618	76.56562	76.57429
2/3/2025	1:55:02 PM	76.56354	76.63171	76.58951	76.57759	76.60859	76.58610	76.60700	76.53782	76.55684	76.78884	76.60234	76.58592	76.56617	76.57411
2/3/2025	1:55:05 PM	76.56400	76.63166	76.58903	76.57775	76.60834	76.58646	76.60708	76.53796	76.55706	76.78870	76.60221	76.58572	76.56586	76.57389
2/3/2025	1:55:09 PM	76.56364	76.63197	76.58920	76.57762	76.60893	76.58644	76.60679	76.53779	76.55709	76.78855	76.60205	76.58643	76.56597	76.57411
2/3/2025	1:55:12 PM	76.56377	76.63175	76.58900	76.57770	76.60821	76.58620	76.60689	76.53805	76.55738	76.78831	76.60162	76.58628	76.56622	76.57417
2/3/2025	1:55:16 PM	76.56357	76.63187	76.58934	76.57727	76.60821	76.58608	76.60714	76.53802	76.55729	76.78849	76.60206	76.58609	76.56582	76.57415
2/3/2025	1:55:19 PM	76.56367	76.63192	76.58952	76.57756	76.60841	76.58609	76.60718	76.53849	76.55738	76.78852	76.60196	76.58651	76.56622	76.57392
2/3/2025	1:55:23 PM	76.56376	76.63210	76.58927	76.57752	76.60807	76.58636	76.60685	76.53798	76.55706	76.78848	76.60194	76.58589	76.56532	76.57373
2/3/2025	1:55:26 PM	76.56359	76.63150	76.58938	76.57707	76.60811	76.58647	76.60703	76.53788	76.55690	76.78802	76.60178	76.58627	76.56606	76.57360
2/3/2025	1:55:30 PM	76.56337	76.63173	76.58936	76.57747	76.60844	76.58616	76.60669	76.53787	76.55701	76.78812	76.60156	76.58574	76.56571	76.57373
2/3/2025	1:55:34 PM	76.56313	76.63155	76.58935	76.57773	76.60853	76.58622	76.60670	76.53817	76.55691	76.78868	76.60195	76.58593	76.56617	76.57404
2/3/2025	1:55:37 PM	76.56326	76.63170	76.58937	76.57762	76.60873	76.58617	76.60735	76.53812	76.55695	76.78846	76.60199	76.58591	76.56623	76.57384
2/3/2025	1:55:41 PM	76.56328	76.63144	76.58924	76.57771	76.60802	76.58597	76.60652	76.53714	76.55678	76.78858	76.60182	76.58533	76.56539	76.57358
2/3/2025	1:55:44 PM	76.56297	76.63160	76.58912	76.57694	76.60790	76.58586	76.60647	76.53757	76.55664	76.78781	76.60135	76.58589	76.56547	76.57329
2/3/2025	1:55:48 PM	76.56318	76.63121	76.58909	76.57674	76.60791	76.58564	76.60672	76.53732	76.55667	76.78815	76.60178	76.58543	76.56589	76.57367
2/3/2025	1:55:51 PM	76.56296	76.63125	76.58895	76.57679	76.60767	76.58574	76.60671	76.53736	76.55669	76.78817	76.60150	76.58568	76.56593	76.57375
2/3/2025	1:55:55 PM	76.56313	76.63157	76.58960	76.57751	76.60791	76.58542	76.60641	76.53746	76.55668	76.78793	76.60151	76.58566	76.56619	76.57326
2/3/2025	1:55:59 PM	76.56311	76.63116	76.58901	76.57713	76.60815	76.58585	76.60687	76.53753	76.55693	76.78808	76.60127	76.58548	76.56543	76.57404
2/3/2025	1:56:02 PM	76.56338	76.63152	76.58900	76.57734	76.60789	76.58598	76.60671	76.53771	76.55679	76.78866	76.60143	76.58551	76.56559	76.57328
2/3/2025	1:56:06 PM	76.56294	76.63138	76.58884	76.57706	76.60796	76.58600	76.60674	76.53759	76.55639	76.78779	76.60162	76.58554	76.56564	76.57336
2/3/2025	1:56:09 PM	76.56303	76.63135	76.58886	76.57725	76.60846	76.58602	76.60662	76.53736	76.55674	76.78789	76.60159	76.58545	76.56547	76.57392
2/3/2025	1:56:13 PM	76.56317	76.63129	76.58934	76.57735	76.60802	76.58580	76.60644	76.53730	76.55670	76.78802	76.60167	76.58592	76.56556	76.57366
2/3/2025	1:56:16 PM	76.56320	76.63118	76.58891	76.57698	76.60796	76.58591	76.60658	76.53787	76.55691	76.78826	76.60119	76.58582	76.56515	76.57339
2/3/2025	1:56:20 PM	76.56332	76.63138	76.58942	76.57779	76.60844	76.58641	76.60706	76.53802	76.55712	76.78900	76.60193	76.58575	76.56546	76.57384
2/3/2025	1:56:23 PM	76.56390	76.63181	76.58950	76.57766	76.60863	76.58625	76.60701	76.53762	76.55757	76.78840	76.60198	76.58593	76.56571	76.57387
2/3/2025	1:56:27 PM	76.56321	76.63188	76.58885	76.57718	76.60821	76.58625	76.60688	76.53800	76.55736	76.78807	76.60190	76.58599	76.56628	76.57450
2/3/2025	1:56:30 PM	76.56346	76.63191	76.58980	76.57763	76.60816	76.58634	76.60692	76.53811	76.55716	76.78846	76.60161	76.58610	76.56558	76.57419
2/3/2025	1:56:34 PM	76.56372	76.63173	76.58956	76.57728	76.60862	76.58649	76.60728	76.53820	76.55719	76.78850	76.60206	76.58592	76.56576	76.57419
2/3/2025	1:56:38 PM	76.56365	76.63174	76.58910	76.57763	76.60821	76.58604	76.60702	76.53770	76.55708	76.78870	76.60190	76.58597	76.56603	76.57347
2/3/2025	1:56:41 PM	76.56333	76.63138	76.58937	76.57712	76.60792	76.58612	76.60697	76.53844	76.55712	76.78896	76.60202	76.58620	76.56645	76.57433
2/3/2025	1:56:45 PM	76.56375	76.63194	76.58980	76.57772	76.60845	76.58628	76.60686	76.53820	76.55710	76.78877	76.60185	76.58561	76.56570	76.57349
2/3/2025	1:56:48 PM	76.56277	76.63147	76.58952	76.57748	76.60837	76.58607	76.60713	76.53835	76.55693	76.78820	76.60173	76.58545	76.56568	76.57312
2/3/2025	1:56:52 PM	76.56330	76.63158	76.58886	76.57699	76.60774	76.58576	76.60643	76.53787	76.55717	76.78837	76.60165	76.58601	76.56550	76.57378
2/3/2025	1:56:56 PM	76.56340	76.63133	76.58886	76.57716	76.60799	76.58599	76.60730	76.53778	76.55646	76.78779	76.60116	76.58542	76.56547	76.57334
2/3/2025	1:56:59 PM	76.56255	76.63125	76.58894	76.57663	76.60799	76.58588	76.60657	76.53798	76.55669	76.78811	76.60152	76.58555	76.56561	76.57378
2/3/2025	1:57:03 PM	76.56310	76.63137	76.58864	76.57717	76.60800	76.58588	76.60668	76.53792	76.55748	76.78854	76.60173	76.58574	76.56573	76.57341
2/3/2025	1:57:06 PM	76.56317	76.63151	76.58894	76.57689	76.60802	76.58631	76.60667	76.53813	76.55677	76.78857	76.60161	76.58567	76.56572	76.57353
2/3/2025	1:57:10 PM	76.56310	76.63128	76.58887	76.57705	76.60801	76.58555	76.60638	76.53757	76.55676	76.78815	76.60146	76.58604	76.56545	76.57327
2/3/2025	1:57:13 PM	76.56311	76.63120	76.58921	76.57706	76.60781	76.58575	76.60682	76.53749	76.55655	76.78819	76.60173	76.58541	76.56543	76.57349
2/3/2025	1:57:17 PM	76.56271	76.63099	76.58884	76.57702	76.60782	76.58560	76.60686	76.53788	76.55686	76.78852	76.60193	76.58600	76.56605	76.57352
2/3/2025	1:57:20 PM	76.56337	76.63157	76.58922	76.57698	76.60817	76.58583	76.60675	76.53781	76.55735	76.78829	76.60151	76.58571	76.56609	76.57386
2/3/2025	1:57:24 PM	76.56303	76.63140	76.58966	76.57745	76.60841	76.58632	76.60697	76.53758	76.55677	76.78807	76.60185	76.58557	76.56564	76.57351
2/3/2025	1:57:28 PM	76.56277	76.63109	76.58869	76.57714	76.60777	76.58556	76.60655	76.53764	76.55677	76.78811	76.60120	76.58562	76.56580	76.57374
2/3/2025	1:57:31 PM	76.56312	76.63145	76.58920	76.57757	76.60820	76.58594	76.60710	76.53798	76.55680	76.78769	76.60171	76.58555	76.56548	76.57376
2/3/2025	1:57:35 PM	76.56329	76.63159	76.58918	76.57693	76.60828	76.58606	76.60721	76.53772	76.55686	76.78812	76.60166	76.58580	76.56557	76.57362
2/3/2025	1:57:38 PM	76.56329	76.63152	76.58889	76.57725	76.60790	76.58572	76.60688	76.53794	76.55706	76.78826	76.60188	76.58599	76.56579	76.57372
2/3/2025	1:57:42 PM	76.56293	76.63143	76.58888	76.57686	76.60757	76.58575	76.60667	76.53796	76.55692	76.78795	76.60169	76.58596	76.56576	76.57388
2/3/2025	1:57:45 PM	76.56329	76.63144	76.58894	76.57666	76.60784	76.58596	76.60679	76.53770	76.55707	76.78830	76.60123	76.58587	76.56544	76.57384
2/3/2025	1:57:49 PM	76.56292	76.63086	76.58885	76.57697	76.60806	76.58584	76.60672	76.53758	76.55666	76.78834	76.60157	76.58563	76.56562	76.57343
2/3/2025	1:57:52 PM	76.56319	76.63142	76.58834	76.57697	76.60827	76.58562	76.60644	76.53762	76.55701	76.78812	76.60193	76.58570	76.56565	76.57412
2/3/2025	1:57:56 PM	76.56363	76.63168	76.58887	76.57712	76.60832	76.58625	76.60653	76.53816	76.55695	76.78841	76.60168	76.58542	76.56571	76.57362
2/3/2025	1:57:59 PM	76.56287	76.63108	76.58932	76.57721	76.60832	76.58570	76.60725	76.53788	76.55708	76.78828	76.60177	76.58533	76.56527	76.57332
2/3/2025	1:58:03 PM	76.56314	76.63091	76.58881	76.57670	76.60814	76.58606	76.60710	76.53848	76.55699	76.78826	76.60175	76.58524	76.56570	76.57353
2/3/2025	1:58:07 PM	76.56309	76.63133	76.58891	76.57681	76.60766	76.58611	76.60644	76.53759	76.55671	76.78806	76.60189	76.58509	76.56593	76.57361
2/3/2025	1:58:10 PM	76.56312	76.63143	76.58960	76.57694	76.60833	76.58599	76.60711	76.53871	76.55750	76.78806	76.60196	76.58597	76.56574	76.57385
2/3/2025	1:58:14 PM	76.56300	76.63111	76.58904	76.57695	76.60789	76.58542	76.60677	76.53756	76.55702	76.78819	76.60117	76.58509	76.56489	76.57407
2/3/2025	1:58:17 PM	76.56329	76.63159	76.58914	76.57727	76.60821	76.58582	76.60643	76.53810	76.55668	76.78823	76.60159	76.58554	76.56537	76.57349
2/3/2025	1:58:21 PM	76.56285	76.63110	76.58920	76.57713	76.60773	76.58602	76.60703	76.53792	76.55702	76.78818	76.60192	76.58583	76.56530	76.57352
2/3/2025	1:58:24 PM	76.56299	76.63143	76.58896	76.57668	76.60796	76.58576	76.60667	76.53771	76.55695	76.78828	76.60152	76.58547	76.56522	76.57334
2/3/2025	1:58:28 PM	76.56309	76.63118	76.58881	76.57682	76.60797	76.58578	76.60716	76.53767	76.55686	76.78840	76.60109	76.58569	76.56594	76.57388
2/3/2025	1:58:32 PM	76.56358	76.63124	76.58914	76.57689	76.60793	76.58608	76.60665	76.53769	76.55693	76.78812	76.60185	76.58628	76.56575	76.57358
2/3/2025	1:58:35 PM	76.56341	76.63139	76.58888	76.57694	76.60795	76.58581	76.60708	76.53790	76.55711	76.78801	76.60174	76.58539	76.56515	76.57372
2/3/2025	1:58:39 PM	76.56333	76.63150	76.58900	76.57708	76.60794	76.58559	76.60668	76.53804	76.55675	76.78838	76.60158	76.58575	76.56513	76.57356
2/3/2025	1:58:42 PM	76.56297	76.63068	76.58927	76.57666	76.60805	76.58579	76.60691	76.53782	76.55620	76.78820	76.60147	76.58605	76.56516	76.57363
2/3/2025	1:58:46 PM	76.56316	76.63167	76.58899	76.57664	76.60797	76.58543	76.60698	76.53822	76.55717	76.78835	76.60165	76.58526	76.56543	76.57368
2/3/2025	1:58:49 PM	76.56335	76.63125	76.58878	76.57712	76.60789	76.58592	76.60735	76.53753	76.55715	76.78848	76.60172	76.58537	76.56582	76.57407
2/3/2025	1:58:53 PM	76.56327	76.63123	76.58940	76.57728	76.60793	76.58615	76.60717	76.53823	76.55705	76.78832	76.60166	76.58564	76.56527	76.57337
2/3/2025	1:58:57 PM	76.56295	76.63119	76.58889	76.57710	76.60786	76.58594	76.60673	76.53823	76.55696	76.78843	76.60188	76.58573	76.56578	76.57394
2/3/2025	1:59:00 PM	76.56305	76.63118	76.58888	76.57691	76.60790	76.58556	76.60711	76.53768	76.55671	76.78812	76.60087	76.58542	76.56558	76.57352
2/3/2025	1:59:04 PM	76.56316	76.63113	76.58859	76.57675	76.60766	76.58554	76.60645	76.53735	76.55660	76.78787	76.60165	76.58564	76.56531	76.57352
2/3/2025	1:59:07 PM	76.56324	76.63106	76.58883	76.57721	76.60777	76.58581	76.60645	76.53768	76.55685	76.78796	76.60113	76.58555	76.56525	76.57356
2/3/2025	1:59:11 PM	76.56325	76.63151	76.58924	76.57708	76.60838	76.58566	76.60688	76.53777	76.55689	76.78787	76.60152	76.58541	76.56564	76.57383
2/3/2025	1:59:15 PM	76.56265	76.63100	76.58846	76.57665	76.60815	76.58550	76.60702	76.53832	76.55737	76.78852	76.60162	76.58573	76.56507	76.57361
2/3/2025	1:59:18 PM	76.56316	76.63131	76.58904	76.57665	76.60770	76.58586	76.60691	76.53763	76.55700	76.78840	76.60174	76.58607	76.56532	76.57339
2/3/2025	1:59:22 PM	76.56329	76.63135	76.58896	76.57704	76.60771	76.58586	76.60673	76.53768	76.55678	76.78861	76.60176	76.58599	76.56596	76.57388
2/3/2025	1:59:26 PM	76.56331	76.63099	76.58883	76.57737	76.60805	76.58577	76.60688	76.53824	76.55768	76.78864	76.60181	76.58580	76.56587	76.57384
2/3/2025	1:59:29 PM	76.56346	76.63109	76.58873	76.57693	76.60781	76.58534	76.60649	76.53768	76.55688	76.78833	76.60167	76.58599	76.56533	76.57343
2/3/2025	1:59:33 PM	76.56314	76.63060	76.58858	76.57679	76.60758	76.58523	76.60656	76.53756	76.55651	76.78817	76.60179	76.58565	76.56560	76.57374
2/3/2025	1:59:36 PM	76.56293	76.63111	76.58859	76.57642	76.60753	76.58538	76.60653	76.53749	76.55658	76.78760	76.60093	76.58523	76.56532	76.57332
2/3/2025	1:59:40 PM	76.56234	76.63102	76.58875	76.57663	76.60758	76.58546	76.60653	76.53754	76.55696	76.78787	76.60192	76.58553	76.56535	76.57304
2/3/2025	1:59:44 PM	76.56279	76.63076	76.58854	76.57659	76.60779	76.58556	76.60659	76.53783	76.55711	76.78824	76.60118	76.58574	76.56525	76.57387
2/3/2025	1:59:47 PM	76.56261	76.63056	76.58880	76.57651	76.60741	76.58516	76.60642	76.53742	76.55660	76.78753	76.60129	76.58537	76.56514	76.57305
2/3/2025	1:59:51 PM	76.56311	76.63096	76.58913	76.57677	76.60813	76.58574	76.60683	76.53747	76.55723	76.78835	76.60140	76.58538	76.56545	76.57308
2/3/2025	1:59:54 PM	76.56303	76.63085	76.58880	76.57676	76.60785	76.58564	76.60667	76.53773	76.55696	76.78787	76.60128	76.58500	76.56509	76.57356
2/3/2025	1:59:58 PM	76.56283	76.63128	76.58887	76.57679	76.60758	76.58563	76.60638	76.53802	76.55678	76.78752	76.60104	76.58520	76.56503	76.57303
2/3/2025	2:00:01 PM	76.56282	76.63110	76.58827	76.57618	76.60792	76.58568	76.60660	76.53765	76.55706	76.78767	76.60094	76.58557	76.56471	76.57333
2/3/2025	2:00:05 PM	76.56275	76.63069	76.58866	76.57638	76.60779	76.58538	76.60638	76.53740	76.55662	76.78767	76.60094	76.58522	76.56502	76.57291
2/3/2025	2:00:08 PM	76.56280	76.63069	76.58861	76.57641	76.60748	76.58490	76.60676	76.53763	76.55654	76.78828	76.60110	76.58512	76.56564	76.57315
2/3/2025	2:00:12 PM	76.56287	76.63086	76.58882	76.57683	76.60782	76.58573	76.60681	76.53799	76.55670	76.78766	76.60162	76.58513	76.56497	76.57303
2/3/2025	2:00:15 PM	76.56268	76.63074	76.58897	76.57657	76.60774	76.58560	76.60654	76.53811	76.55714	76.78814	76.60138	76.58561	76.56572	76.57318
2/3/2025	2:00:19 PM	76.56280	76.63086	76.58880	76.57679	76.60821	76.58562	76.60653	76.53776	76.55710	76.78838	76.60166	76.58556	76.56511	76.57309
2/3/2025	2:00:22 PM	76.56285	76.63096	76.58885	76.57673	76.60787	76.58583	76.60707	76.53752	76.55729	76.78807	76.60145	76.58527	76.56502	76.57334
2/3/2025	2:00:26 PM	76.56278	76.63064	76.58841	76.57662	76.60763	76.58535	76.60649	76.53808	76.55671	76.78812	76.60154	76.58535	76.56540	76.57358
2/3/2025	2:00:29 PM	76.56279	76.63066	76.58857	76.57656	76.60794	76.58579	76.60665	76.53793	76.55757	76.78869	76.60193	76.58562	76.56525	76.57385
2/3/2025	2:00:33 PM	76.56311	76.63132	76.58907	76.57695	76.60785	76.58588	76.60704	76.53810	76.55727	76.78847	76.60131	76.58561	76.56535	76.57346
2/3/2025	2:00:36 PM	76.56317	76.63120	76.58915	76.57700	76.60822	76.58618	76.60694	76.53814	76.55705	76.78851	76.60178	76.58570	76.56536	76.57364
2/3/2025	2:00:40 PM	76.56306	76.63094	76.58936	76.57726	76.60851	76.58622	76.60705	76.53820	76.55770	76.78851	76.60192	76.58569	76.56571	76.57333
2/3/2025	2:00:44 PM	76.56326	76.63130	76.58943	76.57712	76.60832	76.58639	76.60730	76.53806	76.55732	76.78846	76.60170	76.58607	76.56557	76.57369
2/3/2025	2:00:47 PM	76.56361	76.63144	76.58905	76.57711	76.60795	76.58609	76.60693	76.53852	76.55823	76.78905	76.60210	76.58581	76.56508	76.57319
2/3/2025	2:00:51 PM	76.56310	76.63137	76.58898	76.57703	76.60793	76.58619	76.60725	76.53852	76.55723	76.78844	76.60187	76.58569	76.56576	76.57364
2/3/2025	2:00:54 PM	76.56343	76.63073	76.58917	76.57690	76.60787	76.58589	76.60686	76.53829	76.55687	76.78846	76.60191	76.58573	76.56516	76.57327
2/3/2025	2:00:58 PM	76.56316	76.63104	76.58909	76.57752	76.60786	76.58619	76.60712	76.53827	76.55727	76.78887	76.60171	76.58566	76.56556	76.57345
2/3/2025	2:01:01 PM	76.56319	76.63081	76.58907	76.57714	76.60804	76.58645	76.60756	76.53838	76.55711	76.78835	76.60118	76.58560	76.56483	76.57285
2/3/2025	2:01:05 PM	76.56253	76.63063	76.58847	76.57634	76.60775	76.58536	76.60619	76.53738	76.55643	76.78754	76.60122	76.58502	76.56485	76.57296
2/3/2025	2:01:08 PM	76.56273	76.63073	76.58870	76.57615	76.60719	76.58547	76.60638	76.53797	76.55719	76.78796	76.60136	76.58503	76.56504	76.57374
2/3/2025	2:01:12 PM	76.56271	76.63078	76.58840	76.57657	76.60779	76.58594	76.60682	76.53829	76.55748	76.78840	76.60157	76.58579	76.56568	76.57356
2/3/2025	2:01:16 PM	76.56303	76.63137	76.58883	76.57705	76.60811	76.58565	76.60700	76.53797	76.55726	76.78886	76.60124	76.58557	76.56540	76.57364
2/3/2025	2:01:19 PM	76.56277	76.63110	76.58876	76.57661	76.60800	76.58590	76.60654	76.53835	76.55681	76.78821	76.60150	76.58573	76.56539	76.57343
2/3/2025	2:01:23 PM	76.56316	76.63076	76.58853	76.57642	76.60771	76.58561	76.60679	76.53780	76.55701	76.78787	76.60136	76.58547	76.56502	76.57313
2/3/2025	2:01:26 PM	76.56306	76.63080	76.58880	76.57678	76.60820	76.58557	76.60674	76.53804	76.55662	76.78806	76.60132	76.58542	76.56509	76.57360
2/3/2025	2:01:30 PM	76.56311	76.63078	76.58882	76.57621	76.60741	76.58517	76.60669	76.53781	76.55681	76.78822	76.60086	76.58501	76.56448	76.57328
2/3/2025	2:01:33 PM	76.56306	76.63100	76.58877	76.57676	76.60748	76.58556	76.60686	76.53789	76.55715	76.78810	76.60140	76.58573	76.56495	76.57366
2/3/2025	2:01:37 PM	76.56324	76.63095	76.58897	76.57689	76.60795	76.58548	76.60678	76.53788	76.55695	76.78813	76.60190	76.58503	76.56509	76.57268
2/3/2025	2:01:40 PM	76.56256	76.63048	76.58889	76.57686	76.60805	76.58586	76.60724	76.53766	76.55752	76.78802	76.60186	76.58603	76.56529	76.57338
2/3/2025	2:01:44 PM	76.56297	76.63110	76.58867	76.57686	76.60748	76.58597	76.60696	76.53823	76.55738	76.78847	76.60190	76.58553	76.56557	76.57311
2/3/2025	2:01:48 PM	76.56302	76.63126	76.58904	76.57649	76.60813	76.58603	76.60738	76.53842	76.55775	76.78883	76.60154	76.58554	76.56539	76.57370
2/3/2025	2:01:51 PM	76.56288	76.63123	76.58878	76.57688	76.60819	76.58575	76.60702	76.53860	76.55762	76.78865	76.60169	76.58558	76.56580	76.57330
2/3/2025	2:01:55 PM	76.56330	76.63128	76.58890	76.57660	76.60766	76.58588	76.60664	76.53777	76.55689	76.78803	76.60132	76.58538	76.56522	76.57330
2/3/2025	2:01:58 PM	76.56346	76.63113	76.58870	76.57648	76.60739	76.58564	76.60638	76.53811	76.55670	76.78852	76.60147	76.58571	76.56504	76.57307
2/3/2025	2:02:02 PM	76.56324	76.63090	76.58896	76.57620	76.60792	76.58575	76.60638	76.53776	76.55727	76.78845	76.60137	76.58567	76.56508	76.57340
2/3/2025	2:02:05 PM	76.56322	76.63129	76.58866	76.57602	76.60758	76.58484	76.60622	76.53789	76.55694	76.78790	76.60121	76.58568	76.56528	76.57350
2/3/2025	2:02:09 PM	76.56276	76.63106	76.58877	76.57672	76.60818	76.58589	76.60678	76.53825	76.55734	76.78827	76.60160	76.58556	76.56572	76.57362
2/3/2025	2:02:13 PM	76.56329	76.63118	76.58851	76.57712	76.60812	76.58603	76.60745	76.53822	76.55763	76.78862	76.60189	76.58579	76.56504	76.57305
2/3/2025	2:02:16 PM	76.56272	76.63041	76.58846	76.57692	76.60776	76.58598	76.60666	76.53841	76.55728	76.78821	76.60153	76.58526	76.56475	76.57321
2/3/2025	2:02:20 PM	76.56292	76.63094	76.58892	76.57697	76.60821	76.58594	76.60652	76.53864	76.55742	76.78838	76.60159	76.58588	76.56571	76.57371
2/3/2025	2:02:23 PM	76.56319	76.63129	76.58862	76.57711	76.60830	76.58601	76.60732	76.53868	76.55789	76.78867	76.60171	76.58604	76.56502	76.57332
2/3/2025	2:02:27 PM	76.56282	76.63072	76.58887	76.57668	76.60773	76.58582	76.60675	76.53848	76.55719	76.78879	76.60166	76.58573	76.56551	76.57360
2/3/2025	2:02:30 PM	76.56305	76.63078	76.58892	76.57701	76.60777	76.58592	76.60722	76.53815	76.55735	76.78830	76.60173	76.58549	76.56526	76.57323
2/3/2025	2:02:34 PM	76.56295	76.63118	76.58843	76.57634	76.60761	76.58574	76.60677	76.53796	76.55714	76.78811	76.60131	76.58553	76.56466	76.57297
2/3/2025	2:02:38 PM	76.56278	76.63068	76.58855	76.57655	76.60783	76.58549	76.60657	76.53806	76.55693	76.78778	76.60117	76.58526	76.56467	76.57266
2/3/2025	2:02:41 PM	76.56280	76.63062	76.58836	76.57636	76.60774	76.58566	76.60674	76.53805	76.55703	76.78835	76.60097	76.58544	76.56518	76.57321
2/3/2025	2:02:45 PM	76.56308	76.63082	76.58874	76.57698	76.60805	76.58588	76.60692	76.53854	76.55738	76.78857	76.60140	76.58578	76.56520	76.57347
2/3/2025	2:02:48 PM	76.56268	76.63103	76.58908	76.57683	76.60799	76.58630	76.60707	76.53807	76.55718	76.78875	76.60170	76.58575	76.56531	76.57309
2/3/2025	2:02:52 PM	76.56297	76.63086	76.58865	76.57669	76.60800	76.58628	76.60671	76.53835	76.55757	76.78851	76.60160	76.58539	76.56508	76.57308
2/3/2025	2:02:55 PM	76.56297	76.63043	76.58847	76.57651	76.60770	76.58535	76.60675	76.53834	76.55721	76.78852	76.60163	76.58560	76.56515	76.57277
2/3/2025	2:02:59 PM	76.56296	76.63091	76.58847	76.57639	76.60737	76.58568	76.60700	76.53831	76.55736	76.78829	76.60146	76.58493	76.56458	76.57310
2/3/2025	2:03:02 PM	76.56289	76.63043	76.58867	76.57680	76.60806	76.58564	76.60699	76.53813	76.55749	76.78852	76.60118	76.58576	76.56470	76.57307
2/3/2025	2:03:06 PM	76.56311	76.63089	76.58860	76.57634	76.60759	76.58576	76.60651	76.53825	76.55699	76.78795	76.60150	76.58499	76.56500	76.57302
2/3/2025	2:03:10 PM	76.56299	76.63148	76.58870	76.57678	76.60812	76.58591	76.60722	76.53836	76.55768	76.78879	76.60226	76.58569	76.56532	76.57351
2/3/2025	2:03:13 PM	76.56310	76.63094	76.58907	76.57724	76.60834	76.58644	76.60707	76.53887	76.55749	76.78894	76.60212	76.58564	76.56531	76.57343
2/3/2025	2:03:17 PM	76.56340	76.63128	76.58912	76.57714	76.60819	76.58614	76.60693	76.53857	76.55776	76.78907	76.60186	76.58566	76.56592	76.57373
2/3/2025	2:03:20 PM	76.56363	76.63139	76.58887	76.57704	76.60816	76.58638	76.60775	76.53822	76.55768	76.78914	76.60183	76.58554	76.56540	76.57369
2/3/2025	2:03:24 PM	76.56297	76.63086	76.58850	76.57638	76.60825	76.58562	76.60701	76.53797	76.55714	76.78848	76.60191	76.58584	76.56515	76.57351
2/3/2025	2:03:27 PM	76.56322	76.63067	76.58892	76.57721	76.60811	76.58620	76.60705	76.53841	76.55730	76.78893	76.60168	76.58498	76.56502	76.57285
2/3/2025	2:03:31 PM	76.56293	76.63085	76.58842	76.57657	76.60814	76.58602	76.60728	76.53842	76.55740	76.78883	76.60221	76.58551	76.56519	76.57348
2/3/2025	2:03:34 PM	76.56299	76.63084	76.58883	76.57696	76.60798	76.58587	76.60721	76.53847	76.55749	76.78849	76.60131	76.58495	76.56483	76.57285
2/3/2025	2:03:38 PM	76.56257	76.63060	76.58881	76.57678	76.60733	76.58577	76.60663	76.53805	76.55746	76.78869	76.60138	76.58541	76.56514	76.57334
2/3/2025	2:03:41 PM	76.56320	76.63106	76.58862	76.57682	76.60779	76.58571	76.60738	76.53869	76.55761	76.78875	76.60192	76.58555	76.56523	76.57316
2/3/2025	2:03:45 PM	76.56301	76.63082	76.58894	76.57674	76.60772	76.58577	76.60728	76.53855	76.55790	76.78857	76.60113	76.58536	76.56503	76.57316
2/3/2025	2:03:48 PM	76.56307	76.63079	76.58878	76.57674	76.60770	76.58604	76.60688	76.53879	76.55767	76.78905	76.60215	76.58555	76.56520	76.57316
2/3/2025	2:03:52 PM	76.56311	76.63118	76.58882	76.57704	76.60794	76.58621	76.60723	76.53907	76.55786	76.78875	76.60187	76.58582	76.56518	76.57312
2/3/2025	2:03:55 PM	76.56294	76.63107	76.58895	76.57661	76.60840	76.58618	76.60750	76.53835	76.55787	76.78888	76.60186	76.58621	76.56563	76.57342
2/3/2025	2:03:59 PM	76.56293	76.63080	76.58902	76.57670	76.60838	76.58569	76.60691	76.53812	76.55717	76.78845	76.60170	76.58606	76.56485	76.57326
2/3/2025	2:04:02 PM	76.56326	76.63130	76.58899	76.57675	76.60822	76.58621	76.60723	76.53872	76.55741	76.78831	76.60151	76.58512	76.56515	76.57291
2/3/2025	2:04:06 PM	76.56280	76.63072	76.58832	76.57662	76.60808	76.58601	76.60674	76.53882	76.55767	76.78831	76.60140	76.58545	76.56479	76.57290
2/3/2025	2:04:10 PM	76.56266	76.63078	76.58832	76.57606	76.60784	76.58536	76.60652	76.53850	76.55709	76.78830	76.60130	76.58540	76.56493	76.57285
2/3/2025	2:04:13 PM	76.56230	76.63021	76.58821	76.57647	76.60793	76.58599	76.60729	76.53832	76.55738	76.78842	76.60140	76.58529	76.56490	76.57318
2/3/2025	2:04:17 PM	76.56278	76.63084	76.58891	76.57665	76.60776	76.58610	76.60735	76.53870	76.55726	76.78891	76.60196	76.58545	76.56506	76.57359
