4/2/2025	12:52:58 PM	76.54541	76.62409	76.57162	76.56497	76.59511	76.58013	76.59496	76.52932	76.55148	76.77772	76.58877	76.57613	76.55992	76.55445
4/2/2025	12:53:02 PM	76.54771	76.62404	76.57137	76.56553	76.59522	76.58004	76.59549	76.52952	76.55124	76.77764	76.58890	76.57562	76.55970	76.55470
4/2/2025	12:53:05 PM	76.54901	76.62387	76.57170	76.56530	76.59519	76.57918	76.59557	76.52910	76.55132	76.77835	76.58908	76.57565	76.55964	76.55463
4/2/2025	12:53:09 PM	76.54992	76.62353	76.57170	76.56568	76.59518	76.57949	76.59591	76.52955	76.55158	76.77864	76.58951	76.57546	76.56012	76.55556
4/2/2025	12:53:13 PM	76.55116	76.62378	76.57212	76.56589	76.59521	76.57941	76.59618	76.52979	76.55144	76.77888	76.58959	76.57561	76.56055	76.55575
4/2/2025	12:53:16 PM	76.55197	76.62365	76.57196	76.56569	76.59496	76.57879	76.59657	76.52990	76.55129	76.77911	76.58981	76.57523	76.55995	76.55577
4/2/2025	12:53:20 PM	76.55222	76.62316	76.57175	76.56571	76.59490	76.57871	76.59681	76.53027	76.55128	76.77900	76.58989	76.57517	76.56017	76.55558
4/2/2025	12:53:23 PM	76.55262	76.62318	76.57187	76.56592	76.59487	76.57891	76.59675	76.53013	76.55104	76.77898	76.59043	76.57534	76.55967	76.55546
4/2/2025	12:53:27 PM	76.55289	76.62322	76.57214	76.56661	76.59500	76.57858	76.59654	76.53047	76.55111	76.77911	76.59016	76.57559	76.56035	76.55594
4/2/2025	12:53:31 PM	76.55330	76.62300	76.57170	76.56576	76.59477	76.57805	76.59666	76.53045	76.55103	76.77919	76.59076	76.57535	76.56011	76.55588
4/2/2025	12:53:34 PM	76.55368	76.62370	76.57211	76.56644	76.59506	76.57824	76.59711	76.53039	76.55102	76.77980	76.59104	76.57574	76.56077	76.55581
4/2/2025	12:53:38 PM	76.55405	76.62349	76.57252	76.56672	76.59495	76.57848	76.59749	76.53105	76.55110	76.77990	76.59141	76.57590	76.56075	76.55611
4/2/2025	12:53:41 PM	76.55418	76.62367	76.57233	76.56630	76.59498	76.57844	76.59767	76.53103	76.55161	76.77999	76.59110	76.57585	76.56114	76.55584
4/2/2025	12:53:45 PM	76.55436	76.62325	76.57253	76.56657	76.59538	76.57882	76.59717	76.53065	76.55140	76.77970	76.59082	76.57496	76.56035	76.55576
4/2/2025	12:53:49 PM	76.55408	76.62309	76.57229	76.56582	76.59422	76.57758	76.59680	76.53067	76.55096	76.77951	76.59088	76.57501	76.56078	76.55581
4/2/2025	12:53:52 PM	76.55421	76.62337	76.57247	76.56623	76.59453	76.57750	76.59645	76.53060	76.55056	76.77974	76.59110	76.57526	76.56036	76.55614
4/2/2025	12:53:56 PM	76.55445	76.62309	76.57219	76.56630	76.59460	76.57770	76.59689	76.53059	76.55085	76.77954	76.59147	76.57521	76.56064	76.55616
4/2/2025	12:53:59 PM	76.55479	76.62334	76.57206	76.56611	76.59449	76.57772	76.59695	76.53091	76.55090	76.77996	76.59125	76.57532	76.56046	76.55612
4/2/2025	12:54:03 PM	76.55414	76.62295	76.57241	76.56649	76.59481	76.57787	76.59692	76.53083	76.55094	76.77957	76.59147	76.57521	76.56060	76.55643
4/2/2025	12:54:07 PM	76.55488	76.62330	76.57206	76.56620	76.59450	76.57731	76.59684	76.53108	76.55049	76.77951	76.59090	76.57480	76.56011	76.55601
4/2/2025	12:54:10 PM	76.55447	76.62298	76.57209	76.56569	76.59401	76.57738	76.59677	76.53036	76.55050	76.77945	76.59125	76.57502	76.56024	76.55565
4/2/2025	12:54:14 PM	76.55469	76.62297	76.57219	76.56564	76.59383	76.57745	76.59660	76.53050	76.55033	76.77974	76.59153	76.57509	76.56036	76.55567
4/2/2025	12:54:17 PM	76.55417	76.62242	76.57198	76.56571	76.59400	76.57715	76.59677	76.53044	76.55067	76.77956	76.59098	76.57474	76.56031	76.55571
4/2/2025	12:54:21 PM	76.55512	76.62317	76.57219	76.56585	76.59427	76.57714	76.59684	76.53126	76.55068	76.77997	76.59145	76.57497	76.56027	76.55629
4/2/2025	12:54:25 PM	76.55487	76.62325	76.57242	76.56615	76.59385	76.57720	76.59665	76.53074	76.55052	76.77953	76.59161	76.57456	76.56068	76.55605
4/2/2025	12:54:28 PM	76.55505	76.62279	76.57286	76.56631	76.59476	76.57731	76.59697	76.53085	76.55072	76.77981	76.59164	76.57479	76.56020	76.55639
4/2/2025	12:54:32 PM	76.55503	76.62310	76.57258	76.56616	76.59434	76.57748	76.59704	76.53132	76.55103	76.78008	76.59135	76.57502	76.56044	76.55598
4/2/2025	12:54:35 PM	76.55469	76.62317	76.57243	76.56631	76.59384	76.57706	76.59696	76.53104	76.55057	76.78018	76.59161	76.57516	76.56101	76.55629
4/2/2025	12:54:39 PM	76.55440	76.62279	76.57262	76.56599	76.59426	76.57741	76.59671	76.53094	76.55047	76.77998	76.59161	76.57437	76.56055	76.55606
4/2/2025	12:54:42 PM	76.55450	76.62322	76.57236	76.56606	76.59390	76.57682	76.59669	76.53078	76.55061	76.77972	76.59147	76.57480	76.56085	76.55646
4/2/2025	12:54:46 PM	76.55493	76.62275	76.57263	76.56555	76.59364	76.57677	76.59648	76.53075	76.55039	76.77964	76.59110	76.57466	76.56032	76.55583
4/2/2025	12:54:50 PM	76.55471	76.62328	76.57249	76.56569	76.59381	76.57670	76.59691	76.53089	76.55054	76.78000	76.59198	76.57492	76.56063	76.55669
4/2/2025	12:54:53 PM	76.55457	76.62315	76.57288	76.56599	76.59397	76.57687	76.59635	76.53041	76.55036	76.77945	76.59126	76.57447	76.56023	76.55607
4/2/2025	12:54:57 PM	76.55434	76.62208	76.57184	76.56527	76.59350	76.57629	76.59613	76.53045	76.54984	76.77941	76.59139	76.57442	76.56052	76.55592
4/2/2025	12:55:00 PM	76.55451	76.62278	76.57237	76.56566	76.59389	76.57636	76.59632	76.53040	76.55024	76.77965	76.59117	76.57442	76.56058	76.55615
4/2/2025	12:55:04 PM	76.55458	76.62270	76.57224	76.56584	76.59348	76.57689	76.59662	76.53112	76.55047	76.77961	76.59137	76.57485	76.56075	76.55605
4/2/2025	12:55:08 PM	76.55470	76.62269	76.57210	76.56555	76.59393	76.57660	76.59658	76.53070	76.55023	76.77997	76.59168	76.57474	76.56039	76.55597
4/2/2025	12:55:11 PM	76.55450	76.62290	76.57222	76.56553	76.59383	76.57629	76.59647	76.53112	76.55039	76.77919	76.59152	76.57475	76.56073	76.55642
4/2/2025	12:55:15 PM	76.55458	76.62283	76.57266	76.56597	76.59376	76.57660	76.59670	76.53064	76.55039	76.77959	76.59149	76.57480	76.56071	76.55633
4/2/2025	12:55:18 PM	76.55451	76.62293	76.57246	76.56544	76.59351	76.57643	76.59616	76.53049	76.54983	76.77966	76.59150	76.57418	76.56062	76.55567
4/2/2025	12:55:22 PM	76.55419	76.62248	76.57224	76.56583	76.59356	76.57627	76.59649	76.53084	76.54969	76.77973	76.59156	76.57447	76.56054	76.55595
4/2/2025	12:55:26 PM	76.55437	76.62231	76.57190	76.56516	76.59334	76.57635	76.59631	76.53054	76.54956	76.77936	76.59152	76.57429	76.56052	76.55579
4/2/2025	12:55:29 PM	76.55441	76.62222	76.57222	76.56525	76.59327	76.57593	76.59600	76.53038	76.54976	76.77935	76.59114	76.57404	76.56036	76.55568
4/2/2025	12:55:33 PM	76.55375	76.62213	76.57207	76.56530	76.59281	76.57582	76.59626	76.53083	76.55025	76.77939	76.59122	76.57401	76.56026	76.55573
4/2/2025	12:55:36 PM	76.55389	76.62246	76.57250	76.56526	76.59331	76.57633	76.59594	76.53058	76.54949	76.77889	76.59159	76.57438	76.56039	76.55571
4/2/2025	12:55:40 PM	76.55442	76.62185	76.57203	76.56486	76.59323	76.57606	76.59600	76.53070	76.54964	76.77935	76.59139	76.57407	76.56025	76.55572
4/2/2025	12:55:44 PM	76.55393	76.62183	76.57213	76.56475	76.59289	76.57563	76.59585	76.52992	76.54948	76.77949	76.59129	76.57415	76.56025	76.55596
4/2/2025	12:55:47 PM	76.55444	76.62214	76.57211	76.56485	76.59292	76.57543	76.59574	76.53036	76.54980	76.77914	76.59143	76.57385	76.55986	76.55574
4/2/2025	12:55:51 PM	76.55401	76.62180	76.57178	76.56465	76.59284	76.57553	76.59596	76.53019	76.54952	76.77925	76.59138	76.57351	76.56074	76.55562
4/2/2025	12:55:54 PM	76.55403	76.62184	76.57177	76.56479	76.59282	76.57568	76.59617	76.52995	76.54977	76.77960	76.59102	76.57386	76.56005	76.55590
4/2/2025	12:55:58 PM	76.55371	76.62146	76.57154	76.56461	76.59244	76.57527	76.59575	76.52966	76.54951	76.77911	76.59067	76.57337	76.56015	76.55534
4/2/2025	12:56:02 PM	76.55385	76.62171	76.57165	76.56448	76.59257	76.57547	76.59596	76.53018	76.54958	76.77918	76.59115	76.57387	76.56021	76.55558
4/2/2025	12:56:05 PM	76.55349	76.62145	76.57169	76.56452	76.59263	76.57549	76.59587	76.53018	76.54921	76.77945	76.59133	76.57380	76.56001	76.55578
4/2/2025	12:56:09 PM	76.55382	76.62160	76.57167	76.56448	76.59295	76.57554	76.59555	76.53036	76.54904	76.77890	76.59096	76.57357	76.56015	76.55516
4/2/2025	12:56:12 PM	76.55353	76.62129	76.57168	76.56439	76.59229	76.57534	76.59584	76.52993	76.54953	76.77898	76.59105	76.57355	76.55973	76.55518
4/2/2025	12:56:16 PM	76.55334	76.62147	76.57202	76.56417	76.59212	76.57514	76.59547	76.52980	76.54904	76.77870	76.59065	76.57329	76.56021	76.55576
4/2/2025	12:56:19 PM	76.55322	76.62120	76.57183	76.56481	76.59276	76.57561	76.59580	76.53061	76.54981	76.77910	76.59122	76.57381	76.56051	76.55609
4/2/2025	12:56:23 PM	76.55411	76.62129	76.57158	76.56435	76.59220	76.57553	76.59559	76.52988	76.54950	76.77930	76.59112	76.57333	76.56000	76.55571
4/2/2025	12:56:27 PM	76.55347	76.62151	76.57192	76.56460	76.59247	76.57531	76.59536	76.53029	76.54942	76.77917	76.59109	76.57330	76.56018	76.55549
4/2/2025	12:56:30 PM	76.55390	76.62149	76.57137	76.56401	76.59239	76.57493	76.59533	76.52977	76.54943	76.77893	76.59120	76.57345	76.55963	76.55556
4/2/2025	12:56:34 PM	76.55336	76.62093	76.57134	76.56411	76.59223	76.57499	76.59538	76.52997	76.54923	76.77865	76.59092	76.57313	76.56032	76.55533
4/2/2025	12:56:37 PM	76.55338	76.62133	76.57204	76.56446	76.59237	76.57500	76.59540	76.52992	76.54907	76.77903	76.59066	76.57301	76.55971	76.55544
4/2/2025	12:56:41 PM	76.55316	76.62101	76.57153	76.56433	76.59211	76.57458	76.59514	76.52950	76.54890	76.77849	76.59068	76.57325	76.55998	76.55524
4/2/2025	12:56:44 PM	76.55329	76.62091	76.57148	76.56404	76.59187	76.57445	76.59486	76.52958	76.54865	76.77819	76.59035	76.57250	76.55962	76.55535
4/2/2025	12:56:48 PM	76.55301	76.62099	76.57134	76.56399	76.59159	76.57432	76.59466	76.52944	76.54878	76.77853	76.59060	76.57288	76.55990	76.55510
4/2/2025	12:56:52 PM	76.55329	76.62093	76.57132	76.56379	76.59192	76.57413	76.59496	76.52939	76.54887	76.77845	76.59064	76.57271	76.56012	76.55549
4/2/2025	12:56:55 PM	76.55374	76.62090	76.57135	76.56371	76.59161	76.57462	76.59481	76.52942	76.54857	76.77836	76.59027	76.57316	76.55955	76.55542
4/2/2025	12:56:59 PM	76.55306	76.62055	76.57116	76.56346	76.59106	76.57396	76.59499	76.52919	76.54878	76.77829	76.59050	76.57297	76.55961	76.55528
4/2/2025	12:57:02 PM	76.55302	76.62025	76.57120	76.56354	76.59166	76.57428	76.59479	76.52934	76.54854	76.77819	76.59026	76.57277	76.55965	76.55527
4/2/2025	12:57:06 PM	76.55282	76.62075	76.57131	76.56343	76.59149	76.57399	76.59478	76.52947	76.54858	76.77820	76.59037	76.57272	76.55970	76.55494
4/2/2025	12:57:10 PM	76.55242	76.62033	76.57099	76.56324	76.59133	76.57397	76.59467	76.52941	76.54878	76.77852	76.59061	76.57276	76.55959	76.55477
4/2/2025	12:57:13 PM	76.55315	76.62075	76.57086	76.56296	76.59115	76.57385	76.59464	76.52934	76.54863	76.77833	76.59027	76.57257	76.55946	76.55533
4/2/2025	12:57:17 PM	76.55272	76.62058	76.57108	76.56333	76.59129	76.57363	76.59437	76.52947	76.54874	76.77865	76.59081	76.57243	76.55961	76.55512
4/2/2025	12:57:20 PM	76.55294	76.61995	76.57066	76.56307	76.59098	76.57371	76.59416	76.52901	76.54839	76.77827	76.59059	76.57267	76.56002	76.55559
4/2/2025	12:57:24 PM	76.55310	76.62048	76.57107	76.56352	76.59132	76.57393	76.59484	76.52979	76.54893	76.77884	76.59058	76.57263	76.55990	76.55520
4/2/2025	12:57:28 PM	76.55252	76.62018	76.57046	76.56287	76.59124	76.57396	76.59453	76.52926	76.54868	76.77796	76.59044	76.57249	76.55982	76.55559
4/2/2025	12:57:31 PM	76.55296	76.62046	76.57087	76.56320	76.59077	76.57348	76.59425	76.52887	76.54803	76.77806	76.59006	76.57220	76.55932	76.55448
4/2/2025	12:57:35 PM	76.55253	76.62008	76.57035	76.56269	76.59070	76.57316	76.59422	76.52911	76.54811	76.77798	76.59006	76.57208	76.55930	76.55471
4/2/2025	12:57:38 PM	76.55199	76.61992	76.57092	76.56317	76.59071	76.57337	76.59386	76.52849	76.54811	76.77777	76.59022	76.57204	76.55915	76.55492
4/2/2025	12:57:42 PM	76.55256	76.62004	76.57054	76.56297	76.59082	76.57313	76.59391	76.52848	76.54771	76.77737	76.58960	76.57176	76.55915	76.55455
4/2/2025	12:57:46 PM	76.55206	76.61947	76.57035	76.56237	76.59039	76.57344	76.59381	76.52872	76.54784	76.77781	76.58980	76.57184	76.55901	76.55478
4/2/2025	12:57:49 PM	76.55206	76.61966	76.57048	76.56229	76.59053	76.57329	76.59407	76.52875	76.54817	76.77819	76.58997	76.57209	76.55930	76.55493
4/2/2025	12:57:53 PM	76.55233	76.61977	76.57056	76.56291	76.59050	76.57305	76.59372	76.52875	76.54767	76.77797	76.58990	76.57214	76.55934	76.55502
4/2/2025	12:57:56 PM	76.55201	76.61936	76.57045	76.56278	76.59045	76.57308	76.59364	76.52854	76.54772	76.77774	76.58975	76.57153	76.55909	76.55464
4/2/2025	12:58:00 PM	76.55174	76.61905	76.57023	76.56200	76.58967	76.57262	76.59353	76.52833	76.54744	76.77735	76.58963	76.57160	76.55923	76.55480
4/2/2025	12:58:04 PM	76.55217	76.61914	76.57027	76.56233	76.59018	76.57288	76.59406	76.52830	76.54800	76.77753	76.58976	76.57176	76.55909	76.55426
4/2/2025	12:58:07 PM	76.55208	76.61946	76.57035	76.56185	76.59000	76.57292	76.59391	76.52872	76.54787	76.77790	76.59005	76.57200	76.55945	76.55492
4/2/2025	12:58:11 PM	76.55235	76.61936	76.57013	76.56249	76.59033	76.57280	76.59359	76.52845	76.54747	76.77726	76.58928	76.57169	76.55897	76.55451
4/2/2025	12:58:14 PM	76.55182	76.61949	76.57011	76.56202	76.58980	76.57263	76.59383	76.52820	76.54730	76.77754	76.58984	76.57180	76.55963	76.55475
4/2/2025	12:58:18 PM	76.55190	76.61930	76.57008	76.56254	76.58959	76.57265	76.59312	76.52817	76.54744	76.77740	76.58958	76.57150	76.55892	76.55428
4/2/2025	12:58:22 PM	76.55196	76.61908	76.57010	76.56196	76.58996	76.57243	76.59347	76.52861	76.54775	76.77764	76.59000	76.57170	76.55915	76.55489
4/2/2025	12:58:25 PM	76.55193	76.61899	76.56988	76.56179	76.58977	76.57230	76.59303	76.52791	76.54719	76.77748	76.58964	76.57107	76.55878	76.55389
4/2/2025	12:58:29 PM	76.55138	76.61907	76.57004	76.56200	76.58977	76.57189	76.59324	76.52837	76.54772	76.77769	76.58950	76.57069	76.55874	76.55439
4/2/2025	12:58:32 PM	76.55136	76.61872	76.56993	76.56153	76.58974	76.57240	76.59317	76.52816	76.54696	76.77721	76.58947	76.57081	76.55898	76.55383
4/2/2025	12:58:36 PM	76.55114	76.61863	76.56890	76.56127	76.58978	76.57195	76.59311	76.52758	76.54675	76.77719	76.58906	76.57081	76.55859	76.55419
4/2/2025	12:58:40 PM	76.55117	76.61839	76.56975	76.56173	76.58899	76.57142	76.59252	76.52761	76.54701	76.77677	76.58886	76.57073	76.55846	76.55420
4/2/2025	12:58:43 PM	76.55112	76.61845	76.56933	76.56206	76.58960	76.57206	76.59307	76.52758	76.54702	76.77683	76.58897	76.57078	76.55856	76.55432
4/2/2025	12:58:47 PM	76.55094	76.61797	76.56936	76.56103	76.58871	76.57133	76.59230	76.52718	76.54677	76.77677	76.58878	76.57044	76.55848	76.55369
4/2/2025	12:58:50 PM	76.55077	76.61800	76.56907	76.56120	76.58906	76.57191	76.59282	76.52768	76.54648	76.77654	76.58883	76.57045	76.55853	76.55352
4/2/2025	12:58:54 PM	76.55060	76.61801	76.56888	76.56100	76.58857	76.57103	76.59222	76.52734	76.54660	76.77647	76.58876	76.57041	76.55810	76.55353
4/2/2025	12:58:58 PM	76.55018	76.61779	76.56903	76.56086	76.58838	76.57110	76.59186	76.52707	76.54650	76.77642	76.58851	76.57039	76.55784	76.55337
4/2/2025	12:59:01 PM	76.55040	76.61769	76.56900	76.56058	76.58820	76.57111	76.59195	76.52714	76.54623	76.77607	76.58840	76.57015	76.55818	76.55397
4/2/2025	12:59:05 PM	76.55057	76.61785	76.56926	76.56083	76.58855	76.57144	76.59264	76.52714	76.54628	76.77659	76.58899	76.57034	76.55872	76.55386
4/2/2025	12:59:08 PM	76.55059	76.61791	76.56904	76.56093	76.58862	76.57101	76.59207	76.52728	76.54627	76.77625	76.58859	76.57024	76.55830	76.55371
4/2/2025	12:59:12 PM	76.55034	76.61804	76.56906	76.56075	76.58843	76.57118	76.59234	76.52734	76.54607	76.77641	76.58856	76.57001	76.55786	76.55333
4/2/2025	12:59:16 PM	76.55078	76.61777	76.56892	76.56101	76.58828	76.57085	76.59184	76.52671	76.54619	76.77609	76.58855	76.56980	76.55799	76.55333
4/2/2025	12:59:19 PM	76.55010	76.61754	76.56880	76.56062	76.58828	76.57058	76.59201	76.52705	76.54598	76.77639	76.58868	76.57034	76.55829	76.55373
4/2/2025	12:59:23 PM	76.55001	76.61715	76.56824	76.56041	76.58816	76.57068	76.59186	76.52676	76.54621	76.77638	76.58834	76.56992	76.55730	76.55380
4/2/2025	12:59:26 PM	76.55005	76.61750	76.56878	76.56051	76.58815	76.57106	76.59207	76.52707	76.54601	76.77626	76.58861	76.56988	76.55797	76.55350
4/2/2025	12:59:30 PM	76.55013	76.61704	76.56862	76.56065	76.58827	76.57068	76.59181	76.52658	76.54593	76.77637	76.58830	76.56948	76.55836	76.55355
4/2/2025	12:59:33 PM	76.55013	76.61704	76.56873	76.56059	76.58805	76.57066	76.59186	76.52698	76.54582	76.77616	76.58817	76.56910	76.55837	76.55320
4/2/2025	12:59:37 PM	76.54959	76.61749	76.56869	76.55984	76.58766	76.57020	76.59155	76.52687	76.54593	76.77606	76.58803	76.56955	76.55780	76.55356
4/2/2025	12:59:41 PM	76.55013	76.61714	76.56827	76.56013	76.58766	76.57056	76.59143	76.52652	76.54564	76.77611	76.58790	76.56941	76.55791	76.55326
4/2/2025	12:59:44 PM	76.54978	76.61685	76.56808	76.56001	76.58742	76.57000	76.59122	76.52630	76.54582	76.77566	76.58784	76.56899	76.55748	76.55333
4/2/2025	12:59:48 PM	76.54949	76.61651	76.56794	76.55985	76.58775	76.56982	76.59121	76.52635	76.54521	76.77552	76.58789	76.56933	76.55744	76.55326
4/2/2025	12:59:51 PM	76.54948	76.61667	76.56789	76.55955	76.58778	76.57032	76.59121	76.52643	76.54523	76.77553	76.58768	76.56904	76.55752	76.55314
4/2/2025	12:59:55 PM	76.54939	76.61642	76.56823	76.55932	76.58718	76.56975	76.59111	76.52667	76.54538	76.77556	76.58794	76.56916	76.55756	76.55332
4/2/2025	12:59:59 PM	76.54908	76.61660	76.56798	76.55975	76.58744	76.57024	76.59148	76.52642	76.54539	76.77567	76.58756	76.56878	76.55752	76.55316
4/2/2025	1:00:02 PM	76.54936	76.61655	76.56828	76.55966	76.58759	76.56972	76.59113	76.52649	76.54496	76.77547	76.58743	76.56905	76.55750	76.55312
4/2/2025	1:00:06 PM	76.54934	76.61643	76.56767	76.55921	76.58711	76.56962	76.59095	76.52647	76.54515	76.77558	76.58766	76.56877	76.55729	76.55335
4/2/2025	1:00:09 PM	76.54921	76.61633	76.56774	76.55935	76.58699	76.56976	76.59125	76.52632	76.54527	76.77560	76.58723	76.56866	76.55733	76.55304
4/2/2025	1:00:13 PM	76.54861	76.61621	76.56771	76.55896	76.58677	76.56927	76.59046	76.52513	76.54432	76.77487	76.58676	76.56841	76.55688	76.55233
4/2/2025	1:00:17 PM	76.54857	76.61611	76.56743	76.55922	76.58668	76.56927	76.59077	76.52575	76.54528	76.77538	76.58749	76.56891	76.55765	76.55255
4/2/2025	1:00:20 PM	76.54875	76.61628	76.56759	76.55931	76.58673	76.56941	76.59080	76.52586	76.54494	76.77541	76.58767	76.56852	76.55751	76.55245
4/2/2025	1:00:24 PM	76.54874	76.61603	76.56748	76.55899	76.58652	76.56934	76.59055	76.52594	76.54492	76.77527	76.58745	76.56866	76.55724	76.55268
4/2/2025	1:00:27 PM	76.54871	76.61608	76.56729	76.55911	76.58658	76.56946	76.59054	76.52570	76.54508	76.77502	76.58724	76.56876	76.55676	76.55262
4/2/2025	1:00:31 PM	76.54888	76.61605	76.56773	76.55886	76.58624	76.56901	76.59054	76.52557	76.54476	76.77463	76.58701	76.56822	76.55712	76.55269
4/2/2025	1:00:35 PM	76.54839	76.61543	76.56701	76.55851	76.58638	76.56918	76.59014	76.52526	76.54512	76.77471	76.58701	76.56775	76.55695	76.55246
4/2/2025	1:00:38 PM	76.54800	76.61522	76.56694	76.55856	76.58636	76.56874	76.58962	76.52512	76.54468	76.77495	76.58718	76.56826	76.55652	76.55171
4/2/2025	1:00:42 PM	76.54806	76.61491	76.56665	76.55842	76.58569	76.56832	76.58954	76.52484	76.54368	76.77406	76.58655	76.56809	76.55622	76.55187
4/2/2025	1:00:46 PM	76.54778	76.61469	76.56627	76.55779	76.58561	76.56834	76.58952	76.52480	76.54385	76.77451	76.58658	76.56753	76.55610	76.55223
4/2/2025	1:00:49 PM	76.54778	76.61518	76.56652	76.55833	76.58581	76.56844	76.58990	76.52501	76.54398	76.77438	76.58631	76.56754	76.55648	76.55190
4/2/2025	1:00:53 PM	76.54825	76.61506	76.56662	76.55807	76.58576	76.56842	76.58982	76.52496	76.54385	76.77438	76.58676	76.56756	76.55613	76.55154
4/2/2025	1:00:56 PM	76.54783	76.61501	76.56637	76.55838	76.58581	76.56829	76.58975	76.52476	76.54370	76.77421	76.58642	76.56774	76.55637	76.55177
4/2/2025	1:01:00 PM	76.54788	76.61482	76.56657	76.55806	76.58547	76.56806	76.58936	76.52449	76.54399	76.77398	76.58617	76.56708	76.55644	76.55200
4/2/2025	1:01:03 PM	76.54774	76.61455	76.56622	76.55747	76.58564	76.56823	76.58960	76.52455	76.54388	76.77395	76.58624	76.56761	76.55645	76.55187
4/2/2025	1:01:07 PM	76.54767	76.61459	76.56653	76.55774	76.58565	76.56810	76.58941	76.52432	76.54379	76.77471	76.58649	76.56795	76.55615	76.55195
4/2/2025	1:01:11 PM	76.54764	76.61462	76.56625	76.55776	76.58552	76.56774	76.58939	76.52457	76.54372	76.77426	76.58658	76.56779	76.55673	76.55223
4/2/2025	1:01:14 PM	76.54757	76.61515	76.56652	76.55771	76.58560	76.56833	76.58953	76.52459	76.54390	76.77432	76.58640	76.56697	76.55651	76.55230
4/2/2025	1:01:18 PM	76.54773	76.61437	76.56665	76.55807	76.58566	76.56831	76.58955	76.52478	76.54358	76.77466	76.58640	76.56704	76.55648	76.55179
4/2/2025	1:01:22 PM	76.54729	76.61428	76.56581	76.55742	76.58487	76.56786	76.58904	76.52447	76.54381	76.77402	76.58637	76.56729	76.55577	76.55170
4/2/2025	1:01:25 PM	76.54744	76.61434	76.56600	76.55726	76.58503	76.56769	76.58891	76.52442	76.54304	76.77346	76.58588	76.56708	76.55601	76.55137
4/2/2025	1:01:29 PM	76.54716	76.61382	76.56567	76.55706	76.58466	76.56736	76.58873	76.52393	76.54350	76.77342	76.58576	76.56697	76.55588	76.55166
4/2/2025	1:01:32 PM	76.54719	76.61419	76.56577	76.55709	76.58495	76.56698	76.58889	76.52360	76.54330	76.77333	76.58568	76.56655	76.55568	76.55074
4/2/2025	1:01:36 PM	76.54643	76.61366	76.56550	76.55636	76.58441	76.56721	76.58854	76.52392	76.54293	76.77324	76.58560	76.56688	76.55528	76.55107
4/2/2025	1:01:39 PM	76.54662	76.61338	76.56531	76.55644	76.58464	76.56714	76.58876	76.52382	76.54322	76.77332	76.58544	76.56649	76.55540	76.55162
4/2/2025	1:01:43 PM	76.54663	76.61358	76.56550	76.55649	76.58431	76.56699	76.58836	76.52381	76.54269	76.77338	76.58565	76.56631	76.55541	76.55116
4/2/2025	1:01:46 PM	76.54649	76.61363	76.56531	76.55655	76.58418	76.56731	76.58803	76.52343	76.54253	76.77290	76.58506	76.56594	76.55522	76.55073
4/2/2025	1:01:50 PM	76.54629	76.61304	76.56499	76.55614	76.58412	76.56692	76.58879	76.52359	76.54273	76.77328	76.58561	76.56646	76.55591	76.55142
4/2/2025	1:01:53 PM	76.54624	76.61316	76.56501	76.55627	76.58427	76.56647	76.58843	76.52360	76.54291	76.77307	76.58503	76.56617	76.55565	76.55083
4/2/2025	1:01:57 PM	76.54644	76.61336	76.56509	76.55626	76.58410	76.56681	76.58795	76.52346	76.54256	76.77293	76.58533	76.56599	76.55520	76.55065
4/2/2025	1:02:01 PM	76.54609	76.61281	76.56477	76.55594	76.58390	76.56653	76.58818	76.52331	76.54214	76.77264	76.58511	76.56594	76.55498	76.55040
4/2/2025	1:02:04 PM	76.54601	76.61328	76.56487	76.55615	76.58386	76.56604	76.58759	76.52313	76.54238	76.77303	76.58544	76.56584	76.55533	76.55058
4/2/2025	1:02:08 PM	76.54614	76.61272	76.56443	76.55585	76.58338	76.56605	76.58747	76.52272	76.54228	76.77226	76.58465	76.56559	76.55498	76.55051
4/2/2025	1:02:11 PM	76.54580	76.61251	76.56451	76.55552	76.58339	76.56605	76.58814	76.52325	76.54244	76.77243	76.58503	76.56594	76.55574	76.55072
4/2/2025	1:02:15 PM	76.54647	76.61274	76.56491	76.55601	76.58370	76.56626	76.58766	76.52301	76.54254	76.77272	76.58501	76.56576	76.55512	76.55053
4/2/2025	1:02:19 PM	76.54593	76.61273	76.56467	76.55585	76.58352	76.56601	76.58733	76.52262	76.54183	76.77217	76.58459	76.56542	76.55504	76.55015
4/2/2025	1:02:22 PM	76.54555	76.61244	76.56428	76.55533	76.58317	76.56586	76.58743	76.52296	76.54175	76.77228	76.58510	76.56582	76.55496	76.55052
4/2/2025	1:02:26 PM	76.54600	76.61277	76.56409	76.55550	76.58330	76.56576	76.58749	76.52270	76.54169	76.77232	76.58478	76.56549	76.55432	76.54979
4/2/2025	1:02:29 PM	76.54590	76.61235	76.56431	76.55516	76.58319	76.56588	76.58712	76.52295	76.54177	76.77211	76.58437	76.56515	76.55475	76.55055
4/2/2025	1:02:33 PM	76.54553	76.61231	76.56447	76.55546	76.58314	76.56551	76.58719	76.52236	76.54164	76.77224	76.58477	76.56546	76.55498	76.55070
4/2/2025	1:02:37 PM	76.54585	76.61289	76.56441	76.55556	76.58321	76.56589	76.58749	76.52290	76.54196	76.77252	76.58458	76.56582	76.55501	76.55055
4/2/2025	1:02:40 PM	76.54552	76.61260	76.56424	76.55544	76.58320	76.56570	76.58717	76.52260	76.54218	76.77252	76.58490	76.56582	76.55498	76.55015
4/2/2025	1:02:44 PM	76.54551	76.61240	76.56466	76.55553	76.58355	76.56611	76.58750	76.52275	76.54186	76.77225	76.58447	76.56522	76.55481	76.55022
4/2/2025	1:02:47 PM	76.54535	76.61255	76.56446	76.55534	76.58340	76.56601	76.58729	76.52265	76.54172	76.77227	76.58474	76.56540	76.55495	76.55040
4/2/2025	1:02:51 PM	76.54560	76.61239	76.56406	76.55542	76.58347	76.56573	76.58699	76.52262	76.54190	76.77199	76.58477	76.56544	76.55495	76.55051
4/2/2025	1:02:55 PM	76.54515	76.61234	76.56408	76.55546	76.58276	76.56519	76.58710	76.52199	76.54142	76.77235	76.58433	76.56473	76.55454	76.55050
4/2/2025	1:02:58 PM	76.54525	76.61182	76.56415	76.55487	76.58284	76.56544	76.58692	76.52260	76.54201	76.77229	76.58458	76.56516	76.55468	76.54995
4/2/2025	1:03:02 PM	76.54529	76.61181	76.56386	76.55458	76.58249	76.56512	76.58673	76.52242	76.54133	76.77221	76.58441	76.56519	76.55456	76.55004
4/2/2025	1:03:05 PM	76.54500	76.61165	76.56422	76.55491	76.58270	76.56573	76.58717	76.52237	76.54153	76.77216	76.58426	76.56531	76.55460	76.55015
4/2/2025	1:03:09 PM	76.54521	76.61205	76.56349	76.55506	76.58326	76.56558	76.58686	76.52259	76.54159	76.77201	76.58459	76.56509	76.55412	76.55019
4/2/2025	1:03:12 PM	76.54495	76.61170	76.56365	76.55495	76.58262	76.56530	76.58671	76.52234	76.54126	76.77169	76.58405	76.56448	76.55430	76.54951
4/2/2025	1:03:16 PM	76.54461	76.61195	76.56350	76.55458	76.58254	76.56507	76.58641	76.52199	76.54147	76.77165	76.58435	76.56507	76.55425	76.54963
4/2/2025	1:03:20 PM	76.54469	76.61154	76.56345	76.55478	76.58236	76.56480	76.58661	76.52211	76.54089	76.77182	76.58387	76.56461	76.55384	76.54997
4/2/2025	1:03:23 PM	76.54467	76.61157	76.56345	76.55452	76.58286	76.56490	76.58632	76.52169	76.54140	76.77206	76.58396	76.56420	76.55425	76.54969
4/2/2025	1:03:27 PM	76.54466	76.61172	76.56360	76.55428	76.58210	76.56495	76.58659	76.52206	76.54143	76.77177	76.58392	76.56476	76.55451	76.54950
4/2/2025	1:03:30 PM	76.54453	76.61159	76.56404	76.55496	76.58221	76.56535	76.58702	76.52208	76.54104	76.77174	76.58370	76.56479	76.55421	76.54981
4/2/2025	1:03:34 PM	76.54452	76.61127	76.56331	76.55416	76.58194	76.56481	76.58614	76.52207	76.54105	76.77136	76.58390	76.56436	76.55363	76.54969
4/2/2025	1:03:38 PM	76.54447	76.61113	76.56322	76.55447	76.58233	76.56498	76.58635	76.52188	76.54116	76.77120	76.58378	76.56420	76.55405	76.54979
4/2/2025	1:03:41 PM	76.54438	76.61096	76.56307	76.55391	76.58231	76.56453	76.58587	76.52158	76.54108	76.77123	76.58377	76.56410	76.55408	76.54943
4/2/2025	1:03:45 PM	76.54454	76.61117	76.56334	76.55434	76.58216	76.56478	76.58647	76.52170	76.54056	76.77124	76.58315	76.56434	76.55364	76.54939
4/2/2025	1:03:48 PM	76.54423	76.61097	76.56327	76.55387	76.58156	76.56404	76.58565	76.52125	76.54092	76.77128	76.58329	76.56384	76.55344	76.54954
4/2/2025	1:03:52 PM	76.54389	76.61098	76.56260	76.55400	76.58176	76.56416	76.58600	76.52114	76.54060	76.77137	76.58335	76.56367	76.55314	76.54879
4/2/2025	1:03:55 PM	76.54393	76.61075	76.56303	76.55366	76.58125	76.56425	76.58594	76.52076	76.54003	76.77082	76.58332	76.56403	76.55324	76.54926
4/2/2025	1:03:59 PM	76.54342	76.61066	76.56245	76.55341	76.58138	76.56404	76.58563	76.52106	76.54013	76.77052	76.58283	76.56364	76.55352	76.54932
4/2/2025	1:04:03 PM	76.54357	76.61056	76.56256	76.55364	76.58126	76.56399	76.58551	76.52104	76.54002	76.77059	76.58308	76.56361	76.55352	76.54897
4/2/2025	1:04:06 PM	76.54337	76.61000	76.56205	76.55309	76.58136	76.56429	76.58616	76.52100	76.54031	76.77068	76.58335	76.56384	76.55358	76.54908
4/2/2025	1:04:10 PM	76.54376	76.61059	76.56271	76.55387	76.58155	76.56423	76.58600	76.52151	76.54033	76.77121	76.58356	76.56404	76.55382	76.54912
4/2/2025	1:04:13 PM	76.54367	76.61069	76.56233	76.55347	76.58129	76.56413	76.58603	76.52117	76.54036	76.77081	76.58315	76.56382	76.55338	76.54897
4/2/2025	1:04:17 PM	76.54367	76.61056	76.56268	76.55382	76.58162	76.56397	76.58553	76.52125	76.54018	76.77051	76.58245	76.56333	76.55331	76.54871
4/2/2025	1:04:20 PM	76.54340	76.60999	76.56245	76.55379	76.58132	76.56364	76.58485	76.52044	76.53978	76.77023	76.58279	76.56317	76.55279	76.54877
4/2/2025	1:04:24 PM	76.54291	76.61032	76.56185	76.55286	76.58089	76.56305	76.58542	76.52024	76.53964	76.77044	76.58233	76.56296	76.55274	76.54844
4/2/2025	1:04:28 PM	76.54286	76.60922	76.56128	76.55228	76.58066	76.56279	76.58475	76.52035	76.53940	76.77012	76.58263	76.56297	76.55276	76.54840
4/2/2025	1:04:31 PM	76.54311	76.60958	76.56196	76.55290	76.58065	76.56313	76.58442	76.51995	76.53910	76.76959	76.58226	76.56232	76.55200	76.54811
4/2/2025	1:04:35 PM	76.54244	76.60937	76.56183	76.55275	76.58055	76.56287	76.58508	76.52015	76.53942	76.76987	76.58247	76.56311	76.55255	76.54820
4/2/2025	1:04:38 PM	76.54281	76.60952	76.56113	76.55274	76.58065	76.56300	76.58484	76.52037	76.53970	76.77013	76.58220	76.56283	76.55331	76.54885
4/2/2025	1:04:42 PM	76.54271	76.60984	76.56197	76.55305	76.58090	76.56343	76.58476	76.52035	76.53941	76.76986	76.58227	76.56263	76.55248	76.54806
4/2/2025	1:04:46 PM	76.54268	76.60920	76.56160	76.55258	76.58025	76.56259	76.58454	76.52004	76.53939	76.76956	76.58262	76.56277	76.55313	76.54848
4/2/2025	1:04:49 PM	76.54271	76.60956	76.56182	76.55285	76.58014	76.56265	76.58474	76.52019	76.53919	76.77002	76.58225	76.56262	76.55237	76.54819
4/2/2025	1:04:53 PM	76.54254	76.60934	76.56145	76.55273	76.58066	76.56255	76.58468	76.52045	76.53912	76.76983	76.58217	76.56260	76.55245	76.54812
4/2/2025	1:04:56 PM	76.54264	76.60985	76.56160	76.55266	76.58055	76.56294	76.58462	76.52035	76.53930	76.76991	76.58205	76.56261	76.55275	76.54840
4/2/2025	1:05:00 PM	76.54237	76.60953	76.56173	76.55246	76.58038	76.56290	76.58510	76.52015	76.53893	76.76977	76.58164	76.56280	76.55215	76.54754
4/2/2025	1:05:03 PM	76.54255	76.60882	76.56144	76.55268	76.58026	76.56237	76.58419	76.52000	76.53931	76.76977	76.58180	76.56255	76.55272	76.54780
4/2/2025	1:05:07 PM	76.54267	76.60898	76.56129	76.55236	76.58039	76.56255	76.58443	76.51994	76.53927	76.76968	76.58220	76.56251	76.55236	76.54835
4/2/2025	1:05:11 PM	76.54261	76.60930	76.56149	76.55235	76.58064	76.56286	76.58386	76.51948	76.53865	76.76928	76.58187	76.56188	76.55199	76.54778
4/2/2025	1:05:14 PM	76.54224	76.60897	76.56138	76.55215	76.58012	76.56215	76.58428	76.51922	76.53849	76.76940	76.58175	76.56263	76.55198	76.54746
4/2/2025	1:05:18 PM	76.54189	76.60837	76.56082	76.55184	76.58002	76.56224	76.58399	76.51952	76.53879	76.76954	76.58197	76.56216	76.55194	76.54746
4/2/2025	1:05:21 PM	76.54180	76.60835	76.56066	76.55162	76.57976	76.56200	76.58421	76.51966	76.53883	76.76897	76.58153	76.56168	76.55168	76.54733
4/2/2025	1:05:25 PM	76.54172	76.60862	76.56081	76.55183	76.57989	76.56214	76.58398	76.51935	76.53862	76.76928	76.58196	76.56224	76.55209	76.54756
4/2/2025	1:05:29 PM	76.54220	76.60814	76.56088	76.55201	76.57981	76.56175	76.58399	76.51964	76.53869	76.76878	76.58155	76.56186	76.55212	76.54770
4/2/2025	1:05:32 PM	76.54184	76.60853	76.56063	76.55196	76.57962	76.56201	76.58392	76.51912	76.53833	76.76894	76.58108	76.56151	76.55160	76.54731
4/2/2025	1:05:36 PM	76.54134	76.60791	76.56018	76.55173	76.57943	76.56163	76.58355	76.51862	76.53792	76.76828	76.58091	76.56115	76.55167	76.54733
4/2/2025	1:05:39 PM	76.54110	76.60778	76.56032	76.55126	76.57939	76.56168	76.58365	76.51883	76.53818	76.76824	76.58082	76.56146	76.55127	76.54723
4/2/2025	1:05:43 PM	76.54158	76.60790	76.56047	76.55096	76.57941	76.56146	76.58346	76.51872	76.53809	76.76901	76.58123	76.56143	76.55151	76.54720
4/2/2025	1:05:46 PM	76.54156	76.60821	76.56013	76.55142	76.57964	76.56138	76.58349	76.51888	76.53857	76.76850	76.58105	76.56138	76.55154	76.54722
4/2/2025	1:05:50 PM	76.54129	76.60821	76.56037	76.55099	76.57940	76.56174	76.58343	76.51910	76.53786	76.76877	76.58094	76.56141	76.55162	76.54689
4/2/2025	1:05:54 PM	76.54133	76.60784	76.56005	76.55124	76.57915	76.56180	76.58338	76.51880	76.53853	76.76925	76.58084	76.56142	76.55151	76.54723
4/2/2025	1:05:57 PM	76.54130	76.60790	76.56044	76.55116	76.57930	76.56149	76.58360	76.51923	76.53807	76.76888	76.58163	76.56163	76.55166	76.54725
4/2/2025	1:06:01 PM	76.54141	76.60783	76.56042	76.55118	76.57923	76.56137	76.58309	76.51790	76.53718	76.76789	76.58056	76.56120	76.55117	76.54725
4/2/2025	1:06:04 PM	76.54116	76.60773	76.56011	76.55116	76.57918	76.56143	76.58355	76.51867	76.53813	76.76836	76.58080	76.56118	76.55138	76.54711
4/2/2025	1:06:08 PM	76.54113	76.60770	76.56006	76.55126	76.57877	76.56108	76.58339	76.51900	76.53819	76.76846	76.58100	76.56117	76.55135	76.54713
4/2/2025	1:06:12 PM	76.54106	76.60765	76.55993	76.55084	76.57896	76.56117	76.58329	76.51854	76.53775	76.76831	76.58061	76.56080	76.55094	76.54691
4/2/2025	1:06:15 PM	76.54101	76.60768	76.56038	76.55125	76.57884	76.56104	76.58307	76.51848	76.53782	76.76829	76.58064	76.56125	76.55119	76.54687
4/2/2025	1:06:19 PM	76.54070	76.60713	76.55971	76.55056	76.57879	76.56082	76.58271	76.51807	76.53715	76.76822	76.58035	76.56048	76.55073	76.54623
4/2/2025	1:06:22 PM	76.54084	76.60726	76.55962	76.55074	76.57891	76.56114	76.58251	76.51821	76.53775	76.76815	76.58105	76.56111	76.55167	76.54690
4/2/2025	1:06:26 PM	76.54116	76.60750	76.56017	76.55092	76.57884	76.56062	76.58274	76.51808	76.53748	76.76821	76.58032	76.56102	76.55100	76.54682
4/2/2025	1:06:30 PM	76.54080	76.60752	76.55963	76.55058	76.57841	76.56077	76.58263	76.51827	76.53740	76.76778	76.58031	76.56065	76.55111	76.54643
4/2/2025	1:06:33 PM	76.54086	76.60776	76.55952	76.55084	76.57877	76.56097	76.58320	76.51857	76.53752	76.76786	76.58080	76.56078	76.55076	76.54672
4/2/2025	1:06:37 PM	76.54065	76.60773	76.55986	76.55117	76.57849	76.56107	76.58281	76.51798	76.53728	76.76788	76.58046	76.56048	76.55117	76.54619
4/2/2025	1:06:40 PM	76.54040	76.60746	76.55944	76.55061	76.57852	76.56094	76.58281	76.51853	76.53766	76.76838	76.58066	76.56062	76.55084	76.54680
4/2/2025	1:06:44 PM	76.54087	76.60721	76.55967	76.55066	76.57880	76.56087	76.58288	76.51822	76.53728	76.76802	76.58043	76.56047	76.55098	76.54669
4/2/2025	1:06:48 PM	76.54052	76.60706	76.55952	76.55049	76.57875	76.56051	76.58290	76.51802	76.53722	76.76795	76.58049	76.56066	76.55085	76.54617
4/2/2025	1:06:51 PM	76.54010	76.60697	76.55959	76.55034	76.57818	76.56061	76.58251	76.51802	76.53708	76.76739	76.58007	76.56032	76.55027	76.54609
4/2/2025	1:06:55 PM	76.54026	76.60687	76.55952	76.55027	76.57838	76.56060	76.58250	76.51843	76.53721	76.76792	76.57994	76.56056	76.55071	76.54641
4/2/2025	1:06:58 PM	76.54027	76.60674	76.55930	76.55068	76.57852	76.56067	76.58272	76.51858	76.53738	76.76793	76.58005	76.56077	76.55061	76.54656
4/2/2025	1:07:02 PM	76.54034	76.60716	76.55930	76.55041	76.57821	76.56069	76.58241	76.51770	76.53711	76.76726	76.58001	76.56038	76.55037	76.54592
4/2/2025	1:07:06 PM	76.53956	76.60656	76.55897	76.54984	76.57768	76.55999	76.58197	76.51814	76.53675	76.76737	76.58003	76.55991	76.55074	76.54619
4/2/2025	1:07:09 PM	76.53997	76.60641	76.55886	76.54996	76.57806	76.56013	76.58184	76.51807	76.53682	76.76713	76.57992	76.56016	76.55022	76.54651
4/2/2025	1:07:13 PM	76.54020	76.60715	76.55934	76.55015	76.57835	76.56043	76.58236	76.51778	76.53706	76.76721	76.58003	76.56020	76.55050	76.54637
4/2/2025	1:07:16 PM	76.54000	76.60648	76.55908	76.54981	76.57821	76.56022	76.58207	76.51787	76.53669	76.76741	76.57980	76.55986	76.55026	76.54596
4/2/2025	1:07:20 PM	76.53978	76.60682	76.55918	76.54998	76.57780	76.56060	76.58212	76.51789	76.53670	76.76716	76.57969	76.56014	76.55044	76.54598
4/2/2025	1:07:23 PM	76.53978	76.60660	76.55914	76.55019	76.57774	76.56016	76.58179	76.51741	76.53678	76.76725	76.57964	76.56001	76.55039	76.54574
4/2/2025	1:07:27 PM	76.53964	76.60650	76.55893	76.55012	76.57792	76.56032	76.58190	76.51734	76.53673	76.76744	76.57995	76.56009	76.54993	76.54573
4/2/2025	1:07:31 PM	76.53974	76.60655	76.55867	76.54980	76.57749	76.55969	76.58170	76.51739	76.53632	76.76703	76.57971	76.55954	76.54982	76.54541
4/2/2025	1:07:34 PM	76.53909	76.60557	76.55827	76.54919	76.57724	76.55926	76.58151	76.51677	76.53630	76.76703	76.57911	76.55933	76.54983	76.54571
4/2/2025	1:07:38 PM	76.53946	76.60628	76.55880	76.54984	76.57754	76.55941	76.58173	76.51753	76.53632	76.76723	76.57933	76.55975	76.55008	76.54605
4/2/2025	1:07:41 PM	76.53969	76.60600	76.55891	76.54947	76.57739	76.55963	76.58140	76.51683	76.53612	76.76686	76.57952	76.55933	76.54998	76.54582
4/2/2025	1:07:45 PM	76.53942	76.60626	76.55863	76.54957	76.57769	76.55969	76.58150	76.51711	76.53630	76.76706	76.57941	76.55968	76.54977	76.54577
4/2/2025	1:07:49 PM	76.53952	76.60596	76.55852	76.54976	76.57769	76.55997	76.58180	76.51713	76.53598	76.76667	76.57894	76.55941	76.54989	76.54578
4/2/2025	1:07:52 PM	76.53956	76.60602	76.55849	76.54948	76.57756	76.55952	76.58152	76.51721	76.53620	76.76669	76.57914	76.55983	76.54979	76.54515
4/2/2025	1:07:56 PM	76.53909	76.60583	76.55787	76.54963	76.57753	76.55965	76.58127	76.51711	76.53598	76.76692	76.57893	76.55941	76.54999	76.54549
4/2/2025	1:07:59 PM	76.53918	76.60577	76.55845	76.54950	76.57707	76.55934	76.58137	76.51657	76.53560	76.76622	76.57884	76.55884	76.54939	76.54520
4/2/2025	1:08:03 PM	76.53854	76.60550	76.55812	76.54917	76.57705	76.55878	76.58087	76.51692	76.53592	76.76624	76.57906	76.55919	76.54947	76.54558
4/2/2025	1:08:07 PM	76.53937	76.60599	76.55842	76.54924	76.57702	76.55931	76.58141	76.51707	76.53580	76.76674	76.57910	76.55938	76.54962	76.54527
4/2/2025	1:08:10 PM	76.53879	76.60530	76.55790	76.54919	76.57699	76.55893	76.58106	76.51661	76.53575	76.76628	76.57888	76.55892	76.54972	76.54545
4/2/2025	1:08:14 PM	76.53922	76.60576	76.55826	76.54937	76.57739	76.55925	76.58120	76.51677	76.53567	76.76636	76.57893	76.55908	76.54945	76.54536
4/2/2025	1:08:17 PM	76.53896	76.60523	76.55795	76.54898	76.57700	76.55892	76.58096	76.51652	76.53536	76.76624	76.57871	76.55910	76.54931	76.54493
4/2/2025	1:08:21 PM	76.53829	76.60523	76.55785	76.54871	76.57734	76.55913	76.58117	76.51640	76.53578	76.76631	76.57867	76.55891	76.54936	76.54502
4/2/2025	1:08:25 PM	76.53889	76.60525	76.55839	76.54929	76.57703	76.55928	76.58143	76.51653	76.53578	76.76641	76.57871	76.55899	76.54912	76.54480
4/2/2025	1:08:28 PM	76.53862	76.60523	76.55795	76.54889	76.57660	76.55877	76.58065	76.51615	76.53547	76.76624	76.57880	76.55927	76.54949	76.54488
4/2/2025	1:08:32 PM	76.53931	76.60578	76.55847	76.54921	76.57734	76.55940	76.58115	76.51695	76.53561	76.76627	76.57879	76.55914	76.54915	76.54517
4/2/2025	1:08:35 PM	76.53905	76.60540	76.55828	76.54895	76.57682	76.55915	76.58097	76.51685	76.53594	76.76654	76.57907	76.55915	76.54987	76.54511
4/2/2025	1:08:39 PM	76.53850	76.60567	76.55829	76.54927	76.57729	76.55913	76.58122	76.51676	76.53543	76.76622	76.57871	76.55889	76.54943	76.54511
4/2/2025	1:08:43 PM	76.53851	76.60549	76.55808	76.54866	76.57712	76.55896	76.58092	76.51641	76.53559	76.76599	76.57872	76.55916	76.54949	76.54531
4/2/2025	1:08:46 PM	76.53877	76.60562	76.55814	76.54923	76.57696	76.55901	76.58113	76.51625	76.53573	76.76621	76.57902	76.55913	76.54928	76.54507
4/2/2025	1:08:50 PM	76.53893	76.60537	76.55854	76.54890	76.57679	76.55869	76.58103	76.51649	76.53552	76.76619	76.57878	76.55872	76.54910	76.54466
4/2/2025	1:08:53 PM	76.53834	76.60518	76.55776	76.54860	76.57685	76.55909	76.58099	76.51661	76.53539	76.76611	76.57834	76.55866	76.54881	76.54468
4/2/2025	1:08:57 PM	76.53841	76.60512	76.55752	76.54862	76.57679	76.55870	76.58063	76.51583	76.53517	76.76552	76.57847	76.55818	76.54874	76.54450
4/2/2025	1:09:01 PM	76.53804	76.60460	76.55773	76.54893	76.57675	76.55882	76.58086	76.51638	76.53493	76.76551	76.57819	76.55853	76.54906	76.54441
4/2/2025	1:09:04 PM	76.53813	76.60482	76.55726	76.54843	76.57619	76.55849	76.58040	76.51600	76.53491	76.76562	76.57763	76.55769	76.54824	76.54427
4/2/2025	1:09:08 PM	76.53770	76.60439	76.55675	76.54764	76.57594	76.55795	76.57998	76.51577	76.53460	76.76539	76.57782	76.55814	76.54782	76.54408
4/2/2025	1:09:12 PM	76.53739	76.60414	76.55669	76.54810	76.57607	76.55818	76.58011	76.51552	76.53499	76.76546	76.57805	76.55801	76.54844	76.54405
4/2/2025	1:09:15 PM	76.53753	76.60441	76.55713	76.54818	76.57604	76.55818	76.58058	76.51592	76.53444	76.76555	76.57798	76.55769	76.54807	76.54386
4/2/2025	1:09:19 PM	76.53781	76.60420	76.55699	76.54761	76.57615	76.55817	76.58021	76.51511	76.53443	76.76512	76.57741	76.55772	76.54802	76.54376
4/2/2025	1:09:22 PM	76.53743	76.60424	76.55700	76.54762	76.57577	76.55769	76.57930	76.51457	76.53395	76.76439	76.57735	76.55727	76.54761	76.54368
4/2/2025	1:09:26 PM	76.53792	76.60437	76.55729	76.54772	76.57574	76.55787	76.57971	76.51547	76.53433	76.76508	76.57770	76.55780	76.54820	76.54363
4/2/2025	1:09:29 PM	76.53766	76.60397	76.55689	76.54784	76.57588	76.55818	76.57998	76.51557	76.53419	76.76499	76.57793	76.55753	76.54826	76.54428
4/2/2025	1:09:33 PM	76.53765	76.60424	76.55726	76.54784	76.57655	76.55834	76.58063	76.51582	76.53439	76.76537	76.57792	76.55809	76.54880	76.54432
4/2/2025	1:09:37 PM	76.53782	76.60422	76.55732	76.54832	76.57598	76.55825	76.58005	76.51548	76.53432	76.76534	76.57813	76.55772	76.54836	76.54409
4/2/2025	1:09:40 PM	76.53769	76.60375	76.55684	76.54826	76.57610	76.55817	76.57973	76.51538	76.53457	76.76515	76.57747	76.55767	76.54813	76.54356
4/2/2025	1:09:44 PM	76.53744	76.60367	76.55668	76.54764	76.57551	76.55797	76.58002	76.51551	76.53469	76.76512	76.57761	76.55768	76.54817	76.54406
4/2/2025	1:09:47 PM	76.53724	76.60390	76.55677	76.54752	76.57578	76.55803	76.57953	76.51528	76.53408	76.76502	76.57737	76.55812	76.54841	76.54397
4/2/2025	1:09:51 PM	76.53754	76.60396	76.55680	76.54819	76.57571	76.55804	76.58033	76.51618	76.53431	76.76484	76.57770	76.55816	76.54852	76.54426
4/2/2025	1:09:54 PM	76.53725	76.60422	76.55675	76.54799	76.57572	76.55786	76.57963	76.51496	76.53424	76.76507	76.57748	76.55785	76.54825	76.54365
4/2/2025	1:09:58 PM	76.53734	76.60380	76.55678	76.54800	76.57587	76.55786	76.58004	76.51513	76.53464	76.76526	76.57815	76.55777	76.54814	76.54412
4/2/2025	1:10:02 PM	76.53794	76.60406	76.55712	76.54804	76.57567	76.55772	76.57969	76.51510	76.53404	76.76494	76.57780	76.55747	76.54781	76.54354
4/2/2025	1:10:05 PM	76.53729	76.60369	76.55686	76.54721	76.57591	76.55753	76.57958	76.51507	76.53367	76.76491	76.57743	76.55706	76.54808	76.54334
4/2/2025	1:10:09 PM	76.53678	76.60334	76.55660	76.54723	76.57560	76.55764	76.57936	76.51524	76.53389	76.76465	76.57694	76.55709	76.54777	76.54393
4/2/2025	1:10:12 PM	76.53710	76.60356	76.55571	76.54719	76.57555	76.55739	76.57902	76.51511	76.53400	76.76483	76.57740	76.55739	76.54768	76.54321
4/2/2025	1:10:16 PM	76.53703	76.60332	76.55659	76.54712	76.57563	76.55730	76.57952	76.51474	76.53393	76.76483	76.57720	76.55702	76.54764	76.54351
4/2/2025	1:10:19 PM	76.53685	76.60341	76.55653	76.54724	76.57566	76.55740	76.57924	76.51476	76.53377	76.76460	76.57697	76.55710	76.54800	76.54359
4/2/2025	1:10:23 PM	76.53692	76.60391	76.55699	76.54741	76.57552	76.55744	76.57925	76.51460	76.53403	76.76460	76.57694	76.55718	76.54774	76.54348
4/2/2025	1:10:26 PM	76.53707	76.60299	76.55630	76.54730	76.57532	76.55748	76.57910	76.51529	76.53368	76.76468	76.57730	76.55714	76.54779	76.54324
4/2/2025	1:10:30 PM	76.53714	76.60336	76.55613	76.54704	76.57514	76.55680	76.57934	76.51465	76.53350	76.76417	76.57669	76.55658	76.54728	76.54314
4/2/2025	1:10:33 PM	76.53651	76.60287	76.55566	76.54666	76.57511	76.55713	76.57894	76.51446	76.53364	76.76416	76.57667	76.55649	76.54753	76.54302
4/2/2025	1:10:37 PM	76.53677	76.60317	76.55598	76.54655	76.57503	76.55711	76.57907	76.51439	76.53345	76.76423	76.57710	76.55699	76.54727	76.54296
4/2/2025	1:10:41 PM	76.53686	76.60285	76.55608	76.54657	76.57474	76.55726	76.57877	76.51432	76.53334	76.76425	76.57630	76.55675	76.54704	76.54279
4/2/2025	1:10:44 PM	76.53627	76.60270	76.55558	76.54665	76.57481	76.55708	76.57853	76.51398	76.53320	76.76368	76.57646	76.55617	76.54724	76.54257
4/2/2025	1:10:48 PM	76.53635	76.60258	76.55565	76.54628	76.57426	76.55653	76.57840	76.51410	76.53292	76.76382	76.57607	76.55636	76.54675	76.54262
4/2/2025	1:10:51 PM	76.53590	76.60194	76.55504	76.54605	76.57411	76.55595	76.57790	76.51349	76.53248	76.76328	76.57569	76.55592	76.54630	76.54226
4/2/2025	1:10:55 PM	76.53569	76.60226	76.55517	76.54590	76.57381	76.55606	76.57831	76.51404	76.53274	76.76324	76.57589	76.55578	76.54657	76.54222
4/2/2025	1:10:59 PM	76.53544	76.60203	76.55501	76.54630	76.57428	76.55591	76.57799	76.51369	76.53220	76.76341	76.57627	76.55631	76.54633	76.54227
4/2/2025	1:11:02 PM	76.53572	76.60237	76.55527	76.54644	76.57473	76.55645	76.57833	76.51396	76.53254	76.76378	76.57599	76.55592	76.54614	76.54214
4/2/2025	1:11:06 PM	76.53568	76.60216	76.55504	76.54579	76.57390	76.55588	76.57787	76.51302	76.53198	76.76327	76.57586	76.55590	76.54624	76.54201
4/2/2025	1:11:09 PM	76.53577	76.60200	76.55505	76.54597	76.57472	76.55669	76.57852	76.51403	76.53294	76.76340	76.57619	76.55631	76.54678	76.54248
4/2/2025	1:11:13 PM	76.53586	76.60215	76.55509	76.54601	76.57414	76.55626	76.57800	76.51371	76.53261	76.76357	76.57616	76.55585	76.54609	76.54219
4/2/2025	1:11:17 PM	76.53570	76.60193	76.55523	76.54606	76.57437	76.55619	76.57791	76.51374	76.53275	76.76383	76.57627	76.55619	76.54614	76.54214
4/2/2025	1:11:20 PM	76.53587	76.60235	76.55476	76.54586	76.57387	76.55563	76.57778	76.51328	76.53221	76.76323	76.57597	76.55580	76.54605	76.54198
4/2/2025	1:11:24 PM	76.53570	76.60190	76.55485	76.54595	76.57456	76.55603	76.57816	76.51360	76.53251	76.76331	76.57602	76.55544	76.54633	76.54216
4/2/2025	1:11:27 PM	76.53519	76.60201	76.55473	76.54586	76.57408	76.55573	76.57808	76.51344	76.53234	76.76320	76.57575	76.55589	76.54615	76.54155
4/2/2025	1:11:31 PM	76.53575	76.60193	76.55514	76.54589	76.57416	76.55574	76.57783	76.51353	76.53237	76.76289	76.57561	76.55567	76.54589	76.54187
4/2/2025	1:11:34 PM	76.53566	76.60182	76.55463	76.54578	76.57416	76.55590	76.57762	76.51291	76.53215	76.76297	76.57545	76.55536	76.54588	76.54147
4/2/2025	1:11:38 PM	76.53554	76.60123	76.55476	76.54562	76.57397	76.55621	76.57792	76.51320	76.53185	76.76290	76.57568	76.55532	76.54571	76.54211
4/2/2025	1:11:42 PM	76.53538	76.60168	76.55486	76.54557	76.57408	76.55613	76.57804	76.51332	76.53232	76.76313	76.57580	76.55577	76.54589	76.54171
4/2/2025	1:11:45 PM	76.53529	76.60174	76.55452	76.54517	76.57346	76.55537	76.57743	76.51330	76.53179	76.76297	76.57528	76.55529	76.54614	76.54140
4/2/2025	1:11:49 PM	76.53508	76.60163	76.55450	76.54540	76.57344	76.55588	76.57747	76.51296	76.53236	76.76253	76.57548	76.55537	76.54569	76.54124
4/2/2025	1:11:52 PM	76.53479	76.60124	76.55439	76.54550	76.57390	76.55558	76.57777	76.51293	76.53167	76.76252	76.57552	76.55502	76.54584	76.54188
4/2/2025	1:11:56 PM	76.53487	76.60138	76.55482	76.54534	76.57374	76.55569	76.57806	76.51299	76.53193	76.76297	76.57549	76.55522	76.54596	76.54182
4/2/2025	1:12:00 PM	76.53492	76.60126	76.55467	76.54559	76.57351	76.55581	76.57733	76.51314	76.53193	76.76247	76.57546	76.55532	76.54579	76.54143
4/2/2025	1:12:03 PM	76.53469	76.60140	76.55416	76.54546	76.57390	76.55592	76.57790	76.51285	76.53218	76.76258	76.57531	76.55506	76.54558	76.54155
4/2/2025	1:12:07 PM	76.53493	76.60118	76.55427	76.54520	76.57346	76.55540	76.57750	76.51320	76.53185	76.76216	76.57497	76.55480	76.54557	76.54118
4/2/2025	1:12:10 PM	76.53458	76.60071	76.55401	76.54468	76.57337	76.55538	76.57759	76.51301	76.53171	76.76284	76.57541	76.55551	76.54601	76.54132
4/2/2025	1:12:14 PM	76.53478	76.60107	76.55452	76.54505	76.57340	76.55548	76.57725	76.51303	76.53164	76.76224	76.57504	76.55485	76.54524	76.54068
4/2/2025	1:12:18 PM	76.53443	76.60123	76.55407	76.54508	76.57333	76.55531	76.57723	76.51283	76.53137	76.76253	76.57487	76.55491	76.54510	76.54108
4/2/2025	1:12:21 PM	76.53472	76.60117	76.55413	76.54509	76.57347	76.55506	76.57723	76.51240	76.53165	76.76255	76.57493	76.55480	76.54535	76.54107
4/2/2025	1:12:25 PM	76.53475	76.60134	76.55424	76.54542	76.57337	76.55526	76.57743	76.51278	76.53176	76.76291	76.57540	76.55524	76.54549	76.54131
4/2/2025	1:12:28 PM	76.53434	76.60091	76.55408	76.54505	76.57335	76.55519	76.57696	76.51258	76.53139	76.76197	76.57481	76.55484	76.54497	76.54096
4/2/2025	1:12:32 PM	76.53427	76.60104	76.55422	76.54489	76.57297	76.55533	76.57701	76.51245	76.53201	76.76307	76.57490	76.55455	76.54551	76.54082
4/2/2025	1:12:36 PM	76.53453	76.60080	76.55402	76.54491	76.57325	76.55489	76.57702	76.51283	76.53175	76.76250	76.57575	76.55510	76.54518	76.54152
4/2/2025	1:12:39 PM	76.53470	76.60059	76.55385	76.54464	76.57288	76.55524	76.57658	76.51248	76.53123	76.76199	76.57512	76.55489	76.54551	76.54084
4/2/2025	1:12:43 PM	76.53424	76.60050	76.55364	76.54476	76.57298	76.55477	76.57663	76.51244	76.53105	76.76227	76.57463	76.55451	76.54521	76.54053
4/2/2025	1:12:46 PM	76.53412	76.60021	76.55359	76.54450	76.57240	76.55427	76.57646	76.51215	76.53094	76.76151	76.57447	76.55429	76.54489	76.54095
4/2/2025	1:12:50 PM	76.53414	76.60035	76.55355	76.54438	76.57283	76.55508	76.57694	76.51224	76.53083	76.76176	76.57427	76.55412	76.54482	76.54037
4/2/2025	1:12:54 PM	76.53400	76.59982	76.55360	76.54430	76.57283	76.55443	76.57640	76.51186	76.53046	76.76152	76.57400	76.55425	76.54461	76.54028
4/2/2025	1:12:57 PM	76.53418	76.60010	76.55333	76.54405	76.57214	76.55406	76.57644	76.51200	76.53043	76.76148	76.57412	76.55378	76.54486	76.54079
4/2/2025	1:13:01 PM	76.53370	76.60012	76.55337	76.54412	76.57228	76.55436	76.57666	76.51178	76.53048	76.76174	76.57425	76.55432	76.54468	76.54022
4/2/2025	1:13:04 PM	76.53370	76.59962	76.55308	76.54440	76.57231	76.55428	76.57611	76.51159	76.53066	76.76151	76.57408	76.55401	76.54421	76.54018
4/2/2025	1:13:08 PM	76.53422	76.60019	76.55335	76.54413	76.57260	76.55464	76.57613	76.51156	76.53059	76.76141	76.57419	76.55411	76.54468	76.54008
4/2/2025	1:13:11 PM	76.53373	76.59992	76.55336	76.54420	76.57232	76.55452	76.57626	76.51171	76.53074	76.76151	76.57389	76.55445	76.54456	76.54036
4/2/2025	1:13:15 PM	76.53397	76.59970	76.55297	76.54381	76.57246	76.55406	76.57601	76.51139	76.53020	76.76114	76.57376	76.55346	76.54419	76.53998
4/2/2025	1:13:19 PM	76.53347	76.59934	76.55303	76.54366	76.57197	76.55389	76.57572	76.51150	76.53029	76.76103	76.57391	76.55329	76.54407	76.53995
4/2/2025	1:13:22 PM	76.53377	76.59930	76.55276	76.54388	76.57242	76.55383	76.57571	76.51160	76.53015	76.76099	76.57371	76.55344	76.54397	76.53977
4/2/2025	1:13:26 PM	76.53324	76.59906	76.55253	76.54382	76.57199	76.55374	76.57553	76.51125	76.52985	76.76109	76.57339	76.55357	76.54365	76.53976
4/2/2025	1:13:29 PM	76.53345	76.59890	76.55281	76.54353	76.57184	76.55346	76.57544	76.51107	76.53009	76.76106	76.57376	76.55394	76.54407	76.53992
4/2/2025	1:13:33 PM	76.53339	76.59938	76.55296	76.54355	76.57193	76.55345	76.57567	76.51127	76.53020	76.76062	76.57340	76.55321	76.54436	76.53986
4/2/2025	1:13:36 PM	76.53347	76.59898	76.55291	76.54358	76.57179	76.55348	76.57530	76.51102	76.52980	76.76072	76.57333	76.55338	76.54407	76.53967
4/2/2025	1:13:40 PM	76.53329	76.59931	76.55290	76.54366	76.57182	76.55391	76.57590	76.51098	76.53009	76.76107	76.57368	76.55343	76.54351	76.53927
4/2/2025	1:13:44 PM	76.53300	76.59961	76.55283	76.54366	76.57200	76.55365	76.57546	76.51115	76.52987	76.76070	76.57338	76.55322	76.54390	76.53966
4/2/2025	1:13:47 PM	76.53292	76.59891	76.55267	76.54344	76.57186	76.55385	76.57575	76.51094	76.52969	76.76101	76.57327	76.55370	76.54374	76.53958
4/2/2025	1:13:51 PM	76.53336	76.59900	76.55249	76.54339	76.57225	76.55342	76.57573	76.51096	76.52988	76.76108	76.57334	76.55354	76.54375	76.53957
4/2/2025	1:13:54 PM	76.53312	76.59883	76.55220	76.54311	76.57152	76.55335	76.57525	76.51042	76.52956	76.76058	76.57310	76.55297	76.54349	76.53931
4/2/2025	1:13:58 PM	76.53274	76.59870	76.55258	76.54307	76.57180	76.55310	76.57537	76.51050	76.52956	76.76050	76.57268	76.55269	76.54329	76.53935
4/2/2025	1:14:02 PM	76.53260	76.59868	76.55247	76.54311	76.57139	76.55365	76.57529	76.51082	76.52953	76.76070	76.57314	76.55320	76.54313	76.53939
4/2/2025	1:14:05 PM	76.53284	76.59850	76.55203	76.54291	76.57102	76.55308	76.57503	76.51048	76.52947	76.76052	76.57299	76.55300	76.54332	76.53900
4/2/2025	1:14:09 PM	76.53259	76.59839	76.55197	76.54328	76.57127	76.55318	76.57531	76.51054	76.52949	76.76056	76.57303	76.55300	76.54358	76.53947
4/2/2025	1:14:12 PM	76.53248	76.59864	76.55226	76.54305	76.57131	76.55302	76.57534	76.51036	76.52952	76.76036	76.57316	76.55262	76.54331	76.53935
4/2/2025	1:14:16 PM	76.53298	76.59861	76.55237	76.54339	76.57157	76.55342	76.57519	76.51065	76.52959	76.76032	76.57297	76.55310	76.54340	76.53900
4/2/2025	1:14:20 PM	76.53275	76.59844	76.55219	76.54259	76.57104	76.55287	76.57456	76.51044	76.52913	76.76002	76.57281	76.55273	76.54315	76.53893
4/2/2025	1:14:23 PM	76.53224	76.59840	76.55190	76.54301	76.57144	76.55333	76.57497	76.51048	76.52959	76.76046	76.57349	76.55269	76.54304	76.53892
4/2/2025	1:14:27 PM	76.53233	76.59830	76.55199	76.54296	76.57130	76.55285	76.57494	76.51037	76.52885	76.76034	76.57255	76.55243	76.54302	76.53901
4/2/2025	1:14:30 PM	76.53227	76.59819	76.55154	76.54295	76.57110	76.55322	76.57514	76.51034	76.52925	76.75991	76.57248	76.55227	76.54279	76.53878
4/2/2025	1:14:34 PM	76.53212	76.59825	76.55160	76.54272	76.57105	76.55250	76.57465	76.51014	76.52870	76.75955	76.57230	76.55234	76.54257	76.53865
4/2/2025	1:14:37 PM	76.53242	76.59804	76.55187	76.54253	76.57100	76.55267	76.57479	76.51025	76.52893	76.75961	76.57249	76.55221	76.54221	76.53868
4/2/2025	1:14:41 PM	76.53232	76.59774	76.55158	76.54248	76.57072	76.55252	76.57462	76.51001	76.52879	76.76009	76.57238	76.55235	76.54296	76.53894
4/2/2025	1:14:45 PM	76.53219	76.59778	76.55156	76.54287	76.57094	76.55247	76.57473	76.51024	76.52890	76.76001	76.57244	76.55224	76.54257	76.53845
4/2/2025	1:14:48 PM	76.53238	76.59793	76.55164	76.54276	76.57107	76.55292	76.57493	76.51007	76.52928	76.76006	76.57267	76.55247	76.54293	76.53903
4/2/2025	1:14:52 PM	76.53248	76.59824	76.55198	76.54294	76.57162	76.55304	76.57492	76.51054	76.52920	76.76010	76.57289	76.55261	76.54335	76.53944
4/2/2025	1:14:55 PM	76.53223	76.59797	76.55242	76.54282	76.57134	76.55291	76.57503	76.51021	76.52882	76.76016	76.57252	76.55256	76.54320	76.53922
4/2/2025	1:14:59 PM	76.53232	76.59767	76.55188	76.54296	76.57124	76.55280	76.57480	76.51054	76.52912	76.76022	76.57307	76.55252	76.54249	76.53860
4/2/2025	1:15:03 PM	76.53238	76.59756	76.55159	76.54260	76.57115	76.55287	76.57483	76.50991	76.52877	76.75984	76.57252	76.55237	76.54309	76.53845
4/2/2025	1:15:06 PM	76.53217	76.59787	76.55161	76.54230	76.57076	76.55259	76.57446	76.51009	76.52890	76.76006	76.57258	76.55198	76.54255	76.53861
4/2/2025	1:15:10 PM	76.53193	76.59734	76.55152	76.54188	76.57041	76.55226	76.57424	76.50979	76.52868	76.75954	76.57242	76.55195	76.54279	76.53804
4/2/2025	1:15:13 PM	76.53176	76.59728	76.55117	76.54201	76.57069	76.55230	76.57429	76.50984	76.52834	76.75953	76.57219	76.55209	76.54254	76.53817
4/2/2025	1:15:17 PM	76.53175	76.59751	76.55133	76.54223	76.57070	76.55205	76.57413	76.50978	76.52848	76.75940	76.57227	76.55200	76.54232	76.53808
4/2/2025	1:15:21 PM	76.53153	76.59719	76.55133	76.54167	76.57064	76.55195	76.57410	76.50946	76.52799	76.75980	76.57176	76.55169	76.54259	76.53845
4/2/2025	1:15:24 PM	76.53180	76.59755	76.55115	76.54242	76.57068	76.55250	76.57418	76.50980	76.52861	76.75988	76.57248	76.55216	76.54221	76.53835
4/2/2025	1:15:28 PM	76.53224	76.59741	76.55144	76.54228	76.57040	76.55232	76.57412	76.50980	76.52835	76.76000	76.57216	76.55189	76.54269	76.53845
4/2/2025	1:15:31 PM	76.53191	76.59736	76.55137	76.54235	76.57046	76.55216	76.57413	76.50990	76.52829	76.75940	76.57184	76.55166	76.54246	76.53805
4/2/2025	1:15:35 PM	76.53185	76.59758	76.55137	76.54249	76.57085	76.55273	76.57394	76.50986	76.52841	76.75933	76.57183	76.55204	76.54225	76.53762
4/2/2025	1:15:39 PM	76.53155	76.59715	76.55103	76.54242	76.57070	76.55247	76.57435	76.50956	76.52821	76.75958	76.57226	76.55208	76.54217	76.53783
4/2/2025	1:15:42 PM	76.53133	76.59735	76.55114	76.54241	76.57014	76.55226	76.57396	76.50940	76.52801	76.75941	76.57154	76.55146	76.54200	76.53800
4/2/2025	1:15:46 PM	76.53116	76.59700	76.55065	76.54173	76.57005	76.55189	76.57387	76.50958	76.52822	76.75906	76.57201	76.55163	76.54206	76.53789
4/2/2025	1:15:49 PM	76.53127	76.59691	76.55083	76.54163	76.57010	76.55168	76.57410	76.50934	76.52802	76.75894	76.57172	76.55151	76.54201	76.53755
4/2/2025	1:15:53 PM	76.53165	76.59736	76.55084	76.54173	76.57016	76.55170	76.57399	76.50921	76.52783	76.75896	76.57159	76.55123	76.54191	76.53778
4/2/2025	1:15:57 PM	76.53130	76.59722	76.55095	76.54171	76.57013	76.55166	76.57361	76.50900	76.52806	76.75895	76.57179	76.55182	76.54217	76.53815
4/2/2025	1:16:00 PM	76.53147	76.59730	76.55081	76.54163	76.56991	76.55190	76.57452	76.50960	76.52855	76.75948	76.57218	76.55174	76.54220	76.53768
4/2/2025	1:16:04 PM	76.53114	76.59698	76.55117	76.54190	76.57037	76.55209	76.57389	76.50912	76.52795	76.75899	76.57185	76.55170	76.54190	76.53799
4/2/2025	1:16:07 PM	76.53122	76.59704	76.55059	76.54152	76.57004	76.55170	76.57360	76.50960	76.52784	76.75885	76.57186	76.55171	76.54177	76.53767
4/2/2025	1:16:11 PM	76.53145	76.59720	76.55084	76.54164	76.56990	76.55186	76.57383	76.50911	76.52785	76.75880	76.57167	76.55145	76.54198	76.53792
4/2/2025	1:16:14 PM	76.53113	76.59699	76.55089	76.54187	76.57020	76.55202	76.57386	76.50912	76.52810	76.75908	76.57148	76.55148	76.54194	76.53751
4/2/2025	1:16:18 PM	76.53106	76.59638	76.55042	76.54152	76.56997	76.55142	76.57363	76.50942	76.52788	76.75920	76.57165	76.55189	76.54207	76.53757
4/2/2025	1:16:22 PM	76.53131	76.59658	76.55056	76.54188	76.57039	76.55193	76.57339	76.50896	76.52806	76.75903	76.57153	76.55166	76.54201	76.53760
4/2/2025	1:16:25 PM	76.53153	76.59704	76.55104	76.54166	76.57017	76.55184	76.57349	76.50919	76.52772	76.75882	76.57156	76.55140	76.54200	76.53802
4/2/2025	1:16:29 PM	76.53122	76.59716	76.55073	76.54198	76.57052	76.55184	76.57391	76.50915	76.52760	76.75894	76.57133	76.55117	76.54146	76.53764
4/2/2025	1:16:32 PM	76.53120	76.59656	76.55050	76.54178	76.56995	76.55167	76.57363	76.50897	76.52765	76.75866	76.57138	76.55177	76.54145	76.53742
4/2/2025	1:16:36 PM	76.53094	76.59676	76.55046	76.54132	76.57023	76.55161	76.57351	76.50905	76.52738	76.75868	76.57139	76.55097	76.54163	76.53732
4/2/2025	1:16:40 PM	76.53060	76.59667	76.55035	76.54122	76.56987	76.55109	76.57320	76.50885	76.52782	76.75864	76.57156	76.55114	76.54134	76.53714
4/2/2025	1:16:43 PM	76.53091	76.59654	76.55043	76.54129	76.56975	76.55111	76.57342	76.50888	76.52743	76.75882	76.57126	76.55096	76.54133	76.53736
4/2/2025	1:16:47 PM	76.53099	76.59661	76.55009	76.54135	76.56988	76.55114	76.57320	76.50867	76.52727	76.75859	76.57074	76.55071	76.54105	76.53745
4/2/2025	1:16:50 PM	76.53100	76.59635	76.54994	76.54125	76.56993	76.55151	76.57344	76.50899	76.52770	76.75881	76.57144	76.55136	76.54128	76.53732
4/2/2025	1:16:54 PM	76.53050	76.59644	76.55021	76.54143	76.56945	76.55145	76.57332	76.50871	76.52703	76.75828	76.57097	76.55057	76.54146	76.53692
4/2/2025	1:16:57 PM	76.53084	76.59642	76.55026	76.54090	76.57002	76.55142	76.57318	76.50859	76.52757	76.75846	76.57104	76.55098	76.54116	76.53695
4/2/2025	1:17:01 PM	76.53040	76.59601	76.55033	76.54139	76.56977	76.55125	76.57300	76.50847	76.52743	76.75824	76.57111	76.55081	76.54101	76.53699
4/2/2025	1:17:04 PM	76.53085	76.59625	76.55042	76.54140	76.56982	76.55142	76.57311	76.50895	76.52751	76.75868	76.57154	76.55104	76.54104	76.53678
4/2/2025	1:17:08 PM	76.53076	76.59609	76.55015	76.54119	76.56952	76.55108	76.57300	76.50834	76.52714	76.75846	76.57088	76.55085	76.54125	76.53683
4/2/2025	1:17:12 PM	76.53070	76.59620	76.55030	76.54119	76.56985	76.55142	76.57311	76.50860	76.52710	76.75847	76.57091	76.55086	76.54090	76.53666
4/2/2025	1:17:15 PM	76.53009	76.59565	76.55007	76.54078	76.56931	76.55117	76.57277	76.50811	76.52668	76.75780	76.57036	76.55070	76.54070	76.53651
4/2/2025	1:17:19 PM	76.52977	76.59606	76.54976	76.54061	76.56961	76.55097	76.57304	76.50818	76.52713	76.75848	76.57107	76.55055	76.54093	76.53663
4/2/2025	1:17:22 PM	76.53044	76.59602	76.54998	76.54092	76.56955	76.55131	76.57318	76.50856	76.52694	76.75812	76.57094	76.55095	76.54064	76.53715
4/2/2025	1:17:26 PM	76.53043	76.59577	76.54984	76.54077	76.56947	76.55090	76.57272	76.50804	76.52629	76.75777	76.57006	76.55038	76.54063	76.53653
4/2/2025	1:17:30 PM	76.53010	76.59563	76.54974	76.54101	76.56926	76.55125	76.57287	76.50877	76.52715	76.75814	76.57080	76.55071	76.54114	76.53717
4/2/2025	1:17:33 PM	76.53064	76.59622	76.55002	76.54076	76.56960	76.55138	76.57308	76.50846	76.52742	76.75848	76.57110	76.55063	76.54098	76.53719
4/2/2025	1:17:37 PM	76.53050	76.59612	76.55008	76.54105	76.56971	76.55100	76.57307	76.50870	76.52693	76.75795	76.57050	76.55077	76.54117	76.53693
4/2/2025	1:17:40 PM	76.53032	76.59630	76.55045	76.54113	76.56943	76.55105	76.57328	76.50843	76.52733	76.75838	76.57109	76.55087	76.54118	76.53701
4/2/2025	1:17:44 PM	76.53029	76.59648	76.54986	76.54082	76.56946	76.55137	76.57289	76.50839	76.52651	76.75791	76.57064	76.55053	76.54058	76.53667
4/2/2025	1:17:48 PM	76.53013	76.59540	76.54933	76.54021	76.56892	76.55027	76.57259	76.50778	76.52616	76.75783	76.57038	76.55041	76.54042	76.53661
4/2/2025	1:17:51 PM	76.52998	76.59510	76.54918	76.54019	76.56901	76.55049	76.57221	76.50742	76.52636	76.75765	76.57023	76.55024	76.54082	76.53658
4/2/2025	1:17:55 PM	76.52986	76.59600	76.54956	76.54093	76.56935	76.55068	76.57285	76.50838	76.52726	76.75826	76.57078	76.55072	76.54058	76.53662
4/2/2025	1:17:58 PM	76.52970	76.59560	76.54960	76.54056	76.56922	76.55071	76.57232	76.50816	76.52669	76.75807	76.57122	76.55060	76.54026	76.53619
4/2/2025	1:18:02 PM	76.53004	76.59553	76.54984	76.54075	76.56927	76.55052	76.57238	76.50828	76.52663	76.75840	76.57006	76.55031	76.54089	76.53668
4/2/2025	1:18:06 PM	76.52999	76.59493	76.54957	76.53992	76.56868	76.55057	76.57221	76.50767	76.52611	76.75732	76.57020	76.55043	76.54059	76.53645
4/2/2025	1:18:09 PM	76.52948	76.59523	76.54933	76.54037	76.56872	76.55042	76.57194	76.50710	76.52616	76.75752	76.57031	76.54975	76.54026	76.53606
4/2/2025	1:18:13 PM	76.52892	76.59459	76.54884	76.54024	76.56880	76.55018	76.57229	76.50754	76.52595	76.75712	76.56976	76.54999	76.54021	76.53626
4/2/2025	1:18:16 PM	76.52915	76.59484	76.54891	76.53993	76.56853	76.54995	76.57184	76.50767	76.52635	76.75746	76.56973	76.55031	76.53991	76.53615
4/2/2025	1:18:20 PM	76.52911	76.59468	76.54901	76.54017	76.56869	76.54987	76.57165	76.50776	76.52592	76.75696	76.57002	76.54966	76.53978	76.53556
4/2/2025	1:18:24 PM	76.52864	76.59461	76.54909	76.54019	76.56854	76.54980	76.57232	76.50779	76.52637	76.75713	76.56981	76.54938	76.54006	76.53599
4/2/2025	1:18:27 PM	76.52957	76.59466	76.54903	76.53987	76.56858	76.54997	76.57169	76.50720	76.52581	76.75694	76.56962	76.54929	76.53973	76.53579
4/2/2025	1:18:31 PM	76.52879	76.59449	76.54874	76.53945	76.56825	76.54983	76.57153	76.50708	76.52599	76.75701	76.56957	76.54914	76.53989	76.53551
4/2/2025	1:18:34 PM	76.52891	76.59450	76.54876	76.53998	76.56828	76.55012	76.57188	76.50753	76.52600	76.75734	76.56993	76.55006	76.53980	76.53561
4/2/2025	1:18:38 PM	76.52899	76.59453	76.54872	76.53978	76.56781	76.54971	76.57134	76.50680	76.52545	76.75666	76.56930	76.54958	76.53960	76.53586
4/2/2025	1:18:42 PM	76.52891	76.59480	76.54851	76.53962	76.56833	76.54983	76.57158	76.50705	76.52593	76.75683	76.56958	76.54929	76.54002	76.53588
4/2/2025	1:18:45 PM	76.52907	76.59444	76.54904	76.53992	76.56836	76.55014	76.57179	76.50723	76.52552	76.75723	76.56979	76.54942	76.53974	76.53560
4/2/2025	1:18:49 PM	76.52915	76.59454	76.54846	76.53964	76.56823	76.54973	76.57164	76.50731	76.52565	76.75704	76.56984	76.54984	76.54003	76.53593
4/2/2025	1:18:52 PM	76.52915	76.59496	76.54903	76.54045	76.56847	76.54989	76.57159	76.50745	76.52590	76.75683	76.56992	76.54963	76.53988	76.53569
4/2/2025	1:18:56 PM	76.52861	76.59449	76.54869	76.53960	76.56806	76.54922	76.57146	76.50706	76.52542	76.75668	76.56959	76.54946	76.53984	76.53523
4/2/2025	1:19:00 PM	76.52897	76.59465	76.54877	76.53972	76.56812	76.54949	76.57179	76.50720	76.52630	76.75698	76.56978	76.55005	76.53998	76.53583
4/2/2025	1:19:03 PM	76.52941	76.59486	76.54870	76.54000	76.56865	76.54979	76.57203	76.50728	76.52571	76.75684	76.56959	76.54954	76.53983	76.53565
4/2/2025	1:19:07 PM	76.52896	76.59444	76.54869	76.53983	76.56814	76.54970	76.57171	76.50715	76.52565	76.75696	76.57005	76.54947	76.53962	76.53529
4/2/2025	1:19:10 PM	76.52886	76.59457	76.54910	76.53977	76.56837	76.54958	76.57173	76.50729	76.52574	76.75668	76.56923	76.54913	76.53951	76.53489
4/2/2025	1:19:14 PM	76.52855	76.59452	76.54838	76.53916	76.56864	76.54999	76.57183	76.50714	76.52588	76.75664	76.56961	76.54897	76.53946	76.53535
4/2/2025	1:19:18 PM	76.52862	76.59400	76.54871	76.53960	76.56795	76.54944	76.57116	76.50716	76.52524	76.75642	76.56897	76.54907	76.53902	76.53474
4/2/2025	1:19:21 PM	76.52878	76.59438	76.54856	76.53970	76.56811	76.54936	76.57165	76.50689	76.52554	76.75648	76.56940	76.54898	76.53929	76.53475
4/2/2025	1:19:25 PM	76.52878	76.59431	76.54878	76.53937	76.56767	76.54945	76.57165	76.50669	76.52541	76.75667	76.56908	76.54892	76.53906	76.53452
4/2/2025	1:19:28 PM	76.52823	76.59342	76.54781	76.53889	76.56729	76.54900	76.57084	76.50658	76.52542	76.75668	76.56953	76.54887	76.53950	76.53504
4/2/2025	1:19:32 PM	76.52880	76.59445	76.54845	76.53950	76.56787	76.54943	76.57126	76.50651	76.52553	76.75644	76.56920	76.54947	76.53952	76.53551
4/2/2025	1:19:36 PM	76.52863	76.59438	76.54802	76.53922	76.56845	76.54952	76.57156	76.50682	76.52546	76.75637	76.56915	76.54886	76.53923	76.53479
4/2/2025	1:19:39 PM	76.52864	76.59384	76.54833	76.53937	76.56772	76.54932	76.57106	76.50687	76.52526	76.75680	76.56950	76.54926	76.53915	76.53523
4/2/2025	1:19:43 PM	76.52840	76.59366	76.54810	76.53916	76.56763	76.54937	76.57167	76.50683	76.52585	76.75659	76.56933	76.54923	76.53930	76.53508
4/2/2025	1:19:46 PM	76.52891	76.59420	76.54830	76.54016	76.56850	76.54948	76.57169	76.50677	76.52524	76.75681	76.56932	76.54938	76.53940	76.53525
4/2/2025	1:19:50 PM	76.52877	76.59421	76.54831	76.53974	76.56833	76.55003	76.57164	76.50718	76.52529	76.75687	76.56933	76.54907	76.53886	76.53473
4/2/2025	1:19:53 PM	76.52869	76.59398	76.54840	76.53938	76.56798	76.54930	76.57126	76.50651	76.52524	76.75669	76.56892	76.54906	76.53924	76.53540
4/2/2025	1:19:57 PM	76.52911	76.59331	76.54809	76.53918	76.56799	76.54967	76.57134	76.50638	76.52511	76.75644	76.56904	76.54848	76.53887	76.53458
4/2/2025	1:20:01 PM	76.52840	76.59378	76.54801	76.53927	76.56757	76.54933	76.57100	76.50624	76.52469	76.75599	76.56876	76.54843	76.53882	76.53466
4/2/2025	1:20:04 PM	76.52842	76.59391	76.54796	76.53878	76.56761	76.54926	76.57076	76.50671	76.52477	76.75605	76.56876	76.54848	76.53854	76.53462
4/2/2025	1:20:08 PM	76.52804	76.59329	76.54763	76.53861	76.56729	76.54862	76.57054	76.50655	76.52480	76.75617	76.56857	76.54839	76.53880	76.53435
4/2/2025	1:20:11 PM	76.52833	76.59337	76.54797	76.53893	76.56764	76.54868	76.57108	76.50655	76.52501	76.75613	76.56852	76.54889	76.53878	76.53484
4/2/2025	1:20:15 PM	76.52857	76.59354	76.54821	76.53897	76.56795	76.54915	76.57027	76.50602	76.52434	76.75600	76.56869	76.54814	76.53857	76.53450
4/2/2025	1:20:19 PM	76.52786	76.59309	76.54738	76.53838	76.56769	76.54851	76.57074	76.50651	76.52463	76.75557	76.56858	76.54868	76.53862	76.53480
4/2/2025	1:20:22 PM	76.52809	76.59337	76.54780	76.53865	76.56760	76.54900	76.57108	76.50619	76.52489	76.75609	76.56861	76.54864	76.53891	76.53443
4/2/2025	1:20:26 PM	76.52813	76.59325	76.54757	76.53889	76.56710	76.54898	76.57086	76.50659	76.52491	76.75632	76.56858	76.54843	76.53856	76.53435
4/2/2025	1:20:29 PM	76.52801	76.59340	76.54770	76.53902	76.56748	76.54892	76.57075	76.50624	76.52464	76.75588	76.56904	76.54848	76.53856	76.53438
4/2/2025	1:20:33 PM	76.52764	76.59268	76.54750	76.53891	76.56755	76.54899	76.57079	76.50583	76.52449	76.75589	76.56841	76.54821	76.53838	76.53435
4/2/2025	1:20:37 PM	76.52782	76.59262	76.54717	76.53811	76.56705	76.54821	76.56998	76.50600	76.52435	76.75535	76.56825	76.54768	76.53812	76.53442
4/2/2025	1:20:40 PM	76.52758	76.59283	76.54680	76.53869	76.56732	76.54866	76.57046	76.50612	76.52452	76.75566	76.56820	76.54799	76.53832	76.53425
4/2/2025	1:20:44 PM	76.52792	76.59313	76.54737	76.53847	76.56734	76.54875	76.57031	76.50585	76.52444	76.75575	76.56834	76.54795	76.53814	76.53406
4/2/2025	1:20:47 PM	76.52763	76.59342	76.54730	76.53850	76.56711	76.54841	76.57040	76.50575	76.52445	76.75578	76.56866	76.54821	76.53813	76.53432
4/2/2025	1:20:51 PM	76.52854	76.59350	76.54805	76.53884	76.56756	76.54904	76.57035	76.50550	76.52445	76.75555	76.56836	76.54790	76.53834	76.53396
4/2/2025	1:20:55 PM	76.52766	76.59291	76.54781	76.53879	76.56714	76.54864	76.57092	76.50583	76.52455	76.75569	76.56826	76.54819	76.53788	76.53373
4/2/2025	1:20:58 PM	76.52742	76.59277	76.54675	76.53862	76.56713	76.54837	76.57056	76.50614	76.52413	76.75559	76.56820	76.54795	76.53809	76.53428
4/2/2025	1:21:02 PM	76.52752	76.59332	76.54726	76.53828	76.56703	76.54883	76.57030	76.50595	76.52442	76.75569	76.56827	76.54826	76.53815	76.53412
4/2/2025	1:21:05 PM	76.52743	76.59280	76.54709	76.53824	76.56715	76.54854	76.57025	76.50532	76.52418	76.75487	76.56781	76.54786	76.53798	76.53381
4/2/2025	1:21:09 PM	76.52730	76.59272	76.54743	76.53842	76.56673	76.54820	76.57049	76.50575	76.52417	76.75543	76.56803	76.54793	76.53787	76.53375
4/2/2025	1:21:13 PM	76.52746	76.59257	76.54689	76.53841	76.56695	76.54851	76.56982	76.50545	76.52400	76.75524	76.56797	76.54798	76.53785	76.53388
4/2/2025	1:21:16 PM	76.52734	76.59275	76.54693	76.53792	76.56678	76.54787	76.57014	76.50558	76.52379	76.75515	76.56768	76.54796	76.53809	76.53366
4/2/2025	1:21:20 PM	76.52715	76.59261	76.54681	76.53807	76.56673	76.54820	76.57040	76.50557	76.52420	76.75534	76.56818	76.54816	76.53762	76.53345
4/2/2025	1:21:23 PM	76.52741	76.59278	76.54704	76.53781	76.56635	76.54806	76.57006	76.50502	76.52394	76.75489	76.56785	76.54739	76.53750	76.53358
4/2/2025	1:21:27 PM	76.52718	76.59241	76.54699	76.53813	76.56632	76.54805	76.56911	76.50521	76.52377	76.75447	76.56743	76.54731	76.53714	76.53296
4/2/2025	1:21:31 PM	76.52687	76.59239	76.54677	76.53821	76.56664	76.54765	76.57008	76.50527	76.52352	76.75491	76.56713	76.54748	76.53723	76.53289
4/2/2025	1:21:34 PM	76.52658	76.59220	76.54677	76.53781	76.56642	76.54768	76.56977	76.50521	76.52339	76.75501	76.56764	76.54749	76.53761	76.53342
4/2/2025	1:21:38 PM	76.52665	76.59243	76.54708	76.53796	76.56677	76.54832	76.57012	76.50591	76.52429	76.75529	76.56800	76.54785	76.53805	76.53372
4/2/2025	1:21:41 PM	76.52721	76.59266	76.54657	76.53778	76.56661	76.54803	76.56958	76.50506	76.52359	76.75455	76.56773	76.54704	76.53730	76.53297
4/2/2025	1:21:45 PM	76.52671	76.59197	76.54610	76.53736	76.56663	76.54783	76.56959	76.50508	76.52350	76.75493	76.56747	76.54701	76.53746	76.53269
4/2/2025	1:21:49 PM	76.52669	76.59214	76.54687	76.53764	76.56686	76.54797	76.56980	76.50508	76.52364	76.75492	76.56740	76.54719	76.53699	76.53334
4/2/2025	1:21:52 PM	76.52675	76.59238	76.54652	76.53768	76.56626	76.54764	76.56978	76.50524	76.52356	76.75469	76.56767	76.54732	76.53741	76.53289
4/2/2025	1:21:56 PM	76.52666	76.59203	76.54631	76.53741	76.56653	76.54778	76.56992	76.50556	76.52353	76.75511	76.56753	76.54721	76.53720	76.53321
4/2/2025	1:21:59 PM	76.52698	76.59191	76.54658	76.53764	76.56645	76.54786	76.56979	76.50511	76.52320	76.75459	76.56762	76.54712	76.53711	76.53275
4/2/2025	1:22:03 PM	76.52681	76.59194	76.54657	76.53772	76.56639	76.54799	76.56962	76.50507	76.52326	76.75462	76.56760	76.54704	76.53727	76.53279
4/2/2025	1:22:06 PM	76.52679	76.59204	76.54626	76.53709	76.56636	76.54739	76.56924	76.50489	76.52351	76.75470	76.56729	76.54731	76.53753	76.53307
4/2/2025	1:22:10 PM	76.52699	76.59250	76.54657	76.53754	76.56629	76.54827	76.56983	76.50558	76.52380	76.75510	76.56766	76.54739	76.53763	76.53329
4/2/2025	1:22:14 PM	76.52715	76.59252	76.54702	76.53790	76.56652	76.54817	76.56967	76.50509	76.52357	76.75503	76.56760	76.54750	76.53747	76.53329
4/2/2025	1:22:17 PM	76.52686	76.59214	76.54660	76.53791	76.56655	76.54789	76.57001	76.50520	76.52365	76.75516	76.56763	76.54702	76.53724	76.53301
4/2/2025	1:22:21 PM	76.52669	76.59195	76.54671	76.53783	76.56697	76.54782	76.57017	76.50560	76.52434	76.75513	76.56772	76.54767	76.53757	76.53336
4/2/2025	1:22:24 PM	76.52712	76.59242	76.54698	76.53771	76.56662	76.54789	76.56977	76.50527	76.52375	76.75498	76.56760	76.54758	76.53731	76.53318
4/2/2025	1:22:28 PM	76.52689	76.59238	76.54689	76.53776	76.56671	76.54811	76.56964	76.50484	76.52366	76.75488	76.56720	76.54764	76.53708	76.53258
4/2/2025	1:22:32 PM	76.52703	76.59249	76.54642	76.53754	76.56645	76.54793	76.56978	76.50540	76.52358	76.75488	76.56732	76.54740	76.53721	76.53330
4/2/2025	1:22:35 PM	76.52691	76.59184	76.54663	76.53802	76.56656	76.54780	76.56958	76.50511	76.52389	76.75509	76.56747	76.54738	76.53721	76.53340
4/2/2025	1:22:39 PM	76.52677	76.59210	76.54662	76.53765	76.56681	76.54801	76.56993	76.50499	76.52353	76.75461	76.56736	76.54746	76.53706	76.53309
4/2/2025	1:22:42 PM	76.52703	76.59241	76.54679	76.53787	76.56689	76.54767	76.56945	76.50507	76.52352	76.75467	76.56732	76.54762	76.53708	76.53335
4/2/2025	1:22:46 PM	76.52648	76.59241	76.54665	76.53761	76.56675	76.54804	76.56956	76.50532	76.52344	76.75422	76.56761	76.54737	76.53678	76.53314
4/2/2025	1:22:50 PM	76.52683	76.59191	76.54683	76.53758	76.56673	76.54770	76.56927	76.50491	76.52306	76.75469	76.56704	76.54693	76.53680	76.53308
4/2/2025	1:22:53 PM	76.52640	76.59188	76.54616	76.53762	76.56616	76.54743	76.56936	76.50475	76.52306	76.75435	76.56731	76.54722	76.53705	76.53305
4/2/2025	1:22:57 PM	76.52684	76.59202	76.54643	76.53737	76.56636	76.54750	76.56929	76.50468	76.52325	76.75446	76.56724	76.54712	76.53682	76.53217
4/2/2025	1:23:00 PM	76.52671	76.59182	76.54638	76.53776	76.56657	76.54776	76.56948	76.50491	76.52296	76.75449	76.56709	76.54713	76.53683	76.53330
4/2/2025	1:23:04 PM	76.52687	76.59205	76.54628	76.53752	76.56675	76.54776	76.56959	76.50510	76.52355	76.75487	76.56727	76.54719	76.53664	76.53265
4/2/2025	1:23:08 PM	76.52657	76.59183	76.54616	76.53724	76.56656	76.54744	76.56886	76.50513	76.52320	76.75428	76.56687	76.54705	76.53634	76.53231
4/2/2025	1:23:11 PM	76.52653	76.59169	76.54628	76.53725	76.56617	76.54737	76.56916	76.50489	76.52305	76.75453	76.56704	76.54695	76.53674	76.53281
4/2/2025	1:23:15 PM	76.52704	76.59210	76.54643	76.53734	76.56643	76.54779	76.56933	76.50494	76.52312	76.75461	76.56719	76.54698	76.53702	76.53280
4/2/2025	1:23:18 PM	76.52667	76.59168	76.54630	76.53722	76.56646	76.54752	76.56938	76.50514	76.52305	76.75468	76.56708	76.54740	76.53668	76.53296
4/2/2025	1:23:22 PM	76.52636	76.59193	76.54639	76.53733	76.56634	76.54715	76.56905	76.50493	76.52361	76.75457	76.56749	76.54718	76.53700	76.53276
4/2/2025	1:23:26 PM	76.52673	76.59117	76.54626	76.53779	76.56620	76.54727	76.56915	76.50447	76.52319	76.75465	76.56696	76.54683	76.53654	76.53211
4/2/2025	1:23:29 PM	76.52620	76.59169	76.54585	76.53716	76.56636	76.54740	76.56916	76.50457	76.52300	76.75419	76.56737	76.54687	76.53704	76.53251
4/2/2025	1:23:33 PM	76.52655	76.59164	76.54593	76.53723	76.56618	76.54771	76.56908	76.50436	76.52294	76.75431	76.56678	76.54676	76.53634	76.53266
4/2/2025	1:23:36 PM	76.52629	76.59142	76.54630	76.53734	76.56625	76.54699	76.56890	76.50430	76.52269	76.75453	76.56666	76.54655	76.53611	76.53229
4/2/2025	1:23:40 PM	76.52634	76.59170	76.54628	76.53735	76.56641	76.54737	76.56910	76.50466	76.52314	76.75421	76.56681	76.54694	76.53629	76.53270
4/2/2025	1:23:44 PM	76.52615	76.59134	76.54626	76.53711	76.56646	76.54749	76.56899	76.50456	76.52336	76.75448	76.56684	76.54654	76.53612	76.53236
4/2/2025	1:23:47 PM	76.52615	76.59162	76.54618	76.53703	76.56575	76.54713	76.56875	76.50439	76.52257	76.75394	76.56645	76.54641	76.53590	76.53230
4/2/2025	1:23:51 PM	76.52611	76.59140	76.54585	76.53712	76.56614	76.54724	76.56866	76.50421	76.52246	76.75357	76.56651	76.54611	76.53576	76.53170
4/2/2025	1:23:54 PM	76.52578	76.59116	76.54531	76.53679	76.56578	76.54679	76.56854	76.50392	76.52271	76.75383	76.56645	76.54662	76.53639	76.53171
4/2/2025	1:23:58 PM	76.52581	76.59141	76.54588	76.53691	76.56589	76.54730	76.56929	76.50443	76.52278	76.75401	76.56656	76.54612	76.53645	76.53196
4/2/2025	1:24:02 PM	76.52609	76.59124	76.54544	76.53684	76.56607	76.54710	76.56870	76.50434	76.52237	76.75383	76.56637	76.54643	76.53628	76.53211
4/2/2025	1:24:05 PM	76.52578	76.59129	76.54548	76.53674	76.56559	76.54698	76.56906	76.50425	76.52256	76.75353	76.56666	76.54668	76.53601	76.53231
4/2/2025	1:24:09 PM	76.52600	76.59156	76.54574	76.53721	76.56610	76.54713	76.56888	76.50409	76.52249	76.75385	76.56665	76.54657	76.53588	76.53206
4/2/2025	1:24:12 PM	76.52594	76.59123	76.54574	76.53662	76.56584	76.54677	76.56885	76.50446	76.52282	76.75411	76.56654	76.54656	76.53631	76.53231
4/2/2025	1:24:16 PM	76.52579	76.59123	76.54551	76.53688	76.56599	76.54698	76.56862	76.50433	76.52266	76.75372	76.56648	76.54661	76.53609	76.53226
4/2/2025	1:24:20 PM	76.52606	76.59169	76.54568	76.53716	76.56603	76.54715	76.56886	76.50449	76.52267	76.75395	76.56660	76.54668	76.53639	76.53211
4/2/2025	1:24:23 PM	76.52636	76.59173	76.54610	76.53737	76.56655	76.54726	76.56903	76.50438	76.52279	76.75399	76.56663	76.54698	76.53628	76.53192
4/2/2025	1:24:27 PM	76.52582	76.59113	76.54581	76.53708	76.56614	76.54703	76.56885	76.50444	76.52273	76.75405	76.56661	76.54668	76.53636	76.53189
4/2/2025	1:24:30 PM	76.52584	76.59170	76.54594	76.53727	76.56607	76.54737	76.56864	76.50427	76.52240	76.75375	76.56649	76.54645	76.53637	76.53236
4/2/2025	1:24:34 PM	76.52594	76.59155	76.54564	76.53637	76.56588	76.54696	76.56829	76.50442	76.52256	76.75393	76.56637	76.54619	76.53586	76.53164
4/2/2025	1:24:38 PM	76.52551	76.59101	76.54532	76.53680	76.56595	76.54712	76.56834	76.50413	76.52252	76.75402	76.56661	76.54666	76.53585	76.53231
4/2/2025	1:24:41 PM	76.52604	76.59098	76.54569	76.53686	76.56578	76.54674	76.56858	76.50444	76.52255	76.75404	76.56619	76.54681	76.53607	76.53193
4/2/2025	1:24:45 PM	76.52593	76.59110	76.54577	76.53686	76.56594	76.54726	76.56908	76.50430	76.52223	76.75366	76.56640	76.54644	76.53613	76.53237
4/2/2025	1:24:48 PM	76.52590	76.59075	76.54532	76.53668	76.56567	76.54699	76.56871	76.50452	76.52234	76.75394	76.56646	76.54642	76.53661	76.53206
4/2/2025	1:24:52 PM	76.52585	76.59123	76.54564	76.53667	76.56619	76.54708	76.56876	76.50446	76.52242	76.75382	76.56622	76.54590	76.53569	76.53217
4/2/2025	1:24:56 PM	76.52615	76.59115	76.54514	76.53677	76.56599	76.54658	76.56875	76.50462	76.52251	76.75400	76.56623	76.54637	76.53637	76.53204
4/2/2025	1:24:59 PM	76.52531	76.59118	76.54539	76.53657	76.56531	76.54638	76.56849	76.50371	76.52247	76.75340	76.56560	76.54607	76.53577	76.53173
4/2/2025	1:25:03 PM	76.52552	76.59081	76.54527	76.53655	76.56569	76.54681	76.56865	76.50384	76.52185	76.75363	76.56618	76.54587	76.53552	76.53141
4/2/2025	1:25:06 PM	76.52560	76.59065	76.54550	76.53609	76.56573	76.54671	76.56849	76.50382	76.52212	76.75351	76.56584	76.54594	76.53533	76.53126
4/2/2025	1:25:10 PM	76.52536	76.59061	76.54489	76.53635	76.56554	76.54689	76.56839	76.50393	76.52189	76.75366	76.56622	76.54613	76.53555	76.53166
4/2/2025	1:25:14 PM	76.52563	76.59092	76.54533	76.53635	76.56529	76.54679	76.56859	76.50382	76.52157	76.75305	76.56613	76.54563	76.53572	76.53163
4/2/2025	1:25:17 PM	76.52564	76.59101	76.54558	76.53633	76.56553	76.54652	76.56812	76.50353	76.52198	76.75308	76.56578	76.54595	76.53565	76.53149
4/2/2025	1:25:21 PM	76.52535	76.59064	76.54496	76.53606	76.56523	76.54646	76.56826	76.50377	76.52200	76.75313	76.56550	76.54577	76.53504	76.53132
4/2/2025	1:25:24 PM	76.52533	76.59018	76.54477	76.53634	76.56522	76.54647	76.56832	76.50379	76.52179	76.75313	76.56571	76.54578	76.53493	76.53121
4/2/2025	1:25:28 PM	76.52496	76.59030	76.54501	76.53620	76.56524	76.54651	76.56818	76.50357	76.52186	76.75288	76.56593	76.54552	76.53559	76.53125
4/2/2025	1:25:31 PM	76.52518	76.59041	76.54528	76.53615	76.56526	76.54639	76.56790	76.50320	76.52166	76.75354	76.56558	76.54595	76.53549	76.53081
4/2/2025	1:25:35 PM	76.52560	76.59090	76.54521	76.53652	76.56556	76.54632	76.56804	76.50326	76.52186	76.75294	76.56571	76.54554	76.53520	76.53088
4/2/2025	1:25:39 PM	76.52445	76.59040	76.54454	76.53602	76.56512	76.54629	76.56796	76.50342	76.52154	76.75284	76.56570	76.54531	76.53504	76.53097
4/2/2025	1:25:42 PM	76.52517	76.59085	76.54489	76.53625	76.56508	76.54652	76.56806	76.50337	76.52240	76.75302	76.56582	76.54575	76.53533	76.53134
4/2/2025	1:25:46 PM	76.52510	76.59023	76.54492	76.53615	76.56541	76.54623	76.56821	76.50318	76.52160	76.75324	76.56575	76.54561	76.53548	76.53111
4/2/2025	1:25:49 PM	76.52503	76.59027	76.54439	76.53621	76.56522	76.54643	76.56845	76.50346	76.52225	76.75352	76.56591	76.54548	76.53521	76.53108
4/2/2025	1:25:53 PM	76.52528	76.59063	76.54518	76.53607	76.56555	76.54682	76.56823	76.50374	76.52227	76.75314	76.56564	76.54551	76.53529	76.53117
4/2/2025	1:25:57 PM	76.52566	76.59089	76.54519	76.53639	76.56544	76.54654	76.56801	76.50389	76.52204	76.75337	76.56594	76.54591	76.53538	76.53147
4/2/2025	1:26:00 PM	76.52517	76.59069	76.54466	76.53623	76.56569	76.54627	76.56809	76.50334	76.52205	76.75340	76.56590	76.54577	76.53563	76.53142
4/2/2025	1:26:04 PM	76.52586	76.59087	76.54533	76.53661	76.56573	76.54685	76.56837	76.50389	76.52232	76.75371	76.56606	76.54539	76.53522	76.53103
4/2/2025	1:26:07 PM	76.52509	76.59036	76.54468	76.53614	76.56512	76.54614	76.56817	76.50322	76.52172	76.75316	76.56575	76.54559	76.53492	76.53122
4/2/2025	1:26:11 PM	76.52513	76.59050	76.54487	76.53647	76.56529	76.54649	76.56826	76.50345	76.52147	76.75325	76.56572	76.54549	76.53539	76.53089
4/2/2025	1:26:15 PM	76.52528	76.59056	76.54500	76.53589	76.56539	76.54638	76.56802	76.50348	76.52176	76.75296	76.56569	76.54534	76.53476	76.53098
4/2/2025	1:26:18 PM	76.52507	76.59053	76.54492	76.53638	76.56507	76.54577	76.56803	76.50324	76.52162	76.75270	76.56572	76.54565	76.53503	76.53104
4/2/2025	1:26:22 PM	76.52533	76.59024	76.54497	76.53610	76.56522	76.54634	76.56805	76.50316	76.52125	76.75267	76.56557	76.54526	76.53505	76.53048
4/2/2025	1:26:25 PM	76.52489	76.59007	76.54487	76.53558	76.56470	76.54586	76.56751	76.50294	76.52122	76.75244	76.56517	76.54499	76.53471	76.53048
4/2/2025	1:26:29 PM	76.52429	76.58958	76.54441	76.53568	76.56497	76.54576	76.56750	76.50296	76.52086	76.75232	76.56549	76.54482	76.53441	76.53038
4/2/2025	1:26:32 PM	76.52469	76.59013	76.54475	76.53567	76.56508	76.54622	76.56766	76.50292	76.52112	76.75293	76.56550	76.54530	76.53468	76.53102
4/2/2025	1:26:36 PM	76.52499	76.59003	76.54436	76.53611	76.56471	76.54576	76.56748	76.50336	76.52126	76.75254	76.56498	76.54506	76.53452	76.53039
4/2/2025	1:26:40 PM	76.52462	76.59025	76.54495	76.53597	76.56490	76.54579	76.56743	76.50288	76.52091	76.75227	76.56536	76.54515	76.53464	76.53110
4/2/2025	1:26:43 PM	76.52450	76.59038	76.54438	76.53600	76.56510	76.54639	76.56777	76.50325	76.52158	76.75308	76.56550	76.54585	76.53466	76.53088
4/2/2025	1:26:47 PM	76.52483	76.59029	76.54467	76.53546	76.56510	76.54631	76.56783	76.50283	76.52144	76.75266	76.56524	76.54544	76.53458	76.53068
4/2/2025	1:26:50 PM	76.52425	76.59038	76.54428	76.53567	76.56481	76.54567	76.56709	76.50303	76.52119	76.75241	76.56495	76.54500	76.53435	76.53030
4/2/2025	1:26:54 PM	76.52415	76.58932	76.54383	76.53498	76.56456	76.54508	76.56716	76.50251	76.52064	76.75212	76.56502	76.54504	76.53412	76.52996
4/2/2025	1:26:58 PM	76.52453	76.58988	76.54436	76.53547	76.56467	76.54580	76.56783	76.50298	76.52104	76.75249	76.56505	76.54464	76.53443	76.52995
4/2/2025	1:27:01 PM	76.52409	76.58961	76.54373	76.53493	76.56440	76.54548	76.56696	76.50261	76.52080	76.75221	76.56448	76.54457	76.53457	76.53049
4/2/2025	1:27:05 PM	76.52408	76.59013	76.54432	76.53546	76.56439	76.54580	76.56727	76.50259	76.52086	76.75252	76.56484	76.54479	76.53421	76.53009
4/2/2025	1:27:08 PM	76.52461	76.58973	76.54406	76.53562	76.56504	76.54561	76.56727	76.50267	76.52086	76.75251	76.56522	76.54471	76.53413	76.53055
4/2/2025	1:27:12 PM	76.52467	76.58996	76.54438	76.53566	76.56485	76.54557	76.56761	76.50280	76.52089	76.75207	76.56487	76.54512	76.53395	76.53049
4/2/2025	1:27:15 PM	76.52438	76.58936	76.54405	76.53551	76.56458	76.54567	76.56741	76.50261	76.52093	76.75272	76.56544	76.54503	76.53412	76.53034
4/2/2025	1:27:19 PM	76.52459	76.59007	76.54472	76.53584	76.56489	76.54597	76.56790	76.50308	76.52131	76.75281	76.56513	76.54515	76.53441	76.53002
4/2/2025	1:27:23 PM	76.52438	76.58941	76.54424	76.53572	76.56509	76.54608	76.56747	76.50282	76.52078	76.75193	76.56527	76.54502	76.53417	76.53039
4/2/2025	1:27:26 PM	76.52437	76.58968	76.54429	76.53539	76.56462	76.54576	76.56766	76.50301	76.52083	76.75228	76.56482	76.54483	76.53433	76.53003
4/2/2025	1:27:30 PM	76.52424	76.58999	76.54456	76.53567	76.56477	76.54568	76.56790	76.50314	76.52121	76.75269	76.56534	76.54526	76.53440	76.53019
4/2/2025	1:27:33 PM	76.52468	76.59014	76.54496	76.53562	76.56493	76.54613	76.56782	76.50299	76.52130	76.75261	76.56526	76.54558	76.53489	76.53078
4/2/2025	1:27:37 PM	76.52480	76.59043	76.54453	76.53579	76.56471	76.54578	76.56766	76.50341	76.52128	76.75308	76.56521	76.54532	76.53436	76.53040
4/2/2025	1:27:41 PM	76.52463	76.58996	76.54447	76.53603	76.56539	76.54638	76.56800	76.50345	76.52070	76.75260	76.56564	76.54572	76.53482	76.53083
4/2/2025	1:27:44 PM	76.52508	76.59016	76.54478	76.53603	76.56535	76.54587	76.56809	76.50296	76.52137	76.75238	76.56558	76.54539	76.53436	76.53029
4/2/2025	1:27:48 PM	76.52458	76.59018	76.54422	76.53571	76.56465	76.54605	76.56726	76.50307	76.52054	76.75266	76.56493	76.54517	76.53460	76.53033
4/2/2025	1:27:51 PM	76.52445	76.58986	76.54394	76.53550	76.56493	76.54549	76.56772	76.50302	76.52107	76.75225	76.56506	76.54529	76.53428	76.53032
4/2/2025	1:27:55 PM	76.52432	76.59021	76.54426	76.53567	76.56532	76.54559	76.56749	76.50268	76.52092	76.75223	76.56508	76.54530	76.53472	76.53089
4/2/2025	1:27:59 PM	76.52486	76.59012	76.54428	76.53586	76.56448	76.54572	76.56748	76.50277	76.52081	76.75256	76.56514	76.54482	76.53457	76.53016
4/2/2025	1:28:02 PM	76.52434	76.58968	76.54433	76.53584	76.56527	76.54587	76.56763	76.50283	76.52091	76.75243	76.56515	76.54483	76.53386	76.53012
4/2/2025	1:28:06 PM	76.52424	76.58983	76.54451	76.53549	76.56485	76.54602	76.56732	76.50233	76.52061	76.75212	76.56495	76.54506	76.53424	76.53009
4/2/2025	1:28:09 PM	76.52458	76.58970	76.54406	76.53518	76.56422	76.54528	76.56675	76.50278	76.52077	76.75191	76.56424	76.54459	76.53349	76.52978
4/2/2025	1:28:13 PM	76.52389	76.58968	76.54381	76.53503	76.56452	76.54505	76.56715	76.50216	76.52054	76.75189	76.56444	76.54467	76.53360	76.52947
4/2/2025	1:28:17 PM	76.52380	76.58939	76.54387	76.53486	76.56406	76.54501	76.56704	76.50232	76.52073	76.75183	76.56456	76.54485	76.53391	76.52986
4/2/2025	1:28:20 PM	76.52414	76.58920	76.54392	76.53472	76.56433	76.54518	76.56698	76.50218	76.52022	76.75158	76.56431	76.54448	76.53387	76.52969
4/2/2025	1:28:24 PM	76.52395	76.58935	76.54401	76.53532	76.56447	76.54536	76.56701	76.50262	76.52055	76.75221	76.56449	76.54402	76.53348	76.52973
4/2/2025	1:28:27 PM	76.52424	76.58958	76.54423	76.53523	76.56472	76.54551	76.56689	76.50257	76.52032	76.75191	76.56462	76.54441	76.53427	76.53000
4/2/2025	1:28:31 PM	76.52459	76.58981	76.54436	76.53543	76.56470	76.54535	76.56779	76.50275	76.52062	76.75171	76.56451	76.54472	76.53340	76.52970
4/2/2025	1:28:35 PM	76.52393	76.58944	76.54376	76.53538	76.56469	76.54554	76.56726	76.50274	76.52084	76.75239	76.56463	76.54499	76.53377	76.52997
4/2/2025	1:28:38 PM	76.52435	76.58961	76.54383	76.53520	76.56466	76.54558	76.56734	76.50261	76.52086	76.75183	76.56475	76.54471	76.53342	76.52973
4/2/2025	1:28:42 PM	76.52390	76.58943	76.54384	76.53550	76.56503	76.54577	76.56721	76.50311	76.52109	76.75270	76.56521	76.54511	76.53465	76.52988
4/2/2025	1:28:45 PM	76.52453	76.58981	76.54410	76.53511	76.56487	76.54564	76.56736	76.50275	76.52042	76.75182	76.56453	76.54476	76.53398	76.52977
4/2/2025	1:28:49 PM	76.52458	76.59023	76.54464	76.53582	76.56490	76.54585	76.56750	76.50296	76.52106	76.75283	76.56523	76.54511	76.53445	76.53047
4/2/2025	1:28:53 PM	76.52498	76.59037	76.54468	76.53583	76.56550	76.54612	76.56755	76.50285	76.52067	76.75217	76.56489	76.54470	76.53376	76.53006
4/2/2025	1:28:56 PM	76.52450	76.58997	76.54443	76.53576	76.56492	76.54550	76.56680	76.50219	76.52085	76.75227	76.56469	76.54484	76.53397	76.52982
4/2/2025	1:29:00 PM	76.52446	76.58985	76.54437	76.53549	76.56499	76.54569	76.56757	76.50269	76.52066	76.75214	76.56444	76.54490	76.53376	76.52956
4/2/2025	1:29:03 PM	76.52441	76.59003	76.54438	76.53565	76.56479	76.54546	76.56741	76.50216	76.52020	76.75141	76.56388	76.54404	76.53344	76.52930
4/2/2025	1:29:07 PM	76.52376	76.58928	76.54393	76.53504	76.56475	76.54522	76.56681	76.50226	76.52004	76.75184	76.56442	76.54426	76.53359	76.52913
4/2/2025	1:29:11 PM	76.52382	76.58975	76.54417	76.53559	76.56444	76.54542	76.56712	76.50242	76.52051	76.75223	76.56473	76.54446	76.53356	76.52983
4/2/2025	1:29:14 PM	76.52461	76.58985	76.54387	76.53541	76.56546	76.54582	76.56753	76.50263	76.52063	76.75215	76.56491	76.54482	76.53392	76.53035
4/2/2025	1:29:18 PM	76.52417	76.58956	76.54421	76.53527	76.56490	76.54577	76.56733	76.50250	76.52077	76.75228	76.56480	76.54482	76.53393	76.52972
4/2/2025	1:29:21 PM	76.52444	76.58959	76.54404	76.53510	76.56477	76.54517	76.56707	76.50237	76.52021	76.75224	76.56478	76.54468	76.53348	76.52941
4/2/2025	1:29:25 PM	76.52413	76.58958	76.54369	76.53481	76.56411	76.54521	76.56641	76.50212	76.52005	76.75173	76.56411	76.54419	76.53342	76.52962
4/2/2025	1:29:29 PM	76.52383	76.58918	76.54355	76.53480	76.56439	76.54541	76.56707	76.50259	76.52054	76.75201	76.56436	76.54450	76.53347	76.52944
4/2/2025	1:29:32 PM	76.52412	76.58930	76.54322	76.53479	76.56427	76.54517	76.56692	76.50204	76.52018	76.75154	76.56432	76.54408	76.53310	76.52941
4/2/2025	1:29:36 PM	76.52374	76.58994	76.54354	76.53488	76.56458	76.54521	76.56669	76.50218	76.51999	76.75208	76.56433	76.54472	76.53358	76.52911
4/2/2025	1:29:39 PM	76.52366	76.58919	76.54389	76.53486	76.56467	76.54476	76.56698	76.50208	76.51993	76.75150	76.56461	76.54447	76.53334	76.52951
4/2/2025	1:29:43 PM	76.52374	76.58931	76.54385	76.53475	76.56486	76.54513	76.56695	76.50230	76.52035	76.75208	76.56465	76.54450	76.53381	76.52925
4/2/2025	1:29:47 PM	76.52418	76.58997	76.54405	76.53504	76.56457	76.54528	76.56739	76.50293	76.52041	76.75211	76.56491	76.54493	76.53385	76.52970
4/2/2025	1:29:50 PM	76.52436	76.58949	76.54398	76.53569	76.56500	76.54545	76.56729	76.50240	76.52061	76.75177	76.56453	76.54449	76.53344	76.52939
4/2/2025	1:29:54 PM	76.52418	76.58951	76.54352	76.53498	76.56427	76.54524	76.56658	76.50187	76.52004	76.75199	76.56445	76.54429	76.53316	76.52914
4/2/2025	1:29:57 PM	76.52378	76.58912	76.54337	76.53486	76.56448	76.54508	76.56668	76.50199	76.52035	76.75171	76.56402	76.54415	76.53307	76.52936
4/2/2025	1:30:01 PM	76.52379	76.58936	76.54300	76.53543	76.56424	76.54497	76.56676	76.50218	76.51999	76.75183	76.56437	76.54470	76.53342	76.52921
4/2/2025	1:30:05 PM	76.52368	76.58906	76.54349	76.53454	76.56426	76.54496	76.56670	76.50227	76.52037	76.75169	76.56431	76.54452	76.53361	76.52904
4/2/2025	1:30:08 PM	76.52367	76.58921	76.54344	76.53514	76.56475	76.54533	76.56661	76.50223	76.52021	76.75175	76.56452	76.54458	76.53335	76.52946
4/2/2025	1:30:12 PM	76.52410	76.58936	76.54395	76.53515	76.56490	76.54532	76.56682	76.50256	76.52008	76.75197	76.56425	76.54459	76.53324	76.52934
4/2/2025	1:30:15 PM	76.52390	76.58951	76.54352	76.53487	76.56461	76.54530	76.56693	76.50229	76.52010	76.75188	76.56413	76.54442	76.53306	76.52933
4/2/2025	1:30:19 PM	76.52394	76.58943	76.54345	76.53484	76.56474	76.54544	76.56682	76.50225	76.52039	76.75165	76.56463	76.54420	76.53332	76.52931
4/2/2025	1:30:23 PM	76.52403	76.58942	76.54359	76.53479	76.56446	76.54515	76.56669	76.50220	76.52034	76.75174	76.56450	76.54478	76.53341	76.52900
4/2/2025	1:30:26 PM	76.52383	76.58916	76.54373	76.53489	76.56447	76.54540	76.56717	76.50253	76.52025	76.75162	76.56452	76.54431	76.53361	76.52887
4/2/2025	1:30:30 PM	76.52386	76.58933	76.54390	76.53493	76.56442	76.54541	76.56656	76.50227	76.52035	76.75176	76.56441	76.54483	76.53347	76.52934
4/2/2025	1:30:33 PM	76.52393	76.58958	76.54389	76.53521	76.56505	76.54579	76.56669	76.50204	76.51981	76.75165	76.56468	76.54448	76.53310	76.52902
4/2/2025	1:30:37 PM	76.52371	76.58879	76.54335	76.53441	76.56459	76.54518	76.56668	76.50212	76.52000	76.75196	76.56417	76.54454	76.53342	76.52962
4/2/2025	1:30:40 PM	76.52381	76.58905	76.54352	76.53482	76.56482	76.54539	76.56697	76.50193	76.52001	76.75144	76.56419	76.54388	76.53333	76.52923
4/2/2025	1:30:44 PM	76.52381	76.58937	76.54356	76.53504	76.56489	76.54549	76.56689	76.50243	76.52021	76.75149	76.56404	76.54459	76.53319	76.52913
4/2/2025	1:30:48 PM	76.52427	76.58956	76.54345	76.53520	76.56472	76.54515	76.56705	76.50237	76.52060	76.75214	76.56428	76.54480	76.53336	76.52927
4/2/2025	1:30:51 PM	76.52391	76.58902	76.54372	76.53513	76.56500	76.54548	76.56666	76.50236	76.52029	76.75170	76.56455	76.54487	76.53350	76.52958
4/2/2025	1:30:55 PM	76.52448	76.58914	76.54352	76.53474	76.56479	76.54523	76.56672	76.50200	76.52005	76.75145	76.56426	76.54393	76.53294	76.52930
4/2/2025	1:30:58 PM	76.52405	76.58957	76.54355	76.53504	76.56433	76.54515	76.56697	76.50220	76.52015	76.75170	76.56417	76.54453	76.53303	76.52890
4/2/2025	1:31:02 PM	76.52394	76.58927	76.54344	76.53441	76.56470	76.54532	76.56688	76.50192	76.51985	76.75189	76.56459	76.54439	76.53319	76.52914
4/2/2025	1:31:06 PM	76.52411	76.58894	76.54323	76.53456	76.56424	76.54482	76.56678	76.50220	76.52013	76.75154	76.56403	76.54416	76.53306	76.52921
4/2/2025	1:31:09 PM	76.52367	76.58902	76.54390	76.53510	76.56444	76.54511	76.56702	76.50193	76.51995	76.75132	76.56406	76.54403	76.53309	76.52887
4/2/2025	1:31:13 PM	76.52344	76.58947	76.54356	76.53487	76.56461	76.54512	76.56681	76.50251	76.52000	76.75176	76.56437	76.54475	76.53342	76.52911
4/2/2025	1:31:16 PM	76.52331	76.58905	76.54361	76.53474	76.56443	76.54526	76.56657	76.50221	76.51998	76.75159	76.56416	76.54433	76.53310	76.52927
4/2/2025	1:31:20 PM	76.52397	76.58900	76.54357	76.53472	76.56495	76.54510	76.56661	76.50219	76.52006	76.75172	76.56435	76.54420	76.53321	76.52909
4/2/2025	1:31:24 PM	76.52377	76.58958	76.54408	76.53494	76.56495	76.54548	76.56715	76.50244	76.52040	76.75214	76.56436	76.54464	76.53347	76.52925
4/2/2025	1:31:27 PM	76.52391	76.58922	76.54344	76.53480	76.56482	76.54541	76.56718	76.50263	76.52039	76.75208	76.56479	76.54458	76.53344	76.52940
4/2/2025	1:31:31 PM	76.52420	76.58944	76.54389	76.53484	76.56478	76.54490	76.56717	76.50266	76.52021	76.75179	76.56443	76.54485	76.53342	76.52950
4/2/2025	1:31:34 PM	76.52418	76.58990	76.54412	76.53565	76.56489	76.54544	76.56740	76.50300	76.52090	76.75214	76.56452	76.54438	76.53298	76.52903
4/2/2025	1:31:38 PM	76.52401	76.58912	76.54342	76.53484	76.56502	76.54546	76.56737	76.50219	76.52042	76.75183	76.56469	76.54467	76.53346	76.52945
4/2/2025	1:31:42 PM	76.52362	76.58922	76.54375	76.53473	76.56459	76.54514	76.56694	76.50193	76.52013	76.75181	76.56443	76.54482	76.53278	76.52922
4/2/2025	1:31:45 PM	76.52376	76.58933	76.54348	76.53487	76.56507	76.54563	76.56710	76.50201	76.52027	76.75186	76.56444	76.54432	76.53280	76.52905
4/2/2025	1:31:49 PM	76.52356	76.58907	76.54317	76.53455	76.56449	76.54493	76.56655	76.50223	76.51982	76.75207	76.56419	76.54478	76.53306	76.52895
4/2/2025	1:31:52 PM	76.52411	76.58959	76.54370	76.53483	76.56472	76.54513	76.56681	76.50228	76.52043	76.75168	76.56427	76.54473	76.53296	76.52906
4/2/2025	1:31:56 PM	76.52374	76.58897	76.54338	76.53482	76.56507	76.54525	76.56698	76.50234	76.52029	76.75164	76.56394	76.54468	76.53285	76.52881
4/2/2025	1:32:00 PM	76.52377	76.58918	76.54345	76.53494	76.56477	76.54539	76.56684	76.50222	76.51985	76.75146	76.56423	76.54421	76.53313	76.52900
4/2/2025	1:32:03 PM	76.52385	76.58934	76.54372	76.53515	76.56490	76.54565	76.56702	76.50214	76.51984	76.75153	76.56433	76.54430	76.53251	76.52894
4/2/2025	1:32:07 PM	76.52404	76.58925	76.54360	76.53471	76.56460	76.54541	76.56684	76.50226	76.52010	76.75186	76.56487	76.54466	76.53316	76.52899
4/2/2025	1:32:10 PM	76.52403	76.58930	76.54344	76.53510	76.56478	76.54527	76.56689	76.50251	76.52052	76.75222	76.56470	76.54499	76.53291	76.52955
