09/06/2022	12:29:30	301.70759	301.70851	301.24608	301.71056	301.67118	301.63080	301.58623	301.58202	301.43837	301.48576	301.70514	301.69479	301.62390	301.68062
09/06/2022	12:29:34	301.70521	301.70742	301.24528	301.71080	301.67107	301.63083	301.58315	301.58536	301.42277	301.49048	301.70796	301.69193	301.62512	301.68782
09/06/2022	12:29:37	301.70033	301.70332	301.24146	301.70625	301.66338	301.62275	301.58236	301.57936	301.44021	301.48763	301.70031	301.68632	301.63126	301.68886
09/06/2022	12:29:41	301.69611	301.70191	301.23943	301.70641	301.66501	301.62883	301.58605	301.58216	301.44249	301.48782	301.70215	301.68860	301.63802	301.69486
09/06/2022	12:29:44	301.69511	301.70040	301.23763	301.70427	301.66333	301.62695	301.58469	301.58127	301.44397	301.49034	301.70413	301.68826	301.63448	301.69147
09/06/2022	12:29:48	301.69532	301.69950	301.23608	301.70332	301.66113	301.62582	301.58406	301.58155	301.44359	301.48984	301.70435	301.68752	301.63456	301.69210
09/06/2022	12:29:52	301.69254	301.69686	301.23324	301.70013	301.65889	301.62303	301.58197	301.57974	301.44217	301.48884	301.70307	301.68589	301.63429	301.69017
09/06/2022	12:29:55	301.69164	301.69656	301.23225	301.69904	301.65712	301.62181	301.58186	301.57965	301.44254	301.48859	301.70329	301.68572	301.63625	301.69284
09/06/2022	12:29:59	301.68858	301.69293	301.22952	301.69622	301.65438	301.61908	301.57938	301.57732	301.44141	301.48636	301.70129	301.68181	301.63482	301.68967
09/06/2022	12:30:02	301.68631	301.69151	301.22721	301.69500	301.65152	301.61734	301.57752	301.57588	301.44040	301.48646	301.70026	301.68060	301.63526	301.69272
09/06/2022	12:30:06	301.68339	301.68755	301.22362	301.69192	301.64889	301.61414	301.57471	301.57363	301.43916	301.48324	301.69791	301.67684	301.63416	301.68923
09/06/2022	12:30:10	301.68092	301.68591	301.22168	301.69019	301.64674	301.61266	301.57333	301.57247	301.43881	301.48340	301.69662	301.67607	301.63570	301.69240
09/06/2022	12:30:13	301.67728	301.68228	301.21797	301.68598	301.64240	301.60881	301.56962	301.56943	301.43616	301.48007	301.69323	301.67120	301.63313	301.68926
09/06/2022	12:30:17	301.67509	301.68118	301.21618	301.68440	301.64087	301.60781	301.56863	301.56852	301.43620	301.47994	301.69179	301.66922	301.63364	301.69134
09/06/2022	12:30:20	301.67177	301.67750	301.21243	301.68116	301.63771	301.60422	301.56535	301.56568	301.43418	301.47682	301.68893	301.66582	301.63260	301.68831
09/06/2022	12:30:24	301.66991	301.67563	301.21095	301.67843	301.63472	301.60160	301.56358	301.56400	301.43340	301.47625	301.68813	301.66342	301.63319	301.69099
09/06/2022	12:30:28	301.66611	301.67179	301.20752	301.67639	301.63182	301.59897	301.56081	301.56120	301.43090	301.47309	301.68454	301.66030	301.63210	301.68757
09/06/2022	12:30:31	301.66381	301.67064	301.20503	301.67370	301.62944	301.59723	301.55896	301.55985	301.43045	301.47279	301.68347	301.65786	301.63206	301.68953
09/06/2022	12:30:35	301.65995	301.66641	301.20158	301.67042	301.62588	301.59317	301.55547	301.55650	301.42792	301.46964	301.68000	301.65461	301.63023	301.68658
09/06/2022	12:30:38	301.65770	301.66470	301.19907	301.66831	301.62285	301.59108	301.55408	301.55463	301.42773	301.46922	301.67849	301.65210	301.63052	301.68857
09/06/2022	12:30:42	301.65360	301.66075	301.19541	301.66442	301.61914	301.58803	301.55057	301.55161	301.42426	301.46606	301.67485	301.64801	301.62825	301.68499
09/06/2022	12:30:46	301.65113	301.65867	301.19295	301.66267	301.61688	301.58537	301.54843	301.54995	301.42362	301.46499	301.67340	301.64614	301.62869	301.68726
09/06/2022	12:30:49	301.64780	301.65472	301.18941	301.65859	301.61259	301.58170	301.54491	301.54634	301.42035	301.46147	301.66914	301.64085	301.62687	301.68394
09/06/2022	12:30:53	301.64463	301.65246	301.18710	301.65598	301.60985	301.57948	301.54326	301.54438	301.41976	301.46055	301.66791	301.63912	301.62742	301.68629
09/06/2022	12:30:56	301.64117	301.64885	301.18397	301.65288	301.60650	301.57568	301.53954	301.54172	301.41742	301.45771	301.66487	301.63582	301.62540	301.68241
09/06/2022	12:31:00	301.63849	301.64712	301.18139	301.65040	301.60375	301.57395	301.53820	301.54000	301.41718	301.45676	301.66267	301.63268	301.62544	301.68405
09/06/2022	12:31:04	301.63437	301.64237	301.17689	301.64682	301.59966	301.56999	301.53373	301.53615	301.41347	301.45251	301.65902	301.62867	301.62314	301.68049
09/06/2022	12:31:07	301.63137	301.64053	301.17468	301.64403	301.59736	301.56748	301.53217	301.53370	301.41165	301.45144	301.65666	301.62606	301.62291	301.68208
09/06/2022	12:31:11	301.62735	301.63581	301.17023	301.63989	301.59317	301.56296	301.52765	301.53009	301.40987	301.44823	301.65349	301.62181	301.62082	301.67875
09/06/2022	12:31:14	301.62472	301.63385	301.16761	301.63738	301.58958	301.56075	301.52566	301.52885	301.40855	301.44679	301.65138	301.61902	301.62070	301.67973
09/06/2022	12:31:18	301.62034	301.62991	301.16407	301.63416	301.58665	301.55727	301.52242	301.52493	301.40467	301.44347	301.64751	301.61492	301.61869	301.67680
09/06/2022	12:31:22	301.61845	301.62735	301.16110	301.63134	301.58266	301.55442	301.52008	301.52283	301.40362	301.44203	301.64579	301.61305	301.61836	301.67820
09/06/2022	12:31:25	301.61423	301.62328	301.15760	301.62718	301.57899	301.55049	301.51586	301.51913	301.40043	301.43834	301.64132	301.60769	301.61573	301.67401
09/06/2022	12:31:29	301.61077	301.62043	301.15435	301.62445	301.57581	301.54760	301.51304	301.51727	301.39918	301.43712	301.63937	301.60492	301.61578	301.67529
09/06/2022	12:31:32	301.60663	301.61642	301.15082	301.62087	301.57199	301.54386	301.51018	301.51348	301.39639	301.43325	301.63559	301.60092	301.61281	301.67163
09/06/2022	12:31:36	301.60369	301.61365	301.14796	301.61766	301.56943	301.54172	301.50753	301.51163	301.39485	301.43185	301.63335	301.59816	301.61252	301.67342
09/06/2022	12:31:40	301.59979	301.61002	301.14413	301.61396	301.56508	301.53779	301.50371	301.50753	301.39196	301.42879	301.63037	301.59440	301.61035	301.66938
09/06/2022	12:31:43	301.59749	301.60778	301.14135	301.61115	301.56152	301.53425	301.50132	301.50537	301.39029	301.42721	301.62801	301.59150	301.60959	301.67075
09/06/2022	12:31:47	301.59333	301.60350	301.13746	301.60783	301.55797	301.53063	301.49750	301.50168	301.38708	301.42333	301.62446	301.58745	301.60715	301.66686
09/06/2022	12:31:50	301.59063	301.60079	301.13450	301.60436	301.55476	301.52847	301.49534	301.49969	301.38626	301.42191	301.62170	301.58495	301.60643	301.66773
09/06/2022	12:31:54	301.58585	301.59632	301.13016	301.60072	301.55103	301.52358	301.49064	301.49512	301.38269	301.41817	301.61759	301.57990	301.60399	301.66381
09/06/2022	12:31:58	301.58276	301.59389	301.12727	301.59782	301.54728	301.52077	301.48833	301.49290	301.38049	301.41617	301.61571	301.57809	301.60378	301.66522
09/06/2022	12:32:01	301.57878	301.58976	301.12356	301.59310	301.54308	301.51614	301.48406	301.48895	301.37759	301.41217	301.61156	301.57279	301.60038	301.66122
09/06/2022	12:32:05	301.57561	301.58659	301.11986	301.59074	301.53987	301.51372	301.48151	301.48724	301.37581	301.41101	301.60953	301.57062	301.60025	301.66293
09/06/2022	12:32:08	301.57133	301.58238	301.11592	301.58638	301.53545	301.50954	301.47734	301.48310	301.37202	301.40671	301.60483	301.56588	301.59672	301.65754
09/06/2022	12:32:12	301.56846	301.57988	301.11309	301.58357	301.53285	301.50682	301.47512	301.48008	301.37140	301.40581	301.60212	301.56137	301.59671	301.65864
09/06/2022	12:32:16	301.56420	301.57522	301.10888	301.57860	301.52836	301.50203	301.47061	301.47765	301.37014	301.39791	301.59353	301.55500	301.59310	301.64427
09/06/2022	12:32:19	301.55571	301.56843	301.10410	301.57528	301.52361	301.49640	301.46394	301.46359	301.35858	301.39133	301.58647	301.54441	301.58660	301.64786
09/06/2022	12:32:23	301.54542	301.55876	301.09333	301.55730	301.51165	301.47934	301.43833	301.42727	301.31459	301.32678	301.50273	301.43910	301.46139	301.51492
09/06/2022	12:32:26	301.36516	301.35951	300.88603	301.35978	301.30654	301.24079	301.10994	301.05039	300.96939	300.95399	301.02803	300.90833	300.90226	301.05079
09/06/2022	12:32:30	300.64994	300.61940	300.13869	300.64656	300.59000	300.51992	300.24164	300.14912	300.04442	299.97902	299.82630	299.69975	299.71734	300.12029
09/06/2022	12:32:34	299.11036	299.01318	298.55746	299.09733	299.06344	298.95244	298.39130	298.33092	297.97601	297.78738	297.36173	297.28535	297.44714	298.42263
09/06/2022	12:32:37	296.28884	296.18715	295.88161	296.34000	296.41231	296.48242	295.90597	295.98901	295.31854	295.21678	294.59346	294.65325	295.08019	296.46168
09/06/2022	12:32:41	291.45055	291.57695	290.71803	291.11344	291.18640	291.19951	290.47954	290.79800	289.25541	288.83493	287.65707	287.73160	290.30030	293.39408
09/06/2022	12:32:44	286.33869	287.00845	286.65986	287.40673	287.80582	287.97703	287.37190	287.94768	285.89190	286.01737	284.98631	285.69586	288.67815	292.06654
09/06/2022	12:32:48	284.45338	285.14611	284.69923	285.46969	285.64170	286.19052	285.22641	285.92712	283.61796	284.01999	282.82611	283.85597	287.40697	290.78770
09/06/2022	12:32:52	282.42126	283.15970	282.56258	283.15462	283.24329	284.10903	282.87572	283.55220	281.00106	281.52798	280.19781	281.53330	286.02396	289.58734
09/06/2022	12:32:55	279.87796	280.66999	279.84317	280.44305	280.38761	281.50363	280.02717	280.96679	278.13104	278.51898	277.24229	278.79858	284.09630	288.16792
09/06/2022	12:32:59	277.21340	277.71657	276.69891	277.45833	277.45689	278.61116	277.13489	278.18039	275.24421	275.54815	274.17344	275.91320	281.72202	286.23976
09/06/2022	12:33:02	274.54775	274.55699	273.65012	274.49897	274.56996	275.51104	274.06070	275.22824	272.49463	272.80840	271.17094	272.98200	278.98432	284.04068
09/06/2022	12:33:06	272.02513	271.56920	270.73330	271.65656	271.71732	272.42201	270.76023	272.37615	269.60799	270.05888	268.10457	269.89414	276.24519	281.67095
09/06/2022	12:33:10	268.83741	268.14143	267.44091	268.17918	268.00713	268.84345	266.82966	268.55685	265.72799	266.11556	263.78797	265.89609	271.93651	278.62756
09/06/2022	12:33:13	264.44667	263.83736	263.15742	263.85918	263.43209	264.30632	262.09591	264.46522	261.17679	261.69807	259.14014	261.80416	267.82555	275.46664
09/06/2022	12:33:17	260.32522	259.70692	259.02140	259.85897	259.43614	260.43312	257.88634	260.92810	257.27488	258.01205	255.11636	258.17382	264.15838	272.40623
09/06/2022	12:33:20	256.80198	256.10610	255.41814	256.43941	255.96487	257.00502	254.19008	257.51748	253.88530	254.59081	251.62207	254.89631	260.82656	269.45043
09/06/2022	12:33:24	253.68374	252.75824	252.28526	253.17045	252.58165	253.90520	250.92921	254.65174	250.74296	251.50933	248.49716	251.66927	257.51367	266.49340
09/06/2022	12:33:28	250.76300	249.60193	249.14665	249.99918	249.51431	250.91748	247.87547	251.84308	247.83483	248.44218	245.49833	248.65597	254.34559	263.52089
09/06/2022	12:33:31	248.02923	246.60686	246.26324	247.05628	246.56899	248.03328	244.86316	249.00610	244.86727	245.49845	242.61152	245.75872	251.12109	260.50112
09/06/2022	12:33:35	245.32613	243.54582	243.25193	244.25410	243.66579	245.17680	241.74407	246.27552	242.03492	242.57148	239.82728	242.89034	247.95560	257.45899
09/06/2022	12:33:38	242.60846	240.62172	240.40465	241.42001	240.78209	242.42046	238.79857	243.47454	239.04349	239.71590	236.94967	239.98979	244.73972	254.38459
09/06/2022	12:33:42	239.97605	237.77750	237.60597	238.57398	238.02427	239.67898	236.00008	240.77233	236.37564	236.96696	234.10864	237.21119	241.55936	251.28150
09/06/2022	12:33:46	237.43757	234.96716	234.80787	235.71205	235.23407	236.92626	233.19092	238.15678	233.64034	234.20480	231.34533	234.48200	238.47049	248.16710
09/06/2022	12:33:49	235.02576	232.23782	232.20589	232.97097	232.57264	234.17322	230.38552	235.55617	231.11837	231.55820	228.69613	231.90354	235.45784	245.09003
09/06/2022	12:33:53	232.67820	229.64300	229.61841	230.31526	229.95098	231.44205	227.57621	233.01597	228.60450	228.95740	226.13799	229.40774	232.50240	242.01825
09/06/2022	12:33:56	230.42695	227.15840	227.17850	227.77441	227.43587	228.80619	224.85642	230.54642	226.22135	226.46454	223.68611	226.99093	229.61159	239.00007
09/06/2022	12:34:00	228.22854	224.73906	224.80314	225.34632	224.99870	226.25530	222.23804	228.12284	223.87280	224.04102	221.30093	224.64893	226.76524	236.02374
09/06/2022	12:34:04	226.04261	222.32550	222.43349	222.90962	222.56760	223.73876	219.66009	225.75542	221.57914	221.65164	218.98096	222.32737	223.92060	233.07216
09/06/2022	12:34:07	223.89018	219.94939	220.04307	220.50868	220.21108	221.30725	217.15581	223.44746	219.36869	219.32118	216.72437	220.04857	221.16730	230.19488
09/06/2022	12:34:11	221.78342	217.63313	217.77523	218.15074	217.86084	218.94371	214.76479	221.21490	217.20389	217.06335	214.52841	217.83896	218.47632	227.38493
09/06/2022	12:34:14	219.70604	215.35008	215.52509	215.84365	215.57339	216.61504	212.38308	219.01683	215.06206	214.82275	212.36286	215.66923	215.85057	224.64438
09/06/2022	12:34:18	217.67030	213.11751	213.32177	213.61597	213.36153	214.35530	210.06670	216.88469	212.98993	212.64507	210.26581	213.54564	213.31806	221.95750
09/06/2022	12:34:22	215.45182	210.60646	210.72690	210.93302	210.62386	211.53351	207.17305	214.15487	210.28261	209.85509	207.52282	210.86182	210.20108	218.82395
09/06/2022	12:34:25	213.11271	208.22563	208.48535	208.71641	208.49265	209.40273	205.02087	212.16668	208.40314	207.92952	205.68078	208.97781	207.94732	216.44617
09/06/2022	12:34:29	211.34027	206.28585	206.50933	206.65384	206.40730	207.21745	202.74822	209.99840	206.36394	205.72091	203.53706	206.81180	205.43978	213.84007
09/06/2022	12:34:32	209.27623	204.08313	204.36664	204.53169	204.34761	205.15615	200.67979	208.06361	204.85875	203.82571	201.71995	204.96372	203.28875	211.57960
09/06/2022	12:34:36	207.54335	202.22185	202.51232	202.64338	202.46124	203.22283	198.73802	206.15177	203.28490	201.78419	199.69595	202.88043	200.90035	209.08206
09/06/2022	12:34:40	205.47336	200.01845	200.31089	200.42202	200.27050	200.98407	196.45834	204.00025	201.56733	199.77641	197.78986	200.99287	198.79541	206.93000
09/06/2022	12:34:43	203.76384	198.23047	198.53081	198.62088	198.48763	199.16134	194.62730	202.21278	200.09287	198.01545	196.06830	199.24910	196.81519	204.88279
09/06/2022	12:34:47	202.08323	196.45840	196.76133	196.81351	196.69525	197.32562	192.82632	200.40531	198.54203	196.24289	194.33468	197.50475	194.84769	202.86620
09/06/2022	12:34:50	200.40636	194.69857	195.00226	195.01990	194.92370	195.51493	191.07824	198.63439	196.95845	194.49964	192.61072	195.79197	192.93463	200.91304
09/06/2022	12:34:54	198.74448	192.96177	193.26764	193.25936	193.18583	193.74373	189.33417	196.90083	195.36007	192.78835	190.92261	194.11492	191.07001	199.02125
09/06/2022	12:34:58	197.10713	191.26534	191.57279	191.53592	191.48403	192.01174	187.61774	195.19645	193.74668	191.11273	189.26922	192.46342	189.25234	197.19493
09/06/2022	12:35:01	195.49359	189.60291	189.91006	189.83989	189.81446	190.31869	185.92681	193.54081	192.14491	189.47406	187.64608	190.85281	187.48490	195.41534
09/06/2022	12:35:05	193.92048	187.98508	188.29498	188.19422	188.18811	188.66902	184.28760	191.92601	190.57644	187.87620	186.06763	189.27872	185.77506	193.71008
09/06/2022	12:35:08	192.37299	186.40101	186.71275	186.57387	186.59850	187.04710	182.67648	190.34231	189.02387	186.30574	184.52206	187.74125	184.10680	192.05174
09/06/2022	12:35:12	190.86810	184.87001	185.18146	185.00473	185.05624	185.48127	181.12175	188.81170	187.52222	184.79034	183.02881	186.25166	182.49713	190.46422
09/06/2022	12:35:16	189.39414	183.37583	183.68379	183.46598	183.54380	183.95198	179.60318	187.31202	186.05673	183.31263	181.57285	184.80079	180.94201	188.92543
09/06/2022	12:35:19	187.96648	181.92557	182.23306	181.97725	182.07931	182.46204	178.12693	185.85327	184.62512	181.86909	180.15141	183.38228	179.43106	187.43943
09/06/2022	12:35:23	186.56627	180.50946	180.81413	180.51268	180.63770	180.99676	176.67693	184.42101	183.21402	180.45698	178.76469	181.99619	177.95596	185.98692
09/06/2022	12:35:26	185.19695	179.12726	179.43300	179.08442	179.22934	179.57015	175.26643	183.02521	181.83699	179.08191	177.42079	180.64850	176.52976	184.59188
09/06/2022	12:35:30	183.85214	177.77897	178.07399	177.68341	177.84757	178.16269	173.88412	181.65524	180.48490	177.73475	176.10129	179.32783	175.13610	183.22732
09/06/2022	12:35:34	182.53713	176.46250	176.75589	176.31369	176.49768	176.79484	172.53466	180.32359	179.17571	176.42914	174.82576	178.05016	173.78939	181.91722
09/06/2022	12:35:37	181.26199	175.18599	175.47378	174.98421	175.18658	175.46493	171.22838	179.03095	177.90119	175.15710	173.58534	176.80647	172.48353	180.64474
09/06/2022	12:35:41	180.01233	173.93891	174.22612	173.68344	173.89943	174.16104	169.94688	177.77046	176.65704	173.91638	172.37707	175.59227	171.21147	179.41854
09/06/2022	12:35:44	178.78985	172.71663	173.00113	172.40626	172.63831	172.88426	168.69082	176.52987	175.44331	172.70749	171.20167	174.41855	169.97883	178.23900
09/06/2022	12:35:48	177.60757	171.53439	171.81728	171.16609	171.41602	171.64322	167.47282	175.33215	174.26719	171.52836	170.05672	173.26802	168.76535	177.09424
09/06/2022	12:35:52	176.44978	170.37754	170.65338	169.94814	170.21050	170.42448	166.27787	174.15809	173.11245	170.37625	168.93800	172.14987	167.57484	175.97439
09/06/2022	12:35:55	175.32865	169.25238	169.52808	168.75914	169.03968	169.23702	165.11568	173.01636	171.99037	169.25545	167.85292	171.06620	166.42423	174.89677
09/06/2022	12:35:59	174.23071	168.15197	168.42254	167.59560	167.88707	168.07096	163.97311	171.90214	170.89313	168.16007	166.79260	170.01126	165.29839	173.83784
09/06/2022	12:36:02	173.16574	167.08183	167.34882	166.46267	166.76897	166.93298	162.86030	170.81191	169.81870	167.09311	165.75853	168.98525	164.20375	172.80247
09/06/2022	12:36:06	172.13225	166.04397	166.30898	165.35884	165.68167	165.83003	161.78905	169.76810	168.79104	166.06858	164.77186	168.00748	163.15550	171.80362
09/06/2022	12:36:10	171.13069	165.03226	165.29115	164.28181	164.62151	164.75079	160.73824	168.74348	167.77917	165.05411	163.78602	167.02715	162.12404	170.80457
09/06/2022	12:36:13	170.11719	164.02540	164.28945	163.22820	163.59006	163.69846	159.70976	167.72225	166.76511	164.03902	162.79552	166.03915	161.10404	169.79634
09/06/2022	12:36:17	169.11360	163.03739	163.30118	162.18997	162.56511	162.66057	158.70009	166.72682	165.78188	163.05491	161.83958	165.09018	160.11448	168.82242
09/06/2022	12:36:20	168.13498	162.06877	162.33388	161.17309	161.56020	161.63788	157.70870	165.74931	164.81957	162.09301	160.90638	164.16350	159.14665	167.86088
09/06/2022	12:36:24	167.18611	161.13075	161.39491	160.18259	160.58487	160.64756	156.74188	164.79473	163.88024	161.15492	159.99996	163.26357	158.20425	166.91667
09/06/2022	12:36:28	166.25520	160.21478	160.47455	159.21341	159.63003	159.67946	155.80668	163.87169	162.96879	160.24292	159.11537	162.38242	157.29113	165.99383
09/06/2022	12:36:31	165.32213	159.30821	159.57145	158.26448	158.69580	158.73049	154.88543	162.95241	162.06863	159.33979	158.24204	161.51128	156.39073	165.08531
09/06/2022	12:36:35	164.41973	158.42868	158.69590	157.34172	157.78927	157.80990	153.99492	162.06635	161.19862	158.47480	157.40806	160.68185	155.52360	164.20584
09/06/2022	12:36:38	163.54567	157.57961	157.84124	156.44265	156.90061	156.90695	153.12259	161.19982	160.35456	157.63102	156.60126	159.87407	154.67434	163.34483
09/06/2022	12:36:42	162.68603	156.74288	157.00078	155.55670	156.02463	156.01872	152.26474	160.34589	159.52290	156.80536	155.81107	159.08162	153.84304	162.49510
09/06/2022	12:36:46	161.84549	155.93348	156.18537	154.69590	155.17335	155.15653	151.43355	159.51457	158.71627	155.99985	155.04259	158.30195	153.02953	161.66442
09/06/2022	12:36:49	161.01702	155.13530	155.38343	153.84939	154.33589	154.30747	150.61664	158.69883	157.92395	155.21355	154.28992	157.53783	152.23739	160.84463
09/06/2022	12:36:53	160.19211	154.34849	154.59652	153.02435	153.52617	153.48741	149.82599	157.88686	157.12958	154.41422	153.51250	156.73890	151.44397	160.01555
09/06/2022	12:36:56	159.34787	153.54926	153.80127	152.19684	152.70773	152.66156	149.03074	157.07549	156.33564	153.62841	152.75529	155.96654	150.66289	159.19957
09/06/2022	12:37:00	158.53594	152.78264	153.03480	151.39701	151.91519	151.86046	148.26341	156.29377	155.57918	152.87551	152.03689	155.23071	149.91288	158.41967
09/06/2022	12:37:04	157.75288	152.03750	152.28747	150.61365	151.13739	151.07438	147.51119	155.52553	154.83462	152.14047	151.33330	154.50652	149.17407	157.64307
09/06/2022	12:37:07	156.98393	151.30827	151.55360	149.84526	150.37420	150.30592	146.77625	154.77115	154.10462	151.41311	150.64088	153.79204	148.44740	156.87866
09/06/2022	12:37:11	156.22406	150.58776	150.83122	149.08938	149.62205	149.54718	146.05146	154.03090	153.38996	150.70975	149.97085	153.10196	147.74557	156.13813
09/06/2022	12:37:14	155.48669	149.89129	150.13019	148.35484	148.89256	148.81344	145.35015	153.30751	152.69506	150.02075	149.31541	152.41939	147.05519	155.40266
09/06/2022	12:37:18	154.75947	149.20741	149.43962	147.63339	148.17429	148.08888	144.66013	152.59244	152.00147	149.34110	148.66473	151.74003	146.37660	154.67708
09/06/2022	12:37:22	154.03755	148.52483	148.75149	146.91879	147.45940	147.37166	143.97713	151.88109	151.31497	148.66483	148.01599	151.06609	145.70189	153.95600
09/06/2022	12:37:25	153.32366	147.84850	148.07240	146.21284	146.75671	146.66503	143.30082	151.18006	150.63839	147.99926	147.38024	150.40681	145.04241	153.24826
09/06/2022	12:37:29	152.63467	147.19742	147.41818	145.53168	146.07694	145.98268	142.65438	150.50905	149.98863	147.36054	146.76987	149.76934	144.40620	152.56386
09/06/2022	12:37:32	151.95552	146.55747	146.77111	144.86062	145.40657	145.30952	142.01512	149.84119	149.34581	146.72457	146.16593	149.13532	143.77689	151.88538
09/06/2022	12:37:36	151.28672	145.92532	146.13326	144.20001	144.74443	144.64701	141.38665	149.18458	148.70743	146.10134	145.56983	148.51132	143.15736	151.21585
09/06/2022	12:37:40	150.63424	145.30728	145.50916	143.55129	144.09465	143.99288	140.76497	148.53469	148.08090	145.48746	144.98417	147.89634	142.54544	150.54983
09/06/2022	12:37:43	149.98183	144.69064	144.88589	142.90991	143.44863	143.34601	140.15107	147.88799	147.45150	144.87570	144.39820	147.28400	141.94001	149.89153
09/06/2022	12:37:47	149.33327	144.07855	144.26687	142.27198	142.80891	142.70545	139.54399	147.24754	146.82938	144.26977	143.81740	146.67761	141.34076	149.23823
09/06/2022	12:37:50	148.70247	143.48364	143.66383	141.65138	142.18923	142.08365	138.95513	146.63169	146.22895	143.68581	143.26036	146.09666	140.76720	148.61399
09/06/2022	12:37:54	148.09019	142.90502	143.07886	141.04718	141.58338	141.47576	138.38034	146.02680	145.64180	143.11663	142.71730	145.52297	140.19955	147.99152
09/06/2022	12:37:58	147.48515	142.33195	142.49681	140.44721	140.97854	140.87070	137.80915	145.42052	145.05158	142.54271	142.16385	144.94438	139.63058	147.36742
09/06/2022	12:38:01	146.87409	141.75604	141.91440	139.85121	140.38106	140.27260	137.24591	144.82337	144.46993	141.97701	141.62108	144.37590	139.07557	146.75836
09/06/2022	12:38:05	146.27770	141.19296	141.34626	139.26977	139.79956	139.69047	136.69503	144.24164	143.90356	141.42536	141.09393	143.82464	138.53439	146.16227
09/06/2022	12:38:08	145.69881	140.64708	140.78995	138.69960	139.22770	139.11785	136.15352	143.66579	143.34168	140.87910	140.56847	143.27336	137.99620	145.56926
09/06/2022	12:38:12	145.11626	140.09745	140.23494	138.13406	138.66083	138.55069	135.61950	143.09718	142.78547	140.33733	140.04413	142.72529	137.46483	144.98448
09/06/2022	12:38:16	144.54571	139.56160	139.69233	137.58256	138.10988	138.00084	135.09878	142.54448	142.24523	139.80984	139.53928	142.19599	136.94889	144.41312
09/06/2022	12:38:19	143.98582	139.03548	139.15874	137.03862	137.56459	137.45304	134.58208	141.99500	141.70679	139.28586	139.03449	141.66808	136.43668	143.84692
09/06/2022	12:38:23	143.43817	138.51891	138.63473	136.50841	137.03314	136.92211	134.08227	141.46202	141.18673	138.77913	138.54812	141.15956	135.94142	143.30037
09/06/2022	12:38:26	142.90343	138.01608	138.12712	135.98947	136.51431	136.40384	133.59467	140.94026	140.67569	138.28099	138.06901	140.65835	135.45352	142.75764
09/06/2022	12:38:30	142.37122	137.51449	137.61643	135.47235	135.99435	135.88377	133.10347	140.41151	140.15666	137.77505	137.58141	140.14810	134.95988	142.21068
09/06/2022	12:38:34	141.83968	137.01590	137.11246	134.96351	135.48258	135.37318	132.62140	139.89668	139.64977	137.28156	137.10669	139.65200	134.47964	141.67787
09/06/2022	12:38:37	141.32150	136.52834	136.61881	134.46486	134.98352	134.87407	132.15143	139.39360	139.15674	136.80235	136.64555	139.17270	134.01511	141.16073
09/06/2022	12:38:41	140.81583	136.05287	136.13834	133.97752	134.49289	134.38417	131.68915	138.89621	138.66730	136.32657	136.18785	138.69282	133.55156	140.64473
09/06/2022	12:38:44	140.31671	135.58256	135.66084	133.49549	134.01054	133.89985	131.23343	138.40596	138.18498	135.85689	135.73617	138.22200	133.09655	140.13740
09/06/2022	12:38:48	139.82457	135.12241	135.19392	133.02445	133.53765	133.42918	130.79092	137.93041	137.71645	135.40214	135.29988	137.76649	132.65582	139.64756
09/06/2022	12:38:52	139.34550	134.67176	134.73797	132.56423	133.07425	132.96514	130.35474	137.45851	137.25323	134.95026	134.86499	137.31190	132.21734	139.15582
09/06/2022	12:38:55	138.86937	134.22726	134.28526	132.11069	132.61933	132.50900	129.92459	136.99346	136.79475	134.50605	134.43655	136.86550	131.78643	138.67347
09/06/2022	12:38:59	138.39686	133.78506	133.83611	131.65893	132.16492	132.05593	129.49850	136.52996	136.33760	134.06079	134.00529	136.41599	131.35445	138.18940
09/06/2022	12:39:02	137.92817	133.34736	133.39203	131.21499	131.71873	131.61116	129.07874	136.07553	135.89059	133.62809	133.58878	135.98069	130.93656	137.72342
09/06/2022	12:39:06	137.47541	132.92195	132.96227	130.78328	131.28610	131.17901	128.67210	135.63605	135.45740	133.20813	133.18503	135.55819	130.53183	137.26602
09/06/2022	12:39:10	137.02998	132.50634	132.53878	130.35822	130.85894	130.75123	128.27066	135.19636	135.02309	132.78588	132.77716	135.13216	130.12179	136.80567
09/06/2022	12:39:13	136.58016	132.08668	132.11086	129.93164	130.42900	130.32150	127.86564	134.75320	134.58362	132.36034	132.36253	134.70049	129.71051	136.34097
09/06/2022	12:39:17	136.13205	131.66901	131.68777	129.51042	130.00652	129.90116	127.46993	134.32331	134.15833	131.94965	131.96749	134.29085	129.31948	135.90407
09/06/2022	12:39:20	135.71030	131.27360	131.28748	129.10862	129.60265	129.49799	127.09072	133.91144	133.75076	131.55533	131.59013	133.89719	128.94150	135.47676
09/06/2022	12:39:24	135.29704	130.88938	130.89632	128.71685	129.20983	129.10487	126.72143	133.50618	133.35026	131.16903	131.21812	133.50800	128.56982	135.05250
09/06/2022	12:39:28	134.88768	130.50816	130.50857	128.32959	128.81993	128.71533	126.35426	133.10281	132.94968	130.78249	130.84361	133.11546	128.19703	134.62891
09/06/2022	12:39:31	134.47173	130.12000	130.11427	127.93866	128.42403	128.32017	125.98291	132.69150	132.54142	130.38817	130.45979	132.71542	127.81608	134.19972
09/06/2022	12:39:35	134.05678	129.73518	129.72254	127.55090	128.03556	127.93270	125.61689	132.29100	132.14285	130.00381	130.08797	132.32789	127.44942	133.78433
09/06/2022	12:39:38	133.65432	129.36003	129.34127	127.17247	127.65391	127.55077	125.25805	131.89442	131.74921	129.62354	129.71862	131.94249	127.08397	133.36837
09/06/2022	12:39:42	133.25309	128.98634	128.96335	126.79874	127.27788	127.17663	124.90504	131.50687	131.36491	129.25422	129.36509	131.57572	126.73062	132.96239
09/06/2022	12:39:46	132.86650	128.62279	128.58389	126.41773	126.88570	126.78338	124.53638	131.08476	130.95283	128.86025	128.97100	131.15020	126.33112	132.49541
09/06/2022	12:39:49	132.39937	128.19822	128.14773	125.99956	126.45925	126.36351	124.14326	130.64041	130.51564	128.44153	128.55456	130.71688	125.92948	132.03867
09/06/2022	12:39:53	131.95816	127.79099	127.73580	125.59873	126.05723	125.96284	123.76643	130.22046	130.10406	128.04462	128.16433	130.31011	125.55105	131.60745
09/06/2022	12:39:56	131.53695	127.39992	127.33874	125.20843	125.66398	125.57171	123.39625	129.80796	129.69988	127.64997	127.78012	129.90760	125.17194	131.17276
09/06/2022	12:40:00	131.11569	127.00725	126.93803	124.81453	125.26698	125.17553	123.02321	129.39026	129.29240	127.25440	127.39187	129.50317	124.79333	130.74367
09/06/2022	12:40:04	130.69553	126.61836	126.54142	124.42628	124.87526	124.78654	122.65485	128.97785	128.88986	126.86301	127.00809	129.10080	124.41847	130.31734
09/06/2022	12:40:07	130.28262	126.23457	126.15308	124.04651	124.49259	124.40637	122.29451	128.57723	128.50020	126.48298	126.63618	128.71252	124.05624	129.90345
09/06/2022	12:40:11	129.87712	125.85882	125.77106	123.67151	124.11618	124.03029	121.93987	128.18286	128.11588	126.10843	126.27214	128.33028	123.70085	129.49875
09/06/2022	12:40:14	129.48703	125.49469	125.40214	123.30900	123.75095	123.66678	121.59522	127.79638	127.74002	125.74122	125.91228	127.95441	123.35066	129.09887
09/06/2022	12:40:18	129.09430	125.13304	125.03429	122.94640	123.38663	123.30423	121.25317	127.41346	127.36725	125.37810	125.55913	127.58332	123.00534	128.70417
09/06/2022	12:40:22	128.71579	124.78060	124.67823	122.59825	123.03578	122.95377	120.92201	127.04302	127.00721	125.02681	125.21663	127.22396	122.67106	128.32206
09/06/2022	12:40:25	128.34237	124.43535	124.32677	122.25273	122.68791	122.60649	120.59107	126.67161	126.64324	124.67297	124.87085	126.86113	122.33483	127.93707
09/06/2022	12:40:29	127.96720	124.08911	123.97529	121.90967	122.34308	122.26177	120.26570	126.30722	126.28390	124.32560	124.53230	126.50705	122.00549	127.56233
09/06/2022	12:40:32	127.60481	123.75293	123.63483	121.57587	122.00674	121.92709	119.94958	125.95249	125.93548	123.98953	124.20565	126.16408	121.68559	127.19729
09/06/2022	12:40:36	127.25006	123.42536	123.30082	121.24790	121.67621	121.59663	119.63510	125.59941	125.58969	123.65574	123.88049	125.82141	121.36153	126.82612
09/06/2022	12:40:40	126.89202	123.09402	122.96156	120.91608	121.33727	121.25837	119.31422	125.23351	125.22922	123.30939	123.53920	125.46168	121.03185	126.44843
09/06/2022	12:40:43	126.52238	122.75453	122.61686	120.58252	121.00057	120.92287	118.99647	124.87516	124.87698	122.97128	123.20647	125.11230	120.70993	126.08153
09/06/2022	12:40:47	126.16558	122.42506	122.28275	120.25630	120.67226	120.59710	118.68779	124.52624	124.53568	122.63560	122.88331	124.77216	120.39598	125.72280
09/06/2022	12:40:50	125.81782	122.10458	121.95785	119.93970	120.35316	120.27950	118.38576	124.18734	124.20387	122.30948	122.56980	124.44383	120.09340	125.37638
09/06/2022	12:40:54	125.48099	121.79357	121.64206	119.63112	120.04222	119.96888	118.09129	123.85315	123.87752	121.98949	122.25980	124.11407	119.78910	125.02620
09/06/2022	12:40:58	125.14259	121.48188	121.32415	119.32119	119.72771	119.65513	117.79361	123.51508	123.54673	121.66770	121.94708	123.78541	119.48586	124.67833
09/06/2022	12:41:01	124.80143	121.16785	121.00515	119.01188	119.41514	119.34298	117.49805	123.17861	123.21628	121.34756	121.63394	123.45451	119.18385	124.33172
09/06/2022	12:41:05	124.46495	120.85853	120.68988	118.70556	119.10690	119.03678	117.20623	122.84762	122.89323	121.03314	121.32808	123.13124	118.88752	123.99365
09/06/2022	12:41:08	124.13740	120.55579	120.38238	118.40582	118.80482	118.73534	116.92098	122.52515	122.57780	120.72738	121.03018	122.81729	118.59905	123.66214
09/06/2022	12:41:12	123.78420	120.18438	120.02239	118.08975	118.50754	118.44691	116.65475	122.23021	122.29651	120.36923	120.43587	122.04508	117.99687	123.01494
09/06/2022	12:41:16	122.72276	119.07189	118.79694	117.65446	118.68591	117.95456	116.36481	121.66518	121.60505	119.55005	119.15031	121.16297	117.42559	122.17348
09/06/2022	12:41:19	122.13299	118.56138	118.42791	117.19321	117.86575	117.71510	116.04735	121.37212	121.31252	119.24780	119.00708	120.58704	116.92522	121.77380
09/06/2022	12:41:23	121.32568	117.98319	117.63565	116.56388	117.21188	117.23800	115.62817	120.92822	120.87678	118.77784	118.56545	120.02259	116.42575	121.29570
09/06/2022	12:41:26	120.72442	117.46306	117.00308	116.05858	116.73225	116.86142	115.28158	120.57726	120.53555	118.39297	118.16936	119.58754	116.05392	120.89423
09/06/2022	12:41:30	120.23952	117.02707	116.50599	115.64285	116.34263	116.53232	114.99090	120.23982	120.21822	118.04223	117.81349	119.18582	115.69688	120.48903
09/06/2022	12:41:34	119.77552	116.60731	116.04209	115.24841	115.96338	116.20347	114.69002	119.88632	119.87304	117.66705	117.44704	118.77110	115.32259	120.07415
09/06/2022	12:41:37	119.31301	116.19050	115.59235	114.83607	115.56183	115.84420	114.36509	119.52076	119.50598	117.28615	117.02656	118.33190	114.93485	119.64842
09/06/2022	12:41:41	118.82705	115.75156	115.15919	114.42411	115.15650	115.47816	114.02856	119.13495	119.13475	116.90934	116.62843	117.90452	114.55436	119.23057
09/06/2022	12:41:44	118.35359	115.31560	114.73597	114.02465	114.76384	115.12405	113.70001	118.74917	118.74724	116.53082	116.24231	117.47264	114.18234	118.81283
09/06/2022	12:41:48	117.91369	114.90219	114.33052	113.63101	114.37834	114.77056	113.37318	118.38071	118.38166	116.14321	115.86291	117.05600	113.80692	118.39920
09/06/2022	12:41:52	117.48936	114.50174	113.94455	113.24849	114.00272	114.41675	113.04245	118.00573	118.00407	115.77790	115.47202	116.65945	113.43969	117.99182
09/06/2022	12:41:55	117.05985	114.10134	113.56858	112.86516	113.62888	114.06190	112.71068	117.62512	117.62182	115.40634	115.08800	116.24647	113.07669	117.59172
09/06/2022	12:41:59	116.62237	113.70520	113.19341	112.48748	113.25892	113.71245	112.38557	117.25640	117.26460	115.04210	114.71720	115.85553	112.72769	117.20117
09/06/2022	12:42:02	116.20757	113.33080	112.83524	112.12631	112.90486	113.37773	112.07211	116.89846	116.92088	114.68493	114.36177	115.48495	112.38303	116.81620
09/06/2022	12:42:06	115.80504	112.95049	112.47802	111.76479	112.55209	113.03984	111.75427	116.53585	116.57368	114.33565	114.00213	115.08004	112.03710	116.43616
09/06/2022	12:42:10	115.39146	112.58612	112.12551	111.40308	112.20137	112.70108	111.43301	116.15717	116.20097	113.98362	113.64608	114.69453	111.69159	116.04845
09/06/2022	12:42:13	114.99279	112.20483	111.77129	111.04976	111.85648	112.36759	111.11711	115.79005	115.84354	113.62965	113.30530	114.31971	111.35289	115.67111
09/06/2022	12:42:17	114.61032	111.85559	111.43854	110.70760	111.52231	112.04202	110.81056	115.44634	115.51438	113.27960	112.93810	113.95318	111.02758	115.30669
09/06/2022	12:42:21	114.21891	111.50325	111.09994	110.37046	111.19592	111.72065	110.50609	115.10434	115.18391	112.94966	112.58854	113.57687	110.69474	114.94479
09/06/2022	12:42:24	113.83357	111.15630	110.77083	110.03835	110.86993	111.40163	110.20209	114.75594	114.84447	112.62087	112.27000	113.22804	110.36061	114.58888
09/06/2022	12:42:28	113.45702	110.81608	110.44494	109.70976	110.54740	111.08492	109.90011	114.41098	114.49493	112.28646	111.95058	112.87844	110.02796	114.23532
09/06/2022	12:42:31	113.09594	110.48175	110.12060	109.38437	110.22902	110.77232	109.60143	114.07296	114.16770	111.95593	111.62251	112.52527	109.70228	113.88776
09/06/2022	12:42:35	112.73505	110.14958	109.80187	109.06540	109.91813	110.46465	109.31071	113.74653	113.85811	111.62791	111.27957	112.18038	109.38409	113.54340
09/06/2022	12:42:39	112.36985	109.81762	109.48752	108.74782	109.60634	110.15809	109.01881	113.41750	113.53701	111.32202	110.95245	111.84124	109.07630	113.20417
09/06/2022	12:42:42	112.01460	109.49476	109.18180	108.44238	109.30655	109.86478	108.73549	113.09636	113.21413	111.01772	110.64072	111.51216	108.77640	112.87462
09/06/2022	12:42:46	111.67462	109.17952	108.88206	108.14209	109.01256	109.57135	108.45602	112.77750	112.89954	110.70947	110.33379	111.18921	108.48312	112.54423
09/06/2022	12:42:49	111.34442	108.86876	108.58740	107.84436	108.71757	109.28090	108.17786	112.46104	112.58999	110.39789	110.03237	110.86703	108.19023	112.21632
09/06/2022	12:42:53	111.01608	108.56002	108.29587	107.54826	108.42386	108.99030	107.90130	112.15097	112.29106	110.08939	109.72401	110.54998	107.90476	111.89692
09/06/2022	12:42:57	110.68888	108.25755	108.00565	107.25519	108.13613	108.70377	107.62660	111.84129	111.99261	109.78421	109.42748	110.23658	107.61671	111.57579
09/06/2022	12:43:00	110.36324	107.95774	107.71369	106.96396	107.84753	108.41665	107.35298	111.53001	111.69488	109.48368	109.14302	109.93097	107.33448	111.26239
09/06/2022	12:43:04	110.04848	107.66936	107.43087	106.68208	107.56798	108.13835	107.08608	111.22363	111.39680	109.19950	108.84822	109.62728	107.05744	110.95461
09/06/2022	12:43:07	109.72866	107.38368	107.15338	106.40485	107.29709	107.86461	106.82474	110.92433	111.10657	108.91663	108.55386	109.33775	106.78865	110.65278
09/06/2022	12:43:11	109.41806	107.10480	106.88173	106.13623	107.02988	107.59976	106.57081	110.63281	110.81635	108.64028	108.27335	109.04648	106.52420	110.35256
09/06/2022	12:43:15	109.12267	106.82518	106.61127	105.86944	106.76395	107.33803	106.31756	110.34195	110.52869	108.35785	108.00024	108.75143	106.26488	110.05676
09/06/2022	12:43:18	108.82315	106.55147	106.34767	105.60508	106.50046	107.07651	106.06613	110.05566	110.25034	108.08236	107.72666	108.46125	106.00745	109.76263
09/06/2022	12:43:22	108.52919	106.28132	106.08060	105.33871	106.23496	106.81204	105.81297	109.76744	109.97248	107.80708	107.45483	108.17404	105.74776	109.47222
09/06/2022	12:43:25	108.25024	106.01504	105.81806	105.08105	105.97899	106.55679	105.56936	109.48614	109.70825	107.53648	107.19882	107.89938	105.49863	109.19179
09/06/2022	12:43:29	107.97270	105.75668	105.56455	104.83384	105.73192	106.31204	105.33388	109.21448	109.45105	107.27046	106.93011	107.62677	105.25141	108.91386
09/06/2022	12:43:33	107.68919	105.49556	105.31282	104.58508	105.48238	106.06532	105.09507	108.94103	109.18646	107.01509	106.66222	107.35758	105.00908	108.63781
09/06/2022	12:43:36	107.41186	105.24605	105.06732	104.34036	105.23769	105.81923	104.85898	108.66701	108.92472	106.76464	106.41101	107.09226	104.77492	108.36497
09/06/2022	12:43:40	107.14184	104.99551	104.82184	104.10279	104.99999	105.58035	104.63077	108.40090	108.66583	106.51552	106.16787	106.82931	104.54456	108.09776
09/06/2022	12:43:43	106.86906	104.75037	104.58227	103.87037	104.76732	105.34980	104.40898	108.14370	108.41136	106.26983	105.92820	106.57012	104.31787	107.83631
09/06/2022	12:43:47	106.60886	104.51114	104.35150	103.64041	104.53401	105.11850	104.18623	107.88826	108.16022	106.02508	105.68903	106.31846	104.09465	107.57761
09/06/2022	12:43:51	106.36624	104.28060	104.12071	103.41668	104.31150	104.89429	103.97191	107.63838	107.91721	105.79179	105.46126	106.07816	103.87954	107.32819
09/06/2022	12:43:54	106.12087	104.05334	103.89527	103.19895	104.09055	104.67830	103.76379	107.39301	107.68041	105.55977	105.22948	105.84156	103.66638	107.08008
09/06/2022	12:43:58	105.88098	103.83071	103.67818	102.98184	103.87259	104.45937	103.55350	107.14984	107.44696	105.32578	105.00084	105.61119	103.45486	106.83898
09/06/2022	12:44:01	105.64499	103.61276	103.45919	102.77158	103.66319	104.25087	103.35565	106.91596	107.22630	105.09734	104.77330	105.37685	103.24798	106.60064
09/06/2022	12:44:05	105.40729	103.39842	103.25117	102.56626	103.45344	104.04139	103.15250	106.67801	106.99630	104.87776	104.55015	105.14902	103.04565	106.36407
09/06/2022	12:44:09	105.18267	103.18690	103.04006	102.36132	103.24887	103.83465	102.95501	106.44145	106.77911	104.66608	104.33178	104.92114	102.84842	106.13442
09/06/2022	12:44:12	104.94545	102.97550	102.83385	102.16124	103.04317	103.63249	102.75941	106.21553	106.56176	104.45102	104.12888	104.69830	102.65363	105.90273
09/06/2022	12:44:16	104.72601	102.77128	102.63060	101.96255	102.84429	103.43119	102.56552	105.98803	106.33324	104.24136	103.92320	104.48452	102.45863	105.67339
09/06/2022	12:44:19	104.50173	102.56816	102.42928	101.76805	102.64510	103.23327	102.37554	105.76551	106.11593	104.02994	103.70970	104.26779	102.26595	105.44781
09/06/2022	12:44:23	104.28665	102.36798	102.23089	101.57384	102.45163	103.03845	102.18919	105.54624	105.89822	103.81967	103.50972	104.05970	102.07672	105.22339
09/06/2022	12:44:27	104.07731	102.17309	102.03511	101.38724	102.25825	102.84619	102.00630	105.32954	105.69084	103.61587	103.30584	103.85477	101.89046	105.00523
09/06/2022	12:44:30	103.86774	101.98172	101.84670	101.20176	102.07169	102.65619	101.82615	105.11646	105.48858	103.40725	103.10664	103.64890	101.70471	104.78806
09/06/2022	12:44:34	103.66102	101.79075	101.65850	101.01909	101.88545	102.47097	101.64568	104.90470	105.28148	103.21031	102.91117	103.45177	101.52073	104.57685
09/06/2022	12:44:37	103.46334	101.60666	101.47013	100.83762	101.70158	102.28816	101.47220	104.69667	105.08626	103.01646	102.71532	103.24565	101.34048	104.36739
09/06/2022	12:44:41	103.25248	101.41901	101.28706	100.65751	101.51725	102.10009	101.29124	104.48145	104.87558	102.82027	102.51896	103.04691	101.15966	104.15482
09/06/2022	12:44:45	103.05031	101.23059	101.09902	100.47773	101.33324	101.91873	101.11388	104.27380	104.67403	102.62277	102.32306	102.84098	100.97837	103.94176
09/06/2022	12:44:48	102.84937	101.04552	100.91614	100.29863	101.15127	101.73372	100.93885	104.06559	104.46566	102.42934	102.13443	102.64738	100.80182	103.73493
09/06/2022	12:44:52	102.65055	100.86250	100.73453	100.12573	100.97299	101.55508	100.76621	103.86594	104.27098	102.23822	101.94801	102.45309	100.62868	103.53195
09/06/2022	12:44:55	102.46077	100.68559	100.55635	99.95499	100.80058	101.38428	100.59948	103.66758	104.07648	102.05350	101.76050	102.26536	100.45740	103.33127
09/06/2022	12:44:59	102.26709	100.51002	100.38326	99.78461	100.62518	101.20711	100.43245	103.47110	103.88447	101.86402	101.57989	102.07836	100.28785	103.13224
09/06/2022	12:45:03	102.08167	100.33491	100.20800	99.61633	100.45328	101.03703	100.26671	103.27432	103.69423	101.67901	101.39450	101.89105	100.11622	102.93488
09/06/2022	12:45:06	101.89207	100.16250	100.03443	99.45006	100.28371	100.86700	100.10502	103.08243	103.50750	101.49448	101.21637	101.70813	99.94940	102.73755
09/06/2022	12:45:10	101.70676	99.99191	99.86449	99.28528	100.11434	100.69378	99.93836	102.88760	103.32351	101.31369	101.03688	101.52391	99.78262	102.54598
09/06/2022	12:45:13	101.52375	99.82146	99.69585	99.12315	99.94803	100.52927	99.77867	102.69748	103.13448	101.13732	100.86395	101.34819	99.62048	102.35656
09/06/2022	12:45:17	101.34421	99.65693	99.52833	98.96528	99.78564	100.36676	99.62215	102.51295	102.95771	100.96365	100.69059	101.16851	99.45976	102.16858
09/06/2022	12:45:21	101.16986	99.49547	99.36557	98.80629	99.62344	100.19957	99.46281	102.32181	102.77430	100.79203	100.51563	100.99097	99.29954	101.98277
09/06/2022	12:45:24	100.98769	99.33123	99.20354	98.64981	99.46329	100.03929	99.30656	102.13795	102.59172	100.61824	100.34944	100.82040	99.14309	101.79845
09/06/2022	12:45:28	100.81570	99.17099	99.04342	98.49754	99.30691	99.88402	99.15605	101.95967	102.41853	100.44987	100.18201	100.64878	98.98985	101.61773
09/06/2022	12:45:31	100.64660	99.01415	98.88369	98.34556	99.15192	99.72612	99.00589	101.78079	102.24356	100.28417	100.01354	100.47938	98.83519	101.43869
09/06/2022	12:45:35	100.47657	98.85864	98.72823	98.19558	98.99685	99.56969	98.85389	101.60218	102.06848	100.11850	99.85373	100.31462	98.68585	101.26168
09/06/2022	12:45:39	100.30852	98.70370	98.57480	98.04843	98.84364	99.41649	98.70728	101.42914	101.89831	99.95265	99.69236	100.14957	98.53966	101.08617
09/06/2022	12:45:42	100.14468	98.55197	98.42144	97.90243	98.69545	99.26566	98.56176	101.25877	101.73356	99.79185	99.53086	99.98667	98.39628	100.91381
09/06/2022	12:45:46	99.98321	98.40387	98.27009	97.75920	98.54702	99.11730	98.42038	101.08859	101.56835	99.63372	99.37418	99.82818	98.25677	100.74575
09/06/2022	12:45:49	99.82256	98.25741	98.12168	97.61717	98.40209	98.96949	98.27687	100.92139	101.40497	99.47650	99.22155	99.67194	98.11692	100.57788
09/06/2022	12:45:53	99.66620	98.11299	97.97762	97.47832	98.25801	98.82614	98.13850	100.75749	101.24455	99.32193	99.07074	99.51827	97.98067	100.41441
09/06/2022	12:45:57	99.51093	97.96869	97.83399	97.33959	98.11722	98.68358	98.00005	100.59540	101.08588	99.16813	98.91976	99.36294	97.84280	100.25086
09/06/2022	12:46:00	99.35912	97.82776	97.69349	97.20596	97.97791	98.54372	97.86583	100.43602	100.93127	99.01877	98.77069	99.21103	97.70787	100.09221
09/06/2022	12:46:04	99.20735	97.68896	97.55246	97.07122	97.84066	98.40541	97.73177	100.27903	100.77740	98.87180	98.62424	99.06292	97.57474	99.93404
09/06/2022	12:46:07	99.05739	97.55360	97.41442	96.94007	97.70464	98.26876	97.60134	100.12223	100.62548	98.72698	98.48199	98.91786	97.44419	99.78005
09/06/2022	12:46:11	98.91158	97.41871	97.27782	96.80902	97.57171	98.13404	97.46895	99.96756	100.47361	98.58145	98.33978	98.77239	97.31187	99.62420
09/06/2022	12:46:15	98.76639	97.28506	97.14143	96.68054	97.43669	97.99800	97.34005	99.81363	100.32411	98.43732	98.19827	98.62606	97.18332	99.47167
09/06/2022	12:46:18	98.62264	97.15262	97.00820	96.55246	97.30803	97.86959	97.21346	99.66555	100.17911	98.29821	98.06169	98.48474	97.05691	99.32332
09/06/2022	12:46:22	98.48325	97.02308	96.87785	96.42830	97.17739	97.73727	97.08980	99.51696	100.03517	98.15967	97.92414	98.34447	96.93128	99.17624
09/06/2022	12:46:25	98.34265	96.89351	96.74786	96.30406	97.05037	97.60916	96.96489	99.36837	99.89184	98.02200	97.78723	98.20492	96.80596	99.02820
09/06/2022	12:46:29	98.20453	96.76408	96.61876	96.18095	96.92271	97.47843	96.84026	99.22016	99.74664	97.88409	97.65000	98.06631	96.68059	98.88204
09/06/2022	12:46:33	98.06503	96.63583	96.49077	96.05859	96.79480	97.35039	96.71721	99.07307	99.60405	97.74856	97.51527	97.93053	96.55787	98.73868
09/06/2022	12:46:36	97.92817	96.51079	96.36447	95.93819	96.67270	97.22573	96.59656	98.93119	99.46475	97.61729	97.38568	97.79866	96.43844	98.59875
09/06/2022	12:46:40	97.79577	96.38946	96.24222	95.82145	96.55120	97.10344	96.48035	98.79028	99.32909	97.48819	97.25798	97.66897	96.32138	98.46157
09/06/2022	12:46:43	97.66558	96.26994	96.12124	95.70646	96.43251	96.98354	96.36381	98.65200	99.19354	97.35946	97.13159	97.54060	96.20529	98.32559
09/06/2022	12:46:47	97.53716	96.15256	96.00214	95.59173	96.31526	96.86506	96.24982	98.51699	99.06102	97.23334	97.00807	97.41494	96.09126	98.19166
09/06/2022	12:46:51	97.41147	96.03766	95.88529	95.47968	96.19948	96.74768	96.13814	98.38280	98.93123	97.11007	96.88609	97.29150	95.98010	98.06068
09/06/2022	12:46:54	97.28691	95.92383	95.77113	95.37118	96.08660	96.63356	96.02913	98.25327	98.80716	96.99107	96.76851	97.17156	95.86993	97.93266
09/06/2022	12:46:58	97.16664	95.81188	95.65553	95.26042	95.97335	96.52161	95.91921	98.12251	98.67982	96.87098	96.64867	97.04930	95.76079	97.80334
09/06/2022	12:47:01	97.04420	95.69834	95.53932	95.15133	95.85994	96.40434	95.80877	97.99087	98.55161	96.74805	96.52716	96.92473	95.64824	97.67295
09/06/2022	12:47:05	96.92163	95.58524	95.42515	95.04353	95.74609	96.29110	95.70047	97.86060	98.42527	96.62759	96.40743	96.80268	95.53964	97.54578
09/06/2022	12:47:09	96.80051	95.47269	95.31193	94.93706	95.63855	96.18088	95.59361	97.73423	98.30211	96.50990	96.29160	96.68490	95.43433	97.42212
09/06/2022	12:47:12	96.68235	95.36525	95.20238	94.83372	95.52958	96.07120	95.48698	97.60859	98.17995	96.39252	96.17553	96.56646	95.32756	97.29710
09/06/2022	12:47:16	96.56460	95.25676	95.09216	94.72930	95.42008	95.95974	95.38193	97.48279	98.05759	96.27544	96.06032	96.45009	95.22191	97.17359
09/06/2022	12:47:19	96.44999	95.15042	94.98379	94.62575	95.31379	95.85368	95.27974	97.35977	97.93762	96.16139	95.94814	96.33525	95.11937	97.05321
09/06/2022	12:47:23	96.33739	95.04561	94.87749	94.52504	95.20975	95.74957	95.17673	97.24082	97.82028	96.04858	95.83817	96.22316	95.01771	96.93445
09/06/2022	12:47:27	96.22561	94.94247	94.77251	94.42566	95.10728	95.64414	95.07616	97.12156	97.70364	95.93684	95.72981	96.11278	94.91741	96.81693
09/06/2022	12:47:30	96.11359	94.84007	94.66994	94.32744	95.00432	95.54071	94.97811	97.00407	97.58799	95.82849	95.62272	96.00503	94.81856	96.70227
09/06/2022	12:47:34	96.00577	94.74020	94.56847	94.23118	94.90467	95.44032	94.88108	96.88847	97.47445	95.72198	95.51778	95.89819	94.72141	96.59041
09/06/2022	12:47:37	95.90056	94.64277	94.46919	94.13709	94.80731	95.34274	94.78628	96.77645	97.36480	95.61820	95.41497	95.79449	94.62655	96.48070
09/06/2022	12:47:41	95.79697	94.54802	94.37246	94.04501	94.71236	95.24499	94.69235	96.66497	97.25735	95.51574	95.31285	95.69080	94.53310	96.37246
09/06/2022	12:47:45	95.69441	94.45426	94.27679	93.95322	94.61663	95.14813	94.60015	96.55497	97.15072	95.41364	95.21056	95.58789	94.44047	96.26373
09/06/2022	12:47:48	95.59229	94.36000	94.18136	93.86137	94.52120	95.05049	94.50789	96.44434	97.04301	95.31069	95.10929	95.48474	94.34781	96.15452
09/06/2022	12:47:52	95.49067	94.26574	94.08622	93.77076	94.42691	94.95643	94.41673	96.33544	96.93580	95.20847	95.01051	95.38239	94.25599	96.04820
09/06/2022	12:47:55	95.39137	94.17250	93.99155	93.68172	94.33440	94.86232	94.32667	96.22975	96.82970	95.10933	94.91257	95.28397	94.16593	95.94426
09/06/2022	12:47:59	95.29145	94.08011	93.89784	93.59317	94.24326	94.77041	94.23587	96.12242	96.72423	95.01042	94.81460	95.18466	94.07598	95.83930
09/06/2022	12:48:03	95.19078	93.98851	93.80609	93.50451	94.15133	94.67904	94.14645	96.01679	96.62128	94.91251	94.71633	95.08656	93.98820	95.73717
09/06/2022	12:48:06	95.09334	93.89963	93.71612	93.41914	94.06269	94.58694	94.05980	95.91443	96.52328	94.81772	94.62342	94.99210	93.90391	95.63728
09/06/2022	12:48:10	95.00239	93.81524	93.62884	93.33528	93.97605	94.49999	93.97651	95.81541	96.42497	94.72554	94.53283	94.89881	93.82068	95.53907
09/06/2022	12:48:13	94.90792	93.72888	93.54232	93.25156	93.89035	94.41194	93.89213	95.71450	96.32541	94.63186	94.44126	94.80545	93.73684	95.44077
09/06/2022	12:48:17	94.81470	93.64272	93.45629	93.17065	93.80523	94.32596	93.80978	95.61658	96.22932	94.54182	94.35167	94.71625	93.65565	95.34705
09/06/2022	12:48:21	94.72452	93.55988	93.37350	93.09047	93.72214	94.24129	93.72923	95.51868	96.13442	94.45127	94.26131	94.62444	93.57372	95.25074
09/06/2022	12:48:24	94.63480	93.47684	93.28787	93.00932	93.63725	94.15500	93.64607	95.42187	96.03921	94.35985	94.17175	94.53265	93.49110	95.15571
09/06/2022	12:48:28	94.54623	93.39458	93.20373	92.92941	93.55425	94.07217	93.56710	95.32673	95.94528	94.27254	94.08706	94.44619	93.41320	95.06422
09/06/2022	12:48:31	94.45884	93.31424	93.12430	92.85341	93.47546	93.99051	93.48812	95.23273	95.85225	94.18592	94.00013	94.35926	93.33441	94.97267
09/06/2022	12:48:35	94.37080	93.23477	93.04339	92.77574	93.39389	93.90862	93.40829	95.13672	95.76019	94.09780	93.91268	94.27096	93.25601	94.88053
09/06/2022	12:48:39	94.28522	93.15627	92.96282	92.69857	93.31429	93.82820	93.33147	95.04658	95.67079	94.01379	93.83037	94.18676	93.18087	94.79364
09/06/2022	12:48:42	94.20145	93.07797	92.88619	92.62451	93.23853	93.74957	93.25569	94.95651	95.58193	93.93069	93.74884	94.10478	93.10643	94.70653
09/06/2022	12:48:46	94.11954	93.00341	92.81072	92.55263	93.16315	93.67317	93.18177	94.86861	95.49657	93.84963	93.66759	94.02272	93.03268	94.62010
09/06/2022	12:48:49	94.03807	92.92850	92.73413	92.47846	93.08682	93.59620	93.10706	94.77932	95.40857	93.76576	93.58533	93.93823	92.95810	94.53336
09/06/2022	12:48:53	93.95465	92.85144	92.65801	92.40683	93.01142	93.51842	93.03255	94.69239	95.32186	93.68532	93.50618	93.85942	92.88610	94.44970
09/06/2022	12:48:57	93.87558	92.77946	92.58547	92.33603	92.93783	93.44565	92.96155	94.60797	95.23896	93.60705	93.42803	93.78024	92.81540	94.36795
09/06/2022	12:49:00	93.79735	92.70735	92.51192	92.26587	92.86504	93.37116	92.89009	94.52240	95.15609	93.52755	93.35009	93.70031	92.74438	94.28416
09/06/2022	12:49:04	93.71980	92.63452	92.43968	92.19615	92.79276	93.29788	92.81955	94.43876	95.07224	93.45009	93.27300	93.62237	92.67426	94.20274
09/06/2022	12:49:07	93.64081	92.56325	92.36700	92.12643	92.71920	93.22305	92.74934	94.35384	94.99001	93.37141	93.19449	93.54387	92.60404	94.12080
09/06/2022	12:49:11	93.56462	92.49115	92.29501	92.05766	92.64828	93.15067	92.67921	94.27044	94.90754	93.29342	93.11891	93.46627	92.53432	94.03985
09/06/2022	12:49:15	93.48791	92.42001	92.22394	91.98970	92.57762	93.07807	92.60976	94.18844	94.82703	93.21838	93.04434	93.39161	92.46671	93.96226
09/06/2022	12:49:18	93.41257	92.35155	92.15372	91.92275	92.50878	93.00824	92.54103	94.10786	94.74895	93.14316	92.96949	93.31561	92.39936	93.88430
09/06/2022	12:49:22	93.33868	92.28273	92.08579	91.85720	92.44048	92.93934	92.47321	94.02860	94.66942	93.06949	92.89693	93.24248	92.33362	93.80707
09/06/2022	12:49:25	93.26458	92.21592	92.01776	91.79265	92.37277	92.87081	92.40804	93.95003	94.59219	92.99754	92.82521	93.17057	92.26918	93.73251
09/06/2022	12:49:29	93.19444	92.15025	91.95304	91.73058	92.30866	92.80346	92.34487	93.87447	94.51826	92.92700	92.75642	93.09993	92.20671	93.66003
09/06/2022	12:49:33	93.12470	92.08647	91.88815	91.66847	92.24376	92.73787	92.28160	93.79905	94.44466	92.85797	92.68808	93.03144	92.14523	93.58801
09/06/2022	12:49:36	93.05654	92.02328	91.82584	91.60802	92.18223	92.67394	92.21968	93.72665	94.37394	92.79015	92.62166	92.96429	92.08485	93.51737
09/06/2022	12:49:40	92.98883	91.96117	91.76207	91.54706	92.11712	92.60859	92.15564	93.65001	94.29773	92.71888	92.54927	92.89165	92.01895	93.44080
09/06/2022	12:49:43	92.91581	91.89392	91.69522	91.48330	92.05100	92.54179	92.08921	93.57135	94.21878	92.64520	92.47687	92.81848	91.95380	93.36659
09/06/2022	12:49:47	92.84470	91.82841	91.62941	91.41994	91.98404	92.47234	92.02422	93.49532	94.14379	92.57446	92.40677	92.74725	91.88938	93.29288
09/06/2022	12:49:51	92.77542	91.76352	91.56508	91.35853	91.92059	92.40747	91.96039	93.41857	94.06825	92.50300	92.33570	92.67662	91.82627	93.22066
09/06/2022	12:49:54	92.70531	91.69887	91.50001	91.29586	91.85553	92.34275	91.89735	93.34584	93.99713	92.43494	92.26873	92.60902	91.76517	93.15062
09/06/2022	12:49:58	92.63987	91.63780	91.43915	91.23765	91.79555	92.28132	91.83676	93.27531	93.92679	92.36957	92.20391	92.54397	91.70697	93.08396
09/06/2022	12:50:01	92.57435	91.57751	91.37864	91.17898	91.73381	92.21837	91.77759	93.20512	93.85808	92.30365	92.13908	92.47811	91.64696	93.01474
09/06/2022	12:50:05	92.50905	91.51701	91.31798	91.12110	91.67363	92.15668	91.71922	93.13453	93.78891	92.23888	92.07417	92.41340	91.58865	92.94801
09/06/2022	12:50:09	92.44454	91.45768	91.25776	91.06228	91.61339	92.09508	91.65950	93.06565	93.72038	92.17374	92.01153	92.34838	91.53147	92.88176
09/06/2022	12:50:12	92.38192	91.39961	91.20025	91.00727	91.55605	92.03745	91.60216	92.99863	93.65480	92.11213	91.94977	92.28667	91.47516	92.81775
09/06/2022	12:50:16	92.31984	91.34210	91.14206	90.95147	91.49785	91.97817	91.54646	92.93148	93.58861	92.04943	91.88813	92.22376	91.41896	92.75316
09/06/2022	12:50:19	92.25801	91.28529	91.08518	90.89696	91.44042	91.91973	91.48987	92.86625	93.52406	91.98886	91.82818	92.16323	91.36470	92.69097
09/06/2022	12:50:23	92.19779	91.22967	91.02871	90.84271	91.38485	91.86389	91.43458	92.80176	93.46015	91.92853	91.76902	92.10242	91.31050	92.62921
09/06/2022	12:50:27	92.13800	91.17538	90.97472	90.79069	91.33053	91.80752	91.38159	92.73747	93.39733	91.86931	91.71001	92.04338	91.25729	92.56821
09/06/2022	12:50:30	92.07962	91.12126	90.92046	90.73862	91.27564	91.75217	91.32853	92.67496	93.33632	91.81158	91.65430	91.98686	91.20714	92.50978
09/06/2022	12:50:34	92.02506	91.07023	90.86945	90.68963	91.22533	91.70101	91.27774	92.61533	93.27745	91.75640	91.59959	91.93120	91.15746	92.45251
09/06/2022	12:50:37	91.96843	91.01864	90.81788	90.63946	91.17241	91.64652	91.22606	92.55337	93.21626	91.69837	91.54190	91.87277	91.10508	92.39161
09/06/2022	12:50:41	91.91117	90.96529	90.76344	90.58743	91.11825	91.59176	91.17343	92.49000	93.15412	91.64064	91.48456	91.81494	91.05368	92.33342
09/06/2022	12:50:45	91.85384	90.91339	90.71093	90.53796	91.06700	91.53963	91.12206	92.43098	93.09579	91.58539	91.43027	91.75895	91.00355	92.27569
09/06/2022	12:50:48	91.79855	90.86180	90.65945	90.48776	91.01462	91.48501	91.07007	92.36840	93.03460	91.52818	91.37276	91.70180	90.95192	92.21728
09/06/2022	12:50:52	91.74202	90.80988	90.60713	90.43778	90.96210	91.43179	91.01877	92.30899	92.97587	91.47216	91.31884	91.64678	90.90285	92.16141
09/06/2022	12:50:55	91.68841	90.76033	90.55804	90.39064	90.91318	91.38321	90.97076	92.25314	92.92028	91.41984	91.26707	91.59450	90.85595	92.10756
09/06/2022	12:50:59	91.63647	90.71205	90.50889	90.34319	90.86396	91.33217	90.92276	92.19495	92.86356	91.36672	91.21442	91.54089	90.80784	92.05269
09/06/2022	12:51:03	91.58309	90.66261	90.45904	90.29588	90.81497	91.28229	90.87395	92.13817	92.80770	91.31422	91.16206	91.48769	90.76095	91.99953
09/06/2022	12:51:06	91.53163	90.61463	90.41173	90.25026	90.76649	91.23349	90.82707	92.08300	92.75231	91.26248	91.11166	91.43638	90.71523	91.94707
09/06/2022	12:51:10	91.48292	90.56979	90.36694	90.20713	90.72262	91.18795	90.78276	92.02875	92.69965	91.21206	91.06159	91.38593	90.67137	91.89619
09/06/2022	12:51:13	91.43157	90.52301	90.31995	90.16286	90.67606	91.14140	90.73745	91.97523	92.64557	91.16192	91.01114	91.33499	90.62627	91.84429
09/06/2022	12:51:17	91.38144	90.47719	90.27491	90.11866	90.62979	91.09297	90.69163	91.92064	92.59183	91.11138	90.96161	91.28432	90.58136	91.79292
09/06/2022	12:51:21	91.33189	90.43202	90.22934	90.07550	90.58554	91.04793	90.64672	91.86779	92.53980	91.06184	90.91248	91.23437	90.53707	91.74122
09/06/2022	12:51:24	91.28259	90.38605	90.18243	90.03130	90.53889	90.99991	90.60121	91.81294	92.48597	91.01092	90.86200	91.18416	90.49156	91.69083
09/06/2022	12:51:28	91.23262	90.34048	90.13690	89.98759	90.49354	90.95367	90.55641	91.76074	92.43461	90.96234	90.81443	91.13627	90.44860	91.64161
09/06/2022	12:51:31	91.18628	90.29669	90.09361	89.94568	90.45012	90.90926	90.51346	91.70940	92.38416	90.91506	90.76691	91.08810	90.40575	91.59306
09/06/2022	12:51:35	91.13904	90.25297	90.04933	89.90283	90.40672	90.86519	90.47055	91.65860	92.33336	90.86683	90.72069	91.04120	90.36389	91.54540
09/06/2022	12:51:39	91.09280	90.20994	90.00669	89.86255	90.36402	90.82176	90.42856	91.60936	92.28457	90.82103	90.67495	90.99457	90.32303	91.49871
09/06/2022	12:51:42	91.04689	90.16791	89.96483	89.82199	90.32217	90.77841	90.38656	91.55983	92.23605	90.77477	90.62997	90.94803	90.28100	91.45067
09/06/2022	12:51:46	91.00070	90.12483	89.92121	89.78101	90.27906	90.73475	90.34403	91.50997	92.18683	90.72852	90.58389	90.90210	90.23981	91.40441
09/06/2022	12:51:49	90.95581	90.08352	89.87962	89.74111	90.23780	90.69303	90.30428	91.46307	92.13999	90.68509	90.54163	90.85901	90.20186	91.36104
09/06/2022	12:51:53	90.91388	90.04433	89.84078	89.70368	90.19925	90.65355	90.26640	91.41850	92.09552	90.64314	90.50076	90.81669	90.16443	91.31847
09/06/2022	12:51:57	90.87161	90.00612	89.80244	89.66673	90.16102	90.61425	90.22849	91.37292	92.05038	90.60099	90.45870	90.77397	90.12674	91.27464
09/06/2022	12:52:00	90.83014	89.96694	89.76293	89.62883	90.12113	90.57359	90.18944	91.32638	92.00426	90.55721	90.41569	90.73082	90.08809	91.23045
09/06/2022	12:52:04	90.78689	89.92736	89.72396	89.59164	90.08309	90.53496	90.15165	91.28104	91.95947	90.51443	90.37349	90.68820	90.05218	91.18824
09/06/2022	12:52:07	90.74500	89.88838	89.68534	89.55540	90.04545	90.49583	90.11429	91.23670	91.91550	90.47358	90.33215	90.64674	90.01544	91.14617
09/06/2022	12:52:11	90.70412	89.85044	89.64714	89.51849	90.00766	90.45776	90.07661	91.19127	91.86973	90.43031	90.28965	90.60288	89.97710	91.10221
09/06/2022	12:52:15	90.66114	89.81110	89.60801	89.48105	89.96819	90.41722	90.03752	91.14530	91.82446	90.38788	90.24773	90.56053	89.93945	91.06025
09/06/2022	12:52:18	90.62051	89.77377	89.57031	89.44500	89.93050	90.37921	90.00059	91.10269	91.78209	90.34786	90.20823	90.52094	89.90411	91.02037
09/06/2022	12:52:22	90.58192	89.73817	89.53474	89.41076	89.89583	90.34356	89.96682	91.06229	91.74152	90.31031	90.17136	90.48288	89.87077	90.98156
09/06/2022	12:52:25	90.54310	89.70203	89.49857	89.37612	89.86011	90.30682	89.93083	91.01980	91.69912	90.26969	90.13107	90.44208	89.83528	90.94120
09/06/2022	12:52:29	90.50373	89.66559	89.46240	89.34132	89.82394	90.26989	89.89546	90.97823	91.65789	90.23100	90.09282	90.40339	89.80127	90.90197
09/06/2022	12:52:33	90.46598	89.63054	89.42778	89.30780	89.78921	90.23423	89.86127	90.93795	91.61753	90.19318	90.05584	90.36617	89.76850	90.86463
09/06/2022	12:52:36	90.42913	89.59754	89.39417	89.27618	89.75595	90.20054	89.82882	90.89943	91.57957	90.15745	90.02079	90.32926	89.73646	90.82804
09/06/2022	12:52:40	90.39365	89.56352	89.36106	89.24365	89.72266	90.16600	89.79606	90.86016	91.54022	90.12063	89.98377	90.29219	89.70380	90.79004
09/06/2022	12:52:43	90.35612	89.52995	89.32716	89.21184	89.68850	90.13158	89.76222	90.82085	91.50096	90.08371	89.94760	90.25528	89.67131	90.75301
09/06/2022	12:52:47	90.32017	89.49667	89.29369	89.17903	89.65544	90.09737	89.72926	90.78175	91.46150	90.04670	89.91035	90.21758	89.63877	90.71517
09/06/2022	12:52:51	90.28350	89.46299	89.25967	89.14672	89.62176	90.06310	89.69580	90.74171	91.42181	90.00943	89.87374	90.18056	89.60589	90.67835
09/06/2022	12:52:54	90.24695	89.42877	89.22572	89.11412	89.58817	90.02875	89.66276	90.70371	91.38354	89.97379	89.83956	90.14516	89.57548	90.64303
09/06/2022	12:52:58	90.21305	89.39775	89.19444	89.08401	89.55756	89.99691	89.63205	90.66717	91.34764	89.93971	89.80561	90.11065	89.54491	90.60850
09/06/2022	12:53:01	90.17870	89.36578	89.16277	89.05354	89.52567	89.96452	89.60096	90.63081	91.31195	89.90602	89.77216	90.07683	89.51554	90.57516
09/06/2022	12:53:05	90.14619	89.33583	89.13290	89.02468	89.49529	89.93358	89.57148	90.59611	91.27682	89.87320	89.73943	90.04358	89.48646	90.54169
09/06/2022	12:53:09	90.11313	89.30591	89.10245	88.99549	89.46538	89.90236	89.54199	90.56084	91.24188	89.84017	89.70728	90.01050	89.45777	90.50843
09/06/2022	12:53:12	90.08134	89.27557	89.07262	88.96621	89.43524	89.87175	89.51201	90.52601	91.20671	89.80685	89.67433	89.97658	89.42807	90.47481
09/06/2022	12:53:16	90.04773	89.24549	89.04202	88.93701	89.40498	89.84083	89.48271	90.49043	91.17123	89.77444	89.64188	89.94403	89.39926	90.44197
09/06/2022	12:53:19	90.01604	89.21589	89.01231	88.90845	89.37526	89.81067	89.45246	90.45624	91.13726	89.74204	89.61042	89.91116	89.37105	90.41002
09/06/2022	12:53:23	89.98428	89.18639	88.98306	88.88057	89.34640	89.78106	89.42481	90.42324	91.10419	89.71108	89.58033	89.88019	89.34413	90.37874
09/06/2022	12:53:27	89.95388	89.15891	88.95530	88.85324	89.31747	89.75184	89.39674	90.38985	91.07169	89.68078	89.54954	89.84930	89.31662	90.34783
09/06/2022	12:53:30	89.92318	89.13001	88.92638	88.82548	89.28894	89.72236	89.36848	90.35644	91.03772	89.64927	89.51813	89.81729	89.28927	90.31626
09/06/2022	12:53:34	89.89196	89.10170	88.89831	88.79822	89.26091	89.69355	89.34085	90.32430	91.00537	89.61933	89.48851	89.78709	89.26313	90.28661
09/06/2022	12:53:37	89.86272	89.07432	88.87040	88.77156	89.23341	89.66592	89.31419	90.29316	90.97468	89.58958	89.45927	89.75757	89.23770	90.25749
09/06/2022	12:53:41	89.83479	89.04893	88.84519	88.74712	89.20779	89.63987	89.28936	90.26331	90.94420	89.56178	89.43264	89.72929	89.21314	90.22869
09/06/2022	12:53:45	89.80647	89.02241	88.81892	88.72193	89.18179	89.61291	89.26352	90.23293	90.91397	89.53376	89.40419	89.70067	89.18886	90.20084
09/06/2022	12:53:48	89.77928	88.99792	88.79449	88.69803	89.15639	89.58692	89.23857	90.20236	90.88333	89.50485	89.37546	89.67230	89.16422	90.17208
09/06/2022	12:53:52	89.75106	88.97181	88.76866	88.67329	89.13102	89.56048	89.21281	90.17177	90.85317	89.47656	89.34798	89.64360	89.13980	90.14365
09/06/2022	12:53:55	89.72243	88.94615	88.74287	88.64827	89.10500	89.53422	89.18753	90.14153	90.82239	89.44757	89.31889	89.61434	89.11383	90.11426
09/06/2022	12:53:59	89.69429	88.91978	88.71693	88.62301	89.07870	89.50675	89.16145	90.11112	90.79175	89.41923	89.29048	89.58575	89.08918	90.08614
09/06/2022	12:54:03	89.66668	88.89450	88.69139	88.59858	89.05388	89.48147	89.13657	90.08173	90.76265	89.39212	89.26402	89.55891	89.06613	90.05948
09/06/2022	12:54:06	89.64002	88.87009	88.66650	88.57518	89.02902	89.45599	89.11199	90.05260	90.73394	89.36464	89.23649	89.53108	89.04204	90.03152
09/06/2022	12:54:10	89.61321	88.84526	88.64212	88.55153	89.00462	89.43047	89.08751	90.02366	90.70499	89.33762	89.20978	89.50357	89.01841	90.00525
09/06/2022	12:54:13	89.58656	88.82102	88.61782	88.52789	88.97998	89.40593	89.06350	89.99557	90.67685	89.31157	89.18411	89.47734	88.99516	89.97858
09/06/2022	12:54:17	89.56134	88.79733	88.59442	88.50484	88.95658	89.38164	89.04047	89.96930	90.64992	89.28654	89.16019	89.45309	88.97480	89.95488
09/06/2022	12:54:21	89.53741	88.77546	88.57248	88.48351	88.93418	89.35929	89.01908	89.94294	90.62400	89.26155	89.13552	89.42763	88.95166	89.92921
09/06/2022	12:54:24	89.51255	88.75199	88.54945	88.46144	88.91104	89.33489	88.99572	89.91584	90.59674	89.23625	89.11044	89.40171	88.93026	89.90429
09/06/2022	12:54:28	89.48798	88.72981	88.52746	88.44044	88.88888	89.31221	88.97408	89.88883	90.57042	89.21175	89.08557	89.37711	88.90876	89.87859
09/06/2022	12:54:31	89.46306	88.70713	88.50462	88.41812	88.86614	89.28899	88.95080	89.86196	90.54337	89.18651	89.06113	89.35207	88.88742	89.85516
09/06/2022	12:54:35	89.43936	88.68492	88.48297	88.39705	88.84406	89.26633	88.92934	89.83712	90.51808	89.16301	89.03763	89.32859	88.86655	89.83043
09/06/2022	12:54:39	89.41582	88.66344	88.46080	88.37591	88.82234	89.24385	88.90797	89.81099	90.49239	89.13938	89.01424	89.30429	88.84564	89.80673
09/06/2022	12:54:42	89.39203	88.64168	88.43982	88.35502	88.80050	89.22150	88.88601	89.78505	90.46642	89.11472	88.98984	89.27992	88.82406	89.78166
09/06/2022	12:54:46	89.36843	88.61939	88.41727	88.33369	88.77809	89.19902	88.86454	89.76018	90.44089	89.09137	88.96681	89.25634	88.80361	89.75889
09/06/2022	12:54:49	89.34515	88.59856	88.39618	88.31319	88.75723	89.17729	88.84406	89.73545	90.41706	89.06918	88.94474	89.23430	88.78444	89.73668
09/06/2022	12:54:53	89.32452	88.57921	88.37716	88.29483	88.73814	89.15783	88.82555	89.71416	90.39577	89.04931	88.92551	89.21388	88.76743	89.71646
09/06/2022	12:54:57	89.30419	88.56078	88.35843	88.27639	88.71905	89.13763	88.80641	89.69116	90.37282	89.02755	88.90337	89.19135	88.74809	89.69442
09/06/2022	12:55:00	89.28236	88.54077	88.33859	88.25761	88.69910	89.11707	88.78662	89.66703	90.34807	89.00538	88.88117	89.16879	88.72801	89.67158
09/06/2022	12:55:04	89.25990	88.52020	88.31776	88.23752	88.67738	89.09602	88.76605	89.64331	90.32473	88.98388	88.85992	89.14676	88.70888	89.64976
09/06/2022	12:55:07	89.23875	88.50050	88.29833	88.21856	88.65788	89.07529	88.74679	89.61987	90.30092	88.96186	88.83744	89.12463	88.69004	89.62790
09/06/2022	12:55:11	89.21700	88.47993	88.27777	88.19921	88.63781	89.05450	88.72636	89.59658	90.27773	88.93997	88.81618	89.10226	88.67032	89.60591
09/06/2022	12:55:15	89.19553	88.46070	88.25869	88.18009	88.61794	89.03458	88.70781	89.57532	90.25585	88.91969	88.79595	89.08206	88.65258	89.58661
09/06/2022	12:55:18	89.17669	88.44265	88.24132	88.16356	88.60105	89.01693	88.69025	89.55431	90.23451	88.90017	88.77772	89.06235	88.63312	89.56724
09/06/2022	12:55:22	89.15793	88.42643	88.22507	88.14714	88.58397	88.99874	88.67253	89.53158	90.21285	88.87986	88.75748	89.04264	88.62307	89.54631
09/06/2022	12:55:25	89.13780	88.40822	88.20676	88.13142	88.56600	88.97985	88.65279	89.50536	90.19047	88.85875	88.73634	89.02134	88.60776	89.52307
09/06/2022	12:55:29	89.11772	88.38964	88.18757	88.11448	88.54664	88.95920	88.63242	89.47971	90.16714	88.83740	88.71568	88.99991	88.59204	89.50034
09/06/2022	12:55:33	89.09651	88.37030	88.16832	88.09719	88.52691	88.93896	88.61195	89.45417	90.14388	88.81544	88.69431	88.97852	88.57465	89.47792
09/06/2022	12:55:36	89.07600	88.35127	88.14890	88.07954	88.50779	88.91929	88.59280	89.43155	90.12248	88.79529	88.67420	88.95885	88.55922	89.45768
09/06/2022	12:55:40	89.05685	88.33370	88.13153	88.06338	88.49068	88.90149	88.57521	89.40995	90.10233	88.77658	88.65560	88.93956	88.54329	89.43706
09/06/2022	12:55:43	89.03814	88.31632	88.11390	88.04700	88.47280	88.88277	88.55728	89.38785	90.08113	88.75683	88.63646	88.92004	88.52734	89.41740
09/06/2022	12:55:47	89.01924	88.29887	88.09638	88.03141	88.45609	88.86530	88.54049	89.36731	90.06210	88.73902	88.61957	88.90266	88.51278	89.39911
09/06/2022	12:55:51	89.00265	88.28395	88.08127	88.01653	88.44029	88.84888	88.52503	89.34786	90.04366	88.72260	88.60226	88.88600	88.49854	89.38157
09/06/2022	12:55:54	88.98579	88.26807	88.06576	88.00154	88.42456	88.83178	88.50892	89.32773	90.02456	88.70479	88.58485	88.86721	88.48267	89.36217
09/06/2022	12:55:58	88.96812	88.25151	88.04899	87.98585	88.40792	88.81471	88.49217	89.30797	90.00472	88.68657	88.56639	88.84956	88.46755	89.34373
09/06/2022	12:56:01	88.94955	88.23477	88.03248	87.97042	88.39120	88.79767	88.47586	89.28816	89.98546	88.66913	88.54932	88.83147	88.45216	89.32547
09/06/2022	12:56:05	88.93294	88.21948	88.01712	87.95611	88.37599	88.78221	88.46067	89.27010	89.96887	88.65333	88.53340	88.81587	88.43852	89.30905
09/06/2022	12:56:09	88.91724	88.20433	88.00175	87.94097	88.36084	88.76577	88.44534	89.25166	89.94955	88.63595	88.51642	88.79769	88.42353	89.29081
09/06/2022	12:56:12	88.89918	88.18874	87.98598	87.92635	88.34457	88.74884	88.42908	89.23166	89.93046	88.61826	88.49860	88.78030	88.40758	89.27297
09/06/2022	12:56:16	88.88289	88.17278	87.96996	87.91111	88.32878	88.73227	88.41353	89.21397	89.91267	88.60196	88.48306	88.76400	88.39378	89.25616
09/06/2022	12:56:19	88.86635	88.15810	87.95530	87.89725	88.31364	88.71720	88.39939	89.19584	89.89491	88.58495	88.46528	88.74620	88.37810	89.23853
09/06/2022	12:56:23	88.84902	88.14185	87.93896	87.88177	88.29809	88.70112	88.38366	89.17764	89.87690	88.56832	88.44945	88.72987	88.36447	89.22244
09/06/2022	12:56:27	88.83412	88.12823	87.92583	87.86877	88.28434	88.68672	88.37006	89.16219	89.86123	88.55353	88.43481	88.71497	88.35188	89.20744
09/06/2022	12:56:30	88.81910	88.11439	87.91167	87.85531	88.27061	88.67278	88.35672	89.14555	89.84489	88.53954	88.42104	88.70042	88.33919	89.19256
09/06/2022	12:56:34	88.80495	88.10144	87.89917	87.84294	88.25732	88.65865	88.34395	89.13038	89.82956	88.52476	88.40602	88.68523	88.32574	89.17731
09/06/2022	12:56:37	88.78986	88.08747	87.88497	87.82990	88.24524	88.64649	88.33131	89.11290	89.80823	88.50490	88.35634	88.62224	88.23148	89.03949
09/06/2022	12:56:41	88.61489	87.85693	87.61044	87.52111	87.76674	88.21847	87.94510	88.76737	89.25360	87.78729	87.69640	88.06881	87.69049	88.47315
09/06/2022	12:56:45	88.26704	87.47531	87.16310	87.34084	87.92137	88.50578	88.05146	88.76764	89.25258	87.94291	87.84284	88.22234	87.90463	88.75469
09/06/2022	12:56:48	88.50904	87.68607	87.44390	87.56305	87.92140	88.34505	87.77368	88.46208	89.01681	87.80465	87.74105	88.22068	87.97089	88.83745
09/06/2022	12:56:52	88.58758	87.94554	87.82589	87.85849	88.24694	88.63335	88.18617	88.87656	89.48214	88.18482	88.05713	88.42006	88.21968	88.96823
09/06/2022	12:56:55	88.61625	88.03515	87.90320	87.92824	88.28557	88.63167	88.18342	88.84123	89.45824	88.13886	88.01747	88.38257	88.19949	88.92994
09/06/2022	12:56:59	88.58054	88.01975	87.89393	87.93234	88.27772	88.60908	88.14488	88.79290	89.41175	88.08541	87.96922	88.34877	88.17104	88.89395
09/06/2022	12:57:03	88.55101	88.00407	87.88831	87.93446	88.27091	88.58851	88.11401	88.75044	89.37210	88.03994	87.92623	88.31716	88.14637	88.85922
09/06/2022	12:57:06	88.52188	87.98697	87.88056	87.93574	88.25978	88.56835	88.08448	88.70395	89.33293	87.99552	87.88334	88.28316	88.12032	88.82385
09/06/2022	12:57:10	88.49275	87.95271	87.84633	87.86731	87.85424	88.07096	87.61526	88.38239	89.05138	87.67822	87.48384	88.06310	87.67653	88.54603
09/06/2022	12:57:13	88.14185	87.59280	87.41487	87.56579	87.55343	87.85903	87.58084	88.65113	89.45276	88.29089	88.31371	88.60734	88.30970	89.11471
09/06/2022	12:57:17	88.94737	88.39613	88.35855	88.38168	88.56753	88.84459	88.41979	89.02981	89.78195	88.48589	88.48673	88.91056	88.47000	89.05462
09/06/2022	12:57:21	88.86007	88.14606	87.84667	87.90007	88.13986	88.46179	87.94542	88.68811	89.35736	87.98541	88.03743	88.44521	87.96196	88.71650
09/06/2022	12:57:24	88.75362	88.09965	87.98252	88.01040	88.26783	88.57701	88.07618	88.73856	89.34755	88.12635	88.07515	88.47000	88.17187	88.89082
09/06/2022	12:57:28	88.87906	88.31313	88.16117	88.15830	88.37944	88.61622	88.08169	88.65906	89.16231	87.50379	87.72863	87.99093	86.72987	87.69408
09/06/2022	12:57:31	87.72720	82.50392	75.93857	84.05175	76.09986	87.03156	86.57435	87.20554	87.31486	85.48329	80.86347	87.03769	76.49874	85.24764
09/06/2022	12:57:35	76.88171	76.33319	75.88836	76.33667	76.09909	76.32836	76.51233	76.31234	76.15334	75.99662	76.20364	76.16042	76.55126	76.35984
09/06/2022	12:57:39	76.09719	76.33000	75.89768	76.34443	76.12787	76.33824	76.53955	76.34324	76.20740	76.01309	76.27080	76.19514	76.55772	76.38459
09/06/2022	12:57:42	76.11963	76.35181	75.90604	76.34173	76.13553	76.34407	76.54205	76.34239	76.18873	76.01584	76.28246	76.19991	76.56971	76.38643
