7/3/2025	2:15:30 PM	77.18535	77.08522	77.09436	77.22656	519.97472	77.13385	77.15460	77.05598	77.28592	77.11408	77.06929	77.10011	76.99679	77.07630
7/3/2025	2:15:33 PM	77.18528	77.08525	77.09454	77.22626	44.21158	77.13390	77.15478	77.05602	77.28613	77.11430	77.06972	77.09990	76.99650	77.07624
7/3/2025	2:15:37 PM	77.18547	77.08549	77.09463	77.22657	44.61297	77.13367	77.15491	77.05637	77.28607	77.11483	77.07050	77.10053	76.99808	77.07682
7/3/2025	2:15:40 PM	77.18613	77.08575	77.09506	77.22733	72.36506	77.13389	77.15536	77.05671	77.28616	77.11486	77.06989	77.10058	76.99804	77.07721
7/3/2025	2:15:44 PM	77.18610	77.08557	77.09507	77.22771	66.98823	77.13435	77.15534	77.05719	77.28679	77.11523	77.07025	77.10101	76.99839	77.07700
7/3/2025	2:15:47 PM	77.18612	77.08649	77.09561	77.22782	51.54447	77.13439	77.15541	77.05783	77.28749	77.11572	77.07057	77.10110	76.99901	77.07738
7/3/2025	2:15:51 PM	77.18599	77.08689	77.09550	77.22814	60.01309	77.13422	77.15585	77.05782	77.28728	77.11602	77.07106	77.10163	76.99940	77.07791
7/3/2025	2:15:55 PM	77.18698	77.08720	77.09611	77.22828	35.03210	77.13473	77.15636	77.05839	77.28744	77.11614	77.07132	77.10201	76.99933	77.07784
7/3/2025	2:15:58 PM	77.18603	77.08667	77.09600	77.22864	95.28632	77.13505	77.15666	77.05890	77.28818	77.11657	77.07215	77.10252	76.99981	77.07850
7/3/2025	2:16:01 PM	77.18730	77.08751	77.09633	77.22881	96.63331	77.13549	77.15655	77.05838	77.28756	77.11658	77.07193	77.10255	77.00026	77.07882
7/3/2025	2:16:05 PM	77.18711	77.08792	77.09667	77.22913	78.64069	77.13518	77.15671	77.05917	77.28796	77.11641	77.07178	77.10230	77.00024	77.07905
7/3/2025	2:16:08 PM	77.18773	77.08768	77.09677	77.22931	54.36032	77.13539	77.15668	77.05899	77.28778	77.11649	77.07192	77.10246	77.00042	77.07844
7/3/2025	2:16:12 PM	77.18731	77.08723	77.09698	77.22888	77.33359	77.13524	77.15674	77.05892	77.28795	77.11681	77.07217	77.10318	77.00077	77.07863
7/3/2025	2:16:15 PM	77.18736	77.08768	77.09664	77.22950	39.00307	77.13487	77.15668	77.05817	77.28742	77.11663	77.07194	77.10253	77.00050	77.07871
7/3/2025	2:16:19 PM	77.18698	77.08724	77.09693	77.22940	126.50410	77.13504	77.15672	77.05855	77.28765	77.11648	77.07182	77.10229	77.00046	77.07830
7/3/2025	2:16:22 PM	77.18698	77.08743	77.09640	77.22880	70.84453	77.13516	77.15702	77.05876	77.28798	77.11687	77.07202	77.10243	77.00083	77.07851
7/3/2025	2:16:26 PM	77.18728	77.08764	77.09699	77.22909	63.25176	77.13562	77.15699	77.05905	77.28777	77.11702	77.07234	77.10267	77.00074	77.07904
7/3/2025	2:16:29 PM	77.18776	77.08791	77.09702	77.22967	51.92822	77.13620	77.15736	77.05892	77.28758	77.11675	77.07207	77.10281	77.00072	77.07878
7/3/2025	2:16:33 PM	77.18729	77.08822	77.09700	77.22956	45.89920	77.13557	77.15702	77.05915	77.28757	77.11657	77.07240	77.10293	77.00078	77.07937
7/3/2025	2:16:36 PM	77.18765	77.08814	77.09737	77.23002	38.55494	77.13589	77.15766	77.05953	77.28834	77.11706	77.07277	77.10292	77.00082	77.07916
7/3/2025	2:16:40 PM	77.18777	77.08844	77.09756	77.22979	106.33645	77.13632	77.15721	77.05953	77.28836	77.11708	77.07301	77.10348	77.00155	77.07967
7/3/2025	2:16:43 PM	77.18787	77.08868	77.09752	77.22975	66.27265	77.13648	77.15776	77.05947	77.28857	77.11803	77.07299	77.10343	77.00144	77.07948
7/3/2025	2:16:47 PM	77.18766	77.08872	77.09804	77.23055	45.48389	77.13648	77.15785	77.05950	77.28766	77.11722	77.07279	77.10373	77.00160	77.07980
7/3/2025	2:16:50 PM	77.18765	77.08881	77.09821	77.23019	41.34843	77.13644	77.15795	77.05988	77.28831	77.11743	77.07290	77.10385	77.00155	77.07975
7/3/2025	2:16:53 PM	77.18836	77.08857	77.09774	77.22985	70.36809	77.13677	77.15812	77.06001	77.28862	77.11771	77.07304	77.10397	77.00229	77.08019
7/3/2025	2:16:57 PM	77.18827	77.08910	77.09832	77.23065	43.73220	77.13700	77.15863	77.05993	77.28849	77.11757	77.07356	77.10401	77.00215	77.08008
7/3/2025	2:17:00 PM	77.18850	77.08873	77.09823	77.23051	31.90196	77.13724	77.15856	77.05997	77.28845	77.11793	77.07351	77.10405	77.00228	77.08004
7/3/2025	2:17:04 PM	77.18836	77.08898	77.09831	77.23050	76.76466	77.13722	77.15860	77.06046	77.28907	77.11813	77.07381	77.10405	77.00226	77.08037
7/3/2025	2:17:07 PM	77.18819	77.08890	77.09833	77.23059	47.49192	77.13763	77.15871	77.06021	77.28885	77.11807	77.07385	77.10396	77.00191	77.08038
7/3/2025	2:17:11 PM	77.18827	77.08895	77.09878	77.23057	31.86322	77.13719	77.15863	77.06051	77.28871	77.11835	77.07383	77.10427	77.00215	77.08036
7/3/2025	2:17:14 PM	77.18884	77.08946	77.09873	77.23065	105.61557	77.13783	77.15884	77.06029	77.28876	77.11859	77.07382	77.10398	77.00239	77.08042
7/3/2025	2:17:18 PM	77.18868	77.08900	77.09901	77.23098	70.53074	77.13750	77.15891	77.06048	77.28913	77.11860	77.07328	77.10402	77.00195	77.08024
7/3/2025	2:17:21 PM	77.18862	77.08932	77.09831	77.23039	34.17909	77.13738	77.15893	77.06059	77.28878	77.11822	77.07424	77.10425	77.00212	77.08023
7/3/2025	2:17:25 PM	77.18863	77.08921	77.09854	77.23055	86.61796	77.13801	77.15899	77.06058	77.28874	77.11884	77.07388	77.10456	77.00248	77.08069
7/3/2025	2:17:28 PM	77.18931	77.08981	77.09911	77.23101	34.40129	77.13839	77.15976	77.06121	77.28924	77.11908	77.07442	77.10506	77.00316	77.08138
7/3/2025	2:17:32 PM	77.18893	77.08987	77.09964	77.23137	48.84671	77.13842	77.15962	77.06070	77.28950	77.11867	77.07423	77.10479	77.00289	77.08136
7/3/2025	2:17:35 PM	77.18921	77.08997	77.09979	77.23177	33.62421	77.13876	77.15994	77.06144	77.28957	77.11902	77.07478	77.10485	77.00314	77.08115
7/3/2025	2:17:39 PM	77.18890	77.08968	77.09971	77.23161	72.41033	77.13880	77.15963	77.06072	77.28923	77.11890	77.07443	77.10448	77.00274	77.08090
7/3/2025	2:17:42 PM	77.18878	77.08988	77.09914	77.23127	38.21392	77.13856	77.15907	77.06103	77.28900	77.11842	77.07433	77.10492	77.00307	77.08116
7/3/2025	2:17:46 PM	77.18933	77.09019	77.09960	77.23166	82.17496	77.13902	77.15994	77.06157	77.28953	77.11881	77.07433	77.10500	77.00290	77.08117
7/3/2025	2:17:49 PM	77.18881	77.09023	77.09959	77.23138	38.53723	77.13897	77.16010	77.06110	77.28947	77.11918	77.07507	77.10550	77.00273	77.08107
7/3/2025	2:17:53 PM	77.18927	77.08999	77.09995	77.23183	62.59313	77.13900	77.15995	77.06113	77.28945	77.11903	77.07437	77.10523	77.00287	77.08124
7/3/2025	2:17:56 PM	77.18888	77.08992	77.09965	77.23144	56.09340	77.13890	77.15967	77.06130	77.28921	77.11884	77.07425	77.10507	77.00328	77.08112
7/3/2025	2:18:00 PM	77.18896	77.09017	77.09964	77.23145	95.79219	77.13885	77.15976	77.06100	77.28912	77.11869	77.07469	77.10529	77.00294	77.08104
7/3/2025	2:18:03 PM	77.18895	77.08978	77.09933	77.23106	47.65100	77.13873	77.16019	77.06104	77.28959	77.11871	77.07485	77.10483	77.00318	77.08086
7/3/2025	2:18:07 PM	77.18874	77.08956	77.09941	77.23130	49.81470	77.13874	77.15986	77.06082	77.28912	77.11871	77.07454	77.10496	77.00279	77.08121
7/3/2025	2:18:10 PM	77.18921	77.09003	77.09930	77.23156	55.52356	77.13899	77.15980	77.06121	77.28929	77.11904	77.07469	77.10489	77.00283	77.08114
7/3/2025	2:18:14 PM	77.18944	77.09023	77.09966	77.23181	62.51798	77.13924	77.16035	77.06124	77.28961	77.11896	77.07471	77.10502	77.00300	77.08098
7/3/2025	2:18:17 PM	77.18926	77.09008	77.09969	77.23134	52.74946	77.13947	77.16029	77.06182	77.28970	77.11910	77.07517	77.10551	77.00320	77.08130
7/3/2025	2:18:21 PM	77.18923	77.09068	77.09996	77.23152	35.65820	77.13950	77.16026	77.06154	77.29007	77.11913	77.07501	77.10519	77.00283	77.08104
7/3/2025	2:18:24 PM	77.18926	77.09066	77.10052	77.23206	60.41372	77.13992	77.16070	77.06211	77.28985	77.11969	77.07592	77.10536	77.00298	77.08158
7/3/2025	2:18:28 PM	77.18951	77.09058	77.10010	77.23172	116.72263	77.13984	77.16049	77.06216	77.29018	77.11951	77.07566	77.10560	77.00382	77.08168
7/3/2025	2:18:31 PM	77.18936	77.09124	77.10049	77.23230	94.07532	77.14004	77.16091	77.06241	77.29025	77.11978	77.07505	77.10574	77.00350	77.08168
7/3/2025	2:18:34 PM	77.18951	77.09061	77.10053	77.23187	69.99607	77.13965	77.16070	77.06251	77.29006	77.11982	77.07541	77.10593	77.00381	77.08178
7/3/2025	2:18:38 PM	77.18954	77.09095	77.10068	77.23238	73.69052	77.14029	77.16095	77.06234	77.29013	77.11959	77.07535	77.10557	77.00403	77.08190
7/3/2025	2:18:41 PM	77.18999	77.09087	77.10044	77.23206	67.78298	77.14024	77.16073	77.06238	77.29016	77.11997	77.07566	77.10595	77.00356	77.08195
7/3/2025	2:18:45 PM	77.18970	77.09132	77.10040	77.23182	83.28932	77.14004	77.16070	77.06185	77.28981	77.11972	77.07586	77.10556	77.00374	77.08166
7/3/2025	2:18:48 PM	77.18975	77.09098	77.10041	77.23220	69.89561	77.14012	77.16114	77.06239	77.29030	77.11991	77.07527	77.10587	77.00356	77.08181
7/3/2025	2:18:52 PM	77.18965	77.09101	77.10067	77.23181	90.81367	77.13965	77.16108	77.06215	77.29010	77.11971	77.07534	77.10574	77.00345	77.08176
7/3/2025	2:18:55 PM	77.19006	77.09097	77.10057	77.23223	72.07343	77.14027	77.16091	77.06242	77.28985	77.11982	77.07545	77.10568	77.00321	77.08201
7/3/2025	2:18:59 PM	77.18988	77.09072	77.10054	77.23205	44.94922	77.14029	77.16105	77.06246	77.29011	77.11977	77.07551	77.10583	77.00349	77.08143
7/3/2025	2:19:02 PM	77.18995	77.09129	77.10069	77.23193	63.69788	77.14031	77.16129	77.06264	77.29029	77.11979	77.07555	77.10563	77.00332	77.08127
7/3/2025	2:19:06 PM	77.18958	77.09116	77.10091	77.23233	97.78271	77.14083	77.16122	77.06282	77.29023	77.11999	77.07548	77.10554	77.00359	77.08182
7/3/2025	2:19:09 PM	77.18961	77.09095	77.10061	77.23200	49.55293	77.14038	77.16114	77.06228	77.29021	77.12003	77.07573	77.10569	77.00387	77.08132
7/3/2025	2:19:13 PM	77.18997	77.09121	77.10085	77.23215	45.33950	77.14049	77.16122	77.06269	77.28979	77.11964	77.07547	77.10566	77.00341	77.08110
7/3/2025	2:19:16 PM	77.18979	77.09086	77.10049	77.23219	73.99247	77.14097	77.16214	77.06287	77.29011	77.12045	77.07619	77.10605	77.00339	77.08182
7/3/2025	2:19:20 PM	77.19023	77.09122	77.10085	77.23251	90.44953	77.14089	77.16191	77.06287	77.29025	77.12067	77.07609	77.10636	77.00357	77.08215
7/3/2025	2:19:23 PM	77.19011	77.09146	77.10113	77.23220	69.65287	77.14074	77.16163	77.06311	77.29087	77.12048	77.07626	77.10657	77.00437	77.08219
7/3/2025	2:19:26 PM	77.19057	77.09187	77.10153	77.23266	36.46320	77.14111	77.16202	77.06279	77.29067	77.12061	77.07643	77.10631	77.00429	77.08220
7/3/2025	2:19:30 PM	77.19067	77.09209	77.10181	77.23254	105.15736	77.14115	77.16203	77.06341	77.29082	77.12065	77.07652	77.10668	77.00427	77.08231
7/3/2025	2:19:34 PM	77.19068	77.09210	77.10165	77.23258	75.91333	77.14133	77.16234	77.06333	77.29066	77.12073	77.07653	77.10696	77.00428	77.08300
7/3/2025	2:19:37 PM	77.19042	77.09197	77.10169	77.23324	54.90129	77.14177	77.16238	77.06388	77.29099	77.12079	77.07666	77.10638	77.00458	77.08262
7/3/2025	2:19:40 PM	77.19078	77.09197	77.10193	77.23318	104.10432	77.14215	77.16269	77.06384	77.29125	77.12102	77.07660	77.10636	77.00455	77.08249
7/3/2025	2:19:44 PM	77.19068	77.09206	77.10174	77.23313	88.71290	77.14182	77.16219	77.06286	77.29064	77.12083	77.07651	77.10667	77.00420	77.08258
7/3/2025	2:19:48 PM	77.19050	77.09244	77.10171	77.23304	58.14552	77.14162	77.16250	77.06344	77.29077	77.12074	77.07639	77.10660	77.00409	77.08207
7/3/2025	2:19:51 PM	77.19081	77.09204	77.10208	77.23297	77.97529	77.14170	77.16211	77.06332	77.29071	77.12095	77.07633	77.10655	77.00408	77.08272
7/3/2025	2:19:55 PM	77.19037	77.09178	77.10176	77.23262	79.72074	77.14180	77.16223	77.06345	77.29088	77.12092	77.07606	77.10677	77.00415	77.08258
7/3/2025	2:19:58 PM	77.19070	77.09216	77.10148	77.23269	54.09213	77.14162	77.16256	77.06326	77.29097	77.12089	77.07670	77.10682	77.00447	77.08240
7/3/2025	2:20:02 PM	77.19066	77.09195	77.10193	77.23299	38.73178	77.14188	77.16262	77.06351	77.29093	77.12096	77.07652	77.10663	77.00438	77.08294
7/3/2025	2:20:06 PM	77.19067	77.09235	77.10213	77.23342	77.13274	77.14204	77.16245	77.06354	77.29155	77.12140	77.07711	77.10683	77.00440	77.08298
7/3/2025	2:20:09 PM	77.19064	77.09203	77.10190	77.23307	77.55817	77.14163	77.16236	77.06353	77.29107	77.12128	77.07689	77.10676	77.00425	77.08292
7/3/2025	2:20:13 PM	77.19073	77.09195	77.10179	77.23307	54.61103	77.14166	77.16217	77.06369	77.29106	77.12119	77.07662	77.10728	77.00424	77.08277
7/3/2025	2:20:16 PM	77.19068	77.09250	77.10224	77.23291	91.96104	77.14179	77.16220	77.06386	77.29140	77.12133	77.07659	77.10700	77.00439	77.08255
7/3/2025	2:20:20 PM	77.19101	77.09256	77.10212	77.23314	76.07094	77.14212	77.16308	77.06411	77.29174	77.12187	77.07718	77.10757	77.00460	77.08295
7/3/2025	2:20:24 PM	77.19132	77.09279	77.10250	77.23386	76.56809	77.14266	77.16309	77.06406	77.29156	77.12138	77.07699	77.10742	77.00425	77.08322
7/3/2025	2:20:27 PM	77.19127	77.09269	77.10249	77.23352	88.92800	77.14214	77.16325	77.06436	77.29196	77.12197	77.07768	77.10742	77.00455	77.08289
7/3/2025	2:20:31 PM	77.19137	77.09289	77.10244	77.23351	69.19836	77.14223	77.16307	77.06408	77.29185	77.12211	77.07735	77.10756	77.00488	77.08330
7/3/2025	2:20:34 PM	77.19133	77.09314	77.10232	77.23346	109.13208	77.14232	77.16293	77.06379	77.29171	77.12168	77.07706	77.10724	77.00497	77.08305
7/3/2025	2:20:38 PM	77.19125	77.09285	77.10239	77.23349	88.20441	77.14206	77.16356	77.06434	77.29190	77.12222	77.07766	77.10759	77.00483	77.08322
7/3/2025	2:20:41 PM	77.19159	77.09278	77.10306	77.23386	65.84947	77.14276	77.16322	77.06435	77.29206	77.12194	77.07754	77.10773	77.00467	77.08355
7/3/2025	2:20:45 PM	77.19149	77.09265	77.10271	77.23380	37.92988	77.14239	77.16320	77.06416	77.29162	77.12161	77.07753	77.10774	77.00502	77.08325
7/3/2025	2:20:48 PM	77.19152	77.09287	77.10292	77.23371	55.21208	77.14283	77.16341	77.06419	77.29178	77.12241	77.07791	77.10745	77.00513	77.08361
7/3/2025	2:20:52 PM	77.19170	77.09306	77.10277	77.23345	39.32948	77.14267	77.16354	77.06440	77.29197	77.12218	77.07811	77.10754	77.00457	77.08321
7/3/2025	2:20:56 PM	77.19139	77.09328	77.10260	77.23381	59.32037	77.14274	77.16336	77.06443	77.29166	77.12201	77.07759	77.10777	77.00512	77.08337
7/3/2025	2:20:59 PM	77.19130	77.09311	77.10285	77.23343	58.53061	77.14277	77.16326	77.06402	77.29201	77.12220	77.07805	77.10785	77.00466	77.08357
7/3/2025	2:21:03 PM	77.19191	77.09373	77.10270	77.23365	90.84243	77.14267	77.16367	77.06480	77.29231	77.12231	77.07821	77.10774	77.00484	77.08362
7/3/2025	2:21:06 PM	77.19192	77.09346	77.10323	77.23383	61.04159	77.14302	77.16362	77.06490	77.29253	77.12267	77.07833	77.10857	77.00531	77.08396
7/3/2025	2:21:10 PM	77.19261	77.09398	77.10337	77.23432	123.69684	77.14332	77.16426	77.06473	77.29280	77.12307	77.07872	77.10849	77.00542	77.08376
7/3/2025	2:21:14 PM	77.19222	77.09389	77.10345	77.23415	56.60907	77.14322	77.16404	77.06519	77.29278	77.12332	77.07871	77.10878	77.00621	77.08479
7/3/2025	2:21:17 PM	77.19235	77.09427	77.10364	77.23491	109.66941	77.14352	77.16403	77.06537	77.29323	77.12301	77.07879	77.10866	77.00598	77.08439
7/3/2025	2:21:21 PM	77.19264	77.09412	77.10355	77.23455	80.34108	77.14352	77.16433	77.06536	77.29288	77.12333	77.07861	77.10873	77.00571	77.08431
7/3/2025	2:21:24 PM	77.19267	77.09436	77.10384	77.23418	53.82695	77.14334	77.16434	77.06551	77.29298	77.12316	77.07856	77.10904	77.00578	77.08433
7/3/2025	2:21:28 PM	77.19278	77.09425	77.10365	77.23435	74.93983	77.14400	77.16487	77.06555	77.29345	77.12353	77.07870	77.10903	77.00594	77.08435
7/3/2025	2:21:32 PM	77.19317	77.09449	77.10438	77.23484	106.94695	77.14384	77.16458	77.06553	77.29321	77.12359	77.07922	77.10903	77.00618	77.08475
7/3/2025	2:21:35 PM	77.19309	77.09459	77.10430	77.23526	31.80302	77.14390	77.16474	77.06586	77.29346	77.12354	77.07913	77.10945	77.00591	77.08480
7/3/2025	2:21:39 PM	77.19286	77.09469	77.10466	77.23506	45.19977	77.14408	77.16473	77.06580	77.29348	77.12361	77.07923	77.10925	77.00611	77.08490
7/3/2025	2:21:42 PM	77.19291	77.09479	77.10399	77.23515	66.33703	77.14404	77.16489	77.06552	77.29355	77.12368	77.07931	77.10928	77.00612	77.08473
7/3/2025	2:21:46 PM	77.19299	77.09462	77.10449	77.23473	42.26570	77.14385	77.16468	77.06580	77.29385	77.12409	77.07936	77.10942	77.00590	77.08418
7/3/2025	2:21:49 PM	77.19282	77.09451	77.10408	77.23480	43.95996	77.14386	77.16486	77.06555	77.29303	77.12348	77.07948	77.10927	77.00632	77.08440
7/3/2025	2:21:53 PM	77.19229	77.09411	77.10361	77.23445	101.86332	77.14386	77.16479	77.06546	77.29307	77.12370	77.07905	77.10895	77.00562	77.08448
7/3/2025	2:21:57 PM	77.19302	77.09442	77.10369	77.23468	77.15138	77.14368	77.16462	77.06555	77.29341	77.12401	77.07911	77.10935	77.00572	77.08483
7/3/2025	2:22:00 PM	77.19289	77.09450	77.10439	77.23471	91.94238	77.14436	77.16509	77.06604	77.29399	77.12357	77.07940	77.10959	77.00581	77.08455
7/3/2025	2:22:04 PM	77.19312	77.09478	77.10456	77.23510	60.31696	77.14416	77.16504	77.06598	77.29392	77.12392	77.07923	77.10927	77.00615	77.08481
7/3/2025	2:22:08 PM	77.19318	77.09473	77.10437	77.23548	46.77385	77.14440	77.16540	77.06599	77.29382	77.12364	77.07920	77.10977	77.00579	77.08530
7/3/2025	2:22:11 PM	77.19302	77.09480	77.10423	77.23524	45.56000	77.14404	77.16516	77.06567	77.29342	77.12391	77.07930	77.10969	77.00615	77.08488
7/3/2025	2:22:15 PM	77.19326	77.09501	77.10420	77.23462	56.32983	77.14420	77.16461	77.06560	77.29333	77.12371	77.07930	77.10974	77.00642	77.08473
7/3/2025	2:22:18 PM	77.19304	77.09486	77.10432	77.23470	35.07453	77.14450	77.16513	77.06626	77.29396	77.12408	77.07976	77.10973	77.00605	77.08524
7/3/2025	2:22:22 PM	77.19343	77.09507	77.10464	77.23511	31.57749	77.14402	77.16512	77.06622	77.29364	77.12409	77.07961	77.11000	77.00636	77.08506
7/3/2025	2:22:26 PM	77.19312	77.09487	77.10397	77.23451	97.77163	77.14435	77.16495	77.06580	77.29357	77.12420	77.07966	77.10988	77.00638	77.08453
7/3/2025	2:22:29 PM	77.19332	77.09523	77.10445	77.23509	59.96595	77.14440	77.16537	77.06635	77.29404	77.12440	77.07979	77.10993	77.00650	77.08465
7/3/2025	2:22:33 PM	77.19338	77.09512	77.10493	77.23513	51.92244	77.14444	77.16527	77.06627	77.29419	77.12456	77.07997	77.10975	77.00624	77.08545
7/3/2025	2:22:36 PM	77.19389	77.09527	77.10475	77.23535	46.85549	77.14472	77.16532	77.06653	77.29415	77.12430	77.07949	77.10979	77.00625	77.08511
7/3/2025	2:22:40 PM	77.19365	77.09536	77.10484	77.23544	106.30185	77.14406	77.16520	77.06633	77.29409	77.12414	77.07982	77.10943	77.00637	77.08522
7/3/2025	2:22:43 PM	77.19346	77.09517	77.10479	77.23534	40.54652	77.14476	77.16531	77.06619	77.29409	77.12420	77.08000	77.10977	77.00639	77.08526
7/3/2025	2:22:47 PM	77.19353	77.09554	77.10455	77.23489	47.09977	77.14466	77.16572	77.06681	77.29421	77.12493	77.08027	77.11037	77.00653	77.08562
7/3/2025	2:22:50 PM	77.19422	77.09565	77.10525	77.23547	40.05161	77.14482	77.16572	77.06689	77.29452	77.12461	77.08022	77.11021	77.00670	77.08543
7/3/2025	2:22:54 PM	77.19421	77.09566	77.10504	77.23565	50.30642	77.14486	77.16555	77.06654	77.29435	77.12484	77.08015	77.11049	77.00676	77.08549
7/3/2025	2:22:58 PM	77.19412	77.09555	77.10453	77.23562	56.42554	77.14444	77.16545	77.06654	77.29408	77.12418	77.08010	77.10996	77.00654	77.08515
7/3/2025	2:23:01 PM	77.19382	77.09526	77.10502	77.23548	71.36077	77.14463	77.16544	77.06607	77.29419	77.12466	77.08006	77.10977	77.00641	77.08551
7/3/2025	2:23:05 PM	77.19410	77.09537	77.10519	77.23554	32.04974	77.14450	77.16551	77.06650	77.29432	77.12491	77.08032	77.11009	77.00665	77.08520
7/3/2025	2:23:09 PM	77.19385	77.09549	77.10522	77.23556	41.26886	77.14522	77.16608	77.06666	77.29489	77.12515	77.08089	77.11106	77.00696	77.08564
7/3/2025	2:23:12 PM	77.19412	77.09612	77.10592	77.23603	46.10156	77.14475	77.16586	77.06700	77.29466	77.12550	77.08063	77.11062	77.00706	77.08590
7/3/2025	2:23:16 PM	77.19454	77.09605	77.10542	77.23567	123.36608	77.14520	77.16614	77.06670	77.29479	77.12531	77.08055	77.11097	77.00698	77.08564
7/3/2025	2:23:19 PM	77.19459	77.09622	77.10572	77.23604	77.93535	77.14526	77.16580	77.06726	77.29522	77.12563	77.08095	77.11097	77.00726	77.08566
7/3/2025	2:23:23 PM	77.19464	77.09576	77.10509	77.23583	71.09949	77.14466	77.16561	77.06698	77.29491	77.12560	77.08083	77.11065	77.00652	77.08576
7/3/2025	2:23:26 PM	77.19441	77.09590	77.10513	77.23538	92.94733	77.14482	77.16586	77.06669	77.29447	77.12536	77.08111	77.11029	77.00661	77.08539
7/3/2025	2:23:30 PM	77.19435	77.09591	77.10517	77.23576	46.36290	77.14499	77.16603	77.06693	77.29494	77.12540	77.08119	77.11078	77.00727	77.08591
7/3/2025	2:23:33 PM	77.19453	77.09605	77.10533	77.23583	91.69597	77.14450	77.16555	77.06642	77.29464	77.12538	77.08049	77.11052	77.00660	77.08529
7/3/2025	2:23:37 PM	77.19424	77.09604	77.10523	77.23571	82.10666	77.14487	77.16578	77.06639	77.29446	77.12534	77.08082	77.11089	77.00688	77.08596
7/3/2025	2:23:41 PM	77.19470	77.09654	77.10576	77.23622	60.10091	77.14505	77.16591	77.06693	77.29509	77.12533	77.08113	77.11077	77.00725	77.08579
7/3/2025	2:23:44 PM	77.19469	77.09613	77.10596	77.23597	100.97786	77.14514	77.16644	77.06723	77.29520	77.12585	77.08102	77.11104	77.00699	77.08621
7/3/2025	2:23:48 PM	77.19449	77.09612	77.10590	77.23591	95.59427	77.14474	77.16581	77.06696	77.29449	77.12543	77.08126	77.11098	77.00693	77.08589
7/3/2025	2:23:51 PM	77.19457	77.09616	77.10564	77.23611	95.02655	77.14539	77.16612	77.06700	77.29473	77.12536	77.08115	77.11094	77.00698	77.08624
7/3/2025	2:23:55 PM	77.19475	77.09626	77.10586	77.23561	79.03517	77.14488	77.16617	77.06745	77.29557	77.12586	77.08121	77.11113	77.00743	77.08599
7/3/2025	2:23:58 PM	77.19484	77.09626	77.10584	77.23604	55.55146	77.14539	77.16644	77.06742	77.29568	77.12606	77.08144	77.11155	77.00733	77.08624
7/3/2025	2:24:02 PM	77.19456	77.09682	77.10549	77.23656	66.67063	77.14537	77.16649	77.06732	77.29538	77.12547	77.08127	77.11140	77.00749	77.08613
7/3/2025	2:24:06 PM	77.19473	77.09652	77.10582	77.23630	128.48235	77.14504	77.16641	77.06723	77.29553	77.12605	77.08120	77.11141	77.00738	77.08643
7/3/2025	2:24:09 PM	77.19473	77.09644	77.10565	77.23582	102.70084	77.14535	77.16596	77.06717	77.29502	77.12552	77.08109	77.11103	77.00692	77.08591
7/3/2025	2:24:13 PM	77.19473	77.09637	77.10601	77.23629	36.91339	77.14496	77.16605	77.06767	77.29550	77.12594	77.08134	77.11127	77.00745	77.08661
7/3/2025	2:24:16 PM	77.19521	77.09701	77.10617	77.23645	86.44851	77.14558	77.16663	77.06768	77.29572	77.12652	77.08218	77.11196	77.00750	77.08659
7/3/2025	2:24:20 PM	77.19519	77.09681	77.10600	77.23651	83.96867	77.14591	77.16657	77.06799	77.29589	77.12673	77.08211	77.11209	77.00829	77.08721
7/3/2025	2:24:23 PM	77.19574	77.09722	77.10627	77.23657	59.17726	77.14563	77.16690	77.06804	77.29560	77.12656	77.08230	77.11171	77.00791	77.08684
7/3/2025	2:24:27 PM	77.19536	77.09726	77.10679	77.23694	36.04616	77.14610	77.16706	77.06803	77.29608	77.12677	77.08233	77.11185	77.00800	77.08705
7/3/2025	2:24:31 PM	77.19561	77.09721	77.10640	77.23638	148.35111	77.14571	77.16685	77.06785	77.29557	77.12647	77.08207	77.11195	77.00773	77.08682
7/3/2025	2:24:34 PM	77.19568	77.09697	77.10645	77.23664	93.06762	77.14596	77.16686	77.06814	77.29607	77.12677	77.08204	77.11218	77.00781	77.08701
7/3/2025	2:24:38 PM	77.19581	77.09724	77.10679	77.23669	75.28564	77.14558	77.16694	77.06828	77.29628	77.12680	77.08192	77.11201	77.00799	77.08662
7/3/2025	2:24:41 PM	77.19566	77.09687	77.10651	77.23676	70.83027	77.14590	77.16723	77.06833	77.29597	77.12700	77.08241	77.11255	77.00797	77.08682
7/3/2025	2:24:45 PM	77.19552	77.09702	77.10655	77.23664	62.19338	77.14586	77.16681	77.06832	77.29556	77.12665	77.08257	77.11203	77.00772	77.08667
7/3/2025	2:24:48 PM	77.19582	77.09686	77.10595	77.23608	49.81541	77.14544	77.16658	77.06800	77.29551	77.12660	77.08208	77.11210	77.00766	77.08673
7/3/2025	2:24:52 PM	77.19578	77.09685	77.10639	77.23623	57.52807	77.14519	77.16640	77.06821	77.29602	77.12653	77.08170	77.11175	77.00762	77.08641
7/3/2025	2:24:56 PM	77.19526	77.09684	77.10593	77.23584	98.76751	77.14505	77.16638	77.06754	77.29556	77.12615	77.08167	77.11172	77.00730	77.08703
7/3/2025	2:24:59 PM	77.19601	77.09705	77.10665	77.23639	41.55794	77.14566	77.16642	77.06771	77.29624	77.12627	77.08196	77.11175	77.00739	77.08643
7/3/2025	2:25:03 PM	77.19550	77.09652	77.10615	77.23648	120.15757	77.14538	77.16661	77.06778	77.29551	77.12679	77.08180	77.11178	77.00776	77.08654
7/3/2025	2:25:06 PM	77.19543	77.09670	77.10622	77.23651	98.95400	77.14503	77.16612	77.06781	77.29572	77.12650	77.08182	77.11161	77.00721	77.08678
7/3/2025	2:25:10 PM	77.19541	77.09681	77.10608	77.23617	62.84646	77.14495	77.16658	77.06784	77.29582	77.12662	77.08184	77.11190	77.00809	77.08672
7/3/2025	2:25:13 PM	77.19544	77.09712	77.10633	77.23642	42.17491	77.14557	77.16652	77.06806	77.29575	77.12663	77.08185	77.11201	77.00741	77.08671
7/3/2025	2:25:17 PM	77.19555	77.09677	77.10604	77.23638	102.20472	77.14540	77.16660	77.06816	77.29592	77.12675	77.08220	77.11227	77.00790	77.08693
7/3/2025	2:25:21 PM	77.19587	77.09702	77.10659	77.23633	41.77845	77.14532	77.16653	77.06774	77.29583	77.12668	77.08186	77.11184	77.00729	77.08684
7/3/2025	2:25:24 PM	77.19542	77.09677	77.10592	77.23583	68.16265	77.14490	77.16647	77.06795	77.29593	77.12689	77.08193	77.11216	77.00769	77.08651
7/3/2025	2:25:28 PM	77.19552	77.09703	77.10632	77.23621	32.93825	77.14475	77.16625	77.06773	77.29561	77.12644	77.08231	77.11159	77.00738	77.08626
7/3/2025	2:25:31 PM	77.19552	77.09694	77.10575	77.23589	136.42088	77.14488	77.16640	77.06741	77.29571	77.12672	77.08222	77.11187	77.00719	77.08624
7/3/2025	2:25:35 PM	77.19527	77.09662	77.10565	77.23565	59.85311	77.14490	77.16618	77.06746	77.29540	77.12618	77.08157	77.11140	77.00688	77.08635
7/3/2025	2:25:38 PM	77.19523	77.09632	77.10619	77.23581	51.56062	77.14497	77.16575	77.06788	77.29582	77.12643	77.08190	77.11159	77.00731	77.08620
7/3/2025	2:25:42 PM	77.19506	77.09663	77.10623	77.23581	86.30297	77.14492	77.16653	77.06781	77.29580	77.12681	77.08192	77.11196	77.00733	77.08658
7/3/2025	2:25:46 PM	77.19570	77.09692	77.10607	77.23584	127.65039	77.14504	77.16620	77.06767	77.29601	77.12670	77.08208	77.11196	77.00750	77.08628
7/3/2025	2:25:49 PM	77.19535	77.09700	77.10630	77.23617	82.74682	77.14505	77.16617	77.06785	77.29548	77.12669	77.08196	77.11162	77.00751	77.08657
7/3/2025	2:25:53 PM	77.19569	77.09673	77.10601	77.23619	76.87413	77.14480	77.16622	77.06765	77.29552	77.12659	77.08187	77.11197	77.00769	77.08701
7/3/2025	2:25:56 PM	77.19593	77.09693	77.10595	77.23585	68.82705	77.14491	77.16641	77.06813	77.29632	77.12706	77.08231	77.11201	77.00734	77.08652
7/3/2025	2:26:00 PM	77.19555	77.09734	77.10628	77.23611	74.08414	77.14498	77.16671	77.06772	77.29574	77.12688	77.08224	77.11202	77.00776	77.08657
7/3/2025	2:26:04 PM	77.19552	77.09672	77.10628	77.23611	38.74919	77.14482	77.16618	77.06765	77.29571	77.12682	77.08220	77.11189	77.00775	77.08687
7/3/2025	2:26:07 PM	77.19549	77.09694	77.10612	77.23576	73.22718	77.14510	77.16647	77.06753	77.29587	77.12688	77.08211	77.11210	77.00738	77.08663
7/3/2025	2:26:11 PM	77.19541	77.09690	77.10635	77.23564	57.09305	77.14495	77.16678	77.06771	77.29587	77.12672	77.08235	77.11235	77.00749	77.08681
7/3/2025	2:26:14 PM	77.19570	77.09713	77.10622	77.23561	44.02341	77.14505	77.16651	77.06770	77.29640	77.12702	77.08243	77.11248	77.00786	77.08687
7/3/2025	2:26:18 PM	77.19554	77.09739	77.10621	77.23577	72.57484	77.14477	77.16628	77.06787	77.29575	77.12666	77.08207	77.11222	77.00788	77.08660
7/3/2025	2:26:21 PM	77.19607	77.09708	77.10631	77.23638	55.78625	77.14516	77.16619	77.06768	77.29580	77.12687	77.08216	77.11231	77.00746	77.08648
7/3/2025	2:26:25 PM	77.19571	77.09707	77.10607	77.23570	75.06872	77.14489	77.16616	77.06793	77.29633	77.12699	77.08229	77.11219	77.00749	77.08679
7/3/2025	2:26:29 PM	77.19561	77.09741	77.10620	77.23616	62.89146	77.14513	77.16628	77.06770	77.29595	77.12674	77.08239	77.11226	77.00794	77.08699
7/3/2025	2:26:32 PM	77.19576	77.09712	77.10610	77.23588	117.02185	77.14478	77.16635	77.06755	77.29563	77.12705	77.08230	77.11226	77.00752	77.08686
7/3/2025	2:26:36 PM	77.19595	77.09684	77.10641	77.23598	97.92939	77.14479	77.16650	77.06815	77.29621	77.12717	77.08244	77.11236	77.00786	77.08702
7/3/2025	2:26:39 PM	77.19596	77.09720	77.10607	77.23621	35.64661	77.14509	77.16624	77.06799	77.29598	77.12705	77.08262	77.11206	77.00779	77.08682
7/3/2025	2:26:43 PM	77.19614	77.09771	77.10666	77.23613	57.21369	77.14519	77.16618	77.06784	77.29643	77.12699	77.08239	77.11248	77.00803	77.08693
7/3/2025	2:26:46 PM	77.19617	77.09733	77.10671	77.23620	108.42131	77.14496	77.16643	77.06794	77.29629	77.12761	77.08300	77.11302	77.00758	77.08680
7/3/2025	2:26:50 PM	77.19597	77.09727	77.10626	77.23608	94.67684	77.14485	77.16592	77.06792	77.29613	77.12740	77.08246	77.11218	77.00800	77.08732
7/3/2025	2:26:54 PM	77.19611	77.09752	77.10671	77.23631	91.30004	77.14505	77.16664	77.06795	77.29638	77.12723	77.08227	77.11227	77.00771	77.08679
7/3/2025	2:26:57 PM	77.19611	77.09734	77.10624	77.23586	78.12012	77.14477	77.16641	77.06799	77.29595	77.12785	77.08312	77.11233	77.00866	77.08543
7/3/2025	2:27:01 PM	77.19631	77.09765	77.10660	77.23619	75.28998	77.14516	77.16595	77.06802	77.29651	77.12751	77.08311	77.11287	77.00808	77.08750
7/3/2025	2:27:04 PM	77.19630	77.09780	77.10668	77.23629	94.93638	77.14530	77.16713	77.06843	77.29683	77.12779	77.08233	77.11345	77.00844	77.08749
7/3/2025	2:27:08 PM	77.19628	77.09788	77.10676	77.23611	41.73615	77.14591	77.16666	77.06811	77.29634	77.12727	77.08306	77.11267	77.00807	77.08750
7/3/2025	2:27:11 PM	77.19617	77.09732	77.10618	77.23586	46.30914	77.14505	77.16612	77.06823	77.29624	77.12757	77.08295	77.11263	77.00834	77.08753
7/3/2025	2:27:15 PM	77.19641	77.09780	77.10673	77.23593	90.13633	77.14513	77.16631	77.06786	77.29659	77.12786	77.08348	77.11346	77.00837	77.08729
7/3/2025	2:27:19 PM	77.19644	77.09763	77.10655	77.23595	84.46137	77.14505	77.16639	77.06808	77.29667	77.12829	77.08321	77.11333	77.00861	77.08753
7/3/2025	2:27:22 PM	77.19664	77.09785	77.10673	77.23683	60.78581	77.14537	77.16671	77.06813	77.29693	77.12825	77.08330	77.11333	77.00817	77.08769
7/3/2025	2:27:26 PM	77.19671	77.09788	77.10703	77.23731	56.95402	77.14538	77.16695	77.06836	77.29704	77.12827	77.08356	77.11327	77.00867	77.08735
7/3/2025	2:27:29 PM	77.19675	77.09851	77.10712	77.23666	42.95066	77.14514	77.16647	77.06869	77.29703	77.12790	77.08343	77.11351	77.00863	77.08813
7/3/2025	2:27:33 PM	77.19657	77.09856	77.10711	77.23677	42.69473	77.14549	77.16709	77.06860	77.29736	77.12805	77.08397	77.11339	77.00832	77.08759
7/3/2025	2:27:37 PM	77.19688	77.09801	77.10717	77.23659	98.68163	77.14516	77.16668	77.06816	77.29712	77.12796	77.08342	77.11351	77.00835	77.08758
7/3/2025	2:27:40 PM	77.19652	77.09779	77.10684	77.23634	71.47761	77.14507	77.16688	77.06842	77.29683	77.12790	77.08323	77.11328	77.00837	77.08763
7/3/2025	2:27:44 PM	77.19688	77.09787	77.10682	77.23629	36.90390	77.14531	77.16654	77.06843	77.29670	77.12774	77.08357	77.11305	77.00789	77.08734
7/3/2025	2:27:47 PM	77.19654	77.09795	77.10673	77.23649	111.57431	77.14510	77.16657	77.06814	77.29669	77.12770	77.08324	77.11351	77.00862	77.08788
7/3/2025	2:27:51 PM	77.19648	77.09791	77.10682	77.23666	72.37226	77.14540	77.16691	77.06836	77.29707	77.12791	77.08327	77.11351	77.00852	77.08798
7/3/2025	2:27:55 PM	77.19651	77.09792	77.10694	77.23647	50.87970	77.14480	77.16666	77.06827	77.29728	77.12810	77.08382	77.11332	77.00857	77.08800
7/3/2025	2:27:58 PM	77.19695	77.09816	77.10693	77.23675	80.90685	77.14533	77.16640	77.06805	77.29708	77.12811	77.08351	77.11350	77.00890	77.08795
7/3/2025	2:28:02 PM	77.19677	77.09785	77.10714	77.23670	71.48666	77.14550	77.16676	77.06822	77.29677	77.12827	77.08375	77.11383	77.00875	77.08814
7/3/2025	2:28:05 PM	77.19740	77.09830	77.10747	77.23696	50.63844	77.14533	77.16699	77.06875	77.29748	77.12878	77.08414	77.11373	77.00892	77.08840
7/3/2025	2:28:09 PM	77.19714	77.09900	77.10772	77.23661	62.35676	77.14565	77.16694	77.06905	77.29783	77.12866	77.08418	77.11410	77.00901	77.08864
7/3/2025	2:28:12 PM	77.19703	77.09859	77.10747	77.23743	112.82367	77.14592	77.16738	77.06932	77.29779	77.12866	77.08424	77.11415	77.00906	77.08826
7/3/2025	2:28:16 PM	77.19736	77.09878	77.10727	77.23705	34.89035	77.14578	77.16701	77.06874	77.29773	77.12840	77.08404	77.11380	77.00834	77.08806
7/3/2025	2:28:20 PM	77.19720	77.09839	77.10730	77.23672	45.09429	77.14553	77.16669	77.06833	77.29761	77.12906	77.08420	77.11377	77.00879	77.08805
7/3/2025	2:28:23 PM	77.19716	77.09849	77.10721	77.23675	118.15946	77.14570	77.16717	77.06873	77.29727	77.12837	77.08393	77.11381	77.00863	77.08797
7/3/2025	2:28:27 PM	77.19695	77.09822	77.10725	77.23619	40.93199	77.14524	77.16654	77.06825	77.29745	77.12845	77.08353	77.11345	77.00898	77.08832
7/3/2025	2:28:30 PM	77.19718	77.09884	77.10760	77.23670	87.59446	77.14527	77.16708	77.06843	77.29774	77.12900	77.08462	77.11408	77.00870	77.08833
7/3/2025	2:28:34 PM	77.19758	77.09875	77.10742	77.23727	67.81447	77.14591	77.16738	77.06900	77.29812	77.12930	77.08478	77.11430	77.00969	77.08894
7/3/2025	2:28:38 PM	77.19783	77.09911	77.10786	77.23741	77.47527	77.14625	77.16723	77.06903	77.29795	77.12904	77.08475	77.11422	77.00937	77.08871
7/3/2025	2:28:41 PM	77.19772	77.09907	77.10818	77.23751	56.09538	77.14607	77.16727	77.06906	77.29797	77.12893	77.08466	77.11479	77.00918	77.08898
7/3/2025	2:28:45 PM	77.19753	77.09889	77.10798	77.23700	87.17551	77.14580	77.16751	77.06945	77.29794	77.12938	77.08454	77.11477	77.00964	77.08865
7/3/2025	2:28:48 PM	77.19756	77.09860	77.10763	77.23674	61.51094	77.14600	77.16750	77.06920	77.29813	77.12957	77.08490	77.11491	77.00996	77.08914
7/3/2025	2:28:52 PM	77.19829	77.09954	77.10812	77.23756	73.70471	77.14594	77.16736	77.06931	77.29804	77.12974	77.08524	77.11501	77.00967	77.08904
7/3/2025	2:28:56 PM	77.19851	77.09962	77.10841	77.23792	31.43680	77.14676	77.16828	77.06963	77.29863	77.13001	77.08543	77.11487	77.00999	77.08956
7/3/2025	2:28:59 PM	77.19843	77.09980	77.10864	77.23803	61.98533	77.14660	77.16757	77.06982	77.29873	77.12994	77.08538	77.11535	77.01012	77.08971
7/3/2025	2:29:03 PM	77.19839	77.09930	77.10821	77.23739	75.54632	77.14633	77.16722	77.06929	77.29802	77.12933	77.08499	77.11495	77.00961	77.08899
7/3/2025	2:29:06 PM	77.19810	77.09964	77.10847	77.23737	73.37464	77.14630	77.16769	77.06946	77.29835	77.12960	77.08531	77.11503	77.01016	77.08900
7/3/2025	2:29:10 PM	77.19842	77.09947	77.10808	77.23729	73.52480	77.14598	77.16769	77.06971	77.29846	77.12957	77.08509	77.11453	77.00977	77.08918
7/3/2025	2:29:13 PM	77.19810	77.09934	77.10797	77.23745	41.69837	77.14622	77.16769	77.06937	77.29795	77.12916	77.08491	77.11453	77.00929	77.08883
7/3/2025	2:29:17 PM	77.19772	77.09871	77.10811	77.23714	82.82268	77.14553	77.16737	77.06925	77.29798	77.12946	77.08500	77.11472	77.01004	77.08893
7/3/2025	2:29:20 PM	77.19776	77.09933	77.10753	77.23726	83.10622	77.14590	77.16733	77.06931	77.29795	77.12978	77.08483	77.11489	77.00989	77.08901
7/3/2025	2:29:24 PM	77.19804	77.09885	77.10782	77.23730	71.75951	77.14589	77.16717	77.06955	77.29805	77.12942	77.08505	77.11504	77.00998	77.08903
7/3/2025	2:29:28 PM	77.19782	77.09928	77.10773	77.23704	61.60650	77.14551	77.16725	77.06915	77.29787	77.12952	77.08505	77.11511	77.00982	77.08919
7/3/2025	2:29:31 PM	77.19815	77.09986	77.10828	77.23714	65.14757	77.14551	77.16741	77.06934	77.29821	77.12965	77.08507	77.11521	77.00996	77.08935
7/3/2025	2:29:35 PM	77.19807	77.09946	77.10829	77.23734	68.44497	77.14630	77.16766	77.06955	77.29836	77.12957	77.08579	77.11595	77.01035	77.08948
7/3/2025	2:29:38 PM	77.19834	77.09969	77.10771	77.23736	49.41238	77.14592	77.16740	77.06948	77.29832	77.12947	77.08516	77.11486	77.00986	77.08931
7/3/2025	2:29:42 PM	77.19783	77.09951	77.10800	77.23743	96.22629	77.14580	77.16770	77.06911	77.29836	77.12962	77.08534	77.11510	77.00973	77.08906
7/3/2025	2:29:46 PM	77.19771	77.09923	77.10805	77.23732	57.55105	77.14640	77.16755	77.06953	77.29826	77.12978	77.08535	77.11528	77.00979	77.08932
7/3/2025	2:29:49 PM	77.19823	77.09925	77.10800	77.23743	47.48276	77.14615	77.16760	77.06962	77.29836	77.13002	77.08551	77.11542	77.00996	77.08913
7/3/2025	2:29:53 PM	77.19843	77.09959	77.10842	77.23763	32.39497	77.14623	77.16766	77.06939	77.29861	77.12983	77.08563	77.11548	77.01033	77.08969
7/3/2025	2:29:56 PM	77.19865	77.09969	77.10837	77.23730	105.36015	77.14600	77.16727	77.06957	77.29850	77.12984	77.08611	77.11560	77.01023	77.08947
7/3/2025	2:30:00 PM	77.19859	77.09985	77.10835	77.23803	92.65736	77.14604	77.16757	77.06947	77.29878	77.13017	77.08596	77.11515	77.01007	77.08949
7/3/2025	2:30:04 PM	77.19834	77.09971	77.10824	77.23735	70.05342	77.14641	77.16774	77.06959	77.29858	77.13015	77.08563	77.11542	77.01030	77.08996
7/3/2025	2:30:07 PM	77.19891	77.09983	77.10855	77.23758	80.20958	77.14629	77.16797	77.06962	77.29877	77.13018	77.08646	77.11561	77.01061	77.09053
7/3/2025	2:30:11 PM	77.19892	77.10012	77.10892	77.23746	39.86781	77.14629	77.16785	77.06978	77.29900	77.13014	77.08610	77.11566	77.01065	77.08989
7/3/2025	2:30:14 PM	77.19902	77.09989	77.10869	77.23798	44.72197	77.14660	77.16823	77.06991	77.29919	77.13029	77.08622	77.11594	77.01090	77.09015
7/3/2025	2:30:18 PM	77.19889	77.09990	77.10877	77.23759	120.08608	77.14687	77.16817	77.06991	77.29896	77.13037	77.08638	77.11567	77.01053	77.08999
7/3/2025	2:30:21 PM	77.19854	77.10003	77.10843	77.23776	50.83582	77.14642	77.16758	77.06950	77.29850	77.13003	77.08568	77.11558	77.01055	77.09003
7/3/2025	2:30:25 PM	77.19893	77.09999	77.10830	77.23748	95.01239	77.14630	77.16823	77.07003	77.29898	77.13044	77.08576	77.11532	77.00998	77.08993
7/3/2025	2:30:29 PM	77.19881	77.09985	77.10852	77.23800	66.62772	77.14638	77.16795	77.06988	77.29907	77.13062	77.08604	77.11626	77.01058	77.09037
7/3/2025	2:30:32 PM	77.19924	77.10026	77.10880	77.23783	41.33971	77.14639	77.16780	77.07001	77.29894	77.13047	77.08626	77.11591	77.01029	77.09048
7/3/2025	2:30:36 PM	77.19913	77.10010	77.10858	77.23782	55.06172	77.14627	77.16816	77.07003	77.29911	77.13051	77.08612	77.11586	77.01126	77.09028
7/3/2025	2:30:39 PM	77.19916	77.10024	77.10834	77.23805	76.71279	77.14672	77.16827	77.07003	77.29927	77.13050	77.08624	77.11620	77.01097	77.09050
7/3/2025	2:30:43 PM	77.19916	77.10039	77.10905	77.23809	61.46465	77.14681	77.16812	77.07017	77.29944	77.13080	77.08655	77.11621	77.01106	77.09091
7/3/2025	2:30:46 PM	77.19896	77.10030	77.10890	77.23805	52.48700	77.14666	77.16829	77.07003	77.29941	77.13068	77.08653	77.11591	77.01097	77.09056
7/3/2025	2:30:50 PM	77.19915	77.10019	77.10906	77.23775	32.03731	77.14676	77.16804	77.07004	77.29960	77.13061	77.08627	77.11634	77.01109	77.09106
7/3/2025	2:30:54 PM	77.19959	77.10081	77.10918	77.23866	112.84683	77.14751	77.16906	77.07072	77.29958	77.13134	77.08687	77.11692	77.01151	77.09091
7/3/2025	2:30:57 PM	77.19992	77.10096	77.10952	77.23848	71.98241	77.14731	77.16901	77.07091	77.29963	77.13151	77.08723	77.11679	77.01193	77.09106
7/3/2025	2:31:01 PM	77.20055	77.10088	77.10934	77.23870	84.22152	77.14736	77.16872	77.07063	77.30003	77.13138	77.08689	77.11703	77.01130	77.09087
7/3/2025	2:31:04 PM	77.19953	77.10055	77.10958	77.23863	32.71634	77.14694	77.16863	77.07075	77.29982	77.13168	77.08713	77.11654	77.01200	77.09127
7/3/2025	2:31:08 PM	77.20000	77.10105	77.10968	77.23862	40.81537	77.14726	77.16897	77.07069	77.30030	77.13152	77.08724	77.11699	77.01195	77.09112
7/3/2025	2:31:12 PM	77.20003	77.10110	77.10933	77.23865	44.46498	77.14687	77.16870	77.07031	77.29997	77.13109	77.08677	77.11680	77.01131	77.09081
7/3/2025	2:31:15 PM	77.19946	77.10006	77.10859	77.23788	48.95123	77.14588	77.16798	77.07027	77.29935	77.13105	77.08659	77.11614	77.01135	77.09083
7/3/2025	2:31:19 PM	77.19954	77.10025	77.10888	77.23766	87.39219	77.14650	77.16787	77.07026	77.29957	77.13090	77.08682	77.11607	77.01095	77.09070
7/3/2025	2:31:22 PM	77.19939	77.10046	77.10876	77.23815	36.07769	77.14667	77.16801	77.07029	77.29961	77.13102	77.08658	77.11652	77.01107	77.09078
7/3/2025	2:31:26 PM	77.19917	77.10060	77.10907	77.23838	55.07285	77.14633	77.16782	77.06994	77.29944	77.13080	77.08688	77.11672	77.01124	77.09058
7/3/2025	2:31:29 PM	77.19943	77.10058	77.10930	77.23837	60.41642	77.14714	77.16840	77.07037	77.29950	77.13086	77.08691	77.11696	77.01145	77.09102
7/3/2025	2:31:33 PM	77.19982	77.10041	77.10919	77.23797	73.04823	77.14671	77.16843	77.07047	77.29962	77.13124	77.08726	77.11656	77.01146	77.09086
7/3/2025	2:31:37 PM	77.19959	77.10066	77.10950	77.23809	81.14647	77.14663	77.16828	77.07014	77.29992	77.13102	77.08707	77.11691	77.01154	77.09080
7/3/2025	2:31:40 PM	77.19973	77.10074	77.10929	77.23785	63.00493	77.14683	77.16817	77.07031	77.29969	77.13107	77.08707	77.11668	77.01110	77.09081
7/3/2025	2:31:44 PM	77.19965	77.10021	77.10892	77.23783	35.41204	77.14681	77.16831	77.06984	77.29984	77.13124	77.08684	77.11672	77.01160	77.09121
7/3/2025	2:31:47 PM	77.19953	77.10060	77.10920	77.23809	70.10831	77.14669	77.16830	77.07039	77.29927	77.13122	77.08706	77.11687	77.01147	77.09091
7/3/2025	2:31:51 PM	77.19979	77.10087	77.10908	77.23840	98.28102	77.14690	77.16846	77.07079	77.30037	77.13136	77.08712	77.11693	77.01152	77.09084
7/3/2025	2:31:55 PM	77.19991	77.10087	77.10908	77.23852	66.19415	77.14678	77.16843	77.07025	77.29997	77.13140	77.08751	77.11704	77.01173	77.09116
7/3/2025	2:31:58 PM	77.20014	77.10100	77.10969	77.23851	101.78951	77.14740	77.16877	77.07100	77.29989	77.13159	77.08726	77.11715	77.01178	77.09111
7/3/2025	2:32:02 PM	77.19998	77.10109	77.10888	77.23810	69.08142	77.14662	77.16813	77.07034	77.29987	77.13182	77.08735	77.11671	77.01189	77.09136
7/3/2025	2:32:06 PM	77.20004	77.10084	77.10924	77.23812	93.87906	77.14649	77.16808	77.07077	77.29967	77.13152	77.08728	77.11674	77.01183	77.09152
7/3/2025	2:32:09 PM	77.20023	77.10089	77.10909	77.23826	61.49009	77.14675	77.16843	77.07039	77.29997	77.13122	77.08742	77.11685	77.01137	77.09074
7/3/2025	2:32:13 PM	77.20001	77.10104	77.10945	77.23825	80.52614	77.14697	77.16830	77.07039	77.30021	77.13167	77.08728	77.11708	77.01196	77.09131
7/3/2025	2:32:16 PM	77.20006	77.10123	77.10960	77.23806	36.37100	77.14706	77.16857	77.07064	77.30024	77.13143	77.08743	77.11721	77.01184	77.09154
7/3/2025	2:32:20 PM	77.20012	77.10139	77.10938	77.23840	99.03398	77.14676	77.16836	77.07102	77.30031	77.13157	77.08773	77.11717	77.01186	77.09124
7/3/2025	2:32:24 PM	77.20018	77.10100	77.10958	77.23863	75.30924	77.14701	77.16835	77.07043	77.30011	77.13166	77.08711	77.11710	77.01156	77.09125
7/3/2025	2:32:27 PM	77.20023	77.10086	77.10908	77.23826	78.74506	77.14645	77.16795	77.07007	77.29997	77.13144	77.08753	77.11711	77.01199	77.09125
7/3/2025	2:32:31 PM	77.20029	77.10070	77.10913	77.23872	52.17377	77.14726	77.16864	77.07063	77.30015	77.13183	77.08723	77.11697	77.01166	77.09095
7/3/2025	2:32:34 PM	77.19970	77.10026	77.10895	77.23770	92.10869	77.14641	77.16780	77.06987	77.29957	77.13139	77.08699	77.11696	77.01179	77.09103
7/3/2025	2:32:38 PM	77.19997	77.10035	77.10895	77.23755	32.58223	77.14629	77.16819	77.07058	77.30019	77.13188	77.08706	77.11687	77.01188	77.09139
7/3/2025	2:32:41 PM	77.20037	77.10062	77.10899	77.23780	35.68268	77.14661	77.16782	77.07028	77.29999	77.13179	77.08727	77.11684	77.01147	77.09083
7/3/2025	2:32:45 PM	77.19995	77.10058	77.10914	77.23788	129.10868	77.14664	77.16778	77.07026	77.29975	77.13102	77.08699	77.11672	77.01147	77.09081
7/3/2025	2:32:48 PM	77.19996	77.10094	77.10912	77.23804	69.12572	77.14637	77.16816	77.07018	77.29962	77.13122	77.08709	77.11656	77.01150	77.09109
7/3/2025	2:32:52 PM	77.20009	77.10050	77.10926	77.23797	32.69889	77.14611	77.16783	77.07041	77.30022	77.13162	77.08744	77.11662	77.01161	77.09126
7/3/2025	2:32:56 PM	77.20052	77.10057	77.10848	77.23748	42.17720	77.14605	77.16781	77.07029	77.29960	77.13113	77.08736	77.11639	77.01166	77.09136
7/3/2025	2:32:59 PM	77.19980	77.10054	77.10891	77.23784	42.88559	77.14624	77.16828	77.07000	77.29974	77.13147	77.08765	77.11722	77.01183	77.09121
7/3/2025	2:33:03 PM	77.20014	77.10055	77.10904	77.23818	117.01686	77.14640	77.16804	77.07036	77.29986	77.13117	77.08774	77.11697	77.01171	77.09104
7/3/2025	2:33:06 PM	77.20064	77.10089	77.10983	77.23829	51.87262	77.14666	77.16819	77.07033	77.30028	77.13217	77.08800	77.11730	77.01209	77.09133
7/3/2025	2:33:10 PM	77.20070	77.10095	77.10985	77.23794	94.10091	77.14611	77.16802	77.07014	77.29998	77.13169	77.08759	77.11730	77.01166	77.09116
7/3/2025	2:33:14 PM	77.20003	77.10077	77.10927	77.23800	31.15117	77.14638	77.16818	77.07072	77.30031	77.13175	77.08766	77.11745	77.01224	77.09169
7/3/2025	2:33:17 PM	77.20049	77.10129	77.10954	77.23814	47.34179	77.14639	77.16802	77.07027	77.29999	77.13164	77.08754	77.11724	77.01182	77.09134
7/3/2025	2:33:21 PM	77.20017	77.10089	77.10935	77.23779	53.63434	77.14614	77.16777	77.07027	77.29978	77.13124	77.08753	77.11723	77.01194	77.09127
7/3/2025	2:33:24 PM	77.20015	77.10116	77.10941	77.23831	91.96068	77.14612	77.16788	77.06994	77.29967	77.13141	77.08709	77.11677	77.01202	77.09094
7/3/2025	2:33:28 PM	77.20011	77.10063	77.10903	77.23746	60.77386	77.14599	77.16789	77.06991	77.29960	77.13133	77.08725	77.11665	77.01192	77.09149
7/3/2025	2:33:31 PM	77.20049	77.10104	77.10939	77.23788	46.09425	77.14618	77.16789	77.07029	77.29987	77.13172	77.08760	77.11736	77.01188	77.09131
7/3/2025	2:33:35 PM	77.20022	77.10047	77.10894	77.23761	52.02291	77.14603	77.16755	77.07010	77.29981	77.13138	77.08687	77.11691	77.01192	77.09180
7/3/2025	2:33:39 PM	77.20044	77.10059	77.10922	77.23800	51.95506	77.14593	77.16757	77.06974	77.29970	77.13136	77.08738	77.11708	77.01177	77.09110
7/3/2025	2:33:42 PM	77.19987	77.10083	77.10905	77.23763	41.61801	77.14599	77.16797	77.06985	77.30004	77.13175	77.08768	77.11722	77.01219	77.09144
7/3/2025	2:33:46 PM	77.19991	77.10085	77.10903	77.23771	32.08909	77.14587	77.16739	77.06975	77.29941	77.13098	77.08697	77.11684	77.01176	77.09162
7/3/2025	2:33:49 PM	77.20019	77.10092	77.10957	77.23808	54.01514	77.14602	77.16783	77.07027	77.29997	77.13155	77.08789	77.11680	77.01168	77.09147
7/3/2025	2:33:53 PM	77.20002	77.10065	77.10909	77.23772	86.84755	77.14543	77.16755	77.06984	77.30003	77.13179	77.08770	77.11753	77.01194	77.09194
7/3/2025	2:33:57 PM	77.20008	77.10112	77.10892	77.23757	72.97313	77.14527	77.16777	77.07006	77.29942	77.13122	77.08747	77.11697	77.01189	77.09145
7/3/2025	2:34:00 PM	77.20040	77.10066	77.10896	77.23722	38.88678	77.14560	77.16765	77.06976	77.29969	77.13128	77.08754	77.11708	77.01210	77.09176
7/3/2025	2:34:04 PM	77.20064	77.10098	77.10945	77.23814	49.53867	77.14586	77.16754	77.06984	77.29986	77.13142	77.08772	77.11714	77.01189	77.09176
7/3/2025	2:34:07 PM	77.20019	77.10065	77.10873	77.23760	116.90188	77.14591	77.16795	77.06985	77.29977	77.13159	77.08737	77.11725	77.01208	77.09190
7/3/2025	2:34:11 PM	77.20031	77.10101	77.10907	77.23793	32.64723	77.14575	77.16783	77.07005	77.29995	77.13159	77.08690	77.11646	77.01157	77.09114
7/3/2025	2:34:15 PM	77.19985	77.10013	77.10784	77.23709	80.61350	77.14574	77.16769	77.07000	77.29999	77.13162	77.08748	77.11753	77.01166	77.09180
7/3/2025	2:34:18 PM	77.20009	77.10121	77.10902	77.23784	68.06721	77.14600	77.16793	77.07006	77.30051	77.13199	77.08819	77.11746	77.01228	77.09200
7/3/2025	2:34:22 PM	77.20077	77.10089	77.10913	77.23778	59.47869	77.14571	77.16785	77.06984	77.29984	77.13141	77.08721	77.11696	77.01245	77.09172
7/3/2025	2:34:25 PM	77.20060	77.10098	77.10927	77.23776	77.60054	77.14583	77.16792	77.07017	77.29986	77.13177	77.08776	77.11685	77.01188	77.09152
7/3/2025	2:34:29 PM	77.20035	77.10117	77.10928	77.23740	32.86881	77.14577	77.16758	77.07001	77.29978	77.13144	77.08792	77.11735	77.01215	77.09197
7/3/2025	2:34:33 PM	77.20046	77.10111	77.10919	77.23784	86.05604	77.14578	77.16736	77.06994	77.29977	77.13122	77.08761	77.11743	77.01235	77.09178
7/3/2025	2:34:36 PM	77.20006	77.10085	77.10867	77.23736	88.91848	77.14573	77.16720	77.06976	77.29940	77.13114	77.08731	77.11703	77.01206	77.09141
7/3/2025	2:34:40 PM	77.20033	77.10082	77.10902	77.23747	57.20056	77.14544	77.16761	77.06953	77.29985	77.13145	77.08724	77.11672	77.01192	77.09176
7/3/2025	2:34:44 PM	77.20004	77.10093	77.10886	77.23756	63.84589	77.14536	77.16737	77.06963	77.30004	77.13148	77.08797	77.11779	77.01220	77.09180
7/3/2025	2:34:47 PM	77.20010	77.10055	77.10923	77.23781	78.37085	77.14538	77.16773	77.06994	77.30014	77.13200	77.08749	77.11707	77.01177	77.09147
7/3/2025	2:34:51 PM	77.20054	77.10085	77.10893	77.23742	69.38967	77.14567	77.16808	77.07023	77.30021	77.13148	77.08740	77.11724	77.01221	77.09139
7/3/2025	2:34:54 PM	77.20023	77.10041	77.10871	77.23751	89.67772	77.14537	77.16734	77.06981	77.29971	77.13155	77.08775	77.11718	77.01243	77.09148
7/3/2025	2:34:58 PM	77.20043	77.10114	77.10912	77.23756	59.06389	77.14565	77.16761	77.07031	77.29989	77.13139	77.08769	77.11775	77.01264	77.09173
7/3/2025	2:35:01 PM	77.20033	77.10118	77.10920	77.23761	51.43439	77.14613	77.16822	77.07060	77.30058	77.13228	77.08810	77.11789	77.01271	77.09255
7/3/2025	2:35:05 PM	77.20098	77.10154	77.10936	77.23831	100.08056	77.14612	77.16793	77.07052	77.30065	77.13232	77.08818	77.11794	77.01249	77.09229
7/3/2025	2:35:08 PM	77.20132	77.10139	77.10919	77.23777	31.48004	77.14586	77.16792	77.07036	77.29998	77.13179	77.08808	77.11796	77.01255	77.09191
7/3/2025	2:35:12 PM	77.20076	77.10152	77.10920	77.23786	52.81130	77.14573	77.16782	77.07010	77.30028	77.13207	77.08825	77.11754	77.01252	77.09237
7/3/2025	2:35:16 PM	77.20105	77.10136	77.10946	77.23811	106.89456	77.14596	77.16798	77.07017	77.29993	77.13159	77.08786	77.11755	77.01242	77.09208
7/3/2025	2:35:19 PM	77.20083	77.10099	77.10942	77.23746	68.48479	77.14570	77.16756	77.06987	77.30040	77.13221	77.08802	77.11798	77.01265	77.09181
7/3/2025	2:35:23 PM	77.20102	77.10134	77.10944	77.23792	47.07454	77.14607	77.16807	77.07056	77.30050	77.13234	77.08868	77.11809	77.01292	77.09262
7/3/2025	2:35:26 PM	77.20123	77.10148	77.10939	77.23798	130.76680	77.14604	77.16768	77.07043	77.30057	77.13223	77.08859	77.11825	77.01305	77.09242
7/3/2025	2:35:30 PM	77.20109	77.10140	77.10943	77.23780	73.38614	77.14593	77.16739	77.07019	77.30036	77.13197	77.08846	77.11766	77.01239	77.09241
7/3/2025	2:35:33 PM	77.20089	77.10127	77.10949	77.23794	60.58940	77.14619	77.16794	77.07081	77.30054	77.13281	77.08895	77.11815	77.01272	77.09226
7/3/2025	2:35:37 PM	77.20093	77.10120	77.10955	77.23772	41.03021	77.14554	77.16778	77.07002	77.30052	77.13233	77.08824	77.11817	77.01252	77.09206
7/3/2025	2:35:41 PM	77.20063	77.10149	77.10966	77.23779	98.58054	77.14593	77.16727	77.07040	77.30034	77.13245	77.08846	77.11828	77.01279	77.09240
7/3/2025	2:35:44 PM	77.20097	77.10110	77.10936	77.23763	57.77779	77.14562	77.16737	77.07018	77.30050	77.13191	77.08833	77.11772	77.01257	77.09222
7/3/2025	2:35:48 PM	77.20074	77.10130	77.10920	77.23720	37.73564	77.14531	77.16744	77.06959	77.29998	77.13164	77.08795	77.11757	77.01213	77.09177
7/3/2025	2:35:51 PM	77.20012	77.10070	77.10890	77.23700	91.73410	77.14488	77.16702	77.06972	77.30003	77.13172	77.08792	77.11756	77.01235	77.09189
7/3/2025	2:35:55 PM	77.20101	77.10098	77.10915	77.23747	71.39991	77.14524	77.16737	77.07032	77.30010	77.13199	77.08798	77.11766	77.01254	77.09180
7/3/2025	2:35:58 PM	77.20066	77.10112	77.10888	77.23749	52.54974	77.14525	77.16716	77.06949	77.30017	77.13205	77.08819	77.11773	77.01223	77.09215
7/3/2025	2:36:02 PM	77.20095	77.10056	77.10869	77.23704	80.81224	77.14506	77.16748	77.06993	77.30009	77.13204	77.08810	77.11747	77.01228	77.09191
7/3/2025	2:36:06 PM	77.20081	77.10125	77.10927	77.23733	86.39017	77.14547	77.16749	77.06965	77.29995	77.13223	77.08851	77.11768	77.01258	77.09224
7/3/2025	2:36:09 PM	77.20062	77.10112	77.10881	77.23737	85.04944	77.14494	77.16752	77.06948	77.30003	77.13201	77.08818	77.11775	77.01246	77.09225
7/3/2025	2:36:13 PM	77.20095	77.10110	77.10899	77.23716	38.66867	77.14572	77.16734	77.07021	77.30050	77.13210	77.08815	77.11799	77.01264	77.09215
7/3/2025	2:36:17 PM	77.20067	77.10112	77.10914	77.23708	79.63712	77.14570	77.16768	77.06982	77.30034	77.13246	77.08827	77.11869	77.01281	77.09241
7/3/2025	2:36:20 PM	77.20118	77.10181	77.10936	77.23780	31.38486	77.14596	77.16773	77.07003	77.30089	77.13259	77.08902	77.11848	77.01300	77.09286
7/3/2025	2:36:24 PM	77.20122	77.10152	77.10977	77.23775	77.85937	77.14585	77.16814	77.07055	77.30053	77.13262	77.08856	77.11820	77.01312	77.09276
7/3/2025	2:36:27 PM	77.20135	77.10158	77.10943	77.23780	56.83719	77.14571	77.16812	77.07030	77.30108	77.13276	77.08902	77.11870	77.01331	77.09274
7/3/2025	2:36:31 PM	77.20150	77.10167	77.10961	77.23737	31.33034	77.14593	77.16765	77.07035	77.30079	77.13280	77.08898	77.11826	77.01281	77.09293
7/3/2025	2:36:34 PM	77.20105	77.10168	77.10926	77.23769	64.31992	77.14550	77.16760	77.07014	77.30041	77.13250	77.08836	77.11799	77.01284	77.09236
7/3/2025	2:36:38 PM	77.20140	77.10125	77.10944	77.23770	47.35543	77.14514	77.16734	77.07027	77.30035	77.13202	77.08849	77.11789	77.01319	77.09256
7/3/2025	2:36:42 PM	77.20128	77.10147	77.10908	77.23751	41.44768	77.14489	77.16727	77.06959	77.30007	77.13197	77.08823	77.11810	77.01266	77.09195
7/3/2025	2:36:45 PM	77.20089	77.10094	77.10888	77.23711	34.87921	77.14524	77.16732	77.06985	77.30034	77.13175	77.08825	77.11811	77.01294	77.09234
7/3/2025	2:36:49 PM	77.20063	77.10096	77.10907	77.23681	121.49109	77.14541	77.16755	77.06989	77.30031	77.13237	77.08816	77.11775	77.01260	77.09292
7/3/2025	2:36:52 PM	77.20082	77.10115	77.10903	77.23704	73.78079	77.14465	77.16723	77.06988	77.30021	77.13198	77.08850	77.11816	77.01276	77.09247
7/3/2025	2:36:56 PM	77.20102	77.10104	77.10914	77.23697	43.47861	77.14470	77.16740	77.06960	77.30002	77.13232	77.08826	77.11775	77.01266	77.09290
7/3/2025	2:36:59 PM	77.20073	77.10076	77.10881	77.23661	37.10618	77.14485	77.16688	77.06950	77.30002	77.13212	77.08852	77.11782	77.01307	77.09277
7/3/2025	2:37:03 PM	77.20101	77.10112	77.10955	77.23751	104.34776	77.14492	77.16682	77.06947	77.29963	77.13200	77.08810	77.11765	77.01236	77.09210
7/3/2025	2:37:07 PM	77.20073	77.10088	77.10850	77.23672	63.08332	77.14433	77.16668	77.06909	77.30021	77.13219	77.08843	77.11788	77.01249	77.09230
7/3/2025	2:37:10 PM	77.20116	77.10162	77.10915	77.23715	55.18747	77.14522	77.16747	77.06973	77.30018	77.13247	77.08885	77.11777	77.01276	77.09270
7/3/2025	2:37:14 PM	77.20095	77.10111	77.10912	77.23717	80.56000	77.14493	77.16743	77.06972	77.30040	77.13258	77.08860	77.11825	77.01273	77.09270
7/3/2025	2:37:17 PM	77.20087	77.10161	77.10924	77.23720	98.38907	77.14504	77.16719	77.06963	77.30007	77.13220	77.08862	77.11800	77.01262	77.09241
7/3/2025	2:37:21 PM	77.20098	77.10120	77.10912	77.23699	41.29660	77.14508	77.16705	77.06946	77.30017	77.13188	77.08859	77.11820	77.01306	77.09273
7/3/2025	2:37:24 PM	77.20093	77.10135	77.10910	77.23686	123.32384	77.14543	77.16728	77.07011	77.30040	77.13258	77.08886	77.11838	77.01304	77.09281
7/3/2025	2:37:28 PM	77.20123	77.10161	77.10932	77.23744	42.50545	77.14586	77.16782	77.06990	77.30094	77.13284	77.08907	77.11879	77.01353	77.09342
7/3/2025	2:37:32 PM	77.20167	77.10164	77.10910	77.23722	88.89254	77.14552	77.16740	77.06993	77.30084	77.13257	77.08918	77.11852	77.01320	77.09310
7/3/2025	2:37:35 PM	77.20114	77.10135	77.10939	77.23742	37.38861	77.14511	77.16701	77.06948	77.30052	77.13218	77.08869	77.11802	77.01324	77.09310
7/3/2025	2:37:39 PM	77.20154	77.10128	77.10919	77.23702	41.37427	77.14498	77.16723	77.06961	77.30034	77.13227	77.08888	77.11858	77.01286	77.09281
7/3/2025	2:37:42 PM	77.20077	77.10074	77.10906	77.23697	96.54162	77.14528	77.16735	77.06988	77.30065	77.13233	77.08879	77.11807	77.01256	77.09274
7/3/2025	2:37:46 PM	77.20096	77.10131	77.10924	77.23708	60.79522	77.14529	77.16724	77.06986	77.30075	77.13233	77.08849	77.11824	77.01334	77.09269
7/3/2025	2:37:49 PM	77.20087	77.10098	77.10870	77.23724	35.01048	77.14491	77.16668	77.07014	77.30036	77.13253	77.08868	77.11856	77.01264	77.09269
7/3/2025	2:37:53 PM	77.20113	77.10131	77.10894	77.23696	119.61137	77.14450	77.16677	77.06985	77.30031	77.13269	77.08914	77.11840	77.01328	77.09276
7/3/2025	2:37:57 PM	77.20063	77.10104	77.10864	77.23704	92.81352	77.14486	77.16705	77.06983	77.30046	77.13237	77.08883	77.11792	77.01294	77.09289
7/3/2025	2:38:00 PM	77.20116	77.10133	77.10891	77.23692	63.64625	77.14477	77.16684	77.06945	77.30021	77.13196	77.08870	77.11798	77.01274	77.09274
7/3/2025	2:38:04 PM	77.20096	77.10122	77.10880	77.23624	90.08831	77.14468	77.16660	77.06945	77.30014	77.13202	77.08899	77.11812	77.01308	77.09258
7/3/2025	2:38:07 PM	77.20144	77.10123	77.10874	77.23631	83.32962	77.14492	77.16710	77.06980	77.30078	77.13275	77.08886	77.11880	77.01314	77.09271
7/3/2025	2:38:11 PM	77.20111	77.10128	77.10912	77.23751	82.17254	77.14492	77.16704	77.06974	77.30022	77.13253	77.08873	77.11786	77.01314	77.09262
7/3/2025	2:38:14 PM	77.20118	77.10129	77.10936	77.23700	58.32092	77.14495	77.16670	77.06979	77.30036	77.13245	77.08903	77.11844	77.01316	77.09308
7/3/2025	2:38:18 PM	77.20113	77.10118	77.10886	77.23693	85.84298	77.14497	77.16746	77.06979	77.30066	77.13294	77.08924	77.11862	77.01326	77.09318
7/3/2025	2:38:22 PM	77.20140	77.10151	77.10909	77.23716	45.16694	77.14480	77.16742	77.06975	77.30074	77.13267	77.08874	77.11861	77.01363	77.09318
7/3/2025	2:38:25 PM	77.20166	77.10153	77.10950	77.23686	96.39173	77.14536	77.16726	77.07048	77.30080	77.13281	77.08909	77.11861	77.01334	77.09351
7/3/2025	2:38:29 PM	77.20184	77.10168	77.10926	77.23696	56.71046	77.14549	77.16734	77.06983	77.30062	77.13273	77.08921	77.11922	77.01356	77.09318
7/3/2025	2:38:32 PM	77.20128	77.10140	77.10877	77.23711	75.20054	77.14512	77.16685	77.06965	77.30091	77.13242	77.08931	77.11875	77.01313	77.09290
7/3/2025	2:38:36 PM	77.20154	77.10162	77.10949	77.23704	60.10871	77.14503	77.16715	77.07006	77.30061	77.13289	77.08882	77.11856	77.01342	77.09348
7/3/2025	2:38:40 PM	77.20127	77.10124	77.10868	77.23677	102.97010	77.14481	77.16726	77.06981	77.30071	77.13264	77.08898	77.11878	77.01349	77.09348
7/3/2025	2:38:43 PM	77.20178	77.10169	77.10920	77.23753	76.49166	77.14539	77.16697	77.07021	77.30153	77.13310	77.08932	77.11879	77.01391	77.09359
7/3/2025	2:38:47 PM	77.20173	77.10156	77.10946	77.23744	83.37406	77.14481	77.16737	77.07022	77.30083	77.13313	77.08950	77.11909	77.01410	77.09375
7/3/2025	2:38:50 PM	77.20191	77.10209	77.10988	77.23761	59.36229	77.14548	77.16744	77.07050	77.30093	77.13304	77.08940	77.11911	77.01407	77.09403
7/3/2025	2:38:54 PM	77.20216	77.10213	77.10968	77.23756	76.76975	77.14569	77.16727	77.07011	77.30125	77.13321	77.08961	77.11881	77.01414	77.09358
7/3/2025	2:38:58 PM	77.20181	77.10208	77.10955	77.23739	38.89549	77.14530	77.16689	77.06981	77.30098	77.13285	77.08980	77.11919	77.01401	77.09353
7/3/2025	2:39:01 PM	77.20178	77.10181	77.10965	77.23737	41.12628	77.14526	77.16745	77.07014	77.30118	77.13337	77.08969	77.11879	77.01378	77.09353
7/3/2025	2:39:05 PM	77.20197	77.10132	77.10921	77.23690	127.31848	77.14504	77.16724	77.07038	77.30112	77.13338	77.08941	77.11912	77.01392	77.09382
7/3/2025	2:39:08 PM	77.20189	77.10170	77.10928	77.23738	106.55046	77.14521	77.16747	77.07023	77.30137	77.13353	77.08991	77.11956	77.01400	77.09425
7/3/2025	2:39:12 PM	77.20199	77.10179	77.10932	77.23733	42.01937	77.14514	77.16752	77.07060	77.30148	77.13292	77.08952	77.11934	77.01420	77.09361
7/3/2025	2:39:16 PM	77.20178	77.10190	77.10945	77.23733	46.18337	77.14562	77.16781	77.07053	77.30169	77.13347	77.08983	77.11952	77.01394	77.09389
7/3/2025	2:39:19 PM	77.20210	77.10211	77.10963	77.23743	41.04674	77.14571	77.16789	77.07037	77.30169	77.13369	77.09003	77.11963	77.01444	77.09404
7/3/2025	2:39:23 PM	77.20182	77.10210	77.10975	77.23756	56.47184	77.14531	77.16771	77.07065	77.30158	77.13342	77.08995	77.11889	77.01438	77.09409
7/3/2025	2:39:26 PM	77.20197	77.10214	77.10974	77.23781	105.39715	77.14531	77.16763	77.07024	77.30130	77.13392	77.09036	77.11975	77.01439	77.09427
7/3/2025	2:39:30 PM	77.20216	77.10224	77.10961	77.23775	70.17159	77.14593	77.16767	77.07040	77.30147	77.13324	77.08950	77.11941	77.01420	77.09431
7/3/2025	2:39:34 PM	77.20211	77.10205	77.10991	77.23741	83.39071	77.14550	77.16747	77.07040	77.30180	77.13350	77.09022	77.11951	77.01452	77.09426
7/3/2025	2:39:37 PM	77.20186	77.10155	77.10922	77.23715	74.75425	77.14507	77.16715	77.07010	77.30100	77.13300	77.08961	77.11920	77.01405	77.09394
7/3/2025	2:39:41 PM	77.20197	77.10200	77.10968	77.23738	89.82166	77.14542	77.16716	77.07055	77.30122	77.13362	77.08959	77.11912	77.01426	77.09416
7/3/2025	2:39:44 PM	77.20211	77.10202	77.10954	77.23707	89.60914	77.14551	77.16731	77.07035	77.30130	77.13294	77.08976	77.11946	77.01423	77.09398
7/3/2025	2:39:48 PM	77.20215	77.10228	77.10977	77.23723	47.68389	77.14578	77.16782	77.07012	77.30141	77.13338	77.08986	77.11958	77.01475	77.09430
7/3/2025	2:39:52 PM	77.20223	77.10246	77.10971	77.23790	49.07224	77.14569	77.16763	77.07023	77.30119	77.13385	77.09013	77.11929	77.01437	77.09433
7/3/2025	2:39:55 PM	77.20184	77.10184	77.10940	77.23723	77.46004	77.14523	77.16745	77.06995	77.30106	77.13347	77.09022	77.11950	77.01419	77.09407
7/3/2025	2:39:59 PM	77.20197	77.10233	77.10917	77.23760	41.79422	77.14550	77.16804	77.07026	77.30119	77.13341	77.08993	77.11953	77.01455	77.09434
7/3/2025	2:40:02 PM	77.20220	77.10203	77.10970	77.23749	103.42721	77.14544	77.16713	77.07010	77.30124	77.13340	77.08990	77.11911	77.01456	77.09432
7/3/2025	2:40:06 PM	77.20207	77.10223	77.10948	77.23727	64.80283	77.14571	77.16769	77.07068	77.30167	77.13348	77.09019	77.11957	77.01500	77.09439
7/3/2025	2:40:09 PM	77.20260	77.10221	77.10988	77.23732	101.13685	77.14558	77.16726	77.07070	77.30141	77.13360	77.09003	77.11974	77.01472	77.09437
7/3/2025	2:40:13 PM	77.20272	77.10228	77.10995	77.23807	51.60063	77.14579	77.16797	77.07065	77.30197	77.13379	77.09023	77.11996	77.01484	77.09444
7/3/2025	2:40:17 PM	77.20243	77.10264	77.10986	77.23766	31.38994	77.14570	77.16828	77.07094	77.30191	77.13409	77.09032	77.11991	77.01498	77.09490
7/3/2025	2:40:20 PM	77.20238	77.10219	77.11022	77.23780	44.09387	77.14616	77.16815	77.07050	77.30189	77.13402	77.09028	77.11982	77.01492	77.09459
7/3/2025	2:40:24 PM	77.20254	77.10255	77.11012	77.23778	126.74880	77.14580	77.16776	77.07039	77.30118	77.13377	77.09060	77.11991	77.01522	77.09501
7/3/2025	2:40:27 PM	77.20264	77.10271	77.11025	77.23800	33.34540	77.14542	77.16760	77.07021	77.30152	77.13374	77.09001	77.11948	77.01421	77.09414
7/3/2025	2:40:31 PM	77.20218	77.10217	77.10941	77.23710	62.80897	77.14548	77.16725	77.06996	77.30106	77.13348	77.09020	77.11964	77.01466	77.09397
7/3/2025	2:40:35 PM	77.20222	77.10221	77.10946	77.23768	64.69527	77.14562	77.16751	77.07036	77.30162	77.13377	77.09016	77.11986	77.01451	77.09469
7/3/2025	2:40:38 PM	77.20184	77.10201	77.10939	77.23705	114.56948	77.14510	77.16709	77.07008	77.30111	77.13356	77.09013	77.11984	77.01475	77.09464
7/3/2025	2:40:42 PM	77.20235	77.10252	77.10997	77.23748	80.46579	77.14562	77.16765	77.07032	77.30185	77.13359	77.09015	77.11992	77.01488	77.09443
7/3/2025	2:40:45 PM	77.20264	77.10239	77.10988	77.23773	71.09315	77.14576	77.16790	77.07063	77.30196	77.13388	77.09060	77.12020	77.01522	77.09464
7/3/2025	2:40:49 PM	77.20301	77.10248	77.10984	77.23818	59.74646	77.14552	77.16774	77.07033	77.30196	77.13371	77.09050	77.11999	77.01477	77.09466
7/3/2025	2:40:53 PM	77.20242	77.10251	77.10968	77.23748	35.68989	77.14531	77.16786	77.07034	77.30184	77.13390	77.09016	77.11971	77.01529	77.09468
7/3/2025	2:40:56 PM	77.20296	77.10259	77.10963	77.23749	119.59367	77.14540	77.16764	77.07060	77.30151	77.13391	77.09034	77.12009	77.01482	77.09506
7/3/2025	2:41:00 PM	77.20276	77.10215	77.10900	77.23707	36.96217	77.14519	77.16765	77.07028	77.30153	77.13395	77.09010	77.11968	77.01485	77.09461
7/3/2025	2:41:03 PM	77.20232	77.10236	77.10977	77.23750	44.34032	77.14547	77.16767	77.07028	77.30139	77.13375	77.09046	77.11978	77.01479	77.09482
7/3/2025	2:41:07 PM	77.20282	77.10295	77.10997	77.23762	55.36652	77.14563	77.16776	77.07076	77.30202	77.13417	77.09068	77.12029	77.01524	77.09499
7/3/2025	2:41:11 PM	77.20314	77.10293	77.11032	77.23815	33.57616	77.14611	77.16789	77.07047	77.30156	77.13411	77.09083	77.12035	77.01527	77.09522
7/3/2025	2:41:14 PM	77.20290	77.10290	77.11013	77.23790	52.17305	77.14617	77.16797	77.07120	77.30197	77.13453	77.09114	77.12054	77.01532	77.09531
7/3/2025	2:41:18 PM	77.20332	77.10306	77.11024	77.23810	86.24661	77.14623	77.16855	77.07121	77.30224	77.13431	77.09091	77.12019	77.01550	77.09501
7/3/2025	2:41:21 PM	77.20288	77.10233	77.11030	77.23750	93.83932	77.14563	77.16750	77.07051	77.30153	77.13428	77.09033	77.12001	77.01515	77.09515
7/3/2025	2:41:25 PM	77.20238	77.10228	77.11010	77.23753	53.95865	77.14556	77.16753	77.07019	77.30181	77.13392	77.09070	77.11979	77.01502	77.09499
7/3/2025	2:41:28 PM	77.20238	77.10221	77.10962	77.23766	114.48162	77.14555	77.16721	77.07030	77.30136	77.13368	77.09008	77.11966	77.01482	77.09458
7/3/2025	2:41:32 PM	77.20253	77.10213	77.10957	77.23701	47.73302	77.14472	77.16737	77.06972	77.30119	77.13314	77.09010	77.11956	77.01441	77.09414
7/3/2025	2:41:36 PM	77.20233	77.10209	77.10970	77.23669	55.73992	77.14519	77.16747	77.07035	77.30177	77.13382	77.09020	77.11957	77.01464	77.09437
7/3/2025	2:41:39 PM	77.20236	77.10231	77.10998	77.23682	47.18001	77.14508	77.16702	77.06988	77.30121	77.13344	77.09025	77.11945	77.01430	77.09453
7/3/2025	2:41:43 PM	77.20177	77.10137	77.10915	77.23644	38.68335	77.14456	77.16660	77.06940	77.30122	77.13315	77.08952	77.11902	77.01472	77.09440
7/3/2025	2:41:46 PM	77.20196	77.10193	77.10873	77.23688	33.27993	77.14507	77.16718	77.06921	77.30130	77.13361	77.08987	77.11947	77.01440	77.09430
7/3/2025	2:41:50 PM	77.20230	77.10180	77.10903	77.23695	119.61469	77.14477	77.16702	77.06968	77.30144	77.13324	77.08985	77.11894	77.01447	77.09381
7/3/2025	2:41:54 PM	77.20187	77.10145	77.10879	77.23733	52.01295	77.14497	77.16701	77.06958	77.30101	77.13285	77.08988	77.11930	77.01437	77.09441
7/3/2025	2:41:57 PM	77.20186	77.10249	77.10984	77.23709	48.02115	77.14560	77.16738	77.07017	77.30153	77.13355	77.09043	77.12028	77.01497	77.09471
7/3/2025	2:42:01 PM	77.20215	77.10217	77.10928	77.23728	91.81939	77.14518	77.16710	77.07027	77.30139	77.13389	77.09064	77.11986	77.01493	77.09474
7/3/2025	2:42:04 PM	77.20284	77.10219	77.10976	77.23746	73.65189	77.14545	77.16752	77.07026	77.30136	77.13379	77.09077	77.11982	77.01502	77.09465
7/3/2025	2:42:08 PM	77.20237	77.10216	77.11023	77.23718	76.52854	77.14522	77.16733	77.07034	77.30155	77.13340	77.09036	77.11992	77.01499	77.09468
7/3/2025	2:42:11 PM	77.20239	77.10256	77.10993	77.23759	39.01365	77.14529	77.16740	77.07044	77.30175	77.13396	77.09075	77.11995	77.01504	77.09496
7/3/2025	2:42:15 PM	77.20289	77.10227	77.11002	77.23735	79.88827	77.14507	77.16731	77.07025	77.30130	77.13363	77.09092	77.12012	77.01487	77.09475
7/3/2025	2:42:19 PM	77.20201	77.10176	77.10952	77.23700	70.85577	77.14468	77.16677	77.07000	77.30151	77.13365	77.09023	77.12012	77.01496	77.09476
7/3/2025	2:42:22 PM	77.20251	77.10183	77.10960	77.23693	54.97267	77.14456	77.16760	77.06985	77.30139	77.13372	77.09028	77.12000	77.01465	77.09429
7/3/2025	2:42:26 PM	77.20215	77.10169	77.10913	77.23666	54.83822	77.14441	77.16713	77.06976	77.30132	77.13349	77.09040	77.11983	77.01529	77.09506
7/3/2025	2:42:29 PM	77.20250	77.10219	77.10921	77.23708	38.74312	77.14481	77.16728	77.06995	77.30145	77.13365	77.09041	77.12011	77.01500	77.09499
7/3/2025	2:42:33 PM	77.20286	77.10248	77.10956	77.23695	78.08642	77.14477	77.16705	77.06967	77.30136	77.13358	77.09043	77.11977	77.01508	77.09456
7/3/2025	2:42:37 PM	77.20253	77.10195	77.10935	77.23667	52.67470	77.14467	77.16736	77.06964	77.30081	77.13321	77.09066	77.12024	77.01533	77.09481
7/3/2025	2:42:40 PM	77.20286	77.10229	77.10922	77.23688	88.33330	77.14492	77.16756	77.07018	77.30126	77.13382	77.09047	77.12009	77.01520	77.09486
7/3/2025	2:42:44 PM	77.20293	77.10243	77.11001	77.23747	61.86477	77.14546	77.16751	77.07040	77.30183	77.13386	77.09046	77.12007	77.01547	77.09486
7/3/2025	2:42:47 PM	77.20262	77.10196	77.10923	77.23684	107.87736	77.14477	77.16727	77.06995	77.30149	77.13369	77.09080	77.12009	77.01506	77.09480
7/3/2025	2:42:51 PM	77.20285	77.10240	77.10967	77.23697	86.76286	77.14535	77.16737	77.07047	77.30201	77.13381	77.09075	77.11980	77.01543	77.09491
7/3/2025	2:42:54 PM	77.20205	77.10240	77.10979	77.23744	52.54198	77.14520	77.16744	77.07084	77.30145	77.13371	77.09057	77.12009	77.01553	77.09537
7/3/2025	2:42:58 PM	77.20293	77.10224	77.10998	77.23679	69.60797	77.14486	77.16740	77.07071	77.30191	77.13405	77.09089	77.12005	77.01569	77.09541
7/3/2025	2:43:02 PM	77.20289	77.10246	77.10996	77.23678	102.90076	77.14496	77.16738	77.06998	77.30112	77.13369	77.09010	77.11972	77.01504	77.09477
7/3/2025	2:43:05 PM	77.20230	77.10182	77.10911	77.23702	75.95525	77.14442	77.16705	77.06962	77.30096	77.13304	77.09009	77.11950	77.01455	77.09473
7/3/2025	2:43:09 PM	77.20282	77.10182	77.10921	77.23660	55.40530	77.14479	77.16681	77.06959	77.30135	77.13340	77.09046	77.11953	77.01490	77.09453
7/3/2025	2:43:12 PM	77.20225	77.10160	77.10902	77.23643	63.55513	77.14422	77.16681	77.06960	77.30062	77.13329	77.09008	77.11938	77.01492	77.09459
7/3/2025	2:43:16 PM	77.20247	77.10159	77.10851	77.23647	45.79483	77.14414	77.16655	77.06944	77.30093	77.13309	77.09005	77.11920	77.01445	77.09438
7/3/2025	2:43:20 PM	77.20233	77.10216	77.10916	77.23681	101.21824	77.14413	77.16650	77.06969	77.30118	77.13334	77.09013	77.11953	77.01470	77.09461
7/3/2025	2:43:23 PM	77.20192	77.10183	77.10895	77.23630	68.86389	77.14429	77.16684	77.06975	77.30121	77.13347	77.08987	77.11947	77.01511	77.09490
7/3/2025	2:43:27 PM	77.20256	77.10203	77.10907	77.23633	57.71802	77.14464	77.16686	77.06982	77.30159	77.13349	77.09025	77.11965	77.01486	77.09493
7/3/2025	2:43:30 PM	77.20213	77.10169	77.10880	77.23688	47.18864	77.14446	77.16685	77.06965	77.30148	77.13366	77.09020	77.11951	77.01499	77.09485
7/3/2025	2:43:34 PM	77.20269	77.10235	77.10930	77.23695	68.30314	77.14506	77.16706	77.06980	77.30181	77.13397	77.09036	77.12002	77.01503	77.09557
7/3/2025	2:43:37 PM	77.20323	77.10260	77.10998	77.23719	53.70546	77.14536	77.16756	77.07036	77.30192	77.13440	77.09101	77.12025	77.01569	77.09507
7/3/2025	2:43:41 PM	77.20340	77.10232	77.10960	77.23723	93.52244	77.14526	77.16770	77.07042	77.30199	77.13418	77.09126	77.12023	77.01548	77.09480
7/3/2025	2:43:45 PM	77.20259	77.10241	77.10942	77.23693	71.75515	77.14495	77.16725	77.06981	77.30128	77.13335	77.09022	77.11942	77.01448	77.09477
7/3/2025	2:43:48 PM	77.20208	77.10206	77.10915	77.23633	50.63288	77.14391	77.16651	77.06944	77.30046	77.13311	77.09003	77.11977	77.01523	77.09508
7/3/2025	2:43:52 PM	77.20255	77.10235	77.10895	77.23661	109.03882	77.14470	77.16700	77.07001	77.30124	77.13362	77.09067	77.12002	77.01534	77.09521
7/3/2025	2:43:55 PM	77.20277	77.10197	77.10933	77.23699	66.11612	77.14458	77.16643	77.06971	77.30148	77.13395	77.09113	77.12018	77.01527	77.09505
7/3/2025	2:43:59 PM	77.20248	77.10153	77.10920	77.23678	86.72601	77.14419	77.16675	77.06974	77.30117	77.13356	77.09038	77.11949	77.01466	77.09443
7/3/2025	2:44:02 PM	77.20242	77.10167	77.10903	77.23654	49.28602	77.14407	77.16636	77.06919	77.30082	77.13328	77.09032	77.11997	77.01475	77.09438
7/3/2025	2:44:06 PM	77.20217	77.10131	77.10862	77.23620	96.09833	77.14415	77.16622	77.06943	77.30089	77.13327	77.08982	77.11971	77.01465	77.09462
7/3/2025	2:44:10 PM	77.20243	77.10151	77.10892	77.23621	74.99841	77.14414	77.16626	77.06931	77.30065	77.13327	77.09010	77.11961	77.01480	77.09476
7/3/2025	2:44:13 PM	77.20226	77.10170	77.10882	77.23597	41.89158	77.14406	77.16637	77.06920	77.30118	77.13295	77.09012	77.11960	77.01491	77.09527
7/3/2025	2:44:17 PM	77.20264	77.10169	77.10934	77.23638	90.64178	77.14440	77.16679	77.06963	77.30107	77.13321	77.09038	77.11972	77.01496	77.09485
7/3/2025	2:44:20 PM	77.20248	77.10193	77.10893	77.23667	90.68786	77.14415	77.16661	77.06948	77.30108	77.13339	77.09013	77.11954	77.01468	77.09501
7/3/2025	2:44:24 PM	77.20234	77.10186	77.10938	77.23648	62.85525	77.14400	77.16693	77.06981	77.30144	77.13363	77.09048	77.11971	77.01508	77.09483
7/3/2025	2:44:28 PM	77.20274	77.10216	77.10926	77.23603	87.40414	77.14380	77.16641	77.06963	77.30084	77.13330	77.08989	77.11942	77.01480	77.09470
7/3/2025	2:44:31 PM	77.20253	77.10132	77.10885	77.23635	74.95931	77.14419	77.16614	77.06888	77.30081	77.13331	77.09057	77.11975	77.01453	77.09489
7/3/2025	2:44:35 PM	77.20218	77.10145	77.10885	77.23594	83.45910	77.14379	77.16592	77.06882	77.30053	77.13296	77.08996	77.11957	77.01457	77.09462
7/3/2025	2:44:38 PM	77.20213	77.10191	77.10879	77.23635	79.81397	77.14420	77.16673	77.06909	77.30100	77.13334	77.09026	77.11908	77.01488	77.09481
7/3/2025	2:44:42 PM	77.20239	77.10171	77.10856	77.23619	46.43804	77.14376	77.16638	77.06962	77.30079	77.13362	77.09020	77.12005	77.01506	77.09500
7/3/2025	2:44:45 PM	77.20195	77.10157	77.10898	77.23593	54.87391	77.14409	77.16647	77.06934	77.30078	77.13303	77.09002	77.11957	77.01443	77.09460
7/3/2025	2:44:49 PM	77.20192	77.10134	77.10865	77.23628	40.53367	77.14394	77.16621	77.06913	77.30094	77.13307	77.08985	77.11959	77.01447	77.09480
7/3/2025	2:44:53 PM	77.20225	77.10163	77.10848	77.23600	73.02949	77.14352	77.16601	77.06919	77.30037	77.13285	77.08978	77.11918	77.01461	77.09483
7/3/2025	2:44:56 PM	77.20240	77.10237	77.10920	77.23604	87.38940	77.14428	77.16619	77.07008	77.30147	77.13343	77.09042	77.11970	77.01487	77.09484
7/3/2025	2:45:00 PM	77.20253	77.10199	77.10917	77.23659	54.60795	77.14412	77.16648	77.06930	77.30122	77.13362	77.09042	77.11980	77.01474	77.09439
7/3/2025	2:45:03 PM	77.20224	77.10164	77.10904	77.23647	32.78805	77.14401	77.16647	77.06949	77.30135	77.13363	77.09031	77.12005	77.01533	77.09520
7/3/2025	2:45:07 PM	77.20301	77.10222	77.10912	77.23633	44.83197	77.14406	77.16617	77.06955	77.30148	77.13380	77.09033	77.12029	77.01515	77.09563
7/3/2025	2:45:11 PM	77.20228	77.10215	77.10903	77.23651	99.17824	77.14437	77.16658	77.06967	77.30130	77.13325	77.09016	77.12003	77.01522	77.09519
7/3/2025	2:45:14 PM	77.20252	77.10200	77.10906	77.23648	31.71049	77.14389	77.16662	77.06933	77.30080	77.13299	77.09021	77.11936	77.01456	77.09450
7/3/2025	2:45:18 PM	77.20238	77.10184	77.10897	77.23622	98.97640	77.14402	77.16682	77.06940	77.30088	77.13386	77.09070	77.12017	77.01494	77.09455
7/3/2025	2:45:21 PM	77.20217	77.10121	77.10891	77.23604	36.03549	77.14385	77.16594	77.06927	77.30082	77.13327	77.09018	77.11963	77.01476	77.09469
7/3/2025	2:45:25 PM	77.20232	77.10152	77.10845	77.23560	75.48492	77.14411	77.16594	77.06882	77.30061	77.13299	77.09033	77.11958	77.01472	77.09483
7/3/2025	2:45:29 PM	77.20194	77.10169	77.10806	77.23593	54.70435	77.14354	77.16591	77.06933	77.30090	77.13351	77.09024	77.11954	77.01468	77.09473
7/3/2025	2:45:32 PM	77.20225	77.10140	77.10880	77.23602	51.81307	77.14382	77.16644	77.06912	77.30118	77.13317	77.09066	77.11982	77.01464	77.09487
7/3/2025	2:45:36 PM	77.20219	77.10177	77.10867	77.23528	33.76510	77.14371	77.16643	77.06884	77.30084	77.13321	77.08999	77.11931	77.01499	77.09497
7/3/2025	2:45:39 PM	77.20238	77.10166	77.10835	77.23587	42.74389	77.14410	77.16605	77.06885	77.30032	77.13272	77.08997	77.11928	77.01495	77.09464
7/3/2025	2:45:43 PM	77.20198	77.10157	77.10857	77.23606	32.63536	77.14390	77.16620	77.06925	77.30069	77.13303	77.09003	77.11913	77.01478	77.09473
7/3/2025	2:45:47 PM	77.20194	77.10101	77.10855	77.23591	48.27930	77.14383	77.16589	77.06895	77.30087	77.13294	77.09010	77.11977	77.01464	77.09479
7/3/2025	2:45:50 PM	77.20223	77.10168	77.10880	77.23593	65.38329	77.14305	77.16588	77.06888	77.30030	77.13327	77.09009	77.11986	77.01463	77.09451
7/3/2025	2:45:54 PM	77.20245	77.10139	77.10839	77.23599	84.25895	77.14332	77.16602	77.06922	77.30060	77.13323	77.09016	77.11957	77.01470	77.09491
7/3/2025	2:45:57 PM	77.20233	77.10130	77.10847	77.23598	89.16783	77.14354	77.16615	77.06897	77.30079	77.13340	77.09013	77.11968	77.01457	77.09511
7/3/2025	2:46:01 PM	77.20247	77.10126	77.10885	77.23644	52.65787	77.14401	77.16595	77.06910	77.30080	77.13317	77.09018	77.11976	77.01496	77.09476
7/3/2025	2:46:04 PM	77.20222	77.10144	77.10839	77.23611	88.34486	77.14345	77.16607	77.06931	77.30071	77.13293	77.09014	77.11957	77.01443	77.09454
7/3/2025	2:46:08 PM	77.20180	77.10124	77.10838	77.23537	53.02451	77.14359	77.16611	77.06942	77.30076	77.13333	77.09011	77.11971	77.01501	77.09497
7/3/2025	2:46:12 PM	77.20208	77.10130	77.10870	77.23568	43.21574	77.14344	77.16580	77.06840	77.30022	77.13266	77.08981	77.11905	77.01462	77.09485
7/3/2025	2:46:15 PM	77.20224	77.10163	77.10863	77.23575	46.80812	77.14372	77.16605	77.06910	77.30079	77.13320	77.09026	77.11922	77.01485	77.09426
7/3/2025	2:46:19 PM	77.20197	77.10117	77.10840	77.23587	86.74185	77.14406	77.16610	77.06902	77.30099	77.13301	77.08990	77.11956	77.01480	77.09491
7/3/2025	2:46:22 PM	77.20220	77.10184	77.10902	77.23588	61.24981	77.14388	77.16574	77.06890	77.30063	77.13330	77.09009	77.11950	77.01478	77.09476
7/3/2025	2:46:26 PM	77.20188	77.10126	77.10857	77.23609	119.27925	77.14332	77.16599	77.06857	77.30055	77.13307	77.09010	77.11969	77.01476	77.09455
7/3/2025	2:46:30 PM	77.20214	77.10124	77.10841	77.23568	60.91540	77.14346	77.16564	77.06878	77.30091	77.13339	77.09068	77.11975	77.01482	77.09495
7/3/2025	2:46:33 PM	77.20202	77.10122	77.10851	77.23562	87.09394	77.14348	77.16599	77.06856	77.30093	77.13328	77.09001	77.11956	77.01463	77.09491
7/3/2025	2:46:37 PM	77.20222	77.10152	77.10840	77.23552	45.13542	77.14411	77.16594	77.06894	77.30067	77.13294	77.09016	77.11973	77.01483	77.09529
7/3/2025	2:46:40 PM	77.20241	77.10160	77.10863	77.23633	101.87986	77.14392	77.16603	77.06897	77.30083	77.13321	77.09077	77.11983	77.01507	77.09513
7/3/2025	2:46:44 PM	77.20251	77.10126	77.10890	77.23588	73.53991	77.14367	77.16606	77.06921	77.30046	77.13310	77.09033	77.11943	77.01503	77.09470
7/3/2025	2:46:47 PM	77.20200	77.10139	77.10894	77.23589	50.41022	77.14356	77.16641	77.06909	77.30101	77.13368	77.09026	77.11959	77.01503	77.09523
7/3/2025	2:46:51 PM	77.20234	77.10168	77.10893	77.23589	41.31707	77.14383	77.16620	77.06942	77.30104	77.13318	77.09059	77.11989	77.01538	77.09547
7/3/2025	2:46:55 PM	77.20228	77.10211	77.10889	77.23607	60.35669	77.14399	77.16668	77.06972	77.30155	77.13397	77.09104	77.12034	77.01554	77.09523
7/3/2025	2:46:58 PM	77.20216	77.10201	77.10921	77.23612	94.69848	77.14457	77.16681	77.07002	77.30162	77.13363	77.09089	77.12045	77.01555	77.09575
7/3/2025	2:47:02 PM	77.20281	77.10233	77.10873	77.23654	111.33115	77.14439	77.16682	77.06938	77.30129	77.13343	77.09057	77.12003	77.01527	77.09552
7/3/2025	2:47:05 PM	77.20254	77.10204	77.10914	77.23653	59.84706	77.14418	77.16696	77.06976	77.30167	77.13390	77.09082	77.12054	77.01575	77.09541
7/3/2025	2:47:09 PM	77.20287	77.10213	77.10919	77.23622	88.54024	77.14424	77.16633	77.06964	77.30163	77.13384	77.09095	77.12038	77.01533	77.09523
7/3/2025	2:47:12 PM	77.20297	77.10201	77.10925	77.23654	52.68390	77.14440	77.16674	77.06938	77.30137	77.13379	77.09059	77.12012	77.01526	77.09526
7/3/2025	2:47:16 PM	77.20271	77.10155	77.10931	77.23641	104.73984	77.14416	77.16619	77.06964	77.30134	77.13345	77.09084	77.12001	77.01545	77.09539
7/3/2025	2:47:19 PM	77.20237	77.10193	77.10911	77.23594	53.56775	77.14394	77.16634	77.06918	77.30142	77.13379	77.09081	77.12035	77.01563	77.09542
7/3/2025	2:47:23 PM	77.20278	77.10195	77.10917	77.23651	94.92229	77.14431	77.16655	77.06922	77.30127	77.13375	77.09100	77.12011	77.01549	77.09613
7/3/2025	2:47:26 PM	77.20309	77.10228	77.10931	77.23646	98.69475	77.14450	77.16659	77.06964	77.30142	77.13375	77.09096	77.12006	77.01563	77.09575
7/3/2025	2:47:30 PM	77.20247	77.10157	77.10942	77.23639	69.52309	77.14429	77.16705	77.06977	77.30166	77.13411	77.09112	77.12040	77.01576	77.09542
7/3/2025	2:47:33 PM	77.20249	77.10166	77.10929	77.23617	81.57347	77.14450	77.16679	77.06983	77.30155	77.13426	77.09103	77.12048	77.01608	77.09604
7/3/2025	2:47:37 PM	77.20309	77.10222	77.10945	77.23642	84.14788	77.14401	77.16652	77.06941	77.30161	77.13384	77.09089	77.12009	77.01519	77.09562
7/3/2025	2:47:40 PM	77.20308	77.10182	77.10935	77.23635	58.96504	77.14417	77.16670	77.06968	77.30182	77.13348	77.09105	77.12075	77.01551	77.09567
7/3/2025	2:47:44 PM	77.20255	77.10203	77.10917	77.23618	113.51366	77.14447	77.16665	77.06988	77.30151	77.13373	77.09106	77.12090	77.01553	77.09570
7/3/2025	2:47:47 PM	77.20278	77.10201	77.10892	77.23646	42.02080	77.14439	77.16622	77.06991	77.30133	77.13376	77.09117	77.12038	77.01591	77.09595
7/3/2025	2:47:51 PM	77.20319	77.10208	77.10913	77.23632	70.51576	77.14404	77.16660	77.06924	77.30107	77.13363	77.09069	77.12007	77.01536	77.09550
7/3/2025	2:47:54 PM	77.20257	77.10204	77.10883	77.23591	59.43664	77.14395	77.16625	77.06950	77.30135	77.13374	77.09086	77.12044	77.01534	77.09533
7/3/2025	2:47:58 PM	77.20258	77.10204	77.10871	77.23617	59.10211	77.14407	77.16631	77.06903	77.30103	77.13326	77.09082	77.12041	77.01555	77.09546
7/3/2025	2:48:01 PM	77.20276	77.10183	77.10907	77.23647	37.68524	77.14450	77.16637	77.06935	77.30126	77.13391	77.09083	77.12003	77.01554	77.09581
7/3/2025	2:48:05 PM	77.20281	77.10190	77.10906	77.23632	34.85532	77.14426	77.16659	77.06974	77.30173	77.13395	77.09114	77.12020	77.01551	77.09572
7/3/2025	2:48:08 PM	77.20274	77.10214	77.10895	77.23644	40.86685	77.14429	77.16645	77.06965	77.30143	77.13354	77.09074	77.12028	77.01575	77.09549
7/3/2025	2:48:12 PM	77.20239	77.10185	77.10893	77.23590	43.45080	77.14403	77.16674	77.06956	77.30148	77.13369	77.09073	77.11978	77.01542	77.09571
7/3/2025	2:48:15 PM	77.20257	77.10182	77.10867	77.23612	48.07861	77.14417	77.16659	77.06946	77.30112	77.13360	77.09110	77.12017	77.01581	77.09557
7/3/2025	2:48:19 PM	77.20277	77.10137	77.10836	77.23589	67.18561	77.14396	77.16608	77.06945	77.30132	77.13400	77.09034	77.12020	77.01525	77.09579
7/3/2025	2:48:22 PM	77.20237	77.10185	77.10900	77.23596	33.02001	77.14387	77.16627	77.06899	77.30125	77.13385	77.09087	77.12044	77.01560	77.09547
7/3/2025	2:48:26 PM	77.20291	77.10163	77.10897	77.23593	31.33856	77.14403	77.16622	77.06936	77.30125	77.13367	77.09120	77.12010	77.01533	77.09562
7/3/2025	2:48:29 PM	77.20240	77.10163	77.10869	77.23564	33.54766	77.14359	77.16620	77.06928	77.30086	77.13309	77.09059	77.11996	77.01565	77.09561
7/3/2025	2:48:33 PM	77.20233	77.10155	77.10882	77.23566	39.67179	77.14409	77.16642	77.06924	77.30105	77.13389	77.09090	77.11997	77.01552	77.09571
7/3/2025	2:48:36 PM	77.20280	77.10212	77.10879	77.23602	31.30497	77.14383	77.16608	77.06896	77.30083	77.13312	77.09062	77.11976	77.01516	77.09556
7/3/2025	2:48:40 PM	77.20224	77.10181	77.10892	77.23589	42.84472	77.14350	77.16581	77.06880	77.30127	77.13358	77.09083	77.12020	77.01604	77.09532
7/3/2025	2:48:43 PM	77.20264	77.10165	77.10885	77.23610	89.17398	77.14380	77.16635	77.06942	77.30093	77.13397	77.09088	77.12040	77.01605	77.09557
7/3/2025	2:48:47 PM	77.20276	77.10161	77.10889	77.23632	40.65298	77.14407	77.16649	77.06919	77.30123	77.13335	77.09073	77.12030	77.01563	77.09533
7/3/2025	2:48:50 PM	77.20259	77.10166	77.10849	77.23588	36.31274	77.14352	77.16616	77.06930	77.30171	77.13407	77.09108	77.12048	77.01582	77.09587
7/3/2025	2:48:54 PM	77.20242	77.10173	77.10842	77.23580	118.35929	77.14425	77.16626	77.06903	77.30139	77.13386	77.09090	77.12018	77.01600	77.09615
7/3/2025	2:48:57 PM	77.20290	77.10188	77.10931	77.23647	78.67676	77.14380	77.16656	77.06937	77.30136	77.13360	77.09124	77.11995	77.01525	77.09507
7/3/2025	2:49:01 PM	77.20223	77.10169	77.10867	77.23581	41.44953	77.14356	77.16618	77.06899	77.30078	77.13301	77.09054	77.12018	77.01576	77.09566
7/3/2025	2:49:04 PM	77.20247	77.10162	77.10875	77.23582	74.86988	77.14343	77.16628	77.06914	77.30088	77.13350	77.09062	77.11986	77.01556	77.09524
7/3/2025	2:49:08 PM	77.20221	77.10151	77.10860	77.23594	70.00612	77.14349	77.16580	77.06887	77.30073	77.13310	77.09061	77.11970	77.01564	77.09546
7/3/2025	2:49:11 PM	77.20203	77.10151	77.10866	77.23554	63.73043	77.14355	77.16604	77.06864	77.30092	77.13324	77.09030	77.11980	77.01518	77.09548
7/3/2025	2:49:15 PM	77.20234	77.10130	77.10826	77.23535	78.90352	77.14376	77.16605	77.06923	77.30149	77.13344	77.09079	77.12028	77.01581	77.09572
7/3/2025	2:49:18 PM	77.20258	77.10153	77.10863	77.23596	36.90744	77.14375	77.16633	77.06890	77.30103	77.13389	77.09078	77.12049	77.01556	77.09563
7/3/2025	2:49:22 PM	77.20224	77.10165	77.10871	77.23588	37.45383	77.14373	77.16593	77.06875	77.30120	77.13360	77.09074	77.12020	77.01556	77.09549
7/3/2025	2:49:25 PM	77.20270	77.10183	77.10905	77.23618	90.22774	77.14408	77.16662	77.06969	77.30104	77.13374	77.09103	77.12023	77.01566	77.09583
7/3/2025	2:49:29 PM	77.20327	77.10203	77.10874	77.23581	68.31632	77.14406	77.16616	77.06902	77.30111	77.13328	77.09043	77.11996	77.01575	77.09515
7/3/2025	2:49:32 PM	77.20239	77.10120	77.10899	77.23579	37.31074	77.14382	77.16616	77.06869	77.30082	77.13330	77.09074	77.12015	77.01571	77.09561
7/3/2025	2:49:36 PM	77.20277	77.10213	77.10895	77.23609	59.91772	77.14400	77.16619	77.06920	77.30107	77.13366	77.09076	77.12047	77.01550	77.09536
7/3/2025	2:49:39 PM	77.20281	77.10195	77.10884	77.23609	78.19534	77.14408	77.16622	77.06933	77.30142	77.13385	77.09066	77.12064	77.01602	77.09609
7/3/2025	2:49:43 PM	77.20281	77.10221	77.10878	77.23637	105.03884	77.14423	77.16641	77.06903	77.30138	77.13366	77.09078	77.12015	77.01576	77.09601
7/3/2025	2:49:46 PM	77.20288	77.10240	77.10916	77.23600	61.12922	77.14392	77.16618	77.06897	77.30118	77.13373	77.09071	77.12017	77.01581	77.09576
7/3/2025	2:49:50 PM	77.20294	77.10173	77.10877	77.23589	62.39253	77.14394	77.16601	77.06909	77.30114	77.13372	77.09124	77.12040	77.01582	77.09560
7/3/2025	2:49:53 PM	77.20250	77.10170	77.10867	77.23557	39.91769	77.14386	77.16641	77.06889	77.30115	77.13361	77.09047	77.12038	77.01545	77.09599
7/3/2025	2:49:57 PM	77.20280	77.10166	77.10864	77.23570	31.37010	77.14365	77.16592	77.06887	77.30099	77.13329	77.09061	77.12045	77.01520	77.09552
7/3/2025	2:50:00 PM	77.20249	77.10164	77.10864	77.23552	90.79481	77.14349	77.16566	77.06861	77.30070	77.13349	77.09058	77.12023	77.01561	77.09569
7/3/2025	2:50:04 PM	77.20265	77.10147	77.10872	77.23567	59.42543	77.14405	77.16610	77.06907	77.30099	77.13360	77.09087	77.12000	77.01546	77.09579
7/3/2025	2:50:07 PM	77.20251	77.10184	77.10889	77.23561	39.49459	77.14367	77.16634	77.06880	77.30106	77.13394	77.09086	77.12030	77.01587	77.09592
7/3/2025	2:50:11 PM	77.20295	77.10165	77.10886	77.23582	47.50445	77.14393	77.16643	77.06937	77.30110	77.13364	77.09077	77.12033	77.01577	77.09594
7/3/2025	2:50:14 PM	77.20290	77.10240	77.10897	77.23590	40.88658	77.14362	77.16596	77.06901	77.30169	77.13378	77.09088	77.12001	77.01557	77.09605
7/3/2025	2:50:18 PM	77.20254	77.10150	77.10902	77.23625	125.58781	77.14396	77.16645	77.06923	77.30118	77.13342	77.09129	77.12029	77.01614	77.09606
7/3/2025	2:50:21 PM	77.20288	77.10229	77.10979	77.23619	48.91990	77.14453	77.16665	77.06945	77.30160	77.13419	77.09138	77.12033	77.01621	77.09639
7/3/2025	2:50:25 PM	77.20336	77.10232	77.10956	77.23654	61.30829	77.14445	77.16674	77.06977	77.30194	77.13437	77.09163	77.12118	77.01649	77.09653
7/3/2025	2:50:28 PM	77.20367	77.10255	77.10948	77.23640	79.18393	77.14431	77.16667	77.06968	77.30161	77.13437	77.09146	77.12067	77.01632	77.09655
7/3/2025	2:50:32 PM	77.20312	77.10198	77.10884	77.23593	37.91663	77.14385	77.16692	77.06954	77.30157	77.13430	77.09192	77.12094	77.01644	77.09608
7/3/2025	2:50:35 PM	77.20315	77.10240	77.10918	77.23641	56.05007	77.14429	77.16692	77.06987	77.30153	77.13401	77.09105	77.12075	77.01599	77.09621
7/3/2025	2:50:39 PM	77.20304	77.10237	77.10916	77.23634	40.37581	77.14436	77.16648	77.06931	77.30136	77.13406	77.09118	77.12068	77.01599	77.09619
7/3/2025	2:50:42 PM	77.20283	77.10222	77.10921	77.23602	41.38507	77.14399	77.16624	77.06938	77.30142	77.13389	77.09096	77.12042	77.01564	77.09579
7/3/2025	2:50:46 PM	77.20266	77.10164	77.10885	77.23571	109.61592	77.14367	77.16617	77.06881	77.30088	77.13333	77.09073	77.12003	77.01575	77.09580
7/3/2025	2:50:49 PM	77.20258	77.10175	77.10856	77.23539	73.78229	77.14388	77.16617	77.06911	77.30121	77.13347	77.09080	77.12004	77.01547	77.09536
7/3/2025	2:50:52 PM	77.20284	77.10112	77.10848	77.23549	52.40773	77.14348	77.16637	77.06895	77.30130	77.13334	77.09042	77.12036	77.01593	77.09583
7/3/2025	2:50:56 PM	77.20231	77.10132	77.10848	77.23534	92.28413	77.14345	77.16607	77.06870	77.30105	77.13317	77.09058	77.12003	77.01536	77.09565
7/3/2025	2:50:59 PM	77.20227	77.10170	77.10852	77.23576	64.30453	77.14366	77.16632	77.06898	77.30127	77.13378	77.09122	77.12007	77.01569	77.09583
7/3/2025	2:51:03 PM	77.20268	77.10184	77.10899	77.23564	84.55513	77.14365	77.16624	77.06921	77.30108	77.13379	77.09114	77.12035	77.01581	77.09559
7/3/2025	2:51:07 PM	77.20260	77.10138	77.10879	77.23573	70.69276	77.14367	77.16625	77.06898	77.30093	77.13382	77.09100	77.12031	77.01608	77.09614
7/3/2025	2:51:10 PM	77.20329	77.10210	77.10928	77.23604	61.19856	77.14424	77.16620	77.06935	77.30123	77.13370	77.09080	77.12060	77.01614	77.09594
7/3/2025	2:51:13 PM	77.20319	77.10222	77.10920	77.23645	82.41204	77.14396	77.16654	77.06906	77.30113	77.13381	77.09105	77.12039	77.01601	77.09591
7/3/2025	2:51:17 PM	77.20251	77.10184	77.10885	77.23576	61.37281	77.14354	77.16600	77.06895	77.30105	77.13349	77.09063	77.12002	77.01549	77.09569
7/3/2025	2:51:21 PM	77.20226	77.10094	77.10843	77.23529	48.50589	77.14320	77.16567	77.06853	77.30034	77.13340	77.09063	77.11995	77.01570	77.09547
7/3/2025	2:51:24 PM	77.20309	77.10154	77.10853	77.23535	43.05426	77.14313	77.16596	77.06891	77.30110	77.13295	77.09037	77.12020	77.01543	77.09582
7/3/2025	2:51:28 PM	77.20256	77.10130	77.10834	77.23565	40.82498	77.14330	77.16615	77.06866	77.30098	77.13345	77.09068	77.12007	77.01527	77.09549
7/3/2025	2:51:31 PM	77.20260	77.10162	77.10857	77.23557	34.43045	77.14298	77.16564	77.06828	77.30022	77.13320	77.09030	77.11956	77.01533	77.09533
7/3/2025	2:51:35 PM	77.20233	77.10173	77.10839	77.23529	44.89302	77.14306	77.16597	77.06894	77.30096	77.13319	77.09070	77.11984	77.01547	77.09560
7/3/2025	2:51:39 PM	77.20229	77.10170	77.10844	77.23520	46.85501	77.14317	77.16582	77.06834	77.30049	77.13318	77.09064	77.12021	77.01516	77.09536
7/3/2025	2:51:42 PM	77.20194	77.10102	77.10810	77.23489	58.27692	77.14345	77.16554	77.06846	77.30064	77.13307	77.09032	77.11964	77.01555	77.09518
7/3/2025	2:51:46 PM	77.20239	77.10129	77.10828	77.23491	54.17466	77.14290	77.16559	77.06860	77.30056	77.13333	77.09060	77.11966	77.01554	77.09568
7/3/2025	2:51:49 PM	77.20265	77.10112	77.10794	77.23496	70.00901	77.14329	77.16590	77.06886	77.30117	77.13346	77.09109	77.11990	77.01572	77.09614
7/3/2025	2:51:53 PM	77.20268	77.10164	77.10854	77.23532	91.46422	77.14303	77.16533	77.06848	77.30059	77.13322	77.09041	77.11944	77.01520	77.09552
7/3/2025	2:51:57 PM	77.20239	77.10175	77.10804	77.23535	60.98664	77.14288	77.16575	77.06869	77.30053	77.13294	77.09071	77.11952	77.01527	77.09572
7/3/2025	2:52:00 PM	77.20226	77.10146	77.10822	77.23485	46.99488	77.14316	77.16560	77.06826	77.30084	77.13333	77.09046	77.11975	77.01546	77.09540
7/3/2025	2:52:04 PM	77.20246	77.10102	77.10807	77.23508	120.98994	77.14284	77.16531	77.06874	77.30049	77.13329	77.09054	77.12036	77.01554	77.09553
7/3/2025	2:52:07 PM	77.20227	77.10099	77.10820	77.23503	54.86047	77.14316	77.16576	77.06832	77.30023	77.13288	77.08998	77.11963	77.01557	77.09581
7/3/2025	2:52:11 PM	77.20233	77.10112	77.10795	77.23503	39.82807	77.14273	77.16527	77.06840	77.30018	77.13293	77.09036	77.11949	77.01531	77.09538
7/3/2025	2:52:15 PM	77.20230	77.10096	77.10800	77.23512	70.70986	77.14248	77.16482	77.06771	77.30011	77.13318	77.08996	77.11940	77.01536	77.09524
7/3/2025	2:52:18 PM	77.20233	77.10113	77.10792	77.23495	57.06730	77.14326	77.16546	77.06828	77.30029	77.13275	77.09032	77.11927	77.01526	77.09553
7/3/2025	2:52:22 PM	77.20201	77.10130	77.10805	77.23532	41.83231	77.14292	77.16539	77.06863	77.30093	77.13299	77.09038	77.11976	77.01556	77.09568
7/3/2025	2:52:25 PM	77.20230	77.10133	77.10825	77.23509	40.00601	77.14287	77.16556	77.06868	77.30070	77.13309	77.09021	77.11986	77.01500	77.09537
7/3/2025	2:52:29 PM	77.20237	77.10126	77.10841	77.23531	41.90340	77.14329	77.16570	77.06845	77.30051	77.13309	77.09055	77.12004	77.01561	77.09563
7/3/2025	2:52:33 PM	77.20224	77.10130	77.10809	77.23498	36.31465	77.14267	77.16508	77.06825	77.30078	77.13328	77.09048	77.12004	77.01554	77.09544
7/3/2025	2:52:36 PM	77.20254	77.10163	77.10831	77.23556	55.89029	77.14323	77.16598	77.06857	77.30083	77.13334	77.09079	77.12017	77.01574	77.09581
7/3/2025	2:52:40 PM	77.20256	77.10160	77.10887	77.23584	74.92759	77.14335	77.16599	77.06899	77.30078	77.13399	77.09108	77.12036	77.01578	77.09566
7/3/2025	2:52:43 PM	77.20291	77.10177	77.10882	77.23571	50.16804	77.14361	77.16558	77.06850	77.30058	77.13314	77.09053	77.11998	77.01541	77.09528
7/3/2025	2:52:47 PM	77.20212	77.10108	77.10852	77.23506	46.04949	77.14314	77.16597	77.06883	77.30085	77.13337	77.09070	77.12023	77.01555	77.09597
7/3/2025	2:52:51 PM	77.20271	77.10143	77.10854	77.23535	80.34000	77.14368	77.16614	77.06898	77.30104	77.13364	77.09103	77.11999	77.01589	77.09591
7/3/2025	2:52:54 PM	77.20247	77.10113	77.10833	77.23528	78.28708	77.14355	77.16576	77.06858	77.30082	77.13358	77.09084	77.12029	77.01598	77.09582
7/3/2025	2:52:58 PM	77.20264	77.10132	77.10831	77.23501	56.48002	77.14290	77.16522	77.06850	77.30052	77.13326	77.09093	77.11999	77.01553	77.09595
7/3/2025	2:53:01 PM	77.20263	77.10170	77.10848	77.23549	66.80179	77.14356	77.16546	77.06877	77.30105	77.13366	77.09073	77.12037	77.01584	77.09586
7/3/2025	2:53:05 PM	77.20277	77.10207	77.10899	77.23585	37.80634	77.14361	77.16597	77.06906	77.30094	77.13345	77.09097	77.12074	77.01616	77.09609
7/3/2025	2:53:09 PM	77.20299	77.10212	77.10891	77.23555	68.84301	77.14344	77.16580	77.06932	77.30090	77.13347	77.09137	77.12060	77.01589	77.09603
7/3/2025	2:53:12 PM	77.20293	77.10172	77.10844	77.23584	45.83980	77.14335	77.16596	77.06874	77.30097	77.13367	77.09112	77.12043	77.01579	77.09574
7/3/2025	2:53:16 PM	77.20280	77.10164	77.10825	77.23565	68.47444	77.14315	77.16571	77.06862	77.30071	77.13310	77.09052	77.11950	77.01563	77.09556
7/3/2025	2:53:19 PM	77.20217	77.10100	77.10848	77.23545	35.78464	77.14298	77.16578	77.06866	77.30086	77.13344	77.09063	77.12015	77.01568	77.09562
7/3/2025	2:53:23 PM	77.20218	77.10119	77.10801	77.23515	108.36429	77.14309	77.16569	77.06837	77.30101	77.13340	77.09045	77.11970	77.01530	77.09570
7/3/2025	2:53:26 PM	77.20262	77.10124	77.10856	77.23548	56.33510	77.14234	77.16509	77.06775	77.29982	77.13295	77.09006	77.11931	77.01514	77.09501
7/3/2025	2:53:30 PM	77.20208	77.10134	77.10817	77.23495	39.43578	77.14274	77.16517	77.06830	77.30062	77.13361	77.09041	77.12018	77.01616	77.09571
7/3/2025	2:53:33 PM	77.20256	77.10129	77.10819	77.23513	89.26371	77.14320	77.16538	77.06863	77.30091	77.13325	77.09034	77.12000	77.01570	77.09638
7/3/2025	2:53:37 PM	77.20274	77.10136	77.10789	77.23528	82.11129	77.14264	77.16556	77.06868	77.30042	77.13328	77.09037	77.12001	77.01544	77.09574
7/3/2025	2:53:41 PM	77.20284	77.10098	77.10791	77.23450	74.59316	77.14291	77.16511	77.06831	77.30054	77.13283	77.09058	77.11955	77.01477	77.09527
7/3/2025	2:53:44 PM	77.20176	77.10072	77.10768	77.23471	59.15666	77.14310	77.16545	77.06868	77.30014	77.13273	77.09058	77.11990	77.01550	77.09576
7/3/2025	2:53:48 PM	77.20189	77.10074	77.10785	77.23476	45.88793	77.14288	77.16537	77.06792	77.30049	77.13317	77.09063	77.11965	77.01562	77.09570
7/3/2025	2:53:51 PM	77.20198	77.10120	77.10810	77.23468	45.20948	77.14254	77.16551	77.06863	77.30051	77.13312	77.09078	77.12029	77.01568	77.09586
7/3/2025	2:53:55 PM	77.20262	77.10160	77.10847	77.23528	125.51936	77.14334	77.16548	77.06859	77.30113	77.13345	77.09036	77.12045	77.01572	77.09625
7/3/2025	2:53:59 PM	77.20266	77.10185	77.10871	77.23536	57.72688	77.14314	77.16578	77.06865	77.30062	77.13306	77.09069	77.12020	77.01582	77.09583
7/3/2025	2:54:02 PM	77.20278	77.10121	77.10804	77.23515	75.54402	77.14321	77.16527	77.06837	77.30038	77.13281	77.09035	77.11958	77.01519	77.09549
7/3/2025	2:54:06 PM	77.20227	77.10151	77.10836	77.23486	93.08062	77.14284	77.16567	77.06852	77.30029	77.13303	77.09029	77.11995	77.01536	77.09600
7/3/2025	2:54:09 PM	77.20220	77.10118	77.10772	77.23463	37.19148	77.14233	77.16545	77.06809	77.30048	77.13289	77.08998	77.11926	77.01499	77.09548
7/3/2025	2:54:13 PM	77.20206	77.10097	77.10784	77.23436	72.78183	77.14237	77.16549	77.06777	77.30030	77.13258	77.08990	77.11958	77.01524	77.09543
7/3/2025	2:54:16 PM	77.20234	77.10082	77.10796	77.23456	94.94748	77.14241	77.16490	77.06826	77.30002	77.13269	77.08995	77.11975	77.01532	77.09543
7/3/2025	2:54:20 PM	77.20232	77.10073	77.10728	77.23473	36.10910	77.14272	77.16512	77.06830	77.30022	77.13300	77.09051	77.11968	77.01561	77.09571
7/3/2025	2:54:24 PM	77.20231	77.10101	77.10788	77.23450	80.52250	77.14237	77.16497	77.06788	77.30040	77.13319	77.09004	77.11985	77.01507	77.09556
7/3/2025	2:54:27 PM	77.20227	77.10091	77.10779	77.23441	40.81301	77.14215	77.16525	77.06796	77.30023	77.13271	77.09058	77.11964	77.01483	77.09573
7/3/2025	2:54:31 PM	77.20204	77.10066	77.10764	77.23447	101.13408	77.14238	77.16502	77.06808	77.30023	77.13274	77.09007	77.11938	77.01499	77.09508
7/3/2025	2:54:34 PM	77.20146	77.10066	77.10752	77.23412	34.21137	77.14231	77.16463	77.06764	77.29993	77.13274	77.08990	77.11925	77.01505	77.09521
7/3/2025	2:54:38 PM	77.20210	77.10101	77.10721	77.23443	49.53308	77.14226	77.16473	77.06754	77.30034	77.13289	77.09013	77.11923	77.01505	77.09484
7/3/2025	2:54:41 PM	77.20168	77.10069	77.10716	77.23435	37.22882	77.14237	77.16469	77.06777	77.29985	77.13224	77.08974	77.11942	77.01502	77.09506
7/3/2025	2:54:45 PM	77.20185	77.10086	77.10741	77.23467	50.99232	77.14243	77.16467	77.06762	77.29988	77.13290	77.09014	77.11985	77.01496	77.09523
7/3/2025	2:54:49 PM	77.20199	77.10064	77.10727	77.23455	64.65270	77.14218	77.16451	77.06792	77.29999	77.13243	77.08994	77.11946	77.01487	77.09525
7/3/2025	2:54:52 PM	77.20215	77.10106	77.10764	77.23442	45.69673	77.14241	77.16500	77.06792	77.29993	77.13220	77.08956	77.11909	77.01473	77.09489
7/3/2025	2:54:56 PM	77.20156	77.10012	77.10720	77.23406	107.87756	77.14202	77.16444	77.06792	77.29980	77.13279	77.08985	77.11914	77.01570	77.09532
7/3/2025	2:54:59 PM	77.20174	77.10071	77.10721	77.23427	42.03766	77.14210	77.16458	77.06740	77.29982	77.13271	77.09010	77.11980	77.01484	77.09513
7/3/2025	2:55:03 PM	77.20206	77.10022	77.10718	77.23380	41.13594	77.14204	77.16459	77.06730	77.29928	77.13197	77.08978	77.11931	77.01447	77.09462
7/3/2025	2:55:06 PM	77.20142	77.10039	77.10739	77.23423	39.31381	77.14205	77.16488	77.06783	77.29971	77.13239	77.08972	77.11901	77.01484	77.09480
7/3/2025	2:55:10 PM	77.20159	77.10059	77.10728	77.23430	48.85555	77.14259	77.16463	77.06783	77.29999	77.13273	77.08996	77.11932	77.01474	77.09493
7/3/2025	2:55:14 PM	77.20141	77.10070	77.10759	77.23475	102.37356	77.14244	77.16500	77.06798	77.30019	77.13256	77.08982	77.11931	77.01479	77.09540
7/3/2025	2:55:17 PM	77.20176	77.10070	77.10740	77.23444	61.53993	77.14218	77.16477	77.06778	77.29975	77.13251	77.08992	77.11990	77.01508	77.09493
7/3/2025	2:55:21 PM	77.20182	77.10022	77.10738	77.23398	121.93075	77.14249	77.16440	77.06761	77.29978	77.13244	77.09007	77.11913	77.01492	77.09505
7/3/2025	2:55:24 PM	77.20190	77.10071	77.10708	77.23391	75.33764	77.14219	77.16469	77.06784	77.30001	77.13250	77.09032	77.11955	77.01492	77.09519
7/3/2025	2:55:28 PM	77.20205	77.10043	77.10775	77.23416	57.84109	77.14203	77.16467	77.06756	77.29975	77.13228	77.09031	77.11939	77.01485	77.09471
7/3/2025	2:55:32 PM	77.20167	77.10084	77.10715	77.23447	66.98491	77.14246	77.16478	77.06800	77.30013	77.13270	77.09048	77.12022	77.01531	77.09528
7/3/2025	2:55:35 PM	77.20239	77.10106	77.10798	77.23461	112.88191	77.14251	77.16472	77.06821	77.30039	77.13312	77.09023	77.11966	77.01508	77.09537
7/3/2025	2:55:39 PM	77.20192	77.10082	77.10749	77.23454	82.86131	77.14243	77.16483	77.06790	77.30001	77.13270	77.09043	77.11979	77.01531	77.09574
7/3/2025	2:55:42 PM	77.20218	77.10095	77.10781	77.23438	103.19712	77.14266	77.16465	77.06791	77.30031	77.13299	77.09029	77.11958	77.01534	77.09555
