7/3/2025	12:27:32 PM	297.12452	297.32259	296.95162	297.33825	68.24262	297.15259	297.45690	297.05360	297.47570	297.20350	297.08521	297.14151	297.05885	297.12833
7/3/2025	12:27:35 PM	297.12148	297.32066	296.94988	297.33470	203.48903	297.14991	297.45342	297.04956	297.47255	297.19790	297.08555	297.14203	297.05545	297.12605
7/3/2025	12:27:39 PM	297.11840	297.31531	296.94537	297.33053	32.61660	297.14616	297.45104	297.04716	297.46991	297.19491	297.08262	297.14007	297.05420	297.12362
7/3/2025	12:27:43 PM	297.11169	297.30483	296.93366	297.30366	467.55527	297.10932	297.40130	296.97362	297.38380	297.09652	296.95651	297.00748	296.82826	296.89916
7/3/2025	12:27:46 PM	296.87781	297.02721	296.60994	296.71955	124.79661	296.46801	296.66126	296.08301	296.53031	296.29712	296.06628	296.15223	295.41600	295.75385
7/3/2025	12:27:50 PM	295.74755	295.72416	295.26232	294.76891	377.80421	294.55855	294.66913	293.85796	294.42697	294.42180	294.12650	294.05072	292.36993	293.42986
7/3/2025	12:27:53 PM	293.53167	293.16524	293.06437	291.45493	110.20905	291.53398	291.57264	290.51826	291.26192	291.56726	291.19256	291.11958	287.94765	290.12918
7/3/2025	12:27:57 PM	290.43973	289.83002	290.06753	286.92783	408.32757	287.60078	287.47910	286.21756	287.15392	287.79169	287.60440	287.52094	282.51462	286.25365
7/3/2025	12:28:01 PM	286.81246	286.02644	286.39002	281.53032	102.46148	283.00524	282.79020	281.44992	282.63118	283.46866	283.33566	283.28446	276.84997	282.12660
7/3/2025	12:28:04 PM	282.66143	281.86824	282.19822	275.57997	286.81651	278.00865	277.86505	276.49922	277.89349	278.72011	278.67069	278.75585	271.25951	277.69415
7/3/2025	12:28:08 PM	278.27874	277.48484	277.81376	269.27371	328.60405	272.83003	272.75915	271.34263	272.84813	273.70410	273.78902	274.10250	265.76665	273.12584
7/3/2025	12:28:11 PM	273.88550	273.07295	273.52852	263.08994	415.29644	267.43951	267.31440	265.83889	267.51476	268.47916	268.90400	269.40490	260.18488	268.36028
7/3/2025	12:28:15 PM	269.50340	268.77567	269.31038	257.11605	419.93767	262.11044	261.88543	260.37869	262.25933	263.30631	264.10744	264.81388	254.79749	263.68598
7/3/2025	12:28:18 PM	265.24502	264.57119	265.20078	251.46094	96.26624	256.92480	256.50703	254.98309	257.12873	258.24857	259.45168	260.30456	249.54848	259.00397
7/3/2025	12:28:22 PM	260.86360	260.25635	260.98823	245.85586	394.67662	251.72822	251.09594	249.54810	251.97977	253.20987	254.78428	255.76934	244.40692	254.35248
7/3/2025	12:28:26 PM	256.57808	256.02491	256.86434	240.49534	221.33382	246.64009	245.83442	244.25370	246.95172	248.31165	250.23147	251.35083	239.44981	249.82880
7/3/2025	12:28:29 PM	252.36206	251.87330	252.85284	235.37644	122.51356	241.70037	240.75158	239.18125	242.16634	243.61720	245.87588	247.11025	234.74163	245.50191
7/3/2025	12:28:33 PM	248.23857	247.81974	248.90713	230.51694	239.68140	236.96767	235.89566	234.34835	237.56808	239.10996	241.69839	243.02902	230.25439	241.35056
7/3/2025	12:28:36 PM	244.33084	243.96198	245.17525	226.01483	207.91745	232.48308	231.32766	229.83450	233.29217	234.86071	237.73191	239.18935	226.12047	237.47367
7/3/2025	12:28:40 PM	240.59761	240.32364	241.71323	221.90545	223.00934	228.23047	226.92741	225.45943	229.13872	230.68883	233.89989	235.58208	222.29122	233.73181
7/3/2025	12:28:43 PM	237.20716	236.99683	238.55478	218.01105	144.55774	224.14946	222.66884	221.22864	225.18628	226.74442	230.32618	232.17418	218.65161	230.11006
7/3/2025	12:28:47 PM	233.74792	233.58579	235.25586	213.94270	284.89198	219.86065	218.22270	216.83960	221.04044	222.63882	226.49503	228.50783	214.69243	226.27257
7/3/2025	12:28:51 PM	230.12761	230.03376	231.81679	209.83727	349.33854	215.64742	213.88762	212.58967	216.99156	218.59938	222.70327	224.85646	210.75122	222.47429
7/3/2025	12:28:54 PM	226.51821	226.48097	228.37919	205.83761	374.36486	211.56486	209.70238	208.47949	213.03261	214.66132	218.98918	221.25571	206.90973	218.76791
7/3/2025	12:28:58 PM	222.95955	222.97449	225.00757	202.01007	298.76529	207.72274	205.81593	204.68442	209.38340	211.02024	215.55779	217.88579	203.37923	215.29436
7/3/2025	12:29:01 PM	219.60786	219.67364	221.82884	198.50638	199.19248	204.13701	202.20712	201.15500	205.93066	207.55040	212.26806	214.61143	200.01065	211.95990
7/3/2025	12:29:05 PM	216.27581	216.38797	218.68074	195.11815	176.95169	200.72842	198.80430	197.83084	202.66421	204.26721	209.14296	211.46868	196.83811	208.77571
7/3/2025	12:29:09 PM	213.15372	213.32894	215.77386	192.07791	171.36266	197.61532	195.72353	194.82175	199.72401	201.28474	206.28961	208.57786	193.96232	205.85833
7/3/2025	12:29:12 PM	210.19706	210.40807	212.98095	189.21580	265.02810	194.68059	192.83803	191.99891	196.94001	198.45205	203.56530	205.80658	191.26705	203.09127
7/3/2025	12:29:16 PM	207.40946	207.66603	210.38250	186.60980	224.09179	192.00039	190.21190	189.43889	194.38535	195.84070	201.03913	203.22500	188.76106	200.48783
7/3/2025	12:29:19 PM	204.78452	205.06803	207.91922	184.19546	236.75452	189.51872	187.79944	187.06560	192.02128	193.41778	198.67386	200.80808	186.47099	198.09980
7/3/2025	12:29:23 PM	202.41438	202.72236	205.70340	182.04589	348.56818	187.29898	185.64217	184.94896	189.91322	191.23650	196.53594	198.59922	184.37748	195.88732
7/3/2025	12:29:26 PM	200.09630	200.42011	203.52949	179.97312	323.40974	185.13716	183.57093	182.90130	187.87531	189.14294	194.46506	196.46644	182.38281	193.78551
7/3/2025	12:29:30 PM	197.94875	198.28782	201.51928	178.08675	245.98714	183.18062	181.69583	181.06005	186.01004	187.22437	192.57366	194.51490	180.56641	191.83493
7/3/2025	12:29:34 PM	195.95974	196.30634	199.65345	176.35806	191.51312	181.38929	179.98629	179.37552	184.31300	185.45616	190.80627	192.69252	178.89124	190.04086
7/3/2025	12:29:37 PM	194.14240	194.49124	197.94389	174.78940	166.95048	179.74434	178.42512	177.83616	182.76170	183.84172	189.18100	191.01371	177.34492	188.38141
7/3/2025	12:29:41 PM	192.38863	192.74116	196.28410	173.28289	230.41628	178.17476	176.93004	176.35417	181.25463	182.28673	187.60566	189.38250	175.86546	186.78885
7/3/2025	12:29:44 PM	190.74763	191.10630	194.72364	171.88866	220.69848	176.71311	175.54589	174.97912	179.86381	180.85157	186.14385	187.86325	174.48870	185.29459
7/3/2025	12:29:48 PM	189.21422	189.57981	193.26908	170.59163	243.40408	175.35559	174.25129	173.70654	178.57222	179.52455	184.79459	186.46379	173.22575	183.92400
7/3/2025	12:29:51 PM	187.77113	188.13496	191.89536	169.37513	239.89660	174.09137	173.04182	172.49951	177.34660	178.26176	183.51024	185.13243	172.03289	182.62767
7/3/2025	12:29:55 PM	186.45643	186.82673	190.64759	168.27710	245.40087	172.95252	171.95683	171.42083	176.24811	177.12171	182.33890	183.91877	170.94057	181.43857
7/3/2025	12:29:59 PM	185.20120	185.56923	189.43867	167.20277	213.73791	171.82065	170.86810	170.33914	175.14902	175.99842	181.18642	182.72678	169.87672	180.28490
7/3/2025	12:30:02 PM	183.99104	184.36735	188.29041	166.19785	192.59652	170.77506	169.86402	169.34355	174.13380	174.95082	180.11332	181.62423	168.88681	179.20858
7/3/2025	12:30:06 PM	182.87678	183.25155	187.21362	165.25069	198.60209	169.77639	168.90331	168.39618	173.16237	173.94710	179.07661	180.55814	167.92979	178.16270
7/3/2025	12:30:09 PM	181.78677	182.16292	186.16610	164.33373	273.30521	168.80978	167.96678	167.46801	172.21454	172.97644	178.08191	179.53879	167.01358	177.16927
7/3/2025	12:30:13 PM	180.77533	181.15783	185.19512	163.47670	225.61838	167.90413	167.08350	166.59007	171.31913	172.06764	177.13263	178.56947	166.14214	176.22096
7/3/2025	12:30:16 PM	179.77688	180.16708	184.23057	162.63463	186.89376	167.01270	166.23530	165.73832	170.45350	171.18666	176.21454	177.62848	165.30524	175.30418
7/3/2025	12:30:20 PM	178.82953	179.22524	183.31264	161.82630	210.72792	166.14969	165.39324	164.89459	169.59912	170.32232	175.31851	176.71066	164.46971	174.40285
7/3/2025	12:30:23 PM	177.90451	178.30728	182.41124	161.03051	151.00175	165.30756	164.57209	164.07547	168.77146	169.47596	174.44484	175.81474	163.66470	173.53662
7/3/2025	12:30:27 PM	177.02026	177.42478	181.54809	160.26611	239.39592	164.49609	163.79087	163.29615	167.98554	168.66340	173.60522	174.95851	162.88942	172.69628
7/3/2025	12:30:31 PM	176.16319	176.57100	180.70538	159.52002	154.46322	163.70677	163.02073	162.52830	167.21300	167.87171	172.79589	174.13430	162.14648	171.90445
7/3/2025	12:30:34 PM	175.35454	175.76595	179.91472	158.82090	233.00267	162.96107	162.29684	161.80676	166.48120	167.11855	172.02518	173.34424	161.42838	171.12828
7/3/2025	12:30:38 PM	174.55369	174.96762	179.12242	158.11533	137.39516	162.20718	161.55590	161.07261	165.74096	166.35453	171.24189	172.55113	160.70520	170.35224
7/3/2025	12:30:41 PM	173.76204	174.17885	178.34055	157.41471	206.53257	161.45992	160.83802	160.34339	165.00566	165.59651	170.47425	171.77750	159.99504	169.59646
7/3/2025	12:30:45 PM	172.98666	173.40906	177.57557	156.73047	151.08472	160.73465	160.11849	159.63471	164.28987	164.85143	169.71779	171.01105	159.28156	168.83770
7/3/2025	12:30:49 PM	172.22437	172.65016	176.81835	156.04316	231.11615	160.00486	159.39151	158.92340	163.57175	164.10706	168.97149	170.26010	158.57807	168.09841
7/3/2025	12:30:52 PM	171.46773	171.90064	176.07206	155.36807	166.77848	159.28781	158.67246	158.21850	162.85876	163.37388	168.23666	169.51958	157.88312	167.37337
7/3/2025	12:30:56 PM	170.74446	171.18725	175.35741	154.71841	124.30110	158.59654	157.98303	157.54308	162.17211	162.66903	167.52357	168.80092	157.20694	166.65729
7/3/2025	12:30:59 PM	170.00695	170.45420	174.62356	154.04683	227.05836	157.88538	157.28088	156.84928	161.46385	161.94430	166.79495	168.07503	156.52568	165.94556
7/3/2025	12:31:03 PM	169.28662	169.74077	173.90700	153.39753	120.95103	157.19717	156.60076	156.17731	160.77850	161.24236	166.08396	167.36113	155.85516	165.24107
7/3/2025	12:31:07 PM	168.57738	169.03818	173.20247	152.75396	226.90350	156.51239	155.92349	155.50941	160.09792	160.54982	165.37779	166.66040	155.19601	164.54799
7/3/2025	12:31:10 PM	167.87643	168.33896	172.50253	152.11669	158.78701	155.84316	155.26430	154.85578	159.43150	159.87086	164.68723	165.96913	154.54926	163.86394
7/3/2025	12:31:14 PM	167.19295	167.66119	171.82202	151.49834	130.86753	155.19354	154.62432	154.22561	158.78470	159.21889	164.01619	165.30014	153.91746	163.20136
7/3/2025	12:31:17 PM	166.52802	166.99730	171.15375	150.89184	129.05248	154.56622	154.01144	153.62495	158.16615	158.58860	163.36324	164.64153	153.29731	162.54541
7/3/2025	12:31:21 PM	165.85266	166.31993	170.46654	150.26008	125.16899	153.90708	153.36654	152.98192	157.51223	157.92770	162.67830	163.95808	152.64422	161.86528
7/3/2025	12:31:24 PM	165.16833	165.63790	169.77528	149.61632	166.15837	153.24213	152.71088	152.32568	156.84192	157.25280	161.97624	163.25454	151.96570	161.16390
7/3/2025	12:31:28 PM	164.46424	164.93369	169.06090	148.94512	204.32196	152.57068	152.04942	151.66491	156.17580	156.58792	161.27829	162.55150	151.28418	160.45915
7/3/2025	12:31:32 PM	163.75343	164.22536	168.34365	148.26810	146.37053	151.89085	151.37581	150.98500	155.49803	155.91308	160.56816	161.83589	150.58705	159.74884
7/3/2025	12:31:35 PM	163.03035	163.49854	167.60697	147.57167	186.52494	151.19375	150.67963	150.28396	154.80322	155.22805	159.85034	161.10499	149.87797	159.02243
7/3/2025	12:31:39 PM	162.29611	162.76434	166.85892	146.86331	91.19245	150.47874	149.96194	149.55784	154.09583	154.53377	159.13485	160.37629	149.16814	158.29612
7/3/2025	12:31:42 PM	161.57747	162.04225	166.13653	146.19445	98.58049	149.81005	149.29629	148.89297	153.43546	153.88460	158.46637	159.69451	148.50607	157.60953
7/3/2025	12:31:46 PM	160.86370	161.32182	165.41467	145.53086	183.20428	149.12224	148.59946	148.19154	152.73789	153.19928	157.76908	158.98672	147.81765	156.89379
7/3/2025	12:31:50 PM	160.15282	160.60384	164.69557	144.87901	122.70797	148.44172	147.92177	147.51712	152.06332	152.53252	157.09873	158.30809	147.16087	156.21015
7/3/2025	12:31:53 PM	159.45536	159.90230	163.99693	144.25646	186.14916	147.79126	147.27546	146.88043	151.42246	151.89989	156.46559	157.67178	146.54375	155.55832
7/3/2025	12:31:57 PM	158.80693	159.24356	163.34364	143.68773	81.30986	147.17869	146.66516	146.27321	150.80593	151.29045	155.85247	157.05585	145.95118	154.92159
7/3/2025	12:32:01 PM	158.17351	158.59848	162.70062	143.12399	192.88089	146.57478	146.06496	145.67978	150.19751	150.68238	155.24163	156.44097	145.35065	154.28728
7/3/2025	12:32:04 PM	157.53719	157.95077	162.05095	142.54918	75.17846	145.96723	145.45844	145.07804	149.58480	150.08166	154.63505	155.82864	144.74623	153.65071
7/3/2025	12:32:08 PM	156.89059	157.29383	161.38856	141.96190	112.29036	145.35249	144.83811	144.47825	148.97620	149.47943	154.03109	155.22274	144.16009	153.03441
7/3/2025	12:32:11 PM	156.25607	156.65897	160.75875	141.41696	187.85296	144.78693	144.26368	143.94174	148.41884	148.92846	153.48200	154.66135	143.62614	152.46158
7/3/2025	12:32:15 PM	155.66026	156.06395	160.16030	140.90539	166.23462	144.23546	143.70777	143.43164	147.88811	148.40328	152.94968	154.11316	143.11375	151.91413
7/3/2025	12:32:19 PM	155.08585	155.49133	159.58710	140.43418	167.92260	143.72073	143.19774	142.96572	147.40072	147.92021	152.45913	153.59942	142.64507	151.40185
7/3/2025	12:32:22 PM	154.55584	154.96325	159.07116	140.03008	55.03354	143.26844	142.76228	142.56544	146.97208	147.49216	152.01706	153.13373	142.23325	150.93669
7/3/2025	12:32:26 PM	154.06184	154.46771	158.57740	139.64039	171.55984	142.82556	142.33245	142.16700	146.54457	147.06682	151.56712	152.66073	141.81696	150.46849
7/3/2025	12:32:29 PM	153.57252	153.97879	158.08484	139.24428	139.89102	142.40492	141.92678	141.79022	146.14186	146.66778	151.14723	152.22046	141.44397	150.03949
7/3/2025	12:32:33 PM	153.12705	153.53445	157.63128	138.87720	47.20085	142.04401	141.58820	141.47393	145.79042	146.31629	150.77121	151.82378	141.11450	149.65324
7/3/2025	12:32:37 PM	152.71208	153.11595	157.19683	138.53042	74.28190	141.72277	141.28664	141.19537	145.47453	146.00097	150.42852	151.46411	140.82046	149.30878
7/3/2025	12:32:40 PM	152.33962	152.72975	156.79068	138.22137	156.64490	141.44330	141.02187	140.94939	145.18455	145.70737	150.09927	151.11843	140.52611	148.96629
7/3/2025	12:32:44 PM	151.99229	152.36320	156.40138	137.93933	137.97172	141.20799	140.79980	140.74112	144.93479	145.45707	149.81944	150.82781	140.27692	148.66912
7/3/2025	12:32:47 PM	151.69151	152.03855	156.05194	137.70030	50.88368	141.00834	140.60945	140.56112	144.71183	145.23225	149.56108	150.55980	140.04326	148.38449
7/3/2025	12:32:51 PM	151.40613	151.72987	155.71559	137.48081	101.98235	140.81439	140.42187	140.38811	144.49975	145.01987	149.32042	150.31197	139.82952	148.12096
7/3/2025	12:32:55 PM	151.15006	151.45322	155.41723	137.30034	115.47192	140.64911	140.25256	140.23417	144.30686	144.82676	149.09826	150.08393	139.63822	147.87424
7/3/2025	12:32:58 PM	150.90677	151.18961	155.12850	137.13308	203.56774	140.48800	140.08402	140.08214	144.12019	144.64082	148.88688	149.86693	139.46119	147.63910
7/3/2025	12:33:02 PM	150.67457	150.93878	154.85256	136.97322	60.21385	140.32342	139.91163	139.92247	143.93103	144.45649	148.67926	149.65364	139.28789	147.41419
7/3/2025	12:33:05 PM	150.44277	150.69142	154.57490	136.81074	146.66063	140.14847	139.72504	139.74321	143.72669	144.25809	148.45993	149.43115	139.10527	147.18276
7/3/2025	12:33:09 PM	150.21022	150.44500	154.30561	136.65641	146.68569	139.97928	139.54887	139.57149	143.53533	144.07504	148.26169	149.22863	138.94502	146.97708
7/3/2025	12:33:13 PM	150.00189	150.22305	154.06294	136.52665	65.53833	139.82595	139.39131	139.41583	143.36035	143.90954	148.08089	149.03979	138.80102	146.78524
7/3/2025	12:33:16 PM	149.77261	150.00610	153.82214	136.39600	188.62514	139.66852	139.23140	139.25356	143.18649	143.74724	147.90508	148.85397	138.66471	146.60262
7/3/2025	12:33:20 PM	149.56516	149.80160	153.59585	136.28498	83.50717	139.51677	139.07925	139.09497	143.01843	143.59168	147.73721	148.67686	138.53808	146.43040
7/3/2025	12:33:24 PM	149.37188	149.60707	153.38295	136.18529	135.54967	139.36990	138.92956	138.93422	142.84943	143.43577	147.56924	148.49765	138.40936	146.25708
7/3/2025	12:33:27 PM	149.17465	149.40645	153.16277	136.07835	48.78925	139.21256	138.76518	138.75609	142.66784	143.26979	147.39226	148.30618	138.27488	146.07873
7/3/2025	12:33:31 PM	148.97829	149.20767	152.95266	135.98054	107.87683	139.05928	138.60602	138.58493	142.49325	143.11289	147.22640	148.12531	138.15235	145.91089
7/3/2025	12:33:34 PM	148.78411	149.00890	152.73980	135.87833	116.99395	138.90234	138.44096	138.41063	142.31831	142.95684	147.06470	147.94781	138.03806	145.75189
7/3/2025	12:33:38 PM	148.60422	148.82900	152.55392	135.80850	166.02168	138.77427	138.30734	138.27321	142.17123	142.82624	146.93028	147.79527	137.96214	145.62585
7/3/2025	12:33:42 PM	148.45306	148.67904	152.40105	135.78091	102.94338	138.68109	138.21368	138.18009	142.06272	142.72998	146.83105	147.67656	137.93201	145.54058
7/3/2025	12:33:45 PM	148.34079	148.57280	152.29028	135.79342	142.21713	138.63429	138.17408	138.14954	142.01391	142.69400	146.79759	147.63165	138.00146	145.56049
7/3/2025	12:33:49 PM	148.34753	148.60001	152.32567	135.98519	151.40857	138.79302	138.36771	138.38655	142.20854	142.88955	147.00363	147.83148	138.36475	145.84962
7/3/2025	12:33:52 PM	148.60680	148.87626	152.59606	136.43120	97.79013	139.17753	138.78891	138.84852	142.58515	143.23621	147.33789	148.15298	138.83861	146.22310
7/3/2025	12:33:56 PM	148.94010	149.21697	152.89784	136.89890	135.35291	139.55700	139.19999	139.28376	142.93401	143.54496	147.62209	148.43476	139.24920	146.54343
7/3/2025	12:34:00 PM	149.22861	149.50899	153.14021	137.29144	131.20855	139.87174	139.54354	139.64325	143.22978	143.80787	147.85952	148.68184	139.60824	146.82475
7/3/2025	12:34:03 PM	149.48894	149.77537	153.35685	137.64738	42.09203	140.15182	139.84776	139.95826	143.49089	144.04053	148.06442	148.89800	139.92445	147.06537
7/3/2025	12:34:07 PM	149.70834	149.99926	153.52975	137.94738	82.59881	140.38455	140.09724	140.22089	143.71360	144.24014	148.24100	149.09147	140.21206	147.28772
7/3/2025	12:34:11 PM	149.91787	150.21606	153.69706	138.23802	117.76943	140.61427	140.34322	140.47692	143.93234	144.43941	148.41678	149.27945	140.49285	147.50097
7/3/2025	12:34:14 PM	150.10877	150.41274	153.84581	138.50522	127.67559	140.82583	140.56426	140.70756	144.12772	144.61856	148.57183	149.44584	140.74090	147.68641
7/3/2025	12:34:18 PM	150.28026	150.59005	153.97471	138.75035	112.47312	141.02142	140.76883	140.92007	144.30782	144.78643	148.71541	149.59885	140.97400	147.85846
7/3/2025	12:34:22 PM	150.43396	150.74761	154.08693	138.97328	151.79912	141.19836	140.95172	141.11087	144.47212	144.93976	148.84444	149.73609	141.18105	148.00829
7/3/2025	12:34:25 PM	150.57323	150.89010	154.18768	139.18064	129.65137	141.36164	141.11939	141.28548	144.62027	145.08044	148.96308	149.86205	141.37286	148.14655
7/3/2025	12:34:29 PM	150.70505	151.02469	154.28072	139.38264	112.15068	141.52284	141.28339	141.45712	144.76691	145.21928	149.07796	149.98271	141.55817	148.27572
7/3/2025	12:34:32 PM	150.82525	151.14790	154.36521	139.57629	128.21133	141.67661	141.43703	141.61463	144.90142	145.34981	149.18424	150.09297	141.73092	148.39283
7/3/2025	12:34:36 PM	150.93294	151.25617	154.43755	139.75474	126.24488	141.81905	141.57913	141.76258	145.02756	145.47190	149.28271	150.19620	141.89326	148.50175
7/3/2025	12:34:40 PM	151.03329	151.35818	154.50603	139.92849	134.33815	141.95725	141.71536	141.90444	145.14741	145.59021	149.37880	150.29417	142.05067	148.60713
7/3/2025	12:34:43 PM	151.13058	151.45601	154.57061	140.09695	127.57169	142.08982	141.84606	142.03717	145.25850	145.69809	149.46379	150.38092	142.19285	148.69869
7/3/2025	12:34:47 PM	151.21291	151.53922	154.62315	140.25076	151.35562	142.21325	141.96807	142.16261	145.36472	145.80174	149.54605	150.46457	142.33154	148.78888
7/3/2025	12:34:50 PM	151.29455	151.62109	154.67439	140.40261	49.99993	142.33536	142.08808	142.28461	145.46536	145.90164	149.62233	150.54179	142.46381	148.87209
7/3/2025	12:34:54 PM	151.36886	151.69526	154.72073	140.54616	152.04522	142.45177	142.20252	142.40085	145.56161	145.99638	149.69608	150.61615	142.59142	148.95401
7/3/2025	12:34:57 PM	151.44241	151.76940	154.76743	140.69289	51.54441	142.57140	142.32083	142.52190	145.66134	146.09386	149.77187	150.69116	142.72189	149.03630
7/3/2025	12:35:01 PM	151.51342	151.84126	154.81241	140.83760	176.28732	142.69126	142.43887	142.64219	145.75976	146.19091	149.84637	150.76528	142.85072	149.11792
7/3/2025	12:35:05 PM	151.58732	151.91376	154.85943	140.98677	145.16809	142.81421	142.56104	142.76595	145.86121	146.28974	149.92327	150.84048	142.98216	149.20174
7/3/2025	12:35:08 PM	151.65692	151.98434	154.90531	141.13131	69.84620	142.93654	142.68260	142.88841	145.96117	146.38806	150.00026	150.91525	143.11121	149.28488
7/3/2025	12:35:12 PM	151.72939	152.05687	154.95359	141.27966	156.85626	143.06326	142.81012	143.01673	146.06638	146.49015	150.08184	150.99420	143.24646	149.37412
7/3/2025	12:35:15 PM	151.80553	152.13196	155.00596	141.43258	128.28144	143.19578	142.94339	143.15200	146.17750	146.59857	150.16865	151.07623	143.38302	149.46587
7/3/2025	12:35:19 PM	151.88365	152.20878	155.01285	141.52379	116.98831	143.36594	143.22231	143.52830	146.51604	146.92751	150.40319	151.19445	143.59834	149.67771
7/3/2025	12:35:23 PM	151.83899	152.05562	154.94141	141.75601	165.86226	144.12750	144.20765	144.65682	147.33853	147.44475	150.55471	150.98858	144.29867	150.46458
7/3/2025	12:35:26 PM	151.79716	152.26404	155.62351	143.25451	118.64005	145.93630	145.72783	145.85767	147.89473	147.56675	150.33208	150.61225	144.27697	150.24608
7/3/2025	12:35:30 PM	151.02986	151.20096	154.63122	142.46897	84.45559	144.74050	144.21281	143.98070	145.87578	145.42791	147.83861	148.23846	141.85587	147.99651
7/3/2025	12:35:33 PM	148.43955	148.66363	152.00447	139.44108	149.23688	142.14239	141.45227	140.86376	142.90333	142.45231	144.60918	145.09901	138.57745	145.10625
7/3/2025	12:35:37 PM	145.41170	145.72829	149.08687	136.06658	48.07801	139.27629	138.57123	137.67935	139.87668	139.40417	141.41858	141.91510	135.20122	142.08466
7/3/2025	12:35:41 PM	142.23863	142.65268	146.09917	132.68060	93.14216	136.36048	135.66273	134.56128	136.86734	136.40928	138.36669	138.88599	132.05997	139.22023
7/3/2025	12:35:44 PM	139.34489	139.83532	143.38777	129.71255	143.40099	133.72664	133.07676	131.84313	134.21365	133.72339	135.64405	136.12386	129.25184	136.59740
7/3/2025	12:35:48 PM	136.68856	137.24944	140.91907	127.09925	117.81159	131.38967	130.79921	129.48651	131.88754	131.35281	133.26031	133.68649	126.82058	134.26993
7/3/2025	12:35:52 PM	134.31845	134.91569	138.69407	124.81992	118.81834	129.29192	128.76219	127.41442	129.82919	129.25296	131.15437	131.51181	124.66992	132.18400
7/3/2025	12:35:55 PM	132.16682	132.78856	136.66928	122.79232	99.95323	127.40714	126.94597	125.57001	127.98395	127.35928	129.26841	129.55548	122.75962	130.31541
7/3/2025	12:35:59 PM	130.22909	130.86059	134.83199	120.98082	54.67510	125.71029	125.32082	123.94602	126.34728	125.65590	127.56018	127.78380	121.03519	128.59947
7/3/2025	12:36:02 PM	128.52451	129.16585	133.20695	119.41220	83.43244	124.23369	123.90648	122.53179	124.91024	124.17213	126.08545	126.23706	119.53691	127.10280
7/3/2025	12:36:06 PM	126.97783	127.62035	131.72110	117.99120	167.28392	122.87616	122.60804	121.24563	123.60282	122.81674	124.73011	124.83536	118.18042	125.73833
7/3/2025	12:36:10 PM	125.59756	126.23597	130.38390	116.72052	32.75331	121.66036	121.43430	120.09457	122.42892	121.59865	123.51566	123.56988	116.96916	124.50277
7/3/2025	12:36:13 PM	124.35367	124.97596	129.16400	115.59006	145.51410	120.56520	120.39523	119.07256	121.37865	120.51771	122.43821	122.45156	115.90259	123.41326
7/3/2025	12:36:17 PM	123.25897	123.86208	128.08230	114.59432	64.96041	119.59530	119.47133	118.16416	120.44145	119.54428	121.47293	121.44829	114.95978	122.43309
7/3/2025	12:36:20 PM	122.25450	122.84159	127.08619	113.69113	104.37174	118.71262	118.61908	117.34087	119.58358	118.65470	120.59596	120.53852	114.10788	121.55152
7/3/2025	12:36:24 PM	121.40276	121.98352	126.25829	112.94831	51.22303	117.99201	117.91433	116.66507	118.87506	117.93009	119.88820	119.80422	113.43316	120.83842
7/3/2025	12:36:28 PM	120.69974	121.26918	125.56400	112.34107	160.04790	117.38628	117.32045	116.10138	118.27363	117.31041	119.28383	119.17911	112.86980	120.22903
7/3/2025	12:36:31 PM	120.09464	120.67082	124.98200	111.86131	53.40846	116.89160	116.82374	115.64099	117.77137	116.78668	118.76421	118.66126	112.40938	119.72495
7/3/2025	12:36:35 PM	119.57998	120.18550	124.50205	111.48978	108.60671	116.47176	116.38943	115.24008	117.32749	116.31984	118.29967	118.20441	112.01138	119.27055
7/3/2025	12:36:38 PM	119.12220	119.75813	124.07631	111.17152	119.55072	116.09409	116.00310	114.87758	116.92967	115.90343	117.88357	117.78780	111.66628	118.85955
7/3/2025	12:36:42 PM	118.69016	119.35481	123.66899	110.87318	34.58985	115.73098	115.62965	114.52685	116.53787	115.49321	117.47132	117.37799	111.33563	118.45992
7/3/2025	12:36:46 PM	118.30247	118.99361	123.30664	110.61159	123.27661	115.42276	115.31621	114.23567	116.21364	115.15550	117.13238	117.03964	111.08549	118.14295
7/3/2025	12:36:49 PM	117.97584	118.68931	123.00136	110.39538	111.20428	115.15705	115.04043	113.97570	115.92055	114.85103	116.82204	116.72757	110.86785	117.84896
7/3/2025	12:36:53 PM	117.68764	118.42036	122.73413	110.20684	58.24694	114.93915	114.81252	113.76775	115.67946	114.60068	116.56339	116.46373	110.69694	117.59995
7/3/2025	12:36:57 PM	117.43031	118.17122	122.48709	110.02820	129.68764	114.72622	114.59142	113.55599	115.43926	114.34910	116.29596	116.19556	110.51781	117.34981
7/3/2025	12:37:00 PM	117.16784	117.91785	122.22870	109.83861	46.55044	114.50254	114.36293	113.33282	115.19523	114.09722	116.03532	115.93124	110.33475	117.10225
7/3/2025	12:37:04 PM	116.91959	117.67391	121.97394	109.65651	39.03815	114.28350	114.13647	113.10974	114.95123	113.85122	115.77914	115.67214	110.14469	116.85391
7/3/2025	12:37:07 PM	116.67141	117.43732	121.72653	109.48042	87.45712	114.07806	113.92471	112.90616	114.72834	113.62766	115.54744	115.44052	109.98245	116.63338
7/3/2025	12:37:11 PM	116.45083	117.22404	121.50524	109.32638	157.98730	113.88751	113.72848	112.71229	114.52064	113.41285	115.32656	115.22078	109.83364	116.43175
7/3/2025	12:37:15 PM	116.24784	117.03538	121.30628	109.19891	80.22107	113.72678	113.56632	112.55328	114.34565	113.22765	115.13140	115.02592	109.70863	116.24660
7/3/2025	12:37:18 PM	116.06105	116.85650	121.11089	109.07097	83.87057	113.56628	113.40264	112.38739	114.16560	113.03475	114.92299	114.82291	109.57156	116.05070
7/3/2025	12:37:22 PM	115.86462	116.66683	120.91172	108.93913	34.66082	113.40690	113.24183	112.22678	113.99402	112.85373	114.73783	114.63958	109.45333	115.87633
7/3/2025	12:37:25 PM	115.69046	116.50227	120.73463	108.83301	149.89731	113.26552	113.09362	112.07397	113.82726	112.67799	114.54882	114.45199	109.33211	115.69729
7/3/2025	12:37:29 PM	115.51620	116.33001	120.55147	108.70997	45.32180	113.10846	112.92832	111.90321	113.64523	112.48765	114.34866	114.25713	109.20045	115.51398
7/3/2025	12:37:33 PM	115.33564	116.15319	120.36323	108.58287	112.63209	112.95423	112.76871	111.74069	113.47249	112.31026	114.16008	114.07422	109.07400	115.34189
7/3/2025	12:37:36 PM	115.17175	115.98622	120.18523	108.46930	92.78197	112.81152	112.62189	111.59104	113.30838	112.14173	113.98331	113.89981	108.95277	115.17112
7/3/2025	12:37:40 PM	115.00365	115.80959	119.99008	108.33832	121.89382	112.65070	112.45827	111.42323	113.13452	111.95645	113.78710	113.70415	108.80166	114.97845
7/3/2025	12:37:44 PM	114.81863	115.61269	119.77524	108.19255	101.24770	112.47231	112.27692	111.23772	112.94357	111.75723	113.57396	113.49332	108.62763	114.76710
7/3/2025	12:37:47 PM	114.61835	115.39771	119.53865	108.02449	32.85175	112.28000	112.08490	111.04409	112.74754	111.55734	113.36802	113.29563	108.46968	114.57360
7/3/2025	12:37:51 PM	114.44093	115.21534	119.34119	107.89301	136.91449	112.12822	111.92987	110.88739	112.58752	111.38556	113.19073	113.12135	108.33239	114.39192
7/3/2025	12:37:54 PM	114.26564	115.02542	119.13299	107.75090	88.72833	111.96198	111.76033	110.71493	112.41323	111.19247	112.98564	112.92481	108.17515	114.19572
7/3/2025	12:37:58 PM	114.07711	114.82462	118.91713	107.59859	33.14267	111.79184	111.58570	110.54207	112.23127	111.00089	112.78595	112.73410	108.01961	114.00194
7/3/2025	12:38:02 PM	113.88956	114.62701	118.70758	107.45183	55.94922	111.62388	111.41232	110.37413	112.05713	110.81462	112.59275	112.55139	107.87115	113.81509
7/3/2025	12:38:05 PM	113.71466	114.43809	118.50330	107.31352	47.04592	111.46391	111.24774	110.21128	111.88263	110.63015	112.39596	112.35956	107.71276	113.61512
7/3/2025	12:38:09 PM	113.51931	114.22745	118.26545	107.14285	81.90659	111.26172	111.04427	110.00130	111.66754	110.39746	112.14043	112.10449	107.49326	113.34360
7/3/2025	12:38:13 PM	113.22970	113.91013	117.91905	106.88148	41.75180	110.96589	110.75388	109.69923	111.35758	110.07926	111.78812	111.75373	107.16417	112.98452
7/3/2025	12:38:16 PM	112.85069	113.49554	117.47313	106.53433	34.14182	110.58471	110.37665	109.30092	110.97019	109.69873	111.38320	111.34839	106.77212	112.57726
7/3/2025	12:38:20 PM	112.44473	113.07145	117.01602	106.16937	142.96795	110.20741	110.00670	108.91098	110.58772	109.32838	110.99680	110.97587	106.40593	112.19165
7/3/2025	12:38:23 PM	112.06462	112.67851	116.59742	105.83102	37.50479	109.85870	109.66328	108.54747	110.22783	108.97407	110.62809	110.61451	106.04743	111.81166
7/3/2025	12:38:27 PM	111.69678	112.29864	116.19011	105.49832	158.43978	109.52399	109.33685	108.20708	109.88886	108.64356	110.28426	110.28743	105.72689	111.47123
7/3/2025	12:38:31 PM	111.37235	111.96166	115.83428	105.20733	37.95564	109.23573	109.05398	107.92260	109.59986	108.35909	109.99286	110.00468	105.45323	111.17868
7/3/2025	12:38:34 PM	111.08878	111.66768	115.52366	104.95899	54.39065	108.98610	108.80660	107.67302	109.34437	108.10267	109.73025	109.74776	105.20947	110.91513
7/3/2025	12:38:38 PM	110.82669	111.39694	115.23376	104.73113	83.27183	108.74785	108.56587	107.43654	109.09677	107.85533	109.47645	109.49540	104.97536	110.65822
7/3/2025	12:38:41 PM	110.58215	111.14646	114.96755	104.52253	118.69140	108.53528	108.35037	107.23181	108.87684	107.63715	109.25033	109.27258	104.76965	110.42584
7/3/2025	12:38:45 PM	110.34967	110.91205	114.71643	104.32982	106.94493	108.32566	108.13742	107.02616	108.65795	107.41799	109.02254	109.04498	104.56650	110.19873
7/3/2025	12:38:49 PM	110.12079	110.68160	114.46804	104.14307	121.81113	108.12703	107.93459	106.82853	108.45086	107.20949	108.80456	108.83021	104.37895	109.98150
7/3/2025	12:38:52 PM	109.90082	110.46034	114.23310	103.96642	60.68827	107.93771	107.74312	106.64797	108.25649	107.01832	108.60330	108.63583	104.21368	109.78850
7/3/2025	12:38:56 PM	109.70791	110.26524	114.02482	103.81752	77.30987	107.76877	107.56910	106.48362	108.07425	106.83609	108.40898	108.44432	104.05094	109.59039
7/3/2025	12:39:00 PM	109.50827	110.06109	113.80315	103.65925	41.12755	107.59032	107.38635	106.31012	107.88710	106.65106	108.21509	108.25629	103.88884	109.39802
7/3/2025	12:39:03 PM	109.31696	109.87137	113.59790	103.51374	90.79811	107.42710	107.21622	106.14767	107.71474	106.48083	108.03919	108.08357	103.74168	109.21952
7/3/2025	12:39:07 PM	109.13651	109.69208	113.39920	103.37518	73.52718	107.26776	107.05043	105.98451	107.54040	106.30878	107.85782	107.90602	103.58877	109.03598
7/3/2025	12:39:10 PM	108.95398	109.51163	113.20368	103.23341	51.13581	107.11018	106.88806	105.83100	107.37299	106.14913	107.68955	107.73942	103.44827	108.87063
7/3/2025	12:39:14 PM	108.78762	109.35005	113.02924	103.10660	46.04968	106.97614	106.74835	105.70139	107.23106	106.00984	107.54448	107.59897	103.33276	108.72513
7/3/2025	12:39:17 PM	108.63704	109.20078	112.86382	102.99198	62.30829	106.84121	106.60555	105.56635	107.08417	105.86534	107.38970	107.44763	103.20690	108.57196
7/3/2025	12:39:21 PM	108.47825	109.04500	112.69209	102.87398	99.10671	106.70597	106.46685	105.43766	106.93890	105.72363	107.23188	107.28962	103.07703	108.40501
7/3/2025	12:39:25 PM	108.28847	108.85146	112.46668	102.71562	82.68189	106.52045	106.28092	105.25191	106.73978	105.52620	107.00221	107.05520	102.88092	108.16626
7/3/2025	12:39:28 PM	108.02915	108.57855	112.16172	102.48436	36.65578	106.26597	106.03047	104.99653	106.47768	105.27729	106.71958	106.77590	102.62364	107.87576
7/3/2025	12:39:32 PM	107.72328	108.25734	111.80503	102.20241	100.28060	105.97038	105.73496	104.69342	106.17203	104.99015	106.40236	106.47026	102.33265	107.55717
7/3/2025	12:39:36 PM	107.40187	107.91751	111.43545	101.89537	34.49435	105.66065	105.43042	104.37604	105.85480	104.69000	106.07485	106.15433	102.02692	107.22556
7/3/2025	12:39:39 PM	107.07379	107.57200	111.05958	101.57817	125.22414	105.34434	105.12035	104.05638	105.53249	104.38221	105.74297	105.83274	101.71435	106.88773
7/3/2025	12:39:43 PM	106.74523	107.23249	110.69582	101.27104	52.48397	105.04002	104.82576	103.75577	105.22724	104.08918	105.43487	105.52935	101.42241	106.57483
7/3/2025	12:39:46 PM	106.43891	106.91531	110.35446	100.98148	135.80078	104.75440	104.54679	103.47218	104.94016	103.80922	105.13867	105.24009	101.14295	106.27419
7/3/2025	12:39:50 PM	106.14254	106.62138	110.03869	100.71543	114.79954	104.49081	104.28905	103.21493	104.68017	103.55507	104.87739	104.98138	100.89687	106.00886
7/3/2025	12:39:54 PM	105.87458	106.35160	109.74488	100.47204	43.07146	104.24914	104.05206	102.98305	104.43765	103.31570	104.62648	104.73526	100.66186	105.75213
7/3/2025	12:39:57 PM	105.62242	106.09536	109.46389	100.24536	120.25946	104.01795	103.82797	102.76048	104.20553	103.08832	104.39258	104.50521	100.44756	105.51326
7/3/2025	12:40:01 PM	105.38406	105.85407	109.20499	100.03747	73.57408	103.80533	103.62063	102.55899	103.99152	102.87750	104.17408	104.29005	100.24885	105.29141
7/3/2025	12:40:05 PM	105.16161	105.63169	108.95999	99.84597	126.99434	103.60517	103.42445	102.36389	103.78795	102.67687	103.96730	104.08080	100.06520	105.08302
7/3/2025	12:40:08 PM	104.95473	105.42859	108.73583	99.67358	95.79739	103.42335	103.24111	102.18633	103.59589	102.48842	103.75094	103.83470	99.85993	104.87218
7/3/2025	12:40:12 PM	104.55467	104.95093	108.22406	99.27852	94.43171	103.35408	103.34796	102.48143	103.76919	102.53729	103.29458	103.48285	99.66903	104.76561
7/3/2025	12:40:15 PM	104.21962	104.64880	108.00740	99.20301	120.64787	103.31531	103.25961	102.33088	103.59338	102.34759	103.00747	103.38960	99.62559	104.63245
7/3/2025	12:40:19 PM	104.10166	104.55563	107.87402	99.12047	66.84513	103.10401	102.99901	102.03984	103.31986	102.07097	102.74759	103.14454	99.41261	104.37248
7/3/2025	12:40:22 PM	103.84942	104.32427	107.61835	98.92920	74.97650	102.84101	102.71473	101.75024	103.02165	101.74379	102.42942	102.70698	99.12924	104.06528
7/3/2025	12:40:26 PM	103.30153	103.76342	107.08050	98.57230	80.56503	102.73345	102.72766	101.88210	103.02238	101.64566	102.20576	102.17380	98.81578	103.82385
7/3/2025	12:40:30 PM	102.65307	103.06577	106.34688	98.15308	44.86521	102.67746	102.80381	101.98445	102.79535	101.57978	102.05699	101.75807	98.52880	103.55666
7/3/2025	12:40:33 PM	102.15784	102.52438	105.88115	97.83566	85.05412	102.52876	102.68325	101.88211	102.40235	101.33467	101.74424	101.26279	98.18612	103.19536
7/3/2025	12:40:37 PM	101.61084	101.94196	105.36920	97.42832	111.38131	102.25788	102.45293	101.65146	102.01097	101.00606	101.36322	100.76298	97.81498	102.80959
7/3/2025	12:40:40 PM	101.09479	101.41458	104.89575	97.04440	116.65039	101.96764	102.20057	101.40387	101.71115	100.69278	101.00012	100.32315	97.46571	102.44264
7/3/2025	12:40:44 PM	100.63967	100.96217	104.46804	96.69260	34.40522	101.68691	101.94382	101.15616	101.46736	100.39654	100.65896	99.93588	97.13673	102.09986
7/3/2025	12:40:48 PM	100.21935	100.55474	104.06710	96.35849	78.03993	101.39481	101.67587	100.89690	101.23830	100.10426	100.32777	99.57153	96.81900	101.77503
7/3/2025	12:40:51 PM	99.83855	100.18755	103.69831	96.05633	36.89747	101.13070	101.42833	100.66404	101.04997	99.84546	100.03652	99.25820	96.54037	101.48763
7/3/2025	12:40:55 PM	99.49124	99.85651	103.35801	95.78085	84.39264	100.87499	101.19033	100.43711	100.86517	99.59780	99.75894	98.95900	96.27826	101.21351
7/3/2025	12:40:58 PM	99.17897	99.55421	103.04276	95.52974	48.12726	100.63279	100.96363	100.22207	100.68496	99.36177	99.49515	98.67780	96.03282	100.95369
7/3/2025	12:41:02 PM	98.87643	99.25753	102.73502	95.28971	129.54095	100.39693	100.73668	100.00142	100.49444	99.12530	99.23418	98.40341	95.79544	100.70161
7/3/2025	12:41:06 PM	98.59495	98.97817	102.44423	95.06739	111.19511	100.17797	100.52463	99.79904	100.31437	98.90303	98.99098	98.15251	95.57493	100.46509
7/3/2025	12:41:09 PM	98.32579	98.71048	102.15967	94.85149	41.23485	99.95720	100.30981	99.59372	100.12685	98.68401	98.75143	97.90576	95.35722	100.22916
7/3/2025	12:41:13 PM	98.06742	98.45282	101.88834	94.64498	114.90707	99.74687	100.10388	99.39789	99.94489	98.47701	98.52899	97.67765	95.15746	100.01015
7/3/2025	12:41:16 PM	97.82889	98.21082	101.63043	94.45569	108.92526	99.54807	99.90947	99.21406	99.76596	98.28016	98.31710	97.45746	94.96599	99.79503
7/3/2025	12:41:20 PM	97.60364	97.97862	101.38000	94.27247	65.00089	99.34921	99.71552	99.02815	99.58072	98.08375	98.10361	97.23959	94.77870	99.58030
7/3/2025	12:41:23 PM	97.37624	97.75089	101.13273	94.09389	41.42124	99.15353	99.52170	98.84264	99.39631	97.88788	97.89599	97.02905	94.59556	99.36970
7/3/2025	12:41:27 PM	97.15314	97.52547	100.88607	93.91898	124.92045	98.96009	99.33045	98.66204	99.21262	97.69857	97.69785	96.82666	94.42091	99.16510
7/3/2025	12:41:30 PM	96.94077	97.31025	100.64923	93.75172	57.80332	98.76919	99.14314	98.48477	99.03135	97.51592	97.50695	96.62874	94.25317	98.96768
7/3/2025	12:41:34 PM	96.73849	97.10409	100.42266	93.59304	57.73969	98.58845	98.96417	98.31270	98.85572	97.33961	97.32263	96.44080	94.09172	98.77442
7/3/2025	12:41:38 PM	96.54041	96.89925	100.19875	93.43701	157.17754	98.40247	98.78109	98.14047	98.67404	97.16004	97.13677	96.24941	93.92893	98.57983
7/3/2025	12:41:41 PM	96.34702	96.70047	99.98356	93.28642	85.08958	98.22297	98.60302	97.97134	98.49939	96.98810	96.95552	96.06508	93.77216	98.39259
7/3/2025	12:41:45 PM	96.15870	96.50448	99.76749	93.13609	127.44547	98.04299	98.42445	97.80228	98.32236	96.81405	96.77456	95.88141	93.61548	98.20454
7/3/2025	12:41:48 PM	95.97214	96.31172	99.55423	92.98880	94.23307	97.86576	98.24870	97.63424	98.14609	96.64249	96.59546	95.69933	93.46198	98.01665
7/3/2025	12:41:52 PM	95.78924	96.12545	99.34173	92.84402	49.21595	97.68926	98.07438	97.46793	97.97322	96.47340	96.42163	95.52509	93.31150	97.83371
7/3/2025	12:41:56 PM	95.60581	95.93968	99.13472	92.70055	99.28009	97.51622	97.90243	97.30299	97.80124	96.30826	96.25287	95.35728	93.16422	97.65377
7/3/2025	12:41:59 PM	95.43148	95.75896	98.93367	92.56236	33.23521	97.34519	97.73242	97.14111	97.63214	96.14569	96.08439	95.19171	93.01916	97.47773
7/3/2025	12:42:03 PM	95.25903	95.57916	98.73488	92.42604	43.47241	97.17810	97.56562	96.98145	97.46553	95.98456	95.91736	95.02328	92.87547	97.30055
7/3/2025	12:42:06 PM	95.08788	95.40255	98.53434	92.28812	63.43894	97.00820	97.39748	96.82047	97.29564	95.82157	95.75119	94.85970	92.73290	97.12536
7/3/2025	12:42:10 PM	94.92323	95.23249	98.34315	92.15668	64.89356	96.84650	97.23550	96.66670	97.13456	95.66715	95.59170	94.69976	92.59593	96.95804
7/3/2025	12:42:14 PM	94.76169	95.06545	98.15410	92.02760	118.92097	96.68565	97.07340	96.51268	96.97357	95.51269	95.43464	94.54187	92.46048	96.79094
7/3/2025	12:42:17 PM	94.60014	94.89856	97.96732	91.90003	93.08722	96.52718	96.91598	96.36092	96.81581	95.36112	95.27701	94.38561	92.32739	96.62474
7/3/2025	12:42:21 PM	94.43992	94.73782	97.78474	91.77289	40.81961	96.36915	96.75676	96.21038	96.65619	95.21047	95.12010	94.23175	92.19441	96.45826
7/3/2025	12:42:25 PM	94.28520	94.56009	97.60105	91.64924	102.54456	96.21600	96.60423	96.06169	96.50403	95.06199	94.96859	94.08334	92.06601	96.29806
7/3/2025	12:42:28 PM	94.13568	94.39973	97.42410	91.52942	91.22618	96.06534	96.45241	95.91802	96.35309	94.91737	94.82155	93.93749	91.93996	96.14003
7/3/2025	12:42:32 PM	93.98633	94.24336	97.24620	91.40778	49.69368	95.91324	96.29886	95.77160	96.20071	94.77316	94.67643	93.79298	91.81503	95.98309
7/3/2025	12:42:35 PM	93.83916	94.09133	97.07090	91.28876	98.13349	95.76287	96.14858	95.62637	96.04872	94.62900	94.53115	93.64806	91.68980	95.82700
7/3/2025	12:42:39 PM	93.69259	93.93893	96.89761	91.16971	35.44600	95.61169	95.99651	95.48045	95.89723	94.48415	94.38492	93.50246	91.56359	95.66902
7/3/2025	12:42:43 PM	93.54471	93.79155	96.72784	91.05253	54.97730	95.46468	95.84810	95.33804	95.75058	94.34570	94.24165	93.36304	91.44306	95.52021
7/3/2025	12:42:46 PM	93.40328	93.64561	96.55853	90.93649	48.46756	95.31829	95.69878	95.19527	95.60186	94.20349	94.09741	93.22130	91.32030	95.36728
7/3/2025	12:42:50 PM	93.25904	93.49361	96.38948	90.82112	126.76727	95.17329	95.55316	95.05470	95.45810	94.06664	93.95870	93.08430	91.20206	95.21884
7/3/2025	12:42:53 PM	93.12239	93.35041	96.22455	90.70946	123.58104	95.03179	95.40983	94.91702	95.31560	93.93178	93.82150	92.94959	91.08498	95.07230
7/3/2025	12:42:57 PM	92.99126	93.21701	96.06936	90.60154	50.82835	94.89545	95.27235	94.78441	95.17765	93.79921	93.68673	92.81895	90.97095	94.92864
7/3/2025	12:43:00 PM	92.85199	93.07628	95.90550	90.49048	37.13996	94.75374	95.12797	94.64495	95.03380	93.66260	93.54889	92.68619	90.85446	94.78125
7/3/2025	12:43:04 PM	92.71710	92.93743	95.74591	90.37978	46.24789	94.61418	94.98768	94.50913	94.89337	93.53020	93.41227	92.55457	90.73941	94.63727
7/3/2025	12:43:08 PM	92.58481	92.80019	95.58687	90.27040	105.07274	94.47615	94.84601	94.37223	94.75325	93.39644	93.27603	92.42310	90.62539	94.49249
7/3/2025	12:43:11 PM	92.45643	92.66775	95.43257	90.16464	60.98087	94.33960	94.70822	94.24029	94.61657	93.26652	93.14545	92.29493	90.51556	94.35332
7/3/2025	12:43:15 PM	92.32973	92.53865	95.28183	90.06044	118.63028	94.20815	94.57271	94.10967	94.48255	93.13945	93.01836	92.17009	90.40728	94.21522
7/3/2025	12:43:18 PM	92.20317	92.40724	95.13183	89.95731	88.72989	94.07462	94.43844	93.97847	94.34786	93.01296	92.88886	92.04748	90.29914	94.07900
7/3/2025	12:43:22 PM	92.07714	92.27530	94.98083	89.85507	33.41042	93.94388	94.30453	93.84926	94.21582	92.89007	92.76305	91.92398	90.19223	93.94498
7/3/2025	12:43:26 PM	91.95220	92.15334	94.83646	89.75609	74.80186	93.81537	94.17387	93.72246	94.08563	92.76558	92.63907	91.80562	90.08733	93.81201
7/3/2025	12:43:29 PM	91.83109	92.02418	94.68931	89.65430	68.92247	93.68714	94.04175	93.59526	93.95714	92.64585	92.51613	91.68809	89.98508	93.68295
7/3/2025	12:43:33 PM	91.71285	91.90408	94.54791	89.55818	34.27221	93.56180	93.91474	93.47243	93.83232	92.52753	92.39743	91.57281	89.88453	93.55501
7/3/2025	12:43:36 PM	91.60113	91.78852	94.41302	89.46513	120.25758	93.44143	93.79196	93.35243	93.70835	92.41102	92.27866	91.45959	89.78410	93.42769
7/3/2025	12:43:40 PM	91.48347	91.66761	94.27141	89.36927	41.87349	93.31686	93.66342	93.22752	93.58317	92.29220	92.15871	91.34482	89.68311	93.29951
7/3/2025	12:43:43 PM	91.36507	91.54616	94.13262	89.27363	53.65590	93.19393	93.53839	93.10584	93.45927	92.17636	92.04072	91.23444	89.58509	93.17659
7/3/2025	12:43:47 PM	91.25204	91.43378	93.99838	89.18143	98.82031	93.07466	93.41596	92.98625	93.33856	92.06115	91.92357	91.12221	89.48657	93.05025
7/3/2025	12:43:51 PM	91.13798	91.31514	93.86149	89.08769	105.31613	92.95422	93.29369	92.86858	93.21858	91.94906	91.81261	91.01353	89.39163	92.93063
7/3/2025	12:43:54 PM	91.02960	91.20504	93.73204	88.99818	67.84628	92.83924	93.17549	92.75299	93.10111	91.83772	91.70028	90.90713	89.29685	92.81039
7/3/2025	12:43:58 PM	90.91791	91.09196	93.59816	88.90561	58.94373	92.71971	93.05243	92.63350	92.98083	91.72417	91.58517	90.79873	89.20094	92.68776
7/3/2025	12:44:01 PM	90.81135	90.97968	93.46851	88.81643	76.78449	92.60387	92.93346	92.51735	92.86424	91.61476	91.47657	90.69224	89.10885	92.56988
7/3/2025	12:44:05 PM	90.70264	90.87022	93.34102	88.72814	94.77033	92.48880	92.81598	92.40335	92.74878	91.50656	91.36477	90.58676	89.01597	92.45150
7/3/2025	12:44:09 PM	90.59741	90.76197	93.21438	88.64151	48.17469	92.37579	92.69992	92.29090	92.63401	91.39920	91.25532	90.48417	88.92466	92.33520
7/3/2025	12:44:12 PM	90.49240	90.65443	93.08934	88.55469	112.62033	92.26464	92.58505	92.17881	92.52250	91.29422	91.14909	90.38100	88.83515	92.22110
7/3/2025	12:44:16 PM	90.38969	90.54791	92.96639	88.47066	108.08492	92.15415	92.47114	92.06875	92.41074	91.18947	91.04430	90.27736	88.74682	92.10808
7/3/2025	12:44:19 PM	90.28829	90.44606	92.84303	88.38711	65.30188	92.04485	92.35860	91.95844	92.30046	91.08528	90.94013	90.17888	88.65963	91.99633
7/3/2025	12:44:23 PM	90.18695	90.34300	92.72327	88.30453	105.29182	91.93533	92.24764	91.85058	92.19143	90.98379	90.83761	90.08126	88.57399	91.88515
7/3/2025	12:44:27 PM	90.08707	90.24220	92.60506	88.22208	36.08700	91.82868	92.13677	91.74178	92.08209	90.88045	90.73323	89.98531	88.48628	91.77488
7/3/2025	12:44:30 PM	89.98799	90.13899	92.48620	88.14033	54.04422	91.72183	92.02677	91.63526	91.97484	90.77874	90.63149	89.88760	88.40039	91.66304
7/3/2025	12:44:34 PM	89.89119	90.03900	92.36851	88.05907	107.85260	91.61386	91.91659	91.52773	91.86810	90.68007	90.53122	89.79186	88.31641	91.55553
7/3/2025	12:44:37 PM	89.79248	89.93764	92.25094	87.97763	38.36779	91.50812	91.80717	91.41992	91.75945	90.57871	90.42847	89.69800	88.22961	91.44625
7/3/2025	12:44:41 PM	89.69397	89.83573	92.13185	87.89560	75.44046	91.40232	91.69845	91.31564	91.65450	90.48057	90.33178	89.60437	88.14902	91.34148
7/3/2025	12:44:45 PM	89.60075	89.74322	92.02204	87.82026	111.24977	91.30259	91.59518	91.21432	91.55414	90.38632	90.23492	89.51324	88.06914	91.23910
7/3/2025	12:44:48 PM	89.50911	89.64878	91.91056	87.74253	32.75437	91.20192	91.49158	91.11085	91.45043	90.29038	90.13805	89.41739	87.98703	91.13467
7/3/2025	12:44:52 PM	89.41404	89.55242	91.79875	87.66439	44.23255	91.09864	91.38522	91.00838	91.34769	90.19317	90.03996	89.32595	87.90618	91.03033
7/3/2025	12:44:56 PM	89.32490	89.46243	91.69035	87.58958	40.99530	91.00211	91.28578	90.91037	91.24909	90.10124	89.94641	89.23830	87.82778	90.92983
7/3/2025	12:44:59 PM	89.23619	89.37032	91.58329	87.51581	120.81132	90.90481	91.18401	90.81170	91.15141	90.00966	89.85410	89.15065	87.75093	90.83130
7/3/2025	12:45:03 PM	89.14825	89.28113	91.48003	87.44418	95.29384	90.81011	91.08728	90.71627	91.05595	89.91932	89.76435	89.06536	87.67570	90.73355
7/3/2025	12:45:06 PM	89.05988	89.19092	91.37574	87.37067	71.72760	90.71345	90.98788	90.61936	90.95931	89.83037	89.67280	88.97901	87.60057	90.63805
7/3/2025	12:45:10 PM	88.97342	89.10209	91.27248	87.29940	46.06802	90.61960	90.89103	90.52437	90.86418	89.74099	89.58314	88.89549	87.52698	90.54262
7/3/2025	12:45:14 PM	88.89035	89.01843	91.17196	87.23117	40.96705	90.52859	90.79718	90.43214	90.77314	89.65604	89.49731	88.81417	87.45544	90.44852
7/3/2025	12:45:17 PM	88.80708	88.93093	91.06976	87.16076	119.81287	90.43534	90.69989	90.33648	90.67653	89.56740	89.40741	88.72987	87.38023	90.35295
7/3/2025	12:45:21 PM	88.71977	88.84286	90.96812	87.08940	66.22002	90.34247	90.60466	90.24376	90.58479	89.48116	89.31999	88.64865	87.30807	90.25980
7/3/2025	12:45:24 PM	88.63483	88.75666	90.87031	87.02184	55.58416	90.25253	90.51211	90.15201	90.49458	89.39742	89.23576	88.57084	87.23811	90.16802
7/3/2025	12:45:28 PM	88.55461	88.67426	90.77391	86.95551	37.73103	90.16448	90.41978	90.06316	90.40500	89.31421	89.15313	88.49190	87.16787	90.07750
7/3/2025	12:45:32 PM	88.47461	88.58741	90.67611	86.88863	86.57421	90.07566	90.32898	89.97267	90.31624	89.23200	89.06998	88.41287	87.09866	89.98807
7/3/2025	12:45:35 PM	88.39833	88.50537	90.58078	86.82218	39.44789	89.98996	90.23904	89.88512	90.22761	89.14941	88.98803	88.33574	87.03031	89.89865
7/3/2025	12:45:39 PM	88.32111	88.42420	90.48644	86.75651	49.09400	89.90269	90.14901	89.79634	90.14061	89.06849	88.90614	88.25770	86.96248	89.81094
7/3/2025	12:45:43 PM	88.24294	88.34701	90.39460	86.69391	56.96038	89.82019	90.06350	89.71250	90.05654	88.99051	88.82815	88.18222	86.89730	89.72684
7/3/2025	12:45:46 PM	88.16637	88.27020	90.30381	86.63031	59.92786	89.73579	89.97630	89.62526	89.97140	88.91144	88.74709	88.10674	86.83128	89.64221
7/3/2025	12:45:50 PM	88.09171	88.19561	90.21356	86.56706	132.10342	89.65221	89.89032	89.54053	89.88842	88.83433	88.66975	88.03348	86.76677	89.55862
7/3/2025	12:45:53 PM	88.01867	88.12089	90.12487	86.50620	62.09069	89.57141	89.80605	89.45827	89.80676	88.75883	88.59323	87.96210	86.70242	89.47628
7/3/2025	12:45:57 PM	87.94506	88.04709	90.03710	86.44595	119.52995	89.49143	89.72285	89.37674	89.72581	88.68364	88.51748	87.89135	86.63932	89.39476
7/3/2025	12:46:01 PM	87.87360	87.97328	89.95105	86.38603	68.84583	89.41077	89.64073	89.29641	89.64513	88.60875	88.44448	87.82188	86.57738	89.31518
7/3/2025	12:46:04 PM	87.80178	87.89986	89.86659	86.32710	49.38284	89.33313	89.56013	89.21664	89.56565	88.53544	88.36930	87.75202	86.51579	89.23560
7/3/2025	12:46:08 PM	87.73027	87.82882	89.78168	86.26826	134.19947	89.25491	89.47967	89.13706	89.48765	88.46227	88.29624	87.68166	86.45458	89.15634
7/3/2025	12:46:12 PM	87.66077	87.75831	89.69972	86.21122	31.14059	89.18073	89.40179	89.06088	89.41039	88.39218	88.22415	87.61554	86.39650	89.08035
7/3/2025	12:46:15 PM	87.59419	87.68847	89.61876	86.15558	38.64520	89.10534	89.32447	88.98440	89.33491	88.32104	88.15151	87.55103	86.33747	89.00323
7/3/2025	12:46:19 PM	87.52672	87.61782	89.53563	86.09788	43.34002	89.02990	89.24639	88.90745	89.25884	88.25041	88.08017	87.48308	86.27812	88.92694
7/3/2025	12:46:22 PM	87.46152	87.54863	89.45476	86.04181	32.68267	88.95587	89.16904	88.83206	89.18398	88.18119	88.01057	87.41757	86.22074	88.85333
7/3/2025	12:46:26 PM	87.39741	87.48154	89.37480	85.98577	67.10220	88.88081	89.09149	88.75499	89.10873	88.11106	87.93912	87.34955	86.16280	88.77718
7/3/2025	12:46:30 PM	87.32849	87.41326	89.29518	85.93079	137.60318	88.80735	89.01748	88.68074	89.03540	88.04324	87.86968	87.28510	86.10537	88.70318
7/3/2025	12:46:33 PM	87.26425	87.34788	89.21694	85.87634	89.17304	88.73626	88.94239	88.60736	88.96264	87.97640	87.80146	87.22173	86.04925	88.63125
7/3/2025	12:46:37 PM	87.19912	87.28289	89.13928	85.82215	85.10430	88.66482	88.86891	88.53462	88.89034	87.90951	87.73376	87.15762	85.99333	88.56015
7/3/2025	12:46:41 PM	87.13474	87.21747	89.06274	85.76906	57.56626	88.59474	88.79594	88.46232	88.81922	87.84290	87.66825	87.09580	85.93868	88.48904
7/3/2025	12:46:44 PM	87.07555	87.15469	88.98917	85.71786	36.11600	88.52688	88.72607	88.39386	88.75142	87.77903	87.60441	87.03584	85.88556	88.41988
7/3/2025	12:46:48 PM	87.01522	87.09337	88.91529	85.66753	65.14625	88.45981	88.65647	88.32495	88.68290	87.71659	87.54073	86.97759	85.83358	88.35244
7/3/2025	12:46:51 PM	86.95889	87.03430	88.84502	85.61784	114.56136	88.39331	88.58777	88.25737	88.61643	87.65492	87.47833	86.91982	85.78308	88.28602
7/3/2025	12:46:55 PM	86.89812	86.97404	88.77475	85.56943	70.02586	88.32843	88.52001	88.19088	88.55111	87.59439	87.41744	86.86056	85.73310	88.22165
7/3/2025	12:46:59 PM	86.83968	86.91417	88.70462	85.52162	33.75216	88.26394	88.45340	88.12394	88.48499	87.53395	87.35567	86.80169	85.68270	88.15715
7/3/2025	12:47:02 PM	86.78107	86.85582	88.63533	85.47315	51.87336	88.19845	88.38610	88.05822	88.41978	87.47332	87.29538	86.74554	85.63255	88.09197
7/3/2025	12:47:06 PM	86.72237	86.79614	88.56495	85.42394	55.33792	88.13310	88.31910	87.99145	88.35465	87.41243	87.23506	86.68975	85.58150	88.02643
7/3/2025	12:47:10 PM	86.66432	86.73742	88.49509	85.37550	31.25395	88.06942	88.25268	87.92573	88.29009	87.35311	87.17433	86.63443	85.53174	87.96157
7/3/2025	12:47:13 PM	86.60918	86.68219	88.42712	85.32816	127.41327	88.00579	88.18658	87.86033	88.22654	87.29430	87.11517	86.57949	85.48295	87.89878
7/3/2025	12:47:17 PM	86.55391	86.62498	88.36049	85.28175	128.28083	87.94356	88.12275	87.79733	88.16322	87.23614	87.05634	86.52542	85.43455	87.83533
7/3/2025	12:47:21 PM	86.50154	86.57083	88.29419	85.23589	100.48185	87.88344	88.06014	87.73396	88.10148	87.18003	86.99825	86.47135	85.38686	87.77497
7/3/2025	12:47:24 PM	86.44677	86.51708	88.22984	85.19100	80.68518	87.82361	87.99880	87.67322	88.04232	87.12471	86.94312	86.41875	85.34141	87.71610
7/3/2025	12:47:28 PM	86.39318	86.46232	88.16521	85.14672	88.94320	87.76418	87.93688	87.61225	87.98180	87.06829	86.88629	86.36645	85.29454	87.65630
7/3/2025	12:47:31 PM	86.33904	86.40918	88.10120	85.10143	32.55024	87.70458	87.87555	87.55077	87.92135	87.01245	86.82905	86.31242	85.24803	87.59622
7/3/2025	12:47:35 PM	86.28688	86.35669	88.03871	85.05855	41.18342	87.64717	87.81625	87.49222	87.86344	86.95914	86.77637	86.26270	85.20391	87.53924
7/3/2025	12:47:39 PM	86.23611	86.30461	87.97743	85.01604	69.21501	87.59007	87.75783	87.43407	87.80622	86.90655	86.72241	86.21346	85.16029	87.48231
7/3/2025	12:47:42 PM	86.18525	86.25564	87.91695	84.97391	81.35512	87.53364	87.69926	87.37628	87.74989	86.85353	86.66882	86.16485	85.11634	87.42582
7/3/2025	12:47:46 PM	86.13685	86.20435	87.85735	84.93240	90.98615	87.47787	87.64169	87.31969	87.69378	86.80162	86.61734	86.11749	85.07389	87.37081
7/3/2025	12:47:50 PM	86.08857	86.15620	87.79897	84.89197	34.97726	87.42478	87.58709	87.26497	87.64019	86.75235	86.56681	86.07049	85.03336	87.31711
7/3/2025	12:47:53 PM	86.04366	86.11043	87.74340	84.85409	48.41954	87.37302	87.53284	87.21188	87.58768	86.70420	86.51789	86.02415	84.99301	87.26485
7/3/2025	12:47:57 PM	85.99667	86.06221	87.68653	84.81500	100.06139	87.32000	87.47828	87.15793	87.53466	86.65492	86.46802	85.97690	84.95251	87.21198
7/3/2025	12:48:01 PM	85.95134	86.01612	87.63028	84.77628	58.58121	87.26784	87.42438	87.10409	87.48241	86.60653	86.41881	85.93154	84.91277	87.16057
7/3/2025	12:48:04 PM	85.90438	85.96889	87.57415	84.73819	39.20060	87.21571	87.37079	87.05047	87.42922	86.55726	86.36969	85.88537	84.87196	87.10757
7/3/2025	12:48:08 PM	85.85829	85.92321	87.51854	84.69940	97.52547	87.16519	87.31865	86.99876	87.37816	86.51025	86.32250	85.84114	84.83340	87.05794
7/3/2025	12:48:11 PM	85.81510	85.88002	87.46594	84.66311	37.72655	87.11560	87.26765	86.94747	87.32747	86.46317	86.27537	85.79795	84.79446	87.00773
7/3/2025	12:48:15 PM	85.77238	85.83626	87.41345	84.62693	32.29069	87.06695	87.21695	86.89841	87.27916	86.41865	86.22956	85.75591	84.75748	86.95892
7/3/2025	12:48:18 PM	85.72970	85.79187	87.36038	84.58975	53.31993	87.01679	87.16551	86.84680	87.22855	86.37078	86.18184	85.71172	84.71782	86.90734
7/3/2025	12:48:22 PM	85.68493	85.74665	87.30712	84.55301	46.81540	86.96799	87.11480	86.79603	87.17836	86.32460	86.13547	85.66849	84.67965	86.85867
7/3/2025	12:48:26 PM	85.64122	85.70121	87.25406	84.51547	78.43529	86.91882	87.06479	86.74600	87.12886	86.27918	86.08898	85.62500	84.64266	86.80951
7/3/2025	12:48:29 PM	85.60046	85.65989	87.20293	84.47950	105.73613	86.87091	87.01451	86.69754	87.08140	86.23489	86.04321	85.58306	84.60540	86.76214
7/3/2025	12:48:33 PM	85.55937	85.61708	87.15228	84.44417	73.03939	86.82375	86.96607	86.64993	87.03424	86.19177	86.00051	85.54303	84.56976	86.71640
7/3/2025	12:48:37 PM	85.51817	85.57659	87.10306	84.41033	94.64590	86.77830	86.91893	86.60251	86.98684	86.14764	85.95676	85.50297	84.53364	86.67026
7/3/2025	12:48:40 PM	85.47759	85.53561	87.05348	84.37594	57.26608	86.73201	86.87171	86.55505	86.94084	86.10474	85.91294	85.46344	84.49816	86.62316
7/3/2025	12:48:44 PM	85.43692	85.49323	87.00423	84.34184	108.39819	86.68744	86.82524	86.50942	86.89527	86.06242	85.87147	85.42330	84.46409	86.57896
7/3/2025	12:48:48 PM	85.39818	85.45501	86.95720	84.30890	65.45097	86.64327	86.78017	86.46486	86.85151	86.02121	85.83009	85.38394	84.42977	86.53476
7/3/2025	12:48:51 PM	85.35767	85.41545	86.90987	84.27575	46.68376	86.59975	86.73502	86.42001	86.80681	85.97989	85.78801	85.34536	84.39604	86.49106
7/3/2025	12:48:55 PM	85.31993	85.37709	86.86332	84.24387	104.71950	86.55616	86.69073	86.37577	86.76327	85.93971	85.74818	85.30776	84.36303	86.44876
7/3/2025	12:48:59 PM	85.28085	85.33837	86.81753	84.21263	48.34613	86.51464	86.64788	86.33344	86.72101	85.90100	85.70836	85.26990	84.33015	86.40681
7/3/2025	12:49:02 PM	85.24425	85.30289	86.77338	84.18220	33.12782	86.47408	86.60478	86.29069	86.67820	85.86032	85.66758	85.23196	84.29837	86.36399
7/3/2025	12:49:06 PM	85.20674	85.26483	86.72798	84.15123	102.98903	86.43213	86.56220	86.24773	86.63580	85.82043	85.62698	85.19428	84.26531	86.32158
7/3/2025	12:49:10 PM	85.17032	85.22771	86.68341	84.12054	36.09766	86.39125	86.51962	86.20498	86.59377	85.78351	85.58729	85.15771	84.23515	86.28175
7/3/2025	12:49:13 PM	85.12602	85.18001	86.62682	84.08967	82.75777	86.39226	86.54715	86.25471	86.61181	85.76907	85.55067	85.09722	84.21543	86.26180
7/3/2025	12:49:17 PM	85.05498	85.11003	86.56012	84.06069	140.53246	86.39096	86.53958	86.25198	86.59407	85.74032	85.49245	85.02728	84.16766	86.20764
7/3/2025	12:49:20 PM	84.97944	85.02515	86.46499	84.00233	70.26391	86.35755	86.51443	86.22764	86.55865	85.69475	85.42381	84.96482	84.11514	86.14498
7/3/2025	12:49:24 PM	84.91190	84.94504	86.37994	83.94508	72.65479	86.31867	86.47708	86.18957	86.51525	85.64500	85.36365	84.90916	84.06672	86.08622
7/3/2025	12:49:27 PM	84.84986	84.87768	86.30898	83.89551	44.31007	86.28180	86.44120	86.15247	86.47224	85.59883	85.30929	84.85248	84.02371	86.03330
7/3/2025	12:49:31 PM	84.78995	84.81427	86.24361	83.84899	100.64879	86.24440	86.40311	86.11332	86.43036	85.55522	85.25495	84.79759	83.98287	85.98219
7/3/2025	12:49:34 PM	84.73321	84.75578	86.18425	83.80680	80.97952	86.20790	86.36607	86.07689	86.39121	85.51286	85.20775	84.74811	83.94523	85.93578
7/3/2025	12:49:38 PM	84.68447	84.70053	86.12778	83.76796	71.36608	86.17247	86.32980	86.04108	86.35059	85.47174	85.16207	84.69854	83.90951	85.89091
7/3/2025	12:49:41 PM	84.63336	84.64955	86.07271	83.73216	55.83733	86.13794	86.29397	86.00724	86.31528	85.43311	85.11842	84.65399	83.87798	85.85224
7/3/2025	12:49:45 PM	84.59316	84.60868	86.02763	83.70153	78.00925	86.10549	86.25941	85.97415	86.28084	85.39443	85.07787	84.61162	83.84794	85.81154
7/3/2025	12:49:49 PM	84.55112	84.56589	85.98078	83.67028	33.67687	86.07268	86.22541	85.94167	86.24519	85.35640	85.03686	84.56816	83.81745	85.77109
7/3/2025	12:49:52 PM	84.50766	84.52485	85.93444	83.63804	86.23218	86.03843	86.19037	85.90827	86.20908	85.31921	84.99854	84.52562	83.78830	85.73213
7/3/2025	12:49:56 PM	84.46626	84.48487	85.89004	83.60798	71.80298	86.00719	86.15868	85.87643	86.17345	85.28246	84.95990	84.48413	83.76075	85.69508
7/3/2025	12:49:59 PM	84.42559	84.44673	85.84745	83.57928	31.81884	85.97665	86.12678	85.84464	86.13863	85.24555	84.92238	84.44349	83.73191	85.65876
7/3/2025	12:50:03 PM	84.38692	84.40870	85.80542	83.55231	92.06804	85.94648	86.09498	85.81419	86.10503	85.21140	84.88925	84.40748	83.70608	85.62705
7/3/2025	12:50:06 PM	84.35307	84.37633	85.77063	83.53067	76.31650	85.92112	86.06813	85.78800	86.07710	85.18418	84.86133	84.37849	83.68559	85.60010
7/3/2025	12:50:10 PM	84.32588	84.35220	85.74181	83.51433	36.15114	85.89729	86.04220	85.76427	86.05108	85.15777	84.83598	84.35050	83.66608	85.57225
7/3/2025	12:50:14 PM	84.29689	84.32410	85.70924	83.49509	32.55641	85.87098	86.01418	85.73652	86.02189	85.12914	84.80800	84.32063	83.64381	85.54200
7/3/2025	12:50:17 PM	84.26643	84.29326	85.67350	83.47504	60.74477	85.84181	85.98399	85.70664	85.99111	85.10030	84.77790	84.29149	83.62119	85.51257
7/3/2025	12:50:21 PM	84.23563	84.26401	85.63813	83.45423	130.15305	85.81275	85.95283	85.67695	85.96064	85.07113	84.74916	84.26113	83.59759	85.48167
7/3/2025	12:50:24 PM	84.20670	84.23447	85.60301	83.43292	33.64676	85.78294	85.92095	85.64506	85.92945	85.04029	84.71870	84.23339	83.57461	85.45025
7/3/2025	12:50:28 PM	84.17992	84.20559	85.56941	83.41194	39.19363	85.75315	85.88973	85.61585	85.89820	85.01103	84.68942	84.20552	83.55182	85.41824
7/3/2025	12:50:31 PM	84.15086	84.17558	85.53371	83.38948	46.77545	85.72254	85.85737	85.58290	85.86603	84.98071	84.65979	84.17634	83.52802	85.38670
7/3/2025	12:50:35 PM	84.12487	84.14680	85.50017	83.36757	87.03518	85.69188	85.82521	85.55194	85.83465	84.95169	84.63000	84.14874	83.50486	85.35546
7/3/2025	12:50:39 PM	84.09589	84.11926	85.46539	83.34465	87.72377	85.66067	85.79243	85.51903	85.80146	84.92084	84.59939	84.12054	83.48031	85.32345
7/3/2025	12:50:42 PM	84.06740	84.08939	85.42903	83.32082	41.93956	85.62969	85.75998	85.48846	85.77006	84.89163	84.57012	84.09319	83.45615	85.29225
7/3/2025	12:50:46 PM	84.04038	84.06080	85.39540	83.29778	94.18529	85.59811	85.72747	85.45649	85.73711	84.86125	84.54043	84.06484	83.43127	85.25929
7/3/2025	12:50:49 PM	84.01269	84.03067	85.36051	83.27423	47.32368	85.56697	85.69549	85.42495	85.70564	84.83168	84.51112	84.03907	83.40689	85.22856
7/3/2025	12:50:53 PM	83.98604	84.00291	85.32697	83.25127	63.66721	85.53596	85.66243	85.39294	85.67521	84.80234	84.48214	84.01103	83.38278	85.19754
7/3/2025	12:50:57 PM	83.95765	83.97481	85.29303	83.22880	81.80312	85.50667	85.63294	85.36342	85.64448	84.77458	84.45452	83.98455	83.36028	85.16873
7/3/2025	12:51:00 PM	83.93015	83.94630	85.26121	83.20784	48.48287	85.47755	85.60277	85.33380	85.61480	84.74709	84.42705	83.95949	83.33722	85.13939
7/3/2025	12:51:04 PM	83.90334	83.91930	85.22956	83.18621	61.30278	85.44835	85.57287	85.30490	85.58608	84.72073	84.39950	83.93345	83.31523	85.11035
7/3/2025	12:51:07 PM	83.87825	83.89337	85.19862	83.16526	116.43105	85.41970	85.54211	85.27398	85.55625	84.69225	84.37081	83.90660	83.29206	85.07949
7/3/2025	12:51:11 PM	83.85214	83.86701	85.16586	83.14283	89.24281	85.38848	85.50954	85.24178	85.52463	84.66272	84.34182	83.87773	83.26767	85.04727
7/3/2025	12:51:14 PM	83.82467	83.83893	85.13226	83.12001	44.01248	85.35825	85.47792	85.21059	85.49319	84.63426	84.31258	83.85078	83.24366	85.01621
7/3/2025	12:51:18 PM	83.79799	83.81264	85.09918	83.09692	98.96587	85.32822	85.44723	85.18012	85.46258	84.60547	84.28461	83.82437	83.21990	84.98586
7/3/2025	12:51:22 PM	83.77146	83.78630	85.06743	83.07481	62.61900	85.29843	85.41676	85.15139	85.43382	84.57882	84.25738	83.79891	83.19750	84.95726
7/3/2025	12:51:25 PM	83.74719	83.76006	85.03848	83.05440	104.46294	85.27037	85.38782	85.12164	85.40454	84.55301	84.23105	83.77371	83.17495	84.92924
7/3/2025	12:51:29 PM	83.72132	83.73416	85.00742	83.03277	78.17287	85.24136	85.35809	85.09213	85.37580	84.52620	84.20342	83.74903	83.15327	84.90075
7/3/2025	12:51:32 PM	83.69824	83.70886	84.97780	83.01260	43.19502	85.21362	85.32836	85.06308	85.34799	84.49998	84.17778	83.72448	83.13135	84.87258
7/3/2025	12:51:36 PM	83.67172	83.68329	84.94727	82.99174	93.22295	85.18476	85.29978	85.03458	85.31871	84.47368	84.15163	83.69980	83.10981	84.84445
7/3/2025	12:51:40 PM	83.64791	83.65872	84.91833	82.97173	79.26089	85.15770	85.27061	85.00670	85.29056	84.44767	84.12570	83.67515	83.08845	84.81746
7/3/2025	12:51:43 PM	83.62315	83.63515	84.88908	82.95100	68.63194	85.12989	85.24238	84.97960	85.26310	84.42226	84.10024	83.65192	83.06678	84.78943
7/3/2025	12:51:47 PM	83.60001	83.61055	84.85989	82.93110	107.14418	85.10285	85.21455	84.95135	85.23530	84.39660	84.07491	83.62770	83.04495	84.76155
7/3/2025	12:51:50 PM	83.57530	83.58706	84.83041	82.91073	81.72876	85.07520	85.18573	84.92310	85.20770	84.37140	84.04912	83.60425	83.02332	84.73371
7/3/2025	12:51:54 PM	83.55218	83.56263	84.80295	82.89077	100.05127	85.04839	85.15811	84.89498	85.18088	84.34564	84.02336	83.58034	83.00314	84.70664
7/3/2025	12:51:58 PM	83.52902	83.53897	84.77407	82.87059	71.48974	85.02062	85.12954	84.86646	85.15227	84.31959	83.99819	83.55560	82.98059	84.67885
7/3/2025	12:52:01 PM	83.50538	83.51557	84.74647	82.85084	118.21894	84.99368	85.10135	84.83904	85.12569	84.29479	83.97304	83.53151	82.96017	84.65230
7/3/2025	12:52:05 PM	83.48176	83.49167	84.71847	82.83136	62.62813	84.96616	85.07304	84.81185	85.09889	84.26974	83.94758	83.50898	82.93908	84.62554
7/3/2025	12:52:08 PM	83.45803	83.46790	84.69098	82.81161	37.06001	84.93987	85.04655	84.78564	85.07296	84.24627	83.92442	83.48656	82.91930	84.60019
7/3/2025	12:52:12 PM	83.43801	83.44672	84.66372	82.79273	105.84933	84.91477	85.01991	84.75849	85.04688	84.22176	83.90021	83.46349	82.89870	84.57380
7/3/2025	12:52:16 PM	83.41622	83.42525	84.63680	82.77357	78.13802	84.88865	84.99332	84.73223	85.02122	84.19921	83.87702	83.44169	82.87872	84.54932
7/3/2025	12:52:19 PM	83.39558	83.40174	84.61121	82.75575	60.64252	84.86413	84.96784	84.70759	84.99625	84.17529	83.85422	83.42013	82.86037	84.52538
7/3/2025	12:52:23 PM	83.37413	83.37971	84.58436	82.73756	57.32693	84.83827	84.94119	84.68224	84.97165	84.15310	83.83209	83.39887	82.84173	84.50128
7/3/2025	12:52:26 PM	83.35330	83.35845	84.55978	82.71985	115.08783	84.81353	84.91632	84.65600	84.94628	84.12949	83.80911	83.37870	82.82173	84.47606
7/3/2025	12:52:30 PM	83.32969	83.33529	84.53179	82.70058	62.25092	84.78734	84.88836	84.62837	84.92015	84.10615	83.78621	83.35708	82.80179	84.45110
7/3/2025	12:52:34 PM	83.30762	83.31275	84.50603	82.68196	69.30250	84.76202	84.86284	84.60476	84.89538	84.08368	83.76366	83.33650	82.78302	84.42688
7/3/2025	12:52:37 PM	83.28686	83.29160	84.48111	82.66420	104.05554	84.73745	84.83770	84.57973	84.87057	84.06078	83.74147	83.31567	82.76411	84.40319
7/3/2025	12:52:41 PM	83.26717	83.27129	84.45659	82.64709	68.00175	84.71376	84.81382	84.55639	84.84751	84.03917	83.72002	83.29623	82.74589	84.37957
7/3/2025	12:52:44 PM	83.24635	83.25192	84.43267	82.62972	106.80934	84.68945	84.78853	84.53056	84.82305	84.01652	83.69774	83.27613	82.72734	84.35563
7/3/2025	12:52:48 PM	83.22685	83.23058	84.40750	82.61192	64.99186	84.66541	84.76353	84.50583	84.79962	83.99553	83.67645	83.25677	82.71050	84.33381
7/3/2025	12:52:52 PM	83.20816	83.21211	84.38405	82.59569	40.26763	84.64237	84.73984	84.48321	84.77707	83.97507	83.65613	83.23789	82.69323	84.31152
7/3/2025	12:52:55 PM	83.19040	83.19431	84.36187	82.57946	48.12051	84.62027	84.71763	84.46151	84.75482	83.95479	83.63630	83.21945	82.67590	84.28979
7/3/2025	12:52:59 PM	83.17056	83.17399	84.33884	82.56317	98.49288	84.59719	84.69445	84.43844	84.73241	83.93438	83.61627	83.20098	82.65922	84.26768
7/3/2025	12:53:02 PM	83.15372	83.15403	84.31587	82.54708	40.59317	84.57559	84.67198	84.41608	84.71083	83.91388	83.59526	83.18200	82.64168	84.24604
7/3/2025	12:53:06 PM	83.13397	83.13466	84.29280	82.53149	119.36344	84.55321	84.64781	84.39318	84.68818	83.89406	83.57583	83.16348	82.62541	84.22386
7/3/2025	12:53:10 PM	83.11709	83.11564	84.26957	82.51481	38.12610	84.52996	84.62536	84.37068	84.66574	83.87281	83.55552	83.14634	82.60796	84.20199
7/3/2025	12:53:13 PM	83.09810	83.09670	84.24597	82.49852	45.37207	84.50812	84.60238	84.34750	84.64406	83.85348	83.53588	83.12775	82.59059	84.18000
7/3/2025	12:53:17 PM	83.07976	83.07624	84.22293	82.48154	64.05267	84.48471	84.57861	84.32461	84.62201	83.83245	83.51567	83.10827	82.57318	84.15784
7/3/2025	12:53:20 PM	83.06131	83.05691	84.20012	82.46498	131.78090	84.46253	84.55571	84.30155	84.59962	83.81223	83.49415	83.08981	82.55601	84.13597
7/3/2025	12:53:24 PM	83.04402	83.03921	84.17762	82.44928	89.59738	84.44110	84.53314	84.27961	84.57823	83.79292	83.47558	83.07257	82.54017	84.11626
7/3/2025	12:53:28 PM	83.02650	83.02121	84.15677	82.43429	35.68675	84.42018	84.51260	84.25842	84.55793	83.77406	83.45690	83.05497	82.52447	84.09615
7/3/2025	12:53:31 PM	83.01038	83.00494	84.13572	82.41963	33.58443	84.39988	84.49125	84.23816	84.53776	83.75569	83.43918	83.03895	82.50952	84.07703
7/3/2025	12:53:35 PM	82.99273	82.98793	84.11547	82.40557	87.82568	84.37958	84.47008	84.21761	84.51784	83.73812	83.42149	83.02313	82.49491	84.05882
7/3/2025	12:53:38 PM	82.97692	82.97167	84.09573	82.39047	116.37383	84.35977	84.45005	84.19799	84.49825	83.72015	83.40379	83.00735	82.48083	84.03954
7/3/2025	12:53:42 PM	82.96123	82.95574	84.07723	82.37793	89.07791	84.34150	84.43092	84.17849	84.47952	83.70270	83.38679	82.99213	82.46630	84.02049
7/3/2025	12:53:46 PM	82.94455	82.93858	84.05667	82.36393	40.66399	84.32161	84.40977	84.15821	84.45943	83.68502	83.36888	82.97644	82.45188	84.00156
7/3/2025	12:53:49 PM	82.92877	82.92216	84.03672	82.34948	105.41201	84.30213	84.38972	84.13865	84.44012	83.66699	83.35155	82.96044	82.43747	83.98237
7/3/2025	12:53:53 PM	82.91365	82.90653	84.01712	82.33540	59.51935	84.28201	84.36978	84.11848	84.42083	83.64923	83.33399	82.94437	82.42282	83.96387
7/3/2025	12:53:57 PM	82.89754	82.89095	83.99836	82.32206	127.92005	84.26338	84.34958	84.09809	84.40176	83.63217	83.31632	82.92792	82.40830	83.94527
7/3/2025	12:54:00 PM	82.88166	82.87408	83.97837	82.30772	61.63025	84.24334	84.32909	84.07816	84.38251	83.61397	83.29958	82.91243	82.39414	83.92749
7/3/2025	12:54:04 PM	82.86720	82.85929	83.95942	82.29422	81.83945	84.22517	84.31037	84.05990	84.36371	83.59738	83.28271	82.89666	82.37958	83.90908
7/3/2025	12:54:08 PM	82.85037	82.84246	83.93958	82.27941	34.97886	84.20456	84.28958	84.03889	84.34436	83.57948	83.26493	82.88063	82.36446	83.89010
7/3/2025	12:54:11 PM	82.83515	82.82676	83.92013	82.26606	33.56705	84.18592	84.27020	84.01923	84.32637	83.56367	83.24869	82.86673	82.35191	83.87377
7/3/2025	12:54:15 PM	82.82187	82.81325	83.90333	82.25416	31.39782	84.16934	84.25238	84.00349	84.30954	83.54843	83.23338	82.85316	82.33914	83.85763
7/3/2025	12:54:19 PM	82.80819	82.79804	83.88675	82.24177	135.88348	84.15259	84.23523	83.98616	84.29214	83.53219	83.21803	82.83798	82.32614	83.84061
7/3/2025	12:54:22 PM	82.79222	82.78242	83.86800	82.22919	63.65457	84.13397	84.21690	83.96667	84.27471	83.51565	83.20214	82.82390	82.31279	83.82365
7/3/2025	12:54:26 PM	82.77883	82.76783	83.85028	82.21656	112.19999	84.11699	84.19753	83.94872	84.25756	83.50045	83.18608	82.80914	82.29977	83.80732
7/3/2025	12:54:30 PM	82.76533	82.75460	83.83307	82.20464	50.14585	84.09964	84.18040	83.93205	84.24067	83.48527	83.17107	82.79591	82.28796	83.79161
7/3/2025	12:54:33 PM	82.75330	82.74200	83.81836	82.19264	109.92682	84.08369	84.16332	83.91501	84.22403	83.47043	83.15605	82.78181	82.27501	83.77525
7/3/2025	12:54:37 PM	82.73900	82.72777	83.80100	82.18091	49.20055	84.06706	84.14629	83.89775	84.20821	83.45561	83.14164	82.76870	82.26330	83.75978
7/3/2025	12:54:41 PM	82.72528	82.71508	83.78504	82.16993	56.44624	84.05187	84.12980	83.88197	84.19252	83.44054	83.12420	82.74958	82.24876	83.73274
7/3/2025	12:54:44 PM	82.70388	82.69898	83.76915	82.16465	77.21757	84.00245	84.07269	83.83022	84.13180	83.35425	79.38212	82.61969	82.49364	83.47451
7/3/2025	12:54:48 PM	82.28115	82.18612	83.27250	81.71069	43.40774	83.26881	83.15780	82.67793	83.29574	77.05435	77.06189	77.11399	80.66208	77.47689
7/3/2025	12:54:51 PM	77.21920	77.15135	77.24288	79.02874	44.19777	82.76973	82.75903	82.25884	82.74659	77.04386	77.04477	77.14699	77.05923	77.35226
7/3/2025	12:54:55 PM	77.14754	77.17256	77.21719	78.51233	60.42617	82.61409	82.68400	82.15005	82.55138	77.06035	77.04000	77.13414	76.99002	77.32466
7/3/2025	12:54:58 PM	77.16230	77.16660	77.19388	78.01185	129.02729	82.46792	82.55899	82.07407	82.23187	77.07022	77.04176	77.14054	76.97713	77.30543
