6/14/2022	10:32:40 AM	254.38374	250.65617	247.50948	245.34204	244.62923	243.84544	245.86906	249.24726	251.17121	252.89865	254.18871	253.56919	245.73063	247.32101
6/14/2022	10:32:44 AM	252.47680	248.84653	245.80590	243.68808	242.96616	242.32795	244.33203	247.60293	249.39595	250.72259	251.67947	250.84411	243.45538	245.35420
6/14/2022	10:32:47 AM	249.61866	246.16882	243.29170	241.15041	240.43490	240.10577	242.16971	245.39809	247.01275	248.00785	248.79454	247.69513	240.63251	242.63650
6/14/2022	10:32:50 AM	246.34980	243.17896	240.44411	238.19114	237.39254	237.30794	239.28265	242.42671	243.93624	244.64713	245.36852	243.99906	237.21070	239.14872
6/14/2022	10:32:54 AM	242.34035	239.33135	236.68195	234.29271	233.28656	233.37592	235.21538	238.25823	239.73326	240.18817	240.97152	239.40797	232.93425	234.81796
6/14/2022	10:32:57 AM	237.06378	234.29603	231.93171	229.32841	228.16579	228.51985	230.03111	233.34323	234.86127	235.04865	235.80378	234.02893	228.02884	229.92845
6/14/2022	10:33:01 AM	230.99592	228.64272	226.62193	223.60026	222.18752	222.72281	224.10892	227.67969	229.22927	229.09852	229.74727	227.69725	222.40893	224.05933
6/14/2022	10:33:04 AM	224.36194	222.65938	220.55753	217.14772	215.44133	216.33559	217.70518	221.17325	222.58953	222.34028	223.21761	220.55378	216.00503	217.34549
6/14/2022	10:33:08 AM	217.24232	216.23389	213.97705	210.11298	208.06607	209.16144	210.24360	213.72702	215.36994	215.18339	216.46225	212.74836	208.43331	209.68571
6/14/2022	10:33:11 AM	209.38651	209.07652	206.19609	201.90241	199.43125	200.89714	201.69024	205.36576	207.38695	207.16174	208.84557	204.85097	200.25659	201.54094
6/14/2022	10:33:15 AM	201.30414	201.02801	197.80528	193.12217	190.43516	192.13582	192.79710	196.73281	198.96471	198.73260	200.66178	196.64511	191.75689	193.13571
6/14/2022	10:33:18 AM	193.30190	193.18641	189.70317	184.82523	182.02210	184.04967	184.59301	188.81697	191.20577	191.03705	193.20575	189.20720	184.25419	185.63479
6/14/2022	10:33:22 AM	186.27017	186.25115	182.49224	177.42713	174.68264	176.99178	177.42525	181.81014	184.26233	184.09554	186.43240	182.74221	177.44548	178.81544
6/14/2022	10:33:25 AM	179.80427	179.86924	175.85213	170.66233	167.99363	170.53791	170.86479	175.40468	177.94172	177.70043	180.24403	176.87527	171.25728	172.62664
6/14/2022	10:33:29 AM	173.99456	174.11047	169.90438	164.62212	162.14565	164.82474	165.03053	169.68696	172.13836	171.86515	174.52641	171.57566	165.70614	167.06809
6/14/2022	10:33:32 AM	168.71667	168.95269	164.54237	159.12581	156.82118	159.65107	159.73773	164.43281	166.86291	166.61973	169.38403	166.72358	160.71396	162.06346
6/14/2022	10:33:35 AM	163.93260	164.35539	159.79992	154.38378	152.24512	155.18606	155.17689	159.84115	162.23237	161.95808	164.77819	162.32200	156.26164	157.59002
6/14/2022	10:33:39 AM	159.52800	160.13832	155.40403	149.99115	148.02563	151.04650	150.97263	155.55293	157.97072	157.66804	160.53128	158.22544	152.14049	153.47644
6/14/2022	10:33:42 AM	155.55126	156.31853	151.41707	146.08709	144.28556	147.34210	147.19228	151.62757	154.08357	153.72634	156.62768	154.49328	148.38506	149.70189
6/14/2022	10:33:46 AM	151.85944	152.80945	147.80848	142.57283	140.93057	144.00701	143.79132	148.09456	150.55740	150.18378	153.05590	151.09643	145.00376	146.32939
6/14/2022	10:33:49 AM	148.52978	149.63579	144.53926	139.41817	137.92465	141.03685	140.77802	144.93463	147.43513	147.02442	149.89727	148.10339	142.03408	143.35381
6/14/2022	10:33:53 AM	145.59526	146.83644	141.66786	136.67017	135.29185	138.39972	138.10847	142.13142	144.64243	144.21833	147.06358	145.41075	139.37173	140.68052
6/14/2022	10:33:56 AM	142.94556	144.29926	139.08430	134.20930	132.94553	136.03942	135.70434	139.60561	142.10363	141.65463	144.46414	142.93492	136.93373	138.24833
6/14/2022	10:33:59 AM	140.45465	141.91473	136.66966	131.90885	130.74481	133.83738	133.46205	137.25559	139.75549	139.27924	142.06364	140.64424	134.70444	136.03143
6/14/2022	10:34:03 AM	138.25648	139.80163	134.53643	129.90831	128.82016	131.90662	131.50516	135.18839	137.67932	137.18453	139.93536	138.60983	132.72223	134.04744
6/14/2022	10:34:06 AM	136.25559	137.87565	132.60365	128.08484	127.06662	130.14269	129.70979	133.29583	135.75997	135.24955	137.96600	136.71349	130.88022	132.21644
6/14/2022	10:34:10 AM	134.42834	136.11184	130.84158	126.41948	125.46239	128.52446	128.05788	131.55015	134.00829	133.48580	136.17621	134.98704	129.21065	130.55883
6/14/2022	10:34:13 AM	132.74982	134.48206	129.22481	124.90167	124.00084	127.04622	126.55999	129.95502	132.39544	131.86904	134.52438	133.39690	127.68068	129.03441
6/14/2022	10:34:16 AM	131.19956	132.98468	127.74666	123.51410	122.65151	125.67265	125.17192	128.49303	130.90688	130.37080	133.00949	131.93261	126.27346	127.62616
6/14/2022	10:34:20 AM	129.72349	131.54659	126.33222	122.18294	121.36543	124.36129	123.83847	127.09379	129.49951	128.96309	131.57300	130.53181	124.93203	126.29602
6/14/2022	10:34:23 AM	128.37533	130.23136	125.04498	120.96810	120.18013	123.15550	122.62396	125.82102	128.21233	127.67109	130.26527	129.26789	123.72448	125.09362
6/14/2022	10:34:27 AM	127.15736	129.03836	123.88402	119.86412	119.10704	122.05265	121.49955	124.64771	127.02209	126.47183	129.04591	128.07960	122.59305	123.96555
6/14/2022	10:34:30 AM	126.00488	127.89827	122.77829	118.82313	118.09959	121.02119	120.46302	123.57432	125.93365	125.37958	127.92923	126.99062	121.55600	122.93432
6/14/2022	10:34:34 AM	124.95744	126.85907	121.77224	117.86863	117.16782	120.06262	119.49549	122.56925	124.90794	124.35560	126.89286	125.97749	120.59441	121.97513
6/14/2022	10:34:37 AM	123.95596	125.86891	120.82380	116.97010	116.29162	119.15436	118.58404	121.62221	123.95050	123.39192	125.91325	125.01787	119.68084	121.06870
6/14/2022	10:34:41 AM	123.04630	124.96331	119.95453	116.14046	115.48110	118.31004	117.73657	120.74691	123.05982	122.50457	125.00811	124.13385	118.84840	120.24093
6/14/2022	10:34:44 AM	122.19150	124.10413	119.13971	115.36941	114.72767	117.52573	116.94643	119.92516	122.21918	121.66339	124.14959	123.28935	118.04833	119.43983
6/14/2022	10:34:48 AM	121.36554	123.27761	118.35728	114.62332	113.99481	116.75841	116.18641	119.13614	121.41602	120.85811	123.33236	122.49372	117.29687	118.69474
6/14/2022	10:34:51 AM	120.58971	122.49422	117.61982	113.92453	113.31348	116.04347	115.47108	118.39183	120.65677	120.10709	122.56671	121.74514	116.59676	117.99646
6/14/2022	10:34:54 AM	119.87512	121.77333	116.94463	113.28286	112.68367	115.38107	114.81045	117.70458	119.95724	119.41224	121.85682	121.04492	115.93983	117.33843
6/14/2022	10:34:58 AM	119.18870	121.07679	116.29310	112.66118	112.07444	114.73644	114.16807	117.03664	119.27596	118.73701	121.17011	120.37740	115.31266	116.71052
6/14/2022	10:35:01 AM	118.55112	120.42886	115.68728	112.08242	111.50318	114.13017	113.56530	116.40658	118.62870	118.09630	120.51671	119.74170	114.71754	116.10907
6/14/2022	10:35:05 AM	117.92517	119.78907	115.09379	111.51845	110.95096	113.54557	112.98548	115.80015	118.01293	117.48954	119.89663	119.13475	114.15102	115.53859
6/14/2022	10:35:08 AM	117.33165	119.18434	114.53584	110.98535	110.42414	112.98749	112.43272	115.21964	117.41582	116.90007	119.29477	118.54693	113.60349	114.98841
6/14/2022	10:35:12 AM	116.76450	118.60223	114.00067	110.47659	109.92375	112.45248	111.90387	114.66699	116.84864	116.34245	118.72601	117.99338	113.09063	114.47096
6/14/2022	10:35:15 AM	116.24126	118.06516	113.50501	110.00187	109.45722	111.95642	111.41266	114.14877	116.31577	115.81684	118.19197	117.47071	112.60287	113.97828
6/14/2022	10:35:19 AM	115.72136	117.53063	113.01574	109.53702	108.99975	111.46473	110.92766	113.64224	115.79127	115.30177	117.66629	116.95847	112.12779	113.49687
6/14/2022	10:35:22 AM	115.22297	117.01736	112.54558	109.08856	108.55590	110.99093	110.46067	113.15129	115.28684	114.80563	117.15642	116.46294	111.67159	113.03599
6/14/2022	10:35:26 AM	114.75889	116.53918	112.10856	108.67237	108.14819	110.55034	110.02590	112.69386	114.81540	114.34479	116.68793	116.00661	111.24897	112.60939
6/14/2022	10:35:29 AM	114.31156	116.07628	111.68692	108.27187	107.75302	110.12650	109.60652	112.25204	114.35942	113.89533	116.22852	115.55882	110.83932	112.19377
6/14/2022	10:35:32 AM	113.88492	115.63483	111.28541	107.88895	107.37606	109.71936	109.20636	111.82991	113.92169	113.46656	115.78776	115.12668	110.44125	111.78751
6/14/2022	10:35:36 AM	113.45766	115.18941	110.88008	107.50441	106.99643	109.30706	108.79996	111.40289	113.48003	113.03402	115.34384	114.69534	110.04733	111.38757
6/14/2022	10:35:39 AM	113.04260	114.76107	110.49213	107.13384	106.62982	108.91180	108.41094	110.99379	113.05430	112.61697	114.91844	114.28027	109.66701	111.00365
6/14/2022	10:35:43 AM	112.64614	114.34837	110.11617	106.77811	106.27883	108.53034	108.03306	110.59670	112.64191	112.21379	114.50440	113.87721	109.29980	110.63115
6/14/2022	10:35:46 AM	112.25897	113.94560	109.75148	106.43175	105.93902	108.16302	107.67096	110.21577	112.24596	111.82447	114.10458	113.48890	108.94599	110.27260
6/14/2022	10:35:50 AM	111.88559	113.55608	109.40212	106.09980	105.61030	107.80868	107.32389	109.85292	111.86930	111.45553	113.72376	113.11737	108.60590	109.92732
6/14/2022	10:35:53 AM	111.52639	113.17919	109.06144	105.77577	105.29115	107.46126	106.98165	109.49218	111.49184	111.08680	113.34734	112.75026	108.27460	109.59102
6/14/2022	10:35:57 AM	111.17325	112.81191	108.73038	105.46337	104.98421	107.12751	106.65401	109.14602	111.12964	110.73150	112.98148	112.39349	107.95053	109.26169
6/14/2022	10:36:00 AM	110.84097	112.46463	108.41716	105.16619	104.69123	106.81169	106.34433	108.82173	110.79080	110.39794	112.63624	112.05579	107.64332	108.94831
6/14/2022	10:36:04 AM	110.50414	112.11339	108.10060	104.86717	104.39346	106.48916	106.02847	108.48950	110.44410	110.05914	112.28952	111.71796	107.33735	108.63888
6/14/2022	10:36:07 AM	110.18719	111.78174	107.80238	104.58493	104.11634	106.18757	105.73232	108.17930	110.11767	109.73836	111.95737	111.39445	107.04661	108.34363
6/14/2022	10:36:11 AM	109.87680	111.45603	107.50892	104.30806	103.84280	105.89194	105.44239	107.87499	109.79800	109.42638	111.63375	111.07769	106.75943	108.05183
6/14/2022	10:36:14 AM	109.57459	111.14069	107.22571	104.04009	103.57868	105.60358	105.16077	107.57839	109.48650	109.12130	111.31991	110.77082	106.48418	107.77036
6/14/2022	10:36:17 AM	109.27896	110.82956	106.94822	103.77852	103.31980	105.32464	104.88711	107.29102	109.18412	108.82350	111.01170	110.46912	106.21236	107.49370
6/14/2022	10:36:21 AM	108.98188	110.52003	106.67222	103.51848	103.06227	105.04494	104.61355	107.00315	108.87885	108.52465	110.70172	110.16603	105.94190	107.22057
6/14/2022	10:36:24 AM	108.69163	110.21582	106.39968	103.26183	102.80906	104.77043	104.34441	106.72085	108.58087	108.23357	110.40236	109.87350	105.67960	106.95320
6/14/2022	10:36:28 AM	108.41718	109.92927	106.14293	103.01998	102.57054	104.51053	104.08875	106.45200	108.29826	107.95671	110.11499	109.59285	105.42786	106.69726
6/14/2022	10:36:31 AM	108.14134	109.64152	105.88730	102.77955	102.33269	104.25386	103.83703	106.18644	108.01804	107.68108	109.82860	109.31233	105.17795	106.44182
6/14/2022	10:36:35 AM	107.87272	109.36244	105.63898	102.54638	102.10106	104.00216	103.59247	105.92792	107.74552	107.41453	109.55145	109.04140	104.93803	106.19937
6/14/2022	10:36:38 AM	107.61296	109.09050	105.39804	102.31894	101.87851	103.76069	103.35555	105.67700	107.47910	107.15365	109.28027	108.77727	104.70070	105.95633
6/14/2022	10:36:42 AM	107.35700	108.82267	105.16029	102.09591	101.65778	103.52128	103.12243	105.43126	107.22039	106.89960	109.01475	108.51649	104.47060	105.72134
6/14/2022	10:36:45 AM	107.10636	108.56095	104.92762	101.87728	101.44299	103.28729	102.89428	105.18946	106.96673	106.65006	108.75579	108.26318	104.24783	105.49610
6/14/2022	10:36:49 AM	106.87184	108.31387	104.70997	101.67250	101.23981	103.06612	102.67782	104.96016	106.72275	106.41250	108.50769	108.02111	104.03336	105.27625
6/14/2022	10:36:52 AM	106.63805	108.07056	104.49278	101.46976	101.03986	102.84959	102.46502	104.73425	106.48395	106.17825	108.26401	107.78251	103.82187	105.05957
6/14/2022	10:36:56 AM	106.40299	107.82385	104.27680	101.26803	100.84063	102.63276	102.25406	104.51031	106.24645	105.94504	108.02073	107.54411	103.61144	104.84489
6/14/2022	10:36:59 AM	106.17234	107.58367	104.06261	101.06865	100.64364	102.41658	102.04129	104.28524	106.00928	105.71257	107.77752	107.30650	103.40135	104.62969
6/14/2022	10:37:03 AM	105.94679	107.34844	103.85619	100.87662	100.45480	102.21413	101.84484	104.07572	105.78606	105.49418	107.54996	107.08276	103.20382	104.42744
6/14/2022	10:37:06 AM	105.73306	107.12525	103.65786	100.69059	100.27077	102.01424	101.64893	103.86852	105.56664	105.27855	107.32472	106.86233	103.00977	104.22868
6/14/2022	10:37:09 AM	105.52079	106.90336	103.46336	100.51040	100.09304	101.82091	101.46019	103.66747	105.35372	105.06914	107.10613	106.64797	102.82162	104.03633
6/14/2022	10:37:13 AM	105.30897	106.68251	103.26884	100.32849	99.91404	101.62613	101.26982	103.46483	105.13956	104.86021	106.88717	106.43368	102.63276	103.84350
6/14/2022	10:37:16 AM	105.10953	106.47319	103.08483	100.15895	99.74737	101.44533	101.09176	103.27528	104.93812	104.66224	106.67983	106.22977	102.45384	103.65957
6/14/2022	10:37:20 AM	104.91281	106.26680	102.90386	99.99073	99.58101	101.26386	100.91535	103.08723	104.73864	104.46477	106.47405	106.02808	102.27706	103.47714
6/14/2022	10:37:23 AM	104.71226	106.05824	102.71986	99.82057	99.41366	101.08231	100.73744	102.89794	104.53750	104.26817	106.26826	105.82470	102.10010	103.29715
6/14/2022	10:37:27 AM	104.52182	105.85914	102.54533	99.65848	99.25381	100.90842	100.56679	102.71531	104.34255	104.07672	106.06701	105.62730	101.92637	103.11753
6/14/2022	10:37:30 AM	104.32653	105.65540	102.36691	99.49249	99.08874	100.72935	100.39231	102.52937	104.14584	103.88375	105.86560	105.43140	101.75542	102.94266
6/14/2022	10:37:34 AM	104.13652	105.45827	102.19281	99.33288	98.93261	100.56058	100.22677	102.35227	103.95650	103.69817	105.67137	105.24006	101.58876	102.77189
6/14/2022	10:37:37 AM	103.95779	105.27172	102.02958	99.18098	98.78171	100.39651	100.06532	102.17968	103.77385	103.51792	105.48108	105.05347	101.42565	102.60376
6/14/2022	10:37:40 AM	103.77405	105.08079	101.86174	99.02646	98.62995	100.23197	99.90509	102.00843	103.59161	103.33994	105.29482	104.87043	101.26648	102.44075
6/14/2022	10:37:44 AM	103.60116	104.90009	101.70387	98.88012	98.48584	100.07629	99.75252	101.84610	103.41755	103.16838	105.11401	104.69108	101.11401	102.28325
6/14/2022	10:37:47 AM	103.42658	104.71985	101.54885	98.73714	98.35601	99.97040	99.68782	101.79650	103.32509	103.00848	104.83486	104.31327	100.96466	102.15649
6/14/2022	10:37:51 AM	102.93895	104.26688	101.22209	98.59405	98.39030	100.09384	99.86264	101.93582	103.31184	102.89279	104.55946	103.98592	100.82598	102.01621
6/14/2022	10:37:54 AM	102.59009	103.93943	100.98779	98.48955	98.35268	100.07687	99.84932	101.87092	103.16962	102.71756	104.26643	103.67371	100.64252	101.80583
6/14/2022	10:37:58 AM	102.26452	103.61828	100.72813	98.33651	98.24277	99.97640	99.75405	101.74069	102.98016	102.49931	103.95593	103.34838	100.42277	101.56256
6/14/2022	10:38:01 AM	101.92710	103.28109	100.44059	98.14072	98.07791	99.81339	99.59670	101.55470	102.74866	102.24981	103.62976	103.01769	100.18303	101.30413
6/14/2022	10:38:05 AM	101.61136	102.96217	100.16704	97.93438	97.89661	99.63253	99.41970	101.35040	102.50971	102.00028	103.31945	102.70387	99.94658	101.05041
6/14/2022	10:38:08 AM	101.29763	102.64332	99.89132	97.71251	97.69607	99.42863	99.21876	101.12301	102.25311	101.73879	103.00581	102.38993	99.69987	100.78717
6/14/2022	10:38:12 AM	100.99841	102.33876	99.62598	97.49386	97.49863	99.22192	99.01679	100.89562	102.00227	101.48664	102.71114	102.09589	99.46588	100.53844
6/14/2022	10:38:15 AM	100.71017	102.04005	99.36493	97.27031	97.29056	99.00643	98.80277	100.65784	101.74513	101.22946	102.41360	101.79920	99.22375	100.28161
6/14/2022	10:38:18 AM	100.42851	101.74872	99.10867	97.04879	97.08141	98.78811	98.58786	100.41772	101.48829	100.97466	102.12471	101.51364	98.98811	100.03343
6/14/2022	10:38:22 AM	100.15471	101.46370	98.85777	96.83007	96.87280	98.56821	98.36868	100.17608	101.23242	100.72025	101.84162	101.23433	98.75274	99.78529
6/14/2022	10:38:25 AM	99.88831	101.18649	98.61377	96.61316	96.66547	98.35104	98.15544	99.93921	100.98221	100.47260	101.56711	100.96450	98.52439	99.54591
6/14/2022	10:38:29 AM	99.62880	100.91447	98.37272	96.39637	96.45713	98.12902	97.93646	99.70072	100.73068	100.22582	101.29640	100.69666	98.29579	99.30740
6/14/2022	10:38:32 AM	99.37438	100.64757	98.13629	96.18581	96.25428	97.91312	97.72307	99.46866	100.48692	99.98279	101.02808	100.43071	98.07446	99.07498
6/14/2022	10:38:36 AM	99.10989	100.34748	98.16469	96.14207	96.22168	97.82465	97.55027	99.25077	100.09844	99.60123	100.50803	100.01064	97.82280	98.64655
6/14/2022	10:38:39 AM	98.62909	99.50182	97.86155	95.96594	95.85558	96.86508	80.82906	98.35286	99.15158	98.45791	99.33623	99.02145	96.70786	97.21837
6/14/2022	10:38:43 AM	97.69486	98.73102	96.80721	94.96061	95.01083	92.50568	82.62174	97.50609	98.44152	97.76634	98.60519	98.36349	96.20631	96.80976
6/14/2022	10:38:46 AM	97.17421	98.33704	96.27618	94.57154	94.61033	91.22723	85.30340	97.18873	98.12757	97.45669	98.32478	98.00101	95.89189	96.56266
6/14/2022	10:38:50 AM	96.81960	98.02208	95.85833	94.20836	94.23983	91.61537	88.14587	96.91001	97.84670	97.18834	98.06801	97.66686	95.57601	96.30647
6/14/2022	10:38:53 AM	96.48504	97.70320	95.49486	93.86572	93.90346	92.26594	89.37523	96.65446	97.59537	96.95025	97.83394	97.38364	95.29934	96.08028
6/14/2022	10:38:57 AM	96.20541	97.42829	95.20818	93.57886	93.62691	92.60272	90.02906	96.44402	97.37396	96.74722	97.62838	97.14144	95.06958	95.88491
6/14/2022	10:39:00 AM	95.97381	97.19398	94.97595	93.33649	93.40287	92.75193	90.42397	96.25950	97.17414	96.56400	97.43595	96.92620	94.86858	95.70492
6/14/2022	10:39:03 AM	95.76235	96.97240	94.76913	93.12345	93.20650	92.77256	90.67026	96.07952	96.97076	96.37855	97.23790	96.71394	94.67260	95.51920
6/14/2022	10:39:07 AM	95.55530	96.75409	94.56753	92.91996	93.01388	92.72906	90.82373	95.89059	96.75867	96.18617	97.03219	96.49704	94.47430	95.32705
6/14/2022	10:39:10 AM	95.34484	96.52942	94.36299	92.71651	92.82180	92.63326	90.91822	95.69525	96.53998	95.98805	96.82009	96.28073	94.27511	95.13063
6/14/2022	10:39:14 AM	95.13696	96.30866	94.16394	92.52138	92.63041	92.50850	90.97689	95.49904	96.32126	95.78608	96.60400	96.06171	94.07699	94.93381
6/14/2022	10:39:17 AM	94.92868	96.08584	93.96432	92.32847	92.45457	92.38515	91.00641	95.31387	96.11308	95.59343	96.39922	95.85358	93.89060	94.74602
6/14/2022	10:39:20 AM	94.72623	95.86872	93.76951	92.14251	92.27989	92.27474	91.01692	95.12536	95.90281	95.39574	96.19001	95.64550	93.70193	94.55558
6/14/2022	10:39:24 AM	94.52506	95.65415	93.57816	91.96150	92.10916	92.19224	91.01488	94.93856	95.69746	95.20449	95.98864	95.44404	93.52353	94.37550
6/14/2022	10:39:27 AM	94.33747	95.45352	93.39907	91.79217	91.95035	92.13926	91.01132	94.76845	95.50809	95.02359	95.79649	95.25379	93.35543	94.20290
6/14/2022	10:39:31 AM	94.15637	95.25816	93.22675	91.62833	91.79973	92.09948	91.00074	94.59728	95.31863	94.84625	95.61095	95.06787	93.19255	94.03704
6/14/2022	10:39:34 AM	93.98265	95.07240	93.06162	91.47553	91.65872	92.06109	90.98604	94.43411	95.13789	94.67543	95.43006	94.88949	93.03637	93.87611
6/14/2022	10:39:37 AM	93.81239	94.88906	92.89953	91.32593	91.51937	92.01379	90.96328	94.27266	94.96016	94.50633	95.25255	94.71341	92.88288	93.71708
6/14/2022	10:39:41 AM	93.64750	94.71049	92.74360	91.18211	91.38444	91.96105	90.93434	94.11548	94.78696	94.34199	95.07866	94.54107	92.73444	93.56350
6/14/2022	10:39:44 AM	93.48656	94.53734	92.59100	91.04235	91.25215	91.90220	90.90196	93.96054	94.61672	94.17934	94.90660	94.37272	92.58908	93.41126
6/14/2022	10:39:48 AM	93.32769	94.36602	92.44071	90.90441	91.12260	91.83154	90.86076	93.80462	94.44923	94.01883	94.73556	94.20554	92.44390	93.25998
6/14/2022	10:39:51 AM	93.17074	94.19470	92.29169	90.76931	90.99303	91.75479	90.81500	93.65085	94.28168	93.85904	94.56653	94.03877	92.30033	93.11009
6/14/2022	10:39:54 AM	93.01717	94.02959	92.14582	90.63710	90.86658	91.67067	90.76549	93.50110	94.12086	93.70389	94.40353	93.87870	92.16189	92.96584
6/14/2022	10:39:58 AM	92.86465	93.86414	92.00235	90.50805	90.74101	91.58171	90.70897	93.34809	93.95868	93.54912	94.23950	93.71824	92.02270	92.82024
6/14/2022	10:40:01 AM	92.71465	93.70337	91.86091	90.38069	90.61539	91.48596	90.64862	93.19722	93.79807	93.39443	94.07437	93.55897	91.88271	92.67230
6/14/2022	10:40:05 AM	92.56223	93.53824	91.71621	90.25102	90.48933	91.38353	90.58010	93.04051	93.63426	93.23678	93.90648	93.39556	91.74014	92.52183
6/14/2022	10:40:08 AM	92.41010	93.37236	91.57176	90.12116	90.35940	91.27191	90.50070	92.87670	93.46190	93.05925	93.71140	93.20459	91.55358	92.31190
6/14/2022	10:40:12 AM	92.22359	93.18064	91.39599	89.94835	90.15163	91.05441	90.29261	92.51590	93.09065	92.71147	93.36984	92.94823	91.34687	92.05878
6/14/2022	10:40:15 AM	92.03173	92.98789	91.30650	89.93528	90.10212	90.96764	90.30066	92.30353	92.90270	92.49079	93.16808	92.81429	91.24454	91.92932
6/14/2022	10:40:19 AM	91.93657	92.88485	91.20874	89.82820	89.97221	90.83175	90.14114	92.10952	92.69901	92.32374	92.99692	92.65351	91.07931	91.74866
6/14/2022	10:40:22 AM	91.79541	92.73013	91.05243	89.67274	89.80281	90.65910	89.97308	91.90719	92.49478	92.14644	92.82966	92.49224	90.90937	91.57350
6/14/2022	10:40:25 AM	91.64929	92.57274	90.89541	89.51198	89.63085	90.48756	89.81406	91.72368	92.31221	91.98788	92.67849	92.34566	90.75705	91.42080
6/14/2022	10:40:29 AM	91.52117	92.43267	90.76105	89.36934	89.48477	90.34716	89.69183	91.57103	92.16197	91.85078	92.54847	92.21982	90.63238	91.29716
6/14/2022	10:40:32 AM	91.41225	92.31337	90.65132	89.25324	89.36688	90.23181	89.59628	91.43566	92.02925	91.72571	92.42780	92.10294	90.52035	91.18241
6/14/2022	10:40:36 AM	91.30419	92.19641	90.54763	89.14802	89.25869	90.12365	89.50889	91.30408	91.89906	91.60137	92.30522	91.98238	90.41063	91.06786
6/14/2022	10:40:39 AM	91.19437	92.07758	90.44209	89.04653	89.15333	90.01939	89.42374	91.17694	91.77128	91.47728	92.17979	91.86115	90.30202	90.95371
6/14/2022	10:40:43 AM	91.08580	91.95882	90.33762	88.94606	89.05109	89.91407	89.33771	91.05392	91.64504	91.35416	92.05276	91.73763	90.19168	90.83851
6/14/2022	10:40:46 AM	90.97053	91.83527	90.22859	88.84681	88.94633	89.80877	89.25107	90.92615	91.51338	91.22560	91.92132	91.61043	90.08091	90.72129
6/14/2022	10:40:50 AM	90.85359	91.70901	90.11705	88.74459	88.84134	89.70089	89.16150	90.79861	91.38431	91.09813	91.79002	91.47996	89.96589	90.60022
6/14/2022	10:40:53 AM	90.73076	91.57937	90.00265	88.64030	88.73442	89.59118	89.06736	90.66851	91.24937	90.96778	91.65460	91.35018	89.84962	90.47701
6/14/2022	10:40:56 AM	90.60447	91.44368	89.88425	88.53412	88.62455	89.47977	88.97230	90.53744	91.11537	90.83513	91.51863	91.21620	89.73429	90.35539
6/14/2022	10:41:00 AM	90.48053	91.31139	89.76747	88.43001	88.51762	89.37086	88.87972	90.41029	90.98579	90.70722	91.38680	91.08839	89.62062	90.23543
6/14/2022	10:41:03 AM	90.35958	91.18298	89.65422	88.32769	88.41252	89.26281	88.78707	90.28476	90.85540	90.58088	91.25649	90.95826	89.50897	90.11706
6/14/2022	10:41:07 AM	90.23944	91.05427	89.54193	88.22683	88.30841	89.15404	88.69179	90.15871	90.72577	90.45315	91.12244	90.82782	89.39363	89.99421
6/14/2022	10:41:10 AM	90.11569	90.92182	89.42551	88.12336	88.20131	89.04178	88.59294	90.02871	90.59399	90.32377	90.98664	90.69452	89.27725	89.87225
6/14/2022	10:41:14 AM	89.99471	90.79319	89.31185	88.02032	88.09764	88.93545	88.49991	89.90563	90.47116	90.19942	90.85785	90.56729	89.16793	89.75659
6/14/2022	10:41:17 AM	89.87676	90.66915	89.20213	87.92425	87.99691	88.83112	88.40941	89.78874	90.34930	90.07899	90.73182	90.44466	89.06001	89.64317
6/14/2022	10:41:21 AM	89.75958	90.54549	89.09303	87.82752	87.89878	88.72908	88.31739	89.67101	90.22737	89.96058	90.60569	90.32195	88.95391	89.53115
6/14/2022	10:41:24 AM	89.64629	90.42563	88.98758	87.73299	87.80154	88.62713	88.22545	89.55482	90.10991	89.84306	90.48211	90.20348	88.85072	89.42167
6/14/2022	10:41:27 AM	89.53390	90.30656	88.88269	87.63934	87.70546	88.52663	88.13499	89.44022	89.99252	89.72521	90.36062	90.08474	88.74626	89.31074
6/14/2022	10:41:31 AM	89.42230	90.18908	88.77881	87.54656	87.61250	88.42932	88.04605	89.32545	89.87502	89.60965	90.23982	89.96689	88.64341	89.20178
6/14/2022	10:41:34 AM	89.30567	90.06203	88.66591	87.44632	87.50847	88.32088	87.94694	89.20429	89.74906	89.48313	90.10573	89.83786	88.53040	89.08229
6/14/2022	10:41:38 AM	89.18871	89.94179	88.56117	87.35416	87.41323	88.22191	87.85742	89.09113	89.63379	89.36949	89.98653	89.72185	88.42827	88.97388
6/14/2022	10:41:42 AM	89.07765	89.82436	88.45829	87.26289	87.32167	88.12597	87.76885	88.98024	89.52170	89.25825	89.86691	89.60678	88.32719	88.86615
6/14/2022	10:41:45 AM	88.97003	89.71046	88.35789	87.17409	87.23076	88.02916	87.67874	88.86949	89.40852	89.14530	89.74620	89.49311	88.22603	88.75932
6/14/2022	10:41:48 AM	88.86045	89.59471	88.25657	87.08407	87.13816	87.93317	87.58879	88.76105	89.29711	89.03466	89.63109	89.38049	88.12745	88.65346
6/14/2022	10:41:52 AM	88.75774	89.48535	88.15977	86.99779	87.05026	87.84117	87.50257	88.65657	89.18956	88.92835	89.51839	89.27177	88.03172	88.55191
6/14/2022	10:41:55 AM	88.65164	89.37324	88.06122	86.91071	86.96043	87.74705	87.41493	88.54818	89.07840	88.81847	89.40227	89.15901	87.93306	88.44707
6/14/2022	10:41:59 AM	88.54673	89.26204	87.96252	86.82409	86.87175	87.65327	87.32678	88.44095	88.97042	88.71123	89.28874	89.04974	87.83683	88.34592
6/14/2022	10:42:02 AM	88.44374	89.15284	87.86765	86.73891	86.78559	87.56250	87.24211	88.33880	88.86590	88.60809	89.17764	88.94077	87.74094	88.24425
6/14/2022	10:42:06 AM	88.34131	89.04465	87.77149	86.65423	86.69886	87.47208	87.15682	88.23637	88.76192	88.50455	89.06865	88.83570	87.64951	88.14655
6/14/2022	10:42:09 AM	88.24536	88.94275	87.68200	86.57477	86.61804	87.38605	87.07479	88.13781	88.66135	88.40457	88.96456	88.73434	87.55882	88.05027
6/14/2022	10:42:13 AM	88.14720	88.83960	87.59143	86.49435	86.53529	87.29958	86.99315	88.04084	88.56200	88.30693	88.86206	88.63310	87.47063	87.95720
6/14/2022	10:42:16 AM	88.05157	88.73811	87.50200	86.41433	86.45454	87.21389	86.91151	87.94433	88.46378	88.20948	88.75763	88.53227	87.38101	87.86195
6/14/2022	10:42:20 AM	87.95888	88.63970	87.41460	86.33682	86.37458	87.12940	86.83184	87.84940	88.36683	88.11427	88.65663	88.43511	87.29479	87.76990
6/14/2022	10:42:23 AM	87.86420	88.54003	87.32753	86.26015	86.29723	87.04753	86.75397	87.75657	88.27188	88.02130	88.56136	88.34006	87.21041	87.68056
6/14/2022	10:42:27 AM	87.77563	88.44542	87.24403	86.18614	86.22139	86.96784	86.67629	87.66600	88.17968	87.92872	88.46331	88.24562	87.12566	87.59148
6/14/2022	10:42:30 AM	87.68583	88.34905	87.16057	86.11139	86.14451	86.88761	86.59930	87.57496	88.08832	87.83835	88.36964	88.15422	87.04380	87.50418
6/14/2022	10:42:34 AM	87.59802	88.25639	87.07772	86.03815	86.07094	86.80916	86.52519	87.48650	87.99874	87.74879	88.27572	88.06187	86.96129	87.41716
6/14/2022	10:42:37 AM	87.51102	88.16324	86.99720	85.96683	85.99724	86.73161	86.45017	87.39756	87.90876	87.66159	88.18430	87.97152	86.88116	87.33201
6/14/2022	10:42:41 AM	87.42576	88.07197	86.91677	85.89560	85.92567	86.65485	86.37657	87.31116	87.82107	87.57565	88.09266	87.88357	86.80175	87.24804
6/14/2022	10:42:44 AM	87.34238	87.98340	86.83938	85.82714	85.85440	86.57952	86.30401	87.22615	87.73441	87.48941	88.00329	87.79500	86.72350	87.16408
6/14/2022	10:42:48 AM	87.25877	87.89402	86.76042	85.75750	85.78339	86.50526	86.23288	87.14201	87.64803	87.40514	87.91509	87.70799	86.64555	87.08191
6/14/2022	10:42:51 AM	87.17642	87.80598	86.68313	85.68979	85.71398	86.43184	86.16108	87.05827	87.56336	87.32164	87.82706	87.62363	86.56963	87.00150
6/14/2022	10:42:55 AM	87.09540	87.72065	86.60883	85.62292	85.64626	86.36010	86.09179	86.97722	87.48107	87.23957	87.74028	87.53853	86.49460	86.92193
6/14/2022	10:42:58 AM	87.01625	87.63575	86.53359	85.55608	85.57849	86.28770	86.02258	86.89554	87.39768	87.15729	87.65455	87.45521	86.42020	86.84220
6/14/2022	10:43:02 AM	86.93775	87.55163	86.45980	85.49140	85.51235	86.21751	85.95455	86.81575	87.31573	87.07582	87.56919	87.37336	86.34620	86.76430
6/14/2022	10:43:05 AM	86.85867	87.46843	86.38707	85.42610	85.44616	86.14723	85.88573	86.73773	87.23566	86.99725	87.48740	87.29291	86.27442	86.68856
6/14/2022	10:43:09 AM	86.78238	87.38685	86.31522	85.36293	85.38202	86.07845	85.81996	86.66049	87.15810	86.91979	87.40613	87.21456	86.20425	86.61413
6/14/2022	10:43:12 AM	86.70651	87.30689	86.24507	85.30052	85.31849	86.01080	85.75335	86.58313	87.08017	86.84181	87.32329	87.13475	86.13333	86.53846
6/14/2022	10:43:16 AM	86.63220	87.22813	86.17545	85.23942	85.25592	85.94369	85.68803	86.50839	87.00385	86.76508	87.24395	87.05767	86.06402	86.46528
6/14/2022	10:43:19 AM	86.55855	87.14857	86.10577	85.17736	85.19211	85.87685	85.62329	86.43341	86.92797	86.68957	87.16538	86.98126	85.99520	86.39302
6/14/2022	10:43:23 AM	86.48755	87.07386	86.03970	85.11863	85.13193	85.81324	85.56187	86.36274	86.85530	86.61711	87.08960	86.90740	85.92899	86.32255
6/14/2022	10:43:26 AM	86.41648	86.99877	85.97362	85.05972	85.07149	85.74890	85.49964	86.29046	86.78232	86.54442	87.01431	86.83431	85.86397	86.25366
6/14/2022	10:43:29 AM	86.34796	86.92649	85.90984	85.00315	85.01560	85.68831	85.43998	86.22215	86.71209	86.47498	86.94053	86.76278	85.80018	86.18570
6/14/2022	10:43:33 AM	86.27811	86.85199	85.84430	84.94537	84.95651	85.62543	85.37942	86.15136	86.64070	86.40382	86.86768	86.69105	85.73576	86.11743
6/14/2022	10:43:36 AM	86.21190	86.78232	85.78300	84.89074	84.90095	85.56650	85.32130	86.08535	86.57321	86.33665	86.79773	86.62257	85.67414	86.05271
6/14/2022	10:43:40 AM	86.14549	86.71205	85.72082	84.83539	84.84458	85.50758	85.26384	86.01834	86.50495	86.26809	86.72646	86.55185	85.61240	85.98621
6/14/2022	10:43:43 AM	86.07847	86.64132	85.65927	84.78077	84.78852	85.44660	85.20453	85.95049	86.43666	86.20095	86.65463	86.48194	85.55045	85.92066
6/14/2022	10:43:47 AM	86.01340	86.57268	85.59756	84.72597	84.73306	85.38776	85.14696	85.88439	86.37014	86.13430	86.58485	86.41447	85.48959	85.85657
6/14/2022	10:43:50 AM	85.95030	86.50402	85.53747	84.67263	84.67918	85.32987	85.09039	85.81998	86.30397	86.06917	86.51565	86.34780	85.43008	85.79277
6/14/2022	10:43:54 AM	85.88518	86.43669	85.47836	84.61979	84.62489	85.27275	85.03466	85.75575	86.23919	86.00638	86.44800	86.28273	85.37129	85.73110
6/14/2022	10:43:57 AM	85.82419	86.37249	85.42085	84.56916	84.57339	85.21717	84.98099	85.69424	86.17587	85.94391	86.38181	86.21752	85.31355	85.67004
6/14/2022	10:44:00 AM	85.76140	86.30520	85.36258	84.51765	84.52085	85.16169	84.92625	85.63148	86.11241	85.88214	86.31622	86.15427	85.25670	85.60968
6/14/2022	10:44:04 AM	85.70156	86.24199	85.30664	84.46759	84.47032	85.10751	84.87371	85.57111	86.04994	85.82037	86.25175	86.09076	85.19946	85.54975
6/14/2022	10:44:07 AM	85.64223	86.17880	85.24987	84.41749	84.41938	85.05278	84.82097	85.51111	85.98918	85.76070	86.19009	86.02924	85.14485	85.49198
6/14/2022	10:44:11 AM	85.58484	86.11708	85.19581	84.36938	84.37069	85.00095	84.77006	85.45231	85.92962	85.70155	86.12764	85.96830	85.09092	85.43425
6/14/2022	10:44:14 AM	85.52568	86.05507	85.14153	84.32119	84.32165	84.94867	84.71896	85.39391	85.87019	85.64299	86.06677	85.90784	85.03725	85.37705
6/14/2022	10:44:18 AM	85.47025	85.99651	85.08992	84.27491	84.27541	84.89938	84.67067	85.33871	85.81448	85.58759	86.00950	85.85133	84.98678	85.32415
6/14/2022	10:44:21 AM	85.41676	85.93950	85.03901	84.22949	84.22886	84.84913	84.62207	85.28316	85.75759	85.53245	85.94970	85.79385	84.93587	85.27005
6/14/2022	10:44:25 AM	85.36177	85.88118	84.98808	84.18477	84.18296	84.80055	84.57447	85.22884	85.70183	85.47770	85.89170	85.73743	84.88585	85.21716
6/14/2022	10:44:28 AM	85.30900	85.82430	84.93764	84.13950	84.13742	84.75114	84.52589	85.17302	85.64515	85.42242	85.83284	85.68004	84.83414	85.16257
6/14/2022	10:44:32 AM	85.25491	85.76706	84.88731	84.09458	84.09189	84.70269	84.47798	85.11832	85.58938	85.36757	85.77505	85.62309	84.78342	85.10866
6/14/2022	10:44:35 AM	85.20206	85.71031	84.83795	84.05122	84.04747	84.65465	84.43146	85.06555	85.53537	85.31469	85.71973	85.56931	84.73500	85.05701
6/14/2022	10:44:38 AM	85.14982	85.65535	84.78838	84.00739	84.00316	84.60777	84.38460	85.01223	85.48096	85.26053	85.66330	85.51365	84.68503	85.00418
6/14/2022	10:44:42 AM	85.09667	85.59923	84.73863	83.96271	83.95795	84.55961	84.33823	84.95965	85.42822	85.20843	85.60832	85.45990	84.63696	84.95362
6/14/2022	10:44:45 AM	85.04749	85.54640	84.69190	83.92162	83.91611	84.51495	84.29420	84.91015	85.37774	85.15852	85.55606	85.40827	84.59110	84.90596
6/14/2022	10:44:49 AM	84.99830	85.49429	84.64642	83.88071	83.87526	84.47070	84.25104	84.86035	85.32738	85.10913	85.50333	85.35696	84.54463	84.85647
6/14/2022	10:44:52 AM	84.94870	85.44144	84.59934	83.83928	83.83246	84.42558	84.20708	84.81039	85.27597	85.05890	85.45047	85.30519	84.49940	84.80830
6/14/2022	10:44:56 AM	84.90030	85.38997	84.55323	83.79779	83.79060	84.38073	84.16303	84.75971	85.22394	85.00803	85.39580	85.25162	84.45112	84.75723
6/14/2022	10:44:59 AM	84.84997	85.33601	84.50604	83.75632	83.74832	84.33531	84.11852	84.70907	85.17260	84.95790	85.34359	85.20094	84.40578	84.70973
6/14/2022	10:45:03 AM	84.80211	85.28543	84.46136	83.71638	83.70797	84.29177	84.07589	84.66140	85.12455	84.91067	85.29487	85.15257	84.36218	84.66309
6/14/2022	10:45:06 AM	84.75728	85.23724	84.41897	83.67926	83.66985	84.25129	84.03602	84.61626	85.07762	84.86419	85.24506	85.10378	84.31940	84.61743
6/14/2022	10:45:10 AM	84.70976	85.18776	84.37494	83.63972	83.62976	84.20823	83.99433	84.56898	85.03014	84.81759	85.19642	85.05646	84.27668	84.57313
6/14/2022	10:45:13 AM	84.66650	85.14150	84.33374	83.60291	83.59262	84.16858	83.95571	84.52468	84.98496	84.77290	85.14932	85.01057	84.23575	84.52969
6/14/2022	10:45:17 AM	84.62215	85.09444	84.29217	83.56605	83.55562	84.12917	83.91655	84.48019	84.93892	84.72817	85.10158	84.96342	84.19394	84.48541
6/14/2022	10:45:20 AM	84.57896	85.04734	84.25037	83.52910	83.51777	84.08854	83.87669	84.43488	84.89355	84.68335	85.05420	84.91791	84.15271	84.44210
6/14/2022	10:45:24 AM	84.53577	85.00209	84.21032	83.49319	83.48178	84.04918	83.83781	84.39094	84.84910	84.64040	85.00939	84.87420	84.11324	84.39981
6/14/2022	10:45:27 AM	84.49435	84.95786	84.17114	83.45791	83.44547	84.01017	83.80042	84.34872	84.80570	84.59839	84.96546	84.83111	84.07438	84.35949
6/14/2022	10:45:31 AM	84.45353	84.91416	84.13242	83.42333	83.41053	83.97313	83.76422	84.30697	84.76301	84.55635	84.92184	84.78846	84.03618	84.31850
6/14/2022	10:45:34 AM	84.41406	84.87260	84.09574	83.39056	83.37673	83.93708	83.72847	84.26724	84.72255	84.51646	84.87904	84.74703	83.99904	84.27960
6/14/2022	10:45:37 AM	84.37473	84.83032	84.05840	83.35744	83.34292	83.90059	83.69279	84.22631	84.68130	84.47548	84.83625	84.70459	83.96107	84.23919
6/14/2022	10:45:41 AM	84.33513	84.78798	84.02059	83.32384	83.30971	83.86374	83.65659	84.18598	84.64040	84.43589	84.79354	84.66316	83.92449	84.20058
6/14/2022	10:45:44 AM	84.29521	84.74533	83.98299	83.29049	83.27542	83.82799	83.62137	84.14574	84.59906	84.39505	84.75019	84.62049	83.88629	84.16030
6/14/2022	10:45:48 AM	84.25515	84.70325	83.94535	83.25670	83.24087	83.79038	83.58456	84.10419	84.55690	84.35421	84.70696	84.57869	83.84903	84.12109
6/14/2022	10:45:51 AM	84.21580	84.66110	83.90789	83.22289	83.20723	83.75496	83.54996	84.06543	84.51766	84.31500	84.66606	84.53806	83.81215	84.08264
6/14/2022	10:45:55 AM	84.17699	84.61982	83.87165	83.19116	83.17531	83.72009	83.51627	84.02701	84.47758	84.27678	84.62590	84.49828	83.77724	84.04526
6/14/2022	10:45:58 AM	84.13966	84.58002	83.83608	83.16008	83.14303	83.68588	83.48214	83.98882	84.43851	84.23788	84.58509	84.45811	83.74075	84.00732
6/14/2022	10:46:02 AM	84.10219	84.54101	83.80141	83.12907	83.11194	83.65229	83.44994	83.95166	84.40118	84.20124	84.54598	84.41966	83.70677	83.97130
6/14/2022	10:46:05 AM	84.06572	84.50188	83.76631	83.09706	83.07983	83.61788	83.41597	83.91435	84.36276	84.16414	84.50695	84.38166	83.67259	83.93570
6/14/2022	10:46:09 AM	84.03025	84.46409	83.73265	83.06756	83.04969	83.58616	83.38510	83.87910	84.32743	84.12898	84.46972	84.34516	83.63987	83.90104
6/14/2022	10:46:12 AM	83.99606	84.42748	83.70050	83.03851	83.01981	83.55403	83.35385	83.84404	84.29174	84.09352	84.43261	84.30891	83.60812	83.86772
6/14/2022	10:46:16 AM	83.96203	84.39155	83.66877	83.01026	82.99140	83.52311	83.32310	83.80940	84.25614	84.05848	84.39519	84.27256	83.57580	83.83298
6/14/2022	10:46:19 AM	83.92764	84.35440	83.63616	82.98107	82.96272	83.49115	83.29296	83.77439	84.21967	84.02301	84.35775	84.23537	83.54328	83.79890
6/14/2022	10:46:23 AM	83.89372	84.31891	83.60443	82.95307	82.93386	83.46084	83.26252	83.74015	84.18467	83.98848	84.32157	84.19967	83.51134	83.76531
6/14/2022	10:46:26 AM	83.85965	84.28280	83.57312	82.92484	82.90542	83.43010	83.23263	83.70653	84.15067	83.95466	84.28630	84.16540	83.48028	83.73281
6/14/2022	10:46:30 AM	83.82624	84.24776	83.54157	82.89752	82.87801	83.40043	83.20379	83.67360	84.11709	83.92205	84.25137	84.13149	83.45009	83.70135
6/14/2022	10:46:33 AM	83.79451	84.21344	83.51129	82.87083	82.85063	83.37131	83.17545	83.64097	84.08309	83.88850	84.21582	84.09678	83.41955	83.66814
6/14/2022	10:46:37 AM	83.76201	84.17872	83.48080	82.84336	82.82313	83.34136	83.14620	83.60826	84.05049	83.85612	84.18116	84.06339	83.38921	83.63679
6/14/2022	10:46:40 AM	83.73038	84.14501	83.45053	82.81636	82.79593	83.31232	83.11813	83.57631	84.01803	83.82402	84.14748	84.03069	83.36020	83.60584
6/14/2022	10:46:44 AM	83.70004	84.11327	83.42215	82.79094	82.77048	83.28487	83.09155	83.54657	83.98710	83.79398	84.11556	83.99930	83.33189	83.57701
6/14/2022	10:46:47 AM	83.67012	84.08148	83.39370	82.76555	82.74490	83.25788	83.06467	83.51701	83.95695	83.76424	84.08348	83.96767	83.30420	83.54778
6/14/2022	10:46:50 AM	83.64093	84.04972	83.36604	82.74092	82.71979	83.23036	83.03820	83.48689	83.92632	83.73389	84.05180	83.93709	83.27628	83.51855
6/14/2022	10:46:54 AM	83.61136	84.01832	83.33772	82.71554	82.69404	83.20274	83.01087	83.45601	83.89508	83.70297	84.01890	83.90508	83.24827	83.48816
6/14/2022	10:46:57 AM	83.58150	83.98677	83.30984	82.69100	82.66914	83.17642	82.98491	83.42661	83.86417	83.67274	83.98702	83.87387	83.22016	83.45901
6/14/2022	10:47:01 AM	83.55193	83.95463	83.28153	82.66576	82.64365	83.14894	82.95843	83.39658	83.83323	83.64312	83.95548	83.84305	83.19265	83.42985
6/14/2022	10:47:04 AM	83.52261	83.92371	83.25395	82.64137	82.61888	83.12225	82.93292	83.36796	83.80411	83.61427	83.92471	83.81291	83.16549	83.40229
6/14/2022	10:47:08 AM	83.49545	83.89457	83.22796	82.61815	82.59612	83.09800	82.90943	83.34089	83.77647	83.58721	83.89568	83.78519	83.14050	83.37533
6/14/2022	10:47:11 AM	83.46851	83.86624	83.20287	82.59601	82.57320	83.07336	82.88504	83.31364	83.74848	83.55940	83.86707	83.75614	83.11496	83.34851
6/14/2022	10:47:15 AM	83.44139	83.83740	83.17713	82.57297	82.54980	83.04807	82.86004	83.28586	83.71998	83.53114	83.83667	83.72667	83.08899	83.32037
6/14/2022	10:47:18 AM	83.41309	83.80690	83.15019	82.54894	82.52570	83.02225	82.83485	83.25764	83.69075	83.50268	83.80681	83.69809	83.06267	83.29364
6/14/2022	10:47:22 AM	83.38531	83.77765	83.12415	82.52643	82.50256	82.99737	82.81072	83.23092	83.66339	83.47565	83.77810	83.66963	83.03796	83.26734
6/14/2022	10:47:25 AM	83.35934	83.74969	83.09943	82.50401	82.48084	82.97348	82.78739	83.20398	83.63550	83.44745	83.74793	83.64013	83.01190	83.23952
6/14/2022	10:47:29 AM	83.33090	83.72017	83.07268	82.48095	82.45740	82.94834	82.76217	83.17595	83.60714	83.41954	83.71794	83.61143	82.98576	83.21259
6/14/2022	10:47:32 AM	83.30382	83.69129	83.04721	82.45815	82.43431	82.92346	82.73816	83.14923	83.57920	83.39237	83.68942	83.58336	82.96131	83.18692
6/14/2022	10:47:36 AM	83.27741	83.66363	83.02279	82.43613	82.41234	82.90016	82.71561	83.12341	83.55305	83.36622	83.66177	83.55626	82.93742	83.16149
6/14/2022	10:47:39 AM	83.25252	83.63699	82.99900	82.41498	82.39095	82.87783	82.69331	83.09883	83.52791	83.34134	83.63558	83.53136	82.91460	83.13793
6/14/2022	10:47:43 AM	83.22857	83.61194	82.97677	82.39532	82.37081	82.85598	82.67226	83.07501	83.50289	83.31707	83.60977	83.50600	82.89208	83.11389
6/14/2022	10:47:46 AM	83.20532	83.58686	82.95462	82.37562	82.35100	82.83440	82.65122	83.05196	83.47884	83.29299	83.58402	83.48087	82.86944	83.09066
6/14/2022	10:47:49 AM	83.18052	83.56070	82.93142	82.35496	82.32999	82.81235	82.62955	83.02703	83.45399	83.26821	83.55790	83.45533	82.84690	83.06671
6/14/2022	10:47:53 AM	83.15685	83.53552	82.90840	82.33437	82.30982	82.79033	82.60833	83.00336	83.42980	83.24410	83.53243	83.43054	82.82504	83.04373
6/14/2022	10:47:56 AM	83.13411	83.51102	82.88678	82.31509	82.29027	82.76947	82.58802	82.98064	83.40673	83.22138	83.50846	83.40712	82.80402	83.02163
6/14/2022	10:48:00 AM	83.11246	83.48799	82.86616	82.29663	82.27133	82.74939	82.56852	82.95920	83.38461	83.19926	83.48556	83.38507	82.78341	83.00107
6/14/2022	10:48:03 AM	83.09057	83.46481	82.84561	82.27776	82.25329	82.72987	82.54976	82.93828	83.36269	83.17770	83.46251	83.36254	82.76328	82.97976
6/14/2022	10:48:07 AM	83.06922	83.44156	82.82534	82.26019	82.23495	82.70945	82.53025	82.91575	83.33948	83.15495	83.43830	83.33892	82.74254	82.95752
6/14/2022	10:48:10 AM	83.04690	83.41785	82.80396	82.24117	82.21575	82.68919	82.50980	82.89297	83.31543	83.13169	83.41381	83.31486	82.72130	82.93510
6/14/2022	10:48:14 AM	83.02420	83.39349	82.78229	82.22206	82.19601	82.66820	82.49013	82.87108	83.29354	83.11021	83.39067	83.29222	82.70057	82.91401
6/14/2022	10:48:17 AM	83.00260	83.37089	82.76218	82.20346	82.17778	82.64889	82.47180	82.85016	83.27246	83.08900	83.36864	83.27123	82.68149	82.89409
6/14/2022	10:48:21 AM	82.98273	83.34965	82.74315	82.18686	82.16103	82.63065	82.45294	82.83029	83.25195	83.06867	83.34775	83.24999	82.66277	82.87469
6/14/2022	10:48:24 AM	82.96289	83.32849	82.72458	82.16984	82.14417	82.61227	82.43543	82.80988	83.23031	83.04790	83.32523	83.22869	82.64368	82.85425
6/14/2022	10:48:28 AM	82.94287	83.30676	82.70500	82.15238	82.12610	82.59275	82.41720	82.78882	83.20912	83.02660	83.30235	83.20619	82.62382	82.83381
6/14/2022	10:48:31 AM	82.92157	83.28449	82.68549	82.13518	82.10878	82.57422	82.39867	82.76854	83.18818	83.00607	83.28055	83.18510	82.60472	82.81340
6/14/2022	10:48:35 AM	82.90189	83.26363	82.66638	82.11854	82.09123	82.55573	82.38067	82.74854	83.16756	82.98537	83.25945	83.16402	82.58582	82.79442
6/14/2022	10:48:38 AM	82.88186	83.24202	82.64742	82.10087	82.07400	82.53741	82.36282	82.72846	83.14713	82.96543	83.23765	83.14339	82.56769	82.77489
6/14/2022	10:48:41 AM	82.86243	83.22199	82.62925	82.08542	82.05822	82.52065	82.34594	82.70978	83.12724	82.94556	83.21666	83.12306	82.54952	82.75624
6/14/2022	10:48:45 AM	82.84269	83.20149	82.61117	82.06926	82.04198	82.50299	82.32925	82.69073	83.10758	82.92604	83.19587	83.10285	82.53212	82.73730
6/14/2022	10:48:48 AM	82.82423	83.18203	82.59388	82.05407	82.02716	82.48664	82.31290	82.67231	83.08904	82.90716	83.17605	83.08336	82.51489	82.71962
6/14/2022	10:48:52 AM	82.80593	83.16210	82.57662	82.03828	82.01119	82.47008	82.29645	82.65406	83.06974	82.88837	83.15611	83.06405	82.49725	82.70094
6/14/2022	10:48:55 AM	82.78721	83.14244	82.55903	82.02261	81.99546	82.45291	82.28042	82.63578	83.05064	82.87008	83.13652	83.04510	82.48060	82.68346
6/14/2022	10:48:59 AM	82.76977	83.12387	82.54216	82.00747	81.98041	82.43685	82.26491	82.61848	83.03336	82.85208	83.11796	83.02714	82.46455	82.66703
6/14/2022	10:49:02 AM	82.75312	83.10565	82.52645	81.99341	81.96595	82.42150	82.24979	82.60202	83.01596	82.83498	83.09913	83.00901	82.44884	82.65035
6/14/2022	10:49:06 AM	82.73539	83.08730	82.50998	81.97891	81.95139	82.40524	82.23421	82.58422	82.99776	82.81672	83.08026	82.99128	82.43218	82.63339
6/14/2022	10:49:09 AM	82.71905	83.06961	82.49442	81.96493	81.93673	82.39018	82.21978	82.56788	82.98074	82.79961	83.06269	82.97353	82.41669	82.61739
6/14/2022	10:49:13 AM	82.70223	83.05189	82.47849	81.95062	81.92273	82.37450	82.20513	82.55131	82.96347	82.78286	83.04425	82.95630	82.40112	82.60057
6/14/2022	10:49:16 AM	82.68594	83.03426	82.46268	81.93685	81.90905	82.35979	82.18971	82.53424	82.94588	82.76491	83.02537	82.93779	82.38454	82.58314
6/14/2022	10:49:20 AM	82.66840	83.01550	82.44600	81.92177	81.89323	82.34289	82.17353	82.51625	82.92753	82.74671	83.00537	82.91877	82.36758	82.56519
6/14/2022	10:49:23 AM	82.65068	82.99714	82.42982	81.90718	81.87825	82.32713	82.15857	82.49870	82.90975	82.72933	82.98741	82.90123	82.35170	82.54887
6/14/2022	10:49:27 AM	82.63314	82.97827	82.41260	81.89208	81.86340	82.31110	82.14329	82.48223	82.89228	82.71214	82.96903	82.88358	82.33555	82.53238
6/14/2022	10:49:30 AM	82.61755	82.96169	82.39726	81.87859	81.84931	82.29624	82.12847	82.46597	82.87585	82.69580	82.95230	82.86675	82.32075	82.51685
6/14/2022	10:49:34 AM	82.60122	82.94494	82.38322	81.86538	81.83673	82.28258	82.11541	82.45147	82.86026	82.68027	82.93573	82.85089	82.30651	82.50203
6/14/2022	10:49:37 AM	82.58589	82.92856	82.36738	81.85215	81.82270	82.26754	82.10103	82.43511	82.84416	82.66481	82.91903	82.83508	82.29220	82.48688
6/14/2022	10:49:41 AM	82.57105	82.91265	82.35367	81.83916	81.80985	82.25419	82.08801	82.42083	82.82943	82.64945	82.90309	82.81937	82.27848	82.47272
6/14/2022	10:49:44 AM	82.55669	82.89738	82.33987	81.82692	81.79796	82.24102	82.07491	82.40641	82.81458	82.63487	82.88774	82.80398	82.26503	82.45836
6/14/2022	10:49:48 AM	82.54267	82.88214	82.32607	81.81459	81.78524	82.22728	82.06232	82.39228	82.79945	82.61976	82.87218	82.78948	82.25106	82.44433
6/14/2022	10:49:51 AM	82.52867	82.86757	82.31318	81.80242	81.77336	82.21463	82.05002	82.37790	82.78515	82.60632	82.85775	82.77508	82.23828	82.43134
6/14/2022	10:49:55 AM	82.51526	82.85268	82.30042	81.79150	81.76158	82.20223	82.03771	82.36454	82.77111	82.59201	82.84274	82.76123	82.22619	82.41777
6/14/2022	10:49:58 AM	82.50204	82.83867	82.28757	81.78021	81.75048	82.19036	82.02619	82.35147	82.75745	82.57839	82.82876	82.74677	82.21334	82.40418
6/14/2022	10:50:01 AM	82.48837	82.82447	82.27510	81.76848	81.73880	82.17741	82.01373	82.33757	82.74371	82.56516	82.81450	82.73281	82.20059	82.39144
6/14/2022	10:50:05 AM	82.47505	82.81045	82.26271	81.75749	81.72741	82.16543	82.00232	82.32471	82.72969	82.55121	82.79958	82.71887	82.18819	82.37866
6/14/2022	10:50:08 AM	82.46219	82.79597	82.24987	81.74641	81.71606	82.15345	81.99057	82.31136	82.71593	82.53830	82.78590	82.70530	82.17592	82.36589
6/14/2022	10:50:12 AM	82.44928	82.78269	82.23726	81.73550	81.70453	82.14051	81.97853	82.29808	82.70305	82.52472	82.77136	82.69147	82.16351	82.35323
6/14/2022	10:50:15 AM	82.43609	82.76858	82.22492	81.72414	81.69347	82.12911	81.96703	82.28565	82.68919	82.51138	82.75764	82.67757	82.15140	82.33992
6/14/2022	10:50:19 AM	82.42331	82.75507	82.21313	81.71343	81.68276	82.11750	81.95566	82.27255	82.67586	82.49845	82.74377	82.66462	82.13948	82.32783
6/14/2022	10:50:22 AM	82.41088	82.74132	82.20099	81.70258	81.67158	82.10580	81.94435	82.26002	82.66299	82.48560	82.73054	82.65129	82.12756	82.31544
6/14/2022	10:50:25 AM	82.39876	82.72927	82.18961	81.69222	81.66117	82.09426	81.93380	82.24815	82.65097	82.47374	82.71803	82.63910	82.11668	82.30422
6/14/2022	10:50:29 AM	82.38670	82.71624	82.17807	81.68204	81.65076	82.08382	81.92306	82.23657	82.63848	82.46146	82.70556	82.62639	82.10552	82.29249
6/14/2022	10:50:32 AM	82.37524	82.70407	82.16713	81.67270	81.64104	82.07299	81.91270	82.22478	82.62630	82.44947	82.69280	82.61425	82.09498	82.28140
6/14/2022	10:50:36 AM	82.36370	82.69116	82.15594	81.66261	81.63076	82.06216	81.90256	82.21269	82.61403	82.43723	82.67969	82.60155	82.08322	82.26934
6/14/2022	10:50:39 AM	82.35162	82.67850	82.14477	81.65222	81.62082	82.05130	81.89190	82.20120	82.60222	82.42544	82.66778	82.58972	82.07277	82.25838
6/14/2022	10:50:43 AM	82.34073	82.66712	82.13361	81.64252	81.61053	82.04084	81.88173	82.19019	82.59113	82.41444	82.65550	82.57794	82.06226	82.24710
6/14/2022	10:50:46 AM	82.32971	82.65538	82.12310	81.63347	81.60119	82.03052	81.87248	82.17938	82.57968	82.40360	82.64413	82.56680	82.05166	82.23654
6/14/2022	10:50:50 AM	82.31930	82.64379	82.11307	81.62365	81.59151	82.02046	81.86273	82.16896	82.56884	82.39255	82.63297	82.55573	82.04194	82.22630
6/14/2022	10:50:53 AM	82.30832	82.63309	82.10334	81.61494	81.58266	82.01066	81.85294	82.15735	82.55701	82.38138	82.62089	82.54408	82.03133	82.21521
6/14/2022	10:50:57 AM	82.29720	82.62085	82.09264	81.60538	81.57250	81.99972	81.84226	82.14629	82.54577	82.36984	82.60853	82.53204	82.02058	82.20396
6/14/2022	10:51:00 AM	82.28626	82.60964	82.08195	81.59620	81.56340	81.98990	81.83307	82.13580	82.53479	82.35896	82.59789	82.52132	82.01069	82.19458
6/14/2022	10:51:03 AM	82.27656	82.59836	82.07267	81.58730	81.55472	81.98024	81.82370	82.12581	82.52447	82.34889	82.58721	82.51157	82.00188	82.18506
6/14/2022	10:51:07 AM	82.26747	82.58939	82.06442	81.58033	81.54773	81.97341	81.81704	82.11865	82.51640	82.34138	82.56882	82.48271	81.97791	82.14415
6/14/2022	10:51:10 AM	82.22316	82.52082	81.89276	81.51484	76.65145	81.77230	81.54138	76.37518	80.09542	81.90373	82.01712	81.81074	81.36219	81.16773
6/14/2022	10:51:14 AM	81.66173	81.98025	81.48571	76.48648	76.37980	81.34888	81.12134	76.38237	77.34763	81.52988	81.67871	81.53061	81.12760	81.02363
6/14/2022	10:51:17 AM	81.44975	81.77850	81.32421	76.48650	76.37700	81.22605	81.03539	76.40479	77.07156	81.41620	81.57354	81.47403	81.05775	81.03218
6/14/2022	10:51:21 AM	81.34202	81.68173	81.21295	76.54954	76.38116	81.14140	80.97959	76.41410	77.04048	81.32345	81.47545	81.40328	81.01313	81.01858
6/14/2022	10:51:24 AM	81.24084	81.59594	81.12744	76.62216	76.38959	81.05652	80.91112	76.42074	77.07477	81.23830	81.38188	81.32798	80.94222	80.96093
6/14/2022	10:51:28 AM	81.12089	81.47387	80.99968	76.71791	76.39731	76.43338	80.80360	76.43137	77.45072	81.09374	81.19324	81.15015	80.82990	80.90277
6/14/2022	10:51:31 AM	81.03196	81.38428	81.08053	76.99640	76.40815	76.49279	80.38651	76.43687	78.04622	81.15987	81.00647	80.96271	80.55861	80.69163
6/14/2022	10:51:35 AM	80.73854	81.07720	80.74812	77.19600	76.41386	76.56738	79.80862	76.44554	77.90152	80.88900	80.63573	80.82466	80.40206	80.50717
6/14/2022	10:51:38 AM	80.55450	80.93048	80.54199	77.30293	76.41433	76.60496	79.31344	76.44269	77.68575	80.62165	80.24131	80.58739	80.20249	80.30600
6/14/2022	10:51:41 AM	80.35766	80.75445	80.36247	77.64722	76.41522	76.64921	78.91411	76.45896	77.59349	80.45051	80.00558	80.37253	79.79150	79.83293
6/14/2022	10:51:45 AM	80.11302	80.52587	80.09190	78.00727	76.43018	76.61647	76.44489	76.44320	76.48804	76.65584	76.57339	76.49280	76.54555	76.48021
6/14/2022	10:51:48 AM	76.51812	76.43567	76.51374	76.51126	76.43347	76.47637	76.47763	76.47850	76.50154	76.48346	76.50465	76.44714	76.48355	76.49487
6/14/2022	10:51:52 AM	76.53141	76.44859	76.52005	76.53888	76.43005	76.46877	76.48792	76.48428	76.50447	76.48945	76.52669	76.46994	76.48899	76.49511
6/14/2022	10:51:55 AM	76.54167	76.46342	76.52194	76.55028	76.44047	76.47761	76.48345	76.48163	76.50677	76.49327	76.52845	76.47959	76.48277	76.49089
