6/13/2022	3:45:47 PM	298.84489	298.42947	298.49505	298.94462	298.69598	298.70051	298.66434	298.72305	298.76319	298.58968	298.72417	298.71304	298.63606	298.64466
6/13/2022	3:45:50 PM	298.84539	298.43023	298.49530	298.94448	298.69653	298.70101	298.66470	298.72446	298.76256	298.59108	298.72306	298.71244	298.63594	298.64999
6/13/2022	3:45:54 PM	298.84527	298.42988	298.49502	298.94379	298.69611	298.70082	298.66467	298.72305	298.76266	298.59036	298.72466	298.71425	298.63701	298.64593
6/13/2022	3:45:58 PM	298.84534	298.43001	298.49605	298.94525	298.69667	298.70214	298.66627	298.72506	298.76406	298.59144	298.72563	298.71419	298.63480	298.64503
6/13/2022	3:46:02 PM	298.84621	298.43039	298.49692	298.94551	298.69768	298.70259	298.66577	298.72459	298.76541	298.59181	298.72593	298.71482	298.63805	298.64980
6/13/2022	3:46:06 PM	298.84722	298.43099	298.49713	298.94870	298.69931	298.70300	298.66753	298.72490	298.75539	298.59434	298.72537	298.71475	298.63701	298.64025
6/13/2022	3:46:10 PM	298.84940	298.43184	298.49646	298.94512	298.69563	298.70106	298.66238	298.71741	298.75412	298.57722	298.70930	298.69036	298.60796	298.59839
6/13/2022	3:46:14 PM	298.76591	298.32484	298.34885	298.72576	298.43645	298.38395	298.29552	298.29766	298.29787	298.03703	298.09918	297.98016	297.88302	297.85932
6/13/2022	3:46:17 PM	297.79287	297.27764	297.17836	297.36953	296.97242	296.87239	296.70795	296.71819	296.66312	296.27242	296.29918	295.98284	295.89753	295.82478
6/13/2022	3:46:21 PM	295.48442	294.87152	294.59944	294.49506	293.96955	293.83213	293.59544	293.72611	293.66356	293.14584	293.27698	292.76800	292.68263	292.58192
6/13/2022	3:46:25 PM	292.09518	291.32276	290.85111	290.39063	289.70053	289.53558	289.12637	289.27009	289.04515	288.17049	288.29365	287.36461	287.44119	287.20034
6/13/2022	3:46:29 PM	285.97836	285.09163	284.36665	283.67245	283.02949	283.04850	282.55623	282.91476	282.66777	281.79683	282.04494	281.03868	281.12039	281.00877
6/13/2022	3:46:33 PM	279.73022	278.92327	278.11601	277.13149	276.36329	276.48154	275.89750	276.42595	276.11746	275.17262	275.50004	274.18408	274.43742	274.34664
6/13/2022	3:46:36 PM	272.75467	272.08862	270.93216	269.22180	267.74187	267.77495	266.76543	267.34754	266.94844	265.37290	265.12252	262.80164	262.01966	263.88259
6/13/2022	3:46:40 PM	259.64996	259.05999	257.86774	256.63141	255.22208	256.08068	255.09862	255.88536	257.10043	255.33824	255.71252	253.19141	253.02520	255.62383
6/13/2022	3:46:44 PM	251.05116	250.86287	249.93402	248.49486	247.08993	248.39644	247.44184	248.31912	249.43696	247.61738	248.16923	245.76684	246.01397	248.12108
6/13/2022	3:46:48 PM	243.42474	243.77629	242.54350	241.05750	239.60554	241.17852	240.13187	241.07005	242.10787	240.25940	240.89781	238.58864	239.07833	240.78851
6/13/2022	3:46:51 PM	236.13656	236.90853	235.42584	233.57688	231.90801	233.54188	232.33774	233.46800	234.44812	232.63852	233.52744	231.24765	231.84330	233.20182
6/13/2022	3:46:55 PM	228.85891	229.88777	228.07331	225.79647	223.80129	225.46937	223.97430	225.27400	226.16293	224.24296	225.29861	223.01913	223.37251	224.28928
6/13/2022	3:46:59 PM	220.17517	221.54746	219.43581	216.51142	214.04941	215.74676	214.01617	215.54720	216.33126	214.44675	216.08800	213.97776	213.85537	214.76990
6/13/2022	3:47:03 PM	211.59270	213.31571	210.89579	207.53562	204.81173	206.58339	204.64877	206.45824	207.29732	205.53942	207.72742	205.79555	205.14776	205.94179
6/13/2022	3:47:07 PM	203.40950	205.46268	202.91785	199.14641	196.32975	198.17442	196.00848	197.99879	198.85023	197.15274	199.86103	198.14057	197.06344	197.73208
6/13/2022	3:47:11 PM	195.94344	198.33948	195.54613	191.40356	188.59148	190.52458	188.23499	190.30642	191.24120	189.52137	192.66509	191.12499	189.71900	190.32494
6/13/2022	3:47:14 PM	189.15134	191.82420	188.74422	184.37717	181.61087	183.62463	181.23747	183.41549	184.48739	182.75008	186.15635	184.89025	183.25962	183.83926
6/13/2022	3:47:18 PM	183.33469	186.24945	182.86076	178.47009	175.76274	177.90554	175.43905	177.63209	178.71534	176.90914	180.43303	179.37420	177.47980	178.03002
6/13/2022	3:47:22 PM	177.86135	181.07391	177.38802	172.97543	170.35426	172.56140	170.04817	172.26287	173.38951	171.61976	175.18110	174.33641	172.28850	172.80739
6/13/2022	3:47:26 PM	172.96367	176.43807	172.51379	168.14365	165.61794	167.88125	165.31327	167.57008	168.74626	166.96969	170.56539	169.86906	167.63539	168.14919
6/13/2022	3:47:30 PM	168.54599	172.26453	168.13416	163.80362	161.38661	163.66529	161.07306	163.33894	164.55958	162.78891	166.41005	165.84571	163.47832	164.00420
6/13/2022	3:47:33 PM	164.59633	168.51999	164.19565	159.93044	157.61602	159.88028	157.26543	159.55226	160.80563	159.01748	162.65483	162.20165	159.71442	160.26402
6/13/2022	3:47:37 PM	160.94492	165.04403	160.58210	156.37156	154.18242	156.44716	153.82635	156.10970	157.40102	155.60092	159.23893	158.88463	156.31595	156.88395
6/13/2022	3:47:41 PM	157.74420	161.95932	157.39530	153.25448	151.15584	153.43816	150.81841	153.08293	154.44144	152.65019	156.28485	156.01935	153.37794	153.98983
6/13/2022	3:47:45 PM	154.96274	159.24503	154.58283	150.51514	148.51181	150.80283	148.19747	150.45241	151.82457	150.02208	153.61756	153.41217	150.70718	151.32427
6/13/2022	3:47:49 PM	152.32873	156.67266	151.94118	147.93583	146.03191	148.31598	145.70614	147.94012	149.34065	147.54126	151.11743	150.96556	148.21342	148.85985
6/13/2022	3:47:52 PM	149.96430	154.34266	149.56733	145.66018	143.82272	146.13157	143.53812	145.76860	147.19663	145.40356	148.94572	148.84527	146.05476	146.69574
6/13/2022	3:47:56 PM	147.86833	152.26544	147.43138	143.57733	141.80500	144.09412	141.52017	143.71349	145.16857	143.38170	146.89124	146.83852	144.03078	144.68430
6/13/2022	3:48:00 PM	145.89255	150.29912	145.43802	141.65839	139.93263	142.21917	139.65538	141.83243	143.30265	141.53396	145.00901	144.99840	142.17663	142.83960
6/13/2022	3:48:04 PM	144.08012	148.48082	143.60255	139.88353	138.20557	140.48675	137.93514	140.09081	141.58109	139.83313	143.28835	143.29486	140.45765	141.13239
6/13/2022	3:48:08 PM	142.43958	146.81835	141.93074	138.26635	136.63455	138.89973	136.36700	138.50037	140.00524	138.28501	141.70660	141.72724	138.88270	139.55380
6/13/2022	3:48:11 PM	140.86425	145.22862	140.34591	136.73271	135.13584	137.39185	134.88222	136.99270	138.51663	136.82360	140.21322	140.26251	137.41716	138.09691
6/13/2022	3:48:15 PM	139.44726	143.78060	138.91084	135.34520	133.78363	136.02976	133.54152	135.63576	137.16363	135.48729	138.84205	138.89575	136.08240	136.77333
6/13/2022	3:48:19 PM	138.07955	142.38455	137.43652	133.84759	133.37373	135.06030	133.25598	133.98252	135.52729	134.15475	136.92147	136.75241	134.20692	134.71906
6/13/2022	3:48:23 PM	135.59572	140.46765	135.62743	132.41557	132.23995	134.26747	132.45410	133.10671	134.41749	132.72298	135.27829	135.17159	133.02693	133.47079
6/13/2022	3:48:26 PM	134.21100	138.91366	134.05355	131.06240	130.63115	132.78635	130.89616	131.79202	133.12173	131.40694	134.00203	133.87061	131.66726	132.16754
6/13/2022	3:48:30 PM	132.87520	137.44075	132.64273	129.72189	129.10831	131.35417	129.39828	130.56608	131.92343	130.18626	132.83141	132.68612	130.44653	130.99637
6/13/2022	3:48:34 PM	131.69713	136.15352	131.43058	128.53091	127.79852	130.09626	128.08696	129.46651	130.81404	129.06642	131.73866	131.57358	129.30713	129.89196
6/13/2022	3:48:38 PM	130.59537	134.97195	130.30631	127.40507	126.60323	128.92224	126.88390	128.41192	129.75735	128.00821	130.69915	130.52539	128.24366	128.86230
6/13/2022	3:48:42 PM	129.55990	133.87219	129.26328	126.35337	125.51104	127.84632	125.79399	127.43073	128.76580	127.01647	129.71336	129.53876	127.24440	127.89032
6/13/2022	3:48:45 PM	128.57549	132.83747	128.27634	125.36369	124.50023	126.83673	124.78282	126.49419	127.82899	126.08624	128.78819	128.61317	126.30915	126.98491
6/13/2022	3:48:49 PM	127.65561	131.87408	127.35320	124.43112	123.55431	125.88266	123.83871	125.60034	126.93198	125.20502	127.89842	127.72219	125.41616	126.10904
6/13/2022	3:48:53 PM	126.78608	130.96614	126.48480	123.56520	122.67670	124.99251	122.95468	124.74724	126.07935	124.36981	127.05469	126.88151	124.57746	125.28543
6/13/2022	3:48:57 PM	125.96780	130.10856	125.66761	122.75339	121.86497	124.16476	122.14107	123.95893	125.29333	123.60336	126.27397	126.11067	123.81152	124.53173
6/13/2022	3:49:01 PM	125.19110	129.29531	124.89832	121.98823	121.09472	123.36886	121.36035	123.18882	124.52284	122.85285	125.51256	125.35425	123.06519	123.79463
6/13/2022	3:49:04 PM	124.46179	128.53188	124.16758	121.26657	120.37457	122.62464	120.62861	122.46438	123.79570	122.15092	124.79634	124.64012	122.36024	123.09605
6/13/2022	3:49:08 PM	123.76636	127.79679	123.46957	120.58056	119.68675	121.90717	119.93220	121.76939	123.09842	121.47948	124.10537	123.95420	121.68647	122.42712
6/13/2022	3:49:12 PM	123.09335	127.08499	122.80476	119.92921	119.04485	121.23601	119.28192	121.12076	122.44918	120.85636	123.46892	123.32398	121.07245	121.81835
6/13/2022	3:49:16 PM	122.48890	126.44445	122.20569	119.34750	118.47109	120.63743	118.70263	120.53746	121.86513	120.29961	122.89860	122.76077	120.52614	121.27270
6/13/2022	3:49:20 PM	121.95020	125.87126	121.67585	118.82807	117.96169	120.09717	118.18208	120.00830	121.33092	119.79173	122.37473	122.24776	120.03188	120.78219
6/13/2022	3:49:23 PM	121.45471	125.33807	121.18668	118.35903	117.50427	119.60712	117.71190	119.52948	120.84695	119.33224	121.89580	121.77187	119.57364	120.32376
6/13/2022	3:49:27 PM	121.00096	124.84374	120.73666	117.92272	117.07365	119.14278	117.26565	119.07029	120.38199	118.88757	121.43460	121.31623	119.13248	119.88076
6/13/2022	3:49:31 PM	120.55459	124.35668	120.29125	117.49323	116.64774	118.68301	116.82511	118.62133	119.92443	118.45126	120.98003	120.86491	118.69644	119.44405
6/13/2022	3:49:35 PM	120.11080	123.87156	119.84884	117.06573	116.22639	118.22246	116.38466	118.17022	119.46693	118.01088	120.52235	120.41337	118.26012	119.00551
6/13/2022	3:49:39 PM	119.66671	123.38528	119.40652	116.63713	115.79639	117.75911	115.93710	117.71433	119.00280	117.56743	120.05860	119.95565	117.81823	118.55727
6/13/2022	3:49:42 PM	119.21269	122.89034	118.95502	116.20071	115.36202	117.29149	115.48791	117.25723	118.53613	117.12161	119.59587	119.49444	117.37426	118.10968
6/13/2022	3:49:46 PM	118.77002	122.40431	118.51115	115.77097	114.93550	116.82920	115.04140	116.80347	118.07233	116.67789	119.13588	119.04031	116.93344	117.66310
6/13/2022	3:49:50 PM	118.32556	121.92030	118.06537	115.33824	114.50173	116.36221	114.59084	116.34128	117.60378	116.22726	118.66610	118.57380	116.48031	117.20835
6/13/2022	3:49:54 PM	117.86898	121.42076	117.60983	114.89497	114.06008	115.88687	114.13151	115.87756	117.13338	115.77657	118.19940	118.11030	116.03073	116.75320
6/13/2022	3:49:58 PM	117.41056	120.92339	117.15349	114.45324	113.62021	115.41740	113.67794	115.41651	116.66269	115.32631	117.73044	117.64858	115.58300	116.30175
6/13/2022	3:50:02 PM	116.96843	120.44366	116.71178	114.02370	113.19233	114.95998	113.23451	114.96806	116.20325	114.88702	117.27739	117.20086	115.14722	115.85894
6/13/2022	3:50:05 PM	116.53867	119.97500	116.28064	113.60291	112.77300	114.50931	112.79987	114.52403	115.74955	114.45288	116.82495	116.75691	114.71721	115.42608
6/13/2022	3:50:09 PM	116.10553	119.50770	115.84843	113.18266	112.35704	114.06959	112.37459	114.09487	115.31311	114.03765	116.39212	116.32353	114.29373	114.99415
6/13/2022	3:50:13 PM	115.67477	119.04236	115.42006	112.76584	111.94413	113.62706	111.94661	113.65657	114.86386	113.60785	115.94643	115.88142	113.86372	114.55740
6/13/2022	3:50:17 PM	115.24524	118.57958	114.99395	112.35416	111.53731	113.19572	111.52943	113.23805	114.43530	113.20002	115.52232	115.46367	113.45650	114.14505
6/13/2022	3:50:20 PM	114.82608	118.12382	114.57298	111.94352	111.12966	112.76068	111.10778	112.80790	113.99498	112.77579	115.08104	115.02521	113.03167	113.71588
6/13/2022	3:50:24 PM	114.40936	117.67446	114.15710	111.53975	110.73120	112.33715	110.70049	112.39424	113.56991	112.36823	114.65629	114.60413	112.61959	113.30048
6/13/2022	3:50:28 PM	113.99016	117.22020	113.73795	111.13356	110.33049	111.91078	110.28753	111.97332	113.13826	111.95503	114.22508	114.17932	112.20417	112.88048
6/13/2022	3:50:32 PM	113.57787	116.77497	113.32869	110.73686	109.93825	111.49405	109.88584	111.56764	112.72110	111.55618	113.81040	113.76866	111.80343	112.47447
6/13/2022	3:50:35 PM	113.17293	116.33936	112.92380	110.34567	109.55216	111.08366	109.48724	111.16169	112.30554	111.15790	113.39624	113.35867	111.40402	112.07235
6/13/2022	3:50:39 PM	112.76358	115.89527	112.51366	109.94908	109.16076	110.66874	109.08839	110.75559	111.88927	110.75940	112.97885	112.94597	111.00260	111.66575
6/13/2022	3:50:43 PM	112.37080	115.47090	112.12127	109.56976	108.78864	110.27286	108.70668	110.36791	111.48972	110.37656	112.58077	112.55160	110.61859	111.27705
6/13/2022	3:50:47 PM	111.98320	115.05241	111.73504	109.19806	108.42047	109.88320	108.33206	109.98585	111.09593	110.00001	112.18876	112.16285	110.23878	110.89267
6/13/2022	3:50:51 PM	111.59879	114.63618	111.35309	108.82802	108.05537	109.49700	107.95820	109.60508	110.70397	109.62371	111.79343	111.77289	109.86127	110.51228
6/13/2022	3:50:55 PM	111.22090	114.22869	110.97510	108.46712	107.69957	109.12138	107.59696	109.23566	110.32187	109.26041	111.41560	111.39839	109.49899	110.14643
6/13/2022	3:50:58 PM	110.84606	113.82401	110.60193	108.10877	107.34700	108.74631	107.23436	108.86329	109.93814	108.89556	111.03172	111.01622	109.12860	109.77185
6/13/2022	3:51:02 PM	110.47913	113.42826	110.23685	107.75791	107.00252	108.38316	106.88396	108.50393	109.56610	108.54050	110.65904	110.64891	108.77285	109.41097
6/13/2022	3:51:06 PM	110.11382	113.03365	109.87429	107.41025	106.66049	108.01790	106.53243	108.14279	109.19423	108.18375	110.28607	110.27812	108.41281	109.04931
6/13/2022	3:51:10 PM	109.75490	112.64496	109.51769	107.06757	106.32502	107.66547	106.19270	107.79702	108.83842	107.84172	109.92804	109.92132	108.07076	108.70234
6/13/2022	3:51:14 PM	109.40390	112.26798	109.16879	106.73621	105.99886	107.31777	105.85824	107.45040	108.48215	107.50129	109.57188	109.56618	107.72688	108.35508
6/13/2022	3:51:17 PM	109.05558	111.89091	108.82483	106.40497	105.67530	106.98023	105.53247	107.12155	108.14014	107.17537	109.22908	109.22414	107.39582	108.02075
6/13/2022	3:51:21 PM	108.71778	111.52389	108.48423	106.07801	105.35242	106.63484	105.19976	106.77572	107.78374	106.83482	108.87163	108.86881	107.05078	107.67117
6/13/2022	3:51:25 PM	108.37135	111.15045	108.13872	105.75042	105.03294	106.29817	104.87648	106.44520	107.44079	106.50740	108.52690	108.52543	106.71787	107.33543
6/13/2022	3:51:29 PM	108.03285	110.78190	107.79926	105.42416	104.70911	105.95705	104.54863	106.11091	107.09387	106.17226	108.17694	108.17802	106.38216	106.99691
6/13/2022	3:51:33 PM	107.69036	110.41161	107.45729	105.09870	104.39045	105.61996	104.22501	105.77852	106.75319	105.84713	107.83473	107.83783	106.05592	106.66677
6/13/2022	3:51:36 PM	107.35858	110.05273	107.12841	104.78428	104.08153	105.29486	103.91226	105.45709	106.41566	105.52227	107.49135	107.49905	105.72819	106.33472
6/13/2022	3:51:40 PM	107.03207	109.69897	106.80315	104.47465	103.77719	104.97618	103.60469	105.14170	106.08899	105.20853	107.16133	107.17168	105.41001	106.01237
6/13/2022	3:51:44 PM	106.70747	109.35052	106.48263	104.17041	103.48005	104.66263	103.30472	104.83307	105.76861	104.90190	106.83804	106.85198	105.10154	105.70185
6/13/2022	3:51:48 PM	106.39080	109.00656	106.16503	103.86960	103.18627	104.35303	103.00734	104.52754	105.45180	104.59835	106.51766	106.53402	104.79342	105.39183
6/13/2022	3:51:52 PM	106.07968	108.67056	105.85710	103.57632	102.89754	104.05042	102.71353	104.22699	105.13976	104.29895	106.20042	106.21988	104.49053	105.08543
6/13/2022	3:51:55 PM	105.77053	108.33357	105.54921	103.28398	102.61134	103.74889	102.42640	103.93309	104.83091	104.00045	105.88490	105.90621	104.18952	104.78134
6/13/2022	3:51:59 PM	105.45825	107.99581	105.23926	102.99055	102.32659	103.44823	102.13464	103.63003	104.51864	103.70009	105.56858	105.59134	103.88642	104.47490
6/13/2022	3:52:03 PM	105.15699	107.66860	104.93887	102.70671	102.04896	103.15584	101.85556	103.34608	104.22321	103.41665	105.26767	105.29357	103.60131	104.18512
6/13/2022	3:52:07 PM	104.86603	107.35466	104.65273	102.43611	101.78333	102.87638	101.58773	103.06727	103.93281	103.13751	104.97320	104.99975	103.31753	103.89940
6/13/2022	3:52:11 PM	104.56953	107.03333	104.35871	102.15988	101.51367	102.59563	101.31722	102.78854	103.64243	102.85721	104.67499	104.70432	103.03155	103.60805
6/13/2022	3:52:14 PM	104.27850	106.71863	104.06878	101.88488	101.24462	102.31281	101.04613	102.50922	103.35329	102.58257	104.38395	104.41670	102.75701	103.33022
6/13/2022	3:52:18 PM	104.00038	106.41619	103.79304	101.62634	100.99169	102.04851	100.79445	102.24516	103.07977	102.31594	104.10130	104.13411	102.48373	103.05488
6/13/2022	3:52:22 PM	103.71805	106.10865	103.51090	101.35942	100.72847	101.77125	100.52763	101.96849	102.79153	102.04089	103.80957	103.84293	102.20278	102.76838
6/13/2022	3:52:26 PM	103.42807	105.79432	103.22060	101.08609	100.46128	101.49426	100.26073	101.69383	102.50539	101.76628	103.51813	103.55358	101.92695	102.48838
6/13/2022	3:52:30 PM	103.14986	105.49285	102.94438	100.82548	100.20657	101.22727	100.00480	101.42761	102.23006	101.50165	103.23725	103.27475	101.65888	102.21705
6/13/2022	3:52:33 PM	102.87274	105.19236	102.66979	100.56751	99.95398	100.96384	99.75369	101.16728	101.95991	101.24132	102.96032	102.99851	101.39401	101.94837
6/13/2022	3:52:37 PM	102.59950	104.89551	102.39897	100.31235	99.70454	100.70143	99.50191	100.90709	101.68845	100.97983	102.68304	102.72397	101.12947	101.68150
6/13/2022	3:52:41 PM	102.32592	104.59906	102.12672	100.05671	99.45619	100.44153	99.25332	100.64838	101.42070	100.72276	102.40959	102.45384	100.86981	101.41514
6/13/2022	3:52:45 PM	102.05803	104.30867	101.86137	99.80853	99.21875	100.19907	99.02485	100.40773	101.15798	100.45141	102.02955	101.98021	100.51754	101.09589
6/13/2022	3:52:49 PM	101.49776	103.88072	101.39801	99.49673	99.56655	100.62445	99.40136	101.03280	101.23398	100.02410	101.25104	101.24157	100.16521	100.60816
6/13/2022	3:52:52 PM	100.70418	102.94151	100.73280	99.07751	99.05051	100.17647	99.03440	100.54783	100.81899	99.67734	100.87078	100.79132	99.74103	100.20663
6/13/2022	3:52:56 PM	100.23664	102.43359	100.22990	98.62368	98.51387	99.65097	98.58548	100.02563	100.37807	99.32301	100.49563	100.36954	99.30069	99.79371
6/13/2022	3:53:00 PM	99.80114	101.97454	99.77440	98.18403	98.03674	99.18999	98.18231	99.59193	100.00076	98.99916	100.17315	100.00711	98.93469	99.45846
6/13/2022	3:53:04 PM	99.43955	101.61012	99.42943	97.83758	97.68405	98.84665	97.87737	99.26545	99.70189	98.73910	99.91357	99.72009	98.64837	99.19299
6/13/2022	3:53:08 PM	99.14828	101.31106	99.15031	97.55629	97.40511	98.56853	97.62684	99.00432	99.45278	98.51227	99.68396	99.46596	98.39937	98.95594
6/13/2022	3:53:12 PM	98.88612	101.03790	98.89459	97.30181	97.15051	98.31243	97.39115	98.75708	99.20211	98.27943	99.44263	99.20649	98.14250	98.70424
6/13/2022	3:53:15 PM	98.60499	100.73925	98.61499	97.02598	96.87300	98.03076	97.12495	98.48293	98.92583	98.01567	99.17103	98.92247	97.86509	98.43204
6/13/2022	3:53:19 PM	98.32423	100.44454	98.34327	96.76210	96.60992	97.76788	96.87555	98.22577	98.66235	97.76453	98.91042	98.65123	97.60356	98.17052
6/13/2022	3:53:23 PM	98.05036	100.15459	98.07615	96.50872	96.36277	97.51613	96.63505	97.97283	98.39981	97.51272	98.64981	98.38495	97.34723	97.91117
6/13/2022	3:53:27 PM	97.77724	99.86593	97.81018	96.25372	96.11382	97.26039	96.38881	97.71434	98.13351	97.25648	98.38408	98.11278	97.08647	97.64733
6/13/2022	3:53:30 PM	97.50431	99.57391	97.54309	95.99809	95.86199	97.00482	96.14343	97.45890	97.87085	97.00470	98.12202	97.84709	96.83235	97.38992
6/13/2022	3:53:34 PM	97.24421	99.29763	97.29057	95.76043	95.62929	96.76649	95.91586	97.21786	97.61668	96.76107	97.87337	97.59562	96.59484	97.14971
6/13/2022	3:53:38 PM	96.99938	99.03499	97.05118	95.53459	95.41000	96.54135	95.70001	96.99111	97.38056	96.53108	97.63587	97.35233	96.36060	96.91463
6/13/2022	3:53:42 PM	96.75383	98.76946	96.80807	95.30331	95.18162	96.30554	95.47218	96.75207	97.13189	96.29161	97.38597	97.10162	96.12041	96.67059
6/13/2022	3:53:46 PM	96.50385	98.50066	96.56324	95.07583	94.96107	96.07796	95.25436	96.52394	96.89553	96.06367	97.14991	96.86512	95.89454	96.44400
6/13/2022	3:53:50 PM	96.27360	98.25128	96.33668	94.86465	94.75302	95.86090	95.04680	96.30518	96.66749	95.84255	96.91984	96.63409	95.67406	96.21937
6/13/2022	3:53:53 PM	96.04657	98.00437	96.11376	94.65622	94.54976	95.64894	94.84318	96.08803	96.44274	95.62384	96.69134	96.40612	95.45567	95.99643
6/13/2022	3:53:57 PM	95.82214	97.76015	95.89188	94.44655	94.34480	95.43585	94.63877	95.87467	96.22377	95.41061	96.46650	96.18332	95.24154	95.77944
6/13/2022	3:54:01 PM	95.60116	97.51922	95.67302	94.24337	94.14410	95.22597	94.43851	95.66376	96.00290	95.19942	96.24661	95.96420	95.03230	95.56394
6/13/2022	3:54:05 PM	95.38764	97.28439	95.46198	94.04712	93.95241	95.02552	94.24494	95.46070	95.79273	94.99576	96.03286	95.75215	94.82744	95.35776
6/13/2022	3:54:09 PM	95.17442	97.05292	95.25174	93.85140	93.76126	94.82482	94.05410	95.25857	95.58615	94.79525	95.82028	95.53985	94.62495	95.15175
6/13/2022	3:54:12 PM	94.96317	96.82276	95.04196	93.65693	93.56845	94.62322	93.85896	95.05478	95.37450	94.58752	95.60250	95.32532	94.41963	94.94270
6/13/2022	3:54:16 PM	94.75434	96.59519	94.83675	93.46565	93.38257	94.42956	93.67430	94.85996	95.17604	94.39968	95.40418	95.12772	94.23159	94.75300
6/13/2022	3:54:20 PM	94.56594	96.38786	94.64960	93.29193	93.21295	94.25211	93.50199	94.67967	94.98987	94.21536	95.20878	94.93450	94.04657	94.56287
6/13/2022	3:54:24 PM	94.37495	96.17748	94.46115	93.11585	93.03725	94.06794	93.32663	94.49171	94.79604	94.02950	95.01106	94.73825	93.85827	94.37056
6/13/2022	3:54:28 PM	94.17988	95.96492	94.26924	92.93767	92.86297	93.88573	93.14988	94.30623	94.60698	93.84525	94.81565	94.54524	93.67177	94.17977
6/13/2022	3:54:31 PM	93.98716	95.75451	94.07726	92.76220	92.68996	93.70177	92.97506	94.12101	94.41776	93.66335	94.62415	94.35671	93.49120	93.99746
6/13/2022	3:54:35 PM	93.80606	95.55300	93.89613	92.59287	92.52363	93.52812	92.80646	93.94427	94.23345	93.48832	94.43725	94.17018	93.31212	93.81378
6/13/2022	3:54:39 PM	93.62238	95.34951	93.71174	92.42219	92.35508	93.34962	92.63478	93.76113	94.04645	93.30809	94.24573	93.98384	93.13386	93.62940
6/13/2022	3:54:43 PM	93.43948	95.14622	93.52724	92.25393	92.18831	93.17535	92.46754	93.58338	93.86502	93.13328	94.05788	93.79855	92.95536	93.44654
6/13/2022	3:54:47 PM	93.25553	94.94403	93.34476	92.08447	92.02186	92.99817	92.29629	93.39990	93.67678	92.95233	93.86430	93.61014	92.77395	93.25800
6/13/2022	3:54:51 PM	93.06874	94.74123	93.16010	91.91413	91.85287	92.82271	92.12712	93.22244	93.49918	92.77919	93.68014	93.42740	92.60001	93.08168
6/13/2022	3:54:54 PM	92.89397	94.54975	92.98990	91.75585	91.69854	92.65856	91.96960	93.05509	93.32758	92.61621	93.50613	93.25618	92.43488	92.91265
6/13/2022	3:54:58 PM	92.72607	94.36426	92.82192	91.60135	91.54639	92.49696	91.81318	92.88867	93.15718	92.45078	93.32900	93.08222	92.26927	92.74240
6/13/2022	3:55:02 PM	92.55665	94.17704	92.65283	91.44501	91.39114	92.33338	91.65432	92.72069	92.98632	92.28497	93.15165	92.90912	92.10208	92.56938
6/13/2022	3:55:06 PM	92.38409	93.98542	92.48038	91.28586	91.23507	92.16794	91.49608	92.55296	92.81519	92.12399	92.97973	92.74104	91.93987	92.40387
6/13/2022	3:55:10 PM	92.22316	93.80666	92.31944	91.13808	91.08825	92.01462	91.34632	92.39101	92.65201	91.96775	92.81141	92.57539	91.78088	92.24033
6/13/2022	3:55:14 PM	92.06093	93.62599	92.15691	90.98653	90.93772	91.85485	91.19366	92.22890	92.48412	91.80832	92.64383	92.40719	91.61972	92.07413
6/13/2022	3:55:17 PM	91.89815	93.44513	91.99262	90.83766	90.78939	91.69880	91.04196	92.06844	92.32364	91.65342	92.47667	92.24431	91.46103	91.91108
6/13/2022	3:55:21 PM	91.73894	93.26697	91.83053	90.68679	90.64016	91.54046	90.88933	91.90754	92.15960	91.49794	92.31255	92.08410	91.30652	91.75404
6/13/2022	3:55:25 PM	91.58795	93.09957	91.67773	90.54807	90.50310	91.39737	90.75136	91.76048	92.00899	91.35536	92.15663	91.93285	91.16211	91.60522
6/13/2022	3:55:29 PM	91.44071	92.93587	91.53139	90.41220	90.37112	91.25580	90.61488	91.61381	91.86130	91.21269	92.00460	91.78418	91.01919	91.45677
6/13/2022	3:55:33 PM	91.29725	92.77670	91.38657	90.27924	90.23990	91.11773	90.48152	91.47146	91.71647	91.07346	91.85197	91.63553	90.87716	91.30981
6/13/2022	3:55:36 PM	91.15187	92.61523	91.24060	90.14638	90.10683	90.97667	90.34440	91.32505	91.56954	90.93221	91.70226	91.48605	90.73202	91.16091
6/13/2022	3:55:40 PM	91.00292	92.45007	91.09237	90.01051	89.97153	90.83334	90.20668	91.17782	91.42132	90.78836	91.55024	91.33804	90.58922	91.01359
6/13/2022	3:55:44 PM	90.86110	92.29268	90.94951	89.87902	89.84116	90.69582	90.07278	91.03292	91.27727	90.65222	91.40314	91.19466	90.45094	90.87053
6/13/2022	3:55:47 PM	90.71834	92.13444	90.80849	89.75016	89.71394	90.56053	89.94373	90.89467	91.13266	90.51764	91.26093	91.05501	90.31510	90.73108
6/13/2022	3:55:51 PM	90.58126	91.98200	90.67129	89.62377	89.58903	90.42911	89.81720	90.75797	90.99621	90.38771	91.12335	90.91748	90.18346	90.59581
6/13/2022	3:55:55 PM	90.44701	91.83367	90.53907	89.50379	89.46966	90.30131	89.69304	90.62330	90.85907	90.25890	90.98639	90.77960	90.05238	90.45982
6/13/2022	3:55:59 PM	90.31463	91.68517	90.40220	89.37798	89.34459	90.16944	89.56401	90.48394	90.72020	90.12707	90.84279	90.63868	89.91782	90.32078
6/13/2022	3:56:03 PM	90.17534	91.53101	90.26602	89.25321	89.22020	90.03779	89.43775	90.34741	90.58071	89.99482	90.69934	90.49992	89.78296	90.18140
6/13/2022	3:56:07 PM	90.04167	91.38350	90.13172	89.12936	89.09756	89.90761	89.31318	90.21421	90.44769	89.86694	90.55943	90.36828	89.65401	90.04787
6/13/2022	3:56:11 PM	89.91046	91.23699	89.99952	89.00851	88.97671	89.77958	89.19022	90.08248	90.31248	89.73702	90.42075	90.23195	89.52193	89.91226
6/13/2022	3:56:14 PM	89.77876	91.08842	89.86570	88.88664	88.85560	89.65242	89.06574	89.95004	90.17947	89.61159	90.28406	90.09958	89.39555	89.78173
6/13/2022	3:56:18 PM	89.65434	90.95054	89.74192	88.77312	88.74390	89.53446	88.95339	89.82791	90.05739	89.49434	90.15725	89.97640	89.27811	89.65938
6/13/2022	3:56:22 PM	89.53535	90.81667	89.62131	88.66256	88.63287	89.41656	88.83923	89.70324	89.93048	89.37300	90.03105	89.85161	89.15746	89.53488
6/13/2022	3:56:26 PM	89.41175	90.67885	89.49724	88.55002	88.52103	89.29760	88.72389	89.57883	89.80366	89.25334	89.90168	89.72406	89.03565	89.40880
6/13/2022	3:56:30 PM	89.28966	90.54194	89.37392	88.43659	88.40908	89.17858	88.61100	89.45628	89.68055	89.13675	89.77436	89.60105	88.91728	89.28577
6/13/2022	3:56:34 PM	89.17182	90.41143	89.25581	88.32854	88.30049	89.06464	88.50025	89.33808	89.55996	89.02107	89.65100	89.47528	88.79991	89.16315
6/13/2022	3:56:37 PM	89.05173	90.27744	89.13522	88.21880	88.19168	88.94852	88.38701	89.21444	89.43549	88.90369	89.52529	89.35219	88.68325	89.04307
6/13/2022	3:56:41 PM	88.93249	90.14536	89.01774	88.11106	88.08514	88.83500	88.27900	89.09697	89.31877	88.79308	89.40527	89.23263	88.56989	88.92536
6/13/2022	3:56:45 PM	88.81717	90.01706	88.90096	88.00409	87.97697	88.72136	88.16903	88.97891	89.19845	88.67819	89.28220	89.11071	88.45496	88.80769
6/13/2022	3:56:49 PM	88.70399	89.89011	88.78659	87.89945	87.87424	88.61201	88.06325	88.86617	89.08353	88.56769	89.16866	88.99760	88.34593	88.69474
6/13/2022	3:56:53 PM	88.59553	89.76958	88.67792	87.79949	87.77396	88.50644	87.96262	88.75656	88.97237	88.46292	89.05647	88.88452	88.23677	88.58173
6/13/2022	3:56:56 PM	88.48408	89.64357	88.56386	87.69419	87.66877	88.39468	87.85456	88.63921	88.85260	88.34795	88.93498	88.76574	88.12339	88.46360
6/13/2022	3:57:00 PM	88.37133	89.51780	88.45024	87.58990	87.56494	88.28466	87.74839	88.52476	88.73947	88.24009	88.81806	88.65109	88.01479	88.35075
6/13/2022	3:57:04 PM	88.25991	89.39668	88.33983	87.48872	87.46451	88.17844	87.64566	88.41199	88.62610	88.13145	88.70241	88.53897	87.90641	88.23834
6/13/2022	3:57:08 PM	88.15073	89.27593	88.23070	87.38780	87.36345	88.07213	87.54391	88.30257	88.51460	88.02412	88.58883	88.42745	87.79992	88.12799
6/13/2022	3:57:12 PM	88.04305	89.15690	88.12325	87.28986	87.26602	87.96963	87.44488	88.19462	88.40637	87.92044	88.47900	88.32008	87.69614	88.01973
6/13/2022	3:57:15 PM	87.93769	89.04032	88.01873	87.19359	87.17108	87.86973	87.34844	88.09059	88.30113	87.82052	88.37323	88.21563	87.59631	87.91663
6/13/2022	3:57:19 PM	87.83586	88.92801	87.91801	87.10220	87.07951	87.77359	87.25752	87.99084	88.20099	87.72605	88.27280	88.11703	87.50196	87.81899
6/13/2022	3:57:23 PM	87.73974	88.82195	87.82057	87.01392	86.99170	87.67941	87.16568	87.88986	88.09980	87.62950	88.17035	88.01537	87.40504	87.71754
6/13/2022	3:57:27 PM	87.64099	88.71098	87.72021	86.92141	86.89805	87.58192	87.07130	87.78700	87.99654	87.52995	88.06405	87.90968	87.30427	87.61385
6/13/2022	3:57:30 PM	87.54095	88.59923	87.61890	86.82826	86.80586	87.48386	86.97631	87.68464	87.89376	87.43155	87.96150	87.80717	87.20704	87.51296
6/13/2022	3:57:34 PM	87.44175	88.49039	87.52068	86.73835	86.71640	87.38911	86.88569	87.58515	87.79581	87.33791	87.86160	87.70991	87.11335	87.41581
6/13/2022	3:57:38 PM	87.34585	88.38535	87.42521	86.65050	86.62875	87.29655	86.79646	87.48732	87.69709	87.24261	87.76038	87.60789	87.01821	87.31715
6/13/2022	3:57:42 PM	87.24719	88.27566	87.32628	86.56006	86.53775	87.20037	86.70360	87.38628	87.59680	87.14503	87.65781	87.50688	86.92151	87.21632
6/13/2022	3:57:46 PM	87.15068	88.16917	87.23001	86.47241	86.44978	87.10824	86.61479	87.28908	87.50034	87.05234	87.55878	87.41164	86.82970	87.12133
6/13/2022	3:57:49 PM	87.05773	88.06517	87.13570	86.38604	86.36438	87.01754	86.52812	87.19535	87.40455	86.96174	87.46377	87.31599	86.73928	87.02805
6/13/2022	3:57:53 PM	86.96761	87.96578	87.04532	86.30291	86.28137	86.93026	86.44437	87.10371	87.31219	86.87341	87.36985	87.22373	86.65162	86.93729
6/13/2022	3:57:57 PM	86.87834	87.86689	86.95642	86.22047	86.19894	86.84285	86.36082	87.01226	87.22216	86.78613	87.27799	87.13274	86.56433	86.84650
6/13/2022	3:58:01 PM	86.79192	87.76979	86.86862	86.13992	86.11822	86.75707	86.27861	86.92153	87.13168	86.69966	87.18475	87.04262	86.47838	86.75680
6/13/2022	3:58:05 PM	86.70443	87.67253	86.78037	86.05988	86.03812	86.67279	86.19658	86.83441	87.04278	86.61362	87.09147	86.95166	86.39285	86.66775
6/13/2022	3:58:09 PM	86.61854	87.57647	86.69327	85.98041	85.95843	86.58816	86.11499	86.74524	86.95404	86.52957	87.00401	86.86232	86.30752	86.57954
6/13/2022	3:58:12 PM	86.53159	87.47994	86.60557	85.89950	85.87805	86.50189	86.03285	86.65499	86.86365	86.44252	86.91107	86.77250	86.22169	86.48991
6/13/2022	3:58:16 PM	86.44547	87.38526	86.51996	85.82218	85.80022	86.42020	85.95415	86.56888	86.77821	86.36023	86.82353	86.68787	86.14138	86.40803
6/13/2022	3:58:20 PM	86.36375	87.29562	86.43953	85.74798	85.72590	86.34131	85.87856	86.48652	86.69481	86.28004	86.73805	86.60302	86.06105	86.32449
6/13/2022	3:58:24 PM	86.28010	87.20333	86.35467	85.67064	85.64828	86.25971	85.80033	86.40043	86.60810	86.19729	86.65108	86.51751	85.97944	86.23967
6/13/2022	3:58:28 PM	86.19809	87.11359	86.27241	85.59504	85.57251	86.17968	85.72370	86.31738	86.52435	86.11698	86.56445	86.43148	85.89924	86.15640
6/13/2022	3:58:31 PM	86.11648	87.02269	86.18954	85.51940	85.49710	86.09931	85.64646	86.23200	86.43953	86.03763	86.47955	86.34934	85.81865	86.07260
6/13/2022	3:58:35 PM	86.03587	86.93231	86.10668	85.44370	85.42130	86.01867	85.56850	86.14739	86.35546	85.95668	86.39203	86.26560	85.73770	85.98826
6/13/2022	3:58:39 PM	85.95562	86.84386	86.02645	85.36931	85.34566	85.93930	85.49267	86.06555	86.27297	85.87743	86.30899	86.18342	85.65891	85.90749
6/13/2022	3:58:43 PM	85.87597	86.75530	85.94682	85.29554	85.27178	85.86118	85.41745	85.98376	86.19061	85.80009	86.22547	86.10286	85.58143	85.82657
6/13/2022	3:58:47 PM	85.79845	86.67053	85.86875	85.22475	85.20090	85.78683	85.34535	85.90603	86.11222	85.72451	86.14686	86.02565	85.50841	85.75087
6/13/2022	3:58:51 PM	85.72331	86.58700	85.79245	85.15550	85.13223	85.71560	85.27737	85.83141	86.03935	85.65374	86.06954	85.95143	85.43921	85.67880
6/13/2022	3:58:54 PM	85.65312	86.50984	85.72319	85.09182	85.06840	85.64674	85.21166	85.75869	85.96683	85.58430	85.99566	85.87978	85.36967	85.60631
6/13/2022	3:58:58 PM	85.58083	86.43012	85.65080	85.02640	85.00331	85.57727	85.14523	85.68548	85.89369	85.51373	85.92060	85.80645	85.30056	85.53443
6/13/2022	3:59:02 PM	85.51169	86.35388	85.58170	84.96278	84.93945	85.50998	85.08025	85.61438	85.82193	85.44512	85.84741	85.73420	85.23288	85.46434
6/13/2022	3:59:06 PM	85.44266	86.27708	85.51271	84.89988	84.87644	85.44318	85.01583	85.54414	85.75294	85.37841	85.77622	85.66465	85.16724	85.39591
6/13/2022	3:59:10 PM	85.37390	86.20224	85.44500	84.83756	84.81338	85.37613	84.95183	85.47364	85.68265	85.30900	85.70304	85.59333	85.10061	85.32642
6/13/2022	3:59:13 PM	85.30762	86.12674	85.37590	84.77410	84.74931	85.30817	84.88623	85.40074	85.61086	85.23903	85.63195	85.51873	85.03090	85.25317
6/13/2022	3:59:17 PM	85.23420	86.04595	85.30249	84.70778	84.68229	85.23775	84.81844	85.32744	85.53726	85.16873	85.55960	85.44652	84.96405	85.18440
6/13/2022	3:59:21 PM	85.16830	85.97449	85.23807	84.64866	84.62348	85.17509	84.75869	85.26257	85.47317	85.10714	85.49338	85.38125	84.90205	85.12071
6/13/2022	3:59:25 PM	85.10466	85.90370	85.17408	84.58994	84.56453	85.11286	84.69886	85.19745	85.40788	85.04367	85.42564	85.31620	84.84034	85.05653
6/13/2022	3:59:28 PM	85.04329	85.83464	85.11146	84.53286	84.50766	85.05288	84.64160	85.13489	85.34517	84.98404	85.36028	85.25567	84.78203	84.99559
6/13/2022	3:59:32 PM	84.98194	85.76681	85.05016	84.47706	84.45212	84.99350	84.58481	85.07063	85.28181	84.92388	85.29743	85.19140	84.72269	84.93367
6/13/2022	3:59:36 PM	84.91990	85.69902	84.98839	84.42084	84.39488	84.93343	84.52743	85.00750	85.21777	84.86180	85.23360	85.12739	84.66279	84.87148
6/13/2022	3:59:40 PM	84.85947	85.63149	84.92728	84.36540	84.33980	84.87338	84.46995	84.94485	85.15493	84.80212	85.16909	85.06487	84.60338	84.80955
6/13/2022	3:59:44 PM	84.79913	85.56454	84.86730	84.31011	84.28402	84.81445	84.41332	84.88291	85.09269	84.74295	85.10591	85.00317	84.54426	84.74702
6/13/2022	3:59:48 PM	84.73995	85.49799	84.80678	84.25462	84.22773	84.75438	84.35651	84.82089	85.03099	84.68295	85.04068	84.94086	84.48415	84.68548
6/13/2022	3:59:51 PM	84.67678	85.42935	84.74420	84.19709	84.17083	84.69372	84.29797	84.75759	84.96803	84.62255	84.97765	84.87930	84.42600	84.62511
6/13/2022	3:59:55 PM	84.61966	85.36533	84.68603	84.14373	84.11678	84.63719	84.24333	84.69806	84.90910	84.56578	84.91732	84.81971	84.37045	84.56785
6/13/2022	3:59:59 PM	84.56093	85.30154	84.62818	84.09148	84.06377	84.58117	84.19003	84.64027	84.85201	84.50937	84.85850	84.76174	84.31611	84.51073
6/13/2022	4:00:03 PM	84.50637	85.23964	84.57246	84.03990	84.01210	84.52626	84.13711	84.58193	84.79250	84.45354	84.79754	84.70325	84.26097	84.45388
6/13/2022	4:00:06 PM	84.45090	85.17966	84.51775	83.99035	83.96221	84.47273	84.08617	84.52576	84.73667	84.39895	84.74042	84.64746	84.20842	84.39882
6/13/2022	4:00:10 PM	84.39738	85.11847	84.46270	83.94000	83.91193	84.41970	84.03499	84.46990	84.68077	84.34586	84.68361	84.59352	84.15569	84.34313
6/13/2022	4:00:14 PM	84.34328	85.05873	84.40738	83.88997	83.86103	84.36603	83.98399	84.41335	84.62487	84.29253	84.62638	84.53880	84.10338	84.28965
6/13/2022	4:00:18 PM	84.29003	85.00074	84.35566	83.84203	83.81320	84.31486	83.93497	84.36037	84.57233	84.24166	84.57342	84.48778	84.05504	84.23934
6/13/2022	4:00:22 PM	84.24107	84.94643	84.30675	83.79732	83.76877	84.26765	83.89039	84.31050	84.52241	84.19347	84.52227	84.43714	84.00717	84.18936
6/13/2022	4:00:25 PM	84.19339	84.89177	84.25681	83.75228	83.72297	84.21893	83.84381	84.26012	84.47185	84.14334	84.46990	84.38677	83.96015	84.14024
6/13/2022	4:00:29 PM	84.14455	84.83817	84.20905	83.70874	83.67954	84.17252	83.79953	84.20974	84.42252	84.09708	84.41913	84.33697	83.91445	84.09241
6/13/2022	4:00:33 PM	84.09800	84.78486	84.16106	83.66591	83.63604	84.12612	83.75535	84.16190	84.37330	84.04940	84.37165	84.28800	83.86866	84.04436
6/13/2022	4:00:37 PM	84.05064	84.73168	84.11241	83.62167	83.59160	84.07883	83.70977	84.11138	84.32356	84.00150	84.32077	84.23571	83.82155	83.99603
6/13/2022	4:00:41 PM	84.00196	84.67893	84.06582	83.57821	83.54814	84.03228	83.66612	84.06352	84.27570	83.95574	84.27292	84.18901	83.77780	83.95053
6/13/2022	4:00:44 PM	83.95725	84.62800	84.02059	83.53732	83.50767	83.98893	83.62578	84.01872	84.23059	83.91328	84.22650	84.14509	83.73584	83.90636
6/13/2022	4:00:48 PM	83.91529	84.58135	83.97746	83.49883	83.46883	83.94728	83.58590	83.97487	84.18731	83.87108	84.18155	84.10244	83.69591	83.86467
6/13/2022	4:00:52 PM	83.87259	84.53459	83.93565	83.46108	83.43103	83.90629	83.54701	83.93173	84.14325	83.82917	84.13709	84.05859	83.65578	83.82275
6/13/2022	4:00:56 PM	83.83190	84.48769	83.89472	83.42406	83.39359	83.86614	83.50932	83.88896	84.10158	83.79024	84.09540	84.01692	83.61771	83.78287
6/13/2022	4:01:00 PM	83.79243	84.44312	83.85511	83.38827	83.35749	83.82684	83.47170	83.84817	84.05984	83.75073	84.05530	83.97668	83.57974	83.74404
6/13/2022	4:01:03 PM	83.75523	84.40139	83.81731	83.35516	83.32362	83.79106	83.43783	83.81024	84.02195	83.71510	84.01752	83.93875	83.54483	83.70753
6/13/2022	4:01:07 PM	83.71795	84.35957	83.78096	83.32258	83.29151	83.75584	83.40532	83.77369	83.98592	83.68201	83.97976	83.90267	83.51188	83.67255
6/13/2022	4:01:11 PM	83.68428	84.32142	83.74742	83.29260	83.26195	83.72417	83.37513	83.73956	83.95107	83.64858	83.94394	83.86919	83.48039	83.63920
6/13/2022	4:01:15 PM	83.65133	84.28242	83.71282	83.26214	83.23118	83.69055	83.34388	83.70489	83.91656	83.61557	83.90817	83.83517	83.44764	83.60596
6/13/2022	4:01:19 PM	83.61856	84.24535	83.67964	83.23242	83.20075	83.65788	83.31410	83.67113	83.88282	83.58320	83.87287	83.80118	83.41686	83.57354
6/13/2022	4:01:22 PM	83.58666	84.20882	83.64700	83.20301	83.17111	83.62517	83.28253	83.63475	83.84727	83.54864	83.83707	83.76550	83.38363	83.53820
6/13/2022	4:01:26 PM	83.55282	84.16968	83.61263	83.17243	83.13953	83.59091	83.24988	83.59895	83.81051	83.51422	83.79818	83.72893	83.35044	83.50326
6/13/2022	4:01:30 PM	83.51875	84.12982	83.57750	83.14153	83.10825	83.55743	83.21796	83.56270	83.77419	83.48060	83.75992	83.69272	83.31655	83.46752
6/13/2022	4:01:34 PM	83.48404	84.08964	83.54283	83.11035	83.07652	83.52258	83.18575	83.52652	83.73686	83.44468	83.72431	83.65548	83.28256	83.43208
6/13/2022	4:01:38 PM	83.44955	84.05036	83.50769	83.07865	83.04481	83.48840	83.15296	83.49055	83.70123	83.41048	83.68853	83.61987	83.24909	83.39772
6/13/2022	4:01:41 PM	83.41445	84.01112	83.47182	83.04653	83.01164	83.45339	83.12010	83.45491	83.66660	83.37657	83.65226	83.58477	83.21597	83.36332
6/13/2022	4:01:45 PM	83.37970	83.97269	83.43703	83.01517	82.97964	83.41922	83.08830	83.41975	83.63118	83.34227	83.61503	83.54895	83.18252	83.32871
6/13/2022	4:01:49 PM	83.34561	83.93430	83.40261	82.98391	82.94832	83.38470	83.05600	83.38345	83.59464	83.30741	83.57881	83.51247	83.14894	83.29381
6/13/2022	4:01:53 PM	83.31144	83.89552	83.36818	82.95303	82.91765	83.35170	83.02383	83.34827	83.55931	83.27248	83.54259	83.47745	83.11630	83.25892
6/13/2022	4:01:57 PM	83.27777	83.85761	83.33327	82.92132	82.88525	83.31709	82.99123	83.31176	83.52276	83.23875	83.50390	83.43989	83.08131	83.22376
6/13/2022	4:02:01 PM	83.24233	83.81719	83.29763	82.88903	82.85253	83.28227	82.95873	83.27558	83.48709	83.20278	83.46661	83.40416	83.04832	83.18908
6/13/2022	4:02:05 PM	83.20701	83.77909	83.26303	82.85767	82.82137	83.24905	82.92653	83.24033	83.45164	83.16851	83.43276	83.36797	83.01503	83.15433
6/13/2022	4:02:08 PM	83.17328	83.74037	83.22886	82.82670	82.78939	83.21513	82.89453	83.20561	83.41730	83.13603	83.39774	83.33413	82.98299	83.12137
6/13/2022	4:02:12 PM	83.14060	83.70514	83.19630	82.79675	82.75958	83.18290	82.86396	83.17181	83.38437	83.10421	83.36353	83.30109	82.95156	83.08946
6/13/2022	4:02:16 PM	83.10824	83.66830	83.16344	82.76668	82.72888	83.15039	82.83368	83.13859	83.35046	83.07247	83.33076	83.26835	82.92072	83.05780
6/13/2022	4:02:20 PM	83.07723	83.63402	83.13257	82.73866	82.70077	83.12032	82.80537	83.10753	83.31941	83.04305	83.29882	83.23778	82.89228	83.02770
6/13/2022	4:02:23 PM	83.04708	83.60027	83.10157	82.70984	82.67188	83.08901	82.77555	83.07481	83.28670	83.01130	83.26519	83.20449	82.86086	82.99505
6/13/2022	4:02:27 PM	83.01491	83.56490	83.06967	82.68128	82.64261	83.05793	82.74589	83.04219	83.25402	82.97961	83.23087	83.17105	82.82978	82.96274
6/13/2022	4:02:31 PM	82.98326	83.52920	83.03719	82.65043	82.61179	83.02520	82.71460	83.00791	83.21877	82.94595	83.19650	83.13746	82.79846	82.93039
6/13/2022	4:02:35 PM	82.95116	83.49308	83.00404	82.62029	82.58200	82.99280	82.68380	82.97486	83.18528	82.91429	83.16081	83.10314	82.76674	82.89812
6/13/2022	4:02:39 PM	82.91864	83.45666	82.97182	82.59088	82.55171	82.96113	82.65386	82.94131	83.15223	82.88213	83.12772	83.06949	82.73565	82.86600
6/13/2022	4:02:42 PM	82.88745	83.42185	82.94001	82.56191	82.52277	82.93001	82.62416	82.90912	83.11977	82.85076	83.09480	83.03697	82.70519	82.83477
6/13/2022	4:02:46 PM	82.85647	83.38792	82.90877	82.53355	82.49406	82.89970	82.59542	82.87805	83.08896	82.82075	83.06279	83.00599	82.67602	82.80440
6/13/2022	4:02:50 PM	82.82599	83.35358	82.87823	82.50479	82.46565	82.86931	82.56646	82.84614	83.05800	82.79091	83.03130	82.97518	82.64723	82.77449
6/13/2022	4:02:54 PM	82.79535	83.32030	82.84761	82.47724	82.43724	82.83964	82.53838	82.81581	83.02686	82.76125	82.99994	82.94402	82.61759	82.74432
6/13/2022	4:02:58 PM	82.76521	83.28739	82.81803	82.44865	82.40853	82.80899	82.50928	82.78446	82.99538	82.73080	82.96808	82.91248	82.58803	82.71406
6/13/2022	4:03:02 PM	82.73641	83.25504	82.78805	82.42214	82.38145	82.78014	82.48192	82.75440	82.96510	82.69975	82.93580	82.88186	82.55942	82.68375
6/13/2022	4:03:06 PM	82.70569	83.22166	82.75770	82.39406	82.35316	82.75022	82.45303	82.72287	82.93385	82.67101	82.90555	82.85078	82.53045	82.65438
6/13/2022	4:03:10 PM	82.67725	83.18940	82.72803	82.36721	82.32623	82.72138	82.42593	82.69313	82.90403	82.64181	82.87539	82.82146	82.50305	82.62576
6/13/2022	4:03:13 PM	82.64876	83.15842	82.69974	82.34100	82.30026	82.69350	82.39929	82.66492	82.87589	82.61462	82.84650	82.79356	82.47634	82.59900
6/13/2022	4:03:17 PM	82.62241	83.12747	82.67188	82.31556	82.27483	82.66730	82.37413	82.63660	82.84819	82.58770	82.81797	82.76567	82.45074	82.57255
6/13/2022	4:03:21 PM	82.59597	83.09906	82.64663	82.29197	82.25100	82.64112	82.35008	82.61048	82.82149	82.56184	82.79097	82.73822	82.42578	82.54626
6/13/2022	4:03:25 PM	82.56855	83.06948	82.61971	82.26664	82.22569	82.61468	82.32474	82.58308	82.79421	82.53533	82.76317	82.71085	82.40002	82.52027
6/13/2022	4:03:28 PM	82.54258	83.04117	82.59401	82.24321	82.20193	82.58883	82.30017	82.55661	82.76770	82.51039	82.73557	82.68382	82.37451	82.49398
6/13/2022	4:03:32 PM	82.51658	83.01225	82.56717	82.21817	82.17678	82.56205	82.27488	82.52847	82.73974	82.48281	82.70677	82.65542	82.34846	82.46674
6/13/2022	4:03:36 PM	82.49041	82.98249	82.53991	82.19333	82.15104	82.53503	82.24903	82.50028	82.71188	82.45588	82.67915	82.62785	82.32235	82.44036
6/13/2022	4:03:40 PM	82.46322	82.95205	82.51335	82.16872	82.12687	82.50911	82.22415	82.47319	82.68407	82.43017	82.65180	82.60120	82.29750	82.41461
6/13/2022	4:03:44 PM	82.43738	82.92341	82.48736	82.14467	82.10257	82.48330	82.19978	82.44609	82.65757	82.40430	82.62483	82.57388	82.27229	82.38939
6/13/2022	4:03:47 PM	82.41107	82.89570	82.46160	82.12123	82.07896	82.45837	82.17623	82.42065	82.63212	82.37978	82.59840	82.54841	82.24835	82.36417
6/13/2022	4:03:51 PM	82.38589	82.86796	82.43617	82.09753	82.05546	82.43322	82.15248	82.39552	82.60640	82.35499	82.57234	82.52260	82.22455	82.34007
6/13/2022	4:03:55 PM	82.36219	82.84189	82.41210	82.07525	82.03354	82.40965	82.13019	82.37093	82.58260	82.33236	82.54794	82.49888	82.20227	82.31719
6/13/2022	4:03:59 PM	82.33898	82.81567	82.38870	82.05357	82.01142	82.38651	82.10829	82.34671	82.55798	82.30882	82.52238	82.47353	82.17910	82.29354
6/13/2022	4:04:02 PM	82.31521	82.78945	82.36513	82.03130	81.98882	82.36244	82.08573	82.32253	82.53378	82.28505	82.49735	82.44935	82.15620	82.27022
6/13/2022	4:04:06 PM	82.29155	82.76392	82.34175	82.00950	81.96734	82.33930	82.06317	82.29820	82.50885	82.25989	82.47193	82.42406	82.13297	82.24559
6/13/2022	4:04:10 PM	82.26685	82.73646	82.31697	81.98656	81.94357	82.31430	82.03973	82.27244	82.48334	82.23557	82.44534	82.39848	82.10880	82.22125
6/13/2022	4:04:14 PM	82.24404	82.71075	82.29308	81.96375	81.92092	82.29024	82.01685	82.24742	82.45842	82.21159	82.42138	82.37408	82.08598	82.19756
6/13/2022	4:04:18 PM	82.22088	82.68424	82.26907	81.94209	81.89880	82.26683	81.99424	82.22372	82.43377	82.18920	82.39754	82.35048	82.06358	82.17518
6/13/2022	4:04:22 PM	82.19777	82.66005	82.24722	81.92186	81.87854	82.24505	81.97384	82.20135	82.41253	82.16761	82.37467	82.32795	82.04294	82.15383
6/13/2022	4:04:25 PM	82.17674	82.63616	82.22538	81.90132	81.85873	82.22391	81.95382	82.17914	82.38975	82.14650	82.35198	82.30541	82.02173	82.13203
6/13/2022	4:04:29 PM	82.15412	82.61054	82.20241	81.88049	81.83769	82.20122	81.93206	82.15597	82.36671	82.12412	82.32787	82.28215	81.99978	82.10946
6/13/2022	4:04:33 PM	82.13062	82.58593	82.17964	81.85952	81.81595	82.17874	81.91039	82.13250	82.34337	82.10168	82.30403	82.25788	81.97792	82.08745
6/13/2022	4:04:37 PM	82.10877	82.56250	82.15783	81.83869	81.79581	82.15676	81.88998	82.11035	82.32133	82.07970	82.28029	82.23495	81.95666	82.06555
6/13/2022	4:04:40 PM	82.08641	82.53744	82.13500	81.81743	81.77392	82.13435	81.86857	82.08737	82.29833	82.05751	82.25671	82.21258	81.93523	82.04350
6/13/2022	4:04:44 PM	82.06487	82.51325	82.11276	81.79707	81.75354	82.11265	81.84767	82.06479	82.27585	82.03558	82.23377	82.18977	81.91376	82.02203
6/13/2022	4:04:48 PM	82.04354	82.48902	82.09145	81.77667	81.73308	82.09055	81.82732	82.04310	82.25364	82.01417	82.21091	82.16793	81.89397	82.00092
6/13/2022	4:04:52 PM	82.02382	82.46752	82.07083	81.75737	81.71392	82.07080	81.80816	82.02203	82.23196	81.99387	82.19019	82.14697	81.87355	81.98044
6/13/2022	4:04:56 PM	82.00373	82.44450	82.05053	81.73850	81.69433	82.04998	81.78778	81.99975	82.21052	81.97284	82.16911	82.12596	81.85329	81.96031
6/13/2022	4:05:00 PM	81.98255	82.42110	82.02937	81.71902	81.67519	82.02923	81.76872	81.97937	82.18967	81.95299	82.14741	82.10421	81.83450	81.94033
6/13/2022	4:05:04 PM	81.96217	82.39946	82.00956	81.70079	81.65665	82.00996	81.75078	81.95946	82.17048	81.93420	82.12694	82.08455	81.81576	81.92165
6/13/2022	4:05:07 PM	81.94288	82.37869	81.99061	81.68293	81.63902	81.99074	81.73253	81.93962	82.15060	81.91520	82.10667	82.06436	81.79727	81.90288
6/13/2022	4:05:11 PM	81.92360	82.35708	81.97101	81.66490	81.62107	81.97145	81.71410	81.92028	82.13082	81.89581	82.08610	82.04421	81.77844	81.88353
6/13/2022	4:05:15 PM	81.90344	82.33551	81.95164	81.64622	81.60255	81.95220	81.69539	81.90043	82.11164	81.87697	82.06600	82.02458	81.75989	81.86510
6/13/2022	4:05:19 PM	81.88544	82.31616	81.93312	81.62923	81.58556	81.93398	81.67895	81.88258	82.09356	81.85950	82.04796	82.00731	81.74366	81.84822
6/13/2022	4:05:23 PM	81.86889	82.29685	81.91624	81.61361	81.56934	81.91705	81.66270	81.86473	82.07550	81.84210	82.02899	81.98866	81.72733	81.83096
6/13/2022	4:05:26 PM	81.85179	82.27823	81.89927	81.59769	81.55307	81.89971	81.64660	81.84739	82.05812	81.82501	82.01041	81.97133	81.71043	81.81413
6/13/2022	4:05:30 PM	81.83509	82.25915	81.88241	81.58173	81.53794	81.88299	81.63068	81.83014	82.04018	81.80847	81.99304	81.95356	81.69433	81.79713
6/13/2022	4:05:34 PM	81.81736	82.24024	81.86458	81.56483	81.52091	81.86506	81.61355	81.81128	82.02173	81.79121	81.97468	81.93438	81.67673	81.77966
6/13/2022	4:05:38 PM	81.80054	82.22056	81.84707	81.54860	81.50415	81.84770	81.59688	81.79325	82.00290	81.77256	81.95657	81.91579	81.65980	81.76188
6/13/2022	4:05:42 PM	81.78292	82.20084	81.82908	81.53223	81.48773	81.83020	81.58009	81.77475	81.98559	81.75558	81.93700	81.89873	81.64290	81.74474
6/13/2022	4:05:45 PM	81.76625	82.18245	81.81162	81.51554	81.47155	81.81287	81.56381	81.75756	81.96722	81.73889	81.91873	81.88115	81.62587	81.72734
6/13/2022	4:05:49 PM	81.74861	82.16292	81.79410	81.49950	81.45497	81.79528	81.54690	81.73919	81.94943	81.72167	81.90084	81.86281	81.60930	81.71012
6/13/2022	4:05:53 PM	81.73083	82.14420	81.77709	81.48337	81.43842	81.77787	81.53067	81.72183	81.93211	81.70436	81.88204	81.84477	81.59265	81.69358
6/13/2022	4:05:57 PM	81.71311	82.12511	81.75969	81.46718	81.42245	81.76115	81.51462	81.70430	81.91485	81.68804	81.86483	81.82748	81.57649	81.67707
6/13/2022	4:06:01 PM	81.69692	82.10716	81.74331	81.45179	81.40699	81.74534	81.49899	81.68802	81.89816	81.67142	81.84749	81.81049	81.56097	81.66124
6/13/2022	4:06:05 PM	81.68087	82.08944	81.72644	81.43665	81.39179	81.72825	81.48366	81.67137	81.88164	81.65543	81.83037	81.79435	81.54556	81.64568
6/13/2022	4:06:08 PM	81.66567	82.07183	81.71142	81.42196	81.37741	81.71312	81.46908	81.65484	81.86530	81.64021	81.81479	81.77758	81.53001	81.63004
6/13/2022	4:06:12 PM	81.65061	82.05538	81.69556	81.40765	81.36251	81.69734	81.45398	81.63945	81.84985	81.62505	81.80002	81.76123	81.51560	81.61515
6/13/2022	4:06:16 PM	81.63555	82.03792	81.68020	81.39320	81.34842	81.68266	81.44021	81.62381	81.83452	81.61036	81.78437	81.74697	81.50196	81.60116
6/13/2022	4:06:20 PM	81.62127	82.02274	81.66597	81.37958	81.33530	81.66832	81.42647	81.60943	81.82005	81.59613	81.76892	81.73295	81.48831	81.58689
6/13/2022	4:06:23 PM	81.60692	82.00663	81.65198	81.36661	81.32227	81.65444	81.41365	81.59512	81.80617	81.58224	81.75415	81.71799	81.47457	81.57358
6/13/2022	4:06:27 PM	81.59195	81.99169	81.63874	81.35394	81.30946	81.64067	81.40053	81.58083	81.79192	81.56851	81.73941	81.70427	81.46153	81.56049
6/13/2022	4:06:31 PM	81.57805	81.97603	81.62469	81.34100	81.29632	81.62670	81.38743	81.56723	81.77769	81.55512	81.72523	81.68978	81.44832	81.54691
6/13/2022	4:06:35 PM	81.56334	81.96086	81.61021	81.32782	81.28352	81.61327	81.37471	81.55339	81.76426	81.54155	81.71057	81.67543	81.43545	81.53371
6/13/2022	4:06:39 PM	81.55097	81.94600	81.59725	81.31550	81.27142	81.59992	81.36259	81.54007	81.75061	81.52819	81.69699	81.66180	81.42262	81.52076
6/13/2022	4:06:43 PM	81.53736	81.93179	81.58475	81.30344	81.25891	81.58739	81.35040	81.52711	81.73744	81.51536	81.68244	81.64822	81.41032	81.50800
6/13/2022	4:06:46 PM	81.52534	81.91731	81.57150	81.29172	81.24686	81.57390	81.33763	81.51307	81.72403	81.50314	81.66961	81.63464	81.39792	81.49518
6/13/2022	4:06:50 PM	81.51268	81.90332	81.55833	81.27916	81.23479	81.56127	81.32563	81.50020	81.71042	81.49007	81.65726	81.62053	81.38519	81.48263
6/13/2022	4:06:54 PM	81.50050	81.88901	81.54544	81.26741	81.22272	81.54821	81.31365	81.48637	81.69722	81.47716	81.64356	81.60770	81.37290	81.46970
6/13/2022	4:06:58 PM	81.48737	81.87511	81.53264	81.25584	81.21045	81.53581	81.30105	81.47368	81.68385	81.46434	81.62966	81.59495	81.36005	81.45660
6/13/2022	4:07:02 PM	81.47469	81.86021	81.51951	81.24315	81.19838	81.52264	81.28893	81.45991	81.67014	81.45083	81.61506	81.58131	81.34765	81.44428
6/13/2022	4:07:05 PM	81.46045	81.84623	81.50608	81.23138	81.18612	81.50988	81.27713	81.44724	81.65807	81.43844	81.60223	81.56832	81.33518	81.43152
6/13/2022	4:07:09 PM	81.44764	81.83182	81.49411	81.21982	81.17448	81.49769	81.26551	81.43462	81.64467	81.42656	81.58864	81.55523	81.32405	81.41982
6/13/2022	4:07:13 PM	81.43452	81.81898	81.48173	81.20852	81.16319	81.48566	81.25362	81.42192	81.63302	81.41478	81.57630	81.54269	81.31302	81.40812
6/13/2022	4:07:17 PM	81.42336	81.80511	81.46958	81.19696	81.15188	81.47339	81.24258	81.41015	81.62077	81.40265	81.56398	81.53020	81.30121	81.39666
6/13/2022	4:07:21 PM	81.41088	81.79266	81.45795	81.18572	81.14105	81.46175	81.23155	81.39827	81.60885	81.39177	81.55158	81.51783	81.29024	81.38570
6/13/2022	4:07:24 PM	81.39982	81.77990	81.44667	81.17546	81.13019	81.45054	81.22073	81.38606	81.59693	81.38021	81.53895	81.50461	81.27855	81.37349
6/13/2022	4:07:28 PM	81.38511	81.76613	81.43399	81.16376	81.11851	81.43782	81.20912	81.37379	81.58425	81.36784	81.52645	81.49187	81.26693	81.36191
6/13/2022	4:07:32 PM	81.37389	81.75326	81.42291	81.15310	81.10779	81.42617	81.19832	81.36232	81.57259	81.35707	81.51427	81.48018	81.25637	81.35106
6/13/2022	4:07:36 PM	81.36190	81.74114	81.41118	81.14286	81.09763	81.41565	81.18757	81.35087	81.56091	81.34662	81.50283	81.46909	81.24569	81.34027
6/13/2022	4:07:40 PM	81.35242	81.72979	81.40107	81.13283	81.08770	81.40492	81.17803	81.34042	81.55051	81.33571	81.49107	81.45828	81.23572	81.32962
6/13/2022	4:07:43 PM	81.34142	81.71687	81.38945	81.12233	81.07666	81.39326	81.16696	81.32811	81.53842	81.32353	81.47812	81.44562	81.22361	81.31723
6/13/2022	4:07:47 PM	81.33035	81.70363	81.37723	81.11087	81.06497	81.38113	81.15533	81.31523	81.52608	81.31177	81.46547	81.43294	81.21234	81.30602
6/13/2022	4:07:51 PM	81.31819	81.69027	81.36538	81.09989	81.05421	81.36949	81.14442	81.30428	81.51474	81.30077	81.45424	81.42155	81.20169	81.29484
6/13/2022	4:07:55 PM	81.30824	81.67925	81.35495	81.08973	81.04415	81.35920	81.13457	81.29310	81.50364	81.29057	81.44326	81.41035	81.19190	81.28525
6/13/2022	4:07:59 PM	81.29771	81.66745	81.34478	81.08074	81.03470	81.34928	81.12492	81.28289	81.49347	81.28053	81.43228	81.40035	81.18271	81.27534
6/13/2022	4:08:03 PM	81.28802	81.65657	81.33488	81.07149	81.02522	81.33901	81.11527	81.27201	81.48275	81.27067	81.42216	81.38994	81.17291	81.26565
6/13/2022	4:08:06 PM	81.27746	81.64513	81.32427	81.06225	81.01639	81.32901	81.10607	81.26232	81.47294	81.26143	81.41174	81.38010	81.16359	81.25573
6/13/2022	4:08:10 PM	81.26846	81.63517	81.31496	81.05328	81.00708	81.31965	81.09674	81.25198	81.46243	81.25124	81.40101	81.36982	81.15384	81.24587
6/13/2022	4:08:14 PM	81.25809	81.62291	81.30450	81.04386	80.99735	81.30894	81.08699	81.24112	81.45232	81.24213	81.39043	81.35974	81.14442	81.23594
6/13/2022	4:08:18 PM	81.24937	81.61256	81.29453	81.03435	80.98746	81.29909	81.07754	81.23094	81.44159	81.23176	81.38012	81.34855	81.13429	81.22594
6/13/2022	4:08:22 PM	81.23868	81.60119	81.28467	81.02490	80.97839	81.28883	81.06780	81.22041	81.43153	81.22234	81.36938	81.33821	81.12517	81.21630
6/13/2022	4:08:25 PM	81.22934	81.59028	81.27452	81.01563	80.96893	81.27903	81.05843	81.21084	81.42168	81.21221	81.35909	81.32755	81.11526	81.20630
6/13/2022	4:08:29 PM	81.21902	81.57966	81.26482	81.00654	80.95941	81.26894	81.04892	81.20035	81.41179	81.20221	81.34873	81.31732	81.10554	81.19669
6/13/2022	4:08:33 PM	81.20916	81.56852	81.25504	80.99750	80.95023	81.25938	81.04015	81.19084	81.40217	81.19286	81.33879	81.30761	81.09635	81.18724
6/13/2022	4:08:37 PM	81.19867	81.55750	81.24477	80.98819	80.94143	81.25017	81.03177	81.18173	81.39302	81.18443	81.32987	81.29844	81.08826	81.17864
6/13/2022	4:08:41 PM	81.19037	81.54841	81.23695	80.98045	80.93408	81.24217	81.02396	81.17335	81.38461	81.17697	81.32197	81.29061	81.08092	81.17140
6/13/2022	4:08:44 PM	81.18218	81.54000	81.22898	80.97289	80.92651	81.23443	81.01637	81.16537	81.37626	81.16925	81.31383	81.28200	81.07300	81.16370
6/13/2022	4:08:48 PM	81.17410	81.53145	81.22100	80.96595	80.91925	81.22664	81.00888	81.15747	81.36885	81.16170	81.30547	81.27440	81.06568	81.15634
6/13/2022	4:08:52 PM	81.16627	81.52307	81.21333	80.95860	80.91154	81.21830	81.00106	81.14838	81.35976	81.15293	81.29638	81.26589	81.05776	81.14804
6/13/2022	4:08:56 PM	81.15864	81.51371	81.20511	80.95145	80.90424	81.21068	80.99381	81.14041	81.35215	81.14476	81.28641	81.25698	81.04936	81.13908
6/13/2022	4:09:00 PM	81.15030	81.50337	81.19575	80.94239	80.89525	81.20110	80.98518	81.13134	81.34205	81.13572	81.27700	81.24720	81.04066	81.13030
6/13/2022	4:09:03 PM	81.14142	81.49354	81.18701	80.93474	80.88771	81.19266	80.97719	81.12210	81.33323	81.12774	81.26876	81.23815	81.03235	81.12215
6/13/2022	4:09:07 PM	81.13254	81.48382	81.17812	80.92624	80.87906	81.18383	80.96845	81.11341	81.32490	81.11932	81.26067	81.23027	81.02516	81.11426
6/13/2022	4:09:11 PM	81.12448	81.47556	81.17051	80.91910	80.87175	81.17605	80.96126	81.10487	81.31638	81.11166	81.25209	81.22157	81.01696	81.10607
6/13/2022	4:09:15 PM	81.11598	81.46648	81.16204	80.91133	80.86418	81.16781	80.95353	81.09672	81.30822	81.10385	81.24411	81.21323	81.00943	81.09840
6/13/2022	4:09:19 PM	81.10836	81.45872	81.15509	80.90436	80.85718	81.16007	80.94588	81.08873	81.29997	81.09600	81.23650	81.20571	81.00265	81.09133
6/13/2022	4:09:22 PM	81.10042	81.44939	81.14727	80.89718	80.84970	81.15247	80.93886	81.08071	81.29262	81.08916	81.22744	81.19776	80.99503	81.08315
6/13/2022	4:09:26 PM	81.09349	81.44109	81.13943	80.88988	80.84252	81.14527	80.93142	81.07335	81.28494	81.08170	81.21954	81.19003	80.98777	81.07591
6/13/2022	4:09:30 PM	81.08597	81.43292	81.13187	80.88323	80.83567	81.13804	80.92503	81.06577	81.27772	81.07439	81.21178	81.18316	80.98057	81.06905
6/13/2022	4:09:34 PM	81.07938	81.42508	81.12481	80.87677	80.82899	81.13069	80.91794	81.05800	81.27048	81.06740	81.20426	81.17561	80.97417	81.06225
6/13/2022	4:09:38 PM	81.07242	81.41737	81.11771	80.87060	80.82300	81.12438	80.91194	81.05112	81.26321	81.06133	81.19792	81.16865	80.96822	81.05641
6/13/2022	4:09:41 PM	81.06638	81.40958	81.11110	80.86428	80.81664	81.11702	80.90550	81.04472	81.25684	81.05470	81.19055	81.16125	80.96172	81.04953
6/13/2022	4:09:45 PM	81.05900	81.40267	81.10458	80.85818	80.81096	81.11109	80.89961	81.03793	81.25024	81.04807	81.18428	81.15525	80.95566	81.04366
6/13/2022	4:09:49 PM	81.05332	81.39614	81.09860	80.85289	80.80528	81.10477	80.89416	81.03238	81.24470	81.04280	81.17776	81.14912	80.94994	81.03780
6/13/2022	4:09:53 PM	81.04736	81.38903	81.09236	80.84683	80.79958	81.09872	80.88818	81.02614	81.23835	81.03684	81.17132	81.14255	80.94410	81.03176
6/13/2022	4:09:57 PM	81.04080	81.38250	81.08654	80.84138	80.79396	81.09266	80.88298	81.01951	81.23246	81.03119	81.16491	81.13678	80.93909	81.02619
6/13/2022	4:10:00 PM	81.03517	81.37554	81.08084	80.83594	80.78878	81.08730	80.87788	81.01340	81.22643	81.02468	81.15870	81.13080	80.93344	81.02063
6/13/2022	4:10:04 PM	81.02940	81.37034	81.07539	80.83101	80.78342	81.08160	80.87222	81.00769	81.22063	81.01946	81.15263	81.12446	80.92758	81.01441
6/13/2022	4:10:08 PM	81.02326	81.36265	81.06839	80.82482	80.77749	81.07502	80.86582	81.00109	81.21389	81.01286	81.14542	81.11761	80.92109	81.00798
6/13/2022	4:10:12 PM	81.01687	81.35561	81.06211	80.81898	80.77090	81.06834	80.85949	80.99389	81.20701	81.00632	81.13874	81.11108	80.91545	81.00176
6/13/2022	4:10:16 PM	81.01016	81.34780	81.05539	80.81303	80.76508	81.06230	80.85394	80.98748	81.20022	81.00026	81.13205	81.10436	80.90879	80.99494
6/13/2022	4:10:20 PM	81.00382	81.34081	81.04881	80.80717	80.75867	81.05526	80.84730	80.98087	81.19372	80.99363	81.12482	81.09760	80.90245	80.98916
6/13/2022	4:10:23 PM	80.99716	81.33389	81.04254	80.80116	80.75333	81.04951	80.84164	80.97454	81.18765	80.98718	81.11834	81.09093	80.89661	80.98300
6/13/2022	4:10:27 PM	80.99098	81.32686	81.03616	80.79542	80.74719	81.04286	80.83567	80.96816	81.18148	80.98194	81.11158	81.08431	80.89065	80.97658
6/13/2022	4:10:31 PM	80.98528	81.32026	81.02986	80.78953	80.74098	81.03648	80.82953	80.96135	81.17469	80.97535	81.10546	81.07847	80.88450	80.97023
6/13/2022	4:10:35 PM	80.97802	81.31312	81.02322	80.78343	80.73476	81.02971	80.82338	80.95447	81.16806	80.96881	81.09862	81.07115	80.87868	80.96357
6/13/2022	4:10:39 PM	80.97132	81.30531	81.01603	80.77625	80.72816	81.02290	80.81674	80.94811	81.16117	80.96246	81.09113	81.06417	80.87212	80.95758
6/13/2022	4:10:43 PM	80.96514	81.29873	81.01020	80.77108	80.72267	81.01703	80.81087	80.94094	81.15481	80.95551	81.08503	81.05773	80.86604	80.95128
6/13/2022	4:10:46 PM	80.95906	81.29128	81.00394	80.76491	80.71645	81.01051	80.80455	80.93462	81.14859	80.94969	81.07830	81.05157	80.86035	80.94517
6/13/2022	4:10:50 PM	80.95328	81.28561	80.99765	80.75942	80.71096	81.00451	80.79937	80.92884	81.14229	80.94430	81.07271	81.04591	80.85485	80.93991
6/13/2022	4:10:54 PM	80.94685	81.27931	80.99211	80.75394	80.70550	80.99931	80.79424	80.92291	81.13756	80.93910	81.06739	81.04049	80.84959	80.93481
6/13/2022	4:10:58 PM	80.94274	81.27337	80.98720	80.74906	80.70071	80.99379	80.78936	80.91836	81.13256	80.93415	81.06232	81.03504	80.84478	80.92993
6/13/2022	4:11:02 PM	80.93639	81.26755	80.98197	80.74428	80.69599	80.98831	80.78437	80.91288	81.12642	80.92899	81.05673	81.02981	80.83993	80.92497
6/13/2022	4:11:05 PM	80.93168	81.26211	80.97650	80.73956	80.69122	80.98370	80.77951	80.90712	81.12198	80.92454	81.05206	81.02530	80.83577	80.92065
6/13/2022	4:11:09 PM	80.92750	81.25703	80.97224	80.73542	80.68694	80.97878	80.77502	80.90286	81.11747	80.91968	81.04709	81.02050	80.83172	80.91645
6/13/2022	4:11:13 PM	80.92316	81.25230	80.96837	80.73158	80.68325	80.97482	80.77147	80.89845	81.11301	80.91611	81.04316	81.01651	80.82813	80.91266
6/13/2022	4:11:17 PM	80.91982	81.24766	80.96439	80.72770	80.67984	80.97103	80.76832	80.89479	81.10970	80.91282	81.03865	81.01235	80.82433	80.90862
6/13/2022	4:11:21 PM	80.91516	81.24328	80.96031	80.72443	80.67566	80.96699	80.76410	80.89027	81.10480	80.90790	81.03402	81.00757	80.82029	80.90446
6/13/2022	4:11:24 PM	80.91067	81.23794	80.95531	80.71989	80.67124	80.96234	80.75950	80.88502	81.10048	80.90391	81.02983	81.00292	80.81595	80.90017
6/13/2022	4:11:28 PM	80.90668	81.23326	80.95109	80.71570	80.66701	80.95770	80.75549	80.88100	81.09623	80.90002	81.02552	80.99911	80.81232	80.89650
6/13/2022	4:11:32 PM	80.90263	81.22937	80.94728	80.71272	80.66406	80.95434	80.75198	80.87727	81.09248	80.89595	81.02146	80.99483	80.80850	80.89262
6/13/2022	4:11:36 PM	80.89884	81.22511	80.94403	80.70989	80.66074	80.95041	80.74900	80.87353	81.08878	80.89269	81.01813	80.99109	80.80507	80.88947
6/13/2022	4:11:40 PM	80.89546	81.22009	80.93972	80.70545	80.65655	80.94644	80.74477	80.86880	81.08420	80.88823	81.01324	80.98625	80.80083	80.88497
6/13/2022	4:11:44 PM	80.89104	81.21521	80.93446	80.70036	80.65182	80.94076	80.73947	80.86302	81.07794	80.88253	81.00762	80.98042	80.79514	80.87852
6/13/2022	4:11:47 PM	80.88487	81.20795	80.92849	80.69467	80.64602	80.93460	80.73359	80.85666	81.07252	80.87661	81.00131	80.97432	80.78962	80.87311
6/13/2022	4:11:51 PM	80.87997	81.20246	80.92297	80.68950	80.64084	80.92941	80.72888	80.85234	81.06751	80.87202	80.99652	80.96985	80.78553	80.86918
6/13/2022	4:11:55 PM	80.87571	81.19829	80.91938	80.68612	80.63726	80.92576	80.72573	80.84802	81.06382	80.86854	80.99332	80.96593	80.78210	80.86547
6/13/2022	4:11:59 PM	80.87198	81.19386	80.91549	80.68287	80.63407	80.92233	80.72205	80.84434	81.06046	80.86562	80.98997	80.96236	80.77885	80.86238
6/13/2022	4:12:03 PM	80.86839	81.18966	80.91214	80.67955	80.63119	80.91857	80.71874	80.84020	81.05591	80.86224	80.98645	80.95859	80.77525	80.85877
6/13/2022	4:12:06 PM	80.86489	81.18644	80.90885	80.67645	80.62734	80.91497	80.71500	80.83656	81.05306	80.85859	80.98277	80.95530	80.77219	80.85566
6/13/2022	4:12:10 PM	80.86094	81.18189	80.90482	80.67272	80.62419	80.91126	80.71181	80.83253	81.04867	80.85428	80.97820	80.95067	80.76795	80.85124
6/13/2022	4:12:14 PM	80.85714	81.17654	80.89996	80.66827	80.61949	80.90613	80.70728	80.82787	81.04457	80.85002	80.97406	80.94596	80.76383	80.84645
6/13/2022	4:12:18 PM	80.85283	81.17226	80.89589	80.66427	80.61580	80.90239	80.70312	80.82366	81.04024	80.84587	80.96970	80.94212	80.76011	80.84291
6/13/2022	4:12:22 PM	80.84915	81.16808	80.89248	80.66125	80.61240	80.89889	80.69997	80.81951	81.03680	80.84249	80.96631	80.93953	80.75716	80.84022
6/13/2022	4:12:25 PM	80.84675	81.16443	80.88956	80.65848	80.60988	80.89625	80.69756	80.81648	81.03388	80.84022	80.96348	80.93620	80.75453	80.83706
6/13/2022	4:12:29 PM	80.84416	81.16136	80.88621	80.65590	80.60665	80.89269	80.69405	80.81187	81.02983	80.83649	80.96036	80.93283	80.75127	80.83430
6/13/2022	4:12:33 PM	80.84016	81.15786	80.88295	80.65268	80.60337	80.88933	80.69102	80.80811	81.02682	80.83384	80.95672	80.92974	80.74781	80.83026
6/13/2022	4:12:37 PM	80.83679	81.15401	80.87956	80.64954	80.60095	80.88635	80.68873	80.80567	81.02395	80.83066	80.95380	80.92635	80.74556	80.82820
6/13/2022	4:12:41 PM	80.83445	81.15104	80.87695	80.64693	80.59811	80.88396	80.68608	80.80372	81.02231	80.82880	80.95241	80.92452	80.74343	80.82642
6/13/2022	4:12:45 PM	80.83174	81.14802	80.87432	80.64451	80.59606	80.88119	80.68413	80.80091	81.01958	80.82665	80.94973	80.92245	80.74131	80.82409
6/13/2022	4:12:49 PM	80.82922	81.14519	80.87236	80.64281	80.59389	80.87905	80.68210	80.79854	81.01738	80.82407	80.94719	80.92027	80.73912	80.82181
6/13/2022	4:12:53 PM	80.82744	81.14345	80.87064	80.64068	80.59245	80.87708	80.67988	80.79631	81.01515	80.82212	80.94562	80.91851	80.73762	80.82014
6/13/2022	4:12:56 PM	80.82545	81.14088	80.86817	80.63878	80.58994	80.87439	80.67789	80.79322	81.01250	80.82020	80.94271	80.91535	80.73530	80.81760
6/13/2022	4:13:00 PM	80.82209	81.13795	80.86562	80.63624	80.58775	80.87148	80.67505	80.79013	81.00910	80.81669	80.93917	80.91158	80.73128	80.81369
6/13/2022	4:13:04 PM	80.81841	81.13335	80.86150	80.63315	80.58446	80.86819	80.67202	80.78634	81.00558	80.81351	80.93588	80.90832	80.72822	80.81068
6/13/2022	4:13:08 PM	80.81584	81.12959	80.85796	80.62984	80.58123	80.86445	80.66856	80.78331	81.00281	80.81033	80.93239	80.90524	80.72587	80.80780
6/13/2022	4:13:12 PM	80.81233	81.12657	80.85522	80.62722	80.57882	80.86216	80.66634	80.78064	80.99994	80.80788	80.92994	80.90298	80.72326	80.80566
6/13/2022	4:13:15 PM	80.81016	81.12429	80.85340	80.62519	80.57660	80.85998	80.66426	80.77817	80.99822	80.80637	80.92809	80.90118	80.72164	80.80410
6/13/2022	4:13:19 PM	80.80886	81.12235	80.85208	80.62416	80.57547	80.85854	80.66277	80.77630	80.99629	80.80532	80.92676	80.89977	80.72091	80.80278
6/13/2022	4:13:23 PM	80.80684	81.12050	80.85007	80.62206	80.57393	80.85660	80.66165	80.77492	80.99504	80.80379	80.92461	80.89793	80.71906	80.80178
6/13/2022	4:13:27 PM	80.80481	81.11825	80.84837	80.62091	80.57240	80.85488	80.65998	80.77323	80.99330	80.80189	80.92289	80.89551	80.71701	80.79943
6/13/2022	4:13:30 PM	80.80239	81.11601	80.84580	80.61816	80.57011	80.85325	80.65799	80.77026	80.99164	80.79954	80.92033	80.89233	80.71405	80.79706
6/13/2022	4:13:34 PM	80.79837	81.11130	80.84125	80.61434	80.56637	80.84918	80.65605	80.76923	80.98949	80.79794	80.91670	80.88895	80.71147	80.79432
6/13/2022	4:13:38 PM	80.79449	81.10635	80.83719	80.61205	80.56350	80.84737	80.65486	80.76908	80.98857	80.79651	80.91394	80.88603	80.70840	80.79302
6/13/2022	4:13:42 PM	80.79040	81.10202	80.83325	80.60792	80.56101	80.84489	80.65219	80.76670	80.98557	80.79416	80.91113	80.88215	80.70502	80.78862
6/13/2022	4:13:46 PM	80.78626	81.09784	80.82904	80.60469	80.55752	80.84197	80.65023	80.76506	80.98379	80.79130	80.90728	80.87914	80.70292	80.78721
6/13/2022	4:13:50 PM	80.78201	81.09349	80.82537	80.60168	80.55432	80.83857	80.64841	80.76287	80.98184	80.78958	80.90488	80.87584	80.70039	80.78434
6/13/2022	4:13:54 PM	80.77857	81.09038	80.82256	80.59881	80.55286	80.83737	80.64627	80.76091	80.98014	80.78819	80.90296	80.87282	80.69821	80.78298
6/13/2022	4:13:57 PM	80.77607	81.08796	80.82057	80.59688	80.55170	80.82713	80.65921	80.79253	81.03751	80.90025	81.02356	80.94983	80.88344	80.99612
6/13/2022	4:14:01 PM	80.95672	81.23252	80.96207	80.79608	80.83588	81.17718	81.20488	81.48942	81.68379	81.43026	81.50630	81.29395	81.20400	81.36673
6/13/2022	4:14:05 PM	81.28254	81.51866	81.28416	81.20194	81.31610	81.68184	81.68744	81.88746	82.06063	81.78960	81.81435	81.61601	81.49333	81.61657
6/13/2022	4:14:09 PM	81.42878	81.64009	81.35324	81.20163	81.21074	81.51087	81.40837	81.56641	81.74051	81.48659	81.53906	81.40439	81.25318	81.37624
6/13/2022	4:14:13 PM	81.26084	81.49632	81.23230	81.06035	81.03904	81.34264	81.25568	81.43092	81.62047	81.37463	81.44589	81.33228	81.16664	81.29018
6/13/2022	4:14:16 PM	81.22136	81.45457	81.16757	80.95687	80.91758	81.21274	81.14341	81.30016	81.38731	81.17419	81.26999	81.17703	80.64591	80.75508
6/13/2022	4:14:20 PM	80.88794	81.05060	80.05569	76.45212	76.46504	78.38993	79.32708	80.14491	76.95031	76.84618	76.55415	76.43866	76.48942	76.48369
6/13/2022	4:14:24 PM	76.51178	76.43743	76.51744	76.52282	76.43837	76.47859	76.49191	76.49923	76.51846	76.51889	76.52985	76.47503	76.50017	76.52982
