10/1/2025	12:19:17 PM	298.00337	298.08709	297.91139	297.79161	297.33419	297.30772	297.13383	296.68836	296.69243	296.90030	296.72510	296.86463	296.18819	295.88374
10/1/2025	12:19:21 PM	295.98928	296.19199	296.26538	295.62617	295.49479	295.26649	294.90935	294.30759	294.13456	294.36751	294.17223	294.51298	293.01705	292.19573
10/1/2025	12:19:25 PM	292.96836	293.10382	293.71691	292.64749	292.84184	292.42165	291.76014	291.02543	290.51528	290.85829	290.74245	291.24959	288.41651	287.42933
10/1/2025	12:19:28 PM	289.28546	289.43772	290.57294	288.98982	289.68889	288.79392	287.75217	286.98156	286.05885	286.50236	286.57535	287.27166	283.08022	282.06813
10/1/2025	12:19:32 PM	284.89678	285.33727	286.99554	284.76483	285.90893	284.60336	282.91289	282.03576	280.97958	281.54454	281.83333	282.77496	277.23963	276.42825
10/1/2025	12:19:35 PM	280.02066	280.68290	282.74120	280.35445	281.43305	279.77714	277.57177	276.19690	275.26120	276.08490	276.49380	277.58266	270.87924	270.53617
10/1/2025	12:19:39 PM	275.04871	275.78440	278.17230	275.62726	276.28311	274.45749	271.89206	269.96719	269.21881	270.24957	270.86150	271.85977	264.39609	264.70319
10/1/2025	12:19:43 PM	269.78936	270.63771	273.42722	270.30055	270.60506	268.69101	265.85672	263.40778	262.98683	264.14552	264.92334	265.74698	258.14493	259.01469
10/1/2025	12:19:46 PM	264.46719	265.34198	268.65897	264.83513	264.66715	262.71646	259.67894	256.79978	256.73869	258.09187	259.03888	259.63588	252.18522	253.34075
10/1/2025	12:19:50 PM	259.03906	260.02351	263.74512	259.26243	258.48234	256.48990	253.28917	250.01225	250.24074	251.81517	253.05271	253.51249	246.26948	247.35800
10/1/2025	12:19:53 PM	253.74260	254.74969	258.90052	253.64030	252.22256	250.19768	246.77992	243.15342	243.67983	245.51693	247.15990	247.62537	240.53072	241.30717
10/1/2025	12:19:57 PM	248.54724	249.64517	254.12851	248.09634	246.10042	244.04150	240.28931	236.32953	237.19311	239.31966	241.41171	241.90565	234.65318	235.36526
10/1/2025	12:20:01 PM	243.28816	244.45813	249.30198	242.51043	239.98968	237.87564	233.69939	229.40785	230.69001	233.07932	235.63051	236.07485	228.67169	229.42584
10/1/2025	12:20:04 PM	238.07739	239.35213	244.54701	237.02701	234.07958	231.90510	227.29361	222.72942	224.45427	227.06816	230.07851	230.38501	222.97502	223.75687
10/1/2025	12:20:08 PM	233.10151	234.53714	240.06451	231.86799	228.53778	226.30101	221.25688	216.35913	218.53238	221.46024	225.25418	225.32122	217.99356	218.59083
10/1/2025	12:20:11 PM	227.92743	228.91871	235.28075	226.89955	223.81808	221.83174	216.52849	211.16484	213.03440	215.14582	218.48167	217.85806	212.23188	212.80581
10/1/2025	12:20:15 PM	220.36155	221.82909	229.65714	221.47495	218.81659	217.35756	211.86546	206.29932	207.95204	209.65840	212.75463	211.35457	206.50444	207.28783
10/1/2025	12:20:19 PM	214.16014	215.16369	223.85747	215.28477	212.72278	211.20253	205.77638	199.91397	201.33184	202.76533	205.65265	203.39497	198.49819	199.34374
10/1/2025	12:20:22 PM	205.63120	206.58562	215.32008	206.42750	203.48228	202.55817	197.36953	191.56572	193.24342	194.54467	197.44222	194.07698	189.55763	190.81963
10/1/2025	12:20:26 PM	196.46592	197.96631	206.95345	198.67622	195.76571	195.80234	190.64981	184.76815	186.45675	187.31694	190.39010	186.28883	182.77860	184.02807
10/1/2025	12:20:29 PM	189.49038	191.53648	201.04223	192.53998	190.34209	190.60823	185.17650	179.22531	180.86407	181.30870	184.35165	179.86933	177.09304	178.26748
10/1/2025	12:20:33 PM	183.54907	185.87168	195.68739	187.11753	185.49193	186.05764	180.39927	174.38576	175.93307	176.07895	178.98199	174.10942	172.13463	173.17553
10/1/2025	12:20:36 PM	178.10711	180.71208	190.78620	182.03850	180.97715	181.74342	175.93326	169.87098	171.35878	171.27554	174.02854	168.82123	167.58270	168.52147
10/1/2025	12:20:40 PM	173.22654	176.09642	186.34505	177.47244	176.87936	177.81819	171.93257	165.83164	167.31002	167.03669	169.68350	164.18083	163.55687	164.40291
10/1/2025	12:20:44 PM	168.85490	171.92279	182.28487	173.34263	173.13955	174.25087	168.29464	162.18149	163.65963	163.26231	165.83550	160.08064	159.94154	160.71778
10/1/2025	12:20:47 PM	164.90470	168.11613	178.54009	169.57220	169.68728	170.91908	164.92399	158.82883	160.32190	159.81081	162.34820	156.35103	156.62063	157.33713
10/1/2025	12:20:51 PM	161.36258	164.64245	175.08380	166.14507	166.56214	167.89568	161.85205	155.79378	157.31978	156.72663	159.24475	153.04132	153.61700	154.30600
10/1/2025	12:20:54 PM	158.18110	161.50780	171.95664	163.06104	163.72399	165.13550	159.07315	153.07651	154.64430	153.96918	156.49671	150.13583	150.92644	151.59889
10/1/2025	12:20:58 PM	155.29457	158.66910	169.07988	160.22694	161.10574	162.55047	156.48588	150.55636	152.16752	151.42509	153.97350	147.47525	148.43764	149.08874
10/1/2025	12:21:02 PM	152.69377	156.07320	166.41298	157.62542	158.68551	160.16191	154.12973	148.27192	149.92278	149.11733	151.69518	145.09222	146.17616	146.81593
10/1/2025	12:21:05 PM	150.34829	153.73576	163.97791	155.27604	156.49147	157.96743	151.97578	146.18685	147.87937	147.02806	149.63020	142.95370	144.12692	144.74391
10/1/2025	12:21:09 PM	148.19854	151.58023	161.70869	153.10637	154.43878	155.92520	149.99203	144.26952	145.99458	145.10624	147.72729	141.00629	142.24748	142.84009
10/1/2025	12:21:12 PM	146.24048	149.62102	159.63020	151.13071	152.58947	154.03816	148.18851	142.52846	144.28338	143.35449	145.99791	139.25316	140.54211	141.11698
10/1/2025	12:21:16 PM	144.44372	147.84794	157.69532	149.30195	150.86175	152.27768	146.50912	140.90395	142.68996	141.72901	144.37532	137.64288	138.94954	139.50142
10/1/2025	12:21:20 PM	142.80096	146.22764	155.90880	147.61491	149.26035	150.63731	144.96145	139.41119	141.21871	140.23144	142.87890	136.17781	137.48619	138.02392
10/1/2025	12:21:23 PM	141.28324	144.74097	154.24031	146.05765	147.76333	149.09889	143.51172	138.01391	139.83948	138.83235	141.48452	134.82362	136.12186	136.64225
10/1/2025	12:21:27 PM	139.87886	143.36956	152.70334	144.61295	146.36748	147.66155	142.17108	136.72010	138.56231	137.53871	140.17544	133.56905	134.86607	135.36731
10/1/2025	12:21:30 PM	138.56169	142.06782	151.23877	143.25202	145.04616	146.30602	140.91018	135.50509	137.36144	136.31945	138.94740	132.39815	133.68474	134.16596
10/1/2025	12:21:34 PM	137.32865	140.85512	149.88374	141.98904	143.82063	145.03878	139.73323	134.37183	136.23712	135.17362	137.79337	131.30177	132.57962	133.04364
10/1/2025	12:21:38 PM	136.17667	139.70732	148.60528	140.80241	142.66211	143.83398	138.62135	133.30068	135.16849	134.08962	136.68982	130.26512	131.53673	131.98319
10/1/2025	12:21:41 PM	135.08886	138.62666	147.40182	139.69200	141.57256	142.70195	137.57847	132.29768	134.16510	133.07767	135.65900	129.30387	130.56760	130.99628
10/1/2025	12:21:45 PM	134.06187	137.60554	146.26925	138.64782	140.54599	141.63375	136.60035	131.35816	133.22431	132.11155	134.67846	128.37546	129.64945	130.06244
10/1/2025	12:21:48 PM	133.07658	136.61358	145.16734	137.63095	139.54672	140.59684	135.65214	130.45571	132.31046	131.19355	133.73155	127.50883	128.75432	129.15869
10/1/2025	12:21:52 PM	132.17583	135.61394	143.97216	136.30864	138.10590	139.25471	134.53586	129.59187	131.58883	130.48056	132.87656	126.54587	127.20026	127.82887
10/1/2025	12:21:55 PM	130.45786	133.39881	141.42817	133.13125	135.05958	136.74018	132.04245	128.67473	130.39851	129.43020	131.52924	124.87249	125.25766	126.18799
10/1/2025	12:21:59 PM	128.54871	131.14020	138.59454	129.81322	132.25698	134.13761	130.13959	126.36723	128.76342	127.99769	129.92521	122.94164	123.08253	123.99013
10/1/2025	12:22:03 PM	126.39325	128.76566	136.17393	127.81755	130.16666	132.09583	128.51779	124.90920	127.60458	127.02223	128.83430	121.71600	121.78497	122.75585
10/1/2025	12:22:06 PM	125.02690	127.42379	134.86142	126.93381	129.29291	131.27227	128.01862	124.48719	127.14746	126.53651	128.20672	121.04455	120.96110	122.01432
10/1/2025	12:22:10 PM	124.05906	126.48427	133.83882	126.24064	128.58359	130.59857	127.54063	124.09457	126.70312	126.02867	127.55844	120.43058	120.21893	121.35190
10/1/2025	12:22:13 PM	123.12754	125.60799	132.88240	125.54205	127.90318	129.99337	127.10056	123.77359	126.33666	125.57264	126.98388	119.91988	119.65301	120.86283
10/1/2025	12:22:17 PM	122.36716	124.90514	132.10589	124.97449	127.33794	129.49218	126.73519	123.51421	126.03814	125.19093	126.50980	119.51354	119.21885	120.47586
10/1/2025	12:22:21 PM	121.72125	124.29989	131.41167	124.44475	126.79868	128.98806	126.34380	123.21026	125.69509	124.78193	126.01974	119.09126	118.77754	120.06926
10/1/2025	12:22:24 PM	121.09833	123.71353	130.71740	123.89567	126.24424	128.44806	125.91223	122.85462	125.29847	124.34053	125.51772	118.64730	118.32776	119.64648
10/1/2025	12:22:28 PM	120.48265	123.11209	130.02908	123.32204	125.66674	127.87315	125.43793	122.44841	124.85322	123.86018	124.98418	118.18250	117.85485	119.19385
10/1/2025	12:22:31 PM	119.89448	122.51785	129.35050	122.73923	125.07929	127.28153	124.93886	122.01111	124.38047	123.36016	124.43884	117.70657	117.37443	118.72878
10/1/2025	12:22:35 PM	119.31643	121.92855	128.67857	122.15610	124.49116	126.68460	124.42954	121.56001	123.89500	122.85435	123.89966	117.23333	116.90042	118.26755
10/1/2025	12:22:39 PM	118.75297	121.35292	128.01759	121.57769	123.90623	126.08424	123.90887	121.09357	123.39824	122.34273	123.35688	116.75042	116.42055	117.79535
10/1/2025	12:22:42 PM	118.19994	120.77586	127.36330	120.99944	123.32086	125.48189	123.38346	120.61754	122.89124	121.82572	122.81483	116.26987	115.94327	117.32558
10/1/2025	12:22:46 PM	117.66923	120.21767	126.72169	120.43280	122.74927	124.88664	122.86122	120.14350	122.38337	121.31332	122.28088	115.79195	115.47124	116.85851
10/1/2025	12:22:49 PM	117.15207	119.66230	126.08516	119.87144	122.18360	124.29709	122.34062	119.66810	121.87914	120.80134	121.75203	115.32538	115.00215	116.39389
10/1/2025	12:22:53 PM	116.64921	119.12627	125.46144	119.32159	121.62464	123.71500	121.82143	119.19498	121.37839	120.30154	121.23456	114.86606	114.54478	115.93897
10/1/2025	12:22:57 PM	116.14864	118.58813	124.84338	118.77707	121.07702	123.14140	121.30977	118.72766	120.87759	119.80009	120.71359	114.40692	114.08662	115.48083
10/1/2025	12:23:00 PM	115.66680	118.06935	124.24210	118.24659	120.53939	122.57837	120.80648	118.26417	120.38385	119.30617	120.20228	113.95482	113.63627	115.03322
10/1/2025	12:23:04 PM	115.19449	117.54918	123.64496	117.72069	120.00882	122.02198	120.30476	117.80488	119.89350	118.82007	119.69685	113.50755	113.19188	114.58779
10/1/2025	12:23:07 PM	114.72436	117.03685	123.05502	117.20222	119.48474	121.47284	119.80909	117.34824	119.40945	118.34080	119.19963	113.07204	112.75502	114.15417
10/1/2025	12:23:11 PM	114.26999	116.54308	122.48280	116.69867	118.97417	120.93606	119.32216	116.90297	118.93367	117.86931	118.71330	112.63906	112.32764	113.72593
10/1/2025	12:23:15 PM	113.82361	116.06014	121.92502	116.20337	118.47144	120.41010	118.84386	116.46165	118.46475	117.40442	118.23227	112.21351	111.90640	113.30282
10/1/2025	12:23:18 PM	113.38497	115.57592	121.36534	115.71243	117.97222	119.88349	118.36662	116.02073	117.99320	116.93705	117.75572	111.79676	111.48425	112.88225
10/1/2025	12:23:22 PM	112.95466	115.10120	120.81611	115.23189	117.48693	119.37516	117.90132	115.59080	117.53497	116.48521	117.28613	111.38644	111.07546	112.47202
10/1/2025	12:23:25 PM	112.53026	114.63648	120.28037	114.75797	117.00416	118.86661	117.43554	115.16014	117.07725	116.03289	116.82084	110.97457	110.66542	112.06154
10/1/2025	12:23:29 PM	112.11060	114.18167	119.74742	114.29018	116.53029	118.36701	116.97712	114.73646	116.62588	115.58893	116.36438	110.57282	110.26628	111.66202
10/1/2025	12:23:33 PM	111.70125	113.73366	119.22772	113.83373	116.06746	117.88223	116.53216	114.32490	116.18585	115.15253	115.91570	110.18316	109.87778	111.27062
10/1/2025	12:23:36 PM	111.31200	113.30236	118.72918	113.39596	115.62172	117.41254	116.09820	113.92190	115.75914	114.73361	115.48434	109.80219	109.49678	110.88836
10/1/2025	12:23:40 PM	110.91455	112.86507	118.22423	112.95336	115.17210	116.94040	115.66234	113.51823	115.32662	114.30937	115.04908	109.42338	109.11583	110.50426
10/1/2025	12:23:43 PM	110.52714	112.43870	117.73034	112.52188	114.73380	116.47763	115.23742	113.12417	114.90601	113.89581	114.62159	109.04521	108.74116	110.12754
10/1/2025	12:23:47 PM	110.13272	112.00951	117.23455	112.08528	114.29074	116.01195	114.80555	112.72359	114.47954	113.47737	114.19131	108.67021	108.36259	109.74835
10/1/2025	12:23:51 PM	109.75167	111.59368	116.75537	111.66497	113.86151	115.56059	114.38784	112.33311	114.06507	113.06958	113.77062	108.31108	107.99717	109.38029
10/1/2025	12:23:54 PM	109.37766	111.17971	116.28379	111.25007	113.44075	115.11776	113.97556	111.94956	113.65767	112.67040	113.36025	107.94951	107.63885	109.01983
10/1/2025	12:23:58 PM	109.01450	110.78120	115.82216	110.84200	113.02436	114.67810	113.56936	111.57016	113.25464	112.27447	112.95242	107.59212	107.28390	108.65988
10/1/2025	12:24:01 PM	108.65211	110.38541	115.36470	110.44268	112.61729	114.24870	113.16940	111.19855	112.86020	111.88765	112.55387	107.24444	106.93899	108.31147
10/1/2025	12:24:05 PM	108.29511	109.99889	114.90944	110.04655	112.21242	113.82356	112.77201	110.82776	112.46571	111.50071	112.15857	106.89958	106.59285	107.96214
10/1/2025	12:24:09 PM	107.94538	109.61360	114.46315	109.65596	111.81477	113.40395	112.37978	110.46238	112.07877	111.12066	111.76433	106.55490	106.25131	107.61445
10/1/2025	12:24:12 PM	107.59489	109.23471	114.02673	109.27069	111.42233	112.98939	111.99125	110.09920	111.69523	110.74631	111.38082	106.22172	105.91726	107.27545
10/1/2025	12:24:16 PM	107.25102	108.86190	113.59431	108.89324	111.03489	112.58496	111.61238	109.74551	111.32069	110.37921	111.00443	105.89280	105.59088	106.94476
10/1/2025	12:24:19 PM	106.91865	108.49644	113.17313	108.52787	110.66190	112.19196	111.24394	109.40231	110.95608	110.02224	110.63449	105.57128	105.27266	106.62108
10/1/2025	12:24:23 PM	106.59226	108.13634	112.75310	108.15799	110.28600	111.79713	110.87321	109.05435	110.58860	109.66383	110.26372	105.24971	104.95296	106.29794
10/1/2025	12:24:27 PM	106.26066	107.78325	112.34322	107.79930	109.91702	111.40977	110.50908	108.71302	110.22947	109.31043	109.90199	104.93398	104.63744	105.97739
10/1/2025	12:24:30 PM	105.93967	107.43558	111.93917	107.44390	109.55410	111.02790	110.14792	108.37527	109.87122	108.96135	109.54121	104.61874	104.32475	105.66009
10/1/2025	12:24:34 PM	105.62090	107.09034	111.54365	107.09697	109.19636	110.65246	109.79528	108.04407	109.52240	108.62036	109.19124	104.31179	104.02209	105.35133
10/1/2025	12:24:37 PM	105.30561	106.74811	111.14983	106.75414	108.84533	110.28337	109.44513	107.71750	109.17720	108.28209	108.84391	104.01286	103.72166	105.04583
10/1/2025	12:24:41 PM	104.99823	106.41561	110.76207	106.41494	108.49643	109.91696	109.09881	107.38973	108.83330	107.94721	108.49857	103.71366	103.42202	104.74040
10/1/2025	12:24:45 PM	104.69025	106.08284	110.37810	106.07476	108.14962	109.55317	108.75286	107.06648	108.49144	107.61408	108.15432	103.41595	103.12629	104.43833
10/1/2025	12:24:48 PM	104.39112	105.75631	109.99870	105.74474	107.80942	109.19512	108.41253	106.74661	108.15447	107.28376	107.81640	103.12397	102.83549	104.14043
10/1/2025	12:24:52 PM	104.09566	105.44348	109.62932	105.42199	107.47822	108.84774	108.08139	106.43623	107.82931	106.96835	107.49263	102.84156	102.55464	103.85349
10/1/2025	12:24:55 PM	103.80422	105.13230	109.26549	105.10452	107.15232	108.50632	107.75544	106.12892	107.50595	106.65068	107.16712	102.55923	102.27561	103.56743
10/1/2025	12:24:59 PM	103.51260	104.82027	108.90018	104.78709	106.82544	108.16300	107.42958	105.82361	107.18315	106.33631	106.84238	102.27849	101.99488	103.27975
10/1/2025	12:25:03 PM	103.22690	104.51544	108.54920	104.47734	106.50594	107.82832	107.10886	105.52083	106.86563	106.02754	106.52611	102.00554	101.72208	103.00035
10/1/2025	12:25:06 PM	102.94821	104.22022	108.20014	104.17279	106.19421	107.50122	106.79423	105.22525	106.55696	105.72589	106.21295	101.73772	101.45547	102.72615
10/1/2025	12:25:10 PM	102.67096	103.92073	107.85344	103.87130	105.88280	107.17630	106.48181	104.93321	106.24975	105.42568	105.90528	101.47108	101.18934	102.45352
10/1/2025	12:25:13 PM	102.40136	103.62707	107.52004	103.57755	105.57750	106.85699	106.17509	104.64245	105.94620	105.13004	105.60057	101.20874	100.92684	102.18480
10/1/2025	12:25:17 PM	102.13051	103.33624	107.18063	103.28267	105.27162	106.53736	105.86803	104.35380	105.64337	104.83466	105.29694	100.94538	100.66638	101.91465
10/1/2025	12:25:21 PM	101.86039	103.04733	106.84708	102.99238	104.97146	106.22329	105.56738	104.07147	105.34786	104.54781	105.00184	100.68959	100.41311	101.65378
10/1/2025	12:25:24 PM	101.59874	102.77016	106.52587	102.71031	104.67800	105.91669	105.27209	103.79490	105.05654	104.26354	104.71003	100.43783	100.16487	101.39644
10/1/2025	12:25:28 PM	101.34078	102.49658	106.20785	102.43266	104.38814	105.61520	104.98181	103.51944	104.76995	103.98384	104.42236	100.19220	99.91733	101.14057
10/1/2025	12:25:31 PM	101.08684	102.22716	105.89272	102.15742	104.10261	105.31703	104.69396	103.24960	104.48782	103.70698	104.14003	99.94731	99.67180	100.89035
10/1/2025	12:25:35 PM	100.83371	101.95794	105.57603	101.88537	103.81973	105.02079	104.40829	102.97964	104.20457	103.43288	103.85475	99.70323	99.42476	100.63765
10/1/2025	12:25:39 PM	100.58219	101.69118	105.26448	101.61261	103.53705	104.72592	104.12235	102.71005	103.92314	103.15966	103.57428	99.46323	99.18138	100.38686
10/1/2025	12:25:42 PM	100.33622	101.42929	104.96219	101.34990	103.26287	104.43941	103.84629	102.45058	103.65356	102.89571	103.30434	99.23204	98.94972	100.15028
10/1/2025	12:25:46 PM	100.09703	101.17676	104.67572	101.09521	102.99638	104.16171	103.57513	102.19545	103.38705	102.63577	103.03600	99.00071	98.71598	99.90975
10/1/2025	12:25:49 PM	99.86076	100.92253	104.37693	100.83950	102.72697	103.87989	103.30265	101.93752	103.11754	102.37087	102.76392	98.76805	98.48012	99.66716
10/1/2025	12:25:53 PM	99.61787	100.66117	104.07396	100.57898	102.45429	103.59604	103.02700	101.67821	102.84874	102.11017	102.49652	98.54178	98.24950	99.43015
10/1/2025	12:25:57 PM	99.38898	100.41520	103.78991	100.32852	102.19250	103.32272	102.76153	101.42758	102.58911	101.85637	102.23606	98.31795	98.02384	99.19795
10/1/2025	12:26:00 PM	99.15920	100.17236	103.50653	100.08406	101.93731	103.05390	102.49960	101.17943	102.33101	101.60341	101.97574	98.09264	97.79928	98.96575
10/1/2025	12:26:04 PM	98.92972	99.92995	103.22214	99.84004	101.68109	102.78660	102.23923	100.93430	102.07728	101.35825	101.72228	97.87756	97.58174	98.74087
10/1/2025	12:26:07 PM	98.70272	99.69212	102.94874	99.60031	101.42594	102.51921	101.98015	100.68884	101.82193	101.10833	101.46485	97.65949	97.36042	98.51194
10/1/2025	12:26:11 PM	98.48116	99.45443	102.67626	99.36499	101.17989	102.26274	101.73006	100.45117	101.57550	100.86956	101.21719	97.44952	97.14860	98.29239
10/1/2025	12:26:15 PM	98.26378	99.22609	102.41164	99.13061	100.93423	102.00642	101.47993	100.21573	101.33139	100.63069	100.97276	97.23921	96.93731	98.07213
10/1/2025	12:26:18 PM	98.04479	98.99407	102.13466	98.89484	100.68802	101.74732	101.22663	99.97552	101.08155	100.38740	100.72152	97.02759	96.72293	97.84985
10/1/2025	12:26:22 PM	97.82480	98.76383	101.86745	98.66169	100.44291	101.49193	100.97626	99.73931	100.83483	100.14786	100.47675	96.81672	96.51183	97.62981
10/1/2025	12:26:26 PM	97.61419	98.54363	101.60743	98.43999	100.20907	101.24823	100.73786	99.51464	100.60215	99.92181	100.24368	96.61741	96.31006	97.42046
10/1/2025	12:26:29 PM	97.40359	98.31771	101.34545	98.21715	99.97179	100.99878	100.49386	99.28337	100.36185	99.68929	100.00212	96.41155	96.10388	97.20502
10/1/2025	12:26:33 PM	97.19305	98.09703	101.08744	97.99360	99.73864	100.75539	100.25440	99.05559	100.12666	99.46027	99.76956	96.21509	95.90609	96.99944
10/1/2025	12:26:36 PM	96.99111	97.88062	100.83863	97.77873	99.51231	100.51973	100.02314	98.83647	99.89891	99.23851	99.54011	96.02079	95.70894	96.79359
10/1/2025	12:26:40 PM	96.78923	97.66879	100.59287	97.56529	99.28673	100.28313	99.79170	98.61735	99.67134	99.01555	99.31201	95.82587	95.51340	96.58947
10/1/2025	12:26:44 PM	96.58580	97.45671	100.34670	97.35142	99.06293	100.04889	99.56099	98.39865	99.44432	98.79660	99.08883	95.63773	95.32227	96.39008
10/1/2025	12:26:47 PM	96.39311	97.25668	100.11095	97.14734	98.84728	99.82251	99.34031	98.18953	99.22709	98.58533	98.87228	95.45257	95.13569	96.19481
10/1/2025	12:26:51 PM	96.19976	97.04886	99.87720	96.94338	98.63147	99.59790	99.11911	97.97876	99.00870	98.37413	98.65540	95.26824	94.94977	95.99994
10/1/2025	12:26:55 PM	96.01088	96.85287	99.64541	96.74457	98.42037	99.37749	98.90176	97.77300	98.79546	98.16592	98.44339	95.09080	94.76805	95.80801
10/1/2025	12:26:58 PM	95.82012	96.65227	99.41135	96.54151	98.20495	99.15076	98.67904	97.55988	98.57465	97.95180	98.22345	94.90527	94.58047	95.61173
10/1/2025	12:27:02 PM	95.63202	96.45057	99.17710	96.34261	97.99397	98.93128	98.46293	97.35536	98.36136	97.74674	98.01345	94.72852	94.40017	95.42255
10/1/2025	12:27:06 PM	95.44975	96.25713	98.94990	96.14956	97.78385	98.70571	98.23854	97.14193	98.13808	97.53974	97.71591	94.28191	93.83037	95.11354
10/1/2025	12:27:09 PM	92.37099	95.36645	97.79662	95.08517	96.57889	97.30750	97.17441	96.10038	96.98294	96.21788	96.37003	92.68714	92.35940	93.70709
10/1/2025	12:27:13 PM	80.58256	94.25387	96.72873	94.10485	95.78261	96.71912	96.56874	95.57715	96.38561	95.77321	95.87661	92.03210	92.13068	93.34060
10/1/2025	12:27:16 PM	81.40323	93.94567	96.51327	94.00709	95.53461	96.75302	96.53307	95.47763	96.24752	95.60277	95.62636	91.67685	92.05729	93.15869
10/1/2025	12:27:20 PM	82.31695	93.71883	96.30957	93.89678	95.33921	96.72369	96.45486	95.35260	96.08428	95.40219	95.37546	91.39894	91.92876	92.95966
10/1/2025	12:27:24 PM	83.04608	93.47194	96.07802	93.73948	95.15748	96.59741	96.30257	95.18119	95.87718	95.16183	95.10170	91.14357	91.74432	92.74022
10/1/2025	12:27:27 PM	83.73472	93.21448	95.81675	93.54965	94.99001	96.45162	96.14386	95.03312	95.70251	94.95009	94.86121	90.95313	91.58184	92.57426
10/1/2025	12:27:31 PM	84.53294	93.01538	95.61946	93.41555	94.90782	96.37400	96.05879	94.96308	95.61692	94.82391	94.71363	90.88356	91.50381	92.49597
10/1/2025	12:27:34 PM	85.20976	92.89615	95.49187	93.34460	94.87876	96.32661	96.00410	94.91954	95.55963	94.73125	94.60770	90.86882	91.45106	92.44214
10/1/2025	12:27:38 PM	85.92438	92.79454	95.37557	93.27250	94.84558	96.26340	95.93564	94.85936	95.48415	94.63459	94.50264	90.86308	91.39486	92.38291
10/1/2025	12:27:41 PM	86.48652	92.68937	95.25097	93.18694	94.79592	96.17570	95.84698	94.78155	95.39065	94.52617	94.38650	90.84911	91.32602	92.31086
10/1/2025	12:27:45 PM	86.97741	92.57776	95.12048	93.08808	94.72794	96.06952	95.74230	94.68761	95.28038	94.40784	94.26361	90.81506	91.24698	92.22599
10/1/2025	12:27:49 PM	87.41864	92.45965	94.98003	92.97871	94.64364	95.94930	95.62326	94.57979	95.15779	94.28165	94.13456	90.76558	91.15912	92.13278
10/1/2025	12:27:52 PM	87.92861	92.33862	94.83606	92.86618	94.54618	95.82169	95.49918	94.46806	95.02928	94.15421	94.00126	90.70109	91.06694	92.03418
10/1/2025	12:27:56 PM	88.33395	92.21876	94.68499	92.74831	94.43814	95.68804	95.36911	94.34928	94.89678	94.02189	93.86813	90.62849	90.96862	91.93030
10/1/2025	12:28:00 PM	88.67061	92.09430	94.53619	92.62787	94.32546	95.55488	95.23839	94.22920	94.76189	93.88911	93.73184	90.54886	90.86849	91.82382
10/1/2025	12:28:03 PM	88.91696	91.96937	94.38500	92.50543	94.20298	95.41577	95.10167	94.10476	94.62383	93.75355	93.59334	90.46413	90.76522	91.71304
10/1/2025	12:28:07 PM	89.06315	91.84437	94.23503	92.38383	94.07712	95.27649	94.96512	93.97785	94.48464	93.61850	93.45595	90.37310	90.65696	91.59806
10/1/2025	12:28:10 PM	89.14566	91.71491	94.07872	92.25494	93.94392	95.13179	94.82355	93.84680	94.34175	93.47990	93.31380	90.27615	90.54635	91.48047
10/1/2025	12:28:14 PM	89.19779	91.59409	93.92507	92.12747	93.80792	94.98713	94.67884	93.71299	94.19489	93.34001	93.17393	90.17809	90.43401	91.36022
10/1/2025	12:28:18 PM	89.22489	91.46310	93.76895	92.00109	93.67083	94.84275	94.53654	93.58160	94.05362	93.20287	93.03319	90.07991	90.32293	91.24167
10/1/2025	12:28:21 PM	89.23642	91.33575	93.61744	91.87600	93.53376	94.69577	94.39191	93.44532	93.90788	93.06163	92.89067	89.97505	90.20968	91.11938
10/1/2025	12:28:25 PM	89.23067	91.20875	93.46212	91.74630	93.39452	94.55075	94.24863	93.31226	93.76438	92.92433	92.75208	89.87143	90.09703	90.99833
10/1/2025	12:28:28 PM	89.21328	91.08156	93.31187	91.62139	93.25592	94.40590	94.10414	93.17657	93.62095	92.78783	92.61099	89.76292	89.98292	90.87542
10/1/2025	12:28:32 PM	89.18153	90.95306	93.15915	91.49080	93.11458	94.25818	93.95789	93.03813	93.47465	92.64781	92.46935	89.65451	89.86748	90.75155
10/1/2025	12:28:35 PM	89.13841	90.82890	93.01187	91.36661	92.97898	94.11524	93.81512	92.90208	93.33067	92.50841	92.32721	89.54272	89.75029	90.62578
10/1/2025	12:28:39 PM	89.08574	90.69886	92.85741	91.23521	92.83452	93.96510	93.66592	92.76150	93.18337	92.36776	92.18522	89.43342	89.63401	90.50012
10/1/2025	12:28:43 PM	89.02698	90.57595	92.70917	91.11023	92.69886	93.82246	93.52285	92.62648	93.04263	92.23156	92.04651	89.32555	89.52061	90.37893
10/1/2025	12:28:46 PM	88.96675	90.45079	92.56405	90.98521	92.56139	93.68075	93.37981	92.49126	92.90211	92.09629	91.90860	89.21668	89.40802	90.25753
10/1/2025	12:28:50 PM	88.89790	90.32596	92.41840	90.86052	92.42687	93.53940	93.24275	92.35970	92.76527	91.96426	91.77452	89.10917	89.29724	90.13840
10/1/2025	12:28:53 PM	88.82667	90.20385	92.27528	90.73674	92.29141	93.39988	93.10198	92.22557	92.62635	91.83089	91.63935	88.99963	89.18648	90.01831
10/1/2025	12:28:57 PM	88.75332	90.08040	92.13216	90.61297	92.15648	93.25674	92.96020	92.08983	92.48716	91.69781	91.50407	88.89224	89.07517	89.89831
10/1/2025	12:29:01 PM	88.67858	89.96407	91.99226	90.49323	92.02370	93.11816	92.82105	91.95667	92.35167	91.56657	91.37123	88.78771	88.96599	89.78168
10/1/2025	12:29:04 PM	88.60211	89.84640	91.85791	90.37613	91.89587	92.98483	92.68825	91.83042	92.22154	91.44220	91.24531	88.68747	88.86035	89.66684
10/1/2025	12:29:08 PM	88.52518	89.72959	91.71927	90.25676	91.76368	92.84557	92.54942	91.69747	92.08417	91.31035	91.10956	88.57857	88.74890	89.54614
10/1/2025	12:29:11 PM	88.44281	89.61059	91.57917	90.13375	91.63007	92.70532	92.40987	91.56211	91.94722	91.17843	90.97604	88.47199	88.63824	89.42675
10/1/2025	12:29:15 PM	88.35840	89.49544	91.44514	90.01520	91.49973	92.56803	92.27225	91.43111	91.81308	91.04986	90.84813	88.36739	88.53010	89.30945
10/1/2025	12:29:19 PM	88.27559	89.38015	91.31150	89.89951	91.37240	92.43387	92.13935	91.30305	91.68301	90.92607	90.72162	88.26746	88.42524	89.19702
10/1/2025	12:29:22 PM	88.19250	89.26895	91.18267	89.78653	91.24835	92.30454	92.00973	91.17822	91.55699	90.80250	90.59692	88.16640	88.32134	89.08389
10/1/2025	12:29:26 PM	88.11123	89.15924	91.05556	89.67626	91.12723	92.17627	91.88069	91.05514	91.43212	90.68355	90.47573	88.06861	88.22056	88.97530
10/1/2025	12:29:29 PM	88.02868	89.05164	90.92915	89.56520	91.00646	92.04860	91.75340	90.93355	91.30835	90.56465	90.35531	87.97295	88.12053	88.86737
10/1/2025	12:29:33 PM	87.94920	88.94492	90.80516	89.45731	90.88643	91.92275	91.62658	90.81138	91.18496	90.44636	90.23364	87.87613	88.01957	88.75771
10/1/2025	12:29:37 PM	87.86687	88.83931	90.68250	89.34842	90.76801	91.79857	91.50089	90.69052	91.06289	90.32762	90.11574	87.78218	87.92164	88.65156
10/1/2025	12:29:40 PM	87.78646	88.73533	90.56477	89.24638	90.65343	91.67639	91.38033	90.57346	90.94536	90.21559	90.00118	87.69122	87.82589	88.54855
10/1/2025	12:29:44 PM	87.70730	88.63503	90.44866	89.14356	90.53880	91.55496	91.26025	90.45712	90.82904	90.10334	89.88941	87.60042	87.73260	88.44609
10/1/2025	12:29:47 PM	87.62723	88.53306	90.33010	89.03987	90.42377	91.43258	91.13628	90.33880	90.70869	89.98863	89.77288	87.50777	87.63521	88.34027
10/1/2025	12:29:51 PM	87.54637	88.43392	90.21273	88.93730	90.31009	91.31110	91.01460	90.22066	90.59059	89.87675	89.65866	87.41606	87.53948	88.23746
10/1/2025	12:29:55 PM	87.46558	88.33223	90.09592	88.83345	90.19664	91.19023	90.89539	90.10644	90.47617	89.76715	89.54947	87.32853	87.44849	88.13902
10/1/2025	12:29:58 PM	87.38600	88.23491	89.98704	88.73736	90.08968	91.07666	90.78211	89.99729	90.36590	89.66035	89.44170	87.24312	87.35907	88.04089
10/1/2025	12:30:02 PM	87.31059	88.14287	89.87843	88.64248	89.98468	90.96634	90.67035	89.88878	90.25761	89.55589	89.33700	87.15959	87.27118	87.94527
10/1/2025	12:30:05 PM	87.23306	88.04857	89.76859	88.54605	89.87786	90.85106	90.55583	89.77887	90.14727	89.45140	89.23082	87.07466	87.18282	87.85000
10/1/2025	12:30:09 PM	87.15527	87.95624	89.66174	88.45345	89.77285	90.73849	90.44448	89.67031	90.03905	89.34696	89.12471	86.99025	87.09446	87.75302
10/1/2025	12:30:13 PM	87.07903	87.86322	89.55653	88.35991	89.66833	90.62801	90.33204	89.56221	89.93027	89.24349	89.02186	86.90562	87.00716	87.65878
10/1/2025	12:30:16 PM	87.00022	87.77408	89.44993	88.26560	89.56465	90.51663	90.22231	89.45642	89.82457	89.14229	88.91900	86.82307	86.92020	87.56594
10/1/2025	12:30:20 PM	86.92462	87.68502	89.34615	88.17492	89.46409	90.41034	90.11668	89.35475	89.72231	89.04494	88.82115	86.74622	86.83837	87.47521
10/1/2025	12:30:23 PM	86.85067	87.59071	89.22638	88.05955	89.32935	90.11420	89.57918	88.63809	88.95630	88.35057	87.79475	85.93077	85.64141	86.18389
10/1/2025	12:30:27 PM	77.05052	85.91885	88.01507	86.94685	88.14094	88.86605	88.60244	87.83106	88.36290	88.02316	87.49510	85.70728	85.43106	85.97619
10/1/2025	12:30:31 PM	77.07684	85.96408	87.94313	86.83657	88.07029	88.87846	88.64765	87.91651	88.38189	87.98483	87.54976	85.66088	85.39611	85.98338
10/1/2025	12:30:34 PM	77.09267	85.88442	87.84264	86.77147	88.00604	88.86186	88.64500	87.92784	88.37285	87.92201	87.54186	85.60448	85.37862	85.96977
10/1/2025	12:30:38 PM	77.10916	85.85873	87.60024	86.53328	87.77002	88.68813	88.46655	87.64319	87.97600	87.45317	87.16475	85.32745	85.13022	85.71554
10/1/2025	12:30:41 PM	77.13819	85.62646	87.17759	86.15287	87.45842	88.50957	88.32435	87.47811	87.75800	87.18913	86.95119	85.19723	85.03366	85.60220
10/1/2025	12:30:45 PM	77.15934	85.65507	87.07556	86.06818	87.36217	88.40452	88.24383	87.46198	87.74029	87.16675	86.91454	85.11038	84.95077	85.52913
10/1/2025	12:30:48 PM	77.17952	85.65996	87.00073	86.04725	87.31880	88.31643	88.16203	87.43100	87.75927	87.18978	86.90901	85.04993	84.88579	85.47382
10/1/2025	12:30:52 PM	77.20046	85.62675	86.97763	86.01442	87.29059	88.24204	88.07976	87.39373	87.75693	87.19899	86.89969	84.99537	84.83327	85.43310
10/1/2025	12:30:56 PM	77.22240	85.55242	86.89781	85.98591	87.24557	88.16599	88.00082	87.34445	87.72998	87.17533	86.86682	84.94918	84.78208	85.39527
10/1/2025	12:30:59 PM	77.24867	85.50907	86.81440	85.90748	87.18312	88.09169	87.92370	87.29234	87.68243	87.12811	86.82012	84.89824	84.73251	85.35415
10/1/2025	12:31:03 PM	77.28268	85.44213	86.72441	85.84358	87.11318	88.01567	87.85083	87.23353	87.61844	87.06286	86.76130	84.84399	84.68184	85.31003
10/1/2025	12:31:06 PM	77.32011	85.35557	86.65307	85.75878	87.03692	87.93759	87.77512	87.17030	87.54779	86.99219	86.69395	84.78399	84.62909	85.25990
10/1/2025	12:31:10 PM	77.35885	85.27179	86.55732	85.67846	86.95257	87.85306	87.69523	87.10048	87.46872	86.91465	86.61993	84.72736	84.57115	85.20628
10/1/2025	12:31:14 PM	77.42221	85.19769	86.46456	85.59732	86.86623	87.76374	87.61043	87.02421	87.38501	86.83260	86.53986	84.65885	84.51149	85.14292
10/1/2025	12:31:17 PM	77.44936	85.10992	86.36280	85.50861	86.77772	87.67159	87.52311	86.94619	87.30008	86.74885	86.45930	84.59892	84.45157	85.08057
10/1/2025	12:31:21 PM	77.52623	85.04385	86.27547	85.43236	86.69442	87.58066	87.43526	86.86797	87.21826	86.67016	86.38111	84.53276	84.38878	85.01644
10/1/2025	12:31:24 PM	77.61581	84.96335	86.16407	85.35354	86.61179	87.49377	87.35171	86.79465	87.13896	86.59076	86.30475	84.47073	84.32930	84.95452
10/1/2025	12:31:28 PM	77.77193	84.89919	86.06789	85.27312	86.53125	87.40829	87.26912	86.71861	87.05872	86.51684	86.23136	84.40973	84.27232	84.89364
10/1/2025	12:31:32 PM	78.00323	84.84760	85.99550	85.19694	86.45577	87.32300	87.18687	86.64351	86.98049	86.44182	86.15801	84.35000	84.21315	84.82846
10/1/2025	12:31:35 PM	78.32749	84.77959	85.91589	85.12802	86.37582	87.23613	87.09951	86.56277	86.89653	86.36191	86.07935	84.29134	84.15379	84.76182
10/1/2025	12:31:39 PM	78.71366	84.72289	85.80638	85.04856	86.29578	87.15184	87.01687	86.48781	86.81912	86.28840	86.00519	84.23703	84.09660	84.70012
10/1/2025	12:31:42 PM	79.16898	84.67058	85.72191	84.98354	86.22029	87.07180	86.93888	86.41622	86.74424	86.21786	85.93240	84.17915	84.04053	84.63837
10/1/2025	12:31:46 PM	79.75503	84.61654	85.65085	84.91826	86.14758	86.99457	86.86113	86.34402	86.67162	86.14840	85.86535	84.12596	83.98941	84.58211
10/1/2025	12:31:50 PM	80.38471	84.56463	85.57791	84.85330	86.07735	86.91590	86.78488	86.27284	86.59785	86.07941	85.79449	84.07379	83.93555	84.52267
10/1/2025	12:31:53 PM	80.91309	84.50524	85.49801	84.78933	86.01325	86.84284	86.71076	86.20363	86.52852	86.01234	85.72896	84.02455	83.88648	84.46663
10/1/2025	12:31:57 PM	81.30269	84.45033	85.43142	84.72659	85.94117	86.76785	86.63795	86.13609	86.45961	85.94929	85.66561	83.97291	83.83615	84.41068
10/1/2025	12:32:00 PM	81.59526	84.39175	85.37116	84.66563	85.87358	86.69322	86.56443	86.06636	86.38947	85.88172	85.59830	83.92282	83.78651	84.35531
10/1/2025	12:32:04 PM	81.84497	84.33698	85.29298	84.59435	85.80885	86.62369	86.49440	86.00091	86.32588	85.82170	85.53982	83.88060	83.74217	84.30452
10/1/2025	12:32:08 PM	82.06719	84.28463	85.24497	84.52416	85.74808	86.55614	86.42669	85.93689	86.26109	85.76055	85.47795	83.83419	83.69759	84.25302
10/1/2025	12:32:11 PM	82.24678	84.23913	85.18344	84.47566	85.68628	86.49007	86.36107	85.87576	86.20055	85.70281	85.42257	83.79310	83.65403	84.20456
10/1/2025	12:32:15 PM	82.38768	84.18664	85.10482	84.44545	85.62737	86.42374	86.29505	85.81235	86.13736	85.64390	85.36273	83.75002	83.61374	84.15536
10/1/2025	12:32:18 PM	82.49034	84.14176	85.07240	84.37751	85.56737	86.35885	86.22956	85.74982	86.07378	85.58382	85.30126	83.70635	83.56773	84.10387
10/1/2025	12:32:22 PM	82.55784	84.09788	85.00872	84.34684	85.51271	86.29326	86.16525	85.68951	86.01437	85.52876	85.24689	83.66573	83.52878	84.05545
10/1/2025	12:32:26 PM	82.61173	84.05370	84.95221	84.28495	85.45904	86.23215	86.10410	85.62990	85.95615	85.47339	85.19131	83.62809	83.48878	84.00906
10/1/2025	12:32:29 PM	82.65957	84.00906	84.90619	84.21688	85.40463	86.17164	86.04414	85.57321	85.89959	85.42017	85.13781	83.59057	83.44930	83.96358
10/1/2025	12:32:33 PM	82.69435	83.96559	84.87421	84.20041	85.35085	86.11095	85.98419	85.51479	85.84239	85.36615	85.08255	83.55051	83.40940	83.91847
10/1/2025	12:32:36 PM	82.72372	83.91957	84.81515	84.11901	85.30192	86.05427	85.92633	85.46017	85.78899	85.31496	85.03144	83.51320	83.36927	83.87367
10/1/2025	12:32:40 PM	82.75005	83.87318	84.76184	84.08469	85.24396	85.99250	85.86561	85.40169	85.73133	85.26040	84.97688	83.47106	83.32710	83.82718
10/1/2025	12:32:44 PM	82.76432	83.83015	84.70455	84.03607	85.19269	85.93529	85.80683	85.34609	85.67700	85.20841	84.92340	83.43093	83.28816	83.78227
10/1/2025	12:32:47 PM	82.77847	83.78608	84.65443	83.98317	85.13817	85.87770	85.74997	85.29092	85.62241	85.15764	84.87360	83.39577	83.25132	83.73940
10/1/2025	12:32:51 PM	82.79235	83.74964	84.60304	83.91687	85.09217	85.82265	85.69333	85.23642	85.56869	85.10684	84.82200	83.35820	83.21241	83.69477
10/1/2025	12:32:54 PM	82.79855	83.70254	84.55528	83.89266	85.03943	85.76680	85.63756	85.18234	85.51545	85.05565	84.77145	83.32044	83.17272	83.65047
10/1/2025	12:32:58 PM	82.79943	83.66493	84.50779	83.85684	84.99404	85.71318	85.58357	85.13064	85.46556	85.00808	84.72163	83.28463	83.13756	83.60828
10/1/2025	12:33:02 PM	82.79668	83.62822	84.47039	83.80432	84.94415	85.65781	85.52862	85.07755	85.41322	84.95823	84.67357	83.24842	83.09678	83.56458
10/1/2025	12:33:05 PM	82.79147	83.58742	84.42975	83.78132	84.89380	85.60367	85.47647	85.02628	85.36309	84.91067	84.62505	83.21325	83.06213	83.52381
10/1/2025	12:33:09 PM	82.78311	83.55079	84.38498	83.71645	84.84649	85.55252	85.42503	84.97526	85.31434	84.86397	84.57681	83.17989	83.02457	83.48262
10/1/2025	12:33:12 PM	82.77213	83.51514	84.35117	83.67613	84.79979	85.49874	85.37075	84.92297	85.26341	84.81616	84.52936	83.14370	82.98930	83.44168
10/1/2025	12:33:16 PM	82.75852	83.47191	84.29560	83.63859	84.75428	85.44666	85.31877	84.87339	85.21494	84.76963	84.48280	83.10823	82.94956	83.40032
10/1/2025	12:33:20 PM	82.74638	83.43373	84.23326	83.58711	84.70578	85.39534	85.26809	84.82484	85.16733	84.72338	84.43629	83.07518	82.91409	83.36062
10/1/2025	12:33:23 PM	82.73386	83.39905	84.19455	83.53454	84.65976	85.34472	85.21733	84.77646	85.12031	84.67863	84.39168	83.04210	82.88001	83.32259
10/1/2025	12:33:27 PM	82.71838	83.36457	84.15634	83.48741	84.60977	85.29673	85.17012	84.72862	85.07488	84.63581	84.35047	83.01021	82.84983	83.28572
10/1/2025	12:33:30 PM	82.70710	83.33005	84.12173	83.45225	84.57332	85.25133	85.12491	84.68514	85.03263	84.59518	84.30790	82.98258	82.82170	83.25067
10/1/2025	12:33:34 PM	82.69257	83.29888	84.07960	83.43736	84.53618	85.20595	85.07845	84.64058	84.98998	84.55392	84.26641	82.95148	82.78976	83.21357
10/1/2025	12:33:38 PM	82.67636	83.26449	84.03839	83.41383	84.48971	85.15742	85.03053	84.59394	84.94438	84.51012	84.22219	82.91876	82.75572	83.17509
10/1/2025	12:33:41 PM	82.65740	83.22931	84.00382	83.39009	84.44976	85.10923	84.98356	84.54847	84.89987	84.46798	84.18114	82.88793	82.71930	83.13750
10/1/2025	12:33:45 PM	82.63787	83.19478	83.92009	83.36591	84.41230	85.06650	84.94010	84.50587	84.85815	84.42615	84.13898	82.85992	82.68592	83.10227
10/1/2025	12:33:48 PM	82.61981	83.16489	83.88526	83.33876	84.37029	85.02218	84.89410	84.46096	84.81187	84.37923	84.09077	82.82508	82.65548	83.06445
10/1/2025	12:33:52 PM	82.59935	83.12264	83.85065	83.28168	84.31462	84.97064	84.84847	84.42041	84.76394	84.32873	84.04019	82.79079	82.62425	83.02820
10/1/2025	12:33:56 PM	82.58421	83.09503	83.79753	83.23236	84.27551	84.92955	84.80824	84.37898	84.72184	84.29011	84.00422	82.76535	82.58998	82.99596
10/1/2025	12:33:59 PM	82.56187	83.04465	83.79321	83.25185	84.23879	84.88972	84.76862	84.34110	84.69214	84.26560	83.98402	82.75261	82.57023	82.97688
10/1/2025	12:34:03 PM	82.52302	83.02181	83.79091	83.26798	84.21732	84.86943	84.74291	84.31513	84.67097	84.24744	83.96651	82.73821	82.54895	82.95551
10/1/2025	12:34:06 PM	82.51897	83.01254	83.79234	83.26135	84.19020	84.83808	84.70801	84.28263	84.64270	84.22237	83.93806	82.72085	82.52448	82.93102
10/1/2025	12:34:10 PM	82.51924	82.98201	83.78342	83.24587	84.15839	84.80152	84.66951	84.24652	84.60604	84.18572	83.90011	82.68880	82.49186	82.89924
10/1/2025	12:34:14 PM	82.49962	82.94825	83.76284	83.22190	84.11851	84.75680	84.62788	84.20843	84.56791	84.14720	83.85697	82.65277	82.45407	82.86309
10/1/2025	12:34:17 PM	82.46950	82.90724	83.72544	83.18580	84.07442	84.71071	84.58372	84.16910	84.52983	84.10602	83.81184	82.61353	82.41619	82.82752
10/1/2025	12:34:21 PM	82.43701	82.87007	83.68954	83.15418	84.03650	84.67114	84.54488	84.13408	84.49459	84.06930	83.77263	82.57880	82.38161	82.79474
10/1/2025	12:34:24 PM	82.40972	82.83503	83.65803	83.12740	83.99949	84.63268	84.50724	84.09879	84.46090	84.03568	83.73718	82.54869	82.35139	82.76486
10/1/2025	12:34:28 PM	82.38103	82.80050	83.62650	83.09915	83.96876	84.59796	84.47114	84.06364	84.42737	84.00086	83.70087	82.51830	82.32124	82.73383
10/1/2025	12:34:32 PM	82.35633	82.76855	83.59295	83.07275	83.93284	84.55982	84.43291	84.02810	84.39318	83.96674	83.66765	82.49065	82.29267	82.70447
10/1/2025	12:34:35 PM	82.33384	82.74018	83.56666	83.05043	83.90100	84.52606	84.39903	83.99489	84.36143	83.93540	83.63645	82.46607	82.26728	82.67745
10/1/2025	12:34:39 PM	82.31404	82.71468	83.53725	83.02961	83.87400	84.49442	84.36583	83.96233	84.33002	83.90489	83.60594	82.44191	82.24246	82.65073
10/1/2025	12:34:42 PM	82.29373	82.68566	83.50935	83.00291	83.84343	84.46069	84.33186	83.92930	84.29781	83.87299	83.57344	82.41646	82.21514	82.62171
10/1/2025	12:34:46 PM	82.26855	82.65556	83.47900	82.97918	83.81252	84.42650	84.29706	83.89549	84.26482	83.84125	83.54198	82.39126	82.18910	82.59433
10/1/2025	12:34:50 PM	82.24591	82.63252	83.45313	82.95349	83.78189	84.39326	84.26339	83.86283	84.23264	83.80995	83.51021	82.36586	82.16308	82.56552
10/1/2025	12:34:53 PM	82.22456	82.60486	83.42315	82.92923	83.75178	84.35957	84.22961	83.83063	84.20215	83.78035	83.48060	82.34223	82.13828	82.53931
10/1/2025	12:34:57 PM	82.20526	82.57702	83.39350	82.90589	83.72190	84.32859	84.19740	83.79949	84.17131	83.74989	83.45015	82.31868	82.11337	82.51261
10/1/2025	12:35:01 PM	82.18644	82.55452	83.37046	82.88315	83.69293	84.29710	84.16686	83.76917	84.14278	83.72186	83.42143	82.29678	82.09091	82.48748
10/1/2025	12:35:04 PM	82.16920	82.53315	83.34862	82.86113	83.66580	84.26802	84.13706	83.74026	84.11405	83.69451	83.39516	82.27619	82.06786	82.46299
10/1/2025	12:35:08 PM	82.15191	82.50931	83.32202	82.83824	83.63826	84.23852	84.10712	83.71011	84.08432	83.66674	83.36797	82.25422	82.04562	82.43862
10/1/2025	12:35:11 PM	82.13370	82.48831	83.29764	82.81756	83.61142	84.20883	84.07784	83.68196	84.05754	83.64072	83.34196	82.23460	82.02402	82.41521
10/1/2025	12:35:15 PM	82.11877	82.46923	83.27585	82.79996	83.58822	84.18250	84.05012	83.65562	84.03122	83.61534	83.31679	82.21524	82.00409	82.39250
10/1/2025	12:35:19 PM	82.10103	82.44716	83.25159	82.77777	83.56343	84.15541	84.02284	83.62859	84.00493	83.58989	83.29101	82.19529	81.98390	82.37027
10/1/2025	12:35:22 PM	82.08326	82.42673	83.22923	82.75605	83.53655	84.12693	83.99491	83.60130	83.97869	83.56507	83.26675	82.17657	81.96360	82.34838
10/1/2025	12:35:26 PM	82.06636	82.40583	83.20565	82.73710	83.51298	84.10173	83.96871	83.57567	83.95320	83.54086	83.24276	82.15833	81.94393	82.32659
10/1/2025	12:35:30 PM	82.05295	82.38847	83.18487	82.71861	83.48878	84.07377	83.94072	83.54935	83.92740	83.51544	83.21742	82.13953	81.92403	82.30418
10/1/2025	12:35:33 PM	82.03632	82.36861	83.16154	82.70010	83.46653	84.04779	83.91417	83.52283	83.90090	83.49101	83.19325	82.12096	81.90339	82.28235
10/1/2025	12:35:37 PM	82.02187	82.34797	83.13999	82.68012	83.44375	84.02272	83.88877	83.49679	83.87567	83.46697	83.16885	82.10317	81.88412	82.26120
10/1/2025	12:35:40 PM	82.00555	82.32804	83.11792	82.66027	83.42033	83.99488	83.86197	83.47125	83.85123	83.44326	83.14579	82.08545	81.86586	82.23989
10/1/2025	12:35:44 PM	81.99014	82.31099	83.09751	82.64179	83.39849	83.97119	83.83754	83.44711	83.82693	83.42031	83.12425	82.06836	81.84811	82.21989
10/1/2025	12:35:48 PM	81.97578	82.29325	83.07916	82.62477	83.37800	83.94772	83.81300	83.42395	83.80417	83.39810	83.10234	82.05287	81.83175	82.20160
10/1/2025	12:35:51 PM	81.96098	82.27729	83.06021	82.60788	83.35603	83.92415	83.79013	83.40112	83.78186	83.37744	83.08149	82.03662	81.81416	82.18152
10/1/2025	12:35:55 PM	81.94766	82.25989	83.04016	82.59063	83.33558	83.90194	83.76674	83.37796	83.75953	83.35634	83.06094	82.02062	81.79747	82.16346
10/1/2025	12:35:59 PM	81.93348	82.24457	83.02328	82.57380	83.31531	83.87850	83.74380	83.35576	83.73777	83.33515	83.04050	82.00532	81.78150	82.14532
10/1/2025	12:36:02 PM	81.92015	82.22828	83.00466	82.55810	83.29525	83.85530	83.72122	83.33375	83.71578	83.31462	83.02041	81.99037	81.76561	82.12749
10/1/2025	12:36:06 PM	81.90679	82.21320	82.98646	82.54224	83.27590	83.83444	83.69928	83.31221	83.69424	83.29399	82.99956	81.97371	81.74833	82.10858
10/1/2025	12:36:09 PM	81.89212	82.19625	82.96714	82.52497	83.25690	83.81243	83.67650	83.29041	83.67252	83.27330	82.97997	81.95863	81.73240	82.09092
10/1/2025	12:36:13 PM	81.87799	82.18090	82.94959	82.50651	83.23647	83.79045	83.65517	83.26955	83.65233	83.25394	82.96089	81.94503	81.71769	82.07478
10/1/2025	12:36:16 PM	81.86557	82.16428	82.93029	82.49117	83.21732	83.76933	83.63372	83.24847	83.63165	83.23474	82.94143	81.92947	81.70188	82.05695
10/1/2025	12:36:20 PM	81.85212	82.14969	82.91340	82.47524	83.19860	83.74923	83.61292	83.22778	83.61083	83.21510	82.92249	81.91537	81.68600	82.03971
10/1/2025	12:36:24 PM	81.83958	82.13676	82.89747	82.45931	83.17959	83.72714	83.59162	83.20760	83.59126	83.19650	82.90399	81.90222	81.67206	82.02350
10/1/2025	12:36:27 PM	81.82711	82.12127	82.87840	82.44601	83.16140	83.70650	83.57092	83.18740	83.57158	83.17768	82.88642	81.88782	81.65733	82.00680
10/1/2025	12:36:31 PM	81.81369	82.10795	82.86311	82.43074	83.14556	83.68846	83.55193	83.16832	83.55238	83.15958	82.86859	81.87504	81.64257	81.99066
10/1/2025	12:36:35 PM	81.80160	82.09581	82.84871	82.41721	83.12875	83.66871	83.53279	83.15013	83.53357	83.14189	82.85141	81.86180	81.62890	81.97572
10/1/2025	12:36:38 PM	81.79038	82.08232	82.83215	82.40234	83.11087	83.64854	83.51227	83.13006	83.51388	83.12355	82.83372	81.84868	81.61445	81.95956
10/1/2025	12:36:42 PM	81.77650	82.06617	82.81528	82.38866	83.09368	83.62887	83.49287	83.11060	83.49512	83.10551	82.81625	81.83507	81.60062	81.94398
10/1/2025	12:36:45 PM	81.76323	82.05299	82.80018	82.37314	83.07573	83.61040	83.47333	83.09104	83.47592	83.08730	82.79811	81.82145	81.58597	81.92796
10/1/2025	12:36:49 PM	81.75142	82.03910	82.78355	82.35859	83.05780	83.58943	83.45334	83.07205	83.45746	83.07030	82.78148	81.80877	81.57210	81.91274
10/1/2025	12:36:53 PM	81.74062	82.02464	82.76898	82.34629	83.04290	83.57157	83.43453	83.05355	83.43928	83.05305	82.76450	81.79480	81.55792	81.89688
10/1/2025	12:36:56 PM	81.72781	82.01188	82.75296	82.33266	83.02657	83.55484	83.41701	83.03671	83.42234	83.03738	82.74969	81.78363	81.54558	81.88344
10/1/2025	12:37:00 PM	81.71749	82.00056	82.74125	82.32318	83.01237	83.53713	83.40038	83.02001	83.40567	83.02161	82.73384	81.77132	81.53256	81.86922
10/1/2025	12:37:03 PM	81.70579	81.98762	82.72380	82.30958	82.99653	83.52018	83.38258	83.00305	83.38886	83.00497	82.71810	81.75999	81.52142	81.85585
10/1/2025	12:37:07 PM	81.69611	81.97635	82.71193	82.29636	82.98288	83.50451	83.36637	82.98746	83.37280	82.99012	82.70433	81.74954	81.50877	81.84284
10/1/2025	12:37:11 PM	81.68700	81.96497	82.69898	82.28365	82.96762	83.48685	83.34941	82.97080	83.35656	82.97503	82.68922	81.73861	81.49610	81.82860
10/1/2025	12:37:14 PM	81.67483	81.95140	82.68457	82.27028	82.95249	83.47056	83.33269	82.95408	83.34002	82.95888	82.67405	81.72615	81.48361	81.81520
10/1/2025	12:37:18 PM	81.66434	81.94157	82.67147	82.25589	82.93747	83.45399	83.31529	82.93725	83.32333	82.94311	82.65913	81.71547	81.47192	81.80137
10/1/2025	12:37:22 PM	81.65446	81.92961	82.65884	82.24457	82.92195	83.43662	83.29873	82.92112	83.30758	82.92902	82.64539	81.70430	81.46074	81.78905
10/1/2025	12:37:25 PM	81.64160	81.91719	82.64593	82.23153	82.90899	83.42165	83.28319	82.90632	83.29187	82.91436	82.63111	81.69396	81.44925	81.77687
10/1/2025	12:37:29 PM	81.63176	81.90729	82.63182	82.21962	82.89486	83.40643	83.26772	82.89078	83.27706	82.89998	82.61654	81.68265	81.43764	81.76394
10/1/2025	12:37:33 PM	81.62258	81.89795	82.62052	82.20825	82.88144	83.39045	83.25172	82.87545	83.26169	82.88546	82.60255	81.67176	81.42614	81.75064
10/1/2025	12:37:36 PM	81.61144	81.88752	82.60781	82.19790	82.86795	83.37518	83.23621	82.86034	83.24648	82.87166	82.58936	81.66156	81.41596	81.73920
10/1/2025	12:37:40 PM	81.60127	81.87627	82.59623	82.18630	82.85433	83.36021	83.22103	82.84557	83.23218	82.85707	82.57554	81.65047	81.40452	81.72690
10/1/2025	12:37:44 PM	81.59189	81.86656	82.58418	82.17347	82.83954	83.34471	83.20517	82.83079	83.21702	82.84298	82.56157	81.64072	81.39347	81.71434
10/1/2025	12:37:47 PM	81.58220	81.85616	82.57312	82.16366	82.82800	83.32977	83.19101	82.81608	83.20270	82.83039	82.54957	81.63101	81.38282	81.70282
10/1/2025	12:37:51 PM	81.57266	81.84583	82.55896	82.15241	82.81480	83.31488	83.17566	82.80160	83.18840	82.81722	82.53642	81.62104	81.37202	81.69061
10/1/2025	12:37:54 PM	81.56353	81.83535	82.54748	82.14029	82.80293	83.30086	83.16175	82.78803	83.17529	82.80394	82.52432	81.61175	81.36224	81.67987
10/1/2025	12:37:58 PM	81.55450	81.82702	82.53650	82.12983	82.79058	83.28862	83.14852	82.77482	83.16189	82.79156	82.51253	81.60287	81.35220	81.66871
10/1/2025	12:38:02 PM	81.54539	81.81679	82.52668	82.12247	82.77864	83.27405	83.13479	82.76141	83.14830	82.77901	82.50024	81.59340	81.34316	81.65790
10/1/2025	12:38:05 PM	81.53738	81.80742	82.51498	82.11245	82.76758	83.26065	83.12131	82.74862	83.13574	82.76663	82.48860	81.58421	81.33312	81.64745
10/1/2025	12:38:09 PM	81.52834	81.79813	82.50312	82.10107	82.75458	83.24711	83.10695	82.73514	83.12222	82.75404	82.47638	81.57489	81.32293	81.63602
10/1/2025	12:38:13 PM	81.51781	81.78773	82.49241	82.09053	82.74295	83.23309	83.09406	82.72194	83.10909	82.74198	82.46513	81.56566	81.31372	81.62547
10/1/2025	12:38:16 PM	81.51019	81.77906	82.48152	82.08069	82.73141	83.21994	83.08113	82.71029	83.09712	82.73025	82.45388	81.55715	81.30445	81.61590
10/1/2025	12:38:20 PM	81.50194	81.77074	82.47055	82.06984	82.72010	83.20776	83.06806	82.69751	83.08360	82.71674	82.44002	81.54722	81.29395	81.60384
10/1/2025	12:38:23 PM	81.49224	81.75863	82.45933	82.05737	82.70794	83.19517	83.05550	82.68437	83.06963	82.70351	82.42765	81.53791	81.28437	81.59325
10/1/2025	12:38:27 PM	81.48392	81.74973	82.44795	82.04778	82.69606	83.18158	83.04164	82.67174	83.05675	82.69182	82.41723	81.52923	81.27526	81.58324
10/1/2025	12:38:31 PM	81.47643	81.74222	82.43837	82.03892	82.68490	83.16809	83.02928	82.65950	83.04578	82.68209	82.40685	81.52061	81.26628	81.57352
10/1/2025	12:38:34 PM	81.46879	81.73436	82.42879	82.03073	82.67526	83.15745	83.01704	82.64783	83.03440	82.67149	82.39698	81.51272	81.25810	81.56381
10/1/2025	12:38:38 PM	81.45971	81.72627	82.42048	82.02419	82.66527	83.14637	83.00550	82.63625	83.02371	82.66107	82.38667	81.50525	81.25011	81.55452
10/1/2025	12:38:41 PM	81.45133	81.71839	82.41249	82.01607	82.65561	83.13458	82.99393	82.62499	83.01240	82.65154	82.37721	81.49815	81.24212	81.54669
10/1/2025	12:38:45 PM	81.44492	81.71116	82.40301	82.00780	82.64460	83.12289	82.98245	82.61374	83.00108	82.64069	82.36741	81.49061	81.23418	81.53733
10/1/2025	12:38:49 PM	81.43792	81.70388	82.39586	81.99878	82.63452	83.11153	82.97150	82.60385	82.99111	82.63112	82.35821	81.48423	81.22699	81.52902
10/1/2025	12:38:52 PM	81.43088	81.69537	82.38482	81.99058	82.62479	83.09999	82.95950	82.59230	82.98005	82.62011	82.34824	81.47648	81.21865	81.51944
10/1/2025	12:38:56 PM	81.42277	81.68773	82.37629	81.98268	82.61525	83.08942	82.94911	82.58181	82.96910	82.60965	82.33836	81.46853	81.21063	81.51068
10/1/2025	12:38:59 PM	81.41524	81.68036	82.36847	81.97469	82.60612	83.07850	82.93792	82.57056	82.95850	82.60020	82.32885	81.46098	81.20305	81.50204
10/1/2025	12:39:03 PM	81.40899	81.67381	82.36100	81.96761	82.59706	83.06859	82.92789	82.56117	82.94852	82.59088	82.32022	81.45429	81.19574	81.49382
10/1/2025	12:39:07 PM	81.40203	81.66739	82.35242	81.95867	82.58691	83.05675	82.91691	82.55090	82.93843	82.58159	82.31133	81.44724	81.18786	81.48576
10/1/2025	12:39:11 PM	81.39588	81.66008	82.34275	81.95101	82.57893	83.04707	82.90695	82.54112	82.92857	82.57236	82.30226	81.44137	81.18180	81.47827
10/1/2025	12:39:14 PM	81.38912	81.65279	82.33606	81.94413	82.57014	83.03688	82.89643	82.53096	82.91847	82.56328	82.29331	81.43315	81.17350	81.46965
10/1/2025	12:39:18 PM	81.38282	81.64604	82.32700	81.93680	82.56179	83.02714	82.88664	82.52087	82.90843	82.55355	82.28440	81.42724	81.16702	81.46149
10/1/2025	12:39:21 PM	81.37682	81.64083	82.31907	81.92914	82.55216	83.01687	82.87634	82.51153	82.89912	82.54501	82.27627	81.42088	81.16033	81.45446
10/1/2025	12:39:25 PM	81.36964	81.63409	82.31129	81.92199	82.54385	83.00719	82.86681	82.50275	82.88986	82.53622	82.26764	81.41362	81.15364	81.44665
10/1/2025	12:39:29 PM	81.36264	81.62628	82.30321	81.91450	82.53592	82.99741	82.85734	82.49256	82.87969	82.52699	82.25825	81.40680	81.14575	81.43845
10/1/2025	12:39:32 PM	81.35497	81.61939	82.29306	81.90682	82.52727	82.98738	82.84662	82.48271	82.87045	82.51765	82.24962	81.40039	81.13858	81.43060
10/1/2025	12:39:36 PM	81.34938	81.61249	82.28657	81.90032	82.51899	82.97844	82.83731	82.47388	82.86159	82.50889	82.24163	81.39365	81.13147	81.42292
10/1/2025	12:39:40 PM	81.34327	81.60529	82.27816	81.89221	82.50956	82.96867	82.82742	82.46408	82.85146	82.49963	82.23294	81.38757	81.12455	81.41512
10/1/2025	12:39:43 PM	81.33688	81.59983	82.27100	81.88447	82.50161	82.95951	82.81833	82.45561	82.84249	82.49171	82.22524	81.38155	81.11775	81.40801
10/1/2025	12:39:47 PM	81.33173	81.59436	82.26368	81.87847	82.49364	82.95069	82.80976	82.44720	82.83415	82.48404	82.21749	81.37593	81.11169	81.40076
10/1/2025	12:39:51 PM	81.32598	81.58787	82.25724	81.87141	82.48601	82.94104	82.80088	82.43829	82.82527	82.47558	82.20992	81.36966	81.10555	81.39319
10/1/2025	12:39:54 PM	81.31841	81.58147	82.24979	81.86425	82.47762	82.93137	82.79094	82.42904	82.81623	82.46691	82.20192	81.36305	81.09882	81.38625
10/1/2025	12:39:58 PM	81.31274	81.57526	82.24282	81.85750	82.47228	82.92366	82.78313	82.42097	82.80735	82.45929	82.19438	81.35724	81.09292	81.37955
10/1/2025	12:40:01 PM	81.30743	81.56903	82.23593	81.85082	82.46348	82.91488	82.77378	82.41265	82.79993	82.45146	82.18665	81.35124	81.08648	81.37277
10/1/2025	12:40:05 PM	81.30177	81.56366	82.23184	81.84609	82.45657	82.90785	82.76634	82.40533	82.79212	82.44468	82.17959	81.34581	81.08140	81.36686
10/1/2025	12:40:09 PM	81.29640	81.55899	82.22696	81.84102	82.45057	82.89995	82.75881	82.39810	82.78474	82.43752	82.17285	81.34060	81.07606	81.36105
10/1/2025	12:40:12 PM	81.29160	81.55314	82.22070	81.83648	82.44317	82.89091	82.75065	82.39029	82.77736	82.43080	82.16661	81.33617	81.07089	81.35499
10/1/2025	12:40:16 PM	81.28609	81.54894	82.21359	81.83037	82.43634	82.88290	82.74277	82.38257	82.76944	82.42313	82.16034	81.33113	81.06505	81.34846
10/1/2025	12:40:19 PM	81.28090	81.54298	82.20596	81.82424	82.42945	82.87518	82.73450	82.37472	82.76151	82.41586	82.15259	81.32499	81.05873	81.34188
10/1/2025	12:40:23 PM	81.27522	81.53631	82.19914	81.81687	82.42218	82.86638	82.72536	82.36621	82.75320	82.40785	82.14530	81.31890	81.05365	81.33505
10/1/2025	12:40:27 PM	81.27070	81.53066	82.19336	81.81194	82.41583	82.85905	82.71877	82.35935	82.74652	82.40184	82.13922	81.31472	81.04847	81.33000
10/1/2025	12:40:30 PM	81.26633	81.52670	82.18776	81.80545	82.40980	82.85230	82.71194	82.35291	82.73965	82.39505	82.13258	81.31015	81.04374	81.32441
10/1/2025	12:40:34 PM	81.25976	81.52192	82.18135	81.79967	82.40246	82.84450	82.70361	82.34539	82.73175	82.38861	82.12615	81.30536	81.03767	81.31833
10/1/2025	12:40:38 PM	81.25525	81.51709	82.17700	81.79388	82.39545	82.83613	82.69602	82.33807	82.72482	82.38142	82.11990	81.29992	81.03241	81.31217
10/1/2025	12:40:41 PM	81.25036	81.51092	82.16939	81.78722	82.38847	82.82770	82.68808	82.33069	82.71702	82.37399	82.11346	81.29479	81.02718	81.30642
10/1/2025	12:40:45 PM	81.24407	81.50604	82.16541	81.78157	82.38258	82.82065	82.68080	82.32382	82.70992	82.36765	82.10708	81.28938	81.02165	81.30021
10/1/2025	12:40:48 PM	81.24030	81.50074	82.15966	81.77574	82.37658	82.81373	82.67365	82.31652	82.70260	82.36110	82.10021	81.28502	81.01683	81.29505
10/1/2025	12:40:52 PM	81.23528	81.49646	82.15477	81.77080	82.36927	82.80672	82.66633	82.30908	82.69573	82.35468	82.09450	81.27988	81.01170	81.28922
10/1/2025	12:40:56 PM	81.23087	81.49203	82.14901	81.76423	82.36423	82.79982	82.65968	82.30277	82.68947	82.34836	82.08846	81.27571	81.00689	81.28351
10/1/2025	12:40:59 PM	81.22605	81.48872	82.14365	81.75922	82.35759	82.79277	82.65263	82.29638	82.68250	82.34188	82.08282	81.27118	81.00178	81.27808
10/1/2025	12:41:03 PM	81.22121	81.48573	82.13816	81.75520	82.35175	82.78527	82.64544	82.28952	82.67585	82.33643	82.07720	81.26651	80.99760	81.27348
10/1/2025	12:41:07 PM	81.21550	81.47852	82.13264	81.75021	82.34582	82.77877	82.63895	82.28357	82.66975	82.32994	82.07091	81.26157	80.99169	81.26763
10/1/2025	12:41:10 PM	81.21212	81.47285	82.12794	81.74501	82.33911	82.77114	82.63207	82.27717	82.66375	82.32409	82.06535	81.25692	80.98762	81.26233
10/1/2025	12:41:14 PM	81.20776	81.46926	82.12120	81.73956	82.33333	82.76472	82.62545	82.27062	82.65690	82.31798	82.05997	81.25273	80.98251	81.25719
10/1/2025	12:41:17 PM	81.20268	81.46504	82.11726	81.73406	82.32771	82.75830	82.61869	82.26418	82.65076	82.31174	82.05367	81.24790	80.97737	81.25209
10/1/2025	12:41:21 PM	81.19928	81.46146	82.11233	81.72925	82.32207	82.75241	82.61254	82.25873	82.64539	82.30674	82.04904	81.24453	80.97301	81.24738
10/1/2025	12:41:25 PM	81.19494	81.45755	82.10647	81.72514	82.31625	82.74601	82.60646	82.25242	82.63848	82.30060	82.04307	81.24021	80.96855	81.24157
10/1/2025	12:41:28 PM	81.18944	81.45408	82.10350	81.72268	82.31148	82.73962	82.60017	82.24682	82.63290	82.29549	82.03779	81.23623	80.96440	81.23738
10/1/2025	12:41:32 PM	81.18684	81.45015	82.09879	81.71758	82.30598	82.73385	82.59441	82.24127	82.62782	82.29084	82.03332	81.23261	80.96086	81.23299
10/1/2025	12:41:35 PM	81.18251	81.44627	82.09457	81.71380	82.30128	82.72857	82.58936	82.23608	82.62212	82.28487	82.02805	81.22864	80.95704	81.22847
10/1/2025	12:41:39 PM	81.17874	81.44125	82.08977	81.70912	82.29589	82.72156	82.58249	82.22967	82.61564	82.27944	82.02340	81.22467	80.95255	81.22376
10/1/2025	12:41:43 PM	81.17389	81.43809	82.08487	81.70415	82.28782	82.70004	82.53484	82.15217	82.46931	82.11603	81.82105	81.04435	80.83903	81.08999
10/1/2025	12:41:46 PM	79.67147	80.83348	81.86171	81.46683	82.03879	82.49791	82.38943	82.00159	82.25091	81.86231	81.12309	77.17826	78.36020	77.63375
10/1/2025	12:41:50 PM	77.18824	77.19226	77.12043	77.14258	77.14484	77.10281	77.08850	77.11662	77.08025	77.09627	77.15534	77.14984	76.61203	76.66517
10/1/2025	12:41:53 PM	77.20545	77.18474	77.12771	77.15680	77.13306	77.10725	77.07796	77.09420	77.07184	77.08956	77.14785	77.14589	76.61984	76.65256
10/1/2025	12:41:57 PM	77.21249	77.18752	77.12995	77.17018	77.10917	77.09634	77.07152	77.05568	77.10210	77.11660	77.14590	77.15313	76.63549	76.65925
