4/1/2025	12:52:44 PM	76.58958	76.52775	76.52456	76.60008	76.49612	76.51957	76.55250	76.53310	76.54103	76.48555	76.54228	76.49420	76.49509	76.53139
4/1/2025	12:52:48 PM	76.59027	76.52711	76.52438	76.59953	76.49586	76.51900	76.55168	76.53336	76.54115	76.48593	76.54241	76.49420	76.49490	76.53163
4/1/2025	12:52:51 PM	76.59028	76.52667	76.52393	76.59969	76.49563	76.51860	76.55226	76.53324	76.54098	76.48594	76.54243	76.49422	76.49521	76.53213
4/1/2025	12:52:55 PM	76.59094	76.52647	76.52386	76.59948	76.49545	76.51854	76.55219	76.53323	76.54068	76.48575	76.54237	76.49422	76.49512	76.53201
4/1/2025	12:52:59 PM	76.59112	76.52652	76.52374	76.59965	76.49566	76.51839	76.55282	76.53279	76.54032	76.48583	76.54254	76.49402	76.49555	76.53235
4/1/2025	12:53:02 PM	76.59149	76.52609	76.52355	76.59938	76.49574	76.51857	76.55251	76.53345	76.54068	76.48594	76.54251	76.49380	76.49476	76.53209
4/1/2025	12:53:06 PM	76.59175	76.52573	76.52326	76.59942	76.49532	76.51844	76.55205	76.53281	76.54013	76.48566	76.54280	76.49316	76.49471	76.53214
4/1/2025	12:53:09 PM	76.59144	76.52565	76.52310	76.59951	76.49565	76.51857	76.55248	76.53291	76.54048	76.48598	76.54250	76.49334	76.49477	76.53229
4/1/2025	12:53:13 PM	76.59198	76.52555	76.52306	76.59932	76.49509	76.51825	76.55214	76.53278	76.53998	76.48555	76.54239	76.49279	76.49412	76.53188
4/1/2025	12:53:17 PM	76.59167	76.52495	76.52259	76.59939	76.49522	76.51817	76.55244	76.53293	76.53999	76.48566	76.54270	76.49309	76.49495	76.53232
4/1/2025	12:53:20 PM	76.59252	76.52566	76.52344	76.59980	76.49584	76.51866	76.55271	76.53314	76.54024	76.48587	76.54276	76.49332	76.49447	76.53212
4/1/2025	12:53:24 PM	76.59235	76.52544	76.52314	76.59959	76.49507	76.51824	76.55249	76.53311	76.54003	76.48599	76.54305	76.49290	76.49445	76.53222
4/1/2025	12:53:27 PM	76.59216	76.52536	76.52286	76.59962	76.49577	76.51851	76.55301	76.53324	76.53962	76.48607	76.54301	76.49285	76.49450	76.53245
4/1/2025	12:53:31 PM	76.59242	76.52512	76.52266	76.59927	76.49511	76.51824	76.55251	76.53312	76.53946	76.48577	76.54259	76.49244	76.49394	76.53224
4/1/2025	12:53:35 PM	76.59205	76.52506	76.52268	76.59933	76.49522	76.51846	76.55278	76.53267	76.53920	76.48556	76.54288	76.49248	76.49398	76.53232
4/1/2025	12:53:38 PM	76.59145	76.52483	76.52227	76.59910	76.49487	76.51816	76.55275	76.53247	76.53945	76.48556	76.54300	76.49262	76.49362	76.53199
4/1/2025	12:53:42 PM	76.59198	76.52493	76.52220	76.59970	76.49530	76.51817	76.55258	76.53288	76.53937	76.48559	76.54258	76.49263	76.49385	76.53199
4/1/2025	12:53:45 PM	76.59195	76.52468	76.52257	76.59907	76.49548	76.51823	76.55260	76.53275	76.53912	76.48542	76.54274	76.49206	76.49429	76.53131
4/1/2025	12:53:49 PM	76.59228	76.52428	76.52221	76.59880	76.49491	76.51831	76.55267	76.53240	76.53904	76.48579	76.54312	76.49262	76.49423	76.53223
4/1/2025	12:53:52 PM	76.59223	76.52479	76.52275	76.59954	76.49531	76.51829	76.55279	76.53272	76.53930	76.48640	76.54318	76.49244	76.49395	76.53213
4/1/2025	12:53:56 PM	76.59216	76.52448	76.52238	76.59951	76.49533	76.51851	76.55290	76.53242	76.53936	76.48568	76.54283	76.49195	76.49349	76.53211
4/1/2025	12:54:00 PM	76.59200	76.52434	76.52193	76.59882	76.49487	76.51776	76.55215	76.53230	76.53892	76.48593	76.54286	76.49203	76.49363	76.53173
4/1/2025	12:54:03 PM	76.59222	76.52440	76.52199	76.59925	76.49467	76.51776	76.55279	76.53203	76.53872	76.48569	76.54288	76.49235	76.49394	76.53208
4/1/2025	12:54:07 PM	76.59193	76.52424	76.52172	76.59865	76.49437	76.51775	76.55228	76.53197	76.53842	76.48561	76.54300	76.49226	76.49371	76.53178
4/1/2025	12:54:10 PM	76.59205	76.52428	76.52229	76.59891	76.49455	76.51785	76.55252	76.53208	76.53857	76.48589	76.54292	76.49201	76.49352	76.53196
4/1/2025	12:54:14 PM	76.59239	76.52447	76.52264	76.59932	76.49470	76.51806	76.55263	76.53227	76.53878	76.48605	76.54297	76.49223	76.49354	76.53189
4/1/2025	12:54:18 PM	76.59220	76.52431	76.52213	76.59946	76.49495	76.51800	76.55266	76.53240	76.53857	76.48589	76.54305	76.49239	76.49373	76.53210
4/1/2025	12:54:21 PM	76.59229	76.52408	76.52198	76.59937	76.49473	76.51814	76.55250	76.53241	76.53908	76.48630	76.54319	76.49239	76.49430	76.53227
4/1/2025	12:54:25 PM	76.59262	76.52466	76.52254	76.59946	76.49530	76.51824	76.55288	76.53247	76.53824	76.48629	76.54340	76.49236	76.49369	76.53238
4/1/2025	12:54:28 PM	76.59253	76.52429	76.52238	76.59891	76.49481	76.51795	76.55230	76.53210	76.53821	76.48579	76.54289	76.49212	76.49374	76.53215
4/1/2025	12:54:32 PM	76.59243	76.52449	76.52234	76.59923	76.49453	76.51836	76.55274	76.53252	76.53834	76.48592	76.54352	76.49229	76.49355	76.53253
4/1/2025	12:54:36 PM	76.59218	76.52407	76.52228	76.59900	76.49457	76.51781	76.55247	76.53206	76.53791	76.48583	76.54308	76.49221	76.49363	76.53225
4/1/2025	12:54:39 PM	76.59207	76.52419	76.52242	76.59915	76.49480	76.51781	76.55257	76.53233	76.53863	76.48613	76.54332	76.49214	76.49364	76.53214
4/1/2025	12:54:43 PM	76.59231	76.52439	76.52217	76.59920	76.49482	76.51801	76.55245	76.53222	76.53872	76.48634	76.54366	76.49221	76.49346	76.53207
4/1/2025	12:54:46 PM	76.59273	76.52461	76.52240	76.59936	76.49500	76.51824	76.55296	76.53248	76.53863	76.48613	76.54337	76.49242	76.49351	76.53269
4/1/2025	12:54:50 PM	76.59262	76.52397	76.52206	76.59928	76.49474	76.51809	76.55301	76.53254	76.53845	76.48591	76.54330	76.49213	76.49391	76.53250
4/1/2025	12:54:54 PM	76.59258	76.52420	76.52245	76.59924	76.49486	76.51792	76.55301	76.53229	76.53843	76.48624	76.54380	76.49231	76.49418	76.53252
4/1/2025	12:54:57 PM	76.59269	76.52397	76.52223	76.59913	76.49485	76.51798	76.55291	76.53301	76.53866	76.48632	76.54375	76.49242	76.49421	76.53224
4/1/2025	12:55:01 PM	76.59271	76.52405	76.52261	76.59959	76.49485	76.51815	76.55279	76.53257	76.53845	76.48636	76.54389	76.49241	76.49374	76.53235
4/1/2025	12:55:04 PM	76.59281	76.52454	76.52230	76.59919	76.49480	76.51821	76.55254	76.53217	76.53818	76.48657	76.54369	76.49264	76.49415	76.53242
4/1/2025	12:55:08 PM	76.59277	76.52441	76.52234	76.59945	76.49477	76.51795	76.55302	76.53208	76.53795	76.48618	76.54325	76.49215	76.49402	76.53256
4/1/2025	12:55:11 PM	76.59274	76.52410	76.52214	76.59931	76.49492	76.51809	76.55315	76.53255	76.53816	76.48649	76.54353	76.49241	76.49388	76.53281
4/1/2025	12:55:15 PM	76.59308	76.52447	76.52232	76.59923	76.49526	76.51819	76.55349	76.53235	76.53823	76.48666	76.54333	76.49318	76.49388	76.53308
4/1/2025	12:55:19 PM	76.59271	76.52421	76.52278	76.59962	76.49549	76.51841	76.55319	76.53270	76.53811	76.48635	76.54356	76.49214	76.49401	76.53337
4/1/2025	12:55:22 PM	76.59286	76.52379	76.52199	76.59894	76.49469	76.51747	76.55248	76.53220	76.53795	76.48613	76.54349	76.49228	76.49421	76.53291
4/1/2025	12:55:26 PM	76.59296	76.52441	76.52264	76.59975	76.49478	76.51795	76.55284	76.53260	76.53841	76.48598	76.54350	76.49226	76.49342	76.53239
4/1/2025	12:55:29 PM	76.59288	76.52404	76.52238	76.59936	76.49462	76.51772	76.55257	76.53212	76.53814	76.48623	76.54379	76.49218	76.49375	76.53228
4/1/2025	12:55:33 PM	76.59291	76.52432	76.52193	76.59942	76.49478	76.51781	76.55274	76.53181	76.53794	76.48631	76.54367	76.49237	76.49411	76.53256
4/1/2025	12:55:37 PM	76.59299	76.52454	76.52278	76.59968	76.49520	76.51825	76.55300	76.53275	76.53843	76.48671	76.54383	76.49248	76.49412	76.53282
4/1/2025	12:55:40 PM	76.59318	76.52455	76.52283	76.60023	76.49488	76.51858	76.55295	76.53248	76.53813	76.48656	76.54391	76.49297	76.49407	76.53304
4/1/2025	12:55:44 PM	76.59307	76.52449	76.52236	76.59931	76.49477	76.51822	76.55309	76.53229	76.53803	76.48643	76.54391	76.49203	76.49392	76.53283
4/1/2025	12:55:47 PM	76.59300	76.52414	76.52213	76.59923	76.49528	76.51775	76.55267	76.53222	76.53817	76.48639	76.54365	76.49243	76.49386	76.53267
4/1/2025	12:55:51 PM	76.59282	76.52417	76.52222	76.59969	76.49515	76.51800	76.55245	76.53197	76.53816	76.48637	76.54384	76.49207	76.49359	76.53266
4/1/2025	12:55:54 PM	76.59282	76.52406	76.52238	76.59962	76.49498	76.51817	76.55249	76.53228	76.53778	76.48637	76.54367	76.49195	76.49354	76.53260
4/1/2025	12:55:58 PM	76.59294	76.52409	76.52201	76.59953	76.49473	76.51810	76.55251	76.53217	76.53778	76.48622	76.54349	76.49196	76.49402	76.53271
4/1/2025	12:56:02 PM	76.59281	76.52385	76.52212	76.59927	76.49452	76.51780	76.55251	76.53204	76.53764	76.48630	76.54345	76.49179	76.49358	76.53205
4/1/2025	12:56:05 PM	76.59274	76.52382	76.52230	76.59919	76.49414	76.51764	76.55254	76.53176	76.53764	76.48613	76.54332	76.49212	76.49355	76.53233
4/1/2025	12:56:09 PM	76.59225	76.52364	76.52252	76.59947	76.49450	76.51797	76.55270	76.53228	76.53786	76.48642	76.54384	76.49197	76.49376	76.53248
4/1/2025	12:56:12 PM	76.59257	76.52379	76.52215	76.59904	76.49407	76.51748	76.55220	76.53149	76.53725	76.48602	76.54303	76.49177	76.49345	76.53203
4/1/2025	12:56:16 PM	76.59222	76.52363	76.52185	76.59891	76.49442	76.51781	76.55241	76.53207	76.53802	76.48611	76.54331	76.49185	76.49385	76.53264
4/1/2025	12:56:20 PM	76.59285	76.52405	76.52203	76.59928	76.49446	76.51749	76.55265	76.53196	76.53733	76.48626	76.54372	76.49151	76.49324	76.53233
4/1/2025	12:56:23 PM	76.59219	76.52356	76.52172	76.59874	76.49406	76.51710	76.55171	76.53143	76.53723	76.48566	76.54298	76.49149	76.49323	76.53216
4/1/2025	12:56:27 PM	76.59231	76.52351	76.52192	76.59897	76.49430	76.51770	76.55219	76.53165	76.53689	76.48556	76.54300	76.49138	76.49281	76.53142
4/1/2025	12:56:30 PM	76.59196	76.52342	76.52182	76.59858	76.49382	76.51723	76.55210	76.53100	76.53711	76.48597	76.54304	76.49148	76.49294	76.53196
4/1/2025	12:56:34 PM	76.59180	76.52335	76.52140	76.59894	76.49367	76.51693	76.55230	76.53133	76.53697	76.48594	76.54304	76.49121	76.49316	76.53185
4/1/2025	12:56:38 PM	76.59218	76.52328	76.52153	76.59881	76.49375	76.51680	76.55152	76.53127	76.53693	76.48566	76.54312	76.49132	76.49319	76.53189
4/1/2025	12:56:41 PM	76.59231	76.52300	76.52150	76.59818	76.49338	76.51634	76.55146	76.53091	76.53685	76.48561	76.54319	76.49114	76.49311	76.53175
4/1/2025	12:56:45 PM	76.59176	76.52291	76.52150	76.59852	76.49338	76.51683	76.55149	76.53150	76.53703	76.48593	76.54338	76.49121	76.49268	76.53171
4/1/2025	12:56:48 PM	76.59214	76.52278	76.52122	76.59809	76.49310	76.51625	76.55143	76.53095	76.53659	76.48552	76.54293	76.49117	76.49296	76.53194
4/1/2025	12:56:52 PM	76.59210	76.52292	76.52179	76.59845	76.49331	76.51639	76.55167	76.53114	76.53715	76.48548	76.54313	76.49124	76.49312	76.53211
4/1/2025	12:56:56 PM	76.59228	76.52345	76.52195	76.59876	76.49333	76.51609	76.55187	76.53113	76.53707	76.48581	76.54334	76.49107	76.49298	76.53171
4/1/2025	12:56:59 PM	76.59178	76.52309	76.52133	76.59810	76.49313	76.51631	76.55174	76.53139	76.53676	76.48591	76.54346	76.49126	76.49299	76.53261
4/1/2025	12:57:03 PM	76.59253	76.52379	76.52170	76.59869	76.49345	76.51619	76.55140	76.53087	76.53628	76.48567	76.54306	76.49130	76.49298	76.53165
4/1/2025	12:57:06 PM	76.59200	76.52314	76.52125	76.59804	76.49305	76.51596	76.55136	76.53067	76.53672	76.48603	76.54365	76.49116	76.49325	76.53191
4/1/2025	12:57:10 PM	76.59189	76.52281	76.52082	76.59805	76.49306	76.51604	76.55120	76.53097	76.53679	76.48580	76.54335	76.49098	76.49340	76.53215
4/1/2025	12:57:14 PM	76.59234	76.52308	76.52137	76.59780	76.49287	76.51591	76.55127	76.53077	76.53616	76.48553	76.54293	76.49085	76.49267	76.53180
4/1/2025	12:57:17 PM	76.59205	76.52290	76.52134	76.59798	76.49287	76.51592	76.55119	76.53089	76.53664	76.48560	76.54330	76.49122	76.49336	76.53207
4/1/2025	12:57:21 PM	76.59186	76.52306	76.52116	76.59801	76.49283	76.51576	76.55080	76.53071	76.53635	76.48557	76.54329	76.49123	76.49289	76.53213
4/1/2025	12:57:24 PM	76.59214	76.52278	76.52112	76.59787	76.49312	76.51576	76.55105	76.53043	76.53634	76.48553	76.54322	76.49086	76.49295	76.53196
4/1/2025	12:57:28 PM	76.59205	76.52288	76.52128	76.59804	76.49295	76.51567	76.55064	76.53006	76.53629	76.48513	76.54291	76.49077	76.49302	76.53183
4/1/2025	12:57:32 PM	76.59169	76.52229	76.52091	76.59773	76.49274	76.51535	76.55056	76.52983	76.53576	76.48535	76.54289	76.49071	76.49281	76.53215
4/1/2025	12:57:35 PM	76.59231	76.52281	76.52080	76.59748	76.49257	76.51515	76.55058	76.52979	76.53577	76.48517	76.54283	76.49053	76.49280	76.53236
4/1/2025	12:57:39 PM	76.59214	76.52251	76.52103	76.59783	76.49286	76.51540	76.55066	76.52982	76.53615	76.48542	76.54275	76.49089	76.49324	76.53210
4/1/2025	12:57:42 PM	76.59183	76.52230	76.52080	76.59787	76.49274	76.51550	76.55057	76.52946	76.53614	76.48486	76.54293	76.49045	76.49274	76.53159
4/1/2025	12:57:46 PM	76.59136	76.52195	76.52052	76.59762	76.49273	76.51563	76.55055	76.52991	76.53556	76.48491	76.54294	76.49102	76.49333	76.53244
4/1/2025	12:57:49 PM	76.59201	76.52275	76.52073	76.59734	76.49243	76.51479	76.55000	76.52936	76.53522	76.48494	76.54295	76.49083	76.49286	76.53212
4/1/2025	12:57:53 PM	76.59198	76.52205	76.52019	76.59728	76.49246	76.51509	76.55016	76.52969	76.53530	76.48508	76.54291	76.49068	76.49263	76.53217
4/1/2025	12:57:57 PM	76.59188	76.52264	76.52036	76.59745	76.49268	76.51479	76.55031	76.52947	76.53533	76.48475	76.54247	76.49061	76.49255	76.53163
4/1/2025	12:58:00 PM	76.59141	76.52217	76.52034	76.59716	76.49234	76.51489	76.55008	76.52917	76.53515	76.48458	76.54205	76.49000	76.49252	76.53131
4/1/2025	12:58:04 PM	76.59129	76.52176	76.51962	76.59652	76.49191	76.51408	76.54956	76.52893	76.53482	76.48453	76.54201	76.48994	76.49241	76.53150
4/1/2025	12:58:07 PM	76.59086	76.52162	76.51965	76.59641	76.49185	76.51421	76.54985	76.52900	76.53485	76.48459	76.54199	76.48977	76.49197	76.53131
4/1/2025	12:58:11 PM	76.59089	76.52146	76.51970	76.59668	76.49176	76.51406	76.54995	76.52940	76.53461	76.48475	76.54201	76.49018	76.49204	76.53084
4/1/2025	12:58:15 PM	76.59111	76.52157	76.51969	76.59642	76.49198	76.51463	76.54990	76.52855	76.53426	76.48410	76.54234	76.48979	76.49224	76.53161
4/1/2025	12:58:18 PM	76.59140	76.52188	76.51989	76.59647	76.49195	76.51465	76.54981	76.52891	76.53455	76.48433	76.54179	76.48969	76.49251	76.53138
4/1/2025	12:58:22 PM	76.59103	76.52133	76.51963	76.59634	76.49200	76.51453	76.55000	76.52927	76.53511	76.48447	76.54244	76.49043	76.49232	76.53179
4/1/2025	12:58:25 PM	76.59132	76.52164	76.51987	76.59646	76.49182	76.51423	76.55016	76.52944	76.53497	76.48440	76.54233	76.48961	76.49200	76.53113
4/1/2025	12:58:29 PM	76.59109	76.52149	76.51933	76.59634	76.49212	76.51438	76.55010	76.52942	76.53482	76.48430	76.54235	76.48957	76.49246	76.53158
4/1/2025	12:58:33 PM	76.59112	76.52161	76.51947	76.59693	76.49211	76.51423	76.54964	76.52899	76.53462	76.48474	76.54259	76.49021	76.49221	76.53143
4/1/2025	12:58:36 PM	76.59111	76.52130	76.51966	76.59668	76.49174	76.51412	76.54961	76.52889	76.53433	76.48417	76.54187	76.48953	76.49210	76.53125
4/1/2025	12:58:40 PM	76.59070	76.52147	76.51959	76.59618	76.49174	76.51446	76.54971	76.52914	76.53471	76.48446	76.54199	76.48994	76.49211	76.53133
4/1/2025	12:58:43 PM	76.59096	76.52127	76.51982	76.59630	76.49148	76.51396	76.54948	76.52903	76.53423	76.48376	76.54156	76.48920	76.49186	76.53117
4/1/2025	12:58:47 PM	76.59147	76.52144	76.51976	76.59665	76.49173	76.51440	76.54978	76.52902	76.53459	76.48431	76.54231	76.48982	76.49212	76.53150
4/1/2025	12:58:50 PM	76.59124	76.52152	76.52018	76.59638	76.49177	76.51476	76.54950	76.52913	76.53450	76.48443	76.54164	76.48987	76.49196	76.53136
4/1/2025	12:58:54 PM	76.59100	76.52119	76.51968	76.59627	76.49201	76.51435	76.54958	76.52834	76.53449	76.48403	76.54196	76.48972	76.49211	76.53123
4/1/2025	12:58:58 PM	76.59111	76.52148	76.51969	76.59570	76.49155	76.51397	76.54936	76.52855	76.53405	76.48377	76.54171	76.48944	76.49171	76.53102
4/1/2025	12:59:01 PM	76.59073	76.52096	76.51945	76.59604	76.49126	76.51417	76.54956	76.52813	76.53409	76.48410	76.54175	76.48963	76.49148	76.53115
4/1/2025	12:59:05 PM	76.59046	76.52104	76.51916	76.59571	76.49078	76.51422	76.54897	76.52816	76.53355	76.48445	76.54186	76.48925	76.49120	76.53111
4/1/2025	12:59:08 PM	76.59063	76.52103	76.51923	76.59565	76.49133	76.51429	76.54914	76.52851	76.53375	76.48346	76.54124	76.48939	76.49129	76.53103
4/1/2025	12:59:12 PM	76.59052	76.52070	76.51895	76.59558	76.49106	76.51446	76.54901	76.52808	76.53394	76.48383	76.54123	76.48912	76.49098	76.53113
4/1/2025	12:59:15 PM	76.59023	76.52026	76.51857	76.59525	76.49065	76.51364	76.54861	76.52722	76.53313	76.48310	76.54130	76.48915	76.49121	76.53060
4/1/2025	12:59:19 PM	76.59029	76.52039	76.51897	76.59537	76.49093	76.51389	76.54839	76.52719	76.53350	76.48361	76.54076	76.48834	76.49098	76.53078
4/1/2025	12:59:23 PM	76.59027	76.52032	76.51882	76.59504	76.49072	76.51370	76.54815	76.52712	76.53308	76.48320	76.54096	76.48898	76.49079	76.53028
4/1/2025	12:59:26 PM	76.58990	76.52015	76.51817	76.59500	76.49054	76.51329	76.54823	76.52756	76.53340	76.48368	76.54119	76.48890	76.49096	76.53023
4/1/2025	12:59:30 PM	76.59029	76.52031	76.51836	76.59495	76.49064	76.51364	76.54812	76.52745	76.53327	76.48353	76.54078	76.48827	76.49052	76.53042
4/1/2025	12:59:33 PM	76.58999	76.51999	76.51794	76.59499	76.49052	76.51361	76.54792	76.52739	76.53323	76.48293	76.54067	76.48849	76.49027	76.53033
4/1/2025	12:59:37 PM	76.58988	76.52022	76.51827	76.59485	76.49051	76.51355	76.54793	76.52725	76.53295	76.48332	76.54079	76.48815	76.49020	76.53018
4/1/2025	12:59:41 PM	76.58935	76.51982	76.51829	76.59509	76.49021	76.51320	76.54742	76.52721	76.53308	76.48332	76.54085	76.48836	76.49007	76.53019
4/1/2025	12:59:44 PM	76.58968	76.51992	76.51796	76.59486	76.48986	76.51313	76.54770	76.52701	76.53291	76.48304	76.54027	76.48789	76.49007	76.52946
4/1/2025	12:59:48 PM	76.58960	76.51930	76.51766	76.59470	76.49003	76.51322	76.54744	76.52655	76.53231	76.48294	76.54000	76.48784	76.48987	76.52970
4/1/2025	12:59:51 PM	76.58969	76.51938	76.51764	76.59425	76.48992	76.51286	76.54747	76.52639	76.53196	76.48277	76.54058	76.48824	76.48979	76.52990
4/1/2025	12:59:55 PM	76.58889	76.51911	76.51770	76.59437	76.48922	76.51265	76.54735	76.52651	76.53229	76.48204	76.53977	76.48761	76.48948	76.52955
4/1/2025	12:59:59 PM	76.58939	76.51932	76.51734	76.59426	76.48947	76.51234	76.54713	76.52683	76.53220	76.48270	76.54028	76.48818	76.48969	76.52965
4/1/2025	1:00:02 PM	76.58942	76.51920	76.51768	76.59409	76.48953	76.51291	76.54724	76.52662	76.53214	76.48204	76.53967	76.48761	76.48895	76.52939
4/1/2025	1:00:06 PM	76.58928	76.51922	76.51763	76.59401	76.48963	76.51219	76.54689	76.52638	76.53174	76.48193	76.54008	76.48744	76.48911	76.52875
4/1/2025	1:00:09 PM	76.58910	76.51880	76.51709	76.59365	76.48930	76.51212	76.54700	76.52655	76.53174	76.48176	76.53999	76.48718	76.48905	76.52938
4/1/2025	1:00:13 PM	76.58888	76.51896	76.51704	76.59417	76.48896	76.51226	76.54692	76.52653	76.53194	76.48227	76.53961	76.48736	76.48929	76.52915
4/1/2025	1:00:16 PM	76.58928	76.51926	76.51728	76.59419	76.48959	76.51237	76.54694	76.52656	76.53178	76.48237	76.54022	76.48816	76.48929	76.52902
4/1/2025	1:00:20 PM	76.58941	76.51898	76.51728	76.59426	76.48936	76.51209	76.54709	76.52682	76.53173	76.48258	76.54019	76.48761	76.48921	76.52953
4/1/2025	1:00:24 PM	76.58962	76.51928	76.51735	76.59357	76.48976	76.51188	76.54663	76.52671	76.53141	76.48195	76.53993	76.48749	76.48884	76.52869
4/1/2025	1:00:27 PM	76.58890	76.51880	76.51703	76.59330	76.48908	76.51126	76.54651	76.52660	76.53139	76.48173	76.53954	76.48709	76.48860	76.52894
4/1/2025	1:00:31 PM	76.58898	76.51907	76.51665	76.59376	76.48934	76.51148	76.54684	76.52618	76.53139	76.48165	76.53950	76.48718	76.48871	76.52922
4/1/2025	1:00:34 PM	76.58902	76.51889	76.51690	76.59342	76.48932	76.51177	76.54653	76.52635	76.53094	76.48191	76.53917	76.48685	76.48857	76.52887
4/1/2025	1:00:38 PM	76.58867	76.51916	76.51680	76.59426	76.48907	76.51161	76.54655	76.52611	76.53148	76.48186	76.53924	76.48674	76.48830	76.52853
4/1/2025	1:00:42 PM	76.58859	76.51857	76.51634	76.59358	76.48886	76.51145	76.54625	76.52640	76.53089	76.48138	76.53893	76.48670	76.48826	76.52864
4/1/2025	1:00:45 PM	76.58854	76.51802	76.51664	76.59336	76.48860	76.51182	76.54605	76.52551	76.53065	76.48125	76.53965	76.48711	76.48839	76.52841
4/1/2025	1:00:49 PM	76.58850	76.51784	76.51628	76.59330	76.48862	76.51109	76.54617	76.52575	76.53016	76.48102	76.53916	76.48676	76.48800	76.52835
4/1/2025	1:00:52 PM	76.58781	76.51806	76.51629	76.59306	76.48833	76.51099	76.54573	76.52562	76.53003	76.48112	76.53897	76.48666	76.48779	76.52821
4/1/2025	1:00:56 PM	76.58794	76.51759	76.51601	76.59279	76.48850	76.51063	76.54544	76.52533	76.52994	76.48055	76.53878	76.48684	76.48808	76.52786
4/1/2025	1:01:00 PM	76.58786	76.51791	76.51562	76.59303	76.48834	76.51107	76.54555	76.52515	76.53026	76.48070	76.53851	76.48602	76.48794	76.52791
4/1/2025	1:01:03 PM	76.58761	76.51728	76.51566	76.59281	76.48812	76.51068	76.54526	76.52484	76.52929	76.48052	76.53812	76.48612	76.48771	76.52771
4/1/2025	1:01:07 PM	76.58756	76.51761	76.51574	76.59272	76.48815	76.51071	76.54504	76.52473	76.52942	76.48024	76.53781	76.48592	76.48752	76.52794
4/1/2025	1:01:10 PM	76.58749	76.51750	76.51586	76.59286	76.48771	76.51043	76.54509	76.52467	76.52932	76.47983	76.53752	76.48554	76.48773	76.52770
4/1/2025	1:01:14 PM	76.58741	76.51742	76.51533	76.59253	76.48772	76.51041	76.54509	76.52487	76.52936	76.48029	76.53805	76.48588	76.48731	76.52744
4/1/2025	1:01:17 PM	76.58746	76.51694	76.51501	76.59230	76.48755	76.51033	76.54483	76.52435	76.52936	76.48055	76.53805	76.48582	76.48746	76.52752
4/1/2025	1:01:21 PM	76.58753	76.51760	76.51556	76.59256	76.48762	76.51055	76.54480	76.52446	76.52922	76.48026	76.53807	76.48572	76.48722	76.52725
4/1/2025	1:01:25 PM	76.58723	76.51717	76.51529	76.59224	76.48722	76.50984	76.54446	76.52428	76.52919	76.47993	76.53781	76.48562	76.48713	76.52725
4/1/2025	1:01:28 PM	76.58715	76.51703	76.51545	76.59247	76.48749	76.51030	76.54464	76.52411	76.52890	76.47959	76.53781	76.48567	76.48697	76.52724
4/1/2025	1:01:32 PM	76.58699	76.51665	76.51522	76.59219	76.48703	76.50954	76.54415	76.52395	76.52862	76.47906	76.53745	76.48522	76.48674	76.52665
4/1/2025	1:01:35 PM	76.58656	76.51686	76.51494	76.59208	76.48739	76.51030	76.54455	76.52438	76.52900	76.47974	76.53776	76.48538	76.48706	76.52742
4/1/2025	1:01:39 PM	76.58708	76.51717	76.51542	76.59234	76.48780	76.51045	76.54486	76.52464	76.52957	76.48035	76.53793	76.48588	76.48752	76.52723
4/1/2025	1:01:42 PM	76.58728	76.51708	76.51553	76.59253	76.48773	76.51064	76.54544	76.52438	76.52977	76.48000	76.53805	76.48555	76.48713	76.52727
4/1/2025	1:01:46 PM	76.58667	76.51729	76.51517	76.59226	76.48738	76.50990	76.54469	76.52482	76.52909	76.47963	76.53729	76.48544	76.48679	76.52692
4/1/2025	1:01:50 PM	76.58662	76.51684	76.51513	76.59210	76.48730	76.51001	76.54473	76.52420	76.52905	76.47980	76.53714	76.48492	76.48679	76.52662
4/1/2025	1:01:53 PM	76.58622	76.51649	76.51502	76.59208	76.48746	76.50959	76.54439	76.52409	76.52911	76.47928	76.53716	76.48495	76.48660	76.52663
4/1/2025	1:01:57 PM	76.58640	76.51646	76.51484	76.59177	76.48714	76.50953	76.54436	76.52426	76.52889	76.47919	76.53706	76.48492	76.48639	76.52639
4/1/2025	1:02:00 PM	76.58596	76.51612	76.51439	76.59190	76.48662	76.50952	76.54404	76.52365	76.52862	76.47900	76.53622	76.48466	76.48614	76.52623
4/1/2025	1:02:04 PM	76.58623	76.51579	76.51438	76.59181	76.48666	76.50876	76.54399	76.52319	76.52817	76.47866	76.53648	76.48391	76.48555	76.52624
4/1/2025	1:02:07 PM	76.58562	76.51569	76.51407	76.59171	76.48646	76.50927	76.54427	76.52357	76.52883	76.47916	76.53655	76.48428	76.48636	76.52634
4/1/2025	1:02:11 PM	76.58549	76.51576	76.51381	76.59150	76.48645	76.50931	76.54430	76.52367	76.52838	76.47900	76.53674	76.48432	76.48608	76.52571
4/1/2025	1:02:15 PM	76.58544	76.51578	76.51385	76.59172	76.48646	76.50935	76.54419	76.52361	76.52851	76.47879	76.53638	76.48421	76.48596	76.52587
4/1/2025	1:02:18 PM	76.58555	76.51567	76.51396	76.59138	76.48583	76.50935	76.54390	76.52308	76.52806	76.47869	76.53591	76.48374	76.48568	76.52579
4/1/2025	1:02:22 PM	76.58537	76.51587	76.51435	76.59149	76.48606	76.50918	76.54376	76.52295	76.52820	76.47846	76.53631	76.48374	76.48613	76.52537
4/1/2025	1:02:25 PM	76.58540	76.51544	76.51367	76.59133	76.48574	76.50878	76.54353	76.52290	76.52777	76.47845	76.53609	76.48378	76.48555	76.52539
4/1/2025	1:02:29 PM	76.58509	76.51525	76.51375	76.59113	76.48567	76.50876	76.54364	76.52257	76.52755	76.47820	76.53581	76.48331	76.48536	76.52567
4/1/2025	1:02:33 PM	76.58503	76.51503	76.51381	76.59154	76.48551	76.50886	76.54335	76.52193	76.52724	76.47806	76.53569	76.48338	76.48534	76.52511
4/1/2025	1:02:36 PM	76.58453	76.51523	76.51366	76.59085	76.48552	76.50888	76.54318	76.52258	76.52800	76.47849	76.53593	76.48313	76.48561	76.52507
4/1/2025	1:02:40 PM	76.58478	76.51486	76.51358	76.59089	76.48526	76.50847	76.54345	76.52244	76.52743	76.47792	76.53549	76.48359	76.48545	76.52479
4/1/2025	1:02:43 PM	76.58444	76.51473	76.51326	76.59059	76.48525	76.50829	76.54312	76.52204	76.52711	76.47782	76.53565	76.48305	76.48504	76.52506
4/1/2025	1:02:47 PM	76.58440	76.51483	76.51327	76.59082	76.48522	76.50871	76.54358	76.52230	76.52759	76.47832	76.53598	76.48339	76.48552	76.52551
4/1/2025	1:02:51 PM	76.58479	76.51486	76.51374	76.59088	76.48601	76.50873	76.54310	76.52187	76.52709	76.47807	76.53522	76.48300	76.48529	76.52475
4/1/2025	1:02:54 PM	76.58456	76.51455	76.51317	76.59095	76.48530	76.50834	76.54306	76.52198	76.52675	76.47768	76.53508	76.48262	76.48502	76.52470
4/1/2025	1:02:58 PM	76.58425	76.51424	76.51326	76.59033	76.48529	76.50833	76.54283	76.52150	76.52642	76.47784	76.53497	76.48307	76.48494	76.52446
4/1/2025	1:03:01 PM	76.58406	76.51429	76.51309	76.59029	76.48511	76.50860	76.54296	76.52175	76.52678	76.47774	76.53512	76.48254	76.48501	76.52441
4/1/2025	1:03:05 PM	76.58434	76.51520	76.51360	76.59026	76.48558	76.50834	76.54328	76.52219	76.52713	76.47782	76.53532	76.48299	76.48500	76.52470
4/1/2025	1:03:09 PM	76.58476	76.51466	76.51364	76.59058	76.48571	76.50851	76.54313	76.52186	76.52678	76.47796	76.53491	76.48282	76.48488	76.52439
4/1/2025	1:03:12 PM	76.58413	76.51477	76.51309	76.59047	76.48522	76.50826	76.54298	76.52164	76.52671	76.47738	76.53497	76.48233	76.48495	76.52484
4/1/2025	1:03:16 PM	76.58457	76.51445	76.51329	76.59037	76.48493	76.50851	76.54335	76.52207	76.52691	76.47794	76.53533	76.48301	76.48475	76.52455
4/1/2025	1:03:19 PM	76.58390	76.51459	76.51318	76.59021	76.48534	76.50825	76.54283	76.52171	76.52700	76.47786	76.53530	76.48275	76.48495	76.52435
4/1/2025	1:03:23 PM	76.58442	76.51436	76.51296	76.59030	76.48461	76.50784	76.54257	76.52144	76.52599	76.47722	76.53445	76.48238	76.48488	76.52444
4/1/2025	1:03:26 PM	76.58359	76.51454	76.51257	76.58991	76.48496	76.50842	76.54268	76.52096	76.52586	76.47726	76.53449	76.48243	76.48459	76.52416
4/1/2025	1:03:30 PM	76.58378	76.51434	76.51301	76.58984	76.48480	76.50767	76.54207	76.52104	76.52584	76.47666	76.53427	76.48183	76.48430	76.52434
4/1/2025	1:03:34 PM	76.58341	76.51365	76.51209	76.58931	76.48425	76.50759	76.54217	76.52095	76.52574	76.47670	76.53398	76.48166	76.48404	76.52423
4/1/2025	1:03:37 PM	76.58368	76.51405	76.51286	76.58969	76.48496	76.50783	76.54241	76.52107	76.52606	76.47740	76.53417	76.48177	76.48436	76.52359
4/1/2025	1:03:41 PM	76.58351	76.51390	76.51279	76.58946	76.48426	76.50732	76.54213	76.52088	76.52556	76.47710	76.53419	76.48140	76.48455	76.52413
4/1/2025	1:03:44 PM	76.58342	76.51346	76.51240	76.58932	76.48417	76.50761	76.54175	76.52132	76.52578	76.47714	76.53462	76.48187	76.48455	76.52412
4/1/2025	1:03:48 PM	76.58337	76.51383	76.51281	76.58942	76.48426	76.50760	76.54198	76.52105	76.52587	76.47671	76.53450	76.48185	76.48415	76.52413
4/1/2025	1:03:51 PM	76.58325	76.51379	76.51250	76.58914	76.48418	76.50715	76.54190	76.52111	76.52553	76.47682	76.53447	76.48171	76.48420	76.52365
4/1/2025	1:03:55 PM	76.58302	76.51364	76.51285	76.58927	76.48457	76.50738	76.54195	76.52094	76.52538	76.47674	76.53421	76.48116	76.48392	76.52372
4/1/2025	1:03:59 PM	76.58321	76.51393	76.51233	76.58915	76.48428	76.50746	76.54176	76.52124	76.52550	76.47666	76.53399	76.48167	76.48437	76.52364
4/1/2025	1:04:02 PM	76.58270	76.51345	76.51262	76.58904	76.48421	76.50728	76.54179	76.52060	76.52518	76.47651	76.53409	76.48134	76.48393	76.52308
4/1/2025	1:04:06 PM	76.58273	76.51308	76.51238	76.58840	76.48417	76.50662	76.54157	76.52044	76.52465	76.47638	76.53350	76.48094	76.48408	76.52335
4/1/2025	1:04:09 PM	76.58288	76.51344	76.51271	76.58908	76.48411	76.50707	76.54151	76.52027	76.52522	76.47618	76.53399	76.48144	76.48423	76.52379
4/1/2025	1:04:13 PM	76.58332	76.51365	76.51269	76.58888	76.48381	76.50707	76.54128	76.52060	76.52549	76.47649	76.53394	76.48140	76.48423	76.52376
4/1/2025	1:04:16 PM	76.58277	76.51285	76.51262	76.58907	76.48422	76.50709	76.54159	76.52077	76.52548	76.47638	76.53390	76.48109	76.48400	76.52369
4/1/2025	1:04:20 PM	76.58272	76.51299	76.51224	76.58845	76.48407	76.50677	76.54181	76.52066	76.52517	76.47614	76.53405	76.48141	76.48395	76.52302
4/1/2025	1:04:24 PM	76.58285	76.51335	76.51185	76.58833	76.48351	76.50624	76.54152	76.52018	76.52473	76.47589	76.53372	76.48076	76.48329	76.52283
4/1/2025	1:04:27 PM	76.58231	76.51277	76.51164	76.58807	76.48329	76.50621	76.54079	76.51979	76.52479	76.47548	76.53325	76.48081	76.48349	76.52272
4/1/2025	1:04:31 PM	76.58190	76.51262	76.51189	76.58836	76.48321	76.50672	76.54077	76.51951	76.52456	76.47549	76.53353	76.48045	76.48332	76.52258
4/1/2025	1:04:34 PM	76.58198	76.51250	76.51194	76.58800	76.48296	76.50609	76.54032	76.51934	76.52448	76.47543	76.53345	76.48015	76.48330	76.52242
4/1/2025	1:04:38 PM	76.58168	76.51253	76.51162	76.58800	76.48291	76.50609	76.54081	76.51933	76.52439	76.47575	76.53349	76.48075	76.48333	76.52273
4/1/2025	1:04:41 PM	76.58190	76.51248	76.51119	76.58822	76.48272	76.50605	76.54064	76.51949	76.52422	76.47530	76.53300	76.47995	76.48294	76.52233
4/1/2025	1:04:45 PM	76.58192	76.51240	76.51121	76.58769	76.48283	76.50594	76.54028	76.51912	76.52432	76.47511	76.53342	76.48013	76.48286	76.52250
4/1/2025	1:04:49 PM	76.58168	76.51268	76.51129	76.58814	76.48285	76.50578	76.54061	76.51915	76.52389	76.47507	76.53310	76.47988	76.48277	76.52201
4/1/2025	1:04:52 PM	76.58152	76.51215	76.51103	76.58798	76.48264	76.50586	76.54025	76.51964	76.52436	76.47506	76.53325	76.48041	76.48292	76.52230
4/1/2025	1:04:56 PM	76.58152	76.51228	76.51105	76.58743	76.48291	76.50584	76.54012	76.51844	76.52370	76.47498	76.53316	76.48000	76.48266	76.52185
4/1/2025	1:04:59 PM	76.58131	76.51214	76.51088	76.58792	76.48275	76.50591	76.54034	76.51923	76.52423	76.47508	76.53360	76.48022	76.48286	76.52211
4/1/2025	1:05:03 PM	76.58145	76.51212	76.51086	76.58793	76.48269	76.50554	76.54036	76.51841	76.52367	76.47414	76.53313	76.47978	76.48220	76.52167
4/1/2025	1:05:07 PM	76.58117	76.51175	76.51072	76.58769	76.48254	76.50546	76.53974	76.51903	76.52375	76.47475	76.53294	76.47979	76.48215	76.52142
4/1/2025	1:05:10 PM	76.58125	76.51194	76.51069	76.58780	76.48220	76.50508	76.53984	76.51862	76.52370	76.47460	76.53323	76.47992	76.48250	76.52182
4/1/2025	1:05:14 PM	76.58107	76.51165	76.51071	76.58753	76.48233	76.50539	76.54031	76.51883	76.52382	76.47507	76.53329	76.47993	76.48274	76.52178
4/1/2025	1:05:17 PM	76.58138	76.51194	76.51076	76.58775	76.48244	76.50550	76.54026	76.51922	76.52372	76.47494	76.53258	76.47960	76.48222	76.52208
4/1/2025	1:05:21 PM	76.58110	76.51201	76.51048	76.58738	76.48227	76.50508	76.54004	76.51861	76.52327	76.47488	76.53280	76.47967	76.48226	76.52159
4/1/2025	1:05:24 PM	76.58135	76.51211	76.51098	76.58771	76.48240	76.50564	76.53988	76.51898	76.52393	76.47511	76.53322	76.48002	76.48259	76.52198
4/1/2025	1:05:28 PM	76.58132	76.51192	76.51072	76.58777	76.48212	76.50510	76.53976	76.51880	76.52369	76.47500	76.53248	76.47996	76.48289	76.52182
4/1/2025	1:05:32 PM	76.58142	76.51210	76.51072	76.58803	76.48264	76.50595	76.54022	76.51901	76.52394	76.47491	76.53218	76.47942	76.48271	76.52168
4/1/2025	1:05:35 PM	76.58165	76.51225	76.51026	76.58733	76.48215	76.50556	76.53972	76.51879	76.52349	76.47469	76.53278	76.47946	76.48264	76.52172
4/1/2025	1:05:39 PM	76.58164	76.51193	76.51073	76.58780	76.48241	76.50559	76.54026	76.51880	76.52402	76.47493	76.53287	76.47963	76.48268	76.52173
4/1/2025	1:05:42 PM	76.58114	76.51176	76.51064	76.58800	76.48211	76.50499	76.53988	76.51882	76.52344	76.47463	76.53238	76.47933	76.48240	76.52120
4/1/2025	1:05:46 PM	76.58129	76.51192	76.51034	76.58741	76.48240	76.50540	76.53977	76.51842	76.52346	76.47457	76.53271	76.47932	76.48211	76.52145
4/1/2025	1:05:50 PM	76.58138	76.51212	76.51060	76.58732	76.48208	76.50516	76.53972	76.51876	76.52373	76.47495	76.53276	76.47994	76.48220	76.52144
4/1/2025	1:05:53 PM	76.58120	76.51118	76.51044	76.58772	76.48168	76.50488	76.53959	76.51827	76.52338	76.47473	76.53234	76.47932	76.48175	76.52181
4/1/2025	1:05:57 PM	76.58082	76.51104	76.51005	76.58720	76.48183	76.50499	76.53986	76.51824	76.52327	76.47413	76.53258	76.47946	76.48199	76.52183
4/1/2025	1:06:00 PM	76.58157	76.51151	76.51029	76.58761	76.48218	76.50537	76.54005	76.51912	76.52343	76.47465	76.53264	76.47954	76.48217	76.52142
4/1/2025	1:06:04 PM	76.58118	76.51151	76.51022	76.58740	76.48192	76.50506	76.53997	76.51847	76.52355	76.47449	76.53279	76.47895	76.48205	76.52141
4/1/2025	1:06:08 PM	76.58130	76.51120	76.51012	76.58734	76.48222	76.50549	76.54004	76.51847	76.52352	76.47501	76.53261	76.47947	76.48213	76.52121
4/1/2025	1:06:11 PM	76.58077	76.51174	76.51021	76.58764	76.48224	76.50541	76.53965	76.51851	76.52352	76.47511	76.53290	76.47982	76.48227	76.52138
4/1/2025	1:06:14 PM	76.58114	76.51185	76.51066	76.58746	76.48258	76.50509	76.54007	76.51889	76.52399	76.47489	76.53263	76.47975	76.48251	76.52187
4/1/2025	1:06:18 PM	76.58142	76.51156	76.51002	76.58763	76.48228	76.50559	76.53994	76.51886	76.52353	76.47469	76.53291	76.47889	76.48216	76.52143
4/1/2025	1:06:22 PM	76.58124	76.51106	76.51019	76.58735	76.48164	76.50464	76.53939	76.51805	76.52275	76.47430	76.53220	76.47884	76.48178	76.52124
4/1/2025	1:06:25 PM	76.58084	76.51131	76.51012	76.58688	76.48169	76.50451	76.53945	76.51806	76.52322	76.47433	76.53236	76.47883	76.48167	76.52115
4/1/2025	1:06:29 PM	76.58051	76.51061	76.51016	76.58711	76.48186	76.50481	76.53925	76.51829	76.52299	76.47421	76.53210	76.47847	76.48148	76.52101
4/1/2025	1:06:32 PM	76.58033	76.51093	76.50933	76.58695	76.48115	76.50419	76.53909	76.51798	76.52314	76.47438	76.53225	76.47878	76.48153	76.52079
4/1/2025	1:06:36 PM	76.58047	76.51084	76.50971	76.58671	76.48152	76.50474	76.53908	76.51846	76.52313	76.47466	76.53222	76.47892	76.48186	76.52123
4/1/2025	1:06:39 PM	76.58055	76.51124	76.50964	76.58727	76.48190	76.50463	76.53929	76.51834	76.52327	76.47461	76.53199	76.47873	76.48167	76.52070
4/1/2025	1:06:43 PM	76.58038	76.51091	76.50966	76.58663	76.48161	76.50507	76.53921	76.51838	76.52319	76.47430	76.53194	76.47862	76.48167	76.52118
4/1/2025	1:06:47 PM	76.58080	76.51106	76.51004	76.58714	76.48160	76.50478	76.53915	76.51870	76.52307	76.47511	76.53248	76.47871	76.48159	76.52078
4/1/2025	1:06:50 PM	76.58021	76.51088	76.50974	76.58686	76.48151	76.50442	76.53910	76.51830	76.52250	76.47448	76.53192	76.47838	76.48146	76.52055
4/1/2025	1:06:54 PM	76.58074	76.51076	76.50970	76.58691	76.48116	76.50454	76.53886	76.51766	76.52269	76.47433	76.53186	76.47838	76.48114	76.52044
4/1/2025	1:06:57 PM	76.58013	76.51076	76.50970	76.58660	76.48108	76.50405	76.53862	76.51777	76.52256	76.47415	76.53158	76.47858	76.48099	76.52006
4/1/2025	1:07:01 PM	76.57963	76.51029	76.50909	76.58658	76.48179	76.50443	76.53928	76.51802	76.52300	76.47401	76.53201	76.47846	76.48095	76.52071
4/1/2025	1:07:05 PM	76.58032	76.51041	76.50893	76.58650	76.48134	76.50450	76.53899	76.51815	76.52256	76.47468	76.53214	76.47877	76.48153	76.52112
4/1/2025	1:07:08 PM	76.58033	76.51054	76.50990	76.58702	76.48168	76.50443	76.53902	76.51815	76.52273	76.47445	76.53212	76.47897	76.48166	76.52097
4/1/2025	1:07:12 PM	76.58044	76.51095	76.50974	76.58696	76.48195	76.50501	76.53926	76.51861	76.52283	76.47429	76.53187	76.47866	76.48147	76.52080
4/1/2025	1:07:15 PM	76.58046	76.51057	76.50954	76.58712	76.48201	76.50471	76.53912	76.51862	76.52269	76.47461	76.53174	76.47857	76.48167	76.52088
4/1/2025	1:07:19 PM	76.58065	76.51067	76.50960	76.58697	76.48181	76.50455	76.53900	76.51831	76.52270	76.47466	76.53224	76.47885	76.48164	76.52097
4/1/2025	1:07:22 PM	76.58041	76.51078	76.50979	76.58742	76.48166	76.50471	76.53918	76.51853	76.52274	76.47444	76.53188	76.47832	76.48128	76.52081
4/1/2025	1:07:26 PM	76.58053	76.51102	76.50967	76.58687	76.48162	76.50468	76.53908	76.51829	76.52315	76.47440	76.53180	76.47867	76.48126	76.52052
4/1/2025	1:07:30 PM	76.58068	76.51093	76.50997	76.58757	76.48150	76.50491	76.53914	76.51844	76.52293	76.47469	76.53219	76.47901	76.48152	76.52080
4/1/2025	1:07:33 PM	76.58066	76.51039	76.50958	76.58669	76.48137	76.50475	76.53914	76.51776	76.52252	76.47413	76.53186	76.47856	76.48111	76.52027
4/1/2025	1:07:37 PM	76.58018	76.51071	76.50949	76.58701	76.48146	76.50417	76.53893	76.51806	76.52291	76.47432	76.53155	76.47814	76.48115	76.52035
4/1/2025	1:07:40 PM	76.58059	76.51032	76.50958	76.58657	76.48136	76.50426	76.53898	76.51791	76.52222	76.47385	76.53134	76.47843	76.48085	76.52015
4/1/2025	1:07:44 PM	76.58015	76.50978	76.50902	76.58626	76.48092	76.50416	76.53839	76.51740	76.52241	76.47372	76.53122	76.47837	76.48079	76.51983
4/1/2025	1:07:48 PM	76.57994	76.50987	76.50901	76.58630	76.48094	76.50441	76.53855	76.51736	76.52247	76.47396	76.53120	76.47810	76.48077	76.52006
4/1/2025	1:07:51 PM	76.58018	76.51021	76.50892	76.58662	76.48081	76.50429	76.53856	76.51817	76.52231	76.47352	76.53099	76.47815	76.48038	76.51999
4/1/2025	1:07:55 PM	76.57984	76.51016	76.50880	76.58605	76.48118	76.50407	76.53837	76.51750	76.52256	76.47388	76.53113	76.47821	76.48084	76.52017
4/1/2025	1:07:58 PM	76.58007	76.50971	76.50920	76.58659	76.48114	76.50464	76.53848	76.51777	76.52248	76.47431	76.53187	76.47811	76.48081	76.52027
4/1/2025	1:08:02 PM	76.58001	76.50994	76.50961	76.58674	76.48157	76.50451	76.53835	76.51741	76.52230	76.47380	76.53136	76.47840	76.48065	76.51985
4/1/2025	1:08:06 PM	76.57974	76.50967	76.50889	76.58625	76.48115	76.50398	76.53823	76.51764	76.52224	76.47379	76.53190	76.47827	76.48087	76.52003
4/1/2025	1:08:09 PM	76.57968	76.50984	76.50883	76.58649	76.48136	76.50430	76.53844	76.51782	76.52218	76.47381	76.53148	76.47804	76.48060	76.51972
4/1/2025	1:08:13 PM	76.57965	76.50958	76.50868	76.58594	76.48084	76.50337	76.53774	76.51747	76.52218	76.47388	76.53153	76.47783	76.48060	76.51983
4/1/2025	1:08:16 PM	76.57986	76.50961	76.50894	76.58641	76.48092	76.50413	76.53811	76.51708	76.52146	76.47301	76.53077	76.47788	76.48033	76.51959
4/1/2025	1:08:20 PM	76.57929	76.50956	76.50850	76.58604	76.48068	76.50399	76.53798	76.51721	76.52173	76.47345	76.53045	76.47732	76.48018	76.51969
4/1/2025	1:08:24 PM	76.57977	76.50953	76.50851	76.58593	76.48030	76.50338	76.53768	76.51695	76.52202	76.47307	76.53082	76.47761	76.48031	76.51966
4/1/2025	1:08:27 PM	76.57934	76.50928	76.50849	76.58583	76.48006	76.50368	76.53763	76.51700	76.52162	76.47345	76.53134	76.47777	76.48035	76.51977
4/1/2025	1:08:31 PM	76.57960	76.50932	76.50870	76.58625	76.48077	76.50351	76.53784	76.51729	76.52143	76.47320	76.53055	76.47767	76.48037	76.51948
4/1/2025	1:08:34 PM	76.57928	76.50931	76.50875	76.58615	76.48051	76.50387	76.53822	76.51742	76.52190	76.47342	76.53098	76.47798	76.48047	76.51973
4/1/2025	1:08:38 PM	76.57963	76.50958	76.50865	76.58565	76.48028	76.50316	76.53781	76.51741	76.52177	76.47372	76.53121	76.47767	76.48070	76.51985
4/1/2025	1:08:41 PM	76.57940	76.50904	76.50847	76.58632	76.48051	76.50355	76.53832	76.51785	76.52206	76.47379	76.53134	76.47795	76.48051	76.51999
4/1/2025	1:08:45 PM	76.57929	76.50950	76.50896	76.58651	76.48098	76.50388	76.53826	76.51749	76.52215	76.47357	76.53079	76.47734	76.48025	76.51923
4/1/2025	1:08:49 PM	76.57947	76.50929	76.50869	76.58618	76.48037	76.50321	76.53748	76.51672	76.52140	76.47291	76.53067	76.47725	76.47978	76.51941
4/1/2025	1:08:52 PM	76.57897	76.50880	76.50840	76.58573	76.48059	76.50337	76.53766	76.51686	76.52128	76.47294	76.53073	76.47763	76.48007	76.51946
4/1/2025	1:08:56 PM	76.57907	76.50906	76.50843	76.58588	76.48034	76.50352	76.53759	76.51736	76.52139	76.47351	76.53072	76.47755	76.48003	76.51958
4/1/2025	1:08:59 PM	76.57953	76.50929	76.50818	76.58561	76.48032	76.50331	76.53747	76.51695	76.52150	76.47314	76.53063	76.47709	76.47988	76.51907
4/1/2025	1:09:03 PM	76.57924	76.50900	76.50821	76.58583	76.48024	76.50358	76.53763	76.51700	76.52146	76.47308	76.53109	76.47727	76.47980	76.51939
4/1/2025	1:09:07 PM	76.57942	76.50939	76.50834	76.58548	76.47990	76.50320	76.53722	76.51687	76.52094	76.47274	76.53034	76.47719	76.47942	76.51892
4/1/2025	1:09:10 PM	76.57874	76.50887	76.50801	76.58539	76.48012	76.50311	76.53749	76.51680	76.52150	76.47352	76.53063	76.47733	76.47998	76.51939
4/1/2025	1:09:14 PM	76.57927	76.51001	76.50903	76.58657	76.48136	76.50370	76.53807	76.51726	76.52193	76.47354	76.53145	76.47796	76.48080	76.52011
4/1/2025	1:09:17 PM	76.57972	76.50961	76.50884	76.58659	76.48149	76.50379	76.53809	76.51792	76.52207	76.47364	76.53152	76.47774	76.48052	76.51967
4/1/2025	1:09:21 PM	76.57991	76.50969	76.50906	76.58656	76.48069	76.50397	76.53844	76.51768	76.52263	76.47418	76.53161	76.47846	76.48053	76.52003
4/1/2025	1:09:25 PM	76.57989	76.50975	76.50875	76.58649	76.48076	76.50405	76.53804	76.51717	76.52200	76.47340	76.53088	76.47831	76.48036	76.51989
4/1/2025	1:09:28 PM	76.57954	76.50958	76.50871	76.58639	76.48111	76.50377	76.53805	76.51750	76.52201	76.47386	76.53163	76.47799	76.48076	76.51969
4/1/2025	1:09:32 PM	76.57938	76.50895	76.50814	76.58565	76.48033	76.50334	76.53770	76.51749	76.52145	76.47290	76.53089	76.47770	76.47985	76.51915
4/1/2025	1:09:35 PM	76.57901	76.50935	76.50806	76.58570	76.48052	76.50352	76.53763	76.51680	76.52142	76.47299	76.53057	76.47749	76.47957	76.51895
4/1/2025	1:09:39 PM	76.57920	76.50879	76.50815	76.58604	76.48019	76.50323	76.53760	76.51718	76.52201	76.47349	76.53089	76.47781	76.47983	76.51930
4/1/2025	1:09:42 PM	76.57924	76.50904	76.50871	76.58582	76.48052	76.50342	76.53771	76.51719	76.52172	76.47317	76.53099	76.47732	76.48047	76.51914
4/1/2025	1:09:46 PM	76.57903	76.50908	76.50829	76.58576	76.48053	76.50321	76.53740	76.51718	76.52175	76.47327	76.53099	76.47782	76.48016	76.51919
4/1/2025	1:09:50 PM	76.57923	76.50921	76.50843	76.58626	76.48102	76.50352	76.53766	76.51739	76.52151	76.47328	76.53079	76.47738	76.47991	76.51886
4/1/2025	1:09:53 PM	76.57916	76.50917	76.50800	76.58544	76.47997	76.50332	76.53781	76.51673	76.52126	76.47307	76.53104	76.47730	76.47968	76.51902
4/1/2025	1:09:57 PM	76.57885	76.50864	76.50817	76.58590	76.48030	76.50357	76.53753	76.51709	76.52148	76.47323	76.53060	76.47775	76.48007	76.51942
4/1/2025	1:10:00 PM	76.57936	76.50902	76.50848	76.58595	76.48068	76.50325	76.53808	76.51695	76.52188	76.47299	76.53082	76.47793	76.47996	76.51948
4/1/2025	1:10:04 PM	76.57914	76.50883	76.50857	76.58581	76.48051	76.50353	76.53793	76.51700	76.52121	76.47313	76.53081	76.47763	76.47963	76.51891
4/1/2025	1:10:08 PM	76.57935	76.50920	76.50839	76.58564	76.48067	76.50336	76.53765	76.51736	76.52167	76.47328	76.53116	76.47741	76.47955	76.51911
4/1/2025	1:10:11 PM	76.57951	76.50903	76.50812	76.58591	76.48097	76.50382	76.53763	76.51696	76.52169	76.47319	76.53108	76.47790	76.48027	76.51929
4/1/2025	1:10:15 PM	76.57914	76.50874	76.50784	76.58529	76.48025	76.50278	76.53726	76.51620	76.52111	76.47238	76.53056	76.47693	76.47919	76.51864
4/1/2025	1:10:18 PM	76.57860	76.50862	76.50837	76.58558	76.48082	76.50327	76.53760	76.51649	76.52119	76.47319	76.53066	76.47733	76.47944	76.51904
4/1/2025	1:10:22 PM	76.57911	76.50851	76.50811	76.58535	76.48051	76.50306	76.53760	76.51714	76.52129	76.47312	76.53056	76.47716	76.47959	76.51852
4/1/2025	1:10:26 PM	76.57874	76.50848	76.50776	76.58526	76.48011	76.50322	76.53739	76.51672	76.52105	76.47325	76.53056	76.47718	76.47937	76.51879
4/1/2025	1:10:29 PM	76.57917	76.50919	76.50827	76.58553	76.48007	76.50298	76.53689	76.51644	76.52117	76.47303	76.53013	76.47713	76.47948	76.51849
4/1/2025	1:10:33 PM	76.57925	76.50891	76.50768	76.58548	76.48043	76.50318	76.53741	76.51634	76.52154	76.47276	76.53047	76.47768	76.47965	76.51915
4/1/2025	1:10:36 PM	76.57907	76.50897	76.50821	76.58524	76.47983	76.50272	76.53731	76.51702	76.52150	76.47335	76.53138	76.47762	76.47976	76.51889
4/1/2025	1:10:40 PM	76.57906	76.50917	76.50848	76.58576	76.48053	76.50308	76.53739	76.51739	76.52183	76.47327	76.53072	76.47737	76.47964	76.51912
4/1/2025	1:10:43 PM	76.57914	76.50891	76.50826	76.58573	76.48052	76.50357	76.53751	76.51710	76.52155	76.47319	76.53119	76.47769	76.47984	76.51919
4/1/2025	1:10:47 PM	76.57922	76.50901	76.50816	76.58550	76.47996	76.50304	76.53737	76.51673	76.52131	76.47318	76.53035	76.47710	76.47943	76.51862
4/1/2025	1:10:51 PM	76.57891	76.50866	76.50745	76.58523	76.48017	76.50269	76.53697	76.51621	76.52111	76.47283	76.53038	76.47735	76.47955	76.51883
4/1/2025	1:10:54 PM	76.57884	76.50896	76.50825	76.58517	76.48047	76.50310	76.53747	76.51693	76.52131	76.47284	76.53065	76.47723	76.47947	76.51858
4/1/2025	1:10:58 PM	76.57890	76.50853	76.50787	76.58528	76.48015	76.50329	76.53718	76.51689	76.52114	76.47301	76.53069	76.47729	76.47933	76.51862
4/1/2025	1:11:01 PM	76.57878	76.50868	76.50784	76.58519	76.48021	76.50286	76.53733	76.51637	76.52092	76.47254	76.53009	76.47701	76.47927	76.51840
4/1/2025	1:11:05 PM	76.57842	76.50846	76.50801	76.58522	76.47969	76.50266	76.53717	76.51630	76.52122	76.47273	76.53037	76.47654	76.47938	76.51813
4/1/2025	1:11:08 PM	76.57876	76.50874	76.50768	76.58518	76.48050	76.50314	76.53798	76.51716	76.52160	76.47312	76.53072	76.47746	76.47999	76.51912
4/1/2025	1:11:12 PM	76.57930	76.50886	76.50830	76.58603	76.48081	76.50344	76.53774	76.51696	76.52134	76.47295	76.53069	76.47755	76.47989	76.51884
4/1/2025	1:11:16 PM	76.57942	76.50890	76.50788	76.58527	76.48018	76.50321	76.53793	76.51710	76.52175	76.47318	76.53122	76.47763	76.47928	76.51895
4/1/2025	1:11:19 PM	76.57878	76.50924	76.50814	76.58561	76.48027	76.50295	76.53799	76.51691	76.52146	76.47298	76.53061	76.47759	76.47935	76.51897
4/1/2025	1:11:23 PM	76.57905	76.50889	76.50808	76.58552	76.48047	76.50329	76.53711	76.51710	76.52137	76.47272	76.53031	76.47685	76.47962	76.51873
4/1/2025	1:11:26 PM	76.57864	76.50856	76.50787	76.58526	76.48023	76.50332	76.53743	76.51683	76.52133	76.47288	76.53032	76.47692	76.47971	76.51838
4/1/2025	1:11:30 PM	76.57869	76.50869	76.50762	76.58516	76.48040	76.50297	76.53725	76.51657	76.52115	76.47250	76.53037	76.47736	76.47924	76.51852
4/1/2025	1:11:34 PM	76.57861	76.50868	76.50754	76.58518	76.48019	76.50280	76.53710	76.51643	76.52109	76.47298	76.53067	76.47693	76.47955	76.51864
4/1/2025	1:11:37 PM	76.57844	76.50883	76.50789	76.58522	76.47993	76.50238	76.53711	76.51627	76.52084	76.47275	76.53046	76.47701	76.47901	76.51831
4/1/2025	1:11:41 PM	76.57827	76.50874	76.50799	76.58546	76.47995	76.50295	76.53728	76.51654	76.52109	76.47285	76.53030	76.47673	76.47895	76.51861
4/1/2025	1:11:44 PM	76.57868	76.50845	76.50760	76.58506	76.48053	76.50293	76.53752	76.51678	76.52123	76.47305	76.53063	76.47747	76.47974	76.51876
4/1/2025	1:11:48 PM	76.57904	76.50886	76.50785	76.58526	76.48007	76.50281	76.53773	76.51684	76.52127	76.47291	76.53039	76.47699	76.47921	76.51843
4/1/2025	1:11:52 PM	76.57851	76.50849	76.50760	76.58495	76.48007	76.50303	76.53734	76.51630	76.52087	76.47253	76.53016	76.47704	76.47899	76.51841
4/1/2025	1:11:55 PM	76.57855	76.50901	76.50791	76.58555	76.48012	76.50342	76.53727	76.51657	76.52112	76.47297	76.53045	76.47676	76.47921	76.51829
4/1/2025	1:11:59 PM	76.57837	76.50834	76.50758	76.58488	76.47994	76.50295	76.53743	76.51658	76.52122	76.47260	76.53042	76.47721	76.47960	76.51860
4/1/2025	1:12:02 PM	76.57817	76.50832	76.50757	76.58516	76.47975	76.50271	76.53747	76.51723	76.52085	76.47255	76.53037	76.47709	76.47936	76.51833
4/1/2025	1:12:06 PM	76.57821	76.50870	76.50787	76.58531	76.47996	76.50252	76.53716	76.51642	76.52096	76.47265	76.53049	76.47683	76.47869	76.51835
4/1/2025	1:12:10 PM	76.57861	76.50849	76.50751	76.58492	76.48061	76.50300	76.53712	76.51663	76.52122	76.47256	76.53062	76.47705	76.47916	76.51843
4/1/2025	1:12:13 PM	76.57856	76.50868	76.50798	76.58511	76.48034	76.50289	76.53737	76.51687	76.52113	76.47321	76.53070	76.47736	76.47960	76.51862
4/1/2025	1:12:17 PM	76.57844	76.50866	76.50754	76.58531	76.48035	76.50267	76.53707	76.51649	76.52080	76.47287	76.53063	76.47678	76.47907	76.51839
4/1/2025	1:12:20 PM	76.57869	76.50836	76.50771	76.58509	76.48010	76.50283	76.53756	76.51659	76.52109	76.47295	76.53068	76.47708	76.47935	76.51859
4/1/2025	1:12:24 PM	76.57873	76.50846	76.50745	76.58522	76.48011	76.50279	76.53690	76.51640	76.52077	76.47274	76.53016	76.47706	76.47880	76.51808
4/1/2025	1:12:28 PM	76.57838	76.50847	76.50747	76.58498	76.48008	76.50260	76.53666	76.51636	76.52097	76.47276	76.53054	76.47681	76.47888	76.51836
4/1/2025	1:12:31 PM	76.57854	76.50848	76.50758	76.58509	76.47998	76.50249	76.53700	76.51658	76.52070	76.47280	76.53035	76.47679	76.47882	76.51797
4/1/2025	1:12:35 PM	76.57832	76.50820	76.50733	76.58482	76.47954	76.50226	76.53668	76.51646	76.52046	76.47262	76.53032	76.47678	76.47883	76.51794
4/1/2025	1:12:38 PM	76.57867	76.50851	76.50768	76.58545	76.48030	76.50292	76.53726	76.51668	76.52100	76.47296	76.53046	76.47696	76.47924	76.51833
4/1/2025	1:12:42 PM	76.57863	76.50871	76.50807	76.58499	76.48003	76.50231	76.53691	76.51640	76.52088	76.47301	76.53061	76.47696	76.47967	76.51846
4/1/2025	1:12:46 PM	76.57889	76.50931	76.50766	76.58537	76.48031	76.50319	76.53717	76.51647	76.52096	76.47247	76.53064	76.47700	76.47904	76.51823
4/1/2025	1:12:49 PM	76.57852	76.50861	76.50791	76.58539	76.48036	76.50266	76.53717	76.51682	76.52117	76.47347	76.53076	76.47736	76.47904	76.51866
4/1/2025	1:12:53 PM	76.57883	76.50889	76.50809	76.58552	76.48054	76.50332	76.53780	76.51695	76.52151	76.47307	76.53076	76.47750	76.47969	76.51871
4/1/2025	1:12:56 PM	76.57891	76.50856	76.50775	76.58496	76.48004	76.50315	76.53756	76.51686	76.52168	76.47360	76.53077	76.47675	76.47949	76.51827
4/1/2025	1:13:00 PM	76.57877	76.50818	76.50750	76.58489	76.47978	76.50265	76.53737	76.51682	76.52102	76.47264	76.53033	76.47719	76.47915	76.51822
4/1/2025	1:13:04 PM	76.57870	76.50873	76.50759	76.58488	76.47976	76.50310	76.53718	76.51681	76.52122	76.47300	76.53066	76.47713	76.47964	76.51854
4/1/2025	1:13:07 PM	76.57925	76.50928	76.50813	76.58585	76.47960	76.50287	76.53742	76.51731	76.52142	76.47338	76.53102	76.47744	76.47946	76.51840
4/1/2025	1:13:11 PM	76.57817	76.50847	76.50771	76.58516	76.47974	76.50293	76.53683	76.51672	76.52133	76.47330	76.53069	76.47671	76.47938	76.51843
4/1/2025	1:13:14 PM	76.57863	76.50849	76.50752	76.58496	76.47969	76.50221	76.53725	76.51672	76.52114	76.47274	76.53046	76.47679	76.47889	76.51844
4/1/2025	1:13:18 PM	76.57844	76.50857	76.50789	76.58547	76.47998	76.50276	76.53697	76.51641	76.52085	76.47269	76.53040	76.47685	76.47883	76.51838
4/1/2025	1:13:22 PM	76.57844	76.50837	76.50721	76.58472	76.47992	76.50265	76.53696	76.51671	76.52090	76.47270	76.53045	76.47674	76.47863	76.51813
4/1/2025	1:13:25 PM	76.57815	76.50836	76.50739	76.58457	76.47965	76.50240	76.53703	76.51659	76.52073	76.47294	76.53015	76.47647	76.47857	76.51839
4/1/2025	1:13:29 PM	76.57830	76.50798	76.50722	76.58485	76.47974	76.50263	76.53682	76.51658	76.52110	76.47298	76.53054	76.47668	76.47915	76.51787
4/1/2025	1:13:32 PM	76.57796	76.50785	76.50682	76.58448	76.47935	76.50206	76.53653	76.51609	76.52017	76.47245	76.53016	76.47652	76.47874	76.51811
4/1/2025	1:13:36 PM	76.57835	76.50835	76.50753	76.58493	76.47951	76.50207	76.53698	76.51643	76.52057	76.47275	76.53023	76.47648	76.47905	76.51801
4/1/2025	1:13:40 PM	76.57843	76.50827	76.50748	76.58467	76.47971	76.50226	76.53674	76.51656	76.52089	76.47297	76.53039	76.47683	76.47891	76.51838
4/1/2025	1:13:43 PM	76.57820	76.50817	76.50756	76.58528	76.47979	76.50250	76.53703	76.51677	76.52049	76.47280	76.53022	76.47679	76.47927	76.51810
4/1/2025	1:13:47 PM	76.57805	76.50828	76.50736	76.58467	76.47949	76.50235	76.53688	76.51602	76.52079	76.47277	76.53043	76.47691	76.47914	76.51813
4/1/2025	1:13:50 PM	76.57841	76.50822	76.50716	76.58493	76.47997	76.50277	76.53689	76.51654	76.52091	76.47321	76.53088	76.47705	76.47888	76.51763
4/1/2025	1:13:54 PM	76.57794	76.50784	76.50749	76.58469	76.47999	76.50230	76.53656	76.51635	76.52040	76.47270	76.53001	76.47636	76.47908	76.51812
4/1/2025	1:13:57 PM	76.57827	76.50788	76.50736	76.58464	76.47996	76.50268	76.53691	76.51645	76.52054	76.47281	76.53029	76.47664	76.47889	76.51795
4/1/2025	1:14:01 PM	76.57802	76.50801	76.50708	76.58517	76.47976	76.50251	76.53699	76.51628	76.52069	76.47275	76.53028	76.47687	76.47893	76.51818
4/1/2025	1:14:05 PM	76.57870	76.50836	76.50756	76.58531	76.47979	76.50262	76.53715	76.51681	76.52089	76.47285	76.53018	76.47689	76.47918	76.51829
4/1/2025	1:14:08 PM	76.57826	76.50800	76.50792	76.58536	76.48025	76.50275	76.53712	76.51627	76.52053	76.47287	76.53057	76.47690	76.47907	76.51809
4/1/2025	1:14:12 PM	76.57845	76.50779	76.50711	76.58511	76.47989	76.50241	76.53726	76.51662	76.52132	76.47310	76.53074	76.47730	76.47931	76.51835
4/1/2025	1:14:15 PM	76.57850	76.50850	76.50755	76.58513	76.48030	76.50250	76.53708	76.51631	76.52095	76.47318	76.53068	76.47685	76.47912	76.51852
4/1/2025	1:14:19 PM	76.57843	76.50796	76.50792	76.58488	76.48002	76.50252	76.53720	76.51659	76.52081	76.47302	76.53077	76.47684	76.47940	76.51798
4/1/2025	1:14:22 PM	76.57864	76.50822	76.50746	76.58494	76.48000	76.50248	76.53740	76.51664	76.52030	76.47265	76.52997	76.47627	76.47845	76.51801
4/1/2025	1:14:26 PM	76.57825	76.50807	76.50730	76.58485	76.47979	76.50253	76.53707	76.51675	76.52080	76.47309	76.53066	76.47683	76.47910	76.51834
4/1/2025	1:14:29 PM	76.57825	76.50832	76.50728	76.58476	76.47968	76.50281	76.53725	76.51666	76.52040	76.47302	76.53059	76.47676	76.47929	76.51839
4/1/2025	1:14:33 PM	76.57851	76.50830	76.50785	76.58504	76.48027	76.50284	76.53736	76.51703	76.52087	76.47289	76.53095	76.47710	76.47928	76.51857
4/1/2025	1:14:37 PM	76.57856	76.50815	76.50768	76.58561	76.48028	76.50287	76.53734	76.51651	76.52129	76.47287	76.53078	76.47717	76.47965	76.51867
4/1/2025	1:14:40 PM	76.57832	76.50848	76.50775	76.58537	76.48020	76.50300	76.53728	76.51693	76.52100	76.47313	76.53061	76.47693	76.47886	76.51830
4/1/2025	1:14:44 PM	76.57850	76.50815	76.50787	76.58503	76.48018	76.50261	76.53727	76.51662	76.52089	76.47310	76.53073	76.47664	76.47890	76.51813
4/1/2025	1:14:47 PM	76.57824	76.50786	76.50730	76.58480	76.47976	76.50277	76.53711	76.51670	76.52116	76.47320	76.53056	76.47709	76.47907	76.51815
4/1/2025	1:14:51 PM	76.57809	76.50778	76.50746	76.58473	76.47992	76.50261	76.53713	76.51664	76.52118	76.47315	76.53069	76.47674	76.47930	76.51846
4/1/2025	1:14:55 PM	76.57833	76.50806	76.50777	76.58506	76.47985	76.50244	76.53718	76.51670	76.52077	76.47294	76.53063	76.47647	76.47919	76.51843
4/1/2025	1:14:58 PM	76.57829	76.50807	76.50792	76.58486	76.48023	76.50272	76.53713	76.51636	76.52086	76.47280	76.53052	76.47647	76.47910	76.51791
4/1/2025	1:15:02 PM	76.57798	76.50809	76.50743	76.58462	76.47975	76.50246	76.53694	76.51626	76.52065	76.47289	76.53050	76.47689	76.47931	76.51811
4/1/2025	1:15:05 PM	76.57820	76.50831	76.50759	76.58488	76.47976	76.50269	76.53720	76.51646	76.52082	76.47278	76.53060	76.47679	76.47893	76.51790
4/1/2025	1:15:09 PM	76.57837	76.50805	76.50749	76.58459	76.47989	76.50257	76.53709	76.51641	76.52084	76.47268	76.53047	76.47694	76.47907	76.51872
4/1/2025	1:15:13 PM	76.57830	76.50779	76.50755	76.58520	76.47988	76.50248	76.53703	76.51683	76.52069	76.47294	76.53024	76.47660	76.47874	76.51787
4/1/2025	1:15:16 PM	76.57805	76.50751	76.50703	76.58448	76.47996	76.50235	76.53692	76.51651	76.52052	76.47287	76.53024	76.47684	76.47885	76.51804
4/1/2025	1:15:20 PM	76.57802	76.50746	76.50714	76.58438	76.47947	76.50261	76.53685	76.51635	76.52088	76.47304	76.53044	76.47722	76.47940	76.51827
4/1/2025	1:15:23 PM	76.57845	76.50815	76.50806	76.58501	76.48028	76.50319	76.53761	76.51711	76.52164	76.47323	76.53061	76.47695	76.47924	76.51827
4/1/2025	1:15:27 PM	76.57844	76.50812	76.50747	76.58504	76.47994	76.50243	76.53713	76.51648	76.52052	76.47315	76.53030	76.47663	76.47918	76.51868
4/1/2025	1:15:31 PM	76.57859	76.50821	76.50746	76.58506	76.47976	76.50231	76.53711	76.51674	76.52087	76.47280	76.53083	76.47708	76.47941	76.51875
4/1/2025	1:15:34 PM	76.57862	76.50831	76.50721	76.58523	76.48030	76.50282	76.53751	76.51660	76.52113	76.47328	76.53064	76.47699	76.47955	76.51846
4/1/2025	1:15:38 PM	76.57857	76.50812	76.50801	76.58540	76.47993	76.50281	76.53761	76.51663	76.52080	76.47287	76.53069	76.47688	76.47908	76.51817
4/1/2025	1:15:41 PM	76.57861	76.50835	76.50783	76.58490	76.48002	76.50308	76.53777	76.51689	76.52115	76.47335	76.53055	76.47707	76.47905	76.51844
4/1/2025	1:15:45 PM	76.57852	76.50831	76.50779	76.58527	76.48034	76.50311	76.53780	76.51733	76.52126	76.47331	76.53120	76.47746	76.47985	76.51915
4/1/2025	1:15:48 PM	76.57891	76.50823	76.50809	76.58549	76.48002	76.50302	76.53776	76.51719	76.52136	76.47342	76.53110	76.47707	76.47953	76.51831
4/1/2025	1:15:52 PM	76.57821	76.50815	76.50795	76.58512	76.48029	76.50256	76.53703	76.51656	76.52063	76.47276	76.53044	76.47683	76.47859	76.51843
4/1/2025	1:15:56 PM	76.57830	76.50835	76.50738	76.58497	76.48003	76.50259	76.53703	76.51691	76.52111	76.47295	76.53076	76.47693	76.47925	76.51824
4/1/2025	1:15:59 PM	76.57874	76.50811	76.50729	76.58508	76.47954	76.50251	76.53675	76.51649	76.52126	76.47332	76.53107	76.47706	76.47939	76.51808
4/1/2025	1:16:03 PM	76.57841	76.50795	76.50762	76.58493	76.48020	76.50269	76.53725	76.51657	76.52117	76.47317	76.53058	76.47702	76.47922	76.51822
4/1/2025	1:16:06 PM	76.57830	76.50781	76.50778	76.58526	76.47978	76.50252	76.53757	76.51680	76.52109	76.47322	76.53112	76.47671	76.47893	76.51841
4/1/2025	1:16:10 PM	76.57871	76.50840	76.50780	76.58517	76.48006	76.50248	76.53723	76.51632	76.52082	76.47270	76.53038	76.47665	76.47898	76.51815
4/1/2025	1:16:14 PM	76.57801	76.50782	76.50720	76.58489	76.47937	76.50232	76.53738	76.51647	76.52103	76.47281	76.53066	76.47687	76.47895	76.51797
4/1/2025	1:16:17 PM	76.57839	76.50849	76.50825	76.58540	76.48038	76.50297	76.53766	76.51699	76.52105	76.47302	76.53045	76.47668	76.47864	76.51797
4/1/2025	1:16:21 PM	76.57764	76.50747	76.50703	76.58439	76.47955	76.50237	76.53691	76.51615	76.52092	76.47322	76.53019	76.47665	76.47913	76.51819
4/1/2025	1:16:24 PM	76.57788	76.50775	76.50739	76.58465	76.47935	76.50215	76.53747	76.51682	76.52083	76.47308	76.53057	76.47711	76.47913	76.51808
4/1/2025	1:16:28 PM	76.57796	76.50796	76.50729	76.58491	76.47979	76.50234	76.53721	76.51680	76.52092	76.47328	76.53027	76.47650	76.47863	76.51818
4/1/2025	1:16:32 PM	76.57819	76.50827	76.50737	76.58460	76.47978	76.50253	76.53684	76.51624	76.52070	76.47254	76.53048	76.47699	76.47915	76.51797
4/1/2025	1:16:35 PM	76.57842	76.50810	76.50750	76.58467	76.47987	76.50240	76.53715	76.51648	76.52054	76.47285	76.53039	76.47692	76.47893	76.51768
4/1/2025	1:16:39 PM	76.57829	76.50755	76.50733	76.58487	76.47977	76.50253	76.53700	76.51631	76.52056	76.47267	76.53079	76.47674	76.47921	76.51837
4/1/2025	1:16:42 PM	76.57862	76.50826	76.50771	76.58515	76.48037	76.50286	76.53738	76.51651	76.52113	76.47295	76.53076	76.47670	76.47904	76.51801
4/1/2025	1:16:46 PM	76.57809	76.50817	76.50732	76.58497	76.48004	76.50276	76.53711	76.51661	76.52078	76.47289	76.53010	76.47664	76.47896	76.51808
4/1/2025	1:16:50 PM	76.57827	76.50802	76.50704	76.58446	76.47994	76.50259	76.53746	76.51649	76.52055	76.47275	76.53038	76.47650	76.47920	76.51804
4/1/2025	1:16:53 PM	76.57836	76.50812	76.50752	76.58513	76.47964	76.50268	76.53713	76.51649	76.52086	76.47290	76.53057	76.47717	76.47895	76.51804
4/1/2025	1:16:57 PM	76.57803	76.50780	76.50744	76.58457	76.47988	76.50230	76.53736	76.51653	76.52080	76.47296	76.53051	76.47663	76.47893	76.51794
4/1/2025	1:17:00 PM	76.57852	76.50864	76.50784	76.58482	76.47991	76.50218	76.53718	76.51656	76.52092	76.47277	76.53051	76.47672	76.47933	76.51849
4/1/2025	1:17:04 PM	76.57862	76.50825	76.50797	76.58508	76.48041	76.50287	76.53784	76.51694	76.52104	76.47305	76.53087	76.47686	76.47892	76.51829
4/1/2025	1:17:08 PM	76.57823	76.50839	76.50743	76.58503	76.47965	76.50278	76.53754	76.51654	76.52093	76.47273	76.53065	76.47626	76.47885	76.51790
4/1/2025	1:17:11 PM	76.57810	76.50771	76.50771	76.58496	76.47977	76.50220	76.53679	76.51653	76.52047	76.47270	76.53045	76.47674	76.47869	76.51795
4/1/2025	1:17:15 PM	76.57848	76.50795	76.50789	76.58527	76.48037	76.50276	76.53732	76.51643	76.52090	76.47323	76.53083	76.47683	76.47946	76.51815
4/1/2025	1:17:18 PM	76.57837	76.50809	76.50750	76.58466	76.48005	76.50241	76.53728	76.51654	76.52050	76.47288	76.53103	76.47711	76.47929	76.51800
4/1/2025	1:17:22 PM	76.57809	76.50806	76.50755	76.58489	76.47983	76.50273	76.53737	76.51657	76.52075	76.47291	76.53038	76.47656	76.47892	76.51804
4/1/2025	1:17:26 PM	76.57839	76.50773	76.50724	76.58507	76.48001	76.50240	76.53731	76.51648	76.52071	76.47252	76.53029	76.47664	76.47887	76.51757
4/1/2025	1:17:29 PM	76.57841	76.50834	76.50735	76.58514	76.47991	76.50257	76.53690	76.51655	76.52081	76.47293	76.53077	76.47667	76.47901	76.51776
4/1/2025	1:17:33 PM	76.57853	76.50804	76.50738	76.58508	76.47996	76.50269	76.53746	76.51665	76.52119	76.47314	76.53073	76.47712	76.47933	76.51822
4/1/2025	1:17:36 PM	76.57833	76.50817	76.50722	76.58531	76.47984	76.50307	76.53735	76.51635	76.52081	76.47287	76.53043	76.47667	76.47885	76.51814
4/1/2025	1:17:40 PM	76.57858	76.50763	76.50771	76.58459	76.48010	76.50281	76.53725	76.51636	76.52104	76.47265	76.53072	76.47667	76.47893	76.51824
4/1/2025	1:17:44 PM	76.57849	76.50797	76.50762	76.58503	76.48017	76.50269	76.53735	76.51622	76.52099	76.47248	76.53030	76.47662	76.47918	76.51818
4/1/2025	1:17:47 PM	76.57831	76.50792	76.50781	76.58486	76.47983	76.50267	76.53711	76.51619	76.52042	76.47269	76.53063	76.47676	76.47887	76.51837
4/1/2025	1:17:51 PM	76.57872	76.50833	76.50780	76.58500	76.48011	76.50234	76.53742	76.51680	76.52084	76.47301	76.53064	76.47664	76.47937	76.51778
4/1/2025	1:17:54 PM	76.57837	76.50775	76.50775	76.58523	76.47995	76.50290	76.53739	76.51662	76.52092	76.47309	76.53100	76.47725	76.47884	76.51791
4/1/2025	1:17:58 PM	76.57843	76.50770	76.50726	76.58451	76.47988	76.50230	76.53684	76.51650	76.52059	76.47295	76.53054	76.47630	76.47865	76.51794
4/1/2025	1:18:02 PM	76.57863	76.50812	76.50801	76.58536	76.48016	76.50296	76.53701	76.51660	76.52108	76.47309	76.53070	76.47722	76.47936	76.51802
4/1/2025	1:18:05 PM	76.57858	76.50800	76.50726	76.58463	76.47996	76.50298	76.53761	76.51693	76.52090	76.47250	76.53083	76.47698	76.47952	76.51870
4/1/2025	1:18:09 PM	76.57851	76.50818	76.50794	76.58544	76.48048	76.50326	76.53774	76.51703	76.52141	76.47317	76.53111	76.47746	76.47950	76.51889
4/1/2025	1:18:12 PM	76.57893	76.50865	76.50840	76.58581	76.48107	76.50326	76.53775	76.51694	76.52117	76.47329	76.53079	76.47686	76.47908	76.51835
4/1/2025	1:18:16 PM	76.57871	76.50840	76.50791	76.58529	76.48040	76.50314	76.53749	76.51668	76.52127	76.47308	76.53120	76.47719	76.47918	76.51832
4/1/2025	1:18:19 PM	76.57864	76.50847	76.50808	76.58557	76.48052	76.50297	76.53774	76.51662	76.52121	76.47287	76.53089	76.47742	76.47947	76.51833
4/1/2025	1:18:23 PM	76.57900	76.50856	76.50796	76.58504	76.48003	76.50291	76.53767	76.51695	76.52124	76.47333	76.53104	76.47734	76.47950	76.51851
4/1/2025	1:18:27 PM	76.57893	76.50867	76.50826	76.58582	76.48052	76.50336	76.53766	76.51694	76.52118	76.47332	76.53114	76.47732	76.47970	76.51879
4/1/2025	1:18:30 PM	76.57903	76.50844	76.50842	76.58576	76.48097	76.50322	76.53781	76.51702	76.52177	76.47341	76.53125	76.47739	76.47970	76.51838
4/1/2025	1:18:34 PM	76.57887	76.50868	76.50807	76.58540	76.48035	76.50345	76.53792	76.51701	76.52102	76.47347	76.53133	76.47738	76.47983	76.51812
4/1/2025	1:18:37 PM	76.57911	76.50840	76.50832	76.58546	76.48068	76.50282	76.53781	76.51702	76.52149	76.47384	76.53121	76.47781	76.47957	76.51835
4/1/2025	1:18:41 PM	76.57901	76.50868	76.50795	76.58541	76.48046	76.50293	76.53821	76.51730	76.52143	76.47316	76.53100	76.47755	76.47971	76.51831
4/1/2025	1:18:45 PM	76.57927	76.50853	76.50808	76.58532	76.48023	76.50289	76.53771	76.51714	76.52180	76.47364	76.53158	76.47752	76.47937	76.51834
4/1/2025	1:18:48 PM	76.57875	76.50893	76.50817	76.58564	76.48058	76.50317	76.53778	76.51713	76.52128	76.47312	76.53090	76.47725	76.47895	76.51853
4/1/2025	1:18:52 PM	76.57898	76.50831	76.50807	76.58535	76.48052	76.50279	76.53741	76.51667	76.52105	76.47330	76.53107	76.47732	76.47997	76.51844
4/1/2025	1:18:55 PM	76.57877	76.50843	76.50813	76.58545	76.48030	76.50280	76.53769	76.51692	76.52121	76.47333	76.53098	76.47738	76.47956	76.51848
4/1/2025	1:18:59 PM	76.57898	76.50872	76.50827	76.58524	76.48024	76.50332	76.53781	76.51723	76.52138	76.47353	76.53164	76.47737	76.47957	76.51852
4/1/2025	1:19:03 PM	76.57913	76.50842	76.50839	76.58560	76.48077	76.50328	76.53772	76.51696	76.52146	76.47374	76.53142	76.47740	76.47970	76.51857
4/1/2025	1:19:06 PM	76.57904	76.50864	76.50797	76.58563	76.48044	76.50336	76.53814	76.51722	76.52119	76.47346	76.53111	76.47712	76.47922	76.51851
4/1/2025	1:19:10 PM	76.57885	76.50795	76.50842	76.58557	76.48060	76.50341	76.53798	76.51678	76.52113	76.47339	76.53115	76.47749	76.47958	76.51811
4/1/2025	1:19:13 PM	76.57911	76.50859	76.50841	76.58570	76.48056	76.50355	76.53777	76.51714	76.52134	76.47379	76.53150	76.47805	76.47979	76.51848
4/1/2025	1:19:17 PM	76.57905	76.50842	76.50809	76.58539	76.48042	76.50351	76.53811	76.51735	76.52181	76.47379	76.53094	76.47750	76.47960	76.51862
4/1/2025	1:19:21 PM	76.57907	76.50874	76.50851	76.58557	76.48095	76.50347	76.53784	76.51688	76.52140	76.47351	76.53156	76.47751	76.47965	76.51854
4/1/2025	1:19:24 PM	76.57908	76.50848	76.50828	76.58576	76.48064	76.50318	76.53765	76.51752	76.52189	76.47311	76.53156	76.47768	76.47972	76.51829
4/1/2025	1:19:28 PM	76.57907	76.50871	76.50836	76.58539	76.48060	76.50330	76.53773	76.51708	76.52121	76.47329	76.53143	76.47765	76.47945	76.51857
4/1/2025	1:19:31 PM	76.57924	76.50872	76.50843	76.58559	76.48068	76.50328	76.53785	76.51735	76.52137	76.47353	76.53155	76.47797	76.47969	76.51872
4/1/2025	1:19:35 PM	76.57920	76.50853	76.50809	76.58547	76.48043	76.50317	76.53748	76.51697	76.52123	76.47337	76.53110	76.47727	76.47944	76.51849
4/1/2025	1:19:39 PM	76.57893	76.50831	76.50837	76.58571	76.48048	76.50279	76.53783	76.51717	76.52158	76.47365	76.53123	76.47722	76.47995	76.51837
4/1/2025	1:19:42 PM	76.57898	76.50812	76.50804	76.58570	76.48080	76.50305	76.53751	76.51681	76.52124	76.47363	76.53106	76.47747	76.47953	76.51860
4/1/2025	1:19:46 PM	76.57896	76.50834	76.50829	76.58596	76.48063	76.50348	76.53790	76.51733	76.52141	76.47360	76.53112	76.47741	76.47933	76.51879
4/1/2025	1:19:49 PM	76.57920	76.50865	76.50843	76.58578	76.48061	76.50352	76.53803	76.51738	76.52150	76.47376	76.53129	76.47754	76.47925	76.51860
4/1/2025	1:19:53 PM	76.57941	76.50864	76.50907	76.58611	76.48118	76.50360	76.53832	76.51762	76.52156	76.47362	76.53159	76.47827	76.48002	76.51926
4/1/2025	1:19:57 PM	76.57927	76.50921	76.50840	76.58629	76.48111	76.50386	76.53886	76.51774	76.52182	76.47432	76.53141	76.47806	76.48006	76.51912
4/1/2025	1:20:00 PM	76.57988	76.50908	76.50887	76.58614	76.48117	76.50399	76.53840	76.51761	76.52186	76.47416	76.53159	76.47789	76.48014	76.51912
4/1/2025	1:20:04 PM	76.57932	76.50867	76.50878	76.58599	76.48097	76.50389	76.53820	76.51784	76.52217	76.47366	76.53206	76.47837	76.48034	76.51914
4/1/2025	1:20:07 PM	76.57968	76.50915	76.50926	76.58626	76.48124	76.50379	76.53802	76.51746	76.52178	76.47390	76.53170	76.47788	76.47997	76.51905
4/1/2025	1:20:11 PM	76.57915	76.50877	76.50873	76.58599	76.48096	76.50342	76.53848	76.51801	76.52219	76.47424	76.53183	76.47830	76.48008	76.51910
4/1/2025	1:20:15 PM	76.57965	76.50896	76.50897	76.58612	76.48115	76.50411	76.53862	76.51763	76.52152	76.47407	76.53194	76.47793	76.47984	76.51857
4/1/2025	1:20:18 PM	76.57942	76.50892	76.50867	76.58618	76.48102	76.50361	76.53838	76.51776	76.52215	76.47398	76.53167	76.47796	76.48021	76.51918
4/1/2025	1:20:22 PM	76.57958	76.50917	76.50854	76.58579	76.48101	76.50360	76.53841	76.51761	76.52180	76.47395	76.53170	76.47803	76.47993	76.51905
4/1/2025	1:20:25 PM	76.57940	76.50896	76.50858	76.58585	76.48086	76.50381	76.53830	76.51716	76.52165	76.47378	76.53175	76.47789	76.47982	76.51898
4/1/2025	1:20:29 PM	76.57952	76.50908	76.50891	76.58593	76.48091	76.50369	76.53805	76.51757	76.52198	76.47422	76.53148	76.47831	76.48030	76.51935
4/1/2025	1:20:32 PM	76.57951	76.50912	76.50850	76.58607	76.48118	76.50375	76.53853	76.51814	76.52202	76.47415	76.53201	76.47815	76.48021	76.51900
4/1/2025	1:20:36 PM	76.57955	76.50908	76.50850	76.58642	76.48094	76.50388	76.53865	76.51796	76.52230	76.47416	76.53197	76.47832	76.48002	76.51902
4/1/2025	1:20:40 PM	76.57938	76.50901	76.50926	76.58599	76.48130	76.50372	76.53862	76.51788	76.52245	76.47446	76.53176	76.47823	76.48028	76.51932
4/1/2025	1:20:43 PM	76.57981	76.50923	76.50906	76.58636	76.48151	76.50414	76.53869	76.51820	76.52253	76.47443	76.53202	76.47851	76.48092	76.51952
4/1/2025	1:20:47 PM	76.58023	76.50972	76.50929	76.58638	76.48162	76.50470	76.53850	76.51776	76.52233	76.47442	76.53179	76.47794	76.48040	76.51917
4/1/2025	1:20:50 PM	76.57952	76.50930	76.50885	76.58605	76.48125	76.50417	76.53848	76.51806	76.52226	76.47427	76.53186	76.47828	76.48045	76.51868
4/1/2025	1:20:54 PM	76.57971	76.50946	76.50898	76.58624	76.48158	76.50415	76.53865	76.51832	76.52276	76.47444	76.53205	76.47883	76.48063	76.51937
4/1/2025	1:20:58 PM	76.57936	76.50934	76.50886	76.58632	76.48115	76.50418	76.53883	76.51796	76.52230	76.47463	76.53202	76.47794	76.48044	76.51940
4/1/2025	1:21:01 PM	76.57980	76.50924	76.50947	76.58628	76.48147	76.50387	76.53905	76.51792	76.52172	76.47423	76.53225	76.47825	76.48061	76.51943
4/1/2025	1:21:05 PM	76.58000	76.50945	76.50901	76.58603	76.48108	76.50404	76.53835	76.51761	76.52167	76.47363	76.53186	76.47763	76.48014	76.51934
4/1/2025	1:21:08 PM	76.57951	76.50914	76.50866	76.58576	76.48134	76.50400	76.53871	76.51743	76.52223	76.47435	76.53181	76.47826	76.48042	76.51907
4/1/2025	1:21:12 PM	76.57954	76.50899	76.50914	76.58640	76.48117	76.50437	76.53903	76.51816	76.52206	76.47424	76.53209	76.47853	76.48036	76.51955
4/1/2025	1:21:15 PM	76.57991	76.50893	76.50884	76.58597	76.48120	76.50425	76.53873	76.51796	76.52232	76.47443	76.53210	76.47841	76.48038	76.51924
4/1/2025	1:21:19 PM	76.57954	76.50913	76.50902	76.58621	76.48112	76.50379	76.53856	76.51791	76.52220	76.47422	76.53194	76.47812	76.48023	76.51946
4/1/2025	1:21:23 PM	76.58002	76.50938	76.50935	76.58614	76.48114	76.50422	76.53871	76.51793	76.52199	76.47422	76.53226	76.47843	76.48044	76.51970
4/1/2025	1:21:26 PM	76.57975	76.50898	76.50926	76.58674	76.48161	76.50435	76.53885	76.51798	76.52219	76.47471	76.53201	76.47836	76.48069	76.51946
4/1/2025	1:21:30 PM	76.58018	76.50950	76.50939	76.58630	76.48178	76.50427	76.53877	76.51781	76.52220	76.47415	76.53219	76.47859	76.48041	76.51923
4/1/2025	1:21:33 PM	76.57997	76.50907	76.50936	76.58654	76.48145	76.50399	76.53884	76.51826	76.52216	76.47444	76.53245	76.47880	76.48071	76.51943
4/1/2025	1:21:37 PM	76.57982	76.50972	76.50962	76.58677	76.48167	76.50437	76.53907	76.51815	76.52211	76.47455	76.53233	76.47862	76.47992	76.51976
4/1/2025	1:21:41 PM	76.58031	76.50930	76.50945	76.58645	76.48136	76.50437	76.53916	76.51815	76.52223	76.47413	76.53203	76.47814	76.48038	76.51939
4/1/2025	1:21:44 PM	76.57969	76.50945	76.50948	76.58693	76.48204	76.50465	76.53860	76.51842	76.52224	76.47443	76.53213	76.47826	76.48045	76.51926
4/1/2025	1:21:48 PM	76.57972	76.50971	76.50930	76.58660	76.48159	76.50440	76.53874	76.51818	76.52282	76.47461	76.53244	76.47875	76.48112	76.51974
4/1/2025	1:21:51 PM	76.57984	76.50993	76.50966	76.58662	76.48185	76.50441	76.53927	76.51880	76.52292	76.47476	76.53246	76.47897	76.48125	76.51997
4/1/2025	1:21:55 PM	76.58043	76.50983	76.50956	76.58666	76.48180	76.50462	76.53898	76.51852	76.52279	76.47476	76.53217	76.47875	76.48093	76.52003
4/1/2025	1:21:58 PM	76.58055	76.50975	76.50958	76.58690	76.48194	76.50443	76.53904	76.51817	76.52262	76.47439	76.53192	76.47840	76.48035	76.51928
4/1/2025	1:22:02 PM	76.57977	76.50932	76.50941	76.58675	76.48174	76.50449	76.53916	76.51844	76.52266	76.47445	76.53252	76.47882	76.48066	76.51984
4/1/2025	1:22:05 PM	76.57995	76.50948	76.50979	76.58690	76.48201	76.50469	76.53928	76.51868	76.52282	76.47451	76.53247	76.47916	76.48085	76.51985
4/1/2025	1:22:09 PM	76.58034	76.51013	76.50947	76.58694	76.48240	76.50501	76.53968	76.51870	76.52306	76.47496	76.53230	76.47911	76.48059	76.51953
4/1/2025	1:22:13 PM	76.57997	76.50968	76.50949	76.58663	76.48170	76.50466	76.53935	76.51858	76.52288	76.47506	76.53250	76.47885	76.48076	76.51957
4/1/2025	1:22:16 PM	76.58028	76.50950	76.50929	76.58677	76.48197	76.50473	76.53914	76.51862	76.52256	76.47455	76.53220	76.47876	76.48059	76.51979
4/1/2025	1:22:20 PM	76.58025	76.50965	76.50998	76.58703	76.48218	76.50506	76.53926	76.51859	76.52267	76.47488	76.53265	76.47859	76.48061	76.51998
4/1/2025	1:22:23 PM	76.58026	76.50960	76.50964	76.58701	76.48231	76.50503	76.53908	76.51832	76.52250	76.47490	76.53279	76.47908	76.48112	76.51961
4/1/2025	1:22:27 PM	76.58054	76.51012	76.51010	76.58716	76.48195	76.50479	76.53967	76.51849	76.52297	76.47485	76.53254	76.47900	76.48115	76.51987
4/1/2025	1:22:31 PM	76.58049	76.51010	76.51000	76.58723	76.48179	76.50508	76.53953	76.51889	76.52273	76.47522	76.53279	76.47946	76.48125	76.51973
4/1/2025	1:22:34 PM	76.58036	76.51021	76.50995	76.58668	76.48179	76.50473	76.53965	76.51839	76.52309	76.47515	76.53247	76.47907	76.48082	76.51995
4/1/2025	1:22:38 PM	76.58037	76.50972	76.50983	76.58688	76.48212	76.50522	76.53967	76.51853	76.52262	76.47494	76.53268	76.47895	76.48087	76.51991
4/1/2025	1:22:41 PM	76.58044	76.50970	76.50965	76.58739	76.48183	76.50484	76.53971	76.51928	76.52305	76.47503	76.53320	76.47927	76.48080	76.51987
4/1/2025	1:22:45 PM	76.58064	76.51056	76.51042	76.58767	76.48255	76.50525	76.54015	76.51912	76.52314	76.47530	76.53268	76.47898	76.48091	76.52016
4/1/2025	1:22:48 PM	76.58025	76.51030	76.50986	76.58710	76.48198	76.50496	76.53972	76.51895	76.52319	76.47501	76.53250	76.47898	76.48106	76.51990
4/1/2025	1:22:52 PM	76.58047	76.50965	76.50984	76.58695	76.48189	76.50500	76.53949	76.51854	76.52311	76.47498	76.53289	76.47884	76.48080	76.51970
4/1/2025	1:22:55 PM	76.58022	76.51004	76.50986	76.58723	76.48198	76.50491	76.53959	76.51921	76.52330	76.47477	76.53308	76.47917	76.48097	76.51995
4/1/2025	1:22:59 PM	76.58089	76.51017	76.51035	76.58747	76.48268	76.50508	76.54017	76.51961	76.52390	76.47552	76.53294	76.47911	76.48115	76.51989
4/1/2025	1:23:03 PM	76.58122	76.51042	76.51026	76.58772	76.48279	76.50528	76.54007	76.51935	76.52360	76.47552	76.53324	76.47939	76.48167	76.52037
4/1/2025	1:23:06 PM	76.58106	76.51062	76.51014	76.58782	76.48294	76.50520	76.54030	76.51962	76.52361	76.47551	76.53330	76.47932	76.48156	76.52061
4/1/2025	1:23:10 PM	76.58087	76.51038	76.51042	76.58783	76.48288	76.50555	76.54021	76.51916	76.52333	76.47581	76.53370	76.47970	76.48115	76.52027
4/1/2025	1:23:13 PM	76.58076	76.51058	76.51033	76.58749	76.48245	76.50515	76.53994	76.51918	76.52349	76.47543	76.53297	76.47927	76.48166	76.52038
4/1/2025	1:23:17 PM	76.58103	76.51023	76.51045	76.58748	76.48292	76.50547	76.53971	76.51905	76.52355	76.47535	76.53295	76.47960	76.48129	76.52016
4/1/2025	1:23:21 PM	76.58053	76.51011	76.51002	76.58760	76.48239	76.50490	76.53961	76.51870	76.52296	76.47509	76.53307	76.47890	76.48088	76.51971
4/1/2025	1:23:24 PM	76.58044	76.50969	76.51011	76.58684	76.48255	76.50535	76.53955	76.51880	76.52339	76.47499	76.53283	76.47906	76.48101	76.52006
4/1/2025	1:23:28 PM	76.58058	76.51012	76.51010	76.58692	76.48217	76.50504	76.53975	76.51907	76.52335	76.47520	76.53334	76.47917	76.48134	76.51977
4/1/2025	1:23:31 PM	76.58056	76.51002	76.51013	76.58729	76.48268	76.50544	76.53978	76.51917	76.52328	76.47536	76.53334	76.47932	76.48112	76.52025
4/1/2025	1:23:35 PM	76.58101	76.51054	76.51032	76.58796	76.48297	76.50554	76.54030	76.51909	76.52358	76.47553	76.53305	76.47980	76.48147	76.52004
4/1/2025	1:23:39 PM	76.58082	76.51013	76.51029	76.58718	76.48260	76.50492	76.54021	76.51932	76.52350	76.47562	76.53314	76.47936	76.48141	76.52036
4/1/2025	1:23:42 PM	76.58086	76.51076	76.51059	76.58766	76.48250	76.50581	76.53997	76.51907	76.52313	76.47539	76.53316	76.47967	76.48115	76.52050
4/1/2025	1:23:46 PM	76.58085	76.50988	76.51044	76.58754	76.48267	76.50540	76.53988	76.51905	76.52343	76.47585	76.53289	76.47960	76.48123	76.52009
4/1/2025	1:23:49 PM	76.58064	76.51055	76.51048	76.58754	76.48233	76.50531	76.53998	76.51952	76.52321	76.47547	76.53327	76.47971	76.48136	76.52051
4/1/2025	1:23:53 PM	76.58075	76.51052	76.51060	76.58735	76.48233	76.50565	76.53981	76.51905	76.52348	76.47538	76.53332	76.47969	76.48148	76.52033
4/1/2025	1:23:56 PM	76.58091	76.51043	76.51050	76.58753	76.48263	76.50576	76.53999	76.51908	76.52386	76.47529	76.53325	76.47953	76.48137	76.52058
4/1/2025	1:24:00 PM	76.58080	76.51030	76.51067	76.58774	76.48245	76.50570	76.54052	76.51956	76.52402	76.47597	76.53333	76.47966	76.48176	76.52088
4/1/2025	1:24:04 PM	76.58114	76.51053	76.51057	76.58761	76.48248	76.50582	76.54036	76.51943	76.52336	76.47586	76.53352	76.47983	76.48141	76.52062
4/1/2025	1:24:07 PM	76.58106	76.51039	76.51028	76.58755	76.48258	76.50576	76.54009	76.51938	76.52327	76.47520	76.53296	76.47895	76.48113	76.52017
4/1/2025	1:24:11 PM	76.58058	76.51019	76.51008	76.58735	76.48260	76.50521	76.53968	76.51921	76.52307	76.47508	76.53275	76.47921	76.48131	76.52012
4/1/2025	1:24:14 PM	76.58049	76.50995	76.51019	76.58721	76.48262	76.50499	76.54004	76.51926	76.52327	76.47509	76.53337	76.47975	76.48167	76.52022
4/1/2025	1:24:18 PM	76.58072	76.51019	76.51013	76.58730	76.48276	76.50511	76.53980	76.51913	76.52316	76.47553	76.53362	76.47973	76.48143	76.52011
4/1/2025	1:24:22 PM	76.58085	76.51020	76.51032	76.58732	76.48296	76.50558	76.54002	76.51914	76.52349	76.47563	76.53339	76.47931	76.48144	76.52043
4/1/2025	1:24:25 PM	76.58111	76.51051	76.51029	76.58738	76.48244	76.50543	76.53991	76.51926	76.52316	76.47526	76.53321	76.47939	76.48103	76.52009
4/1/2025	1:24:29 PM	76.58082	76.50981	76.51007	76.58744	76.48276	76.50518	76.54029	76.51923	76.52332	76.47574	76.53374	76.47972	76.48155	76.52103
4/1/2025	1:24:32 PM	76.58114	76.51077	76.51046	76.58821	76.48308	76.50591	76.53985	76.51930	76.52320	76.47562	76.53327	76.47936	76.48103	76.52026
4/1/2025	1:24:36 PM	76.58123	76.51066	76.51078	76.58799	76.48290	76.50608	76.54051	76.51960	76.52379	76.47618	76.53363	76.47981	76.48172	76.52061
4/1/2025	1:24:39 PM	76.58137	76.51029	76.51085	76.58808	76.48307	76.50598	76.54024	76.51976	76.52363	76.47585	76.53361	76.47986	76.48168	76.52075
4/1/2025	1:24:43 PM	76.58136	76.51051	76.51044	76.58776	76.48313	76.50608	76.54014	76.51996	76.52401	76.47597	76.53348	76.47986	76.48181	76.52078
4/1/2025	1:24:47 PM	76.58127	76.51075	76.51075	76.58815	76.48304	76.50581	76.54017	76.51936	76.52380	76.47587	76.53300	76.47975	76.48181	76.52073
4/1/2025	1:24:50 PM	76.58134	76.51015	76.51087	76.58754	76.48275	76.50567	76.54040	76.51956	76.52376	76.47566	76.53369	76.48006	76.48142	76.52071
4/1/2025	1:24:54 PM	76.58118	76.51028	76.51072	76.58771	76.48291	76.50592	76.54047	76.51940	76.52358	76.47576	76.53348	76.47975	76.48159	76.52042
4/1/2025	1:24:57 PM	76.58119	76.51062	76.51065	76.58751	76.48267	76.50570	76.54002	76.51954	76.52345	76.47554	76.53319	76.48009	76.48122	76.52059
4/1/2025	1:25:01 PM	76.58082	76.51041	76.51043	76.58777	76.48301	76.50586	76.54060	76.51930	76.52383	76.47591	76.53304	76.47940	76.48141	76.52031
4/1/2025	1:25:05 PM	76.58074	76.51040	76.51053	76.58759	76.48290	76.50574	76.54034	76.51956	76.52365	76.47542	76.53364	76.47988	76.48121	76.52041
4/1/2025	1:25:08 PM	76.58097	76.51013	76.51042	76.58810	76.48307	76.50564	76.54013	76.51963	76.52370	76.47578	76.53314	76.47940	76.48106	76.52041
4/1/2025	1:25:12 PM	76.58130	76.51041	76.51057	76.58740	76.48297	76.50549	76.54017	76.51982	76.52332	76.47571	76.53330	76.47969	76.48129	76.52069
4/1/2025	1:25:15 PM	76.58167	76.51060	76.51075	76.58780	76.48311	76.50588	76.54035	76.51967	76.52416	76.47627	76.53347	76.47974	76.48156	76.52086
4/1/2025	1:25:19 PM	76.58098	76.51059	76.51098	76.58836	76.48305	76.50601	76.54078	76.52002	76.52435	76.47627	76.53379	76.48009	76.48174	76.52081
4/1/2025	1:25:22 PM	76.58129	76.51075	76.51104	76.58786	76.48273	76.50615	76.54028	76.52002	76.52426	76.47624	76.53376	76.48010	76.48163	76.52087
4/1/2025	1:25:26 PM	76.58170	76.51063	76.51074	76.58794	76.48321	76.50570	76.54031	76.51929	76.52369	76.47569	76.53347	76.47993	76.48148	76.52058
4/1/2025	1:25:30 PM	76.58091	76.51075	76.51048	76.58772	76.48321	76.50605	76.54048	76.51996	76.52393	76.47576	76.53351	76.47978	76.48120	76.52020
4/1/2025	1:25:33 PM	76.58102	76.51027	76.51038	76.58767	76.48309	76.50546	76.54023	76.51958	76.52321	76.47554	76.53378	76.47958	76.48136	76.52040
4/1/2025	1:25:37 PM	76.58122	76.51024	76.51039	76.58793	76.48276	76.50543	76.54039	76.51957	76.52350	76.47547	76.53358	76.47970	76.48093	76.52054
4/1/2025	1:25:40 PM	76.58081	76.51078	76.51065	76.58782	76.48277	76.50561	76.54076	76.51993	76.52414	76.47603	76.53359	76.48027	76.48174	76.52059
4/1/2025	1:25:44 PM	76.58148	76.51090	76.51120	76.58832	76.48364	76.50589	76.54070	76.51999	76.52474	76.47653	76.53397	76.48043	76.48199	76.52086
4/1/2025	1:25:47 PM	76.58155	76.51087	76.51089	76.58856	76.48363	76.50608	76.54091	76.51994	76.52423	76.47586	76.53403	76.48060	76.48201	76.52174
4/1/2025	1:25:51 PM	76.58202	76.51119	76.51156	76.58858	76.48393	76.50676	76.54119	76.52066	76.52443	76.47645	76.53428	76.48037	76.48200	76.52157
4/1/2025	1:25:55 PM	76.58209	76.51132	76.51174	76.58879	76.48391	76.50679	76.54142	76.52057	76.52473	76.47675	76.53491	76.48078	76.48267	76.52109
4/1/2025	1:25:58 PM	76.58189	76.51150	76.51159	76.58884	76.48433	76.50660	76.54063	76.52003	76.52451	76.47675	76.53426	76.48067	76.48210	76.52131
4/1/2025	1:26:02 PM	76.58203	76.51125	76.51113	76.58841	76.48385	76.50679	76.54107	76.52076	76.52465	76.47702	76.53467	76.48096	76.48251	76.52187
4/1/2025	1:26:05 PM	76.58201	76.51152	76.51160	76.58885	76.48406	76.50642	76.54116	76.52052	76.52470	76.47702	76.53466	76.47998	76.48169	76.52155
4/1/2025	1:26:09 PM	76.58214	76.51118	76.51160	76.58869	76.48375	76.50679	76.54141	76.52048	76.52435	76.47650	76.53473	76.48059	76.48238	76.52100
4/1/2025	1:26:13 PM	76.58235	76.51175	76.51187	76.58874	76.48385	76.50663	76.54095	76.52071	76.52458	76.47653	76.53427	76.48024	76.48246	76.52136
4/1/2025	1:26:16 PM	76.58201	76.51177	76.51162	76.58880	76.48454	76.50685	76.54144	76.52083	76.52482	76.47686	76.53451	76.48058	76.48237	76.52116
4/1/2025	1:26:20 PM	76.58207	76.51162	76.51135	76.58925	76.48389	76.50689	76.54111	76.52010	76.52450	76.47696	76.53426	76.48043	76.48184	76.52100
4/1/2025	1:26:23 PM	76.58173	76.51129	76.51155	76.58814	76.48370	76.50631	76.54086	76.52038	76.52444	76.47632	76.53420	76.48025	76.48180	76.52125
4/1/2025	1:26:27 PM	76.58163	76.51110	76.51128	76.58836	76.48412	76.50661	76.54092	76.52090	76.52439	76.47659	76.53376	76.48052	76.48184	76.52095
4/1/2025	1:26:30 PM	76.58151	76.51112	76.51082	76.58805	76.48352	76.50591	76.54096	76.52050	76.52432	76.47656	76.53375	76.47994	76.48129	76.52065
4/1/2025	1:26:34 PM	76.58142	76.51082	76.51103	76.58792	76.48309	76.50600	76.54041	76.51979	76.52419	76.47629	76.53382	76.48012	76.48152	76.52098
4/1/2025	1:26:38 PM	76.58158	76.51103	76.51102	76.58821	76.48342	76.50625	76.54092	76.52029	76.52455	76.47692	76.53373	76.48028	76.48165	76.52141
4/1/2025	1:26:41 PM	76.58178	76.51114	76.51129	76.58848	76.48354	76.50619	76.54066	76.52045	76.52426	76.47652	76.53418	76.48062	76.48181	76.52102
4/1/2025	1:26:45 PM	76.58166	76.51123	76.51113	76.58813	76.48371	76.50669	76.54103	76.52048	76.52477	76.47695	76.53433	76.48059	76.48190	76.52142
4/1/2025	1:26:48 PM	76.58193	76.51158	76.51147	76.58895	76.48365	76.50665	76.54173	76.52090	76.52496	76.47656	76.53437	76.48016	76.48214	76.52102
4/1/2025	1:26:52 PM	76.58225	76.51166	76.51205	76.58853	76.48433	76.50657	76.54158	76.52052	76.52503	76.47723	76.53457	76.48119	76.48233	76.52134
4/1/2025	1:26:56 PM	76.58203	76.51130	76.51163	76.58872	76.48406	76.50682	76.54163	76.52068	76.52496	76.47701	76.53410	76.48067	76.48179	76.52138
4/1/2025	1:26:59 PM	76.58233	76.51189	76.51131	76.58884	76.48408	76.50663	76.54125	76.52107	76.52502	76.47668	76.53461	76.48056	76.48193	76.52159
4/1/2025	1:27:03 PM	76.58212	76.51169	76.51138	76.58873	76.48411	76.50680	76.54116	76.52076	76.52492	76.47701	76.53464	76.48064	76.48185	76.52116
4/1/2025	1:27:06 PM	76.58194	76.51081	76.51144	76.58878	76.48446	76.50653	76.54127	76.52057	76.52462	76.47655	76.53452	76.48073	76.48188	76.52116
4/1/2025	1:27:10 PM	76.58177	76.51098	76.51149	76.58876	76.48387	76.50628	76.54126	76.52082	76.52507	76.47684	76.53450	76.48049	76.48177	76.52115
4/1/2025	1:27:14 PM	76.58163	76.51090	76.51103	76.58819	76.48339	76.50630	76.54088	76.52037	76.52444	76.47678	76.53424	76.48064	76.48207	76.52104
4/1/2025	1:27:17 PM	76.58195	76.51119	76.51152	76.58894	76.48410	76.50626	76.54086	76.52051	76.52452	76.47669	76.53406	76.48052	76.48198	76.52073
4/1/2025	1:27:21 PM	76.58195	76.51129	76.51097	76.58826	76.48344	76.50665	76.54084	76.52042	76.52488	76.47666	76.53424	76.48036	76.48180	76.52090
4/1/2025	1:27:24 PM	76.58165	76.51124	76.51122	76.58882	76.48426	76.50609	76.54161	76.52120	76.52517	76.47677	76.53435	76.48054	76.48176	76.52104
4/1/2025	1:27:28 PM	76.58177	76.51110	76.51128	76.58853	76.48393	76.50645	76.54124	76.52055	76.52435	76.47646	76.53430	76.48042	76.48183	76.52106
4/1/2025	1:27:32 PM	76.58168	76.51134	76.51108	76.58872	76.48388	76.50654	76.54126	76.52043	76.52424	76.47669	76.53437	76.48026	76.48146	76.52082
4/1/2025	1:27:35 PM	76.58166	76.51113	76.51172	76.58900	76.48420	76.50697	76.54122	76.52106	76.52507	76.47710	76.53462	76.48043	76.48173	76.52088
4/1/2025	1:27:39 PM	76.58171	76.51099	76.51109	76.58865	76.48354	76.50641	76.54121	76.52067	76.52449	76.47656	76.53388	76.48032	76.48209	76.52130
4/1/2025	1:27:42 PM	76.58171	76.51138	76.51141	76.58841	76.48370	76.50618	76.54116	76.52000	76.52466	76.47658	76.53426	76.48050	76.48201	76.52112
4/1/2025	1:27:46 PM	76.58200	76.51162	76.51148	76.58841	76.48375	76.50677	76.54126	76.52049	76.52445	76.47653	76.53427	76.48059	76.48178	76.52095
4/1/2025	1:27:49 PM	76.58146	76.51115	76.51100	76.58840	76.48383	76.50682	76.54152	76.52076	76.52498	76.47688	76.53434	76.48049	76.48200	76.52133
4/1/2025	1:27:53 PM	76.58183	76.51146	76.51150	76.58894	76.48442	76.50742	76.54161	76.52129	76.52487	76.47710	76.53491	76.48092	76.48226	76.52120
4/1/2025	1:27:57 PM	76.58172	76.51163	76.51184	76.58895	76.48402	76.50682	76.54127	76.52120	76.52530	76.47694	76.53434	76.48100	76.48220	76.52143
4/1/2025	1:28:00 PM	76.58193	76.51142	76.51165	76.58859	76.48398	76.50659	76.54130	76.52090	76.52531	76.47711	76.53476	76.48064	76.48233	76.52128
4/1/2025	1:28:04 PM	76.58226	76.51156	76.51170	76.58910	76.48427	76.50717	76.54181	76.52118	76.52545	76.47758	76.53464	76.48117	76.48244	76.52200
4/1/2025	1:28:07 PM	76.58271	76.51175	76.51239	76.58961	76.48470	76.50722	76.54178	76.52137	76.52532	76.47728	76.53482	76.48082	76.48227	76.52183
4/1/2025	1:28:11 PM	76.58273	76.51190	76.51202	76.58924	76.48458	76.50677	76.54134	76.52074	76.52547	76.47712	76.53463	76.48090	76.48206	76.52158
4/1/2025	1:28:14 PM	76.58268	76.51184	76.51201	76.58939	76.48465	76.50734	76.54149	76.52100	76.52548	76.47730	76.53455	76.48109	76.48259	76.52155
4/1/2025	1:28:18 PM	76.58255	76.51213	76.51171	76.58909	76.48468	76.50720	76.54173	76.52140	76.52545	76.47761	76.53512	76.48106	76.48246	76.52131
4/1/2025	1:28:22 PM	76.58268	76.51247	76.51198	76.58895	76.48451	76.50729	76.54192	76.52160	76.52550	76.47725	76.53483	76.48153	76.48233	76.52181
4/1/2025	1:28:25 PM	76.58230	76.51159	76.51180	76.58919	76.48493	76.50739	76.54202	76.52157	76.52522	76.47721	76.53474	76.48148	76.48243	76.52161
4/1/2025	1:28:29 PM	76.58242	76.51159	76.51180	76.58896	76.48433	76.50706	76.54206	76.52124	76.52555	76.47748	76.53490	76.48100	76.48237	76.52175
4/1/2025	1:28:32 PM	76.58291	76.51188	76.51236	76.58948	76.48480	76.50807	76.54228	76.52187	76.52628	76.47788	76.53523	76.48139	76.48308	76.52226
4/1/2025	1:28:36 PM	76.58300	76.51225	76.51243	76.58986	76.48463	76.50790	76.54228	76.52182	76.52587	76.47815	76.53536	76.48175	76.48291	76.52207
4/1/2025	1:28:40 PM	76.58282	76.51220	76.51209	76.58924	76.48441	76.50724	76.54192	76.52152	76.52583	76.47795	76.53515	76.48140	76.48264	76.52180
4/1/2025	1:28:43 PM	76.58244	76.51208	76.51208	76.58924	76.48451	76.50720	76.54169	76.52110	76.52560	76.47723	76.53500	76.48081	76.48271	76.52175
4/1/2025	1:28:47 PM	76.58234	76.51186	76.51206	76.58927	76.48492	76.50768	76.54211	76.52161	76.52558	76.47729	76.53474	76.48125	76.48246	76.52139
4/1/2025	1:28:50 PM	76.58257	76.51165	76.51180	76.58944	76.48445	76.50719	76.54173	76.52134	76.52571	76.47723	76.53494	76.48119	76.48228	76.52145
4/1/2025	1:28:54 PM	76.58236	76.51154	76.51153	76.58894	76.48450	76.50681	76.54185	76.52121	76.52510	76.47728	76.53498	76.48103	76.48232	76.52140
4/1/2025	1:28:57 PM	76.58253	76.51195	76.51217	76.58956	76.48475	76.50705	76.54207	76.52153	76.52586	76.47731	76.53487	76.48115	76.48238	76.52132
4/1/2025	1:29:01 PM	76.58255	76.51243	76.51200	76.58924	76.48507	76.50738	76.54193	76.52150	76.52526	76.47713	76.53509	76.48082	76.48226	76.52109
4/1/2025	1:29:05 PM	76.58254	76.51162	76.51173	76.58875	76.48482	76.50667	76.54180	76.52140	76.52560	76.47745	76.53480	76.48173	76.48256	76.52157
4/1/2025	1:29:08 PM	76.58276	76.51219	76.51207	76.58904	76.48449	76.50719	76.54159	76.52146	76.52542	76.47748	76.53490	76.48132	76.48231	76.52154
4/1/2025	1:29:12 PM	76.58259	76.51221	76.51204	76.58953	76.48454	76.50729	76.54176	76.52153	76.52566	76.47749	76.53511	76.48175	76.48262	76.52186
4/1/2025	1:29:15 PM	76.58267	76.51218	76.51225	76.58905	76.48446	76.50737	76.54187	76.52165	76.52561	76.47746	76.53500	76.48111	76.48208	76.52132
4/1/2025	1:29:19 PM	76.58262	76.51199	76.51230	76.58951	76.48493	76.50776	76.54206	76.52154	76.52525	76.47744	76.53483	76.48096	76.48222	76.52165
4/1/2025	1:29:23 PM	76.58271	76.51182	76.51220	76.58918	76.48499	76.50738	76.54181	76.52136	76.52531	76.47706	76.53478	76.48112	76.48238	76.52146
4/1/2025	1:29:26 PM	76.58264	76.51175	76.51210	76.58929	76.48456	76.50742	76.54185	76.52159	76.52535	76.47749	76.53480	76.48106	76.48213	76.52127
4/1/2025	1:29:30 PM	76.58250	76.51186	76.51183	76.58914	76.48490	76.50773	76.54170	76.52203	76.52535	76.47738	76.53480	76.48122	76.48283	76.52162
4/1/2025	1:29:33 PM	76.58250	76.51251	76.51194	76.58909	76.48492	76.50778	76.54167	76.52165	76.52550	76.47725	76.53495	76.48167	76.48222	76.52149
4/1/2025	1:29:37 PM	76.58270	76.51204	76.51211	76.58931	76.48540	76.50754	76.54184	76.52145	76.52611	76.47769	76.53508	76.48145	76.48250	76.52204
4/1/2025	1:29:41 PM	76.58305	76.51269	76.51291	76.59002	76.48572	76.50768	76.54253	76.52214	76.52604	76.47819	76.53570	76.48187	76.48335	76.52233
4/1/2025	1:29:44 PM	76.58319	76.51227	76.51283	76.58976	76.48543	76.50815	76.54318	76.52206	76.52576	76.47816	76.53555	76.48194	76.48325	76.52244
4/1/2025	1:29:48 PM	76.58337	76.51303	76.51321	76.59016	76.48554	76.50804	76.54231	76.52167	76.52591	76.47789	76.53496	76.48178	76.48262	76.52134
4/1/2025	1:29:51 PM	76.58263	76.51236	76.51230	76.58986	76.48533	76.50790	76.54294	76.52216	76.52602	76.47784	76.53531	76.48158	76.48301	76.52204
4/1/2025	1:29:55 PM	76.58307	76.51271	76.51278	76.58994	76.48525	76.50807	76.54279	76.52242	76.52616	76.47783	76.53508	76.48153	76.48281	76.52200
4/1/2025	1:29:59 PM	76.58320	76.51267	76.51270	76.58977	76.48559	76.50786	76.54291	76.52246	76.52576	76.47787	76.53541	76.48144	76.48258	76.52164
4/1/2025	1:30:02 PM	76.58323	76.51256	76.51241	76.58950	76.48519	76.50793	76.54279	76.52175	76.52599	76.47787	76.53517	76.48143	76.48270	76.52155
4/1/2025	1:30:06 PM	76.58247	76.51220	76.51219	76.58987	76.48554	76.50803	76.54278	76.52195	76.52562	76.47765	76.53543	76.48132	76.48265	76.52170
4/1/2025	1:30:09 PM	76.58314	76.51245	76.51222	76.58923	76.48507	76.50781	76.54208	76.52146	76.52536	76.47681	76.53439	76.48106	76.48254	76.52135
4/1/2025	1:30:13 PM	76.58263	76.51259	76.51197	76.58936	76.48518	76.50757	76.54229	76.52161	76.52549	76.47754	76.53531	76.48165	76.48268	76.52174
4/1/2025	1:30:16 PM	76.58263	76.51173	76.51211	76.58939	76.48471	76.50757	76.54207	76.52184	76.52571	76.47735	76.53484	76.48110	76.48243	76.52163
4/1/2025	1:30:20 PM	76.58230	76.51180	76.51177	76.58935	76.48454	76.50739	76.54210	76.52158	76.52595	76.47756	76.53494	76.48152	76.48281	76.52145
4/1/2025	1:30:24 PM	76.58250	76.51212	76.51247	76.58893	76.48516	76.50735	76.54171	76.52250	76.52523	76.47756	76.53478	76.48088	76.48176	76.52118
4/1/2025	1:30:27 PM	76.58215	76.51152	76.51179	76.58917	76.48445	76.50726	76.54196	76.52169	76.52562	76.47756	76.53394	76.48112	76.48187	76.52125
4/1/2025	1:30:31 PM	76.58239	76.51198	76.51198	76.58885	76.48512	76.50744	76.54223	76.52178	76.52570	76.47780	76.53474	76.48116	76.48221	76.52077
4/1/2025	1:30:34 PM	76.58311	76.51230	76.51160	76.58946	76.48484	76.50718	76.54274	76.52136	76.52538	76.47799	76.53520	76.48109	76.48292	76.52161
4/1/2025	1:30:38 PM	76.58273	76.51203	76.51245	76.58962	76.48466	76.50768	76.54239	76.52167	76.52602	76.47780	76.53516	76.48162	76.48315	76.52158
4/1/2025	1:30:41 PM	76.58282	76.51236	76.51231	76.58951	76.48454	76.50710	76.54263	76.52180	76.52622	76.47770	76.53492	76.48151	76.48274	76.52176
4/1/2025	1:30:45 PM	76.58301	76.51245	76.51249	76.58948	76.48525	76.50765	76.54251	76.52237	76.52596	76.47788	76.53523	76.48178	76.48282	76.52149
4/1/2025	1:30:49 PM	76.58303	76.51214	76.51219	76.58936	76.48492	76.50752	76.54234	76.52210	76.52608	76.47802	76.53560	76.48156	76.48259	76.52148
4/1/2025	1:30:52 PM	76.58289	76.51217	76.51202	76.58912	76.48498	76.50733	76.54215	76.52162	76.52546	76.47783	76.53536	76.48153	76.48263	76.52152
4/1/2025	1:30:56 PM	76.58285	76.51231	76.51257	76.58982	76.48519	76.50806	76.54289	76.52249	76.52639	76.47821	76.53550	76.48163	76.48312	76.52142
4/1/2025	1:30:59 PM	76.58287	76.51236	76.51264	76.58978	76.48525	76.50754	76.54253	76.52205	76.52607	76.47811	76.53571	76.48186	76.48340	76.52173
4/1/2025	1:31:03 PM	76.58332	76.51250	76.51245	76.58990	76.48531	76.50792	76.54252	76.52172	76.52581	76.47815	76.53522	76.48168	76.48256	76.52157
4/1/2025	1:31:06 PM	76.58280	76.51224	76.51242	76.58953	76.48515	76.50820	76.54284	76.52235	76.52619	76.47823	76.53501	76.48091	76.48261	76.52108
4/1/2025	1:31:10 PM	76.58249	76.51209	76.51185	76.58924	76.48498	76.50744	76.54220	76.52182	76.52556	76.47751	76.53508	76.48134	76.48287	76.52202
4/1/2025	1:31:14 PM	76.58284	76.51228	76.51225	76.58956	76.48493	76.50778	76.54248	76.52194	76.52576	76.47781	76.53527	76.48197	76.48327	76.52168
4/1/2025	1:31:17 PM	76.58312	76.51288	76.51288	76.59019	76.48545	76.50792	76.54274	76.52257	76.52644	76.47831	76.53585	76.48179	76.48324	76.52205
4/1/2025	1:31:21 PM	76.58341	76.51273	76.51273	76.58965	76.48540	76.50822	76.54262	76.52235	76.52604	76.47797	76.53519	76.48171	76.48324	76.52188
4/1/2025	1:31:24 PM	76.58341	76.51274	76.51265	76.58974	76.48528	76.50801	76.54305	76.52250	76.52646	76.47807	76.53529	76.48173	76.48312	76.52201
4/1/2025	1:31:28 PM	76.58337	76.51254	76.51249	76.59008	76.48551	76.50826	76.54276	76.52229	76.52627	76.47851	76.53535	76.48152	76.48278	76.52175
4/1/2025	1:31:31 PM	76.58273	76.51242	76.51246	76.58954	76.48537	76.50809	76.54271	76.52252	76.52632	76.47799	76.53534	76.48180	76.48281	76.52207
4/1/2025	1:31:35 PM	76.58301	76.51227	76.51280	76.58959	76.48512	76.50810	76.54307	76.52213	76.52631	76.47753	76.53487	76.48135	76.48299	76.52218
4/1/2025	1:31:39 PM	76.58255	76.51232	76.51254	76.58992	76.48527	76.50778	76.54281	76.52193	76.52638	76.47831	76.53531	76.48151	76.48296	76.52182
4/1/2025	1:31:42 PM	76.58338	76.51282	76.51269	76.59049	76.48549	76.50815	76.54299	76.52268	76.52600	76.47817	76.53576	76.48220	76.48330	76.52215
4/1/2025	1:31:46 PM	76.58327	76.51305	76.51287	76.59035	76.48552	76.50838	76.54283	76.52253	76.52600	76.47828	76.53572	76.48214	76.48335	76.52199
4/1/2025	1:31:49 PM	76.58299	76.51275	76.51242	76.58961	76.48443	76.50772	76.54364	76.52311	76.52652	76.47768	76.53569	76.48200	76.48309	76.52205
4/1/2025	1:31:53 PM	76.58322	76.51272	76.51251	76.59002	76.48508	76.50809	76.54284	76.52229	76.52624	76.47804	76.53530	76.48126	76.48310	76.52164
4/1/2025	1:31:56 PM	76.58305	76.51260	76.51233	76.58924	76.48530	76.50772	76.54237	76.52185	76.52609	76.47825	76.53532	76.48186	76.48309	76.52214
4/1/2025	1:32:00 PM	76.58319	76.51254	76.51291	76.59016	76.48560	76.50872	76.54320	76.52255	76.52630	76.47838	76.53590	76.48182	76.48305	76.52200
