1/27/2025	9:26:52 AM	297.19213	296.99880	297.07672	297.02813	296.99442	297.04380	297.21494	297.23699	297.28227	297.15810	297.13943	297.02335	297.36007	297.30770
1/27/2025	9:26:56 AM	297.18578	296.99245	297.07098	297.02145	296.98727	297.03631	297.20790	297.22953	297.27555	297.15182	297.13339	297.01493	297.35073	297.30241
1/27/2025	9:26:59 AM	297.17856	296.98527	297.06217	297.01155	296.97783	297.02777	297.20217	297.21730	297.25630	297.13174	297.12045	296.99225	297.34244	297.28626
1/27/2025	9:27:03 AM	297.16057	296.97462	297.05621	297.00859	296.97225	297.01405	297.18509	297.20744	297.24520	297.09748	297.09134	296.97645	297.33730	297.27545
1/27/2025	9:27:06 AM	297.15207	296.96900	297.05269	297.00773	296.97017	297.01370	297.18093	297.19209	297.22455	297.08997	297.07691	296.96879	297.32461	297.26357
1/27/2025	9:27:10 AM	297.14315	296.95852	297.04138	296.98729	296.93845	296.96291	297.10591	297.08336	297.08595	296.94606	296.91986	296.80351	297.12397	297.01492
1/27/2025	9:27:13 AM	296.84061	296.60140	296.61990	296.43091	296.24670	296.14715	296.23652	296.13796	296.07838	296.05928	296.07427	295.97364	296.16595	296.03158
1/27/2025	9:27:17 AM	295.81527	295.48916	295.38300	294.96743	294.60356	294.37819	294.42311	294.26942	294.19950	294.37840	294.47949	294.42618	294.49231	294.32046
1/27/2025	9:27:21 AM	294.12545	293.72031	293.45402	292.73483	292.18639	291.86769	291.87275	291.65107	291.58684	292.00613	292.22945	292.26261	292.28260	291.98632
1/27/2025	9:27:24 AM	291.91095	291.44278	290.99280	289.89542	289.18113	288.82149	288.79605	288.44354	288.43298	289.10725	289.46955	289.63714	289.68957	289.15881
1/27/2025	9:27:28 AM	289.24723	288.74830	288.13883	286.62375	285.74867	285.36979	285.30110	284.72211	284.74553	285.71557	286.24868	286.57552	286.70835	285.85509
1/27/2025	9:27:32 AM	286.26578	285.75074	285.03195	283.13612	282.09045	281.65335	281.54081	280.70063	280.79830	282.08074	282.81143	283.33502	283.52564	282.34068
1/27/2025	9:27:35 AM	283.03317	282.53271	281.72126	279.43513	278.19356	277.61848	277.43092	276.33885	276.55087	278.18796	279.13517	279.88077	280.09824	278.55649
1/27/2025	9:27:39 AM	279.68658	279.19925	278.28731	275.61443	274.14412	273.40387	273.14349	271.84104	272.18372	274.20608	275.36043	276.35555	276.51206	274.62625
1/27/2025	9:27:42 AM	276.22271	275.74643	274.73256	271.67195	269.97360	269.04150	268.70395	267.21455	267.73403	270.16025	271.48293	272.75892	272.79764	270.57789
1/27/2025	9:27:46 AM	272.77016	272.28696	271.17861	267.75274	265.82815	264.69168	264.28924	262.62521	263.34644	266.16493	267.65613	269.18470	269.08128	266.53231
1/27/2025	9:27:49 AM	269.29148	268.77793	267.57755	263.80479	261.65091	260.32341	259.81662	258.02040	258.95798	262.15624	263.78446	265.59605	265.28528	262.43191
1/27/2025	9:27:53 AM	265.85718	265.31788	264.02371	259.91289	257.54880	256.02753	255.48001	253.55513	254.71864	258.29373	260.03133	262.10036	261.58049	258.44498
1/27/2025	9:27:57 AM	262.43537	261.84330	260.47421	256.05598	253.49277	251.80437	251.17346	249.14469	250.53362	254.48750	256.29038	258.62240	257.87297	254.47883
1/27/2025	9:28:00 AM	259.08647	258.44312	257.00574	252.29658	249.56853	247.71212	247.02677	244.89947	246.51555	250.80758	252.67362	255.23977	254.24679	250.62461
1/27/2025	9:28:04 AM	255.79469	255.07340	253.57581	248.60804	245.73742	243.76107	243.01555	240.80921	242.63448	247.24661	249.13070	251.91147	250.68364	246.86978
1/27/2025	9:28:07 AM	252.58169	251.78658	250.23232	245.02342	242.03650	239.92823	239.14522	236.86824	238.88001	243.77598	245.67391	248.64794	247.17135	243.18481
1/27/2025	9:28:11 AM	249.36465	248.49607	246.88862	241.47278	238.39498	236.22106	235.39503	233.03576	235.24713	240.42401	242.32629	245.49443	243.79061	239.65545
1/27/2025	9:28:15 AM	246.33076	245.37909	243.75050	238.13915	235.00167	232.74767	231.88063	229.45086	231.83978	237.25498	239.14429	242.47976	240.54345	236.29766
1/27/2025	9:28:18 AM	243.41459	242.38751	240.73746	234.96688	231.78138	229.45542	228.56222	226.06064	228.60734	234.23168	236.11350	239.59584	237.44131	233.10207
1/27/2025	9:28:22 AM	240.59584	239.48876	237.84383	231.92050	228.70534	226.32666	225.39656	222.84510	225.53041	231.34042	233.19764	236.81879	234.45112	230.03550
1/27/2025	9:28:26 AM	237.90444	236.71498	235.08286	229.04691	225.80968	223.38230	222.41230	219.81163	222.63213	228.59560	230.42582	234.16944	231.60242	227.13680
1/27/2025	9:28:29 AM	235.31808	234.06470	232.46380	226.31498	223.07011	220.60133	219.60445	216.95698	219.89600	225.98481	227.78828	231.63927	228.88909	224.37857
1/27/2025	9:28:33 AM	232.83481	231.52004	229.96065	223.72220	220.46965	217.96427	216.94443	214.25388	217.30004	223.49936	225.27078	229.22252	226.28917	221.75587
1/27/2025	9:28:36 AM	230.47549	229.09334	227.59152	221.27234	218.02627	215.49188	214.44724	211.72881	214.86555	221.15360	222.88994	226.92763	223.82844	219.27560
1/27/2025	9:28:40 AM	228.22592	226.78976	225.34335	218.96312	215.72643	213.16886	212.09643	209.35810	212.58058	218.94666	220.64026	224.75448	221.50962	216.94531
1/27/2025	9:28:44 AM	226.07280	224.58690	223.19822	216.76961	213.54518	210.96851	209.88225	207.11003	210.40388	216.82080	218.48010	222.65225	219.26380	214.70758
1/27/2025	9:28:47 AM	224.03742	222.50008	221.18105	214.70879	211.49539	208.90777	207.81214	205.02055	208.37578	214.84676	216.45611	220.68514	217.17873	212.62347
1/27/2025	9:28:51 AM	222.09436	220.51692	219.26156	212.76285	209.56869	206.96640	205.86443	203.06308	206.47335	212.98160	214.55510	218.83412	215.20213	210.65825
1/27/2025	9:28:54 AM	220.27053	218.64786	217.45559	210.93980	207.76577	205.16544	204.05093	201.24095	204.69841	211.23493	212.75918	217.07729	213.34777	208.81871
1/27/2025	9:28:58 AM	218.53298	216.87716	215.74381	209.21683	206.06434	203.46216	202.34337	199.52700	203.02534	209.58004	211.06235	215.41178	211.58621	207.07882
1/27/2025	9:29:02 AM	216.90429	215.21719	214.14437	207.61951	204.48825	201.88703	200.76047	197.94341	201.47280	208.02855	209.47605	213.84392	209.93930	205.45306
1/27/2025	9:29:05 AM	215.34997	213.62873	212.61636	206.09180	202.98365	200.38976	199.26649	196.45237	200.00932	206.57343	207.97868	212.36102	208.37964	203.92467
1/27/2025	9:29:09 AM	213.90559	212.15679	211.20230	204.68344	201.60490	199.01469	197.89009	195.07919	198.65844	205.21505	206.57993	210.97560	206.93312	202.50378
1/27/2025	9:29:12 AM	212.53378	210.75655	209.85726	203.35487	200.30147	197.73036	196.60857	193.80603	197.39541	203.94052	205.26724	209.68357	205.58544	201.18883
1/27/2025	9:29:16 AM	211.24251	209.44352	208.59474	202.11300	199.08690	196.52785	195.40168	192.60682	196.20700	202.73912	204.02639	208.44374	204.29623	199.93086
1/27/2025	9:29:20 AM	210.03634	208.21524	207.41568	200.95594	197.95803	195.41259	194.29436	191.51049	195.11493	201.62835	202.88045	207.29886	203.11345	198.77877
1/27/2025	9:29:23 AM	208.90035	207.06008	206.30941	199.87510	196.90011	194.37129	193.25909	190.48596	194.09398	200.58245	201.80297	206.22049	201.99874	197.69671
1/27/2025	9:29:27 AM	207.82761	205.97436	205.26518	198.85806	195.91157	193.40058	192.29033	189.53179	193.13555	199.60299	200.78883	205.20077	200.95143	196.68345
1/27/2025	9:29:30 AM	206.82836	204.95687	204.28929	197.91242	194.99218	192.49606	191.39112	188.64488	192.24543	198.68206	199.84128	204.24725	199.97140	195.74017
1/27/2025	9:29:34 AM	205.88869	204.00653	203.37892	197.02727	194.13265	191.65649	190.55396	187.82947	191.42362	197.82800	198.95580	203.35064	199.05463	194.85856
1/27/2025	9:29:38 AM	204.98257	203.08971	202.50146	196.18798	193.31988	190.86209	189.77044	187.06347	190.65089	197.02408	198.12334	202.50945	198.19596	194.03655
1/27/2025	9:29:41 AM	204.17029	202.26793	201.71282	195.43004	192.58593	190.14677	189.06408	186.37574	189.94795	196.28793	197.36224	201.74129	197.40965	193.28318
1/27/2025	9:29:45 AM	203.40596	201.49207	200.96883	194.72422	191.90207	189.48071	188.40617	185.73679	189.30288	195.60542	196.65570	201.02067	196.68283	192.59019
1/27/2025	9:29:48 AM	202.68856	200.76903	200.27512	194.06156	191.26141	188.86053	187.79263	185.14367	188.69747	194.96800	195.99517	200.34808	196.00225	191.94346
1/27/2025	9:29:52 AM	202.02443	200.09863	199.63617	193.45927	190.67949	188.29758	187.23817	184.61052	188.14988	194.38341	195.39061	199.72735	195.37913	191.35407
1/27/2025	9:29:56 AM	201.40155	199.47094	199.03545	192.89288	190.13472	187.77065	186.71966	184.11211	187.63648	193.83014	194.81917	199.13841	194.78867	190.79716
1/27/2025	9:29:59 AM	200.81874	198.88563	198.47352	192.36495	189.62683	187.27957	186.23533	183.65003	187.15746	193.31630	194.28718	198.58974	194.24143	190.28136
1/27/2025	9:30:03 AM	200.27466	198.33865	197.94868	191.87347	189.15286	186.82064	185.78375	183.21928	186.71124	192.83606	193.79007	198.07576	193.72958	189.80024
1/27/2025	9:30:06 AM	199.76379	197.82592	197.45651	191.41284	188.70808	186.39245	185.36238	182.81944	186.29528	192.38427	193.32583	197.59287	193.25018	189.35087
1/27/2025	9:30:10 AM	199.28082	197.34048	196.99204	190.97670	188.28795	185.98806	184.96533	182.44380	185.90275	191.95594	192.88543	197.13385	192.79439	188.92435
1/27/2025	9:30:14 AM	198.81756	196.87655	196.54628	190.56084	187.88652	185.60319	184.58827	182.08978	185.53476	191.55200	192.46994	196.70274	192.36828	188.52671
1/27/2025	9:30:17 AM	198.39593	196.45531	196.14139	190.18730	187.52557	185.25655	184.24840	181.77250	185.20196	191.18439	192.09344	196.30285	191.97763	188.16545
1/27/2025	9:30:21 AM	198.00103	196.06137	195.76147	189.83605	187.18494	184.93364	183.93383	181.48002	184.89425	190.84355	191.74214	195.93260	191.61527	187.82953
1/27/2025	9:30:25 AM	197.63026	195.69101	195.40556	189.50938	186.87234	184.63460	183.64423	181.21328	184.61219	190.52729	191.41485	195.58581	191.27774	187.51857
1/27/2025	9:30:28 AM	197.27261	195.33662	195.06508	189.19834	186.57528	184.35310	183.37155	180.96351	184.34590	190.22466	191.10624	195.25658	190.95741	187.22881
1/27/2025	9:30:32 AM	196.95426	195.02029	194.76208	188.92502	186.31484	184.10720	183.13294	180.74736	184.11379	189.95824	190.83109	194.96037	190.67320	186.97240
1/27/2025	9:30:35 AM	196.65746	194.72702	194.48152	188.67439	186.07716	183.88502	182.91955	180.55582	183.90592	189.71513	190.58061	194.68811	190.41399	186.73930
1/27/2025	9:30:39 AM	196.38420	194.45804	194.22470	188.44701	185.86352	183.68707	182.72958	180.38797	183.71999	189.49443	190.35195	194.43810	190.17768	186.53037
1/27/2025	9:30:43 AM	196.13413	194.21148	193.99092	188.24280	185.67237	183.51075	182.56169	180.24224	183.55668	189.29527	190.14547	194.20997	189.96416	186.34336
1/27/2025	9:30:46 AM	195.90391	193.98715	193.77718	188.06029	185.50299	183.35710	182.41638	180.11820	183.41504	189.11825	189.96176	194.00293	189.77344	186.17957
1/27/2025	9:30:50 AM	195.69459	193.78303	193.58463	187.89982	185.35583	183.22646	182.29457	180.01852	183.29706	188.96270	189.79875	193.81650	189.60414	186.03789
1/27/2025	9:30:53 AM	195.50888	193.60288	193.41566	187.76293	185.23383	183.12090	182.19736	179.94331	183.20314	188.83127	189.65953	193.65301	189.45907	185.92005
1/27/2025	9:30:57 AM	195.34376	193.44408	193.26803	187.64842	185.13492	183.03848	182.12415	179.89293	183.13304	188.72253	189.54251	193.51049	189.33648	185.82543
1/27/2025	9:31:01 AM	195.19957	193.30764	193.14224	187.55646	185.05830	182.97934	182.07368	179.86489	183.08450	188.63576	189.44806	193.39004	189.23636	185.75380
1/27/2025	9:31:04 AM	195.07673	193.19191	193.03738	187.48681	185.00458	182.94376	182.04788	179.86226	183.06171	188.57245	189.37670	193.29316	189.16132	185.70729
1/27/2025	9:31:08 AM	194.97879	193.10299	192.95851	187.44578	184.98117	182.93929	182.05446	179.89214	183.07079	188.53841	189.33316	193.22260	189.11442	185.68971
1/27/2025	9:31:11 AM	194.90727	193.04108	192.90735	187.43356	184.98705	182.96563	182.09128	179.95219	183.10847	188.53241	189.31701	193.17790	189.09492	185.69988
1/27/2025	9:31:15 AM	194.86045	193.00383	192.88143	187.44849	185.02188	183.02075	182.15637	180.04135	183.17314	188.55121	189.32507	193.15630	189.10109	185.73660
1/27/2025	9:31:19 AM	194.83737	192.99040	192.87947	187.48799	185.08078	183.10044	182.24639	180.15350	183.26122	188.59289	189.35601	193.15777	189.12945	185.79545
1/27/2025	9:31:22 AM	194.83476	192.99870	192.89904	187.54922	185.16217	183.20155	182.35841	180.28908	183.37011	188.65489	189.40760	193.17793	189.17887	185.87550
1/27/2025	9:31:26 AM	194.85213	193.02734	192.93742	187.63077	185.26372	183.32289	182.49114	180.44484	183.49961	188.73610	189.47843	193.21711	189.24844	185.97710
1/27/2025	9:31:29 AM	194.88763	193.07468	192.99493	187.73162	185.38512	183.46410	182.64280	180.61989	183.64799	188.83569	189.56793	193.27401	189.33633	186.09768
1/27/2025	9:31:33 AM	194.94080	193.13937	193.07008	187.85105	185.52511	183.62466	182.81457	180.81500	183.81552	188.95472	189.67638	193.34823	189.44223	186.23443
1/27/2025	9:31:37 AM	195.01093	193.22209	193.16176	187.98762	185.68272	183.80178	183.00277	181.02658	183.99965	189.08934	189.80035	193.43865	189.56497	186.38971
1/27/2025	9:31:40 AM	195.09739	193.32171	193.27034	188.14063	185.85662	183.99649	183.20744	181.25363	184.19898	189.24001	189.94053	193.54457	189.70396	186.56018
1/27/2025	9:31:44 AM	195.19726	193.43451	193.39246	188.30675	186.04442	184.20450	183.42588	181.49627	184.41321	189.40456	190.09579	193.66497	189.85739	186.74679
1/27/2025	9:31:47 AM	195.31195	193.56293	193.53194	188.48723	186.23859	184.42211	183.66914	181.77254	184.66759	189.60875	190.22559	193.64810	189.93977	186.94140
1/27/2025	9:31:51 AM	195.00768	193.16401	193.15143	188.22335	186.26445	184.82161	184.30482	182.62048	185.32381	189.87950	189.95645	192.91432	189.52333	186.71749
1/27/2025	9:31:55 AM	193.78738	191.91230	191.97411	187.18446	185.46211	184.32401	183.92858	182.31721	184.79070	188.98138	188.70891	191.28026	188.10132	185.43245
1/27/2025	9:31:58 AM	191.57655	189.74927	189.71343	185.03039	183.48774	182.68361	182.42082	180.88430	183.18330	187.07797	186.44761	188.52521	185.46256	183.11465
1/27/2025	9:32:02 AM	187.95349	185.94660	185.89329	181.45957	180.38616	179.79233	179.57185	177.94661	180.04062	183.52476	182.08188	184.07531	180.87766	178.51255
1/27/2025	9:32:06 AM	183.26288	181.06859	180.94600	176.29465	174.70138	174.32175	174.01317	172.62207	174.73466	177.82671	176.43704	178.22184	175.21774	173.02917
1/27/2025	9:32:09 AM	177.06411	174.72750	174.51251	169.73083	168.28437	168.24600	168.28810	167.16548	169.27768	172.48581	170.97262	172.47289	169.60909	167.35815
1/27/2025	9:32:13 AM	171.10435	168.67408	168.41374	163.48659	162.30988	162.55718	162.83923	161.78573	163.87853	167.14367	165.48016	166.76739	164.04410	161.76220
1/27/2025	9:32:17 AM	165.54329	163.02433	162.83063	157.88530	156.91970	157.42774	157.84707	156.82510	158.98048	162.21652	160.45964	161.65002	159.08020	156.73376
1/27/2025	9:32:20 AM	160.52577	157.97490	157.87626	152.92839	152.12654	152.85169	153.38959	152.34387	154.58807	157.84896	155.95677	157.11770	154.63021	152.23995
1/27/2025	9:32:24 AM	156.04751	153.52124	153.46368	148.53472	147.88663	148.76340	149.37501	148.31727	150.63596	153.87419	151.86417	153.07446	150.59248	148.18997
1/27/2025	9:32:27 AM	152.09556	149.57537	149.57331	144.69851	144.18980	145.17454	145.84138	144.77549	147.15123	150.36984	148.26548	149.51438	146.99665	144.61171
1/27/2025	9:32:31 AM	148.56534	146.04848	146.12098	141.30619	140.89390	141.94694	142.62400	141.52785	143.93558	147.14700	144.95938	146.30426	143.71842	141.34296
1/27/2025	9:32:35 AM	145.44303	142.91915	143.05958	138.31875	137.95742	139.01833	139.70508	138.58539	141.03478	144.27133	142.02940	143.50197	140.81342	138.45783
1/27/2025	9:32:38 AM	142.71632	140.17009	140.39353	135.71636	135.38851	136.44164	137.11226	135.96453	138.44065	141.70863	139.42046	141.00618	138.19443	135.86058
1/27/2025	9:32:42 AM	140.30794	137.73277	138.02870	133.41308	133.11350	134.15461	134.81860	133.63879	136.14141	139.42734	137.10537	138.78766	135.85608	133.55727
1/27/2025	9:32:45 AM	138.12531	135.51425	135.87132	131.32818	131.04734	132.06561	132.71796	131.51765	134.03106	137.34594	134.99341	136.75539	133.71880	131.45051
1/27/2025	9:32:49 AM	136.18211	133.54236	133.95329	129.46731	129.20649	130.20453	130.84774	129.63695	132.16254	135.49259	133.12273	134.93907	131.80950	129.57243
1/27/2025	9:32:53 AM	134.40171	131.73632	132.19389	127.76221	127.51309	128.48065	129.12160	127.90783	130.43370	133.78273	131.40076	133.25681	130.04676	127.84380
1/27/2025	9:32:56 AM	132.77629	130.08818	130.58104	126.20424	125.96553	126.90981	127.54854	126.33761	128.86324	132.21917	129.83877	131.72535	128.44389	126.27848
1/27/2025	9:33:00 AM	131.28093	128.57673	129.10161	124.77333	124.53992	125.46248	126.10441	124.89818	127.41538	130.77598	128.40756	130.30699	126.97397	124.84111
1/27/2025	9:33:03 AM	129.91091	127.20124	127.75226	123.46826	123.24121	124.14234	124.78491	123.57786	126.08680	129.44178	127.08759	128.99537	125.61718	123.52025
1/27/2025	9:33:07 AM	128.63096	125.92201	126.48987	122.24782	122.02109	122.89663	123.54416	122.35424	124.85360	128.20126	125.86102	127.77949	124.36323	122.30267
1/27/2025	9:33:11 AM	127.44999	124.73592	125.31920	121.11356	120.88765	121.75359	122.40659	121.22611	123.71787	127.05548	124.73592	126.65457	123.21185	121.18256
1/27/2025	9:33:14 AM	126.34752	123.64347	124.24112	120.07007	119.84729	120.70101	121.35868	120.19341	122.66982	125.99521	123.69971	125.62111	122.15728	120.16280
1/27/2025	9:33:18 AM	125.33209	122.63496	123.24347	119.10986	118.88776	119.72912	120.39072	119.24038	121.70068	125.00930	122.73221	124.65327	121.17272	119.21064
1/27/2025	9:33:21 AM	124.37861	121.68851	122.30335	118.20287	117.98062	118.80672	119.47265	118.33740	120.78117	124.07366	121.82186	123.73753	120.24462	118.31548
1/27/2025	9:33:25 AM	123.48100	120.79997	121.42118	117.35519	117.13278	117.94738	118.62089	117.50145	119.92873	123.20282	120.97357	122.88664	119.38690	117.48973
1/27/2025	9:33:29 AM	122.63555	119.96647	120.59035	116.55450	116.33315	117.13711	117.81613	116.71459	119.12525	122.38404	120.17668	122.08244	118.57799	116.71018
1/27/2025	9:33:32 AM	121.84679	119.18879	119.81617	115.80870	115.59003	116.38392	117.06954	115.98819	118.38173	121.62015	119.43536	121.32937	117.82422	115.98303
1/27/2025	9:33:36 AM	121.09714	118.45073	119.07623	115.09631	114.87690	115.66278	116.35176	115.28930	117.66335	120.88076	118.71929	120.60606	117.09975	115.29155
1/27/2025	9:33:39 AM	120.38149	117.74731	118.37618	114.42248	114.20772	114.98607	115.67764	114.63680	116.99257	120.18949	118.05344	119.93052	116.42701	114.65014
1/27/2025	9:33:43 AM	119.71645	117.09738	117.72296	113.79709	113.58251	114.35490	115.05272	114.02890	116.36658	119.54312	117.42804	119.29145	115.78950	114.04126
1/27/2025	9:33:47 AM	119.07353	116.46688	117.08922	113.18693	112.97246	113.73667	114.43972	113.43891	115.75862	118.91225	116.82222	118.67513	115.17103	113.45399
1/27/2025	9:33:50 AM	118.46525	115.87059	116.49009	112.61552	112.40174	113.16359	113.87290	112.89537	115.19835	118.33209	116.26430	118.10642	114.60411	112.92020
1/27/2025	9:33:54 AM	117.89597	115.31358	115.92612	112.07364	111.85929	112.61525	113.32753	112.37129	114.65639	117.76844	115.72455	117.55154	114.04963	112.39634
1/27/2025	9:33:57 AM	117.33828	114.76688	115.37307	111.53932	111.32790	112.07850	112.79399	111.86182	114.12972	117.21926	115.19829	117.01111	113.51312	111.88843
1/27/2025	9:34:01 AM	116.80168	114.24402	114.84322	111.03347	110.82284	111.56844	112.28615	111.37382	113.62204	116.69024	114.69166	116.49269	113.00004	111.40401
1/27/2025	9:34:05 AM	116.28129	113.74004	114.33203	110.54863	110.33858	111.07948	111.79885	110.90648	113.13768	116.18353	114.20829	115.99817	112.51091	110.94360
1/27/2025	9:34:08 AM	115.78826	113.26103	113.84744	110.08637	109.87995	110.61472	111.33528	110.46315	112.67811	115.70156	113.74797	115.52302	112.04123	110.50417
1/27/2025	9:34:12 AM	115.31055	112.79723	113.37627	109.63598	109.43222	110.16229	110.88470	110.03221	112.22992	115.23105	113.30002	115.05949	111.58480	110.07326
1/27/2025	9:34:15 AM	114.84976	112.35537	112.93156	109.21759	109.01519	109.73016	110.44591	109.60196	111.77607	114.75283	112.85012	114.60857	111.15169	109.65914
1/27/2025	9:34:19 AM	114.41351	111.94539	112.51887	108.82651	108.61924	109.31670	110.02135	109.18546	111.33993	114.29467	112.42438	114.17831	110.73257	109.26129
1/27/2025	9:34:23 AM	113.98121	111.53770	112.10712	108.43763	108.22708	108.91537	109.61375	108.78728	110.92253	113.85685	112.01525	113.75928	110.32709	108.87903
1/27/2025	9:34:26 AM	113.57754	111.15159	111.71340	108.06595	107.85130	108.52782	109.21994	108.40306	110.52100	113.43723	111.62663	113.36675	109.93914	108.51214
1/27/2025	9:34:30 AM	113.19549	110.78859	111.33869	107.70693	107.47942	108.13899	108.82100	108.01544	110.12023	113.02286	111.24662	112.98362	109.55850	108.15345
1/27/2025	9:34:34 AM	112.82307	110.43265	110.96791	107.35233	107.11647	107.76605	108.44350	107.64835	109.74036	112.62563	110.87883	112.60979	109.18959	107.80647
1/27/2025	9:34:37 AM	112.44984	110.07601	110.59490	106.99594	106.75005	107.38969	108.06531	107.28591	109.36764	112.24103	110.52478	112.24938	108.82594	107.46953
1/27/2025	9:34:41 AM	112.09278	109.72873	110.22906	106.64465	106.39179	107.02455	107.69850	106.93685	109.00863	111.86639	110.17856	111.89459	108.47091	107.14080
1/27/2025	9:34:44 AM	111.74205	109.38903	109.87658	106.30927	106.05377	106.67870	107.35232	106.60661	108.66539	111.50695	109.84381	111.54833	108.12791	106.82305
1/27/2025	9:34:48 AM	111.39418	109.05386	109.52658	105.97957	105.72024	106.33877	107.01143	106.28051	108.32487	111.14925	109.51052	111.20355	107.79084	106.51063
1/27/2025	9:34:51 AM	111.04771	108.72056	109.17940	105.65247	105.39141	106.00330	106.67496	105.95835	107.98860	110.79281	109.17809	110.85871	107.45495	106.19839
1/27/2025	9:34:55 AM	110.70840	108.39371	108.84299	105.33470	105.07354	105.67887	106.34848	105.64736	107.66191	110.44781	108.85503	110.52225	107.12746	105.89360
1/27/2025	9:34:59 AM	110.36764	108.06563	108.50095	105.01482	104.75258	105.35184	106.01804	105.32857	107.32880	110.09861	108.53163	110.19188	106.80221	105.58749
1/27/2025	9:35:02 AM	110.04759	107.75949	108.18081	104.71264	104.44250	105.02594	105.68599	105.01082	107.00748	109.77146	108.24167	109.90106	106.51263	105.31617
1/27/2025	9:35:06 AM	109.76825	107.49080	107.89747	104.44600	104.16455	104.73195	105.38214	104.71500	106.69715	109.44628	107.94445	109.59525	106.20684	105.02522
1/27/2025	9:35:10 AM	109.45415	107.18685	107.57538	104.13935	103.85165	104.40312	105.04445	104.39179	106.36317	109.09908	107.62792	109.26719	105.88383	104.72211
1/27/2025	9:35:13 AM	109.12755	106.87178	107.24740	103.82747	103.53425	104.07648	104.71384	104.07691	106.03567	108.75777	107.31503	108.94468	105.56542	104.42354
1/27/2025	9:35:17 AM	108.81140	106.56647	106.92877	103.52867	103.23129	103.76500	104.39830	103.77440	105.72289	108.43274	107.01574	108.63283	105.26000	104.13600
1/27/2025	9:35:20 AM	108.50206	106.26681	106.61702	103.23456	102.93585	103.46250	104.09288	103.48247	105.42066	108.11574	106.72165	108.32836	104.96308	103.85797
1/27/2025	9:35:24 AM	108.19690	105.97149	106.31053	102.94795	102.64744	103.16640	103.79463	103.19799	105.12338	107.80314	106.43123	108.02462	104.66820	103.58209
1/27/2025	9:35:28 AM	107.89538	105.68034	106.00599	102.66962	102.36422	102.87564	103.50056	102.91572	104.82900	107.49342	106.14240	107.72175	104.37634	103.30754
1/27/2025	9:35:31 AM	107.59271	105.38803	105.70344	102.38798	102.08212	102.58828	103.21099	102.63903	104.53966	107.18793	105.85887	107.42615	104.09205	103.03968
1/27/2025	9:35:35 AM	107.30023	105.10714	105.41277	102.12016	101.81405	102.31278	102.93252	102.37161	104.25916	106.89067	105.58077	107.13587	103.81389	102.77781
1/27/2025	9:35:38 AM	107.00730	104.82509	105.12046	101.85187	101.54702	102.03914	102.65668	102.10602	103.97959	106.59479	105.30426	106.84650	103.53727	102.51802
1/27/2025	9:35:42 AM	106.72249	104.54940	104.83639	101.58996	101.28516	101.77251	102.38712	101.84711	103.70775	106.30570	105.03292	106.56249	103.26636	102.26315
1/27/2025	9:35:46 AM	106.43857	104.27722	104.55556	101.33140	101.02716	101.50912	102.12033	101.59167	103.43938	106.02070	104.76695	106.28331	103.00186	102.01375
1/27/2025	9:35:49 AM	106.15967	104.01036	104.28005	101.07961	100.77793	101.25293	101.85981	101.34206	103.17664	105.74201	104.50567	106.00918	102.74074	101.76738
1/27/2025	9:35:53 AM	105.88754	103.74764	104.00851	100.83198	100.53052	101.00008	101.60574	101.09802	102.92065	105.46914	104.25056	105.74145	102.48558	101.52759
1/27/2025	9:35:56 AM	105.61704	103.48763	103.73996	100.58606	100.28478	100.74822	101.35212	100.85637	102.66638	105.19893	103.99846	105.47611	102.23271	101.29062
1/27/2025	9:36:00 AM	105.35608	103.23587	103.47984	100.34791	100.04661	100.50596	101.10723	100.62172	102.41991	104.93718	103.75362	105.21844	101.98667	101.05856
1/27/2025	9:36:04 AM	105.09421	102.98351	103.21981	100.11196	99.81003	100.26331	100.86208	100.38725	102.17378	104.67466	103.50848	104.96072	101.74172	100.82727
1/27/2025	9:36:07 AM	104.83958	102.73765	102.96538	99.88242	99.58052	100.02807	100.62371	100.15938	101.93334	104.41890	103.26923	104.70896	101.50253	100.60231
1/27/2025	9:36:11 AM	104.58822	102.49647	102.71662	99.65700	99.35673	99.79859	100.39155	99.93738	101.69988	104.16766	103.03494	104.46193	101.26972	100.38345
1/27/2025	9:36:14 AM	104.34174	102.25868	102.47161	99.43610	99.13466	99.57208	100.15997	99.71601	101.46595	103.91658	102.79801	104.21215	101.03338	100.16062
1/27/2025	9:36:18 AM	104.08657	102.01457	102.21890	99.20698	98.90712	99.33839	99.92612	99.49175	101.22965	103.66426	102.56135	103.96082	100.79641	99.93825
1/27/2025	9:36:22 AM	103.83753	101.77411	101.97136	98.98385	98.68449	99.11259	99.69783	99.27301	101.00006	103.41974	102.33274	103.71918	100.56946	99.72601
1/27/2025	9:36:25 AM	103.60369	101.55112	101.74298	98.78143	98.48489	98.91103	99.49579	99.08194	100.79985	103.20460	102.13096	103.50480	100.36701	99.53682
1/27/2025	9:36:29 AM	103.38820	101.34204	101.52460	98.58515	98.28814	98.70617	99.28540	98.87898	100.58160	102.96929	101.90925	103.26700	100.14322	99.32543
1/27/2025	9:36:33 AM	103.14272	101.10466	101.27988	98.36466	98.06741	98.48255	99.05928	98.66234	100.35441	102.72568	101.68026	103.02476	99.91453	99.10997
1/27/2025	9:36:36 AM	102.90556	100.87711	101.04527	98.15269	97.85521	98.26683	98.84011	98.45264	100.13339	102.48865	101.45832	102.78952	99.69308	98.90045
1/27/2025	9:36:40 AM	102.66838	100.64864	100.80995	97.94060	97.64393	98.05158	98.62223	98.24316	99.91363	102.25340	101.23642	102.55420	99.47161	98.69163
1/27/2025	9:36:44 AM	102.43424	100.42445	100.57917	97.73276	97.43670	97.84122	98.40918	98.03853	99.69736	102.02156	101.01965	102.32523	99.25679	98.48928
1/27/2025	9:36:47 AM	102.20410	100.20217	100.35009	97.52738	97.23327	97.63405	98.19933	97.83587	99.48364	101.79337	100.80414	102.09683	99.04315	98.28797
1/27/2025	9:36:51 AM	101.97883	99.98716	100.12918	97.32992	97.03728	97.43288	97.99578	97.63947	99.27583	101.57047	100.59344	101.87242	98.83404	98.08963
1/27/2025	9:36:54 AM	101.75551	99.77233	99.90987	97.13365	96.84344	97.23440	97.79360	97.44599	99.07208	101.35021	100.38520	101.65184	98.62882	97.89587
1/27/2025	9:36:58 AM	101.53544	99.56229	99.69337	96.94104	96.65326	97.04072	97.59741	97.25577	98.87061	101.13366	100.18097	101.43478	98.42695	97.70562
1/27/2025	9:37:02 AM	101.31800	99.35565	99.48230	96.75290	96.46735	96.85103	97.40406	97.06936	98.67275	100.92069	99.97933	101.22049	98.22897	97.51918
1/27/2025	9:37:05 AM	101.10703	99.15472	99.27711	96.57109	96.28695	96.66799	97.21730	96.88930	98.48238	100.71443	99.78386	101.01117	98.03657	97.33765
1/27/2025	9:37:09 AM	100.89749	98.95439	99.07147	96.38956	96.10852	96.48608	97.03299	96.71264	98.29406	100.51042	99.58962	100.80484	97.84509	97.15810
1/27/2025	9:37:12 AM	100.69231	98.75903	98.87193	96.21316	95.93484	96.31001	96.85340	96.53978	98.10989	100.31196	99.40112	100.60256	97.65886	96.98204
1/27/2025	9:37:16 AM	100.48938	98.56495	98.67401	96.03839	95.76210	96.13460	96.67587	96.36937	97.92898	100.11509	99.21402	100.40213	97.47435	96.80789
1/27/2025	9:37:20 AM	100.28836	98.37277	98.47747	95.86503	95.59117	95.96111	96.49844	96.19867	97.74734	99.91845	99.02653	100.20135	97.28960	96.63271
1/27/2025	9:37:23 AM	100.08787	98.18112	98.28142	95.69284	95.42142	95.78846	96.32341	96.02987	97.56804	99.72301	98.84146	100.00411	97.10722	96.46130
1/27/2025	9:37:27 AM	99.89112	97.99425	98.09023	95.52390	95.25404	95.61795	96.15057	95.86318	97.39104	99.53202	98.65876	99.80914	96.92824	96.29115
1/27/2025	9:37:30 AM	99.69518	97.80682	97.89990	95.35538	95.08708	95.44864	95.97875	95.69655	97.21434	99.34056	98.47712	99.61515	96.75059	96.12280
1/27/2025	9:37:34 AM	99.50141	97.62279	97.71140	95.19017	94.92447	95.28277	95.80899	95.53367	97.04127	99.15282	98.29813	99.42524	96.57688	95.95778
1/27/2025	9:37:38 AM	99.31347	97.44371	97.52793	95.02980	94.76540	95.12204	95.64509	95.37497	96.87191	98.96944	98.12332	99.23813	96.40535	95.79629
1/27/2025	9:37:41 AM	99.12774	97.26702	97.35002	94.87502	94.61433	94.96841	95.48936	95.22655	96.71494	98.79851	97.96048	99.06460	96.24871	95.64837
1/27/2025	9:37:45 AM	98.95577	97.10378	97.18331	94.73060	94.47079	94.82031	95.33750	95.07666	96.55309	98.62195	97.79180	98.88342	96.08182	95.48976
1/27/2025	9:37:48 AM	98.77272	96.92979	97.00502	94.57269	94.31389	94.66038	95.17299	94.91835	96.38422	98.43806	97.61760	98.69839	95.91218	95.32856
1/27/2025	9:37:52 AM	98.58920	96.75519	96.82651	94.41600	94.15750	94.50185	95.01135	94.76075	96.21779	98.25773	97.44488	98.51460	95.74523	95.16882
1/27/2025	9:37:56 AM	98.40815	96.58340	96.65097	94.26144	94.00523	94.34559	94.85125	94.60585	96.05372	98.07975	97.27695	98.33639	95.58066	95.01209
1/27/2025	9:37:59 AM	98.22530	96.41045	96.47611	94.10718	93.85189	94.18891	94.69118	94.44976	95.88782	97.89968	97.10578	98.15633	95.41621	94.85545
1/27/2025	9:38:03 AM	98.04938	96.24308	96.30444	93.95657	93.70210	94.03662	94.53458	94.29744	95.72654	97.72468	96.93878	97.97880	95.25268	94.69949
1/27/2025	9:38:07 AM	97.87038	96.07393	96.13268	93.80579	93.55334	93.88418	94.37724	94.14420	95.56396	97.54898	96.77313	97.80386	95.09256	94.54673
1/27/2025	9:38:10 AM	97.70055	95.91314	95.96822	93.66161	93.40967	93.73723	94.22518	93.99622	95.40520	97.37737	96.60964	97.63171	94.93517	94.39585
1/27/2025	9:38:14 AM	97.53115	95.75342	95.80622	93.51870	93.26835	93.59232	94.07682	93.85207	95.25306	97.21130	96.45232	97.46495	94.78260	94.25060
1/27/2025	9:38:17 AM	97.36437	95.59665	95.64512	93.37809	93.12900	93.44933	93.92927	93.70720	95.09890	97.04521	96.29350	97.29858	94.63037	94.10474
1/27/2025	9:38:21 AM	97.20045	95.44162	95.48865	93.24122	92.99284	93.30950	93.78427	93.56743	94.94956	96.88275	96.13998	97.13604	94.48216	93.96213
1/27/2025	9:38:25 AM	97.03906	95.28964	95.33354	93.10562	92.85898	93.17191	93.64242	93.42855	94.80204	96.72298	95.98711	96.97394	94.33529	93.82121
1/27/2025	9:38:28 AM	96.88027	95.13991	95.18204	92.97291	92.72718	93.03667	93.50216	93.29198	94.65469	96.56327	95.83468	96.81313	94.18955	93.68114
1/27/2025	9:38:32 AM	96.72073	94.98921	95.02882	92.83926	92.59451	92.90058	93.36099	93.15380	94.50832	96.40360	95.68354	96.65435	94.04597	93.54260
1/27/2025	9:38:35 AM	96.56543	94.84436	94.88272	92.71204	92.46785	92.76961	93.22453	93.01883	94.36370	96.24623	95.53461	96.49841	93.90485	93.40663
1/27/2025	9:38:39 AM	96.41150	94.69996	94.73656	92.58489	92.34198	92.63946	93.08928	92.88561	94.22099	96.09124	95.38747	96.34392	93.76554	93.27238
1/27/2025	9:38:43 AM	96.25951	94.55754	94.59255	92.45981	92.21708	92.51016	92.95481	92.75306	94.07938	95.93703	95.24230	96.19298	93.63058	93.14142
1/27/2025	9:38:46 AM	96.11667	94.42682	94.46116	92.34702	92.10608	92.39485	92.83393	92.63334	93.95222	95.79800	95.11013	96.05449	93.50670	93.02121
1/27/2025	9:38:50 AM	95.97831	94.29854	94.33095	92.23381	91.99251	92.27626	92.70908	92.50880	93.81769	95.65052	94.97011	95.90697	93.37467	92.89272
1/27/2025	9:38:53 AM	95.83097	94.15988	94.19021	92.11185	91.87031	92.15019	92.57710	92.37715	93.67756	95.49812	94.82496	95.75407	93.23677	92.75992
1/27/2025	9:38:57 AM	95.68212	94.02116	94.05026	91.98971	91.74877	92.02530	92.44769	92.24816	93.54066	95.34880	94.68334	95.60588	93.10326	92.63062
1/27/2025	9:39:01 AM	95.53615	93.88414	93.91076	91.86857	91.62854	91.90162	92.31884	92.12266	93.40606	95.20187	94.54293	95.45823	92.97039	92.50230
1/27/2025	9:39:04 AM	95.39044	93.74801	93.77332	91.74935	91.51059	91.77988	92.19304	91.99766	93.27261	95.05628	94.40335	95.31195	92.83974	92.37603
1/27/2025	9:39:08 AM	95.24701	93.61438	93.63842	91.63154	91.39421	91.66146	92.06982	91.87534	93.14099	94.91291	94.26544	95.16793	92.71051	92.25084
1/27/2025	9:39:11 AM	95.10498	93.48198	93.50430	91.51593	91.27989	91.54394	91.94785	91.75401	93.01204	94.77131	94.13000	95.02539	92.58373	92.12811
1/27/2025	9:39:15 AM	94.96478	93.35209	93.37331	91.40221	91.16758	91.42901	91.82887	91.63596	92.88626	94.63354	93.99667	94.88600	92.45880	92.00716
1/27/2025	9:39:19 AM	94.82666	93.22379	93.24400	91.28921	91.05684	91.31584	91.71036	91.51852	92.75941	94.49345	93.86266	94.74537	92.33420	91.88742
1/27/2025	9:39:22 AM	94.68716	93.09348	93.11328	91.17615	90.94545	91.20151	91.59175	91.40042	92.63316	94.35551	93.73000	94.60679	92.21099	91.76660
1/27/2025	9:39:26 AM	94.55315	92.96963	92.98972	91.06901	90.83934	91.09246	91.47834	91.28771	92.51230	94.22165	93.60079	94.47197	92.09163	91.65160
1/27/2025	9:39:29 AM	94.42153	92.84703	92.86704	90.96325	90.73516	90.98543	91.36634	91.17588	92.39257	94.09058	93.47557	94.34039	91.97489	91.53812
1/27/2025	9:39:33 AM	94.28938	92.72640	92.74515	90.85797	90.63161	90.87917	91.25547	91.06549	92.27411	93.95978	93.34936	94.20874	91.85817	91.42488
1/27/2025	9:39:37 AM	94.15953	92.60525	92.62433	90.75317	90.52820	90.77357	91.14551	90.95568	92.15633	93.82983	93.22417	94.07695	91.74191	91.31187
1/27/2025	9:39:40 AM	94.02657	92.48320	92.50161	90.64843	90.42534	90.66757	91.03417	90.84499	92.03753	93.69828	93.09732	93.94420	91.62457	91.20034
1/27/2025	9:39:44 AM	93.85394	92.26718	92.23891	90.44170	90.28970	90.63469	91.07428	90.88097	91.96410	93.47259	92.66443	93.37600	91.39945	91.02614
1/27/2025	9:39:48 AM	93.19396	91.75852	91.88980	90.24919	90.33213	90.84704	91.33515	91.14467	92.06616	93.41099	92.42067	92.98830	91.35096	91.10341
1/27/2025	9:39:51 AM	92.73180	91.29312	91.55687	90.10052	90.42733	91.14590	91.77687	91.66627	92.42862	93.58077	92.33536	92.72823	91.30945	91.14211
1/27/2025	9:39:55 AM	92.37582	90.97776	91.28175	89.89950	90.32412	91.20011	91.89279	91.75113	92.41098	93.39809	92.05157	92.33418	91.22165	91.04937
1/27/2025	9:39:58 AM	91.97607	90.68291	91.13638	89.92152	90.52856	91.46955	92.24191	92.02213	92.59332	93.43533	92.45867	93.49816	91.50667	91.26689
1/27/2025	9:40:02 AM	93.08986	91.41241	91.78268	90.35422	91.12599	91.54477	92.23005	91.99248	92.45899	93.29552	92.20441	92.92818	91.48452	91.20864
1/27/2025	9:40:06 AM	92.64352	91.17371	91.61684	90.29716	90.95430	91.53953	92.16082	91.84637	92.18430	92.92427	91.76622	92.32059	91.26033	91.01854
1/27/2025	9:40:09 AM	92.10509	90.85495	91.39461	90.17418	90.80797	91.46225	92.07693	91.83836	92.18232	92.96449	91.74535	92.25379	91.18831	90.98144
1/27/2025	9:40:13 AM	92.01151	90.69499	91.20997	90.04832	90.75027	91.54547	92.18410	91.96033	92.30471	92.77370	91.58238	91.50897	90.74551	90.72213
1/27/2025	9:40:16 AM	91.42488	88.11675	90.55596	88.22086	90.17229	79.16561	81.92874	77.27013	86.40093	91.63642	90.25653	89.87378	86.23445	89.05484
1/27/2025	9:40:20 AM	87.89345	84.66034	87.76585	76.31976	87.15634	80.19707	81.92929	77.01722	86.20127	90.10322	85.38576	83.01453	80.35337	79.11476
1/27/2025	9:40:24 AM	77.66410	76.74061	76.57833	76.37917	76.37639	76.45498	76.50372	76.46347	76.46270	76.51231	76.48707	76.41261	76.34442	76.46669
1/27/2025	9:40:27 AM	76.49393	76.44864	76.42743	76.40448	76.40223	76.46120	76.52585	76.48900	76.47269	76.49205	76.50958	76.44105	76.39934	76.49024
1/27/2025	9:40:31 AM	76.52341	76.46432	76.45531	76.45989	76.40208	76.48688	76.53944	76.50861	76.48453	76.49961	76.52630	76.45055	76.42306	76.50595
1/27/2025	9:40:34 AM	76.53417	76.47097	76.46267	76.47810	76.40146	76.49005	76.53622	76.51086	76.48149	76.49888	76.52896	76.45257	76.42698	76.50467
1/27/2025	9:40:38 AM	76.53417	76.47208	76.46650	76.48601	76.40862	76.48491	76.53875	76.51024	76.47781	76.48814	76.52541	76.45554	76.42327	76.50008
1/27/2025	9:40:42 AM	76.53691	76.47322	76.47097	76.49020	76.41679	76.47700	76.53521	76.49950	76.47978	76.47845	76.52534	76.45482	76.42803	76.50286
1/27/2025	9:40:45 AM	76.53713	76.47401	76.47301	76.49386	76.40791	76.47167	76.53276	76.49736	76.48346	76.47333	76.52182	76.45356	76.42623	76.49892
1/27/2025	9:40:49 AM	76.53724	76.47360	76.47401	76.49178	76.40169	76.46820	76.53071	76.49335	76.48438	76.47181	76.52066	76.45483	76.42265	76.49485
1/27/2025	9:40:53 AM	76.53821	76.47036	76.47188	76.49066	76.39491	76.46524	76.52996	76.49410	76.48339	76.47040	76.51803	76.45567	76.41984	76.49353
1/27/2025	9:40:56 AM	76.53907	76.46968	76.47086	76.49104	76.39361	76.46807	76.52981	76.49415	76.48453	76.46874	76.52181	76.45425	76.42262	76.48655
1/27/2025	9:41:00 AM	76.53907	76.46962	76.46871	76.49112	76.39249	76.46664	76.53048	76.48958	76.48496	76.46813	76.52245	76.45416	76.42642	76.48497
1/27/2025	9:41:03 AM	76.53865	76.46758	76.46804	76.49291	76.39089	76.46497	76.52906	76.49004	76.48576	76.46677	76.52156	76.45454	76.42265	76.48328
1/27/2025	9:41:07 AM	76.53887	76.46867	76.46534	76.49824	76.39099	76.46358	76.52725	76.49297	76.48739	76.46627	76.51845	76.45437	76.42044	76.48633
1/27/2025	9:41:11 AM	76.53905	76.46796	76.46487	76.50110	76.38927	76.46510	76.52540	76.49403	76.48817	76.46749	76.51619	76.45298	76.41816	76.47932
1/27/2025	9:41:14 AM	76.53762	76.46588	76.46391	76.50009	76.39423	76.46459	76.52511	76.49252	76.48628	76.46711	76.51538	76.45262	76.41715	76.48139
1/27/2025	9:41:18 AM	76.53846	76.46378	76.46402	76.50466	76.39801	76.46335	76.52445	76.49025	76.48449	76.46576	76.51417	76.45073	76.42081	76.48316
1/27/2025	9:41:21 AM	76.53613	76.46422	76.46087	76.49770	76.40241	76.46207	76.51775	76.48976	76.48366	76.46374	76.51299	76.44977	76.41942	76.48128
1/27/2025	9:41:25 AM	76.53626	76.46487	76.45871	76.49864	76.40598	76.46058	76.51897	76.48819	76.48347	76.46321	76.51294	76.45167	76.41834	76.47919
1/27/2025	9:41:29 AM	76.53786	76.46654	76.45987	76.50209	76.40835	76.45884	76.52044	76.48744	76.48539	76.46197	76.51176	76.44881	76.41606	76.47653
1/27/2025	9:41:32 AM	76.53683	76.46636	76.46812	76.50565	76.41117	76.45923	76.52218	76.48873	76.48683	76.46064	76.51146	76.44753	76.41625	76.47591
1/27/2025	9:41:36 AM	76.53553	76.46740	76.46976	76.50782	76.41503	76.46381	76.52584	76.48766	76.48524	76.45949	76.50911	76.44537	76.41324	76.48175
1/27/2025	9:41:39 AM	76.53543	76.46930	76.47268	76.51484	76.41593	76.46449	76.52438	76.48726	76.48537	76.45767	76.50841	76.44521	76.41304	76.48381
1/27/2025	9:41:43 AM	76.53729	76.47061	76.47430	76.51994	76.41812	76.46237	76.51831	76.48959	76.48883	76.45940	76.51053	76.44589	76.41111	76.47832
1/27/2025	9:41:47 AM	76.53540	76.46929	76.47183	76.52121	76.41802	76.46434	76.52122	76.49585	76.48871	76.45927	76.51135	76.44670	76.41091	76.47288
1/27/2025	9:41:50 AM	76.53935	76.46748	76.46838	76.52731	76.42071	76.46386	76.52276	76.49383	76.48844	76.45838	76.51067	76.44966	76.41171	76.47319
