19/07/2022	14:53:24	86.39801	86.39042	86.39557	86.59327	86.37091	86.39388	86.39020	86.40840	86.36904	86.37284	86.42288	86.37317	86.43506	86.37410
19/07/2022	14:53:27	86.39862	86.39076	86.39529	86.59311	86.37094	86.39416	86.39070	86.40894	86.36961	86.37303	86.42450	86.37388	86.43504	86.37456
19/07/2022	14:53:31	86.39909	86.39083	86.39485	86.59282	86.37065	86.39460	86.39095	86.40918	86.36940	86.37314	86.42441	86.37354	86.43567	86.37486
19/07/2022	14:53:35	86.39904	86.39105	86.39520	86.59174	86.36982	86.39323	86.39011	86.40790	86.36898	86.37264	86.42434	86.37316	86.43505	86.37433
19/07/2022	14:53:39	86.39886	86.39177	86.39567	86.59183	86.37059	86.39398	86.39081	86.40899	86.36986	86.37279	86.42437	86.37328	86.43542	86.37495
19/07/2022	14:53:43	86.39921	86.39304	86.39601	86.59237	86.37059	86.39468	86.39117	86.40849	86.36921	86.37229	86.42380	86.37333	86.43559	86.37451
19/07/2022	14:53:47	86.39869	86.39259	86.39475	86.59188	86.36947	86.39359	86.39044	86.40889	86.36923	86.37248	86.42439	86.37315	86.43556	86.37491
19/07/2022	14:53:51	86.39878	86.39294	86.39541	86.59224	86.37016	86.39449	86.39085	86.40926	86.37003	86.37271	86.42452	86.37396	86.43574	86.37487
19/07/2022	14:53:54	86.39939	86.39298	86.39634	86.59228	86.37017	86.39466	86.39074	86.40934	86.36965	86.37302	86.42454	86.37424	86.43585	86.37412
19/07/2022	14:53:58	86.39926	86.39246	86.39518	86.59245	86.37061	86.39499	86.39126	86.40932	86.37004	86.37373	86.42492	86.37409	86.43591	86.37436
19/07/2022	14:54:02	86.39912	86.39211	86.39602	86.59215	86.37126	86.39496	86.39076	86.40892	86.36961	86.37304	86.42321	86.37398	86.43571	86.37369
19/07/2022	14:54:06	86.39858	86.39107	86.39556	86.59218	86.37046	86.39426	86.39094	86.40934	86.36946	86.37326	86.42482	86.37404	86.43604	86.37442
19/07/2022	14:54:10	86.39927	86.39175	86.39631	86.59294	86.37128	86.39484	86.39134	86.40895	86.36950	86.37362	86.42506	86.37448	86.43646	86.37510
19/07/2022	14:54:14	86.40004	86.39200	86.39590	86.59301	86.37093	86.39466	86.39125	86.40930	86.37002	86.37379	86.42540	86.37447	86.43661	86.37506
19/07/2022	14:54:18	86.39977	86.39219	86.39639	86.59282	86.37150	86.39479	86.39129	86.40992	86.37038	86.37387	86.42540	86.37452	86.43632	86.37502
19/07/2022	14:54:22	86.39986	86.39223	86.39645	86.59312	86.37123	86.39480	86.39099	86.40938	86.36977	86.37384	86.42563	86.37491	86.43642	86.37531
19/07/2022	14:54:26	86.39978	86.39232	86.39654	86.59330	86.37186	86.39542	86.39188	86.40987	86.37045	86.37397	86.42615	86.37521	86.43721	86.37559
19/07/2022	14:54:30	86.40014	86.39251	86.39704	86.59352	86.37174	86.39537	86.39177	86.40992	86.37061	86.37432	86.42615	86.37521	86.43695	86.37567
19/07/2022	14:54:33	86.40002	86.39218	86.39599	86.59279	86.37165	86.39564	86.39221	86.41022	86.37012	86.37408	86.42584	86.37517	86.43699	86.37540
19/07/2022	14:54:37	86.40034	86.39211	86.39650	86.59314	86.37199	86.39588	86.39236	86.41094	86.37065	86.37399	86.42595	86.37473	86.43638	86.37589
19/07/2022	14:54:41	86.40018	86.39225	86.39705	86.59373	86.37190	86.39618	86.39267	86.41095	86.37109	86.37448	86.42617	86.37528	86.43691	86.37600
19/07/2022	14:54:45	86.39992	86.39192	86.39611	86.59310	86.37195	86.39584	86.39246	86.41091	86.37069	86.37426	86.42607	86.37470	86.43675	86.37531
19/07/2022	14:54:49	86.40032	86.39209	86.39665	86.59294	86.37165	86.39627	86.39277	86.41117	86.37098	86.37453	86.42579	86.37525	86.43675	86.37551
19/07/2022	14:54:53	86.40021	86.39243	86.39650	86.59325	86.37222	86.39610	86.39301	86.41165	86.37137	86.37497	86.42659	86.37477	86.43670	86.37579
19/07/2022	14:54:57	86.40032	86.39222	86.39714	86.59334	86.37198	86.39629	86.39259	86.41146	86.37102	86.37488	86.42645	86.37511	86.43689	86.37600
19/07/2022	14:55:00	86.40039	86.39211	86.39704	86.59315	86.37214	86.39622	86.39314	86.41178	86.37150	86.37473	86.42650	86.37524	86.43682	86.37618
19/07/2022	14:55:04	86.40041	86.39245	86.39717	86.59350	86.37244	86.39668	86.39320	86.41211	86.37219	86.37489	86.42637	86.37495	86.43688	86.37543
19/07/2022	14:55:08	86.40040	86.39263	86.39706	86.59359	86.37230	86.39661	86.39311	86.41186	86.37290	86.37502	86.42703	86.37515	86.43690	86.37596
19/07/2022	14:55:12	86.39997	86.39223	86.39680	86.59381	86.37236	86.39674	86.39314	86.41231	86.37339	86.37511	86.42604	86.37518	86.43688	86.37583
19/07/2022	14:55:16	86.40017	86.39253	86.39704	86.59361	86.37242	86.39727	86.39339	86.41278	86.37439	86.37570	86.42703	86.37545	86.43705	86.37646
19/07/2022	14:55:20	86.40055	86.39278	86.39733	86.59389	86.37262	86.39716	86.39328	86.41281	86.37507	86.37632	86.42690	86.37571	86.43752	86.37670
19/07/2022	14:55:24	86.40086	86.39315	86.39785	86.59453	86.37294	86.39789	86.39348	86.41292	86.37548	86.37598	86.42691	86.37573	86.43767	86.37672
19/07/2022	14:55:28	86.40120	86.39310	86.39815	86.59435	86.37276	86.39740	86.39382	86.41324	86.37512	86.37649	86.42707	86.37607	86.43768	86.37668
19/07/2022	14:55:32	86.40097	86.39309	86.39818	86.59429	86.37296	86.39818	86.39385	86.41326	86.37503	86.37599	86.42737	86.37621	86.43795	86.37692
19/07/2022	14:55:36	86.40124	86.39368	86.39854	86.59451	86.37315	86.39798	86.39355	86.41274	86.37462	86.37615	86.42756	86.37611	86.43758	86.37673
19/07/2022	14:55:40	86.40101	86.39376	86.39882	86.59461	86.37320	86.39760	86.39353	86.41264	86.37479	86.37589	86.42722	86.37605	86.43761	86.37671
19/07/2022	14:55:43	86.40110	86.39340	86.39879	86.59449	86.37305	86.39807	86.39354	86.41328	86.37513	86.37616	86.42726	86.37630	86.43785	86.37685
19/07/2022	14:55:47	86.40092	86.39346	86.39839	86.59390	86.37290	86.39744	86.39305	86.41247	86.37414	86.37567	86.42669	86.37540	86.43739	86.37650
19/07/2022	14:55:51	86.40076	86.39337	86.39887	86.59429	86.37300	86.39808	86.39366	86.41317	86.37488	86.37589	86.42740	86.37647	86.43773	86.37718
19/07/2022	14:55:55	86.40126	86.39341	86.39931	86.59418	86.37268	86.39712	86.39403	86.41324	86.37517	86.37657	86.42728	86.37645	86.43797	86.37726
19/07/2022	14:55:59	86.40151	86.39386	86.39962	86.59462	86.37331	86.39786	86.39446	86.41386	86.37500	86.37605	86.42727	86.37624	86.43740	86.37663
19/07/2022	14:56:03	86.40136	86.39367	86.39950	86.59468	86.37332	86.39723	86.39431	86.41334	86.37439	86.37600	86.42745	86.37623	86.43732	86.37678
19/07/2022	14:56:07	86.40100	86.39334	86.39923	86.59427	86.37306	86.39768	86.39450	86.41381	86.37468	86.37639	86.42748	86.37605	86.43784	86.37714
19/07/2022	14:56:11	86.40124	86.39377	86.39927	86.59488	86.37294	86.39776	86.39444	86.41390	86.37448	86.37624	86.42736	86.37635	86.43809	86.37738
19/07/2022	14:56:14	86.40171	86.39409	86.40013	86.59485	86.37300	86.39744	86.39442	86.41417	86.37430	86.37629	86.42732	86.37586	86.43745	86.37679
19/07/2022	14:56:18	86.40121	86.39428	86.39989	86.59473	86.37341	86.39748	86.39383	86.41386	86.37403	86.37613	86.42733	86.37616	86.43820	86.37735
19/07/2022	14:56:22	86.40132	86.39432	86.39994	86.59450	86.37316	86.39753	86.39412	86.41395	86.37409	86.37574	86.42697	86.37615	86.43799	86.37702
19/07/2022	14:56:26	86.40117	86.39407	86.39952	86.59494	86.37336	86.39753	86.39452	86.41423	86.37413	86.37596	86.42711	86.37628	86.43812	86.37764
19/07/2022	14:56:30	86.40164	86.39395	86.39924	86.59445	86.37270	86.39733	86.39397	86.41398	86.37357	86.37595	86.42702	86.37615	86.43822	86.37716
19/07/2022	14:56:34	86.40139	86.39423	86.39979	86.59505	86.37328	86.39787	86.39433	86.41431	86.37364	86.37637	86.42756	86.37651	86.43837	86.37728
19/07/2022	14:56:38	86.40174	86.39427	86.39996	86.59498	86.37304	86.39815	86.39431	86.41448	86.37368	86.37568	86.42693	86.37624	86.43814	86.37710
19/07/2022	14:56:42	86.40099	86.39451	86.39993	86.59498	86.37299	86.39821	86.39510	86.41465	86.37383	86.37684	86.42764	86.37686	86.43879	86.37757
19/07/2022	14:56:45	86.40215	86.39491	86.40087	86.59575	86.37351	86.39816	86.39546	86.41465	86.37418	86.37633	86.42759	86.37644	86.43875	86.37772
19/07/2022	14:56:49	86.40188	86.39460	86.40041	86.59532	86.37353	86.39802	86.39483	86.41406	86.37389	86.37634	86.42744	86.37684	86.43865	86.37751
19/07/2022	14:56:53	86.40177	86.39445	86.40032	86.59532	86.37309	86.39805	86.39448	86.41423	86.37386	86.37653	86.42765	86.37672	86.43857	86.37763
19/07/2022	14:56:57	86.40163	86.39466	86.40053	86.59532	86.37358	86.39853	86.39508	86.41446	86.37402	86.37617	86.42700	86.37647	86.43898	86.37779
19/07/2022	14:57:01	86.40191	86.39484	86.40117	86.59501	86.37359	86.39830	86.39522	86.41475	86.37426	86.37676	86.42744	86.37675	86.43883	86.37826
19/07/2022	14:57:05	86.40218	86.39500	86.40129	86.59589	86.37330	86.39854	86.39544	86.41510	86.37416	86.37640	86.42732	86.37655	86.43909	86.37735
19/07/2022	14:57:09	86.40201	86.39474	86.40135	86.59548	86.37348	86.39827	86.39595	86.41553	86.37471	86.37696	86.42794	86.37703	86.43892	86.37832
19/07/2022	14:57:13	86.40242	86.39547	86.40219	86.59589	86.37392	86.39888	86.39602	86.41552	86.37450	86.37704	86.42813	86.37742	86.43954	86.37789
19/07/2022	14:57:16	86.40244	86.39518	86.40244	86.59569	86.37360	86.39861	86.39566	86.41567	86.37469	86.37681	86.42770	86.37718	86.43959	86.37806
19/07/2022	14:57:20	86.40227	86.39557	86.40216	86.59536	86.37358	86.39889	86.39591	86.41547	86.37510	86.37656	86.42798	86.37739	86.43970	86.37827
19/07/2022	14:57:24	86.40201	86.39538	86.40197	86.59531	86.37301	86.39838	86.39560	86.41548	86.37443	86.37662	86.42770	86.37669	86.43954	86.37776
19/07/2022	14:57:28	86.40231	86.39534	86.40212	86.59562	86.37342	86.39878	86.39600	86.41525	86.37507	86.37649	86.42791	86.37718	86.43935	86.37791
19/07/2022	14:57:32	86.40219	86.39575	86.40206	86.59556	86.37362	86.39893	86.39591	86.41597	86.37523	86.37648	86.42735	86.37707	86.43936	86.37779
19/07/2022	14:57:36	86.40231	86.39578	86.40226	86.59615	86.37399	86.39910	86.39622	86.41590	86.37491	86.37683	86.42784	86.37735	86.43990	86.37840
19/07/2022	14:57:40	86.40289	86.39611	86.40211	86.59587	86.37380	86.39912	86.39638	86.41632	86.37532	86.37723	86.42802	86.37762	86.44048	86.37886
19/07/2022	14:57:44	86.40288	86.39628	86.40233	86.59675	86.37398	86.39911	86.39631	86.41593	86.37510	86.37695	86.42802	86.37756	86.43981	86.37840
19/07/2022	14:57:47	86.40284	86.39621	86.40230	86.59623	86.37408	86.39920	86.39633	86.41586	86.37515	86.37699	86.42825	86.37721	86.43997	86.37849
19/07/2022	14:57:51	86.40331	86.39687	86.40266	86.59651	86.37421	86.39962	86.39668	86.41625	86.37563	86.37738	86.42875	86.37779	86.44040	86.37900
19/07/2022	14:57:55	86.40348	86.39710	86.40297	86.59674	86.37461	86.39981	86.39668	86.41633	86.37610	86.37748	86.42848	86.37760	86.44090	86.37934
19/07/2022	14:57:59	86.40373	86.39730	86.40275	86.59640	86.37458	86.39969	86.39667	86.41618	86.37549	86.37728	86.42822	86.37760	86.44075	86.37906
19/07/2022	14:58:03	86.40290	86.39660	86.40288	86.59649	86.37446	86.39953	86.39705	86.41668	86.37591	86.37757	86.42855	86.37753	86.44039	86.37904
19/07/2022	14:58:07	86.40354	86.39679	86.40252	86.59635	86.37417	86.39995	86.39709	86.41631	86.37569	86.37776	86.42833	86.37773	86.44075	86.37926
19/07/2022	14:58:11	86.40301	86.39712	86.40284	86.59678	86.37460	86.39997	86.39701	86.41623	86.37593	86.37775	86.42862	86.37755	86.44091	86.37969
19/07/2022	14:58:15	86.40355	86.39733	86.40244	86.59678	86.37467	86.39994	86.39717	86.41623	86.37604	86.37773	86.42842	86.37745	86.44106	86.37990
19/07/2022	14:58:19	86.40336	86.39749	86.40250	86.59655	86.37491	86.39966	86.39713	86.41673	86.37602	86.37756	86.42838	86.37799	86.44146	86.37943
19/07/2022	14:58:22	86.40368	86.39830	86.40282	86.59709	86.37519	86.40037	86.39765	86.41671	86.37621	86.37825	86.42899	86.37789	86.44168	86.37995
19/07/2022	14:58:26	86.40378	86.39834	86.40311	86.59696	86.37505	86.40012	86.39721	86.41661	86.37601	86.37809	86.42893	86.37751	86.44136	86.37946
19/07/2022	14:58:30	86.40368	86.39821	86.40335	86.59680	86.37570	86.40049	86.39766	86.41697	86.37660	86.37831	86.42932	86.37806	86.44154	86.38002
19/07/2022	14:58:34	86.40407	86.39824	86.40374	86.59731	86.37563	86.40068	86.39752	86.41698	86.37639	86.37825	86.42894	86.37809	86.44171	86.37972
19/07/2022	14:58:38	86.40412	86.39830	86.40295	86.59714	86.37529	86.40010	86.39761	86.41673	86.37607	86.37801	86.42892	86.37804	86.44191	86.38008
19/07/2022	14:58:42	86.40415	86.39880	86.40324	86.59786	86.37579	86.40057	86.39749	86.41740	86.37652	86.37823	86.42924	86.37808	86.44151	86.37988
19/07/2022	14:58:46	86.40394	86.39845	86.40334	86.59742	86.37565	86.40017	86.39715	86.41710	86.37618	86.37806	86.42907	86.37778	86.44228	86.37968
19/07/2022	14:58:50	86.40393	86.39873	86.40364	86.59747	86.37592	86.40015	86.39744	86.41718	86.37611	86.37792	86.42870	86.37751	86.44164	86.38000
19/07/2022	14:58:53	86.40339	86.39820	86.40336	86.59734	86.37585	86.40051	86.39758	86.41742	86.37615	86.37797	86.42880	86.37759	86.44172	86.37971
19/07/2022	14:58:57	86.40360	86.39823	86.40352	86.59725	86.37567	86.39999	86.39718	86.41696	86.37603	86.37794	86.42888	86.37808	86.44232	86.38009
19/07/2022	14:59:01	86.40359	86.39872	86.40388	86.59757	86.37593	86.40044	86.39775	86.41782	86.37655	86.37826	86.42919	86.37815	86.44212	86.38013
19/07/2022	14:59:05	86.40394	86.39899	86.40404	86.59757	86.37561	86.40028	86.39784	86.41750	86.37631	86.37839	86.42897	86.37809	86.44208	86.38020
19/07/2022	14:59:09	86.40368	86.39897	86.40424	86.59794	86.37579	86.40016	86.39712	86.41782	86.37621	86.37832	86.42907	86.37824	86.44229	86.38041
19/07/2022	14:59:13	86.40439	86.39962	86.40453	86.59800	86.37570	86.40018	86.39754	86.41780	86.37640	86.37846	86.42922	86.37853	86.44296	86.38052
19/07/2022	14:59:17	86.40400	86.39932	86.40447	86.59799	86.37628	86.40038	86.39774	86.41823	86.37639	86.37862	86.42906	86.37819	86.44286	86.38036
19/07/2022	14:59:21	86.40404	86.40009	86.40506	86.59836	86.37633	86.40065	86.39820	86.41870	86.37695	86.37870	86.42965	86.37872	86.44258	86.38038
19/07/2022	14:59:25	86.40415	86.40027	86.40501	86.59812	86.37618	86.40075	86.39794	86.41878	86.37644	86.37838	86.42903	86.37823	86.44266	86.38010
19/07/2022	14:59:29	86.40358	86.40037	86.40518	86.59816	86.37656	86.40069	86.39800	86.41865	86.37624	86.37853	86.42936	86.37820	86.44268	86.38010
19/07/2022	14:59:32	86.40392	86.40030	86.40490	86.59854	86.37676	86.40074	86.39802	86.41860	86.37673	86.37870	86.42934	86.37828	86.44306	86.38042
19/07/2022	14:59:36	86.40390	86.40065	86.40516	86.59906	86.37647	86.40031	86.39799	86.41880	86.37646	86.37867	86.42944	86.37836	86.44283	86.38043
19/07/2022	14:59:40	86.40384	86.40064	86.40542	86.59844	86.37667	86.40107	86.39828	86.41857	86.37671	86.37890	86.42940	86.37837	86.44319	86.38072
19/07/2022	14:59:44	86.40447	86.40140	86.40596	86.59938	86.37689	86.40081	86.39823	86.41866	86.37723	86.37898	86.42950	86.37866	86.44335	86.38074
19/07/2022	14:59:48	86.40446	86.40170	86.40615	86.59904	86.37720	86.40089	86.39840	86.41894	86.37695	86.37892	86.42972	86.37888	86.44350	86.38074
19/07/2022	14:59:52	86.40466	86.40188	86.40654	86.59903	86.37697	86.40077	86.39860	86.41950	86.37712	86.37887	86.42957	86.37846	86.44353	86.38093
19/07/2022	14:59:56	86.40468	86.40210	86.40651	86.59926	86.37696	86.40082	86.39826	86.41907	86.37713	86.37884	86.42945	86.37838	86.44324	86.38124
19/07/2022	15:00:00	86.40456	86.40266	86.40674	86.59960	86.37682	86.40118	86.39838	86.41969	86.37733	86.37969	86.42986	86.37904	86.44368	86.38151
19/07/2022	15:00:03	86.40490	86.40273	86.40686	86.59966	86.37746	86.40131	86.39857	86.41986	86.37771	86.37923	86.43040	86.37910	86.44384	86.38166
19/07/2022	15:00:07	86.40542	86.40313	86.40802	86.60032	86.37749	86.40177	86.39907	86.42017	86.37822	86.38009	86.43043	86.37918	86.44349	86.38111
19/07/2022	15:00:11	86.40511	86.40307	86.40767	86.59970	86.37708	86.40134	86.39846	86.41999	86.37794	86.37959	86.43005	86.37909	86.44374	86.38144
19/07/2022	15:00:15	86.40543	86.40347	86.40839	86.59985	86.37760	86.40166	86.39870	86.42023	86.37834	86.37939	86.42987	86.37889	86.44382	86.38118
19/07/2022	15:00:19	86.40500	86.40352	86.40812	86.59969	86.37798	86.40136	86.39882	86.42004	86.37855	86.37993	86.43020	86.37897	86.44449	86.38162
19/07/2022	15:00:23	86.40570	86.40398	86.40870	86.60045	86.37789	86.40193	86.39909	86.42038	86.37870	86.37995	86.43087	86.37944	86.44434	86.38183
19/07/2022	15:00:27	86.40617	86.40449	86.40877	86.60052	86.37805	86.40216	86.39883	86.42038	86.37902	86.38031	86.43052	86.37939	86.44491	86.38136
19/07/2022	15:00:31	86.40570	86.40464	86.40878	86.60039	86.37780	86.40152	86.39868	86.42039	86.37866	86.38008	86.43012	86.37924	86.44410	86.38157
19/07/2022	15:00:35	86.40599	86.40460	86.40866	86.60103	86.37767	86.40218	86.39928	86.42097	86.37921	86.38038	86.43039	86.37928	86.44513	86.38190
19/07/2022	15:00:39	86.40621	86.40505	86.40911	86.60110	86.37870	86.40201	86.39945	86.42054	86.37926	86.38018	86.43023	86.37918	86.44439	86.38181
19/07/2022	15:00:42	86.40657	86.40534	86.40928	86.60145	86.37849	86.40226	86.39963	86.42061	86.37952	86.38014	86.43014	86.37918	86.44468	86.38187
19/07/2022	15:00:46	86.40660	86.40510	86.40940	86.60114	86.37817	86.40162	86.39930	86.42030	86.37956	86.38063	86.43061	86.37915	86.44449	86.38156
19/07/2022	15:00:50	86.40623	86.40496	86.40917	86.60122	86.37821	86.40195	86.39942	86.42028	86.37992	86.38047	86.43057	86.37947	86.44437	86.38193
19/07/2022	15:00:54	86.40683	86.40534	86.40973	86.60122	86.37824	86.40190	86.39986	86.42097	86.37971	86.38081	86.43054	86.37957	86.44451	86.38198
19/07/2022	15:00:58	86.40667	86.40546	86.40953	86.60146	86.37841	86.40231	86.40003	86.42078	86.38022	86.38046	86.43093	86.37974	86.44524	86.38217
19/07/2022	15:01:02	86.40733	86.40555	86.40986	86.60170	86.37811	86.40216	86.40028	86.42117	86.38029	86.38063	86.43070	86.37954	86.44509	86.38278
19/07/2022	15:01:06	86.40762	86.40599	86.41029	86.60224	86.37917	86.40252	86.40019	86.42110	86.38040	86.38024	86.43084	86.37979	86.44523	86.38244
19/07/2022	15:01:10	86.40711	86.40631	86.41045	86.60202	86.37912	86.40291	86.40046	86.42157	86.38066	86.38131	86.43130	86.37997	86.44509	86.38310
19/07/2022	15:01:14	86.40758	86.40608	86.41032	86.60188	86.37890	86.40267	86.40045	86.42092	86.38017	86.38077	86.43086	86.37960	86.44489	86.38228
19/07/2022	15:01:18	86.40722	86.40553	86.41041	86.60200	86.37868	86.40198	86.40036	86.42114	86.38023	86.38088	86.43082	86.37968	86.44512	86.38250
19/07/2022	15:01:21	86.40746	86.40582	86.41071	86.60237	86.37900	86.40240	86.40078	86.42125	86.38035	86.38085	86.43067	86.37972	86.44515	86.38247
19/07/2022	15:01:25	86.40767	86.40618	86.41065	86.60229	86.37861	86.40270	86.40096	86.42138	86.38034	86.38117	86.43112	86.37976	86.44475	86.38234
19/07/2022	15:01:29	86.40732	86.40603	86.41064	86.60204	86.37889	86.40256	86.40071	86.42112	86.38005	86.38084	86.43079	86.37979	86.44517	86.38270
19/07/2022	15:01:33	86.40748	86.40569	86.41053	86.60237	86.37892	86.40227	86.40063	86.42114	86.38007	86.38033	86.43066	86.37922	86.44482	86.38283
19/07/2022	15:01:37	86.40753	86.40587	86.40986	86.60188	86.37860	86.40233	86.40072	86.42165	86.38036	86.38105	86.43121	86.37992	86.44493	86.38268
19/07/2022	15:01:41	86.40782	86.40616	86.41031	86.60217	86.37907	86.40292	86.40121	86.42130	86.38029	86.38074	86.43082	86.37957	86.44517	86.38288
19/07/2022	15:01:45	86.40748	86.40565	86.40989	86.60198	86.37914	86.40321	86.40110	86.42121	86.38036	86.38062	86.43090	86.37919	86.44492	86.38255
19/07/2022	15:01:49	86.40781	86.40615	86.41056	86.60236	86.37946	86.40308	86.40096	86.42147	86.38035	86.38062	86.43084	86.37987	86.44531	86.38302
19/07/2022	15:01:53	86.40763	86.40586	86.41008	86.60239	86.37886	86.40258	86.40066	86.42178	86.38003	86.38081	86.43114	86.37994	86.44530	86.38283
19/07/2022	15:01:56	86.40809	86.40661	86.41078	86.60349	86.37954	86.40336	86.40132	86.42179	86.38088	86.38125	86.43128	86.38005	86.44550	86.38329
19/07/2022	15:02:00	86.40828	86.40679	86.41101	86.60270	86.37918	86.40304	86.40120	86.42218	86.38096	86.38187	86.43158	86.38087	86.44561	86.38367
19/07/2022	15:02:04	86.40895	86.40713	86.41128	86.60338	86.38009	86.40351	86.40194	86.42206	86.38101	86.38142	86.43182	86.38034	86.44568	86.38359
19/07/2022	15:02:08	86.40835	86.40735	86.41116	86.60312	86.37995	86.40349	86.40156	86.42202	86.38089	86.38141	86.43169	86.38084	86.44597	86.38393
19/07/2022	15:02:12	86.40884	86.40767	86.41142	86.60303	86.38019	86.40331	86.40188	86.42233	86.38090	86.38142	86.43203	86.38071	86.44607	86.38355
19/07/2022	15:02:16	86.40876	86.40796	86.41183	86.60311	86.38006	86.40367	86.40186	86.42238	86.38093	86.38170	86.43204	86.38119	86.44602	86.38423
19/07/2022	15:02:20	86.40890	86.40830	86.41211	86.60333	86.38036	86.40385	86.40234	86.42264	86.38136	86.38196	86.43175	86.38082	86.44576	86.38387
19/07/2022	15:02:24	86.40842	86.40794	86.41175	86.60330	86.38031	86.40389	86.40190	86.42198	86.38087	86.38174	86.43187	86.38122	86.44669	86.38416
19/07/2022	15:02:27	86.40905	86.40848	86.41174	86.60337	86.38031	86.40354	86.40165	86.42196	86.38096	86.38159	86.43225	86.38106	86.44600	86.38368
19/07/2022	15:02:31	86.40871	86.40863	86.41138	86.60323	86.38018	86.40340	86.40160	86.42183	86.38076	86.38170	86.43220	86.38115	86.44586	86.38394
19/07/2022	15:02:35	86.40878	86.40881	86.41160	86.60329	86.38024	86.40429	86.40210	86.42222	86.38097	86.38197	86.43230	86.38128	86.44620	86.38374
19/07/2022	15:02:39	86.40941	86.40870	86.41134	86.60323	86.38056	86.40353	86.40180	86.42225	86.38112	86.38179	86.43187	86.38107	86.44593	86.38365
19/07/2022	15:02:43	86.40900	86.40846	86.41149	86.60347	86.38063	86.40367	86.40209	86.42228	86.38080	86.38157	86.43177	86.38103	86.44565	86.38408
19/07/2022	15:02:47	86.40935	86.40870	86.41156	86.60345	86.38040	86.40359	86.40239	86.42234	86.38110	86.38160	86.43202	86.38114	86.44596	86.38388
19/07/2022	15:02:51	86.40888	86.40919	86.41135	86.60344	86.38057	86.40383	86.40206	86.42274	86.38103	86.38232	86.43191	86.38142	86.44602	86.38443
19/07/2022	15:02:55	86.40933	86.40940	86.41147	86.60419	86.38102	86.40403	86.40210	86.42276	86.38164	86.38191	86.43206	86.38191	86.44705	86.38435
19/07/2022	15:02:59	86.41014	86.40943	86.41120	86.60433	86.38126	86.40445	86.40279	86.42285	86.38120	86.38223	86.43283	86.38218	86.44656	86.38438
19/07/2022	15:03:02	86.40965	86.40957	86.41107	86.60412	86.38127	86.40444	86.40293	86.42277	86.38121	86.38226	86.43220	86.38148	86.44662	86.38438
19/07/2022	15:03:06	86.40994	86.40942	86.41142	86.60420	86.38116	86.40439	86.40259	86.42286	86.38119	86.38216	86.43277	86.38182	86.44665	86.38459
19/07/2022	15:03:10	86.41014	86.40958	86.41119	86.60408	86.38123	86.40488	86.40279	86.42303	86.38176	86.38239	86.43265	86.38190	86.44670	86.38483
19/07/2022	15:03:14	86.41019	86.40982	86.41137	86.60451	86.38124	86.40489	86.40299	86.42317	86.38151	86.38246	86.43296	86.38226	86.44714	86.38468
19/07/2022	15:03:18	86.40991	86.40930	86.41080	86.60384	86.38154	86.40513	86.40303	86.42311	86.38160	86.38259	86.43274	86.38208	86.44648	86.38449
19/07/2022	15:03:22	86.40970	86.40934	86.41065	86.60419	86.38071	86.40457	86.40263	86.42272	86.38127	86.38206	86.43249	86.38173	86.44656	86.38459
19/07/2022	15:03:26	86.40972	86.40943	86.41040	86.60352	86.38085	86.40463	86.40262	86.42243	86.38105	86.38223	86.43262	86.38180	86.44709	86.38481
19/07/2022	15:03:30	86.40973	86.40881	86.41029	86.60357	86.38103	86.40468	86.40276	86.42287	86.38106	86.38206	86.43208	86.38193	86.44709	86.38469
19/07/2022	15:03:34	86.40977	86.40953	86.41058	86.60404	86.38137	86.40470	86.40332	86.42336	86.38156	86.38242	86.43267	86.38209	86.44728	86.38480
19/07/2022	15:03:38	86.41048	86.40959	86.41078	86.60412	86.38142	86.40501	86.40306	86.42403	86.38164	86.38278	86.43290	86.38243	86.44753	86.38515
19/07/2022	15:03:41	86.41018	86.40964	86.41082	86.60391	86.38177	86.40496	86.40344	86.42354	86.38151	86.38227	86.43235	86.38232	86.44757	86.38528
19/07/2022	15:03:45	86.41081	86.40986	86.41081	86.60382	86.38195	86.40499	86.40296	86.42344	86.38150	86.38217	86.43223	86.38189	86.44731	86.38486
19/07/2022	15:03:49	86.41071	86.40992	86.41081	86.60388	86.38162	86.40539	86.40302	86.42410	86.38155	86.38222	86.43267	86.38230	86.44758	86.38531
19/07/2022	15:03:53	86.41098	86.40982	86.41109	86.60402	86.38168	86.40495	86.40318	86.42370	86.38143	86.38228	86.43247	86.38236	86.44751	86.38559
19/07/2022	15:03:57	86.41098	86.40999	86.41097	86.60416	86.38139	86.40528	86.40337	86.42363	86.38186	86.38268	86.43293	86.38253	86.44787	86.38540
19/07/2022	15:04:01	86.41121	86.41053	86.41118	86.60448	86.38250	86.40610	86.40441	86.42434	86.38230	86.38301	86.43317	86.38272	86.44767	86.38553
19/07/2022	15:04:05	86.41160	86.41101	86.41153	86.60459	86.38251	86.40628	86.40381	86.42479	86.38199	86.38272	86.43331	86.38270	86.44809	86.38599
19/07/2022	15:04:09	86.41206	86.41063	86.41148	86.60487	86.38215	86.40570	86.40347	86.42455	86.38184	86.38315	86.43356	86.38236	86.44793	86.38569
19/07/2022	15:04:12	86.41228	86.41043	86.41161	86.60460	86.38192	86.40612	86.40406	86.42481	86.38215	86.38311	86.43367	86.38329	86.44829	86.38664
19/07/2022	15:04:16	86.41225	86.41061	86.41133	86.60483	86.38246	86.40593	86.40424	86.42468	86.38209	86.38331	86.43358	86.38324	86.44783	86.38616
19/07/2022	15:04:20	86.41225	86.41053	86.41213	86.60555	86.38259	86.40611	86.40402	86.42487	86.38214	86.38323	86.43315	86.38299	86.44784	86.38580
19/07/2022	15:04:24	86.41219	86.41087	86.41203	86.60483	86.38245	86.40595	86.40396	86.42508	86.38218	86.38332	86.43345	86.38296	86.44802	86.38592
19/07/2022	15:04:28	86.41216	86.41077	86.41206	86.60499	86.38232	86.40593	86.40410	86.42521	86.38191	86.38324	86.43332	86.38331	86.44840	86.38630
19/07/2022	15:04:32	86.41268	86.41113	86.41197	86.60486	86.38244	86.40620	86.40409	86.42545	86.38265	86.38379	86.43370	86.38357	86.44877	86.38658
19/07/2022	15:04:36	86.41340	86.41145	86.41232	86.60539	86.38262	86.40689	86.40487	86.42563	86.38218	86.38347	86.43342	86.38340	86.44853	86.38659
19/07/2022	15:04:40	86.41267	86.41140	86.41239	86.60489	86.38227	86.40656	86.40454	86.42498	86.38245	86.38342	86.43321	86.38304	86.44844	86.38644
19/07/2022	15:04:44	86.41231	86.41092	86.41166	86.60484	86.38271	86.40632	86.40414	86.42498	86.38166	86.38291	86.43295	86.38305	86.44852	86.38598
19/07/2022	15:04:47	86.41264	86.41156	86.41207	86.60451	86.38245	86.40682	86.40444	86.42563	86.38227	86.38334	86.43321	86.38325	86.44858	86.38649
19/07/2022	15:04:51	86.41297	86.41133	86.41204	86.60502	86.38230	86.40650	86.40442	86.42544	86.38211	86.38293	86.43335	86.38319	86.44852	86.38624
19/07/2022	15:04:55	86.41324	86.41125	86.41180	86.60473	86.38249	86.40652	86.40411	86.42512	86.38219	86.38341	86.43372	86.38356	86.44872	86.38652
19/07/2022	15:04:59	86.41304	86.41171	86.41234	86.60504	86.38230	86.40676	86.40458	86.42506	86.38203	86.38332	86.43350	86.38328	86.44874	86.38651
19/07/2022	15:05:03	86.41266	86.41134	86.41220	86.60483	86.38219	86.40678	86.40460	86.42544	86.38225	86.38282	86.43305	86.38307	86.44844	86.38647
19/07/2022	15:05:07	86.41298	86.41180	86.41200	86.60498	86.38229	86.40675	86.40485	86.42542	86.38263	86.38333	86.43358	86.38338	86.44851	86.38672
19/07/2022	15:05:11	86.41317	86.41204	86.41227	86.60539	86.38281	86.40727	86.40470	86.42573	86.38244	86.38323	86.43370	86.38396	86.44867	86.38701
19/07/2022	15:05:15	86.41401	86.41196	86.41236	86.60556	86.38305	86.40753	86.40532	86.42572	86.38329	86.38381	86.43434	86.38417	86.44900	86.38700
19/07/2022	15:05:19	86.41400	86.41214	86.41261	86.60555	86.38310	86.40771	86.40485	86.42598	86.38306	86.38350	86.43380	86.38448	86.44936	86.38734
19/07/2022	15:05:22	86.41409	86.41281	86.41255	86.60586	86.38360	86.40777	86.40558	86.42608	86.38311	86.38354	86.43371	86.38389	86.44953	86.38708
19/07/2022	15:05:26	86.41391	86.41284	86.41223	86.60555	86.38338	86.40745	86.40577	86.42682	86.38358	86.38383	86.43405	86.38457	86.44990	86.38730
19/07/2022	15:05:30	86.41412	86.41264	86.41254	86.60586	86.38347	86.40764	86.40543	86.42625	86.38379	86.38371	86.43416	86.38439	86.44951	86.38718
19/07/2022	15:05:34	86.41419	86.41277	86.41245	86.60565	86.38302	86.40821	86.40572	86.42656	86.38344	86.38383	86.43428	86.38436	86.44973	86.38751
19/07/2022	15:05:38	86.41404	86.41294	86.41258	86.60572	86.38355	86.40787	86.40496	86.42621	86.38338	86.38373	86.43395	86.38456	86.44937	86.38760
19/07/2022	15:05:42	86.41479	86.41308	86.41281	86.60566	86.38340	86.40807	86.40540	86.42639	86.38366	86.38388	86.43420	86.38468	86.44981	86.38749
19/07/2022	15:05:46	86.41436	86.41311	86.41212	86.60548	86.38300	86.40781	86.40526	86.42659	86.38404	86.38372	86.43439	86.38503	86.44962	86.38745
19/07/2022	15:05:50	86.41442	86.41290	86.41241	86.60621	86.38334	86.40771	86.40534	86.42697	86.38380	86.38384	86.43442	86.38478	86.44986	86.38719
19/07/2022	15:05:54	86.41432	86.41362	86.41283	86.60575	86.38376	86.40825	86.40590	86.42675	86.38432	86.38414	86.43473	86.38463	86.45074	86.38780
19/07/2022	15:05:58	86.41470	86.41366	86.41296	86.60649	86.38348	86.40861	86.40586	86.42700	86.38445	86.38407	86.43427	86.38506	86.45015	86.38793
19/07/2022	15:06:01	86.41491	86.41385	86.41275	86.60631	86.38370	86.40864	86.40591	86.42736	86.38465	86.38435	86.43487	86.38564	86.45037	86.38784
19/07/2022	15:06:05	86.41475	86.41340	86.41280	86.60627	86.38365	86.40836	86.40546	86.42688	86.38454	86.38401	86.43449	86.38558	86.45017	86.38767
19/07/2022	15:06:09	86.41508	86.41400	86.41271	86.60594	86.38368	86.40854	86.40538	86.42706	86.38420	86.38375	86.43445	86.38535	86.45011	86.38735
19/07/2022	15:06:13	86.41484	86.41359	86.41272	86.60641	86.38356	86.40884	86.40588	86.42712	86.38423	86.38432	86.43463	86.38552	86.45039	86.38803
19/07/2022	15:06:17	86.41530	86.41398	86.41285	86.60650	86.38368	86.40857	86.40592	86.42729	86.38498	86.38449	86.43497	86.38563	86.45051	86.38823
19/07/2022	15:06:21	86.41519	86.41429	86.41282	86.60649	86.38382	86.40900	86.40609	86.42729	86.38473	86.38454	86.43531	86.38618	86.45073	86.38805
19/07/2022	15:06:25	86.41504	86.41411	86.41256	86.60612	86.38394	86.40914	86.40599	86.42739	86.38465	86.38441	86.43535	86.38571	86.45089	86.38804
19/07/2022	15:06:29	86.41588	86.41465	86.41304	86.60655	86.38435	86.40908	86.40627	86.42801	86.38533	86.38479	86.43546	86.38598	86.45144	86.38824
19/07/2022	15:06:32	86.41604	86.41488	86.41325	86.60683	86.38453	86.40979	86.40652	86.42800	86.38534	86.38477	86.43516	86.38625	86.45183	86.38885
19/07/2022	15:06:36	86.41610	86.41475	86.41304	86.60677	86.38436	86.40959	86.40598	86.42822	86.38575	86.38489	86.43512	86.38660	86.45172	86.38844
19/07/2022	15:06:40	86.41584	86.41511	86.41346	86.60672	86.38462	86.40964	86.40695	86.42834	86.38570	86.38472	86.43546	86.38638	86.45208	86.38840
19/07/2022	15:06:44	86.41616	86.41492	86.41363	86.60668	86.38452	86.40963	86.40666	86.42821	86.38578	86.38487	86.43544	86.38647	86.45169	86.38856
19/07/2022	15:06:48	86.41649	86.41568	86.41366	86.60700	86.38452	86.41000	86.40686	86.42837	86.38600	86.38537	86.43580	86.38694	86.45210	86.38888
19/07/2022	15:06:52	86.41708	86.41563	86.41407	86.60706	86.38483	86.40998	86.40700	86.42858	86.38639	86.38543	86.43618	86.38717	86.45218	86.38896
19/07/2022	15:06:56	86.41715	86.41567	86.41385	86.60702	86.38480	86.40979	86.40638	86.42806	86.38622	86.38515	86.43585	86.38670	86.45180	86.38908
19/07/2022	15:07:00	86.41715	86.41572	86.41432	86.60729	86.38500	86.40995	86.40667	86.42839	86.38628	86.38501	86.43608	86.38694	86.45211	86.38900
19/07/2022	15:07:04	86.41705	86.41577	86.41417	86.60725	86.38507	86.41014	86.40687	86.42855	86.38707	86.38557	86.43616	86.38749	86.45278	86.38952
19/07/2022	15:07:07	86.41728	86.41599	86.41405	86.60716	86.38506	86.41005	86.40686	86.42864	86.38724	86.38575	86.43621	86.38767	86.45259	86.38924
19/07/2022	15:07:11	86.41718	86.41624	86.41454	86.60758	86.38534	86.41016	86.40705	86.42851	86.38708	86.38554	86.43616	86.38734	86.45275	86.38967
19/07/2022	15:07:15	86.41770	86.41659	86.41417	86.60775	86.38537	86.41029	86.40708	86.42874	86.38685	86.38549	86.43596	86.38754	86.45268	86.38973
19/07/2022	15:07:19	86.41754	86.41626	86.41453	86.60730	86.38523	86.41080	86.40696	86.42836	86.38684	86.38579	86.43650	86.38750	86.45276	86.38989
19/07/2022	15:07:23	86.41788	86.41663	86.41508	86.60776	86.38522	86.41005	86.40725	86.42890	86.38694	86.38598	86.43635	86.38763	86.45294	86.38955
19/07/2022	15:07:27	86.41756	86.41636	86.41477	86.60734	86.38554	86.41022	86.40746	86.42874	86.38673	86.38616	86.43629	86.38794	86.45267	86.39009
19/07/2022	15:07:31	86.41801	86.41704	86.41493	86.60732	86.38585	86.41009	86.40696	86.42882	86.38697	86.38580	86.43637	86.38787	86.45276	86.39005
19/07/2022	15:07:35	86.41820	86.41711	86.41521	86.60787	86.38577	86.41070	86.40717	86.42907	86.38713	86.38598	86.43688	86.38804	86.45349	86.39043
19/07/2022	15:07:38	86.41835	86.41716	86.41553	86.60776	86.38605	86.41110	86.40758	86.42923	86.38729	86.38601	86.43687	86.38789	86.45343	86.39029
19/07/2022	15:07:42	86.41849	86.41707	86.41520	86.60793	86.38567	86.41096	86.40750	86.42978	86.38738	86.38598	86.43647	86.38767	86.45338	86.39101
19/07/2022	15:07:46	86.41839	86.41729	86.41557	86.60775	86.38605	86.41088	86.40713	86.42923	86.38756	86.38624	86.43574	86.38758	86.45365	86.38956
19/07/2022	15:07:50	86.41858	86.41763	86.41569	86.60780	86.38585	86.41094	86.40767	86.42972	86.38758	86.38621	86.43667	86.38814	86.45313	86.39054
19/07/2022	15:07:54	86.41880	86.41741	86.41575	86.60802	86.38621	86.41105	86.40796	86.42952	86.38776	86.38641	86.43685	86.38790	86.45347	86.39019
19/07/2022	15:07:58	86.41890	86.41758	86.41605	86.60809	86.38605	86.41113	86.40793	86.42999	86.38804	86.38622	86.43706	86.38838	86.45382	86.39067
19/07/2022	15:08:02	86.41943	86.41834	86.41679	86.60850	86.38617	86.41153	86.40790	86.42985	86.38814	86.38622	86.43715	86.38854	86.45385	86.39097
19/07/2022	15:08:06	86.42011	86.41809	86.41726	86.60818	86.38622	86.41156	86.40840	86.43044	86.38833	86.38636	86.43716	86.38867	86.45406	86.39116
19/07/2022	15:08:10	86.41989	86.41827	86.41747	86.60836	86.38676	86.41156	86.40821	86.43096	86.38845	86.38640	86.43737	86.38859	86.45396	86.39141
19/07/2022	15:08:13	86.41986	86.41873	86.41716	86.60858	86.38663	86.41187	86.40828	86.43033	86.38858	86.38668	86.43749	86.38852	86.45415	86.39089
19/07/2022	15:08:17	86.42040	86.41888	86.41782	86.60894	86.38657	86.41187	86.40825	86.43100	86.38812	86.38711	86.43748	86.38852	86.45414	86.39118
19/07/2022	15:08:21	86.42102	86.41907	86.41774	86.60890	86.38655	86.41158	86.40849	86.43058	86.38828	86.38664	86.43764	86.38935	86.45402	86.39119
19/07/2022	15:08:25	86.42123	86.41909	86.41862	86.60878	86.38664	86.41202	86.40858	86.43097	86.38836	86.38680	86.43785	86.38896	86.45437	86.39127
19/07/2022	15:08:29	86.42140	86.41974	86.41919	86.60914	86.38711	86.41212	86.40935	86.43166	86.38883	86.38675	86.43782	86.38927	86.45461	86.39148
19/07/2022	15:08:33	86.42157	86.41963	86.41924	86.60919	86.38676	86.41174	86.40845	86.43124	86.38882	86.38685	86.43784	86.38894	86.45419	86.39143
19/07/2022	15:08:37	86.42127	86.42044	86.41959	86.60922	86.38635	86.41186	86.40901	86.43149	86.38854	86.38685	86.43767	86.38894	86.45465	86.39150
19/07/2022	15:08:41	86.42228	86.42019	86.41954	86.60922	86.38677	86.41219	86.40877	86.43082	86.38852	86.38683	86.43772	86.38929	86.45401	86.39115
19/07/2022	15:08:45	86.42226	86.42005	86.41948	86.60907	86.38743	86.41210	86.40896	86.43193	86.38900	86.38681	86.43755	86.38929	86.45451	86.39177
19/07/2022	15:08:49	86.42207	86.42070	86.42000	86.60911	86.38698	86.41208	86.40861	86.43114	86.38891	86.38679	86.43754	86.38950	86.45459	86.39116
19/07/2022	15:08:52	86.42222	86.41984	86.41964	86.60942	86.38697	86.41161	86.40865	86.43096	86.38865	86.38660	86.43731	86.38895	86.45418	86.39144
19/07/2022	15:08:56	86.42233	86.42034	86.41992	86.60941	86.38700	86.41166	86.40842	86.43058	86.38842	86.38672	86.43767	86.38931	86.45502	86.39123
19/07/2022	15:09:00	86.42271	86.42040	86.41984	86.60975	86.38729	86.41194	86.40898	86.43089	86.38897	86.38714	86.43772	86.38966	86.45516	86.39171
19/07/2022	15:09:04	86.42306	86.42087	86.42024	86.60957	86.38714	86.41184	86.40903	86.43097	86.38915	86.38733	86.43781	86.38965	86.45502	86.39151
19/07/2022	15:09:08	86.42317	86.42102	86.42005	86.60998	86.38762	86.41199	86.40906	86.43108	86.38865	86.38707	86.43799	86.38960	86.45479	86.39183
19/07/2022	15:09:12	86.42318	86.42099	86.42036	86.60987	86.38765	86.41166	86.40900	86.43073	86.38900	86.38699	86.43798	86.38995	86.45515	86.39180
19/07/2022	15:09:15	86.42332	86.42122	86.42013	86.60992	86.38772	86.41180	86.40908	86.43080	86.38919	86.38718	86.43827	86.39001	86.45550	86.39212
19/07/2022	15:09:19	86.42394	86.42194	86.42021	86.61036	86.38754	86.41207	86.40942	86.43062	86.38936	86.38759	86.43834	86.39016	86.45575	86.39188
19/07/2022	15:09:23	86.42420	86.42187	86.42079	86.61046	86.38757	86.41221	86.40961	86.43103	86.38975	86.38769	86.43866	86.39047	86.45605	86.39236
19/07/2022	15:09:27	86.42442	86.42238	86.42133	86.61094	86.38807	86.41245	86.41020	86.43130	86.38929	86.38776	86.43859	86.39022	86.45580	86.39235
19/07/2022	15:09:31	86.42467	86.42219	86.42139	86.61065	86.38768	86.41211	86.40929	86.43108	86.38988	86.38771	86.43873	86.39068	86.45636	86.39252
19/07/2022	15:09:35	86.42493	86.42225	86.42211	86.61064	86.38846	86.41232	86.40988	86.43175	86.39020	86.38751	86.43841	86.39079	86.45624	86.39229
19/07/2022	15:09:39	86.42525	86.42263	86.42187	86.61093	86.38806	86.41213	86.40953	86.43120	86.38946	86.38731	86.43851	86.39078	86.45648	86.39251
19/07/2022	15:09:43	86.42580	86.42273	86.42185	86.61113	86.38805	86.41262	86.40980	86.43171	86.39048	86.38789	86.43873	86.39130	86.45706	86.39316
19/07/2022	15:09:47	86.42599	86.42324	86.42225	86.61170	86.38825	86.41257	86.40978	86.43134	86.39134	86.38847	86.43860	86.39128	86.45729	86.39268
19/07/2022	15:09:50	86.42628	86.42316	86.42190	86.61126	86.38801	86.41212	86.41060	86.43176	86.39119	86.38788	86.43908	86.39114	86.45698	86.39244
19/07/2022	15:09:54	86.42699	86.42338	86.42234	86.61181	86.38879	86.41291	86.41017	86.43187	86.39196	86.38838	86.43916	86.39163	86.45757	86.39293
19/07/2022	15:09:58	86.42714	86.42363	86.42274	86.61176	86.38902	86.41268	86.41041	86.43244	86.39245	86.38869	86.43915	86.39167	86.45768	86.39313
19/07/2022	15:10:02	86.42724	86.42395	86.42266	86.61183	86.38862	86.41274	86.41023	86.43220	86.39248	86.38843	86.43895	86.39171	86.45775	86.39300
19/07/2022	15:10:06	86.42754	86.42391	86.42264	86.61244	86.38945	86.41312	86.41044	86.43254	86.39280	86.38857	86.43917	86.39230	86.45833	86.39343
19/07/2022	15:10:10	86.42796	86.42419	86.42261	86.61224	86.38956	86.41294	86.41045	86.43255	86.39332	86.38858	86.43957	86.39224	86.45850	86.39301
19/07/2022	15:10:14	86.42845	86.42391	86.42265	86.61197	86.38895	86.41290	86.41068	86.43228	86.39285	86.38820	86.43909	86.39199	86.45865	86.39308
19/07/2022	15:10:17	86.42832	86.42425	86.42288	86.61234	86.38934	86.41377	86.41095	86.43237	86.39328	86.38861	86.43923	86.39238	86.45868	86.39364
19/07/2022	15:10:21	86.42851	86.42465	86.42310	86.61254	86.38945	86.41336	86.41102	86.43248	86.39326	86.38876	86.43939	86.39262	86.45885	86.39351
19/07/2022	15:10:25	86.42924	86.42432	86.42301	86.61267	86.38939	86.41346	86.41098	86.43264	86.39344	86.38882	86.43941	86.39270	86.45893	86.39415
19/07/2022	15:10:29	86.42932	86.42468	86.42273	86.61238	86.38972	86.41342	86.41117	86.43281	86.39398	86.38933	86.44002	86.39319	86.45943	86.39408
19/07/2022	15:10:33	86.42956	86.42477	86.42343	86.61269	86.39000	86.41371	86.41139	86.43266	86.39374	86.38877	86.43947	86.39339	86.45945	86.39427
19/07/2022	15:10:37	86.42995	86.42525	86.42389	86.61293	86.39011	86.41364	86.41139	86.43303	86.39395	86.38898	86.43973	86.39298	86.45943	86.39406
19/07/2022	15:10:41	86.42945	86.42508	86.42339	86.61269	86.38944	86.41335	86.41096	86.43288	86.39385	86.38867	86.43944	86.39303	86.45946	86.39399
19/07/2022	15:10:45	86.42994	86.42552	86.42330	86.61257	86.38950	86.41342	86.41118	86.43276	86.39393	86.38920	86.44028	86.39354	86.45903	86.39444
19/07/2022	15:10:48	86.43001	86.42514	86.42365	86.61283	86.38953	86.41303	86.41112	86.43357	86.39455	86.38927	86.44024	86.39364	86.45934	86.39458
19/07/2022	15:10:52	86.43022	86.42575	86.42430	86.61309	86.38990	86.41359	86.41132	86.43376	86.39453	86.38957	86.44023	86.39393	86.45982	86.39447
19/07/2022	15:10:56	86.43100	86.42626	86.42421	86.61302	86.39031	86.41379	86.41126	86.43390	86.39439	86.38956	86.43981	86.39402	86.45981	86.39488
19/07/2022	15:11:00	86.43141	86.42624	86.42522	86.61382	86.39028	86.41392	86.41169	86.43446	86.39478	86.39008	86.44046	86.39432	86.45989	86.39477
19/07/2022	15:11:04	86.43100	86.42627	86.42459	86.61370	86.39084	86.41420	86.41211	86.43412	86.39507	86.38986	86.44062	86.39457	86.46053	86.39558
19/07/2022	15:11:08	86.43195	86.42651	86.42509	86.61392	86.39062	86.41421	86.41174	86.43390	86.39457	86.38974	86.44064	86.39430	86.45984	86.39483
19/07/2022	15:11:12	86.43191	86.42638	86.42453	86.61321	86.39041	86.41384	86.41166	86.43394	86.39495	86.38944	86.44060	86.39488	86.46017	86.39528
19/07/2022	15:11:16	86.43219	86.42658	86.42462	86.61413	86.39076	86.41433	86.41171	86.43419	86.39468	86.38988	86.44104	86.39477	86.46020	86.39538
19/07/2022	15:11:20	86.43290	86.42647	86.42500	86.61418	86.39121	86.41438	86.41233	86.43422	86.39529	86.38984	86.44083	86.39498	86.46016	86.39525
19/07/2022	15:11:23	86.43249	86.42666	86.42554	86.61387	86.39083	86.41430	86.41194	86.43356	86.39539	86.38916	86.44062	86.39471	86.45978	86.39512
19/07/2022	15:11:27	86.43242	86.42644	86.42463	86.61377	86.39090	86.41409	86.41164	86.43403	86.39486	86.38920	86.44069	86.39445	86.46008	86.39559
19/07/2022	15:11:31	86.43312	86.42669	86.42493	86.61398	86.39087	86.41394	86.41176	86.43384	86.39528	86.38971	86.44098	86.39495	86.46032	86.39523
19/07/2022	15:11:35	86.43306	86.42643	86.42531	86.61411	86.39120	86.41447	86.41153	86.43395	86.39565	86.39013	86.44106	86.39544	86.46030	86.39545
19/07/2022	15:11:39	86.43316	86.42726	86.42529	86.61450	86.39129	86.41418	86.41203	86.43416	86.39573	86.39013	86.44109	86.39562	86.46045	86.39591
19/07/2022	15:11:43	86.43326	86.42730	86.42514	86.61418	86.39125	86.41478	86.41224	86.43453	86.39559	86.39034	86.44157	86.39588	86.46079	86.39589
19/07/2022	15:11:47	86.43378	86.42742	86.42539	86.61430	86.39148	86.41509	86.41267	86.43439	86.39587	86.39068	86.44174	86.39553	86.46050	86.39601
19/07/2022	15:11:51	86.43341	86.42731	86.42542	86.61453	86.39118	86.41508	86.41247	86.43428	86.39613	86.39103	86.44174	86.39605	86.46078	86.39589
19/07/2022	15:11:55	86.43354	86.42747	86.42541	86.61493	86.39186	86.41491	86.41219	86.43492	86.39602	86.39059	86.44188	86.39580	86.46129	86.39622
19/07/2022	15:11:59	86.43432	86.42739	86.42550	86.61495	86.39192	86.41503	86.41270	86.43564	86.39660	86.39074	86.44250	86.39635	86.46145	86.39638
19/07/2022	15:12:03	86.43435	86.42785	86.42600	86.61485	86.39189	86.41472	86.41263	86.43507	86.39609	86.39054	86.44181	86.39565	86.46141	86.39611
19/07/2022	15:12:06	86.43395	86.42756	86.42526	86.61499	86.39199	86.41505	86.41210	86.43531	86.39633	86.39045	86.44220	86.39579	86.46159	86.39684
19/07/2022	15:12:10	86.43438	86.42719	86.42541	86.61513	86.39212	86.41543	86.41312	86.43584	86.39669	86.39043	86.44240	86.39657	86.46232	86.39709
19/07/2022	15:12:14	86.43475	86.42816	86.42589	86.61532	86.39261	86.41573	86.41299	86.43591	86.39685	86.39064	86.44229	86.39601	86.46190	86.39657
19/07/2022	15:12:18	86.43440	86.42779	86.42569	86.61537	86.39239	86.41499	86.41289	86.43569	86.39664	86.39097	86.44217	86.39605	86.46191	86.39661
19/07/2022	15:12:22	86.43498	86.42801	86.42554	86.61533	86.39254	86.41526	86.41263	86.43531	86.39642	86.39070	86.44255	86.39657	86.46188	86.39658
19/07/2022	15:12:26	86.43470	86.42793	86.42561	86.61552	86.39284	86.41531	86.41267	86.43589	86.39675	86.39137	86.44252	86.39689	86.46218	86.39726
19/07/2022	15:12:30	86.43468	86.42772	86.42528	86.61526	86.39207	86.41507	86.41308	86.43626	86.39653	86.39178	86.44309	86.39721	86.46266	86.39708
19/07/2022	15:12:34	86.43548	86.42855	86.42588	86.61549	86.39289	86.41545	86.41288	86.43625	86.39711	86.39171	86.44301	86.39727	86.46297	86.39751
19/07/2022	15:12:38	86.43548	86.42876	86.42554	86.61590	86.39304	86.41559	86.41272	86.43617	86.39697	86.39210	86.44317	86.39750	86.46276	86.39744
19/07/2022	15:12:41	86.43563	86.42894	86.42568	86.61598	86.39265	86.41541	86.41314	86.43653	86.39668	86.39198	86.44327	86.39767	86.46286	86.39778
19/07/2022	15:12:45	86.43602	86.42885	86.42547	86.61565	86.39308	86.41545	86.41312	86.43676	86.39749	86.39233	86.44373	86.39768	86.46327	86.39762
19/07/2022	15:12:49	86.43608	86.42900	86.42551	86.61590	86.39337	86.41553	86.41299	86.43678	86.39695	86.39233	86.44377	86.39799	86.46293	86.39781
19/07/2022	15:12:53	86.43592	86.42898	86.42575	86.61585	86.39308	86.41580	86.41327	86.43697	86.39757	86.39233	86.44373	86.39774	86.46314	86.39773
19/07/2022	15:12:57	86.43580	86.42935	86.42611	86.61554	86.39280	86.41575	86.41285	86.43625	86.39697	86.39207	86.44363	86.39741	86.46304	86.39781
19/07/2022	15:13:01	86.43561	86.42887	86.42578	86.61558	86.39309	86.41548	86.41313	86.43658	86.39737	86.39224	86.44370	86.39819	86.46327	86.39757
19/07/2022	15:13:05	86.43614	86.42907	86.42594	86.61592	86.39318	86.41617	86.41344	86.43687	86.39805	86.39279	86.44389	86.39845	86.46352	86.39775
19/07/2022	15:13:09	86.43650	86.43003	86.42621	86.61627	86.39354	86.41595	86.41335	86.43656	86.39803	86.39246	86.44377	86.39869	86.46317	86.39850
19/07/2022	15:13:13	86.43649	86.42994	86.42679	86.61618	86.39305	86.41647	86.41338	86.43686	86.39802	86.39261	86.44444	86.39920	86.46378	86.39820
19/07/2022	15:13:16	86.43594	86.42961	86.42666	86.61709	86.39374	86.41672	86.41370	86.43647	86.39817	86.39260	86.44405	86.39929	86.46351	86.39861
19/07/2022	15:13:20	86.43687	86.43014	86.42635	86.61620	86.39390	86.41636	86.41354	86.43686	86.39878	86.39256	86.44463	86.40033	86.46390	86.39849
19/07/2022	15:13:24	86.43631	86.42998	86.42613	86.61586	86.39354	86.41620	86.41349	86.43658	86.39880	86.39237	86.44426	86.40017	86.46371	86.39804
19/07/2022	15:13:28	86.43600	86.42973	86.42623	86.61624	86.39370	86.41643	86.41373	86.43668	86.39871	86.39252	86.44447	86.40074	86.46408	86.39840
19/07/2022	15:13:32	86.43619	86.42978	86.42611	86.61654	86.39379	86.41649	86.41388	86.43681	86.39917	86.39281	86.44486	86.40111	86.46367	86.39852
19/07/2022	15:13:36	86.43641	86.42967	86.42619	86.61665	86.39417	86.41680	86.41371	86.43650	86.39936	86.39239	86.44450	86.40124	86.46394	86.39852
19/07/2022	15:13:40	86.43619	86.42989	86.42649	86.61687	86.39420	86.41661	86.41374	86.43685	86.39942	86.39272	86.44502	86.40187	86.46387	86.39885
19/07/2022	15:13:44	86.43693	86.43081	86.42710	86.61689	86.39472	86.41682	86.41431	86.43730	86.39967	86.39279	86.44493	86.40238	86.46423	86.39917
19/07/2022	15:13:47	86.43756	86.43107	86.42714	86.61713	86.39468	86.41761	86.41453	86.43792	86.39984	86.39300	86.44469	86.40250	86.46387	86.39886
19/07/2022	15:13:51	86.43738	86.43061	86.42742	86.61695	86.39481	86.41696	86.41400	86.43703	86.40067	86.39245	86.44542	86.40297	86.46441	86.39871
19/07/2022	15:13:55	86.43793	86.43110	86.42747	86.61703	86.39470	86.41679	86.41430	86.43792	86.39998	86.39285	86.44510	86.40311	86.46436	86.39921
19/07/2022	15:13:59	86.43782	86.43114	86.42740	86.61726	86.39482	86.41748	86.41446	86.43779	86.39993	86.39334	86.44579	86.40384	86.46429	86.39937
19/07/2022	15:14:03	86.43833	86.43177	86.42757	86.61725	86.39505	86.41761	86.41479	86.43827	86.40050	86.39332	86.44547	86.40391	86.46451	86.39959
19/07/2022	15:14:07	86.43843	86.43140	86.42785	86.61789	86.39497	86.41740	86.41453	86.43799	86.40088	86.39379	86.44612	86.40455	86.46511	86.40069
19/07/2022	15:14:11	86.43876	86.43170	86.42790	86.61785	86.39557	86.41823	86.41489	86.43858	86.40083	86.39446	86.44645	86.40536	86.46547	86.40047
19/07/2022	15:14:15	86.43875	86.43175	86.42814	86.61769	86.39534	86.41824	86.41491	86.43864	86.40078	86.39404	86.44603	86.40505	86.46522	86.40023
19/07/2022	15:14:19	86.43884	86.43187	86.42827	86.61808	86.39549	86.41821	86.41513	86.43877	86.40048	86.39372	86.44645	86.40610	86.46516	86.40043
19/07/2022	15:14:23	86.43851	86.43174	86.42805	86.61793	86.39509	86.41845	86.41466	86.43849	86.40041	86.39388	86.44622	86.40619	86.46478	86.40073
19/07/2022	15:14:26	86.43869	86.43148	86.42823	86.61833	86.39546	86.41840	86.41503	86.43851	86.40047	86.39413	86.44618	86.40678	86.46518	86.40073
19/07/2022	15:14:30	86.43887	86.43209	86.42808	86.61853	86.39555	86.41870	86.41503	86.43866	86.40053	86.39417	86.44661	86.40744	86.46502	86.40061
19/07/2022	15:14:34	86.43928	86.43214	86.42801	86.61815	86.39518	86.41849	86.41481	86.43897	86.40105	86.39457	86.44692	86.40869	86.46589	86.40137
19/07/2022	15:14:38	86.43915	86.43245	86.42875	86.61872	86.39610	86.41895	86.41539	86.43906	86.40081	86.39455	86.44686	86.40926	86.46524	86.40124
19/07/2022	15:14:42	86.43994	86.43188	86.42837	86.61875	86.39620	86.41874	86.41484	86.43920	86.40092	86.39488	86.44705	86.41001	86.46557	86.40176
19/07/2022	15:14:46	86.43991	86.43275	86.42890	86.61941	86.39655	86.41952	86.41593	86.43943	86.40098	86.39513	86.44717	86.41041	86.46525	86.40162
19/07/2022	15:14:50	86.43975	86.43241	86.42900	86.61912	86.39617	86.41897	86.41578	86.43968	86.40107	86.39522	86.44803	86.41090	86.46563	86.40197
19/07/2022	15:14:54	86.44082	86.43293	86.42918	86.61906	86.39627	86.41975	86.41621	86.44036	86.40146	86.39601	86.44834	86.41119	86.46590	86.40217
19/07/2022	15:14:58	86.44076	86.43282	86.42908	86.61947	86.39637	86.41959	86.41609	86.44050	86.40128	86.39574	86.44801	86.41168	86.46520	86.40214
19/07/2022	15:15:02	86.44043	86.43274	86.42856	86.61958	86.39641	86.41998	86.41593	86.44071	86.40159	86.39635	86.44839	86.41119	86.46613	86.40224
19/07/2022	15:15:05	86.44016	86.43288	86.42879	86.61950	86.39674	86.41949	86.41634	86.44073	86.40138	86.39621	86.44846	86.41154	86.46611	86.40249
19/07/2022	15:15:09	86.44041	86.43297	86.42908	86.61984	86.39651	86.41986	86.41640	86.44077	86.40160	86.39618	86.44811	86.41102	86.46573	86.40218
19/07/2022	15:15:13	86.43965	86.43234	86.42871	86.61913	86.39630	86.41954	86.41612	86.44070	86.40111	86.39591	86.44839	86.41109	86.46522	86.40213
19/07/2022	15:15:17	86.44028	86.43278	86.42909	86.62004	86.39660	86.42018	86.41640	86.44125	86.40163	86.39695	86.44909	86.41126	86.46577	86.40260
19/07/2022	15:15:21	86.44044	86.43258	86.42889	86.61983	86.39662	86.41975	86.41609	86.44145	86.40135	86.39683	86.44889	86.41109	86.46533	86.40229
19/07/2022	15:15:25	86.43956	86.43239	86.42865	86.61913	86.39625	86.41968	86.41609	86.44091	86.40105	86.39626	86.44845	86.41079	86.46603	86.40238
19/07/2022	15:15:29	86.43977	86.43242	86.42881	86.61967	86.39638	86.41974	86.41608	86.44090	86.40107	86.39636	86.44889	86.41084	86.46526	86.40197
19/07/2022	15:15:33	86.43930	86.43232	86.42836	86.61947	86.39612	86.41963	86.41634	86.44078	86.40128	86.39700	86.44906	86.41160	86.46586	86.40262
19/07/2022	15:15:36	86.44016	86.43298	86.42885	86.62004	86.39670	86.42031	86.41641	86.44140	86.40183	86.39752	86.44958	86.41193	86.46595	86.40319
19/07/2022	15:15:40	86.44038	86.43300	86.42891	86.62014	86.39660	86.42011	86.41643	86.44131	86.40183	86.39739	86.44983	86.41188	86.46627	86.40319
19/07/2022	15:15:44	86.44037	86.43284	86.42915	86.62014	86.39688	86.42029	86.41685	86.44153	86.40173	86.39780	86.45038	86.41259	86.46656	86.40332
19/07/2022	15:15:48	86.44028	86.43318	86.42884	86.62042	86.39684	86.41990	86.41665	86.44119	86.40167	86.39752	86.45049	86.41239	86.46622	86.40314
19/07/2022	15:15:52	86.44036	86.43269	86.42888	86.62028	86.39669	86.42043	86.41655	86.44110	86.40182	86.39759	86.45063	86.41256	86.46621	86.40281
19/07/2022	15:15:56	86.44062	86.43331	86.42894	86.62031	86.39651	86.42012	86.41691	86.44117	86.40141	86.39770	86.45071	86.41230	86.46596	86.40280
19/07/2022	15:16:00	86.44025	86.43285	86.42892	86.62034	86.39687	86.42063	86.41667	86.44138	86.40166	86.39768	86.45043	86.41252	86.46592	86.40324
19/07/2022	15:16:04	86.44089	86.43324	86.42979	86.62106	86.39744	86.42065	86.41717	86.44163	86.40175	86.39819	86.45144	86.41309	86.46652	86.40362
19/07/2022	15:16:07	86.44116	86.43336	86.43036	86.62153	86.39773	86.42110	86.41750	86.44212	86.40267	86.39870	86.45166	86.41334	86.46715	86.40422
19/07/2022	15:16:11	86.44168	86.43380	86.43078	86.62124	86.39774	86.42049	86.41768	86.44252	86.40231	86.39869	86.45178	86.41300	86.46726	86.40437
19/07/2022	15:16:15	86.44117	86.43404	86.43113	86.62134	86.39728	86.42091	86.41772	86.44220	86.40240	86.39871	86.45226	86.41328	86.46755	86.40415
19/07/2022	15:16:19	86.44158	86.43427	86.43157	86.62172	86.39819	86.42125	86.41771	86.44244	86.40214	86.39868	86.45227	86.41309	86.46724	86.40433
19/07/2022	15:16:23	86.44150	86.43384	86.43119	86.62122	86.39749	86.42067	86.41766	86.44304	86.40243	86.39910	86.45224	86.41329	86.46725	86.40477
19/07/2022	15:16:27	86.44170	86.43440	86.43166	86.62161	86.39790	86.42133	86.41827	86.44340	86.40245	86.39921	86.45262	86.41302	86.46739	86.40434
19/07/2022	15:16:31	86.44173	86.43420	86.43160	86.62153	86.39808	86.42128	86.41818	86.44286	86.40236	86.39900	86.45306	86.41331	86.46734	86.40452
19/07/2022	15:16:35	86.44177	86.43410	86.43144	86.62132	86.39861	86.42193	86.41877	86.44292	86.40259	86.39942	86.45295	86.41368	86.46768	86.40468
19/07/2022	15:16:39	86.44225	86.43435	86.43206	86.62213	86.39905	86.42183	86.41880	86.44339	86.40263	86.39987	86.45290	86.41342	86.46779	86.40484
19/07/2022	15:16:43	86.44198	86.43432	86.43200	86.62230	86.39881	86.42185	86.41894	86.44316	86.40311	86.39951	86.45401	86.41345	86.46771	86.40517
19/07/2022	15:16:46	86.44228	86.43458	86.43274	86.62230	86.39880	86.42199	86.41868	86.44360	86.40300	86.39996	86.45429	86.41332	86.46856	86.40541
19/07/2022	15:16:50	86.44238	86.43496	86.43263	86.62299	86.39939	86.42228	86.41943	86.44418	86.40321	86.40089	86.45485	86.41413	86.46883	86.40579
19/07/2022	15:16:54	86.44209	86.43461	86.43226	86.62226	86.39876	86.42178	86.41901	86.44365	86.40315	86.40011	86.45429	86.41396	86.46841	86.40590
19/07/2022	15:16:58	86.44211	86.43471	86.43224	86.62216	86.39868	86.42166	86.41883	86.44289	86.40227	86.40006	86.45397	86.41316	86.46781	86.40493
19/07/2022	15:17:02	86.44251	86.43498	86.43216	86.62246	86.39903	86.42204	86.41857	86.44338	86.40263	86.39985	86.45400	86.41342	86.46830	86.40549
19/07/2022	15:17:06	86.44264	86.43464	86.43232	86.62256	86.39933	86.42182	86.41938	86.44347	86.40299	86.40020	86.45453	86.41369	86.46845	86.40541
19/07/2022	15:17:10	86.44279	86.43509	86.43259	86.62280	86.39920	86.42240	86.41981	86.44360	86.40290	86.39998	86.45410	86.41333	86.46829	86.40526
19/07/2022	15:17:14	86.44252	86.43458	86.43153	86.62197	86.39908	86.42216	86.41953	86.44330	86.40285	86.40077	86.45450	86.41373	86.46826	86.40544
19/07/2022	15:17:17	86.44245	86.43465	86.43184	86.62252	86.39957	86.42220	86.41921	86.44293	86.40290	86.40069	86.45459	86.41372	86.46800	86.40539
19/07/2022	15:17:21	86.44237	86.43480	86.43176	86.62224	86.39895	86.42232	86.41951	86.44353	86.40302	86.40076	86.45480	86.41387	86.46835	86.40548
19/07/2022	15:17:25	86.44273	86.43463	86.43149	86.62258	86.39954	86.42274	86.41984	86.44391	86.40324	86.40086	86.45503	86.41414	86.46822	86.40592
19/07/2022	15:17:29	86.44300	86.43506	86.43171	86.62246	86.39959	86.42242	86.41976	86.44385	86.40318	86.40152	86.45519	86.41420	86.46831	86.40576
19/07/2022	15:17:33	86.44256	86.43467	86.43164	86.62267	86.39969	86.42281	86.42000	86.44361	86.40332	86.40153	86.45509	86.41431	86.46834	86.40593
19/07/2022	15:17:37	86.44284	86.43452	86.43197	86.62229	86.39973	86.42312	86.41999	86.44371	86.40360	86.40193	86.45509	86.41440	86.46871	86.40577
19/07/2022	15:17:41	86.44264	86.43477	86.43191	86.62308	86.39948	86.42266	86.42034	86.44405	86.40380	86.40163	86.45461	86.41413	86.46802	86.40598
19/07/2022	15:17:45	86.44286	86.43465	86.43144	86.62304	86.39993	86.42277	86.42053	86.44443	86.40364	86.40185	86.45526	86.41493	86.46858	86.40631
19/07/2022	15:17:49	86.44333	86.43543	86.43206	86.62321	86.39993	86.42293	86.42059	86.44440	86.40345	86.40209	86.45536	86.41462	86.46881	86.40594
19/07/2022	15:17:52	86.44301	86.43520	86.43240	86.62308	86.39986	86.42316	86.42065	86.44432	86.40352	86.40224	86.45535	86.41487	86.46866	86.40612
19/07/2022	15:17:56	86.44332	86.43515	86.43237	86.62340	86.40023	86.42364	86.42107	86.44452	86.40366	86.40243	86.45540	86.41467	86.46903	86.40637
19/07/2022	15:18:00	86.44323	86.43567	86.43251	86.62361	86.40063	86.42337	86.42116	86.44457	86.40399	86.40233	86.45558	86.41455	86.46869	86.40669
19/07/2022	15:18:04	86.44317	86.43550	86.43227	86.62376	86.40046	86.42382	86.42159	86.44500	86.40441	86.40248	86.45555	86.41515	86.46929	86.40683
19/07/2022	15:18:08	86.44375	86.43583	86.43246	86.62394	86.40102	86.42404	86.42163	86.44528	86.40474	86.40308	86.45589	86.41503	86.46907	86.40667
19/07/2022	15:18:12	86.44350	86.43583	86.43266	86.62377	86.40063	86.42394	86.42166	86.44509	86.40414	86.40293	86.45614	86.41495	86.46930	86.40640
19/07/2022	15:18:16	86.44312	86.43556	86.43268	86.62408	86.40116	86.42383	86.42189	86.44514	86.40430	86.40389	86.45564	86.41483	86.46962	86.40721
19/07/2022	15:18:20	86.44359	86.43592	86.43306	86.62422	86.40125	86.42363	86.42213	86.44536	86.40491	86.40359	86.45572	86.41522	86.46941	86.40728
19/07/2022	15:18:24	86.44366	86.43578	86.43269	86.62400	86.40106	86.42422	86.42228	86.44531	86.40455	86.40361	86.45573	86.41476	86.46935	86.40706
19/07/2022	15:18:27	86.44348	86.43589	86.43298	86.62368	86.40118	86.42409	86.42224	86.44580	86.40458	86.40394	86.45642	86.41495	86.46921	86.40696
19/07/2022	15:18:31	86.44378	86.43579	86.43307	86.62433	86.40096	86.42402	86.42206	86.44557	86.40397	86.40362	86.45588	86.41463	86.46918	86.40769
19/07/2022	15:18:35	86.44337	86.43573	86.43248	86.62398	86.40070	86.42419	86.42231	86.44584	86.40452	86.40402	86.45616	86.41503	86.47000	86.40758
19/07/2022	15:18:39	86.44426	86.43600	86.43310	86.62456	86.40127	86.42453	86.42272	86.44615	86.40500	86.40389	86.45588	86.41544	86.46982	86.40771
19/07/2022	15:18:43	86.44409	86.43647	86.43272	86.62444	86.40151	86.42473	86.42286	86.44651	86.40517	86.40396	86.45614	86.41484	86.47002	86.40729
19/07/2022	15:18:47	86.44360	86.43621	86.43268	86.62385	86.40157	86.42448	86.42305	86.44656	86.40487	86.40394	86.45644	86.41459	86.46997	86.40729
19/07/2022	15:18:51	86.44403	86.43639	86.43352	86.62456	86.40220	86.42474	86.42337	86.44595	86.40483	86.40452	86.45697	86.41544	86.46989	86.40765
19/07/2022	15:18:54	86.44418	86.43626	86.43298	86.62448	86.40201	86.42501	86.42362	86.44631	86.40495	86.40434	86.45718	86.41505	86.46993	86.40799
19/07/2022	15:18:58	86.44387	86.43607	86.43277	86.62413	86.40199	86.42497	86.42358	86.44681	86.40484	86.40452	86.45706	86.41479	86.46970	86.40776
19/07/2022	15:19:02	86.44419	86.43603	86.43275	86.62428	86.40215	86.42480	86.42359	86.44655	86.40524	86.40447	86.45709	86.41515	86.46994	86.40737
19/07/2022	15:19:06	86.44362	86.43539	86.43298	86.62457	86.40183	86.42457	86.42345	86.44634	86.40498	86.40483	86.45747	86.41549	86.47041	86.40796
19/07/2022	15:19:10	86.44399	86.43606	86.43369	86.62429	86.40236	86.42530	86.42423	86.44671	86.40493	86.40520	86.45780	86.41539	86.46995	86.40794
19/07/2022	15:19:14	86.44427	86.43638	86.43344	86.62473	86.40185	86.42511	86.42407	86.44645	86.40470	86.40515	86.45779	86.41533	86.47013	86.40793
19/07/2022	15:19:18	86.44442	86.43611	86.43299	86.62424	86.40175	86.42519	86.42419	86.44621	86.40488	86.40514	86.45752	86.41506	86.47010	86.40778
19/07/2022	15:19:22	86.44380	86.43621	86.43328	86.62442	86.40229	86.42553	86.42425	86.44664	86.40489	86.40533	86.45821	86.41564	86.47034	86.40761
19/07/2022	15:19:26	86.44420	86.43611	86.43338	86.62431	86.40236	86.42560	86.42444	86.44663	86.40517	86.40523	86.45791	86.41526	86.47032	86.40778
19/07/2022	15:19:29	86.44391	86.43605	86.43330	86.62459	86.40258	86.42599	86.42491	86.44655	86.40527	86.40599	86.45874	86.41529	86.47064	86.40818
19/07/2022	15:19:33	86.44433	86.43627	86.43339	86.62442	86.40248	86.42596	86.42496	86.44670	86.40542	86.40573	86.45844	86.41535	86.47090	86.40819
19/07/2022	15:19:37	86.44461	86.43632	86.43334	86.62486	86.40299	86.42653	86.42507	86.44719	86.40528	86.40581	86.45844	86.41547	86.47106	86.40821
19/07/2022	15:19:41	86.44447	86.43656	86.43399	86.62507	86.40334	86.42664	86.42588	86.44727	86.40555	86.40556	86.45892	86.41554	86.47130	86.40871
19/07/2022	15:19:45	86.44475	86.43624	86.43346	86.62526	86.40329	86.42674	86.42627	86.44789	86.40591	86.40627	86.45904	86.41546	86.47154	86.40878
19/07/2022	15:19:49	86.44423	86.43590	86.43366	86.62546	86.40310	86.42681	86.42559	86.44771	86.40609	86.40640	86.45953	86.41554	86.47129	86.40841
19/07/2022	15:19:53	86.44458	86.43615	86.43379	86.62560	86.40365	86.42719	86.42615	86.44786	86.40671	86.40695	86.45999	86.41523	86.47163	86.40892
19/07/2022	15:19:57	86.44446	86.43611	86.43397	86.62543	86.40365	86.42755	86.42669	86.44792	86.40679	86.40681	86.45938	86.41536	86.47131	86.40926
19/07/2022	15:20:01	86.44485	86.43602	86.43372	86.62555	86.40372	86.42747	86.42656	86.44797	86.40620	86.40694	86.45943	86.41530	86.47127	86.40864
19/07/2022	15:20:05	86.44470	86.43576	86.43337	86.62503	86.40287	86.42695	86.42642	86.44829	86.40659	86.40697	86.45956	86.41532	86.47088	86.40911
19/07/2022	15:20:08	86.44492	86.43612	86.43339	86.62544	86.40330	86.42725	86.42663	86.44754	86.40649	86.40719	86.45982	86.41526	86.47168	86.40906
19/07/2022	15:20:12	86.44437	86.43576	86.43345	86.62542	86.40387	86.42732	86.42694	86.44815	86.40681	86.40753	86.46028	86.41573	86.47113	86.40877
19/07/2022	15:20:16	86.44448	86.43592	86.43325	86.62548	86.40406	86.42796	86.42703	86.44788	86.40705	86.40718	86.46014	86.41529	86.47154	86.40932
19/07/2022	15:20:20	86.44453	86.43610	86.43358	86.62577	86.40397	86.42811	86.42762	86.44840	86.40691	86.40781	86.46050	86.41559	86.47189	86.40940
19/07/2022	15:20:24	86.44504	86.43676	86.43367	86.62569	86.40443	86.42837	86.42763	86.44864	86.40757	86.40853	86.46112	86.41590	86.47220	86.40975
19/07/2022	15:20:28	86.44495	86.43655	86.43333	86.62614	86.40424	86.42827	86.42775	86.44852	86.40710	86.40819	86.46053	86.41548	86.47194	86.40975
19/07/2022	15:20:32	86.44480	86.43633	86.43363	86.62578	86.40416	86.42873	86.42770	86.44879	86.40723	86.40850	86.46115	86.41571	86.47193	86.41000
19/07/2022	15:20:36	86.44509	86.43637	86.43367	86.62653	86.40492	86.42964	86.42852	86.44925	86.40776	86.40834	86.46110	86.41600	86.47222	86.41027
19/07/2022	15:20:39	86.44545	86.43689	86.43400	86.62672	86.40516	86.42974	86.42871	86.44958	86.40823	86.40887	86.46129	86.41590	86.47252	86.41069
19/07/2022	15:20:43	86.44557	86.43650	86.43406	86.62640	86.40530	86.43018	86.42919	86.44936	86.40820	86.40918	86.46210	86.41629	86.47306	86.41105
19/07/2022	15:20:47	86.44575	86.43673	86.43474	86.62683	86.40585	86.43020	86.42930	86.44954	86.40843	86.40891	86.46202	86.41637	86.47271	86.41141
19/07/2022	15:20:51	86.44596	86.43703	86.43473	86.62707	86.40558	86.43012	86.42944	86.45003	86.40843	86.40899	86.46214	86.41601	86.47229	86.41099
19/07/2022	15:20:55	86.44541	86.43642	86.43427	86.62687	86.40524	86.43047	86.42922	86.44999	86.40890	86.40898	86.46209	86.41628	86.47266	86.41082
19/07/2022	15:20:59	86.44565	86.43655	86.43456	86.62715	86.40576	86.43074	86.42945	86.45041	86.40850	86.40951	86.46245	86.41654	86.47266	86.41142
19/07/2022	15:21:03	86.44535	86.43660	86.43454	86.62714	86.40630	86.43148	86.43042	86.45033	86.40918	86.41008	86.46293	86.41662	86.47246	86.41116
19/07/2022	15:21:07	86.44566	86.43684	86.43458	86.62745	86.40631	86.43129	86.43000	86.45026	86.40929	86.40965	86.46312	86.41616	86.47280	86.41142
19/07/2022	15:21:11	86.44581	86.43679	86.43474	86.62750	86.40651	86.43175	86.43034	86.45021	86.40933	86.40993	86.46353	86.41635	86.47284	86.41173
19/07/2022	15:21:15	86.44598	86.43671	86.43451	86.62766	86.40711	86.43165	86.43049	86.45047	86.40933	86.41021	86.46343	86.41609	86.47280	86.41107
19/07/2022	15:21:18	86.44537	86.43633	86.43442	86.62750	86.40684	86.43205	86.43090	86.45073	86.40990	86.41034	86.46338	86.41619	86.47309	86.41182
19/07/2022	15:21:22	86.44571	86.43685	86.43470	86.62810	86.40709	86.43198	86.43129	86.45137	86.41001	86.41091	86.46398	86.41670	86.47361	86.41229
19/07/2022	15:21:26	86.44567	86.43662	86.43448	86.62785	86.40746	86.43230	86.43109	86.45123	86.41025	86.41089	86.46418	86.41629	86.47385	86.41220
19/07/2022	15:21:30	86.44596	86.43660	86.43470	86.62829	86.40751	86.43312	86.43128	86.45139	86.41074	86.41124	86.46441	86.41673	86.47407	86.41320
19/07/2022	15:21:34	86.44648	86.43681	86.43423	86.62819	86.40769	86.43330	86.43153	86.45218	86.41071	86.41129	86.46466	86.41689	86.47359	86.41264
19/07/2022	15:21:38	86.44603	86.43700	86.43426	86.62847	86.40796	86.43317	86.43162	86.45169	86.41093	86.41153	86.46478	86.41676	86.47448	86.41347
19/07/2022	15:21:42	86.44640	86.43698	86.43400	86.62890	86.40851	86.43344	86.43205	86.45212	86.41138	86.41175	86.46466	86.41692	86.47455	86.41355
19/07/2022	15:21:46	86.44639	86.43696	86.43443	86.62916	86.40906	86.43421	86.43248	86.45269	86.41203	86.41235	86.46493	86.41732	86.47457	86.41337
19/07/2022	15:21:50	86.44619	86.43712	86.43429	86.62930	86.40917	86.43432	86.43268	86.45273	86.41141	86.41240	86.46516	86.41708	86.47444	86.41331
19/07/2022	15:21:53	86.44609	86.43717	86.43465	86.62897	86.40939	86.43469	86.43279	86.45295	86.41182	86.41277	86.46508	86.41751	86.47462	86.41373
19/07/2022	15:21:57	86.44661	86.43734	86.43468	86.62943	86.40914	86.43463	86.43350	86.45306	86.41205	86.41305	86.46513	86.41782	86.47493	86.41356
19/07/2022	15:22:01	86.44633	86.43750	86.43456	86.62922	86.40975	86.43510	86.43294	86.45351	86.41239	86.41281	86.46496	86.41773	86.47537	86.41426
19/07/2022	15:22:05	86.44647	86.43764	86.43495	86.62999	86.40994	86.43539	86.43340	86.45368	86.41238	86.41376	86.46526	86.41796	86.47510	86.41436
19/07/2022	15:22:09	86.44671	86.43755	86.43479	86.63000	86.41003	86.43619	86.43421	86.45412	86.41290	86.41358	86.46530	86.41792	86.47575	86.41408
19/07/2022	15:22:13	86.44676	86.43749	86.43501	86.63051	86.41073	86.43606	86.43407	86.45361	86.41309	86.41383	86.46585	86.41778	86.47545	86.41421
19/07/2022	15:22:17	86.44663	86.43763	86.43488	86.63027	86.41008	86.43630	86.43386	86.45406	86.41329	86.41414	86.46557	86.41775	86.47534	86.41395
19/07/2022	15:22:21	86.44671	86.43758	86.43528	86.63095	86.41046	86.43669	86.43417	86.45425	86.41347	86.41444	86.46576	86.41789	86.47529	86.41450
19/07/2022	15:22:25	86.44699	86.43799	86.43558	86.63085	86.41099	86.43646	86.43393	86.45431	86.41342	86.41466	86.46595	86.41846	86.47595	86.41450
19/07/2022	15:22:28	86.44698	86.43780	86.43508	86.63076	86.41084	86.43654	86.43439	86.45442	86.41408	86.41494	86.46634	86.41837	86.47587	86.41513
19/07/2022	15:22:32	86.44787	86.43858	86.43637	86.63185	86.41174	86.43727	86.43529	86.45510	86.41497	86.41582	86.46669	86.41869	86.47608	86.41515
19/07/2022	15:22:36	86.44758	86.43864	86.43578	86.63156	86.41152	86.43706	86.43480	86.45495	86.41463	86.41576	86.46678	86.41883	86.47653	86.41595
19/07/2022	15:22:40	86.44771	86.43870	86.43626	86.63249	86.41243	86.43825	86.43536	86.45544	86.41524	86.41592	86.46736	86.41915	86.47684	86.41664
19/07/2022	15:22:44	86.44769	86.43829	86.43641	86.63233	86.41201	86.43782	86.43612	86.45550	86.41530	86.41652	86.46751	86.41945	86.47724	86.41685
19/07/2022	15:22:48	86.44792	86.43866	86.43674	86.63261	86.41315	86.43802	86.43610	86.45596	86.41550	86.41677	86.46712	86.41926	86.47700	86.41684
19/07/2022	15:22:52	86.44840	86.43877	86.43691	86.63247	86.41262	86.43821	86.43591	86.45573	86.41558	86.41665	86.46765	86.41939	86.47742	86.41753
19/07/2022	15:22:56	86.44845	86.43852	86.43708	86.63293	86.41302	86.43896	86.43624	86.45612	86.41586	86.41744	86.46810	86.41886	86.47730	86.41811
19/07/2022	15:22:59	86.44801	86.43823	86.43742	86.63325	86.41352	86.43890	86.43636	86.45603	86.41592	86.41769	86.46841	86.41943	86.47781	86.41870
19/07/2022	15:23:03	86.44826	86.43843	86.43798	86.63360	86.41319	86.43855	86.43625	86.45629	86.41610	86.41759	86.46836	86.41897	86.47772	86.41867
19/07/2022	15:23:07	86.44811	86.43849	86.43791	86.63395	86.41381	86.43904	86.43643	86.45639	86.41604	86.41791	86.46846	86.41913	86.47771	86.41867
19/07/2022	15:23:11	86.44809	86.43831	86.43772	86.63378	86.41383	86.43910	86.43658	86.45688	86.41659	86.41854	86.46950	86.41929	86.47841	86.41934
19/07/2022	15:23:15	86.44791	86.43851	86.43821	86.63384	86.41396	86.43959	86.43691	86.45628	86.41659	86.41890	86.46933	86.41947	86.47809	86.41946
19/07/2022	15:23:19	86.44743	86.43827	86.43868	86.63464	86.41427	86.43949	86.43742	86.45677	86.41675	86.41925	86.46955	86.41925	86.47807	86.41941
19/07/2022	15:23:23	86.44790	86.43866	86.43825	86.63443	86.41460	86.43982	86.43726	86.45690	86.41774	86.41998	86.46990	86.41964	86.47870	86.41989
19/07/2022	15:23:27	86.44841	86.43899	86.43907	86.63529	86.41482	86.44021	86.43710	86.45684	86.41746	86.42016	86.47004	86.41949	86.47842	86.42025
19/07/2022	15:23:31	86.44870	86.43899	86.43899	86.63563	86.41539	86.44069	86.43768	86.45746	86.41756	86.42077	86.47047	86.42008	86.47859	86.42000
19/07/2022	15:23:34	86.44859	86.43851	86.43900	86.63548	86.41579	86.44062	86.43803	86.45776	86.41854	86.42142	86.47126	86.42027	86.47956	86.42060
19/07/2022	15:23:38	86.44843	86.43868	86.43950	86.63637	86.41639	86.44112	86.43801	86.45756	86.41815	86.42183	86.47183	86.42117	86.47977	86.42100
19/07/2022	15:23:42	86.44897	86.43935	86.43932	86.63582	86.41608	86.44074	86.43772	86.45794	86.41829	86.42240	86.47134	86.42079	86.47948	86.42135
19/07/2022	15:23:46	86.44881	86.43932	86.43964	86.63643	86.41642	86.44126	86.43806	86.45807	86.41873	86.42283	86.47190	86.42112	86.48001	86.42174
19/07/2022	15:23:50	86.44875	86.43938	86.43971	86.63669	86.41658	86.44127	86.43790	86.45798	86.41871	86.42270	86.47210	86.42141	86.48029	86.42209
19/07/2022	15:23:54	86.44943	86.43936	86.43993	86.63682	86.41689	86.44160	86.43806	86.45818	86.41932	86.42332	86.47250	86.42102	86.48023	86.42221
19/07/2022	15:23:58	86.44905	86.43999	86.44062	86.63694	86.41775	86.44259	86.43925	86.45834	86.41901	86.42347	86.47280	86.42218	86.48062	86.42266
19/07/2022	15:24:01	86.44938	86.43982	86.44045	86.63683	86.41753	86.44195	86.43850	86.45870	86.41945	86.42367	86.47249	86.42162	86.48094	86.42283
19/07/2022	15:24:05	86.44975	86.44006	86.44068	86.63722	86.41777	86.44222	86.43858	86.45890	86.41943	86.42368	86.47237	86.42225	86.48117	86.42374
19/07/2022	15:24:09	86.45031	86.44074	86.44149	86.63809	86.41804	86.44244	86.43907	86.45908	86.41961	86.42378	86.47285	86.42235	86.48116	86.42397
19/07/2022	15:24:13	86.44996	86.44078	86.44141	86.63774	86.41809	86.44270	86.43928	86.45910	86.42003	86.42404	86.47314	86.42231	86.48139	86.42449
19/07/2022	15:24:17	86.45056	86.44072	86.44150	86.63822	86.41840	86.44278	86.43942	86.45958	86.42016	86.42448	86.47330	86.42290	86.48212	86.42491
19/07/2022	15:24:21	86.45101	86.44123	86.44203	86.63852	86.41824	86.44309	86.43940	86.45904	86.41995	86.42488	86.47389	86.42335	86.48233	86.42500
19/07/2022	15:24:25	86.45110	86.44110	86.44252	86.63875	86.41891	86.44363	86.44021	86.45975	86.42011	86.42459	86.47393	86.42313	86.48255	86.42551
19/07/2022	15:24:29	86.45144	86.44129	86.44208	86.63878	86.41865	86.44357	86.43996	86.46001	86.42050	86.42456	86.47417	86.42354	86.48292	86.42563
19/07/2022	15:24:33	86.45122	86.44107	86.44222	86.63871	86.41890	86.44349	86.44005	86.45989	86.42058	86.42468	86.47399	86.42371	86.48342	86.42605
19/07/2022	15:24:36	86.45157	86.44187	86.44275	86.63919	86.41904	86.44348	86.44013	86.45995	86.42087	86.42520	86.47448	86.42437	86.48381	86.42613
19/07/2022	15:24:40	86.45185	86.44175	86.44296	86.63914	86.41920	86.44367	86.44033	86.46015	86.42105	86.42515	86.47473	86.42422	86.48430	86.42667
19/07/2022	15:24:44	86.45143	86.44149	86.44272	86.63899	86.41930	86.44359	86.44095	86.46015	86.42072	86.42508	86.47450	86.42402	86.48383	86.42562
19/07/2022	15:24:48	86.45152	86.44199	86.44293	86.63934	86.41965	86.44384	86.44028	86.46001	86.42085	86.42517	86.47478	86.42421	86.48449	86.42648
19/07/2022	15:24:52	86.45172	86.44159	86.44303	86.63967	86.41972	86.44412	86.44066	86.46012	86.42104	86.42550	86.47526	86.42456	86.48501	86.42646
19/07/2022	15:24:56	86.45158	86.44197	86.44322	86.63966	86.42007	86.44419	86.44101	86.46013	86.42085	86.42499	86.47503	86.42438	86.48507	86.42634
19/07/2022	15:25:00	86.45137	86.44165	86.44273	86.63950	86.41983	86.44413	86.44136	86.46026	86.42067	86.42521	86.47506	86.42501	86.48510	86.42623
19/07/2022	15:25:04	86.45136	86.44148	86.44319	86.64031	86.42017	86.44407	86.44092	86.45990	86.42100	86.42530	86.47552	86.42507	86.48528	86.42661
19/07/2022	15:25:08	86.45144	86.44210	86.44366	86.64020	86.42025	86.44453	86.44159	86.46059	86.42134	86.42561	86.47552	86.42539	86.48564	86.42732
19/07/2022	15:25:11	86.45215	86.44203	86.44396	86.64078	86.42041	86.44458	86.44140	86.46044	86.42135	86.42552	86.47603	86.42554	86.48564	86.42669
19/07/2022	15:25:15	86.45201	86.44171	86.44387	86.64089	86.42031	86.44447	86.44196	86.46115	86.42193	86.42592	86.47566	86.42610	86.48572	86.42735
19/07/2022	15:25:19	86.45231	86.44207	86.44399	86.64110	86.42091	86.44442	86.44194	86.46086	86.42135	86.42605	86.47631	86.42634	86.48589	86.42724
19/07/2022	15:25:23	86.45235	86.44267	86.44414	86.64097	86.42065	86.44430	86.44197	86.46113	86.42184	86.42553	86.47625	86.42658	86.48587	86.42718
19/07/2022	15:25:27	86.45240	86.44229	86.44458	86.64133	86.42096	86.44483	86.44217	86.46160	86.42201	86.42607	86.47678	86.42696	86.48638	86.42732
19/07/2022	15:25:31	86.45288	86.44265	86.44462	86.64160	86.42125	86.44451	86.44215	86.46139	86.42204	86.42638	86.47704	86.42709	86.48610	86.42680
19/07/2022	15:25:35	86.45244	86.44291	86.44501	86.64144	86.42102	86.44442	86.44237	86.46138	86.42196	86.42619	86.47615	86.42675	86.48588	86.42720
19/07/2022	15:25:39	86.45218	86.44257	86.44450	86.64183	86.42082	86.44467	86.44233	86.46163	86.42195	86.42633	86.47658	86.42681	86.48599	86.42751
19/07/2022	15:25:43	86.45267	86.44321	86.44508	86.64160	86.42089	86.44454	86.44232	86.46183	86.42223	86.42650	86.47701	86.42723	86.48655	86.42812
19/07/2022	15:25:47	86.45309	86.44297	86.44536	86.64214	86.42192	86.44530	86.44323	86.46244	86.42336	86.42732	86.47761	86.42763	86.48716	86.42836
19/07/2022	15:25:50	86.45304	86.44369	86.44503	86.64184	86.42154	86.44504	86.44305	86.46244	86.42267	86.42731	86.47761	86.42775	86.48726	86.42887
19/07/2022	15:25:54	86.45351	86.44370	86.44613	86.64223	86.42150	86.44530	86.44345	86.46235	86.42284	86.42702	86.47752	86.42748	86.48698	86.42862
19/07/2022	15:25:58	86.45294	86.44301	86.44512	86.64199	86.42156	86.44526	86.44306	86.46250	86.42241	86.42764	86.47795	86.42798	86.48717	86.42970
19/07/2022	15:26:02	86.45390	86.44378	86.44578	86.64217	86.42160	86.44577	86.44368	86.46305	86.42297	86.42732	86.47754	86.42763	86.48739	86.42971
19/07/2022	15:26:06	86.45412	86.44394	86.44613	86.64235	86.42138	86.44555	86.44329	86.46264	86.42308	86.42751	86.47758	86.42763	86.48767	86.43059
19/07/2022	15:26:10	86.45457	86.44379	86.44637	86.64287	86.42194	86.44617	86.44387	86.46323	86.42329	86.42799	86.47838	86.42816	86.48782	86.43094
19/07/2022	15:26:14	86.45510	86.44421	86.44637	86.64292	86.42216	86.44594	86.44397	86.46323	86.42349	86.42812	86.47858	86.42835	86.48784	86.43084
19/07/2022	15:26:18	86.45560	86.44454	86.44667	86.64306	86.42184	86.44673	86.44414	86.46346	86.42410	86.42864	86.47866	86.42890	86.48816	86.43111
19/07/2022	15:26:21	86.45607	86.44505	86.44721	86.64362	86.42263	86.44701	86.44423	86.46316	86.42418	86.42820	86.47862	86.42917	86.48830	86.43116
19/07/2022	15:26:25	86.45617	86.44511	86.44689	86.64359	86.42263	86.44716	86.44471	86.46377	86.42475	86.42876	86.47872	86.42952	86.48784	86.43106
19/07/2022	15:26:29	86.45638	86.44525	86.44737	86.64345	86.42199	86.44673	86.44484	86.46357	86.42440	86.42818	86.47874	86.42901	86.48765	86.43096
19/07/2022	15:26:33	86.45604	86.44492	86.44702	86.64334	86.42248	86.44639	86.44431	86.46325	86.42461	86.42834	86.47837	86.42900	86.48809	86.43085
19/07/2022	15:26:37	86.45607	86.44527	86.44701	86.64348	86.42253	86.44658	86.44477	86.46358	86.42447	86.42820	86.47854	86.42945	86.48769	86.43136
19/07/2022	15:26:41	86.45656	86.44575	86.44761	86.64397	86.42267	86.44695	86.44488	86.46422	86.42534	86.42891	86.47915	86.42995	86.48856	86.43155
19/07/2022	15:26:45	86.45710	86.44649	86.44803	86.64415	86.42268	86.44701	86.44512	86.46423	86.42550	86.42851	86.47893	86.42978	86.48860	86.43143
19/07/2022	15:26:49	86.45701	86.44582	86.44834	86.64484	86.42278	86.44700	86.44488	86.46440	86.42550	86.42872	86.47839	86.43021	86.48886	86.43153
19/07/2022	15:26:53	86.45742	86.44628	86.44865	86.64518	86.42316	86.44750	86.44572	86.46510	86.42650	86.42910	86.47938	86.43019	86.48956	86.43215
19/07/2022	15:26:56	86.45745	86.44657	86.44913	86.64532	86.42302	86.44706	86.44533	86.46466	86.42579	86.42876	86.47893	86.43036	86.48911	86.43176
19/07/2022	15:27:00	86.45765	86.44637	86.44912	86.64488	86.42245	86.44740	86.44564	86.46511	86.42639	86.42881	86.47953	86.43001	86.48954	86.43221
19/07/2022	15:27:04	86.45769	86.44668	86.44962	86.64577	86.42356	86.44770	86.44596	86.46549	86.42716	86.42895	86.47938	86.43014	86.49016	86.43282
19/07/2022	15:27:08	86.45784	86.44673	86.44971	86.64592	86.42334	86.44774	86.44590	86.46579	86.42714	86.42919	86.47963	86.43034	86.49091	86.43309
19/07/2022	15:27:12	86.45816	86.44666	86.44994	86.64575	86.42337	86.44780	86.44596	86.46634	86.42776	86.42989	86.47928	86.43076	86.49095	86.43336
19/07/2022	15:27:16	86.45803	86.44657	86.45022	86.64576	86.42312	86.44762	86.44570	86.46603	86.42752	86.43012	86.47915	86.43045	86.49050	86.43333
19/07/2022	15:27:20	86.45797	86.44654	86.45014	86.64595	86.42334	86.44742	86.44625	86.46601	86.42769	86.43021	86.47977	86.43055	86.49064	86.43339
19/07/2022	15:27:24	86.45829	86.44663	86.45013	86.64584	86.42341	86.44798	86.44636	86.46620	86.42802	86.43019	86.47974	86.43044	86.49053	86.43356
19/07/2022	15:27:28	86.45835	86.44632	86.45027	86.64623	86.42403	86.44790	86.44599	86.46578	86.42752	86.43048	86.47954	86.43097	86.49068	86.43316
19/07/2022	15:27:32	86.45859	86.44661	86.45011	86.64608	86.42353	86.44746	86.44589	86.46622	86.42786	86.43043	86.47969	86.43111	86.49044	86.43295
19/07/2022	15:27:36	86.45864	86.44638	86.45037	86.64639	86.42337	86.44799	86.44621	86.46639	86.42786	86.43062	86.47966	86.43156	86.49133	86.43299
19/07/2022	15:27:39	86.45915	86.44670	86.45050	86.64636	86.42359	86.44807	86.44656	86.46629	86.42790	86.43018	86.47969	86.43134	86.49098	86.43307
19/07/2022	15:27:43	86.45925	86.44687	86.45087	86.64641	86.42384	86.44849	86.44691	86.46700	86.42830	86.43060	86.48028	86.43233	86.49135	86.43315
19/07/2022	15:27:47	86.45971	86.44708	86.45086	86.64667	86.42402	86.44838	86.44686	86.46698	86.42818	86.43104	86.48061	86.43202	86.49133	86.43336
19/07/2022	15:27:51	86.45968	86.44724	86.45082	86.64714	86.42428	86.44877	86.44709	86.46749	86.42817	86.43103	86.48087	86.43283	86.49166	86.43324
19/07/2022	15:27:55	86.45959	86.44752	86.45103	86.64699	86.42436	86.44839	86.44666	86.46751	86.42771	86.43063	86.48039	86.43278	86.49183	86.43364
19/07/2022	15:27:59	86.46018	86.44789	86.45125	86.64738	86.42397	86.44862	86.44744	86.46815	86.42812	86.43081	86.48049	86.43263	86.49184	86.43291
19/07/2022	15:28:03	86.46012	86.44804	86.45141	86.64697	86.42435	86.44873	86.44732	86.46840	86.42790	86.43046	86.48095	86.43346	86.49211	86.43383
19/07/2022	15:28:07	86.46012	86.44824	86.45174	86.64750	86.42419	86.44945	86.44774	86.46838	86.42791	86.43062	86.48123	86.43342	86.49233	86.43357
19/07/2022	15:28:10	86.46038	86.44881	86.45173	86.64720	86.42490	86.44966	86.44771	86.46892	86.42839	86.43050	86.48117	86.43311	86.49212	86.43366
19/07/2022	15:28:14	86.46049	86.44906	86.45164	86.64751	86.42451	86.44923	86.44802	86.46912	86.42842	86.43137	86.48159	86.43371	86.49285	86.43389
19/07/2022	15:28:18	86.45988	86.44898	86.45197	86.64784	86.42472	86.44949	86.44792	86.46849	86.42835	86.43111	86.48139	86.43318	86.49275	86.43347
19/07/2022	15:28:22	86.46011	86.44872	86.45209	86.64753	86.42461	86.44963	86.44824	86.46881	86.42839	86.43113	86.48184	86.43366	86.49265	86.43378
19/07/2022	15:28:26	86.46048	86.44943	86.45242	86.64821	86.42490	86.44973	86.44792	86.46867	86.42837	86.43106	86.48196	86.43368	86.49323	86.43368
19/07/2022	15:28:30	86.46042	86.44959	86.45233	86.64822	86.42502	86.44951	86.44806	86.46890	86.42858	86.43124	86.48240	86.43365	86.49338	86.43411
19/07/2022	15:28:34	86.46038	86.44911	86.45257	86.64829	86.42474	86.44976	86.44817	86.46848	86.42854	86.43126	86.48223	86.43350	86.49331	86.43399
19/07/2022	15:28:38	86.46022	86.45021	86.45285	86.64876	86.42551	86.44999	86.44846	86.46847	86.42842	86.43092	86.48191	86.43348	86.49309	86.43389
19/07/2022	15:28:42	86.46029	86.44977	86.45261	86.64826	86.42542	86.44986	86.44815	86.46849	86.42831	86.43130	86.48235	86.43359	86.49300	86.43379
19/07/2022	15:28:46	86.46028	86.44966	86.45276	86.64837	86.42507	86.44981	86.44845	86.46874	86.42866	86.43148	86.48211	86.43364	86.49382	86.43418
19/07/2022	15:28:50	86.45994	86.45010	86.45241	86.64822	86.42496	86.44957	86.44828	86.46844	86.42824	86.43123	86.48189	86.43330	86.49354	86.43417
19/07/2022	15:28:53	86.46000	86.45012	86.45289	86.64844	86.42471	86.44974	86.44810	86.46844	86.42903	86.43132	86.48237	86.43355	86.49359	86.43389
19/07/2022	15:28:57	86.45951	86.45003	86.45314	86.64889	86.42492	86.44968	86.44842	86.46887	86.42918	86.43200	86.48217	86.43368	86.49389	86.43370
19/07/2022	15:29:01	86.46010	86.45044	86.45258	86.64866	86.42524	86.45019	86.44858	86.46891	86.42858	86.43179	86.48189	86.43330	86.49398	86.43388
19/07/2022	15:29:05	86.45969	86.45008	86.45248	86.64914	86.42499	86.44997	86.44865	86.46904	86.42895	86.43229	86.48223	86.43412	86.49399	86.43383
19/07/2022	15:29:09	86.46015	86.44994	86.45285	86.64958	86.42521	86.45020	86.44868	86.46895	86.42950	86.43241	86.48264	86.43416	86.49510	86.43458
19/07/2022	15:29:13	86.46081	86.45063	86.45323	86.64969	86.42557	86.45039	86.44875	86.46941	86.42972	86.43291	86.48277	86.43403	86.49514	86.43455
19/07/2022	15:29:17	86.46138	86.45056	86.45370	86.65046	86.42589	86.45089	86.44888	86.46948	86.42989	86.43287	86.48261	86.43431	86.49521	86.43426
19/07/2022	15:29:21	86.46116	86.45037	86.45339	86.64994	86.42605	86.45076	86.44902	86.46978	86.42993	86.43323	86.48311	86.43445	86.49515	86.43438
19/07/2022	15:29:25	86.46135	86.44988	86.45331	86.65006	86.42575	86.45110	86.44877	86.46999	86.42978	86.43291	86.48270	86.43436	86.49559	86.43436
19/07/2022	15:29:28	86.46132	86.44995	86.45347	86.65017	86.42562	86.45065	86.44879	86.46982	86.43012	86.43321	86.48310	86.43420	86.49552	86.43486
19/07/2022	15:29:32	86.46143	86.45037	86.45386	86.65046	86.42602	86.45110	86.44926	86.47031	86.43028	86.43334	86.48318	86.43457	86.49601	86.43409
19/07/2022	15:29:36	86.46148	86.45004	86.45357	86.64988	86.42557	86.45128	86.44916	86.47014	86.43039	86.43330	86.48314	86.43472	86.49650	86.43525
19/07/2022	15:29:40	86.46179	86.45077	86.45429	86.65026	86.42601	86.45135	86.44913	86.47068	86.43032	86.43296	86.48324	86.43484	86.49641	86.43487
19/07/2022	15:29:44	86.46148	86.45070	86.45398	86.65016	86.42618	86.45119	86.44932	86.47013	86.43052	86.43366	86.48329	86.43480	86.49737	86.43538
19/07/2022	15:29:48	86.46150	86.45043	86.45377	86.64978	86.42608	86.45154	86.44956	86.47023	86.43070	86.43390	86.48354	86.43472	86.49666	86.43522
19/07/2022	15:29:52	86.46164	86.45107	86.45425	86.65071	86.42637	86.45140	86.44939	86.47068	86.43013	86.43394	86.48334	86.43432	86.49642	86.43544
19/07/2022	15:29:56	86.46174	86.45122	86.45439	86.65075	86.42632	86.45151	86.44954	86.47027	86.43088	86.43379	86.48342	86.43504	86.49662	86.43518
19/07/2022	15:29:59	86.46185	86.45108	86.45418	86.65057	86.42612	86.45126	86.44835	86.47011	86.43088	86.43359	86.48289	86.43510	86.49722	86.43583
19/07/2022	15:30:03	86.46193	86.45121	86.45426	86.65046	86.42651	86.45106	86.44927	86.46977	86.43177	86.43340	86.48354	86.43467	86.49707	86.43518
19/07/2022	15:30:07	86.46217	86.45156	86.45406	86.65037	86.42588	86.45114	86.44974	86.47005	86.43102	86.43396	86.48377	86.43448	86.49664	86.43522
19/07/2022	15:30:11	86.46184	86.45117	86.45378	86.65061	86.42630	86.45137	86.44971	86.47052	86.43079	86.43389	86.48354	86.43461	86.49657	86.43502
19/07/2022	15:30:15	86.46210	86.45153	86.45420	86.65113	86.42649	86.45151	86.44948	86.47064	86.43154	86.43442	86.48390	86.43457	86.49637	86.43525
19/07/2022	15:30:19	86.46196	86.45204	86.45415	86.65069	86.42653	86.45178	86.44996	86.47078	86.43125	86.43469	86.48400	86.43458	86.49719	86.43546
19/07/2022	15:30:23	86.46234	86.45197	86.45449	86.65125	86.42684	86.45218	86.45037	86.47132	86.43161	86.43434	86.48441	86.43464	86.49682	86.43499
19/07/2022	15:30:27	86.46234	86.45220	86.45421	86.65090	86.42686	86.45159	86.44980	86.47101	86.43097	86.43438	86.48435	86.43445	86.49667	86.43477
19/07/2022	15:30:31	86.46243	86.45199	86.45461	86.65091	86.42708	86.45173	86.44988	86.47113	86.43126	86.43448	86.48489	86.43483	86.49652	86.43467
19/07/2022	15:30:35	86.46228	86.45250	86.45426	86.65096	86.42695	86.45179	86.45002	86.47136	86.43110	86.43443	86.48545	86.43466	86.49644	86.43504
19/07/2022	15:30:38	86.46269	86.45225	86.45424	86.65077	86.42714	86.45205	86.45009	86.47106	86.43120	86.43412	86.48522	86.43480	86.49646	86.43489
19/07/2022	15:30:42	86.46267	86.45254	86.45430	86.65112	86.42743	86.45175	86.45035	86.47128	86.43145	86.43433	86.48535	86.43445	86.49671	86.43482
19/07/2022	15:30:46	86.46306	86.45295	86.45475	86.65119	86.42749	86.45206	86.45070	86.47184	86.43145	86.43472	86.48602	86.43484	86.49697	86.43538
19/07/2022	15:30:50	86.46252	86.45312	86.45463	86.65150	86.42773	86.45209	86.45114	86.47134	86.43153	86.43486	86.48581	86.43469	86.49721	86.43509
19/07/2022	15:30:54	86.46229	86.45294	86.45500	86.65141	86.42767	86.45206	86.45084	86.47141	86.43176	86.43536	86.48593	86.43487	86.49689	86.43568
19/07/2022	15:30:58	86.46266	86.45317	86.45502	86.65151	86.42799	86.45222	86.45107	86.47149	86.43161	86.43538	86.48651	86.43500	86.49658	86.43510
19/07/2022	15:31:02	86.46224	86.45282	86.45434	86.65095	86.42703	86.45181	86.45061	86.47119	86.43188	86.43485	86.48641	86.43505	86.49640	86.43537
19/07/2022	15:31:05	86.46240	86.45295	86.45511	86.65152	86.42762	86.45194	86.45061	86.47144	86.43177	86.43523	86.48657	86.43553	86.49677	86.43542
19/07/2022	15:31:09	86.46259	86.45315	86.45453	86.65125	86.42767	86.45210	86.45101	86.47131	86.43171	86.43569	86.48646	86.43573	86.49715	86.43610
19/07/2022	15:31:13	86.46292	86.45313	86.45510	86.65189	86.42855	86.45251	86.45106	86.47193	86.43209	86.43543	86.48720	86.43577	86.49710	86.43617
19/07/2022	15:31:17	86.46325	86.45367	86.45531	86.65180	86.42810	86.45280	86.45167	86.47217	86.43229	86.43605	86.48745	86.43629	86.49751	86.43653
19/07/2022	15:31:21	86.46303	86.45391	86.45539	86.65235	86.42850	86.45290	86.45212	86.47214	86.43200	86.43591	86.48715	86.43638	86.49699	86.43641
19/07/2022	15:31:25	86.46318	86.45380	86.45556	86.65225	86.42866	86.45313	86.45168	86.47175	86.43206	86.43533	86.48696	86.43657	86.49709	86.43609
19/07/2022	15:31:29	86.46324	86.45417	86.45544	86.65202	86.42842	86.45265	86.45175	86.47182	86.43230	86.43540	86.48760	86.43639	86.49696	86.43659
19/07/2022	15:31:33	86.46326	86.45408	86.45571	86.65167	86.42878	86.45307	86.45185	86.47226	86.43231	86.43542	86.48763	86.43682	86.49700	86.43615
19/07/2022	15:31:37	86.46329	86.45391	86.45555	86.65195	86.42863	86.45310	86.45143	86.47197	86.43216	86.43522	86.48748	86.43655	86.49659	86.43609
19/07/2022	15:31:41	86.46315	86.45403	86.45580	86.65218	86.42870	86.45247	86.45179	86.47207	86.43225	86.43592	86.48795	86.43676	86.49698	86.43596
19/07/2022	15:31:44	86.46266	86.45388	86.45556	86.65178	86.42871	86.45264	86.45150	86.47164	86.43194	86.43541	86.48769	86.43669	86.49703	86.43604
19/07/2022	15:31:48	86.46289	86.45345	86.45607	86.65180	86.42883	86.45286	86.45164	86.47213	86.43218	86.43573	86.48720	86.43668	86.49682	86.43593
19/07/2022	15:31:52	86.46230	86.45373	86.45591	86.65192	86.42861	86.45256	86.45159	86.47176	86.43162	86.43540	86.48742	86.43647	86.49694	86.43586
19/07/2022	15:31:56	86.46271	86.45386	86.45649	86.65194	86.42890	86.45327	86.45198	86.47225	86.43166	86.43573	86.48780	86.43691	86.49769	86.43617
19/07/2022	15:32:00	86.46287	86.45360	86.45628	86.65215	86.42898	86.45344	86.45257	86.47243	86.43206	86.43615	86.48793	86.43708	86.49784	86.43653
19/07/2022	15:32:04	86.46254	86.45327	86.45642	86.65205	86.42902	86.45340	86.45255	86.47224	86.43223	86.43550	86.48778	86.43730	86.49830	86.43678
19/07/2022	15:32:08	86.46266	86.45355	86.45703	86.65191	86.42907	86.45362	86.45235	86.47187	86.43233	86.43520	86.48756	86.43704	86.49806	86.43641
19/07/2022	15:32:12	86.46204	86.45318	86.45669	86.65187	86.42959	86.45371	86.45236	86.47181	86.43189	86.43522	86.48726	86.43653	86.49779	86.43645
19/07/2022	15:32:15	86.46236	86.45319	86.45645	86.65175	86.42858	86.45311	86.45185	86.47194	86.43167	86.43495	86.48709	86.43649	86.49780	86.43646
19/07/2022	15:32:19	86.46250	86.45324	86.45654	86.65195	86.42920	86.45384	86.45243	86.47219	86.43194	86.43503	86.48696	86.43705	86.49791	86.43679
19/07/2022	15:32:23	86.46213	86.45294	86.45576	86.65175	86.42836	86.45324	86.45203	86.47180	86.43200	86.43470	86.48714	86.43721	86.49801	86.43712
19/07/2022	15:32:27	86.46257	86.45331	86.45657	86.65165	86.42881	86.45390	86.45233	86.47205	86.43187	86.43473	86.48673	86.43741	86.49786	86.43670
19/07/2022	15:32:31	86.46263	86.45347	86.45688	86.65188	86.42867	86.45372	86.45233	86.47179	86.43193	86.43471	86.48727	86.43759	86.49796	86.43692
19/07/2022	15:32:35	86.46242	86.45349	86.45659	86.65159	86.42856	86.45372	86.45240	86.47232	86.43216	86.43488	86.48704	86.43725	86.49817	86.43671
19/07/2022	15:32:39	86.46241	86.45381	86.45664	86.65152	86.42883	86.45403	86.45300	86.47185	86.43221	86.43507	86.48735	86.43685	86.49819	86.43684
19/07/2022	15:32:43	86.46246	86.45366	86.45679	86.65134	86.42849	86.45404	86.45255	86.47164	86.43176	86.43523	86.48747	86.43727	86.49809	86.43691
19/07/2022	15:32:47	86.46202	86.45329	86.45685	86.65147	86.42871	86.45374	86.45293	86.47205	86.43260	86.43551	86.48725	86.43723	86.49830	86.43728
19/07/2022	15:32:51	86.46262	86.45394	86.45669	86.65149	86.42893	86.45458	86.45274	86.47221	86.43198	86.43573	86.48763	86.43745	86.49858	86.43729
19/07/2022	15:32:55	86.46268	86.45407	86.45694	86.65193	86.42921	86.45421	86.45303	86.47235	86.43215	86.43563	86.48787	86.43737	86.49823	86.43734
19/07/2022	15:32:58	86.46265	86.45365	86.45701	86.65172	86.42975	86.45440	86.45270	86.47243	86.43183	86.43504	86.48734	86.43751	86.49779	86.43785
19/07/2022	15:33:02	86.46251	86.45371	86.45656	86.65159	86.42961	86.45429	86.45288	86.47206	86.43236	86.43476	86.48823	86.43764	86.49839	86.43755
19/07/2022	15:33:06	86.46273	86.45351	86.45673	86.65159	86.42939	86.45423	86.45249	86.47169	86.43221	86.43415	86.48806	86.43713	86.49832	86.43779
