14/07/2022	9:57:23	265.28559	266.96032	269.71314	269.58869	266.42571	261.90224	259.10776	255.96250	254.18849	254.80939	256.66767	258.91014	259.64712	253.58546
14/07/2022	9:57:27	259.34118	260.51910	263.26949	263.21139	260.20546	255.87040	253.16075	250.52773	248.83370	249.56558	251.32829	253.05961	253.20567	247.75101
14/07/2022	9:57:30	253.11899	253.74517	256.33577	256.23971	253.47120	249.34976	246.64031	244.43684	242.73504	243.58328	245.20418	246.66553	246.50531	241.85004
14/07/2022	9:57:34	246.64690	247.02662	249.32203	248.87450	246.37912	242.41151	239.58081	237.72446	236.34528	237.28581	238.72993	239.88186	240.18090	236.08415
14/07/2022	9:57:37	239.91635	240.10149	242.21225	241.29226	239.17648	235.06640	232.37944	231.00273	229.83552	230.88109	232.19122	233.13619	234.19721	230.30469
14/07/2022	9:57:41	233.05205	232.88673	235.17422	234.02813	231.88168	227.83918	225.29660	224.40850	223.27594	224.44985	225.62042	226.48653	228.15424	224.33882
14/07/2022	9:57:45	226.33353	225.76904	228.31185	226.86541	224.68521	220.58066	218.02360	217.63044	216.59007	217.89099	218.93233	219.80667	221.99840	218.21624
14/07/2022	9:57:48	219.71494	219.09820	221.95156	219.86824	217.48555	213.26450	210.48291	210.31908	209.43338	210.93385	212.12896	213.13640	215.52469	211.73747
14/07/2022	9:57:52	213.17473	212.53687	215.36262	212.31894	209.68273	205.20391	202.12490	202.37346	201.56245	203.24952	204.69938	205.32715	208.15475	204.44392
14/07/2022	9:57:55	205.71289	204.99697	207.76020	203.81143	201.14981	196.48191	193.15163	193.76293	193.03019	195.02816	196.60444	197.41408	200.24298	196.55841
14/07/2022	9:57:59	197.86383	196.92920	199.74008	195.32851	192.60032	187.86028	184.28529	185.25708	184.76307	186.91094	188.71872	189.74704	192.60084	188.89808
14/07/2022	9:58:03	190.62908	189.49029	192.28355	187.41218	184.72807	180.04795	176.28598	177.51560	177.21045	179.37038	181.37948	182.58076	185.57212	181.86408
14/07/2022	9:58:06	183.95604	182.62776	185.43386	180.17174	177.57813	173.04349	169.12065	170.55816	170.35151	172.51406	174.68651	176.02466	179.19332	175.45739
14/07/2022	9:58:10	177.80024	176.39666	179.19287	173.67298	171.19801	166.84961	162.73875	164.31390	164.16434	166.28463	168.56642	170.02769	173.34165	169.58477
14/07/2022	9:58:13	172.19238	170.81824	173.49361	167.81467	165.44126	161.27338	157.04683	158.66636	158.56495	160.69247	163.02271	164.56776	168.03534	164.25212
14/07/2022	9:58:17	167.08493	165.80669	168.31868	162.52601	160.35485	156.34052	152.06364	153.67830	153.61555	155.72901	158.09357	159.68138	163.28545	159.49596
14/07/2022	9:58:21	162.51594	161.34152	163.62154	157.79753	155.80770	151.99021	147.68549	149.22659	149.19742	151.30007	153.66884	155.27567	158.99499	155.21374
14/07/2022	9:58:24	158.37997	157.28606	159.32334	153.50819	151.73465	148.09036	143.80120	145.24507	145.25260	147.33570	149.69639	151.30931	155.10130	151.33449
14/07/2022	9:58:28	154.64813	153.63417	155.43065	149.65024	148.06509	144.61440	140.37400	141.70963	141.76296	143.79611	146.12394	147.72985	151.57375	147.85142
14/07/2022	9:58:31	151.31147	150.34650	151.90632	146.18483	144.80808	141.53413	137.35883	138.56590	138.66618	140.65066	142.92950	144.51956	148.39892	144.72453
14/07/2022	9:58:35	148.28435	147.35701	148.69575	143.04152	141.87061	138.75994	134.65457	135.74505	135.89518	137.81769	140.04880	141.61732	145.51750	141.89781
14/07/2022	9:58:39	145.57149	144.66856	145.80132	140.24102	139.25596	136.28541	132.27211	133.24074	133.43210	135.29826	137.46650	139.01106	142.92328	139.36166
14/07/2022	9:58:42	143.11790	142.23111	143.17066	137.71994	136.89788	134.04952	130.13588	130.98560	131.22062	133.03883	135.15028	136.66463	140.56795	137.06920
14/07/2022	9:58:46	140.88654	140.03313	140.77907	135.44041	134.76596	132.04171	128.21937	128.95740	129.23947	131.00449	133.04849	134.53938	138.43072	134.99467
14/07/2022	9:58:49	138.84561	138.02264	138.59632	133.36835	132.82215	130.20568	126.47623	127.11331	127.42512	129.14675	131.12833	132.59462	136.45956	133.09700
14/07/2022	9:58:53	136.96794	136.18430	136.60740	131.47822	131.04634	128.53226	124.88848	125.42921	125.77603	127.45193	129.38011	130.82970	134.65777	131.36323
14/07/2022	9:58:57	135.24343	134.49280	134.78482	129.73863	129.42037	127.00142	123.43377	123.89424	124.27148	125.90690	127.78202	129.21355	133.01006	129.78355
14/07/2022	9:59:00	133.66084	132.93179	133.11844	128.15083	127.93475	125.59400	122.10433	122.49409	122.89874	124.49709	126.32350	127.73999	131.49916	128.34223
14/07/2022	9:59:04	132.21962	131.51429	131.60862	126.71233	126.58822	124.31856	120.89213	121.21992	121.64995	123.21168	124.99529	126.39687	130.11348	127.02534
14/07/2022	9:59:07	130.88876	130.19086	130.21657	125.37871	125.33802	123.12913	119.76797	120.03810	120.49186	122.02084	123.76372	125.15123	128.82433	125.80015
14/07/2022	9:59:11	129.65503	128.95984	128.93360	124.14849	124.18114	122.03090	118.72951	118.94892	119.42330	120.91982	122.62644	124.00446	127.63394	124.67019
14/07/2022	9:59:15	128.50301	127.80658	127.74095	123.00384	123.09656	121.00428	117.75973	117.93040	118.42897	119.89482	121.56392	122.93364	126.52256	123.61888
14/07/2022	9:59:18	127.44053	126.73902	126.64697	121.94568	122.09239	120.05295	116.86363	116.99390	117.51209	118.95508	120.58949	121.95440	125.49825	122.65059
14/07/2022	9:59:22	126.45112	125.74855	125.63452	120.97112	121.15563	119.16336	116.03426	116.12393	116.66369	118.08290	119.68593	121.04856	124.54339	121.74841
14/07/2022	9:59:25	125.53169	124.82072	124.68979	120.05987	120.27608	118.32936	115.25252	115.31146	115.86644	117.26822	118.84133	120.20015	123.64777	120.90137
14/07/2022	9:59:29	124.66897	123.95838	123.81075	119.21628	119.45397	117.54309	114.52484	114.55792	115.13044	116.51000	118.05598	119.41346	122.81611	120.11504
14/07/2022	9:59:33	123.85914	123.14716	122.98699	118.42336	118.68091	116.80678	113.83948	113.85115	114.43468	115.79679	117.31822	118.67353	122.02758	119.36893
14/07/2022	9:59:36	123.09708	122.38833	122.21677	117.67813	117.95358	116.11079	113.19097	113.18518	113.78028	115.12627	116.62660	117.98282	121.28581	118.67011
14/07/2022	9:59:40	122.37579	121.66756	121.48701	116.97247	117.25946	115.44416	112.57631	112.55373	113.15865	114.49050	115.97124	117.32793	120.57907	118.00508
14/07/2022	9:59:43	121.69928	120.98938	120.79934	116.30651	116.60301	114.81211	111.99293	111.95774	112.57021	113.89017	115.35393	116.71187	119.91193	117.37723
14/07/2022	9:59:47	121.05521	120.34544	120.14807	115.67537	115.97966	114.21341	111.43794	111.39068	112.01135	113.31824	114.76740	116.12575	119.27547	116.77969
14/07/2022	9:59:51	120.43421	119.72969	119.52258	115.07149	115.38320	113.64054	110.90666	110.85139	111.47609	112.77106	114.20523	115.56577	118.66615	116.20859
14/07/2022	9:59:54	119.84381	119.14459	118.93053	114.49890	114.81415	113.09465	110.40101	110.33746	110.96774	112.25043	113.67337	115.03259	118.08724	115.66651
14/07/2022	9:59:58	119.27581	118.58557	118.36355	113.95195	114.27245	112.57378	109.91862	109.84889	110.48348	111.75457	113.16697	114.52556	117.53627	115.15241
14/07/2022	10:00:01	118.73886	118.05761	117.82751	113.43508	113.75820	112.08201	109.46205	109.38729	110.02521	111.28621	112.68787	114.04570	117.01330	114.66436
14/07/2022	10:00:05	118.22629	117.55589	117.31751	112.94336	113.26864	111.61052	109.02330	108.94539	109.58648	110.83716	112.22854	113.58605	116.50877	114.19280
14/07/2022	10:00:09	117.73019	117.06603	116.81905	112.46316	112.78853	111.15124	108.59504	108.51288	109.15623	110.39770	111.77883	113.13482	116.01526	113.73299
14/07/2022	10:00:12	117.24798	116.58948	116.33722	111.99964	112.32466	110.70768	108.18183	108.09819	108.74213	109.97547	111.34838	112.70422	115.54199	113.29177
14/07/2022	10:00:16	116.78716	116.13414	115.87437	111.55645	111.87967	110.28209	107.78385	107.69838	108.34394	109.57016	110.93469	112.28956	115.08480	112.86429
14/07/2022	10:00:19	116.34372	115.69416	115.42744	111.12941	111.45035	109.86998	107.40140	107.31449	107.96030	109.17793	110.53519	111.88762	114.64415	112.45429
14/07/2022	10:00:23	115.91244	115.26894	114.99535	110.71768	111.03628	109.47635	107.03400	106.94636	107.59105	108.80240	110.15147	111.50308	114.22121	112.06096
14/07/2022	10:00:27	115.49764	114.86040	114.57999	110.32156	110.63840	109.09804	106.68022	106.59246	107.23484	108.43943	109.78062	111.12999	113.81119	111.67986
14/07/2022	10:00:30	115.09395	114.46251	114.17610	109.93719	110.25044	108.72783	106.33461	106.24718	106.88713	108.08531	109.41753	110.76450	113.41107	111.30880
14/07/2022	10:00:34	114.70070	114.07470	113.78236	109.56399	109.87395	108.36883	105.99931	105.91078	106.54892	107.74100	109.06608	110.41059	113.02383	110.94816
14/07/2022	10:00:37	114.32203	113.70129	113.40384	109.20317	109.51000	108.02154	105.67420	105.58639	106.22249	107.40833	108.72659	110.06884	112.64689	110.59776
14/07/2022	10:00:41	113.95187	113.33538	113.03201	108.85077	109.15438	107.68216	105.35824	105.27061	105.90404	107.08387	108.39411	109.73301	112.27772	110.25452
14/07/2022	10:00:45	113.58836	112.97649	112.66710	108.50652	108.80650	107.35036	105.04961	104.96277	105.59350	106.76717	108.07028	109.40636	111.91876	109.91930
14/07/2022	10:00:48	113.23256	112.62437	112.31058	108.16819	108.46604	107.02416	104.74581	104.66059	105.28870	106.45579	107.75292	109.08342	111.56493	109.59060
14/07/2022	10:00:52	112.88375	112.27920	111.96121	107.83997	108.13447	106.70740	104.45169	104.36723	104.99235	106.15200	107.44172	108.76749	111.21873	109.26907
14/07/2022	10:00:55	112.54001	111.93929	111.61676	107.51675	107.80860	106.39622	104.16251	104.08064	104.70165	105.85557	107.13713	108.45960	110.88244	108.95482
14/07/2022	10:00:59	112.20461	111.60763	111.28253	107.20266	107.49146	106.09314	103.88097	103.80113	104.41908	105.56584	106.84112	108.15907	110.55194	108.64765
14/07/2022	10:01:03	111.87817	111.28428	110.95604	106.89802	107.18368	105.79907	103.60690	103.52951	104.14201	105.28266	106.55249	107.86535	110.23107	108.34807
14/07/2022	10:01:06	111.55811	110.96810	110.63578	106.59953	106.88113	105.51014	103.33849	103.26262	103.87298	105.00799	106.27071	107.57865	109.91694	108.05515
14/07/2022	10:01:10	111.24168	110.65597	110.31945	106.30592	106.58348	105.22691	103.07499	103.00284	103.60693	104.73520	105.99170	107.29335	109.60618	107.76576
14/07/2022	10:01:13	110.92984	110.34761	110.00959	106.01646	106.29011	104.94775	102.81656	102.74680	103.34578	104.47064	105.71335	106.96888	109.27255	107.47935
14/07/2022	10:01:17	110.34429	109.75448	109.45469	105.53818	105.95539	104.77939	102.61348	102.88371	103.31228	103.43806	105.14234	106.25299	108.76387	107.01724
14/07/2022	10:01:21	109.56356	108.49295	108.60037	104.79993	105.57165	104.31639	102.45810	102.71757	102.97563	103.23624	104.77999	105.80857	108.38359	106.70583
14/07/2022	10:01:24	109.00691	107.93982	108.25173	104.66807	105.37876	104.14837	102.29842	102.40955	102.50840	103.00610	104.30412	105.29682	107.93034	106.25604
14/07/2022	10:01:28	108.44901	107.50460	107.77043	104.32622	105.03389	103.82022	102.00924	102.03871	101.99619	102.71855	103.83296	104.81874	107.49787	105.82898
14/07/2022	10:01:31	107.96639	107.16711	107.34439	104.00308	104.70685	103.51686	101.73442	101.72521	101.56378	102.44692	103.43373	104.41418	107.11275	105.45547
14/07/2022	10:01:35	107.54733	106.86906	106.95703	103.70119	104.40279	103.24178	101.47209	101.44467	101.19659	102.18254	103.07756	104.05044	106.75306	105.10847
14/07/2022	10:01:39	107.15754	106.57423	106.58785	103.40583	104.10391	102.97856	101.20999	101.17629	100.87020	101.91456	102.74383	103.70671	106.40617	104.77336
14/07/2022	10:01:42	106.78884	106.27749	106.23384	103.11614	103.81017	102.72462	100.95018	100.91612	100.57069	101.64689	102.43100	103.38081	106.07041	104.45031
14/07/2022	10:01:46	106.43286	105.97761	105.89181	102.82990	103.51900	102.47492	100.69330	100.65776	100.28627	101.37852	102.12974	103.06652	105.74424	104.13854
14/07/2022	10:01:49	106.08793	105.67367	105.55850	102.54734	103.23271	102.22921	100.44082	100.40140	100.01631	101.11415	101.83907	102.76225	105.42406	103.83184
14/07/2022	10:01:53	105.75246	105.37131	105.23470	102.26974	102.95150	101.98276	100.19294	100.14815	99.75627	100.85142	101.55811	102.46894	105.11239	103.53479
14/07/2022	10:01:57	105.42415	105.06721	104.91698	101.99368	102.67127	101.73590	99.94753	99.89678	99.50461	100.59105	101.28294	102.17888	104.80378	103.24270
14/07/2022	10:02:00	105.10336	104.76690	104.60776	101.72143	102.39730	101.48811	99.70642	99.65277	99.26322	100.33498	101.01375	101.89781	104.50222	102.95760
14/07/2022	10:02:04	104.79060	104.47003	104.30583	101.45295	102.12573	101.24243	99.46713	99.40949	99.02746	100.08271	100.75165	101.62286	104.20714	102.67896
14/07/2022	10:02:07	104.48406	104.17642	104.00954	101.18903	101.86046	100.99667	99.23267	99.17026	98.79774	99.83390	100.49526	101.35343	103.91823	102.40491
14/07/2022	10:02:11	104.18036	103.88333	103.71614	100.92545	101.59343	100.74752	98.99722	98.93293	98.57126	99.58461	100.23978	101.08482	103.62984	102.13292
14/07/2022	10:02:15	103.88413	103.59532	103.42953	100.66771	101.33215	100.50369	98.76869	98.70060	98.35284	99.34284	99.99204	100.82643	103.35234	101.87106
14/07/2022	10:02:18	103.59587	103.31390	103.15116	100.41612	101.07798	100.26424	98.54541	98.47367	98.13859	99.10510	99.75016	100.57107	103.07581	101.61067
14/07/2022	10:02:22	103.30996	103.03430	102.87394	100.16386	100.82355	100.02456	98.32200	98.24725	97.92514	98.86820	99.50736	100.31921	102.80188	101.35224
14/07/2022	10:02:25	103.02887	102.75833	102.60105	99.91652	100.57362	99.78671	98.10257	98.02350	97.71665	98.63556	99.27078	100.07276	102.53455	101.09961
14/07/2022	10:02:29	102.75245	102.48779	102.33426	99.67293	100.32723	99.55281	97.88676	97.80477	97.51143	98.40583	99.03707	99.82811	102.27072	100.85109
14/07/2022	10:02:33	102.47917	102.21931	102.06936	99.43021	100.08197	99.31791	97.67125	97.58727	97.30701	98.17739	98.80452	99.58640	102.00819	100.60375
14/07/2022	10:02:36	102.20966	101.95162	101.80869	99.19239	99.84156	99.08851	97.46193	97.37495	97.10691	97.95470	98.57837	99.35065	101.75230	100.36225
14/07/2022	10:02:40	101.94602	101.67368	101.55208	98.95829	99.60487	98.86177	97.25392	97.16545	96.91059	97.73462	98.35553	99.11781	101.49957	100.12448
14/07/2022	10:02:43	101.68707	101.40456	101.30123	98.72904	99.37291	98.63900	97.04658	96.95870	96.71734	97.51857	98.13567	98.88899	101.25104	99.89075
14/07/2022	10:02:47	101.43194	101.14501	101.05255	98.50084	99.13908	98.41429	96.83960	96.75184	96.52352	97.30521	97.91967	98.66471	101.00561	99.65954
14/07/2022	10:02:51	101.18279	100.89214	100.80780	98.27542	98.90985	98.19362	96.63712	96.54843	96.33451	97.09569	97.70768	98.44414	100.76495	99.43212
14/07/2022	10:02:54	100.93782	100.64768	100.56735	98.05536	98.68658	97.97834	96.43883	96.35032	96.14813	96.89080	97.50029	98.22799	100.52855	99.20968
14/07/2022	10:02:58	100.69656	100.40677	100.33072	97.83883	98.46501	97.76429	96.24312	96.15513	95.96397	96.68698	97.29415	98.01281	100.29377	98.98799
14/07/2022	10:03:01	100.45814	100.16924	100.09530	97.62277	98.24545	97.55337	96.04922	95.96066	95.78110	96.48590	97.09037	97.80025	100.06139	98.76946
14/07/2022	10:03:05	100.22090	99.93519	99.86339	97.41081	98.03034	97.34318	95.85708	95.76960	95.59980	96.28837	96.88979	97.59248	99.83302	98.55371
14/07/2022	10:03:09	99.98894	99.70491	99.63289	97.19947	97.81418	97.13427	95.66671	95.57979	95.42031	96.09257	96.69099	97.38617	99.60589	98.34073
14/07/2022	10:03:12	99.76038	99.47781	99.40650	96.99265	97.60282	96.93017	95.47908	95.39370	95.24322	95.89931	96.49540	97.18207	99.38273	98.12949
14/07/2022	10:03:16	99.53309	99.25368	99.18323	96.78771	97.39332	96.72771	95.29515	95.21062	95.06958	95.70976	96.30260	96.98188	99.16320	97.92308
14/07/2022	10:03:19	99.30981	99.03230	98.96176	96.58563	97.18773	96.52811	95.11202	95.02880	94.89602	95.52111	96.11120	96.78249	98.94461	97.71697
14/07/2022	10:03:23	99.08906	98.81372	98.74350	96.38605	96.98382	96.32963	94.93007	94.84932	94.72406	95.33577	95.92308	96.58707	98.72985	97.51591
14/07/2022	10:03:27	98.87056	98.59703	98.52651	96.18855	96.78221	96.13478	94.75200	94.67136	94.55436	95.15228	95.73621	96.39403	98.51748	97.31518
14/07/2022	10:03:30	98.65685	98.38513	98.31435	95.99633	96.58554	95.94420	94.57784	94.49893	94.38855	94.97369	95.55472	96.20476	98.31071	97.12007
14/07/2022	10:03:34	98.44657	98.17721	98.10642	95.80737	96.39191	95.75760	94.40560	94.32848	94.22531	94.79748	95.37484	96.01868	98.10427	96.92813
14/07/2022	10:03:37	98.24090	97.97324	97.90158	95.62130	96.20159	95.57285	94.23692	94.16111	94.06337	94.62375	95.19784	95.83485	97.90294	96.73749
14/07/2022	10:03:41	98.03558	97.77013	97.69895	95.43797	96.01465	95.39211	94.07030	93.99573	93.90358	94.45176	95.02304	95.65376	97.70342	96.54985
14/07/2022	10:03:45	97.83325	97.57012	97.49783	95.25577	95.82736	95.21130	93.90440	93.83107	93.74436	94.28254	94.84980	95.47313	97.50454	96.36330
14/07/2022	10:03:48	97.63436	97.37242	97.29835	95.07517	95.64271	95.03258	93.73894	93.66797	93.58728	94.11523	94.68099	95.29820	97.31049	96.18006
14/07/2022	10:03:52	97.43877	97.17831	97.10318	94.89753	95.46009	94.85682	93.57816	93.50870	93.43420	93.95284	94.51513	95.12591	97.11963	96.00138
14/07/2022	10:03:55	97.24693	96.98671	96.91024	94.72288	95.28031	94.68275	93.41747	93.35131	93.28256	93.79142	94.35058	94.95465	96.92967	95.82224
14/07/2022	10:03:59	97.05675	96.79818	96.72002	94.55024	95.10347	94.51295	93.26058	93.19571	93.13210	93.63231	94.18762	94.78663	96.74357	95.64587
14/07/2022	10:04:03	96.86904	96.61129	96.53222	94.38087	94.92777	94.34292	93.10442	93.04189	92.98264	93.47456	94.02799	94.62059	96.55927	95.47145
14/07/2022	10:04:06	96.68582	96.42839	96.34698	94.21356	94.75593	94.17666	92.95091	92.89123	92.83707	93.32160	93.87179	94.45851	96.37912	95.30021
14/07/2022	10:04:10	96.50469	96.24876	96.16571	94.04966	94.58699	94.01411	92.80053	92.74238	92.69272	93.16943	93.71673	94.29817	96.20098	95.13118
14/07/2022	10:04:13	96.32453	96.06924	95.98474	93.88634	94.41875	93.85075	92.65117	92.59494	92.55006	93.01832	93.56226	94.13780	96.02298	94.96347
14/07/2022	10:04:17	96.14682	95.89257	95.80758	93.72652	94.25517	93.69116	92.50484	92.45054	92.40856	92.86959	93.41021	93.98082	95.84949	94.79825
14/07/2022	10:04:21	95.97100	95.71800	95.63096	93.56781	94.09231	93.53273	92.35904	92.30638	92.26917	92.72300	93.26165	93.82648	95.67731	94.63571
14/07/2022	10:04:24	95.79964	95.54710	95.45812	93.41017	93.93143	93.37741	92.21681	92.16597	92.13227	92.57943	93.11435	93.67412	95.50811	94.47537
14/07/2022	10:04:28	95.63025	95.37851	95.28812	93.25555	93.77378	93.22362	92.07568	92.02676	91.99626	92.43738	92.96957	93.52352	95.34115	94.31761
14/07/2022	10:04:31	95.46145	95.21072	95.11956	93.10418	93.61932	93.07378	91.93684	91.88996	91.86252	92.29692	92.82533	93.37471	95.17705	94.16216
14/07/2022	10:04:35	95.29594	95.04651	94.95422	92.95460	93.46606	92.92546	91.80015	91.75486	91.73111	92.15935	92.68370	93.22858	95.01402	94.00830
14/07/2022	10:04:39	95.13280	94.88369	94.78946	92.80667	93.31328	92.77724	91.66431	91.62163	91.60210	92.02479	92.54755	93.08720	94.85346	93.85729
14/07/2022	10:04:42	94.97437	94.72478	94.62667	92.66016	93.16101	92.63029	91.52964	91.49052	91.47567	91.89288	92.41263	92.94719	94.69564	93.70822
14/07/2022	10:04:46	94.81650	94.56598	94.46547	92.51459	93.01146	92.48553	91.39660	91.36106	91.35020	91.76270	92.27992	92.80985	94.54030	93.56086
14/07/2022	10:04:49	94.66271	94.41188	94.30941	92.37488	92.86676	92.34622	91.26761	91.23423	91.22663	91.63477	92.14764	92.67295	94.38645	93.41615
14/07/2022	10:04:53	94.50880	94.25795	94.15329	92.23518	92.72329	92.20761	91.13854	91.10615	91.10288	91.50633	92.01606	92.53719	94.23363	93.27157
14/07/2022	10:04:57	94.35495	94.10431	93.99836	92.09632	92.57971	92.06986	91.01297	90.98229	90.98068	91.37829	91.88494	92.40013	94.08344	93.12871
14/07/2022	10:05:00	94.20519	93.95460	93.84666	91.96100	92.43894	91.93365	90.88733	90.85850	90.85942	91.25293	91.75600	92.26776	93.93471	92.98818
14/07/2022	10:05:04	94.05592	93.80579	93.69654	91.82711	92.30053	91.79988	90.76399	90.73700	90.74095	91.13000	91.63014	92.13704	93.78804	92.84981
14/07/2022	10:05:07	93.91027	93.66041	93.54880	91.69530	92.16476	91.66828	90.64281	90.61699	90.62362	91.00816	91.50588	92.00848	93.64343	92.71337
14/07/2022	10:05:11	93.76567	93.51590	93.40332	91.56521	92.03066	91.53859	90.52331	90.49890	90.50816	90.88776	91.38250	91.88054	93.50116	92.57925
14/07/2022	10:05:15	93.62337	93.37357	93.25954	91.43716	91.89806	91.41002	90.40439	90.38152	90.39391	90.76903	91.26098	91.75498	93.35956	92.44601
14/07/2022	10:05:18	93.48401	93.23490	93.11795	91.31083	91.76719	91.28398	90.28780	90.26681	90.28247	90.65391	91.14262	91.63252	93.22113	92.31557
14/07/2022	10:05:22	93.34570	93.09658	92.97777	91.18550	91.63782	91.15876	90.17224	90.15276	90.17112	90.53891	91.02425	91.51095	93.08439	92.18576
14/07/2022	10:05:25	93.20906	92.96039	92.84080	91.06325	91.51089	91.03618	90.05904	90.04113	90.06284	90.42617	90.90880	91.39176	92.94969	92.05918
14/07/2022	10:05:29	93.07511	92.82654	92.70464	90.94213	91.38533	90.91548	89.94701	89.93066	89.95492	90.31469	90.79414	91.27360	92.81623	91.93362
14/07/2022	10:05:33	92.94198	92.69311	92.56992	90.82288	91.26164	90.79565	89.83647	89.82062	89.84712	90.20352	90.68012	91.15558	92.68360	91.80838
14/07/2022	10:05:36	92.81015	92.56158	92.43767	90.70509	91.13997	90.67865	89.72745	89.71269	89.74146	90.09408	90.56763	91.03953	92.55472	91.68525
14/07/2022	10:05:40	92.67975	92.43245	92.30638	90.58965	91.02003	90.56298	89.62018	89.60587	89.63711	89.98512	90.45510	90.92363	92.42574	91.56247
14/07/2022	10:05:43	92.54983	92.30316	92.17707	90.47439	90.90075	90.44772	89.51348	89.49996	89.53130	89.87619	90.34339	90.80861	92.29777	91.44100
14/07/2022	10:05:47	92.42122	92.17525	92.04888	90.36064	90.78320	90.33360	89.40755	89.39440	89.42884	89.77010	90.23334	90.69560	92.17096	91.32149
14/07/2022	10:05:51	92.29434	92.04907	91.92170	90.24721	90.66500	90.22031	89.30141	89.28904	89.32587	89.66402	90.12474	90.58399	92.04557	91.20244
14/07/2022	10:05:54	92.16993	91.92386	91.79570	90.13598	90.55020	90.10888	89.19824	89.18634	89.22543	89.56035	90.01810	90.47348	91.92252	91.08588
14/07/2022	10:05:58	92.04616	91.80148	91.67148	90.02553	90.43615	89.99859	89.09600	89.08477	89.12592	89.45852	89.91315	90.36549	91.80102	90.97052
14/07/2022	10:06:01	91.92509	91.68132	91.54972	89.91739	90.32385	89.89056	88.99526	88.98537	89.02845	89.35660	89.80890	90.25780	91.68093	90.85663
14/07/2022	10:06:05	91.80487	91.56104	91.42895	89.81042	90.21312	89.78321	88.89653	88.88620	88.93146	89.25613	89.70536	90.15155	91.56193	90.74376
14/07/2022	10:06:09	91.68587	91.44236	91.30908	89.70465	90.10307	89.67741	88.79808	88.78808	88.83575	89.15762	89.60446	90.04724	91.44430	90.63280
14/07/2022	10:06:12	91.56915	91.32596	91.19167	89.60055	89.99488	89.57403	88.70234	88.69270	88.74147	89.06122	89.50446	89.94413	91.32905	90.52357
14/07/2022	10:06:16	91.45501	91.21151	91.07574	89.49709	89.88750	89.47034	88.60622	88.59836	88.65044	88.96776	89.40917	89.84552	91.21713	90.41800
14/07/2022	10:06:19	91.34345	91.09865	90.96169	89.39557	89.78222	89.36940	88.51270	88.50554	88.56014	88.87498	89.31379	89.74730	91.10439	90.31147
14/07/2022	10:06:23	91.23203	90.98782	90.84890	89.29605	89.67832	89.26935	88.42013	88.41328	88.46991	88.78291	89.21842	89.64858	90.99407	90.20630
14/07/2022	10:06:27	91.12034	90.87697	90.73658	89.19646	89.57526	89.16993	88.32831	88.32133	88.38011	88.69026	89.12260	89.55037	90.88408	90.10239
14/07/2022	10:06:30	91.01136	90.76803	90.62722	89.09967	89.47435	89.07298	88.23802	88.23209	88.29276	88.60104	89.03074	89.45550	90.77679	90.00085
14/07/2022	10:06:34	90.90447	90.66051	90.51900	89.00363	89.37471	88.97749	88.14981	88.14393	88.20596	88.51181	88.93837	89.36010	90.67017	89.89978
14/07/2022	10:06:37	90.79855	90.55470	90.41239	88.90966	89.27737	88.88380	88.06297	88.05695	88.12091	88.42359	88.84670	89.26586	90.56553	89.80025
14/07/2022	10:06:41	90.69267	90.45043	90.30730	88.81750	89.18249	88.79174	87.97734	87.97137	88.03669	88.33682	88.75705	89.17370	90.46242	89.70246
14/07/2022	10:06:45	90.58882	90.34707	90.20408	88.72641	89.08752	88.70076	87.89283	87.88616	87.95271	88.25034	88.66689	89.08117	90.36025	89.60551
14/07/2022	10:06:48	90.48559	90.24500	90.10148	88.63684	88.99444	88.61128	87.80928	87.80266	87.86930	88.16445	88.57812	88.98965	90.25903	89.50774
14/07/2022	10:06:52	90.37320	90.12981	89.98321	88.52855	88.88492	88.51484	87.73129	87.74311	87.82946	88.07655	88.45193	88.85716	90.13340	89.39674
14/07/2022	10:06:55	90.23744	89.98613	89.88452	88.50707	88.96146	88.61041	87.86853	87.98058	87.93589	88.10041	88.46446	88.83894	90.13161	89.39405
14/07/2022	10:06:59	90.16162	89.93782	89.81633	88.45787	88.89948	88.55945	87.80970	87.88721	87.84880	88.00546	88.35051	88.71371	90.01175	89.27352
14/07/2022	10:07:03	90.01077	89.79606	89.67831	88.34668	88.77733	88.43572	87.68616	87.73967	87.71116	87.87731	88.21446	88.57310	89.87354	89.13764
14/07/2022	10:07:06	89.86063	89.64893	89.53827	88.22481	88.64608	88.30475	87.55574	87.59779	87.57856	87.74948	88.08157	88.43898	89.73650	89.00605
14/07/2022	10:07:10	89.72032	89.51382	89.40912	88.10965	88.52140	88.18265	87.43634	87.46974	87.45839	87.63467	87.96494	88.32232	89.61704	88.89323
14/07/2022	10:07:13	89.60270	89.40228	89.30385	88.01613	88.42279	88.08782	87.34161	87.37053	87.36219	87.54032	87.86880	88.22647	89.52130	88.80347
14/07/2022	10:07:17	89.50641	89.31115	89.21678	87.94017	88.34157	88.01098	87.26452	87.28701	87.28391	87.46264	87.78807	88.14315	89.43496	88.72268
14/07/2022	10:07:21	89.41596	89.22324	89.13116	87.86659	88.26465	87.93659	87.19099	87.20857	87.20845	87.38707	87.70697	88.06017	89.34742	88.64051
14/07/2022	10:07:24	89.32647	89.13616	89.04628	87.79338	88.18635	87.86154	87.11866	87.13129	87.13433	87.31154	87.62578	87.97687	89.25904	88.55674
14/07/2022	10:07:28	89.23480	89.04869	88.96028	87.71811	88.10738	87.78513	87.04447	87.05331	87.05883	87.23610	87.54673	87.89499	89.16900	88.47129
14/07/2022	10:07:31	89.14393	88.95931	88.87370	87.64270	88.02755	87.70712	86.96916	86.97558	86.98379	87.16010	87.46733	87.81195	89.07877	88.38465
14/07/2022	10:07:35	89.05207	88.86871	88.78494	87.56751	87.94665	87.62841	86.89485	86.89831	86.90814	87.08304	87.38615	87.72764	88.98739	88.29801
14/07/2022	10:07:39	88.95926	88.77764	88.69520	87.48933	87.86481	87.54889	86.81966	86.82040	86.83314	87.00602	87.30495	87.64464	88.89617	88.21059
14/07/2022	10:07:42	88.86673	88.68646	88.60585	87.41159	87.78435	87.46993	86.74546	86.74415	86.75815	86.92877	87.22581	87.56108	88.80578	88.12391
14/07/2022	10:07:46	88.77370	88.59494	88.51624	87.33309	87.70271	87.38994	86.67145	86.66754	86.68253	86.85004	87.14380	87.47681	88.71323	88.03465
14/07/2022	10:07:49	88.67945	88.50390	88.42552	87.25430	87.61998	87.31015	86.59634	86.59072	86.60603	86.77190	87.06216	87.39353	88.62322	87.94822
14/07/2022	10:07:53	88.58675	88.41366	88.33704	87.17668	87.53902	87.23167	86.52332	86.51466	86.53233	86.69523	86.98257	87.31112	88.53441	87.86177
14/07/2022	10:07:57	88.49566	88.32436	88.24897	87.10031	87.45936	87.15389	86.45112	86.44063	86.45820	86.61986	86.90403	87.23031	88.44708	87.77719
14/07/2022	10:08:00	88.40594	88.23594	88.16184	87.02410	87.38092	87.07709	86.37981	86.36769	86.38596	86.54425	86.82598	87.15009	88.36050	87.69323
14/07/2022	10:08:04	88.31719	88.14845	88.07561	86.94848	87.30260	87.00161	86.30944	86.29596	86.31485	86.47052	86.74891	87.07071	88.27477	87.61077
14/07/2022	10:08:07	88.22857	88.06257	87.98996	86.87363	87.22393	86.92625	86.24010	86.22418	86.24341	86.39743	86.67206	86.99193	88.18978	87.52839
14/07/2022	10:08:11	88.14120	87.97753	87.90566	86.80000	87.14733	86.85177	86.17042	86.15368	86.17351	86.32492	86.59698	86.91467	88.10538	87.44734
14/07/2022	10:08:15	88.05554	87.89322	87.82231	86.72652	87.07133	86.77873	86.10286	86.08384	86.10401	86.25303	86.52296	86.83786	88.02257	87.36726
14/07/2022	10:08:18	87.97033	87.81091	87.74044	86.65518	86.99723	86.70660	86.03597	86.01528	86.03579	86.18254	86.44925	86.76257	87.94133	87.28824
14/07/2022	10:08:22	87.88615	87.72795	87.65887	86.58468	86.92291	86.63443	85.96910	85.94679	85.96768	86.11163	86.37565	86.68643	87.85902	87.20936
14/07/2022	10:08:25	87.80220	87.64576	87.57654	86.51268	86.84855	86.56267	85.90225	85.87858	85.90070	86.04287	86.30237	86.61128	87.77836	87.13182
14/07/2022	10:08:29	87.71968	87.56435	87.49643	86.44277	86.77549	86.49243	85.83770	85.81207	85.83469	85.97477	86.23211	86.53835	87.69867	87.05555
14/07/2022	10:08:33	87.63792	87.48424	87.41707	86.37226	86.70298	86.42257	85.77279	85.74559	85.76873	85.90717	86.16168	86.46526	87.61951	86.97987
14/07/2022	10:08:36	87.55718	87.40470	87.33850	86.30403	86.63198	86.35428	85.70923	85.68097	85.70436	85.84014	86.09174	86.39372	87.54162	86.90479
14/07/2022	10:08:40	87.47674	87.32678	87.26105	86.23678	86.56190	86.28596	85.64576	85.61613	85.64028	85.77497	86.02363	86.32340	87.46517	86.83253
14/07/2022	10:08:43	87.39911	87.24915	87.18458	86.16942	86.49264	86.21932	85.58292	85.55238	85.57645	85.70952	85.95567	86.25320	87.38896	86.75911
14/07/2022	10:08:47	87.32136	87.17361	87.10975	86.10437	86.42452	86.15338	85.52279	85.49003	85.51535	85.64631	85.88955	86.18426	87.31499	86.68801
14/07/2022	10:08:51	87.24453	87.09804	87.03510	86.03933	86.35690	86.08847	85.46210	85.42862	85.45326	85.58259	85.82300	86.11639	87.24085	86.61769
14/07/2022	10:08:54	87.17004	87.02448	86.96202	85.97575	86.29105	86.02447	85.40302	85.36738	85.39303	85.52061	85.75947	86.04877	87.16846	86.54835
14/07/2022	10:08:58	87.09552	86.95176	86.88986	85.91258	86.22503	85.96069	85.34374	85.30698	85.33274	85.45819	85.69407	85.98208	87.09518	86.47863
14/07/2022	10:09:01	87.02090	86.87821	86.81698	85.84827	86.15940	85.89702	85.28390	85.24656	85.27257	85.39668	85.62962	85.91600	87.02348	86.41016
14/07/2022	10:09:05	86.94803	86.80621	86.74524	85.78565	86.09451	85.83420	85.22574	85.18638	85.21337	85.33584	85.56546	85.85013	86.95194	86.34140
14/07/2022	10:09:09	86.87543	86.73491	86.67432	85.72358	86.02979	85.77227	85.16777	85.12705	85.15448	85.27480	85.50329	85.78643	86.88211	86.27528
14/07/2022	10:09:12	86.80505	86.66539	86.60578	85.66349	85.96741	85.71201	85.11144	85.06958	85.09729	85.21648	85.44248	85.72347	86.81418	86.20984
14/07/2022	10:09:16	86.73579	86.59679	86.53760	85.60381	85.90556	85.65245	85.05618	85.01337	85.04114	85.15878	85.38233	85.66197	86.74662	86.14570
14/07/2022	10:09:19	86.66720	86.52948	86.47123	85.54593	85.84532	85.59470	85.00220	84.95769	84.98597	85.10178	85.32287	85.60091	86.68015	86.08264
14/07/2022	10:09:23	86.60018	86.46361	86.40526	85.48857	85.78539	85.53673	84.94891	84.90302	84.93199	85.04601	85.26510	85.54091	86.61499	86.02051
14/07/2022	10:09:27	86.53402	86.39808	86.34088	85.43143	85.72628	85.48000	84.89545	84.84861	84.87818	84.99051	85.20679	85.48148	86.55050	85.95881
14/07/2022	10:09:30	86.46877	86.33422	86.27703	85.37595	85.66893	85.42472	84.84436	84.79547	84.82586	84.93722	85.15086	85.42400	86.48723	85.89898
14/07/2022	10:09:34	86.40408	86.26998	86.21346	85.32098	85.61113	85.36873	84.79220	84.74244	84.77308	84.88251	85.09374	85.36566	86.42360	85.83807
14/07/2022	10:09:37	86.33947	86.20686	86.15050	85.26537	85.55339	85.31363	84.74065	84.68960	84.72118	84.82859	85.03735	85.30798	86.36140	85.77940
14/07/2022	10:09:41	86.27611	86.14420	86.08870	85.21142	85.49719	85.25975	84.69054	84.63804	84.67029	84.77620	84.98318	85.25202	86.30034	85.72074
14/07/2022	10:09:45	86.21377	86.08318	86.02801	85.15830	85.44239	85.20625	84.64132	84.58718	84.61946	84.72419	84.92839	85.19610	86.23898	85.66279
14/07/2022	10:09:48	86.15202	86.02204	85.96723	85.10515	85.38719	85.15354	84.59149	84.53640	84.56926	84.67271	84.87476	85.14109	86.17923	85.60557
14/07/2022	10:09:52	86.09116	85.96197	85.90782	85.05364	85.33346	85.10158	84.54337	84.48712	84.51968	84.62192	84.82218	85.08710	86.12025	85.54988
14/07/2022	10:09:55	86.03166	85.90292	85.84942	85.00224	85.28026	85.05106	84.49570	84.43824	84.47155	84.57195	84.76981	85.03334	86.06200	85.49395
14/07/2022	10:09:59	85.97236	85.84458	85.79162	84.95193	85.22790	85.00004	84.44884	84.39027	84.42366	84.52326	84.71903	84.98133	86.00459	85.43959
14/07/2022	10:10:03	85.91368	85.78705	85.73457	84.90170	85.17540	84.95017	84.40187	84.34219	84.37693	84.47473	84.66806	84.92929	85.94783	85.38577
14/07/2022	10:10:06	85.85620	85.73045	85.67808	84.85231	85.12447	84.90086	84.35573	84.29474	84.32979	84.42722	84.61778	84.87759	85.89123	85.33251
14/07/2022	10:10:10	85.79906	85.67351	85.62216	84.80321	85.07331	84.85089	84.30975	84.24847	84.28363	84.37995	84.56831	84.82764	85.83615	85.27980
14/07/2022	10:10:13	85.74346	85.61866	85.56764	84.75599	85.02404	84.80403	84.26536	84.20274	84.23862	84.33394	84.52031	84.77772	85.78158	85.22862
14/07/2022	10:10:17	85.68816	85.56431	85.51378	84.70846	84.97496	84.75704	84.22101	84.15767	84.19407	84.28827	84.47149	84.72815	85.72790	85.17726
14/07/2022	10:10:21	85.63289	85.51008	85.46020	84.66161	84.92589	84.71015	84.17777	84.11323	84.15026	84.24316	84.42418	84.67972	85.67517	85.12687
14/07/2022	10:10:24	85.58007	85.45795	85.40818	84.61577	84.87824	84.66405	84.13483	84.06904	84.10652	84.19844	84.37789	84.63224	85.62301	85.07736
14/07/2022	10:10:28	85.52672	85.40512	85.35640	84.57074	84.83091	84.61895	84.09286	84.02599	84.06431	84.15491	84.33204	84.58500	85.57150	85.02887
14/07/2022	10:10:31	85.47442	85.35369	85.30521	84.52602	84.78484	84.57458	84.05138	83.98366	84.02203	84.11164	84.28603	84.53842	85.52095	84.98089
14/07/2022	10:10:35	85.42270	85.30332	85.25536	84.48177	84.73875	84.53059	84.01007	83.94154	83.98054	84.06880	84.24145	84.49277	85.46995	84.93237
14/07/2022	10:10:39	85.37159	85.25252	85.20512	84.43770	84.69300	84.48678	83.96895	83.89984	83.94010	84.02672	84.19747	84.44730	85.42037	84.88514
14/07/2022	10:10:42	85.32157	85.20231	85.15564	84.39450	84.64810	84.44322	83.92858	83.85806	83.89847	83.98495	84.15358	84.40264	85.37157	84.83886
14/07/2022	10:10:46	85.27170	85.15371	85.10758	84.35206	84.60374	84.40053	83.88929	83.81763	83.85883	83.94367	84.11005	84.35806	85.32313	84.79232
14/07/2022	10:10:49	85.22239	85.10558	85.05965	84.31022	84.55981	84.35843	83.84953	83.77729	83.81844	83.90244	84.06690	84.31387	85.27474	84.74667
14/07/2022	10:10:53	85.17314	85.05719	85.01131	84.26820	84.51644	84.31733	83.81096	83.73802	83.77985	83.86248	84.02529	84.27144	85.22767	84.70217
14/07/2022	10:10:57	85.12553	85.00993	84.96508	84.22755	84.47374	84.27594	83.77281	83.69896	83.74101	83.82304	83.98349	84.22879	85.18205	84.65837
14/07/2022	10:11:00	85.07920	84.96445	84.91955	84.18802	84.43243	84.23632	83.73576	83.66092	83.70397	83.78481	83.94330	84.18771	85.13688	84.61540
14/07/2022	10:11:04	85.03343	84.91877	84.87445	84.14841	84.39163	84.19676	83.69859	83.62337	83.66640	83.74676	83.90355	84.14704	85.09209	84.57354
14/07/2022	10:11:07	84.98809	84.87457	84.83073	84.11002	84.35169	84.15841	83.66243	83.58686	83.63050	83.70970	83.86452	84.10675	85.04805	84.53149
14/07/2022	10:11:11	84.94361	84.83051	84.78697	84.07183	84.31105	84.11972	83.62684	83.55050	83.59436	83.67266	83.82616	84.06727	85.00477	84.49033
14/07/2022	10:11:15	84.89967	84.78715	84.74388	84.03367	84.27206	84.08228	83.59148	83.51361	83.55841	83.63582	83.78764	84.02773	84.96069	84.44902
14/07/2022	10:11:18	84.85600	84.74403	84.70133	83.99659	84.23308	84.04419	83.55597	83.47770	83.52287	83.59973	83.74962	83.98885	84.91794	84.40858
14/07/2022	10:11:22	84.81278	84.70138	84.65869	83.95883	84.19367	84.00679	83.52091	83.44183	83.48776	83.56300	83.71141	83.95007	84.87586	84.36825
14/07/2022	10:11:25	84.76939	84.65863	84.61684	83.92206	84.15527	83.96928	83.48617	83.40657	83.45251	83.52820	83.67454	83.91229	84.83356	84.32902
14/07/2022	10:11:29	84.72786	84.61735	84.57557	83.88576	84.11717	83.93361	83.45272	83.37212	83.41920	83.49358	83.63824	83.87470	84.79235	84.29012
14/07/2022	10:11:33	84.68608	84.57595	84.53455	83.85000	84.07985	83.89708	83.41871	83.33766	83.38480	83.45903	83.60230	83.83803	84.75228	84.25166
14/07/2022	10:11:36	84.64520	84.53586	84.49480	83.81522	84.04333	83.86232	83.38617	83.30416	83.35193	83.42557	83.56694	83.80198	84.71231	84.21437
14/07/2022	10:11:40	84.60525	84.49632	84.45561	83.78042	84.00722	83.82710	83.35361	83.27074	83.31919	83.39172	83.53167	83.76583	84.67267	84.17650
14/07/2022	10:11:43	84.56542	84.45607	84.41578	83.74560	83.97129	83.79279	83.32163	83.23820	83.28753	83.35947	83.49785	83.73047	84.63410	84.14025
14/07/2022	10:11:47	84.52644	84.41773	84.37799	83.71243	83.93575	83.75902	83.29006	83.20626	83.25578	83.32686	83.46375	83.69576	84.59548	84.10407
14/07/2022	10:11:51	84.48772	84.37960	84.33982	83.67876	83.90078	83.72506	83.25859	83.17404	83.22418	83.29489	83.43021	83.66138	84.55714	84.06765
14/07/2022	10:11:54	84.44984	84.34194	84.30263	83.64604	83.86690	83.69238	83.22806	83.14315	83.19343	83.26370	83.39736	83.62730	84.51985	84.03242
14/07/2022	10:11:58	84.41200	84.30458	84.26575	83.61331	83.83240	83.65926	83.19789	83.11151	83.16243	83.23202	83.36481	83.59420	84.48356	83.99909
14/07/2022	10:12:01	84.35821	84.24941	84.21534	81.78937	83.77717	83.64956	83.10276	83.01173	82.79848	83.00585	83.01236	83.11750	83.76713	83.26782
14/07/2022	10:12:05	83.65701	82.90611	83.62852	78.67446	82.86752	76.47224	76.49919	79.58466	76.47216	77.76466	82.05545	82.28615	82.34545	81.90955
14/07/2022	10:12:09	82.92744	82.25832	82.93762	79.31553	82.09543	76.45815	76.47763	78.64507	76.45299	77.06587	81.83662	82.08949	82.34056	81.83928
14/07/2022	10:12:12	82.71149	82.04452	82.69995	79.88158	81.71466	76.45927	76.46881	78.77430	76.45144	76.84355	81.71698	81.96391	82.33930	81.84262
14/07/2022	10:12:16	82.57159	81.97330	82.51649	80.35666	81.39263	76.46922	76.46505	79.08306	76.44169	76.69577	81.62803	81.85811	82.32889	81.81442
14/07/2022	10:12:19	82.45770	81.92571	82.36207	80.64244	81.13915	76.46501	76.45509	79.34242	76.43335	76.62314	81.54737	81.75924	82.28929	81.77025
14/07/2022	10:12:23	82.35348	81.88030	82.22369	80.87237	80.94362	76.47304	76.44958	79.52718	76.43012	76.57854	81.46914	81.66504	82.22912	81.71893
14/07/2022	10:12:27	82.25565	81.83644	82.09866	80.99284	80.79115	76.49421	76.44557	79.66743	76.42940	76.55320	81.39223	81.57540	82.16017	81.66320
14/07/2022	10:12:30	82.16500	81.79221	81.98770	81.04038	80.67608	76.51529	76.45359	79.78486	76.43052	76.54227	81.31769	81.49031	82.08951	81.59912
14/07/2022	10:12:34	82.03961	80.11646	81.76086	79.93381	80.44271	76.54493	76.46369	79.86446	76.43749	76.44500	76.46939	76.40441	81.42287	81.04408
14/07/2022	10:12:37	76.62954	76.54001	76.53025	76.66535	76.45568	76.45435	76.46148	76.47218	76.45009	76.44515	76.46007	76.40838	80.45432	80.12501
14/07/2022	10:12:41	76.41399	76.48359	76.50394	76.64840	76.49610	76.46033	76.46271	76.47601	76.45228	76.43031	76.41743	76.41633	80.23726	79.95606
14/07/2022	10:12:45	76.43242	76.48205	76.51462	76.67267	76.51676	76.47729	76.46317	76.47656	76.45538	76.43363	76.44348	76.42644	79.83546	79.67888
14/07/2022	10:12:48	76.43997	76.49324	76.53305	76.69713	76.52408	76.48778	76.46293	76.47727	76.45477	76.43714	76.45475	76.43293	79.63871	79.47984
14/07/2022	10:12:52	76.47093	76.53297	76.56986	76.71664	76.47005	76.49578	76.51117	76.51016	76.52348	76.50098	76.53081	76.52212	76.63671	76.52540
14/07/2022	10:12:55	76.55449	76.53331	76.52263	76.70872	76.46855	76.51228	76.52147	76.52920	76.51227	76.50504	76.57139	76.50604	76.57422	76.47064
14/07/2022	10:12:59	76.44322	76.51677	76.55137	76.72154	76.49126	76.48029	76.52500	76.53483	76.50711	76.51093	76.56341	76.48890	76.55223	76.50253
14/07/2022	10:13:03	76.48159	76.49976	76.52705	76.73295	76.50642	76.50804	76.51994	76.53550	76.51174	76.50717	76.55621	76.50296	76.56498	76.51935
14/07/2022	10:13:06	76.51565	76.51453	76.52840	76.74504	76.51851	76.53171	76.53110	76.53910	76.51714	76.50896	76.55993	76.50586	76.57102	76.52378
