5/29/2025	11:21:47 AM	296.69838	296.54253	296.94866	296.52340	296.77099	296.89276	296.47388	296.82285	296.49282	296.72905	296.69758	296.53168	296.56857	296.88694
5/29/2025	11:21:50 AM	296.70205	296.54647	296.95337	296.52875	296.77472	296.89665	296.47677	296.82637	296.49654	296.73260	296.70198	296.53644	296.57314	296.89130
5/29/2025	11:21:54 AM	296.70663	296.55081	296.95845	296.53357	296.77940	296.90097	296.48057	296.82663	296.49824	296.73390	296.70505	296.53989	296.57694	296.89487
5/29/2025	11:21:58 AM	296.70939	296.55422	296.96154	296.53611	296.78040	296.90136	296.48433	296.83165	296.50340	296.73963	296.70945	296.54288	296.58074	296.88216
5/29/2025	11:22:01 AM	296.71298	296.55738	296.96505	296.54041	296.78517	296.90648	296.48612	296.83339	296.50214	296.73632	296.70424	296.53279	296.56245	296.87912
5/29/2025	11:22:05 AM	296.67312	296.47834	296.85595	296.37432	296.64003	296.71851	296.21739	296.52384	296.15607	296.34256	296.31322	296.16289	296.04559	296.32723
5/29/2025	11:22:08 AM	296.19178	295.90696	296.09963	295.44319	295.90364	295.86496	295.18515	295.41249	295.01454	295.21111	295.24360	295.17281	294.78996	295.01132
5/29/2025	11:22:12 AM	295.18834	294.87561	294.75923	293.87010	294.61830	294.40656	293.55078	293.66612	293.26066	293.53539	293.64502	293.67806	293.00930	293.22432
5/29/2025	11:22:16 AM	293.80289	293.48262	292.86027	291.59456	292.75905	292.42478	291.46766	291.49246	291.13197	291.48333	291.65216	291.76458	290.83886	291.11901
5/29/2025	11:22:19 AM	292.03552	291.74949	290.56124	288.91320	290.51689	290.01809	288.97310	288.90027	288.56976	289.02078	289.27976	289.47393	288.09013	288.33813
5/29/2025	11:22:23 AM	289.81523	289.49983	287.49517	285.31753	287.49544	286.80398	285.46661	285.27975	284.91498	285.47010	286.10750	286.41282	284.13289	284.14743
5/29/2025	11:22:26 AM	286.80775	286.42381	283.37695	280.66828	283.62556	282.70025	280.73683	280.54737	280.15450	280.84679	282.09498	282.48519	279.13826	278.70789
5/29/2025	11:22:30 AM	283.02253	282.54036	278.39147	275.12808	279.01657	277.84328	275.17571	275.12282	274.71654	275.48827	277.42338	277.91397	273.42836	272.64078
5/29/2025	11:22:34 AM	278.61413	277.96766	272.64908	268.82577	273.74156	272.18776	269.07401	269.20911	268.79826	269.52146	272.08040	272.76018	266.97696	266.12663
5/29/2025	11:22:37 AM	273.76594	272.99691	266.37193	262.01755	267.96783	265.93962	262.80099	263.18971	262.76464	263.45067	266.20071	267.19017	259.99479	259.68602
5/29/2025	11:22:41 AM	268.52217	267.70608	259.63735	254.93153	261.82570	259.50555	256.39186	257.12696	256.68916	257.61335	260.10630	261.35201	252.90551	253.57174
5/29/2025	11:22:44 AM	263.00572	262.14439	252.70772	247.56044	255.34138	252.98050	249.88711	250.64272	250.27615	251.72866	254.16677	255.35427	245.75747	247.35833
5/29/2025	11:22:48 AM	257.34555	256.51300	245.79287	240.17716	248.79727	246.39666	243.38561	244.14014	243.94752	245.93706	248.18587	249.42208	238.85957	241.19843
5/29/2025	11:22:52 AM	251.62648	250.85962	238.99145	232.82320	242.16719	239.71663	236.85239	237.64100	237.63158	240.14521	242.19143	243.44363	231.97866	235.02175
5/29/2025	11:22:55 AM	245.94566	245.25043	232.35028	225.69169	235.61301	233.11309	230.36507	231.23981	231.42174	234.39865	236.25949	237.60223	225.31707	229.12537
5/29/2025	11:22:59 AM	240.33883	239.78869	225.93753	218.78205	229.12298	226.57818	224.03035	224.98583	225.35236	228.79247	230.52921	231.89626	219.03598	223.39070
5/29/2025	11:23:02 AM	234.96630	234.48705	219.29014	211.42105	222.50758	219.71494	217.27522	218.33319	218.89111	222.81194	224.32308	225.53306	212.13782	216.84779
5/29/2025	11:23:06 AM	228.84030	228.42123	212.05679	203.70256	215.30080	212.38360	210.07865	211.12901	211.85530	216.24940	217.45413	218.72774	204.68003	209.82666
5/29/2025	11:23:10 AM	222.36840	222.04532	204.68547	196.01286	208.00557	205.12801	203.00303	204.11749	204.94087	209.78723	210.71968	211.95091	197.45384	203.03871
5/29/2025	11:23:13 AM	215.96190	215.73886	197.50645	188.65796	201.05234	198.34369	196.52172	197.71241	198.46851	203.47057	203.92772	204.90801	190.73875	196.77176
5/29/2025	11:23:17 AM	209.27346	209.36284	191.12207	182.82925	195.58326	193.06428	191.36577	192.34010	192.83332	197.73719	197.83746	198.48035	184.95829	191.08741
5/29/2025	11:23:20 AM	203.35529	203.76963	185.36294	177.33410	189.91560	187.47776	185.84546	186.76899	187.22199	192.21859	192.05088	192.38651	179.12724	185.36400
5/29/2025	11:23:24 AM	197.57805	198.22955	179.46974	171.75366	184.30719	181.98012	180.51983	181.43071	181.86773	186.96005	186.58939	186.63890	173.66769	179.93808
5/29/2025	11:23:28 AM	192.12617	193.01864	174.02636	166.56586	179.07224	176.86118	175.58974	176.50020	176.94884	182.10603	181.58251	181.31024	168.67654	174.99345
5/29/2025	11:23:31 AM	187.03429	188.17087	169.10380	161.90199	174.30772	172.26079	171.11337	172.03533	172.51585	177.63951	176.99079	176.61771	164.20708	170.51352
5/29/2025	11:23:35 AM	182.31977	183.73580	164.67874	157.72073	169.99651	168.13072	167.05997	167.98387	168.52684	173.56838	172.83047	172.34776	160.21474	166.46235
5/29/2025	11:23:38 AM	177.99900	179.66551	160.68874	153.98067	166.05656	164.33860	163.35196	164.30352	164.88029	169.84362	169.00584	168.44072	156.59071	162.77051
5/29/2025	11:23:42 AM	174.10122	175.98080	157.16864	150.72049	162.56938	160.97423	160.05286	161.00996	161.62966	166.49715	165.58123	164.94583	153.37267	159.46853
5/29/2025	11:23:46 AM	170.54423	172.61062	154.01339	147.80052	159.42680	157.88996	157.04933	158.00817	158.67781	163.43462	162.44910	161.74933	150.44782	156.45696
5/29/2025	11:23:49 AM	167.32368	169.54743	151.18131	145.19156	156.60345	155.10232	154.33541	155.28774	156.00730	160.65683	159.62365	158.87207	147.81017	153.72765
5/29/2025	11:23:53 AM	164.39015	166.74550	148.63787	142.84770	154.06041	152.58390	151.88427	152.83967	153.60554	158.14109	157.06735	156.27403	145.45296	151.28459
5/29/2025	11:23:56 AM	161.69920	164.16956	146.31473	140.69709	151.71157	150.24558	149.60642	150.54334	151.34233	155.77048	154.67467	153.84655	143.24041	148.97413
5/29/2025	11:24:00 AM	159.23696	161.80610	144.20053	138.74407	149.57721	148.12495	147.53363	148.45710	149.29912	153.61610	152.51121	151.66458	141.23869	146.87693
5/29/2025	11:24:04 AM	156.96536	159.61780	142.25757	136.94244	147.59791	146.16605	145.62102	146.53236	147.41654	151.63060	150.52158	149.66415	139.41037	144.95568
5/29/2025	11:24:07 AM	154.89238	157.61205	140.49176	135.30549	145.78495	144.37051	143.86977	144.76474	145.68718	149.79577	148.69927	147.83660	137.73615	143.19904
5/29/2025	11:24:11 AM	152.97321	155.75569	138.86997	133.79219	144.10051	142.70661	142.23593	143.11546	144.07574	148.08420	146.99712	146.12809	136.18127	141.55826
5/29/2025	11:24:14 AM	151.22480	154.04965	137.39301	132.41477	142.56071	141.18969	140.75071	141.61541	142.61028	146.52303	145.45372	144.58711	134.77417	140.07254
5/29/2025	11:24:18 AM	149.60320	152.46215	136.02717	131.13882	141.11430	139.76743	139.36162	140.21513	141.24224	145.06803	144.01654	143.16045	133.47028	138.69487
5/29/2025	11:24:22 AM	148.10366	150.98745	134.77416	129.96374	139.77926	138.45604	138.07521	138.91579	139.97474	143.71678	142.68024	141.83144	132.26483	137.41340
5/29/2025	11:24:25 AM	146.71726	149.61390	133.60847	128.87177	138.53165	137.23492	136.87677	137.71082	138.79566	142.46026	141.44417	140.60722	131.15044	136.22881
5/29/2025	11:24:29 AM	145.42485	148.33062	132.52893	127.84854	137.35864	136.08190	135.74434	136.56671	137.67783	141.26947	140.27660	139.45580	130.10538	135.11636
5/29/2025	11:24:32 AM	144.21772	147.12350	131.52320	126.89743	136.25670	135.00464	134.68492	135.49898	136.63317	140.15321	139.18659	138.38154	129.13189	134.07802
5/29/2025	11:24:36 AM	143.08855	145.99244	130.58548	126.01147	135.22703	133.99899	133.70166	134.50480	135.66230	139.11941	138.17361	137.38732	128.23821	133.11836
5/29/2025	11:24:40 AM	142.03338	144.92953	129.71487	125.18775	134.26121	133.05602	132.77333	133.57180	134.74548	138.14442	137.22298	136.45261	127.39657	132.21675
5/29/2025	11:24:43 AM	141.04397	143.92483	128.89679	124.40928	133.34322	132.16284	131.89355	132.68820	133.86710	137.20657	136.30971	135.55417	126.58594	131.35010
5/29/2025	11:24:47 AM	140.09640	142.96367	128.11147	123.66257	132.46681	131.31237	131.05392	131.84995	133.04099	136.32969	135.45760	134.72127	125.83779	130.54771
5/29/2025	11:24:50 AM	139.20254	142.05170	127.37990	122.96704	131.63455	130.49996	130.25666	131.04928	132.24647	135.48648	134.63790	133.91871	125.11318	129.77306
5/29/2025	11:24:54 AM	138.36018	141.18781	126.68744	122.30659	130.84628	129.72956	129.49745	130.29095	131.49363	134.68743	133.86408	133.16086	124.43058	129.04766
5/29/2025	11:24:58 AM	137.55113	140.35746	126.02572	121.67344	130.08719	128.98757	128.76872	129.56368	130.76874	133.92516	133.12701	132.43633	123.77854	128.34722
5/29/2025	11:25:01 AM	136.78217	139.56556	125.39765	121.07421	129.36311	128.27888	128.06990	128.86383	130.07464	133.19213	132.42045	131.74566	123.15452	127.68131
5/29/2025	11:25:05 AM	136.04324	138.80188	124.79427	120.49699	128.66571	127.59345	127.39424	128.18835	129.40357	132.48553	131.74446	131.08623	122.56126	127.04383
5/29/2025	11:25:08 AM	135.33839	138.07473	124.22330	119.95283	128.00170	126.94339	126.75217	127.54469	128.76493	131.81205	131.09302	130.45064	121.98944	126.43000
5/29/2025	11:25:12 AM	134.65410	137.36460	123.66369	119.41680	127.34864	126.30349	126.11996	126.91260	128.14023	131.15417	130.46200	129.83327	121.43674	125.83504
5/29/2025	11:25:16 AM	133.98999	136.67380	123.12309	118.89724	126.71792	125.68188	125.50835	126.29967	127.53024	130.51534	129.85290	129.23734	120.90303	125.26162
5/29/2025	11:25:19 AM	133.35261	136.01233	122.60589	118.40384	126.11106	125.08772	124.91724	125.71010	126.94424	129.89791	129.25930	128.66007	120.38605	124.70506
5/29/2025	11:25:23 AM	132.73443	135.36619	122.10298	117.92488	125.52510	124.51173	124.35027	125.14426	126.38435	129.30956	128.69676	128.11079	119.89345	124.17846
5/29/2025	11:25:26 AM	132.13526	134.74137	121.61609	117.45973	124.95446	123.94780	123.78965	124.58162	125.82755	128.72508	128.13789	127.56487	119.40410	123.65364
5/29/2025	11:25:30 AM	131.55033	134.13194	121.14210	117.00838	124.39616	123.39810	123.24405	124.03660	125.28648	128.15733	127.59299	127.03394	118.93032	123.14647
5/29/2025	11:25:34 AM	130.98350	133.53850	120.68384	116.57281	123.86064	122.87238	122.72308	123.51571	124.77031	127.61487	127.07534	126.52836	118.48335	122.66528
5/29/2025	11:25:37 AM	130.43626	132.96642	120.24416	116.15546	123.34206	122.36139	122.21655	123.00714	124.26363	127.08269	126.56758	126.03263	118.04539	122.19365
5/29/2025	11:25:41 AM	129.89851	132.40612	119.81440	115.74832	122.83587	121.86576	121.72512	122.51340	123.77047	126.56587	126.06928	125.54539	117.61786	121.72988
5/29/2025	11:25:44 AM	129.37164	131.85287	119.38913	115.34518	122.33812	121.37637	121.24365	122.03082	123.28888	126.06115	125.58872	125.07429	117.20418	121.28509
5/29/2025	11:25:48 AM	128.86221	131.32047	118.97935	114.95811	121.85625	120.90300	120.77386	121.55985	122.81786	125.57030	125.11882	124.61708	116.80402	120.84945
5/29/2025	11:25:52 AM	128.36646	130.80142	118.58367	114.58648	121.39381	120.45105	120.32824	121.11333	122.36938	125.10670	124.67525	124.17964	116.42322	120.43821
5/29/2025	11:25:55 AM	127.90241	130.31680	118.21297	114.23475	120.95096	120.01393	119.89319	120.67720	121.93444	124.66093	124.25587	123.75815	116.05066	120.03025
5/29/2025	11:25:59 AM	127.43318	129.82154	117.83480	113.87634	120.50199	119.57430	119.45627	120.24107	121.49532	124.21227	123.83777	123.33308	115.67676	119.62353
5/29/2025	11:26:02 AM	126.97005	129.33553	117.46133	113.52375	120.06064	119.13983	119.02591	119.80862	121.06221	123.76982	123.42228	122.91356	115.30835	119.22282
5/29/2025	11:26:06 AM	126.51086	128.85571	117.09294	113.17590	119.63139	118.72063	118.61206	119.39616	120.65070	123.35134	123.03185	122.52120	114.96750	118.85107
5/29/2025	11:26:09 AM	126.08203	128.40682	116.75492	112.85883	119.22563	118.32022	118.21388	118.99538	120.24417	122.93091	122.62982	122.12097	114.61927	118.47330
5/29/2025	11:26:13 AM	125.64449	127.95203	116.40628	112.53074	118.81589	117.91715	117.81439	118.59451	119.84000	122.51274	122.22756	121.72757	114.27399	118.09916
5/29/2025	11:26:17 AM	125.22341	127.51005	116.06526	112.20864	118.41716	117.52422	117.42467	118.20230	119.44297	122.10382	121.83393	121.34354	113.93642	117.73204
5/29/2025	11:26:20 AM	124.79123	127.06110	115.71765	111.88259	118.01263	117.12739	117.02876	117.80478	119.04072	121.68782	121.42993	120.95156	113.59188	117.35870
5/29/2025	11:26:24 AM	124.36690	126.61822	115.37433	111.56177	117.61765	116.73798	116.64298	117.41819	118.65173	121.28315	121.03878	120.57560	113.26221	116.99861
5/29/2025	11:26:27 AM	123.95520	126.18754	115.04334	111.25313	117.23267	116.35763	116.26479	117.03997	118.26898	120.88414	120.65393	120.20456	112.93646	116.64531
5/29/2025	11:26:31 AM	123.54789	125.76166	114.71579	110.94848	116.85529	115.98323	115.88938	116.66479	117.88733	120.48891	120.27677	119.83718	112.61555	116.29495
5/29/2025	11:26:35 AM	123.15390	125.35085	114.40148	110.65752	116.49699	115.62470	115.53188	116.30704	117.52824	120.11463	119.92393	119.49485	112.31270	115.96623
5/29/2025	11:26:38 AM	122.77288	124.94925	114.09257	110.36977	116.15066	115.27042	115.17889	115.95567	117.17210	119.74678	119.57500	119.15520	112.01344	115.63681
5/29/2025	11:26:42 AM	122.39807	124.55726	113.79406	110.09351	115.83087	114.92882	114.83911	115.61988	116.83280	119.39589	119.24235	118.83345	111.73250	115.32895
5/29/2025	11:26:45 AM	122.04313	124.18415	113.51219	109.83547	115.51670	114.60715	114.51687	115.29759	116.50589	119.05534	118.92011	118.52008	111.45953	115.02969
5/29/2025	11:26:49 AM	121.69301	123.81569	113.23513	109.57771	115.19516	114.28912	114.19508	114.97722	116.18256	118.71430	118.59201	118.20364	111.18921	114.73268
5/29/2025	11:26:53 AM	121.34879	123.45806	112.96569	109.33144	114.88747	113.98982	113.89086	114.67564	115.87495	118.39354	118.28898	117.90392	110.93735	114.45309
5/29/2025	11:26:56 AM	121.01267	123.10720	112.70320	109.09256	114.58643	113.69582	113.59251	114.37966	115.57373	118.07842	117.98856	117.60934	110.69054	114.17929
5/29/2025	11:27:00 AM	120.68241	122.76291	112.44562	108.85838	114.29842	113.40521	113.29825	114.08756	115.27315	117.76216	117.68815	117.30977	110.43795	113.90202
5/29/2025	11:27:03 AM	120.35296	122.41750	112.18597	108.62088	114.01016	113.11570	113.00602	113.79752	114.97151	117.44729	117.38964	117.01179	110.18554	113.62670
5/29/2025	11:27:07 AM	120.02732	122.07740	111.92946	108.38987	113.72821	112.83368	112.72314	113.51866	114.68318	117.14438	117.10271	116.72653	109.94777	113.36590
5/29/2025	11:27:11 AM	119.70660	121.74325	111.67903	108.16173	113.44912	112.55396	112.43968	113.23928	114.39336	116.83798	116.81323	116.43409	109.69860	113.09344
5/29/2025	11:27:14 AM	119.38370	121.40749	111.42187	107.92801	113.16733	112.27183	112.15601	112.96125	114.10638	116.53563	116.52844	116.15085	109.45917	112.83194
5/29/2025	11:27:18 AM	119.07049	121.08025	111.17328	107.70048	112.89132	111.99701	111.87998	112.68957	113.82502	116.24234	116.25661	115.87452	109.22364	112.57626
5/29/2025	11:27:21 AM	118.76796	120.76556	110.93430	107.48225	112.62744	111.73555	111.61534	112.43221	113.55822	115.96301	115.99173	115.61816	109.00363	112.33628
5/29/2025	11:27:25 AM	118.49033	120.47472	110.72253	107.27846	112.38003	111.48892	111.36505	112.18763	113.30886	115.70104	115.75674	115.38022	108.79907	112.11434
5/29/2025	11:27:28 AM	118.22763	120.20162	110.56211	107.09762	112.14440	111.25941	111.13435	111.96308	113.07592	115.46041	115.54050	115.16049	108.61448	111.90922
5/29/2025	11:27:32 AM	117.97820	119.93960	110.40223	106.93258	111.91986	111.03290	110.90660	111.73929	112.84491	115.22553	115.32392	114.95126	108.43904	111.71743
5/29/2025	11:27:36 AM	117.74824	119.70673	110.25483	106.79992	111.71616	110.83332	110.70529	111.54420	112.64358	115.01685	115.12826	114.77395	108.29241	111.55222
5/29/2025	11:27:39 AM	117.54224	119.49997	110.12505	106.68850	111.54666	110.65815	110.52850	111.36873	112.46808	114.83130	114.94228	114.55645	108.15268	111.38635
5/29/2025	11:27:43 AM	117.19062	119.15864	109.89913	106.71774	111.68298	110.87708	110.76177	111.48514	112.37818	114.49719	114.41425	113.95363	108.06079	111.27550
5/29/2025	11:27:46 AM	116.63358	118.68294	109.62095	106.48055	111.50152	110.86153	110.81920	111.58674	112.46962	114.49471	114.22655	113.64282	107.84097	111.09799
5/29/2025	11:27:50 AM	116.14749	118.13765	109.14255	106.01129	111.08790	110.59110	110.64459	111.46536	112.32723	114.28608	113.89917	113.23161	107.52301	110.79797
5/29/2025	11:27:53 AM	115.65863	117.58161	108.68441	105.64281	110.73888	110.30017	110.38717	111.18307	111.95932	113.81000	113.35815	112.70423	107.28877	110.48726
5/29/2025	11:27:57 AM	115.19475	117.15699	108.39063	105.41968	110.52936	110.13684	110.22445	111.00657	111.73698	113.57143	113.05899	112.36439	106.94534	110.15366
5/29/2025	11:28:00 AM	114.78073	116.66177	107.91759	104.98541	110.08998	109.76439	109.91541	110.75474	111.47070	113.28353	112.73506	112.00071	106.58728	109.79297
5/29/2025	11:28:04 AM	114.36213	116.18383	107.47719	104.59217	109.68100	109.39856	109.59081	110.47275	111.16964	112.96425	112.38875	111.62437	106.22792	109.41327
5/29/2025	11:28:08 AM	113.94280	115.72002	107.06061	104.22296	109.28589	109.03652	109.25456	110.16600	110.84294	112.61886	112.02714	111.24387	105.87427	109.03598
5/29/2025	11:28:11 AM	113.52845	115.26656	106.66404	103.87463	108.90699	108.68527	108.92122	109.85334	110.51432	112.26942	111.66793	110.87612	105.53616	108.67257
5/29/2025	11:28:15 AM	113.13385	114.84325	106.30465	103.55779	108.55739	108.35945	108.60553	109.55032	110.19413	111.92862	111.32022	110.52023	105.21376	108.32343
5/29/2025	11:28:18 AM	112.74784	114.42999	105.95483	103.24666	108.21070	108.03498	108.28691	109.23956	109.86851	111.58218	110.96805	110.16511	104.89652	107.98105
5/29/2025	11:28:22 AM	112.37616	114.03873	105.63160	102.95947	107.88396	107.72675	107.98340	108.94228	109.55773	111.25262	110.63382	109.82799	104.59625	107.65309
5/29/2025	11:28:26 AM	112.01031	113.65377	105.31387	102.67493	107.56080	107.42063	107.67901	108.64163	109.24454	110.92069	110.29736	109.49078	104.29811	107.32763
5/29/2025	11:28:29 AM	111.64776	113.27474	105.00262	102.39413	107.24034	107.11780	107.37804	108.34272	108.93105	110.58921	109.96334	109.15746	104.00431	107.00703
5/29/2025	11:28:33 AM	111.29254	112.90759	104.70279	102.12339	106.93320	106.82723	107.08888	108.05577	108.63598	110.27247	109.64410	108.83907	103.72885	106.70773
5/29/2025	11:28:36 AM	110.95476	112.55894	104.42062	101.86797	106.63972	106.54763	106.81086	107.77935	108.34832	109.96519	109.33610	108.53196	103.46302	106.41695
5/29/2025	11:28:40 AM	110.62449	112.21923	104.14768	101.62233	106.35711	106.27774	106.54416	107.51131	108.06990	109.66913	109.04087	108.23572	103.20960	106.14000
5/29/2025	11:28:44 AM	110.31313	111.89596	103.88908	101.38741	106.08424	106.01853	106.28716	107.25632	107.80274	109.38489	108.75818	107.95161	102.96744	105.87511
5/29/2025	11:28:47 AM	110.00338	111.57615	103.63490	101.15657	105.81457	105.76028	106.03050	106.99818	107.53599	109.10014	108.47198	107.66764	102.72426	105.60822
5/29/2025	11:28:51 AM	109.69820	111.25894	103.38389	100.93039	105.55112	105.50705	105.77795	106.74581	107.27400	108.82348	108.19428	107.39006	102.48928	105.35002
5/29/2025	11:28:54 AM	109.40025	110.95224	103.14273	100.71217	105.29394	105.25661	105.52807	106.49274	107.01266	108.54479	107.91407	107.11132	102.25176	105.08935
5/29/2025	11:28:58 AM	109.10402	110.64611	102.89839	100.49056	105.03442	105.00633	105.27850	106.24041	106.74994	108.26673	107.63728	106.83757	102.01885	104.83349
5/29/2025	11:29:02 AM	108.81523	110.34730	102.66237	100.27784	104.78663	104.76804	105.03832	105.99882	106.49952	108.00037	107.37098	106.57467	101.79532	104.58803
5/29/2025	11:29:05 AM	108.53732	110.05969	102.43719	100.07521	104.54784	104.53677	104.80503	105.76528	106.25839	107.74482	107.11899	106.32628	101.58564	104.35620
5/29/2025	11:29:09 AM	108.27288	109.78748	102.22720	99.88502	104.32252	104.31966	104.58608	105.54500	106.02933	107.50101	106.87764	106.08648	101.38303	104.13120
5/29/2025	11:29:12 AM	108.01137	109.51524	102.01685	99.69604	104.09632	104.09939	104.36456	105.32272	105.79776	107.25571	106.63572	105.84830	101.18216	103.90760
5/29/2025	11:29:16 AM	107.74980	109.24306	101.80666	99.50421	103.86568	103.87409	104.13670	105.09350	105.55841	107.00271	106.38440	105.59846	100.97080	103.67261
5/29/2025	11:29:19 AM	107.48367	108.96802	101.59177	99.31100	103.63731	103.65146	103.91252	104.86651	105.32421	106.75535	106.14214	105.35855	100.76753	103.44673
5/29/2025	11:29:23 AM	107.22494	108.70020	101.38467	99.12359	103.41549	103.43568	103.69502	104.64867	105.09752	106.51501	105.90365	105.12223	100.56858	103.22504
5/29/2025	11:29:27 AM	106.96982	108.43531	101.17878	98.93629	103.19292	103.21909	103.47555	104.42540	104.86407	106.26904	105.66172	104.88292	100.36628	103.00031
5/29/2025	11:29:30 AM	106.71145	108.16846	100.96955	98.74610	102.96946	103.00118	103.25514	104.20329	104.63476	106.02649	105.42229	104.64744	100.16672	102.78015
5/29/2025	11:29:34 AM	106.45953	107.90659	100.76484	98.55991	102.74983	102.78682	103.03914	103.98326	104.40584	105.78501	105.18320	104.41119	99.96625	102.55604
5/29/2025	11:29:37 AM	106.20765	107.64847	100.56349	98.37819	102.53528	102.57735	102.82841	103.77115	104.18769	105.55307	104.95422	104.18641	99.77432	102.34418
5/29/2025	11:29:41 AM	105.96387	107.39517	100.36612	98.19957	102.32406	102.37174	102.62047	103.56043	103.97058	105.32407	104.72953	103.96402	99.58752	102.13686
5/29/2025	11:29:45 AM	105.72942	107.15397	100.17958	98.03212	102.12309	102.17452	102.42178	103.35944	103.76253	105.10308	104.51195	103.74654	99.40646	101.93322
5/29/2025	11:29:48 AM	105.49338	106.90966	99.99046	97.86209	101.92067	101.97467	102.21914	103.15298	103.54972	104.87880	104.28791	103.52516	99.21986	101.72463
5/29/2025	11:29:52 AM	105.25129	106.65838	99.79283	97.68053	101.70465	101.76265	102.00439	102.93487	103.32372	104.64269	104.05504	103.29602	99.02475	101.50923
5/29/2025	11:29:55 AM	105.01089	106.41105	99.59970	97.50660	101.50157	101.56450	101.80499	102.73484	103.11920	104.42758	103.84622	103.09077	98.85057	101.31662
5/29/2025	11:29:59 AM	104.78967	106.18263	99.42344	97.34856	101.31322	101.37835	101.61810	102.54448	102.92413	104.22193	103.64363	102.89202	98.68265	101.12812
5/29/2025	11:30:03 AM	104.57222	105.95532	99.24883	97.19197	101.12319	101.19139	101.42600	102.34885	102.72289	104.00968	103.43353	102.68418	98.50697	100.93146
5/29/2025	11:30:06 AM	104.34434	105.71896	99.06488	97.02439	100.92331	100.99404	101.22444	102.14523	102.51192	103.78704	103.21457	102.46720	98.32547	100.72886
5/29/2025	11:30:10 AM	104.11789	105.48516	98.88118	96.85869	100.72858	100.80224	101.03086	101.95010	102.31078	103.57473	103.00562	102.26194	98.15256	100.53604
5/29/2025	11:30:13 AM	103.89878	105.25780	98.70472	96.69988	100.53975	100.61458	100.84251	101.75989	102.11406	103.36575	102.79800	102.05758	97.97958	100.34391
5/29/2025	11:30:17 AM	103.67755	105.03000	98.52654	96.54016	100.35119	100.42796	100.65572	101.56998	101.91856	103.15861	102.59289	101.85790	97.81096	100.15557
5/29/2025	11:30:21 AM	103.46345	104.80759	98.35208	96.38305	100.16460	100.24379	100.47043	101.38324	101.72646	102.95575	102.39068	101.66094	97.64523	99.97051
5/29/2025	11:30:24 AM	103.25158	104.58959	98.18299	96.23238	99.98547	100.06803	100.29471	101.20465	101.54427	102.76146	102.20016	101.47599	97.48889	99.79735
5/29/2025	11:30:28 AM	103.05596	104.38688	98.02639	96.09184	99.81505	99.89985	100.12380	101.02975	101.36487	102.57058	102.01115	101.29013	97.33332	99.62385
5/29/2025	11:30:31 AM	102.85574	104.18045	97.86833	95.95141	99.64640	99.73325	99.95611	100.85804	101.18894	102.38445	101.82557	101.10848	97.18136	99.45224
5/29/2025	11:30:35 AM	102.65599	103.97305	97.71015	95.81136	99.47748	99.56664	99.78705	100.68650	101.01341	102.19866	101.64205	100.92911	97.03355	99.28582
5/29/2025	11:30:39 AM	102.46476	103.77462	97.55695	95.67564	99.31188	99.40283	99.62039	100.51616	100.83690	102.01244	101.45705	100.74889	96.88153	99.11501
5/29/2025	11:30:42 AM	102.26842	103.57234	97.40111	95.53567	99.14417	99.23592	99.45422	100.34467	100.66159	101.82842	101.27288	100.56727	96.73006	98.94466
5/29/2025	11:30:46 AM	102.07335	103.37182	97.24619	95.39891	98.97941	99.07277	99.29133	100.17654	100.49122	101.64897	101.09449	100.39345	96.58481	98.78342
5/29/2025	11:30:49 AM	101.88403	103.17787	97.09727	95.26686	98.81960	98.91521	99.13269	100.01380	100.32506	101.47327	100.92053	100.22357	96.44443	98.62502
5/29/2025	11:30:53 AM	101.70238	102.98941	96.95311	95.14007	98.66509	98.76261	98.97818	99.85452	100.16250	101.30130	100.74943	100.05475	96.30311	98.46691
5/29/2025	11:30:56 AM	101.51804	102.79796	96.80761	95.00968	98.50790	98.60605	98.82083	99.69152	99.99602	101.12641	100.57484	99.88342	96.16129	98.30769
5/29/2025	11:31:00 AM	101.33406	102.60696	96.66086	94.87996	98.35000	98.44943	98.66319	99.52902	99.83074	100.95404	100.40378	99.71553	96.02106	98.14978
5/29/2025	11:31:04 AM	101.15378	102.41929	96.51763	94.75262	98.19769	98.29919	98.51100	99.37139	99.67151	100.78686	100.23797	99.55283	95.88522	97.99710
5/29/2025	11:31:07 AM	100.97642	102.23487	96.37711	94.62803	98.04731	98.15044	98.36016	99.21445	99.51252	100.62063	100.07489	99.39340	95.75034	97.84501
5/29/2025	11:31:11 AM	100.80065	102.05099	96.23619	94.50433	97.89708	98.00164	98.20849	99.05663	99.35019	100.45081	99.90701	99.22727	95.61213	97.68825
5/29/2025	11:31:15 AM	100.62305	101.86588	96.09321	94.37796	97.74537	97.85265	98.05764	98.90163	99.19251	100.28555	99.74493	99.06836	95.47969	97.53894
5/29/2025	11:31:18 AM	100.45067	101.68634	95.95523	94.25585	97.59863	97.70749	97.90904	98.74645	99.03585	100.12151	99.58209	98.91126	95.34746	97.38950
5/29/2025	11:31:22 AM	100.28140	101.50993	95.81892	94.13446	97.45318	97.56311	97.76228	98.59339	98.88090	99.95826	99.42072	98.75282	95.21561	97.24017
5/29/2025	11:31:25 AM	100.11041	101.33250	95.68212	94.01319	97.30742	97.41957	97.61675	98.44270	98.72784	99.79838	99.26197	98.59883	95.08671	97.09470
5/29/2025	11:31:29 AM	99.94714	101.16137	95.55029	93.89689	97.16797	97.28173	97.47538	98.29656	98.57945	99.64052	99.10589	98.44705	94.96004	96.95105
5/29/2025	11:31:32 AM	99.78274	100.99006	95.41759	93.78081	97.02752	97.14311	97.33447	98.15086	98.43086	99.48490	98.95181	98.29667	94.83638	96.80931
5/29/2025	11:31:36 AM	99.61974	100.81946	95.28640	93.66405	96.88726	97.00527	97.19375	98.00496	98.28166	99.32946	98.79769	98.14660	94.71006	96.66737
5/29/2025	11:31:40 AM	99.45848	100.65129	95.15725	93.54958	96.74928	96.86800	97.05490	97.86156	98.13606	99.17487	98.64448	97.99881	94.58636	96.52740
5/29/2025	11:31:43 AM	99.29924	100.48576	95.03027	93.43797	96.61525	96.73541	96.91980	97.72099	97.99364	99.02497	98.49566	97.85361	94.46641	96.39100
5/29/2025	11:31:47 AM	99.14254	100.32143	94.90489	93.32631	96.48058	96.60170	96.78388	97.58014	97.84956	98.87297	98.34589	97.70820	94.34495	96.25344
5/29/2025	11:31:50 AM	98.98449	100.15744	94.77961	93.21564	96.34716	96.47037	96.65018	97.44107	97.70906	98.72391	98.19904	97.56432	94.22582	96.11797
5/29/2025	11:31:54 AM	98.83237	99.99803	94.65839	93.10800	96.21733	96.34191	96.51846	97.30467	97.56992	98.57606	98.05222	97.42244	94.10855	95.98425
5/29/2025	11:31:58 AM	98.68069	99.83937	94.53555	92.99989	96.08770	96.21432	96.38841	97.17011	97.43393	98.43170	97.91360	97.28482	93.99501	95.85586
5/29/2025	11:32:01 AM	98.53327	99.68613	94.41763	92.89555	95.96240	96.09129	96.26188	97.03846	97.30004	98.29234	97.77878	97.14909	93.88317	95.72881
5/29/2025	11:32:05 AM	98.39025	99.53677	94.30434	92.79534	95.84040	95.97072	96.13830	96.91001	97.16941	98.15496	97.64491	97.01583	93.77230	95.60265
5/29/2025	11:32:08 AM	98.24362	99.38499	94.18789	92.69091	95.71480	95.84698	96.01110	96.77779	97.03545	98.01479	97.51040	96.88398	93.65955	95.47596
5/29/2025	11:32:12 AM	98.09801	99.23347	94.07042	92.58628	95.58943	95.72353	95.88376	96.64591	96.90147	97.87558	97.37627	96.75222	93.54722	95.34982
5/29/2025	11:32:16 AM	97.95647	99.08535	93.95580	92.48531	95.46848	95.60455	95.76091	96.51804	96.77231	97.74130	97.24629	96.62552	93.43853	95.22753
5/29/2025	11:32:19 AM	97.82282	98.94462	93.84660	92.38843	95.35125	95.48846	95.64287	96.39558	96.64912	97.61272	97.12268	96.50299	93.33522	95.11000
5/29/2025	11:32:23 AM	97.68821	98.80394	93.73854	92.29268	95.23595	95.37529	95.52676	96.27386	96.52547	97.48341	96.99586	96.37929	93.23074	94.99205
5/29/2025	11:32:26 AM	97.55451	98.66213	93.63049	92.19689	95.12054	95.26134	95.40982	96.15225	96.40233	97.35547	96.87198	96.25844	93.12821	94.87586
5/29/2025	11:32:30 AM	97.42504	98.52624	93.52576	92.10484	95.00922	95.15219	95.29778	96.03488	96.28440	97.23007	96.75114	96.13971	93.02851	94.76272
5/29/2025	11:32:33 AM	97.29688	98.39201	93.42215	92.01324	94.89826	95.04306	95.18506	95.91744	96.16538	97.10621	96.62867	96.02170	92.92872	94.64980
5/29/2025	11:32:37 AM	97.16476	98.25340	93.31638	91.91995	94.78568	94.93205	95.07109	95.79858	96.04574	96.98194	96.50701	95.90250	92.82895	94.53652
5/29/2025	11:32:41 AM	97.03799	98.11943	93.21420	91.82980	94.67541	94.82225	94.95935	95.68050	95.92643	96.85690	96.38394	95.78280	92.72829	94.42265
5/29/2025	11:32:44 AM	96.90855	97.98448	93.11048	91.73688	94.56560	94.71380	94.84837	95.56545	95.80990	96.73539	96.26476	95.66622	92.63181	94.31298
5/29/2025	11:32:48 AM	96.78431	97.85261	93.00852	91.64597	94.45778	94.60790	94.73953	95.45098	95.69496	96.61506	96.14759	95.55336	92.53705	94.20559
5/29/2025	11:32:51 AM	96.66378	97.72484	92.90874	91.55604	94.35135	94.50480	94.63435	95.34060	95.58371	96.49817	96.03172	95.44244	92.44406	94.10014
5/29/2025	11:32:55 AM	96.54473	97.59872	92.81220	91.47079	94.24891	94.40443	94.53184	95.23396	95.47598	96.38525	95.92144	95.33694	92.35611	94.00048
5/29/2025	11:32:58 AM	96.43249	97.47882	92.71739	91.38678	94.14899	94.30631	94.43091	95.12789	95.36830	96.27200	95.80977	95.22926	92.26488	93.89631
5/29/2025	11:33:02 AM	96.31213	97.35151	92.61818	91.29861	94.04468	94.20262	94.32588	95.01860	95.25808	96.15729	95.69799	95.12042	92.17317	93.79242
5/29/2025	11:33:06 AM	96.19558	97.22855	92.52248	91.21272	93.94170	94.10140	94.22164	94.91100	95.14983	96.04312	95.58626	95.01051	92.08087	93.68728
5/29/2025	11:33:09 AM	96.07857	97.10430	92.42786	91.12907	93.84201	94.00327	94.12104	94.80710	95.04649	95.93538	95.48017	94.90751	91.99544	93.58945
5/29/2025	11:33:13 AM	95.96601	96.98408	92.33469	91.04776	93.74435	93.90719	94.02183	94.70314	94.94351	95.82599	95.37216	94.80073	91.90726	93.48946
5/29/2025	11:33:16 AM	95.85211	96.86340	92.24040	90.96531	93.64656	93.81049	93.92329	94.60019	94.84091	95.71718	95.26407	94.69451	91.81916	93.38855
5/29/2025	11:33:20 AM	95.73491	96.73935	92.14315	90.87821	93.54421	93.71007	93.82147	94.49400	94.73431	95.60793	95.15697	94.58941	91.73148	93.29043
5/29/2025	11:33:24 AM	95.62483	96.62383	92.05459	90.80020	93.45280	93.61925	93.72970	94.39690	94.63731	95.50567	95.05604	94.49079	91.64984	93.19807
5/29/2025	11:33:27 AM	95.51716	96.51084	91.96837	90.72676	93.36522	93.53144	93.63856	94.30243	94.54341	95.40735	94.95724	94.39283	91.57002	93.10669
5/29/2025	11:33:31 AM	95.40907	96.39600	91.88059	90.65053	93.27391	93.43806	93.54392	94.20302	94.44319	95.30143	94.85186	94.28935	91.48482	93.00940
5/29/2025	11:33:34 AM	95.29867	96.28088	91.79238	90.57424	93.18506	93.34771	93.45225	94.10791	94.34795	95.20123	94.75315	94.19354	91.40555	92.91909
5/29/2025	11:33:38 AM	95.19472	96.17222	91.70917	90.50279	93.09936	93.26015	93.36319	94.01524	94.25527	95.10167	94.65451	94.09721	91.32700	92.82984
5/29/2025	11:33:41 AM	95.09069	96.06235	91.62465	90.43008	93.01292	93.17151	93.27260	93.92021	94.16066	95.00140	94.55528	94.00158	91.24880	92.73996
5/29/2025	11:33:45 AM	94.98964	95.95527	91.54257	90.35901	92.93006	93.08379	93.18413	93.82710	94.06776	94.90331	94.45941	93.90790	91.17171	92.65309
5/29/2025	11:33:49 AM	94.89025	95.85079	91.46372	90.29079	92.84938	93.00122	93.09918	93.74069	93.98127	94.81296	94.37096	93.82155	91.10063	92.57156
5/29/2025	11:33:52 AM	94.79578	95.75247	91.39018	90.22726	92.77447	92.92221	93.01785	93.65627	93.89810	94.72450	94.28268	93.73319	91.02986	92.48936
5/29/2025	11:33:56 AM	94.70056	95.65159	91.31502	90.16218	92.69566	92.84182	92.93511	93.56967	93.81175	94.63399	94.19313	93.64676	90.95958	92.40968
5/29/2025	11:33:59 AM	94.60743	95.55232	91.23984	90.09754	92.61882	92.76499	92.85540	93.48717	93.72871	94.54732	94.10701	93.56139	90.88991	92.32868
5/29/2025	11:34:03 AM	94.51355	95.45410	91.16612	90.03298	92.54047	92.68714	92.77454	93.40217	93.64523	94.45771	94.01749	93.47435	90.81881	92.24749
5/29/2025	11:34:07 AM	94.41752	95.35430	91.09087	89.96562	92.46052	92.60727	92.69230	93.31624	93.56036	94.36808	93.92873	93.38913	90.74853	92.16840
5/29/2025	11:34:10 AM	94.32790	95.25949	91.01883	89.90311	92.38593	92.53229	92.61529	93.23516	93.47985	94.28375	93.84450	93.30966	90.68217	92.09317
5/29/2025	11:34:14 AM	94.24201	95.16834	90.94910	89.84138	92.31277	92.45884	92.53874	93.15548	93.40023	94.20106	93.76324	93.23032	90.61726	92.01806
5/29/2025	11:34:17 AM	94.15322	95.07446	90.87745	89.77787	92.23773	92.38416	92.46153	93.07473	93.32002	94.11724	93.68082	93.14970	90.55082	91.94287
5/29/2025	11:34:21 AM	94.06678	94.98159	90.80593	89.71500	92.16264	92.30899	92.38336	92.99160	93.23962	94.03359	93.59760	93.06810	90.48337	91.86514
5/29/2025	11:34:25 AM	93.97773	94.88722	90.73364	89.65043	92.08500	92.23138	92.30440	92.90776	93.15671	93.94575	93.51287	92.98532	90.41452	91.78573
5/29/2025	11:34:28 AM	93.88694	94.79204	90.66158	89.58645	92.00893	92.15643	92.22765	92.82705	93.07535	93.86020	93.42890	92.90408	90.34778	91.71017
5/29/2025	11:34:32 AM	93.80193	94.70169	90.59225	89.52598	91.93723	92.08612	92.15535	92.74909	92.99742	93.77950	93.35095	92.82914	90.28475	91.63750
5/29/2025	11:34:35 AM	93.72064	94.61605	90.52737	89.46938	91.86819	92.01719	92.08499	92.67408	92.92316	93.70170	93.27341	92.75456	90.22331	91.56701
5/29/2025	11:34:39 AM	93.64019	94.53120	90.46290	89.41287	91.79985	91.94862	92.01415	92.59892	92.84810	93.62335	93.19791	92.68047	90.16151	91.49500
5/29/2025	11:34:43 AM	93.55997	94.44549	90.39729	89.35612	91.73137	91.88000	91.94378	92.52341	92.77329	93.54436	93.12096	92.60662	90.09969	91.42344
5/29/2025	11:34:46 AM	93.47985	94.36051	90.33173	89.29712	91.66095	91.81026	91.87150	92.44752	92.69719	93.46395	93.04207	92.53039	90.03590	91.34976
5/29/2025	11:34:50 AM	93.39710	94.27329	90.26529	89.23657	91.58974	91.73912	91.79907	92.37151	92.62054	93.38436	92.96512	92.45480	89.97323	91.27916
5/29/2025	11:34:53 AM	93.31755	94.19005	90.20165	89.18044	91.52306	91.67354	91.73225	92.30128	92.54935	93.31038	92.89319	92.38387	89.91400	91.21138
5/29/2025	11:34:57 AM	93.23976	94.10801	90.13970	89.12535	91.45646	91.60767	91.66509	92.22956	92.47785	93.23618	92.81877	92.31369	89.85639	91.14576
5/29/2025	11:35:00 AM	93.16375	94.02866	90.07929	89.07205	91.39279	91.54611	91.60285	92.16292	92.41105	93.16575	92.74865	92.24568	89.80060	91.08126
5/29/2025	11:35:04 AM	93.08942	93.94794	90.01722	89.01802	91.32721	91.48073	91.53667	92.09067	92.33951	93.09088	92.67225	92.17227	89.74120	91.01359
5/29/2025	11:35:08 AM	93.01399	93.87038	89.95821	88.96537	91.26483	91.41943	91.47362	92.02358	92.27287	93.02094	92.60161	92.10359	89.68598	90.95059
5/29/2025	11:35:11 AM	92.94118	93.79288	89.90028	88.91488	91.20339	91.35738	91.41115	91.95722	92.20807	92.95269	92.53214	92.03730	89.63308	90.89047
5/29/2025	11:35:15 AM	92.87176	93.71955	89.84556	88.86626	91.14361	91.29889	91.34756	91.88923	92.14146	92.88254	92.46074	91.96827	89.57610	90.82461
5/29/2025	11:35:19 AM	92.79718	93.64196	89.78740	88.81418	91.08090	91.23559	91.28217	91.82067	92.07314	92.81149	92.38915	91.90080	89.52068	90.76242
5/29/2025	11:35:22 AM	92.72585	93.56782	89.73117	88.76530	91.02210	91.17758	91.22240	91.75717	92.01041	92.74609	92.32231	91.83783	89.46971	90.70317
5/29/2025	11:35:26 AM	92.66017	93.49865	89.67982	88.71959	90.96621	91.12306	91.16620	91.69685	91.95169	92.68436	92.26005	91.77928	89.42040	90.64628
5/29/2025	11:35:29 AM	92.59371	93.42745	89.62594	88.67202	90.90872	91.06634	91.10759	91.63244	91.88778	92.61805	92.19302	91.71644	89.36908	90.58688
5/29/2025	11:35:33 AM	92.52847	93.35977	89.57507	88.62823	90.85609	91.01362	91.05318	91.57367	91.83071	92.55825	92.13353	91.65908	89.32229	90.53288
5/29/2025	11:35:36 AM	92.46600	93.29262	89.52612	88.58469	90.80317	90.96090	90.99882	91.51605	91.77267	92.49904	92.07535	91.60238	89.27526	90.47868
5/29/2025	11:35:40 AM	92.40222	93.22569	89.47513	88.54013	90.75048	90.90813	90.94492	91.45724	91.71565	92.43990	92.01646	91.54457	89.22845	90.42569
5/29/2025	11:35:44 AM	92.34179	93.16182	89.42818	88.49925	90.70024	90.85865	90.89327	91.40221	91.66084	92.38242	91.95803	91.48886	89.18317	90.37363
5/29/2025	11:35:47 AM	92.28194	93.09759	89.38119	88.45812	90.65013	90.80985	90.84291	91.34813	91.60761	92.32533	91.90063	91.43413	89.13794	90.32230
5/29/2025	11:35:51 AM	92.22209	93.03444	89.33445	88.41564	90.59786	90.75757	90.78871	91.28988	91.54997	92.26543	91.84108	91.37693	89.09215	90.26966
5/29/2025	11:35:54 AM	92.16072	92.96982	89.28665	88.37384	90.54637	90.70706	90.73688	91.23383	91.49412	92.20700	91.78138	91.31662	89.04655	90.21746
5/29/2025	11:35:58 AM	92.09978	92.90588	89.23987	88.33289	90.49466	90.65571	90.68434	91.17753	91.43842	92.14739	91.72015	91.26023	89.00025	90.16404
5/29/2025	11:36:02 AM	92.03885	92.84181	89.19372	88.29109	90.44299	90.60524	90.63208	91.12166	91.38357	92.08849	91.66083	91.20392	88.95436	90.11121
5/29/2025	11:36:05 AM	91.97842	92.77816	89.14769	88.24967	90.39256	90.55574	90.58164	91.06828	91.33155	92.03398	91.60611	91.15215	88.91164	90.06192
5/29/2025	11:36:09 AM	91.92150	92.71985	89.10635	88.21203	90.34404	90.50798	90.53186	91.01370	91.27807	91.97752	91.54714	91.09814	88.86716	90.01147
5/29/2025	11:36:12 AM	91.86300	92.65805	89.06147	88.17161	90.29391	90.45936	90.48110	90.95789	91.22325	91.92015	91.49013	91.04468	88.82190	89.95928
5/29/2025	11:36:16 AM	91.80463	92.59713	89.01674	88.13057	90.24362	90.40893	90.42917	90.90328	91.16827	91.86292	91.43271	90.99037	88.77679	89.90753
5/29/2025	11:36:20 AM	91.74623	92.53650	88.97271	88.09000	90.19372	90.35955	90.37829	90.84855	91.11279	91.80521	91.37371	90.93654	88.73172	89.85611
5/29/2025	11:36:23 AM	91.68900	92.47826	88.93137	88.05047	90.14542	90.31185	90.33007	90.79651	91.06164	91.75119	91.31984	90.88563	88.68984	89.80749
5/29/2025	11:36:27 AM	91.63491	92.42317	88.89401	88.01414	90.09948	90.26662	90.28327	90.74505	91.01204	91.69788	91.26548	90.83357	88.64863	89.75930
5/29/2025	11:36:30 AM	91.57906	92.36687	88.85673	87.97661	90.05109	90.21882	90.23396	90.69161	90.95782	91.64201	91.20775	90.77873	88.60379	89.70815
5/29/2025	11:36:34 AM	91.52228	92.30922	88.81686	87.93816	90.00290	90.17087	90.18496	90.63994	90.90581	91.58723	91.15333	90.72804	88.56148	89.65953
5/29/2025	11:36:38 AM	91.46879	92.25534	88.77816	87.90192	89.95749	90.12421	90.13712	90.58874	90.85510	91.53319	91.09998	90.67556	88.51859	89.61083
5/29/2025	11:36:41 AM	91.41456	92.20015	88.73899	87.86497	89.91185	90.07877	90.09058	90.53866	90.80599	91.48143	91.04754	90.62630	88.47784	89.56416
5/29/2025	11:36:45 AM	91.36073	92.14673	88.70073	87.82946	89.86694	90.03331	90.04403	90.48868	90.75605	91.43035	90.99649	90.57723	88.43799	89.51754
5/29/2025	11:36:48 AM	91.31115	92.09568	88.66555	87.79567	89.82570	89.99178	90.00063	90.44282	90.70968	91.38228	90.94883	90.53219	88.40120	89.47413
5/29/2025	11:36:52 AM	91.26216	92.04628	88.63017	87.76270	89.78403	89.94967	89.95779	90.39503	90.66220	91.33278	90.89989	90.48326	88.36278	89.42903
5/29/2025	11:36:56 AM	91.20956	91.99344	88.59421	87.72662	89.73800	89.90441	89.91215	90.34624	90.61368	91.28364	90.85084	90.43536	88.32402	89.38397
5/29/2025	11:36:59 AM	91.15969	91.94183	88.55683	87.69270	89.69582	89.86216	89.86787	90.29866	90.56653	91.23359	90.80096	90.38862	88.28525	89.33942
5/29/2025	11:37:03 AM	91.10944	91.89077	88.51807	87.65897	89.65386	89.82077	89.82647	90.25348	90.52216	91.18734	90.75507	90.34538	88.25071	89.29898
5/29/2025	11:37:06 AM	91.06462	91.84279	88.48264	87.62711	89.61501	89.78207	89.78691	90.21089	90.48184	91.14466	90.71236	90.30534	88.21750	89.26054
5/29/2025	11:37:10 AM	91.01961	91.79697	88.44821	87.59631	89.57573	89.74273	89.74594	90.16637	90.43800	91.09928	90.66603	90.26057	88.18087	89.21852
5/29/2025	11:37:14 AM	90.97224	91.74924	88.41421	87.56282	89.53530	89.70282	89.70530	90.12319	90.39677	91.05626	90.62265	90.21940	88.14776	89.18122
5/29/2025	11:37:17 AM	90.92940	91.70467	88.38126	87.53265	89.49860	89.66702	89.66809	90.08406	90.35683	91.01449	90.57994	90.17901	88.11479	89.14304
5/29/2025	11:37:21 AM	90.88476	91.65851	88.34895	87.50205	89.45959	89.62764	89.62885	90.04013	90.31483	90.97031	90.53536	90.13754	88.08008	89.10284
5/29/2025	11:37:24 AM	90.83864	91.61112	88.31371	87.47018	89.42080	89.58829	89.58838	89.99744	90.27273	90.92656	90.49145	90.09607	88.04598	89.06419
5/29/2025	11:37:28 AM	90.79364	91.56568	88.28105	87.44016	89.38361	89.55100	89.55131	89.95658	90.23376	90.88638	90.45031	90.05633	88.01254	89.02681
5/29/2025	11:37:32 AM	90.75081	91.52039	88.24923	87.41146	89.34586	89.51297	89.51281	89.91585	90.19367	90.84553	90.40805	90.01703	87.97981	88.98920
5/29/2025	11:37:35 AM	90.70884	91.47575	88.21713	87.38460	89.31167	89.47812	89.47818	89.87864	90.15791	90.80824	90.37195	89.98368	87.95160	88.95658
5/29/2025	11:37:39 AM	90.67151	91.43648	88.18859	87.35984	89.27963	89.44605	89.44433	89.84127	90.12114	90.77079	90.33328	89.94723	87.92137	88.92259
5/29/2025	11:37:42 AM	90.63211	91.39490	88.15934	87.33349	89.24640	89.41151	89.40952	89.80462	90.08442	90.73256	90.29560	89.91142	87.89213	88.88910
5/29/2025	11:37:46 AM	90.59174	91.35366	88.13067	87.30583	89.21218	89.37650	89.37404	89.76697	90.04686	90.69461	90.25837	89.87302	87.86121	88.85292
5/29/2025	11:37:50 AM	90.55230	91.31188	88.10088	87.27866	89.17886	89.34176	89.33905	89.72851	90.00983	90.65613	90.22121	89.83843	87.83321	88.82017
5/29/2025	11:37:53 AM	90.51301	91.27074	88.07073	87.25189	89.14559	89.30910	89.30635	89.69130	89.97322	90.61940	90.18262	89.80231	87.80360	88.78672
5/29/2025	11:37:57 AM	90.47412	91.22976	88.04028	87.22458	89.11112	89.27438	89.27095	89.65461	89.93501	90.57975	90.14296	89.76451	87.77295	88.75098
5/29/2025	11:38:00 AM	90.43431	91.18827	88.01003	87.19662	89.07647	89.23972	89.23684	89.61821	89.89877	90.54121	90.10386	89.72833	87.74268	88.71779
5/29/2025	11:38:04 AM	90.39467	91.14640	87.97794	87.16858	89.04245	89.20588	89.20237	89.58127	89.86241	90.50345	90.06584	89.69375	87.71407	88.68398
5/29/2025	11:38:08 AM	90.35760	91.10637	87.94627	87.14180	89.01047	89.17382	89.17020	89.54511	89.82699	90.46782	90.02884	89.66055	87.68624	88.65110
5/29/2025	11:38:11 AM	90.32048	91.06760	87.91671	87.11647	88.97922	89.14330	89.13883	89.51205	89.79478	90.43395	89.99468	89.62845	87.65916	88.61920
5/29/2025	11:38:15 AM	90.28529	91.02935	87.88741	87.09109	88.94821	89.11189	89.10585	89.47668	89.76113	90.39848	89.95817	89.59426	87.63163	88.58761
5/29/2025	11:38:18 AM	90.24972	90.99201	87.85826	87.06471	88.91579	89.07905	89.07293	89.44153	89.72760	90.36324	89.92119	89.56045	87.60390	88.55497
5/29/2025	11:38:22 AM	90.21320	90.95215	87.82829	87.03754	88.88320	89.04684	89.03953	89.40583	89.69221	90.32664	89.88521	89.52733	87.57539	88.52225
5/29/2025	11:38:26 AM	90.17671	90.91358	87.79882	87.01105	88.85131	89.01556	89.00672	89.37081	89.65737	90.29067	89.84945	89.49413	87.54712	88.48943
5/29/2025	11:38:29 AM	90.14082	90.87430	87.76860	86.98463	88.81815	88.98272	88.97355	89.33539	89.62259	90.25425	89.81394	89.46110	87.51928	88.45717
5/29/2025	11:38:33 AM	90.10571	90.83810	87.74142	86.96041	88.78950	88.95356	88.94389	89.30502	89.59103	90.22228	89.78341	89.43185	87.49448	88.42766
5/29/2025	11:38:36 AM	90.07230	90.80194	87.71388	86.93601	88.76021	88.92402	88.91274	89.27066	89.55792	90.18560	89.74826	89.39797	87.46571	88.39460
5/29/2025	11:38:40 AM	90.03548	90.76340	87.68436	86.90852	88.72639	88.89095	88.87925	89.23428	89.52147	90.14706	89.71066	89.36263	87.43637	88.36058
5/29/2025	11:38:44 AM	89.99712	90.72270	87.65408	86.88121	88.69368	88.85765	88.84565	89.19845	89.48605	90.11003	89.67426	89.32753	87.40803	88.32740
5/29/2025	11:38:47 AM	89.96071	90.68424	87.62544	86.85566	88.66269	88.82588	88.81299	89.16433	89.45176	90.07316	89.63640	89.29057	87.37804	88.29281
5/29/2025	11:38:51 AM	89.92071	90.64233	87.59360	86.82573	88.62748	88.78998	88.77588	89.12537	89.41312	90.03238	89.59588	89.25193	87.34642	88.25792
5/29/2025	11:38:54 AM	89.88301	90.60366	87.56218	86.79879	88.59581	88.75865	88.74413	89.09005	89.37913	89.99704	89.56040	89.21888	87.31961	88.22517
5/29/2025	11:38:58 AM	89.84682	90.56505	87.53156	86.77335	88.56501	88.72821	88.71365	89.05646	89.34562	89.96243	89.52464	89.18519	87.29240	88.19354
5/29/2025	11:39:01 AM	89.81237	90.52800	87.50183	86.74636	88.53378	88.69735	88.68252	89.02272	89.31022	89.92531	89.48733	89.14937	87.26434	88.16056
5/29/2025	11:39:05 AM	89.77648	90.48971	87.47272	86.72015	88.50445	88.66783	88.65344	88.99101	89.27854	89.89242	89.45447	89.11803	87.23764	88.12986
5/29/2025	11:39:09 AM	89.71968	90.33484	87.32712	86.54882	88.26007	88.41422	88.39044	88.74526	89.05897	89.67389	89.20226	88.83086	86.96068	87.86055
5/29/2025	11:39:12 AM	89.41590	90.08082	87.09072	86.33978	88.12393	88.33877	88.36105	88.75338	89.06807	89.68309	89.20986	88.82943	86.91915	87.84028
5/29/2025	11:39:16 AM	89.40328	90.04549	87.03043	86.29638	88.11548	88.35238	88.39090	88.79398	89.10705	89.71316	89.22837	88.83363	86.90962	87.84009
5/29/2025	11:39:20 AM	89.39388	90.01365	86.99267	86.27280	88.10776	88.35654	88.40384	88.81058	89.12787	89.72465	89.23023	88.82551	86.90083	87.83733
5/29/2025	11:39:23 AM	89.37491	89.97589	86.95868	86.25003	88.09386	88.35422	88.40137	88.80865	89.13002	89.71820	89.21910	88.80495	86.88496	87.82467
5/29/2025	11:39:27 AM	89.34542	89.92978	86.92181	86.22289	88.07197	88.34354	88.38829	88.79574	89.12375	89.70113	89.19886	88.77816	86.86410	87.80550
5/29/2025	11:39:30 AM	89.31143	89.88158	86.88482	86.19532	88.04576	88.32635	88.37155	88.77682	89.10303	89.67833	89.17636	88.74996	86.84251	87.78476
5/29/2025	11:39:34 AM	89.27645	89.83477	86.85023	86.16728	88.02045	88.30637	88.35302	88.75708	89.08254	89.65490	89.15435	88.72202	86.82002	87.76209
5/29/2025	11:39:38 AM	89.24095	89.78707	86.81658	86.13970	87.99593	88.28445	88.33195	88.73441	89.06196	89.63003	89.12875	88.69121	86.79559	87.73604
5/29/2025	11:39:41 AM	89.20329	89.74004	86.78242	86.11291	87.96842	88.25989	88.30885	88.70974	89.03746	89.60203	89.09957	88.65919	86.77059	87.70892
5/29/2025	11:39:45 AM	89.16697	89.69512	86.74925	86.08674	87.94068	88.23459	88.28575	88.68578	89.01258	89.57622	89.07141	88.62871	86.74719	87.68278
5/29/2025	11:39:48 AM	89.13215	89.65230	86.71816	86.06229	87.91254	88.20903	88.26349	88.66210	88.98765	89.55181	89.04431	88.60139	86.72457	87.65830
5/29/2025	11:39:52 AM	89.10022	89.61222	86.68920	86.03771	87.88447	88.18381	88.24117	88.63797	88.96218	89.52433	89.01640	88.57234	86.70146	87.63177
5/29/2025	11:39:56 AM	89.06593	89.56866	86.65823	86.01134	87.85406	88.15485	88.21504	88.61079	88.93414	89.49470	88.98546	88.53931	86.67600	87.60314
5/29/2025	11:39:59 AM	89.02934	89.52611	86.62718	85.98440	87.82236	88.12394	88.18779	88.58303	88.90637	89.46537	88.95279	88.50672	86.64999	87.57385
5/29/2025	11:40:03 AM	88.99320	89.48362	86.59620	85.95688	87.79007	88.09294	88.16056	88.55459	88.87781	89.43553	88.92242	88.47536	86.62377	87.54594
5/29/2025	11:40:06 AM	88.95975	89.44427	86.56704	85.93167	87.75913	88.06429	88.13397	88.52727	88.85107	89.40641	88.89282	88.44485	86.59862	87.51767
5/29/2025	11:40:10 AM	88.92588	89.40439	86.53919	85.90619	87.72834	88.03500	88.10784	88.50010	88.82265	89.37779	88.86233	88.41521	86.57330	87.49073
5/29/2025	11:40:14 AM	88.89333	89.36663	86.51301	85.88211	87.69856	88.00747	88.08193	88.47374	88.79827	89.35081	88.83397	88.38684	86.54906	87.46460
5/29/2025	11:40:17 AM	88.86191	89.32934	86.48683	85.85819	87.67005	87.97995	88.05613	88.44637	88.77005	89.32267	88.80543	88.35832	86.52471	87.43797
5/29/2025	11:40:21 AM	88.83011	89.29222	86.46075	85.83532	87.64332	87.95462	88.03125	88.42130	88.74388	89.29572	88.77717	88.32989	86.49984	87.41167
5/29/2025	11:40:24 AM	88.79717	89.25518	86.43472	85.81236	87.61552	87.92767	88.00522	88.39491	88.71915	89.26643	88.74890	88.30030	86.47484	87.38353
5/29/2025	11:40:28 AM	88.76509	89.21802	86.40811	85.78854	87.58713	87.90094	87.97935	88.36792	88.69277	89.23763	88.72031	88.27124	86.44896	87.35618
5/29/2025	11:40:32 AM	88.73300	89.18075	86.37985	85.76371	87.55812	87.87346	87.95263	88.33908	88.66320	89.20772	88.69019	88.24359	86.42440	87.32908
5/29/2025	11:40:35 AM	88.70152	89.14410	86.35398	85.74046	87.53143	87.84582	87.92614	88.31191	88.63557	89.17867	88.66176	88.21592	86.39861	87.30220
5/29/2025	11:40:39 AM	88.67005	89.10906	86.32787	85.71695	87.50427	87.81997	87.90024	88.28620	88.61060	89.15072	88.63468	88.18934	86.37596	87.27667
5/29/2025	11:40:42 AM	88.64066	89.07600	86.30478	85.69561	87.47993	87.79583	87.87643	88.26136	88.58561	89.12376	88.60812	88.16326	86.35404	87.25200
5/29/2025	11:40:46 AM	88.61191	89.04192	86.28111	85.67443	87.45352	87.76993	87.85024	88.23426	88.55692	89.09466	88.57952	88.13497	86.33063	87.22535
5/29/2025	11:40:50 AM	88.58070	89.00795	86.25549	85.65081	87.42541	87.74298	87.82240	88.20569	88.52675	89.06432	88.55038	88.10644	86.30652	87.19774
5/29/2025	11:40:53 AM	88.54965	88.97391	86.23080	85.62773	87.39991	87.71855	87.79737	88.18010	88.50052	89.03878	88.52361	88.07989	86.28420	87.17219
5/29/2025	11:40:57 AM	88.52138	88.94136	86.20770	85.60632	87.37485	87.69375	87.77270	88.15482	88.47420	89.01250	88.49679	88.05365	86.26179	87.14686
5/29/2025	11:41:00 AM	88.49288	88.90929	86.18483	85.58446	87.35021	87.66952	87.74905	88.12999	88.44859	88.98718	88.47068	88.02863	86.23989	87.12248
5/29/2025	11:41:04 AM	88.46474	88.87789	86.16149	85.56286	87.32635	87.64623	87.72496	88.10594	88.42478	88.96185	88.44480	88.00195	86.21819	87.09812
5/29/2025	11:41:08 AM	88.43612	88.84648	86.13848	85.54217	87.30189	87.62197	87.70019	88.08201	88.40130	88.93773	88.41949	87.97842	86.19854	87.07592
5/29/2025	11:41:11 AM	88.41076	88.81740	86.11780	85.52243	87.27835	87.59986	87.67801	88.05892	88.37728	88.91335	88.39451	87.95453	86.17818	87.05319
5/29/2025	11:41:15 AM	88.38428	88.78626	86.09557	85.50293	87.25587	87.57691	87.65401	88.03474	88.35286	88.88770	88.36811	87.92960	86.15861	87.03102
5/29/2025	11:41:18 AM	88.35779	88.75722	86.07479	85.48347	87.23335	87.55404	87.63044	88.01149	88.32907	88.86365	88.34307	87.90535	86.13881	87.00838
5/29/2025	11:41:22 AM	88.33192	88.72865	86.05378	85.46478	87.21280	87.53352	87.60784	87.98946	88.30738	88.84060	88.32060	87.88143	86.11970	86.98591
5/29/2025	11:41:26 AM	88.30577	88.70063	86.03309	85.44648	87.19023	87.51101	87.58414	87.96567	88.28405	88.81703	88.29657	87.85667	86.09941	86.96272
5/29/2025	11:41:29 AM	88.27809	88.67230	86.01331	85.42773	87.16731	87.48832	87.56087	87.94185	88.26033	88.79194	88.27170	87.83087	86.07913	86.93903
5/29/2025	11:41:33 AM	88.25022	88.64286	85.99201	85.40667	87.14307	87.46441	87.53625	87.91779	88.23635	88.76652	88.24730	87.80659	86.05853	86.91682
5/29/2025	11:41:36 AM	88.22307	88.61527	85.97249	85.38743	87.12098	87.44220	87.51439	87.89378	88.21276	88.74167	88.22226	87.78124	86.03819	86.89383
5/29/2025	11:41:40 AM	88.19694	88.58968	85.95333	85.36859	87.09867	87.41987	87.49212	87.87060	88.18803	88.71678	88.19731	87.75789	86.01921	86.87231
5/29/2025	11:41:43 AM	88.17215	88.56318	85.93502	85.35079	87.07689	87.39802	87.46989	87.84794	88.16511	88.69318	88.17272	87.73351	85.99992	86.85022
5/29/2025	11:41:47 AM	88.14699	88.53848	85.91743	85.33226	87.05431	87.37697	87.44770	87.82508	88.14221	88.66767	88.14899	87.70948	85.98042	86.82897
5/29/2025	11:41:50 AM	88.12188	88.51235	85.90014	85.31384	87.03567	87.35566	87.42574	87.80342	88.12046	88.64638	88.12550	87.68576	85.96270	86.80668
5/29/2025	11:41:54 AM	88.09830	88.48868	85.88514	85.29741	87.01571	87.33587	87.40540	87.78348	88.10157	88.62584	88.10320	87.66364	85.94464	86.78610
5/29/2025	11:41:58 AM	88.07598	88.46684	85.86989	85.28017	86.98732	87.29512	87.33710	87.71349	88.04065	88.55552	88.03245	87.57763	85.92348	86.77070
5/29/2025	11:42:01 AM	87.95977	88.33738	85.85563	85.32840	87.14292	87.49702	87.53759	87.86190	88.10126	88.52140	87.94140	87.48888	85.97212	86.78684
5/29/2025	11:42:05 AM	87.90381	88.33495	85.89770	85.41306	87.25410	87.61299	87.64205	87.91824	88.10525	88.47716	87.85389	87.40035	85.99900	86.78677
5/29/2025	11:42:08 AM	87.84843	88.31298	85.91272	85.45770	87.29838	87.65529	87.67751	87.91833	88.07296	88.41320	87.76157	87.31373	85.99269	86.75931
5/29/2025	11:42:12 AM	87.78335	88.26481	85.89351	85.46157	87.29208	87.64975	87.66951	87.88755	88.01893	88.33935	87.67041	87.23130	85.96691	86.71549
5/29/2025	11:42:16 AM	87.71621	88.20454	85.85652	85.44019	87.26427	87.61736	87.63602	87.83854	87.95320	88.26262	87.58382	87.15365	85.92762	86.66033
5/29/2025	11:42:19 AM	87.64982	88.13916	85.80975	85.40615	87.22130	87.57246	87.58890	87.78062	87.88341	88.18422	87.49981	87.07858	85.87923	86.59669
5/29/2025	11:42:23 AM	87.58145	88.07068	85.75459	85.36021	87.16869	87.51812	87.53473	87.71908	87.81264	88.10715	87.42250	87.00948	85.82633	86.53101
5/29/2025	11:42:26 AM	87.51566	88.00346	85.69788	85.31151	87.11090	87.46079	87.47694	87.65506	87.74165	88.03087	87.34769	86.94002	85.77025	86.46212
5/29/2025	11:42:30 AM	87.44869	87.93248	85.64065	85.25685	87.04691	87.39661	87.41455	87.58774	87.66869	87.95414	87.27272	86.87135	85.71060	86.39235
5/29/2025	11:42:34 AM	87.38328	87.86366	85.58185	85.20050	86.98228	87.33337	87.34975	87.52010	87.59593	87.87800	87.19808	86.80337	85.65153	86.32336
5/29/2025	11:42:37 AM	87.31515	87.79271	85.52182	85.14717	86.91903	87.27067	87.28528	87.45048	87.52337	87.80356	87.12771	86.73680	85.59144	86.25472
5/29/2025	11:42:41 AM	87.24779	87.72411	85.46352	85.09233	86.85563	87.20612	87.22012	87.38159	87.45322	87.73126	87.05913	86.67194	85.53252	86.18781
5/29/2025	11:42:44 AM	87.18417	87.65719	85.40706	85.03795	86.79291	87.14505	87.15458	87.31305	87.38331	87.65916	86.99096	86.60604	85.47378	86.12114
5/29/2025	11:42:48 AM	87.11828	87.58542	85.34866	84.98210	86.72887	87.07809	87.08739	87.24308	87.31316	87.58696	86.92325	86.54149	85.41312	86.05448
5/29/2025	11:42:51 AM	87.05012	87.51163	85.28663	84.92134	86.66204	87.01150	87.01676	87.17043	87.23866	87.51065	86.84967	86.47126	85.35042	85.98550
5/29/2025	11:42:55 AM	86.98512	87.43999	85.22511	84.86327	86.59930	86.94662	86.94993	87.09993	87.16779	87.43843	86.78096	86.40612	85.29099	85.91923
5/29/2025	11:42:59 AM	86.91906	87.37152	85.16754	84.80638	86.53766	86.88581	86.88639	87.03428	87.10048	87.36925	86.71633	86.34493	85.23476	85.85700
5/29/2025	11:43:02 AM	86.85646	87.30682	85.11192	84.75582	86.48005	86.82817	86.82413	86.96947	87.03383	87.30006	86.65126	86.28427	85.18061	85.79561
5/29/2025	11:43:06 AM	86.79734	87.24386	85.05968	84.70681	86.42551	86.77251	86.76584	86.90890	86.96985	87.23379	86.58996	86.22718	85.12941	85.73802
5/29/2025	11:43:09 AM	86.73837	87.17948	85.00809	84.65992	86.37099	86.71772	86.70827	86.84774	86.90612	87.16714	86.52801	86.17001	85.07962	85.68187
5/29/2025	11:43:13 AM	86.68066	87.11869	84.95851	84.61536	86.31872	86.66323	86.65356	86.79016	86.84449	87.10255	86.46753	86.11211	85.03149	85.62628
5/29/2025	11:43:17 AM	86.62365	87.05746	84.91041	84.57124	86.26743	86.61161	86.59917	86.73249	86.78424	87.03901	86.40928	86.05745	84.98598	85.57409
5/29/2025	11:43:20 AM	86.56732	86.99781	84.86424	84.52930	86.21677	86.55980	86.54687	86.67725	86.72520	86.97733	86.35030	86.00303	84.94097	85.52173
5/29/2025	11:43:24 AM	86.51283	86.94185	84.81784	84.48775	86.16621	86.50871	86.49469	86.62299	86.66791	86.91712	86.29499	85.95173	84.89638	85.47100
5/29/2025	11:43:27 AM	86.46005	86.88532	84.77488	84.44914	86.11952	86.46097	86.44522	86.57237	86.61241	86.85841	86.23957	85.90130	84.85389	85.42108
5/29/2025	11:43:31 AM	86.40893	86.82925	84.73243	84.41055	86.07320	86.41213	86.39389	86.52051	86.55643	86.79820	86.18382	85.84841	84.81053	85.37091
5/29/2025	11:43:35 AM	86.35597	86.77551	84.68914	84.37201	86.02589	86.36434	86.34478	86.46878	86.50087	86.73954	86.12822	85.79646	84.76811	85.32241
5/29/2025	11:43:38 AM	86.30499	86.72028	84.64906	84.33409	85.97998	86.31628	86.29593	86.41923	86.44800	86.68362	86.07697	85.74662	84.72863	85.27497
5/29/2025	11:43:42 AM	86.25560	86.66810	84.60955	84.29898	85.93493	86.27136	86.24931	86.37148	86.39610	86.62850	86.02437	85.69849	84.68864	85.22840
5/29/2025	11:43:45 AM	86.20550	86.61591	84.57054	84.26432	85.88985	86.22618	86.20316	86.32473	86.34521	86.57497	85.97412	85.65220	84.64948	85.18386
5/29/2025	11:43:49 AM	86.15873	86.56619	84.53312	84.23074	85.84800	86.18224	86.15887	86.27889	86.29507	86.52190	85.92383	85.60458	84.61089	85.13892
5/29/2025	11:43:52 AM	86.10852	86.51335	84.49424	84.19416	85.80268	86.13681	86.11252	86.23052	86.24485	86.46766	85.87286	85.55584	84.57174	85.09284
5/29/2025	11:43:56 AM	86.06142	86.46237	84.45808	84.15980	85.75988	86.09277	86.06743	86.18594	86.19623	86.41529	85.82368	85.50787	84.53323	85.04809
5/29/2025	11:44:00 AM	86.01297	86.41301	84.42085	84.12660	85.71729	86.05072	86.02271	86.14071	86.14823	86.36390	85.77371	85.46062	84.49655	85.00523
5/29/2025	11:44:03 AM	85.96520	86.36285	84.38440	84.09385	85.67568	86.00730	85.97901	86.09583	86.10067	86.31279	85.72464	85.41481	84.45830	84.96279
5/29/2025	11:44:07 AM	85.91741	86.31423	84.34845	84.06097	85.63538	85.96629	85.93611	86.05236	86.05460	86.26358	85.67727	85.36952	84.42334	84.92074
5/29/2025	11:44:10 AM	85.87426	86.26727	84.31396	84.02842	85.59505	85.92563	85.89595	86.01174	86.01052	86.21568	85.63101	85.32537	84.38714	84.87898
5/29/2025	11:44:14 AM	85.82791	86.21985	84.27935	83.99601	85.55426	85.88487	85.85370	85.96787	85.96497	86.16770	85.58411	85.27984	84.35130	84.83682
5/29/2025	11:44:17 AM	85.78161	86.17192	84.24455	83.96385	85.51514	85.84356	85.81075	85.92478	85.91981	86.11980	85.53810	85.23531	84.31487	84.79579
5/29/2025	11:44:21 AM	85.73572	86.12432	84.20926	83.93173	85.47397	85.80074	85.76756	85.88186	85.87539	86.07312	85.49246	85.19136	84.27925	84.75502
5/29/2025	11:44:25 AM	85.69082	86.07857	84.17488	83.90009	85.43465	85.75972	85.72509	85.83990	85.83218	86.02673	85.44713	85.14741	84.24423	84.71369
5/29/2025	11:44:28 AM	85.64808	86.03258	84.14110	83.86821	85.39547	85.71877	85.68301	85.79816	85.78908	85.98088	85.40277	85.10445	84.20999	84.67324
5/29/2025	11:44:32 AM	85.60596	85.98876	84.10940	83.83650	85.35711	85.67953	85.64396	85.75750	85.74766	85.93677	85.36018	85.06357	84.17729	84.63486
5/29/2025	11:44:35 AM	85.56359	85.94372	84.07796	83.80788	85.32016	85.64103	85.60501	85.71841	85.70660	85.89380	85.31803	85.02369	84.14400	84.59733
5/29/2025	11:44:39 AM	85.52176	85.89965	84.04515	83.77841	85.28260	85.60272	85.56526	85.67942	85.66629	85.85190	85.27649	84.98424	84.11132	84.55997
5/29/2025	11:44:43 AM	85.48037	85.85662	84.01378	83.74877	85.24458	85.56475	85.52612	85.63959	85.62583	85.81007	85.23649	84.94520	84.07882	84.52351
5/29/2025	11:44:46 AM	85.43926	85.81488	83.98284	83.71854	85.20809	85.52691	85.48786	85.60061	85.58575	85.76812	85.19625	84.90517	84.04705	84.48615
5/29/2025	11:44:50 AM	85.39847	85.77342	83.95271	83.69016	85.17125	85.48934	85.44938	85.56213	85.54629	85.72750	85.15691	84.86734	84.01535	84.45030
5/29/2025	11:44:53 AM	85.35856	85.73132	83.92171	83.66139	85.13480	85.45280	85.41275	85.52417	85.50780	85.68747	85.11803	84.82921	83.98412	84.41435
5/29/2025	11:44:57 AM	85.31889	85.69157	83.89133	83.63320	85.09994	85.41629	85.37524	85.48723	85.46891	85.64709	85.07891	84.79222	83.95233	84.37803
5/29/2025	11:45:01 AM	85.28016	85.65181	83.86146	83.60543	85.06487	85.37976	85.33919	85.45095	85.43197	85.60740	85.04097	84.75504	83.92170	84.34295
5/29/2025	11:45:04 AM	85.24358	85.61150	83.83326	83.57795	85.03035	85.34476	85.30311	85.41339	85.39415	85.56883	85.00260	84.71820	83.89131	84.30746
5/29/2025	11:45:08 AM	85.20642	85.57175	83.80352	83.55215	84.99631	85.30867	85.26793	85.37754	85.35691	85.53007	84.96554	84.68252	83.86138	84.27341
5/29/2025	11:45:11 AM	85.16893	85.53280	83.77342	83.52493	84.96095	85.27396	85.23188	85.34099	85.32037	85.49195	84.92872	84.64737	83.83140	84.23999
5/29/2025	11:45:15 AM	85.13247	85.49524	83.74513	83.49707	84.92703	85.23971	85.19742	85.30552	85.28428	85.45521	84.89307	84.61310	83.80309	84.20667
5/29/2025	11:45:19 AM	85.09701	85.45777	83.71914	83.47108	84.89583	85.20708	85.16406	85.27107	85.24911	85.41882	84.85806	84.57846	83.77487	84.17405
5/29/2025	11:45:22 AM	85.06074	85.42062	83.69269	83.44535	84.86258	85.17296	85.12986	85.23609	85.21316	85.38170	84.82307	84.54381	83.74687	84.14141
5/29/2025	11:45:26 AM	85.02457	85.38274	83.66602	83.41909	84.83006	85.13948	85.09634	85.20170	85.17902	85.34713	84.78977	84.51168	83.71998	84.10988
5/29/2025	11:45:29 AM	84.98915	85.34581	83.63910	83.39427	84.79711	85.10656	85.06316	85.16700	85.14397	85.31057	84.75452	84.47738	83.69209	84.07765
5/29/2025	11:45:33 AM	84.95422	85.30881	83.61024	83.36873	84.76720	85.07487	85.02951	85.13382	85.10999	85.27598	84.72100	84.44466	83.66397	84.04665
5/29/2025	11:45:37 AM	84.92039	85.27368	83.57867	83.32512	84.69779	85.01121	84.93914	85.02236	84.89258	84.99690	80.86904	77.83226	80.08007	82.43280
5/29/2025	11:45:40 AM	77.44124	77.32970	77.41059	77.40754	77.24050	77.25855	77.14915	77.22554	77.16220	77.23716	77.27439	77.16773	77.03489	76.72202
