5/27/2025	2:32:33 PM	77.20457	77.11026	77.24731	77.29027	77.13630	77.17361	77.06702	77.14685	77.09063	77.15855	77.15598	77.07374	77.03626	76.62413
5/27/2025	2:32:37 PM	77.20515	77.11047	77.24684	77.29032	77.13596	77.17357	77.06708	77.14711	77.09071	77.15914	77.15632	77.07426	77.03755	76.62467
5/27/2025	2:32:40 PM	77.20580	77.11084	77.24758	77.29068	77.13604	77.17357	77.06758	77.14712	77.09087	77.15917	77.15673	77.07431	77.03823	76.62488
5/27/2025	2:32:44 PM	77.20576	77.11081	77.24791	77.29079	77.13662	77.17451	77.06782	77.14769	77.09133	77.15964	77.15689	77.07439	77.03800	76.62451
5/27/2025	2:32:48 PM	77.20566	77.11106	77.24795	77.29103	77.13692	77.17464	77.06824	77.14762	77.09130	77.16034	77.15715	77.07431	77.03889	76.62461
5/27/2025	2:32:51 PM	77.20578	77.11152	77.24778	77.29167	77.13700	77.17510	77.06857	77.14759	77.09122	77.16048	77.15719	77.07398	77.03918	76.62447
5/27/2025	2:32:55 PM	77.20591	77.11092	77.24771	77.29131	77.13670	77.17466	77.06811	77.14684	77.09104	77.16056	77.15763	77.07415	77.03977	76.62485
5/27/2025	2:32:58 PM	77.20652	77.11200	77.24847	77.29184	77.13692	77.17533	77.06857	77.14758	77.09152	77.16064	77.15800	77.07482	77.03980	76.62530
5/27/2025	2:33:02 PM	77.20662	77.11243	77.24880	77.29211	77.13758	77.17552	77.06875	77.14774	77.09167	77.16105	77.15818	77.07477	77.04023	76.62509
5/27/2025	2:33:06 PM	77.20637	77.11200	77.24872	77.29230	77.13739	77.17563	77.06860	77.14787	77.09180	77.16169	77.15857	77.07537	77.04064	76.62568
5/27/2025	2:33:09 PM	77.20647	77.11223	77.24851	77.29230	77.13744	77.17598	77.06911	77.14809	77.09163	77.16146	77.15882	77.07547	77.04084	76.62569
5/27/2025	2:33:13 PM	77.20711	77.11290	77.24946	77.29344	77.13800	77.17650	77.06915	77.14814	77.09214	77.16173	77.15881	77.07522	77.04079	76.62586
5/27/2025	2:33:16 PM	77.20734	77.11255	77.24901	77.29280	77.13771	77.17616	77.06974	77.14835	77.09233	77.16247	77.15977	77.07616	77.04134	76.62650
5/27/2025	2:33:20 PM	77.20713	77.11310	77.24957	77.29311	77.13834	77.17696	77.07004	77.14881	77.09257	77.16260	77.16001	77.07563	77.04192	76.62599
5/27/2025	2:33:23 PM	77.20745	77.11350	77.24946	77.29314	77.13811	77.17675	77.07000	77.14883	77.09228	77.16222	77.15993	77.07608	77.04190	76.62680
5/27/2025	2:33:27 PM	77.20791	77.11370	77.24989	77.29353	77.13876	77.17753	77.07046	77.14910	77.09326	77.16323	77.16100	77.07663	77.04279	76.62714
5/27/2025	2:33:31 PM	77.20844	77.11416	77.25047	77.29440	77.13933	77.17792	77.07101	77.14934	77.09336	77.16354	77.16086	77.07647	77.04290	76.62693
5/27/2025	2:33:34 PM	77.20843	77.11400	77.25036	77.29432	77.13917	77.17811	77.07101	77.14894	77.09320	77.16350	77.16098	77.07697	77.04271	76.62689
5/27/2025	2:33:38 PM	77.20867	77.11440	77.25046	77.29469	77.13949	77.17825	77.07089	77.14951	77.09321	77.16345	77.16124	77.07683	77.04349	76.62737
5/27/2025	2:33:41 PM	77.20835	77.11429	77.25041	77.29431	77.13894	77.17782	77.07067	77.14959	77.09351	77.16354	77.16173	77.07736	77.04322	76.62748
5/27/2025	2:33:45 PM	77.20911	77.11458	77.25061	77.29475	77.13937	77.17882	77.07154	77.14929	77.09317	77.16367	77.16155	77.07728	77.04310	76.62730
5/27/2025	2:33:49 PM	77.20880	77.11455	77.25037	77.29468	77.13955	77.17811	77.07129	77.14894	77.09352	77.16364	77.16118	77.07674	77.04252	76.62693
5/27/2025	2:33:52 PM	77.20890	77.11438	77.25081	77.29497	77.13914	77.17792	77.07117	77.14909	77.09339	77.16363	77.16109	77.07674	77.04257	76.62721
5/27/2025	2:33:56 PM	77.20837	77.11393	77.25026	77.29441	77.13917	77.17788	77.07102	77.14906	77.09361	77.16394	77.16155	77.07729	77.04342	76.62754
5/27/2025	2:33:59 PM	77.20902	77.11476	77.25091	77.29496	77.14024	77.17907	77.07175	77.14960	77.09397	77.16407	77.16190	77.07760	77.04334	76.62763
5/27/2025	2:34:03 PM	77.20866	77.11525	77.25149	77.29563	77.14057	77.17932	77.07203	77.15011	77.09424	77.16460	77.16197	77.07802	77.04382	76.62734
5/27/2025	2:34:07 PM	77.20906	77.11512	77.25157	77.29538	77.14022	77.17942	77.07199	77.14981	77.09369	77.16462	77.16211	77.07810	77.04318	76.62763
5/27/2025	2:34:10 PM	77.20950	77.11544	77.25114	77.29538	77.14048	77.17920	77.07223	77.15052	77.09426	77.16439	77.16198	77.07818	77.04362	76.62799
5/27/2025	2:34:14 PM	77.20959	77.11565	77.25146	77.29508	77.14017	77.17942	77.07228	77.14997	77.09406	77.16465	77.16223	77.07862	77.04364	76.62789
5/27/2025	2:34:17 PM	77.20930	77.11549	77.25151	77.29526	77.14096	77.17993	77.07222	77.15033	77.09440	77.16458	77.16224	77.07825	77.04340	76.62704
5/27/2025	2:34:21 PM	77.20933	77.11561	77.25159	77.29549	77.14081	77.18009	77.07268	77.15065	77.09494	77.16515	77.16259	77.07859	77.04381	76.62760
5/27/2025	2:34:25 PM	77.21028	77.11595	77.25170	77.29591	77.14116	77.17982	77.07260	77.15010	77.09383	77.16462	77.16262	77.07911	77.04392	76.62758
5/27/2025	2:34:28 PM	77.20978	77.11611	77.25160	77.29561	77.14112	77.17976	77.07228	77.15034	77.09451	77.16505	77.16283	77.07876	77.04366	76.62759
5/27/2025	2:34:32 PM	77.21035	77.11667	77.25174	77.29568	77.14148	77.17995	77.07269	77.15063	77.09408	77.16503	77.16265	77.07890	77.04376	76.62785
5/27/2025	2:34:35 PM	77.21023	77.11604	77.25213	77.29610	77.14168	77.18065	77.07294	77.15055	77.09492	77.16552	77.16334	77.07939	77.04436	76.62813
5/27/2025	2:34:39 PM	77.21046	77.11659	77.25223	77.29587	77.14132	77.18038	77.07330	77.15094	77.09482	77.16558	77.16372	77.07959	77.04461	76.62817
5/27/2025	2:34:42 PM	77.21073	77.11700	77.25238	77.29600	77.14171	77.18031	77.07349	77.15118	77.09528	77.16585	77.16394	77.07994	77.04441	76.62815
5/27/2025	2:34:46 PM	77.21076	77.11697	77.25241	77.29653	77.14208	77.18090	77.07352	77.15123	77.09532	77.16578	77.16405	77.08016	77.04464	76.62877
5/27/2025	2:34:50 PM	77.21097	77.11682	77.25209	77.29626	77.14233	77.18088	77.07349	77.15101	77.09516	77.16588	77.16399	77.08020	77.04414	76.62851
5/27/2025	2:34:53 PM	77.21130	77.11762	77.25251	77.29665	77.14255	77.18115	77.07361	77.15119	77.09607	77.16643	77.16470	77.08087	77.04540	76.62913
5/27/2025	2:34:57 PM	77.21168	77.11750	77.25267	77.29676	77.14264	77.18124	77.07391	77.15173	77.09604	77.16657	77.16462	77.08048	77.04489	76.62911
5/27/2025	2:35:00 PM	77.21189	77.11790	77.25281	77.29709	77.14268	77.18119	77.07379	77.15169	77.09583	77.16620	77.16469	77.08051	77.04482	76.62927
5/27/2025	2:35:04 PM	77.21202	77.11815	77.25259	77.29680	77.14242	77.18125	77.07396	77.15175	77.09628	77.16631	77.16476	77.08089	77.04464	76.62932
5/27/2025	2:35:08 PM	77.21220	77.11813	77.25292	77.29688	77.14263	77.18167	77.07416	77.15189	77.09624	77.16677	77.16546	77.08098	77.04531	76.62910
5/27/2025	2:35:11 PM	77.21208	77.11842	77.25273	77.29703	77.14323	77.18186	77.07393	77.15196	77.09613	77.16705	77.16497	77.08127	77.04486	76.62997
5/27/2025	2:35:15 PM	77.21262	77.11882	77.25314	77.29744	77.14359	77.18227	77.07471	77.15179	77.09661	77.16738	77.16561	77.08102	77.04545	76.62979
5/27/2025	2:35:18 PM	77.21254	77.11889	77.25304	77.29748	77.14371	77.18255	77.07497	77.15263	77.09714	77.16738	77.16559	77.08148	77.04540	76.63028
5/27/2025	2:35:22 PM	77.21294	77.11935	77.25398	77.29808	77.14419	77.18265	77.07515	77.15328	77.09748	77.16771	77.16577	77.08168	77.04610	76.63044
5/27/2025	2:35:25 PM	77.21328	77.11961	77.25367	77.29774	77.14371	77.18217	77.07511	77.15255	77.09741	77.16829	77.16646	77.08198	77.04548	76.63062
5/27/2025	2:35:29 PM	77.21382	77.11974	77.25438	77.29836	77.14461	77.18265	77.07474	77.15283	77.09718	77.16804	77.16626	77.08178	77.04572	76.63061
5/27/2025	2:35:33 PM	77.21355	77.11959	77.25375	77.29797	77.14352	77.18219	77.07515	77.15245	77.09711	77.16817	77.16607	77.08161	77.04540	76.62996
5/27/2025	2:35:36 PM	77.21322	77.11971	77.25395	77.29790	77.14385	77.18267	77.07516	77.15271	77.09721	77.16786	77.16585	77.08194	77.04578	76.63058
5/27/2025	2:35:40 PM	77.21371	77.11978	77.25420	77.29833	77.14433	77.18281	77.07546	77.15326	77.09737	77.16790	77.16605	77.08199	77.04612	76.63105
5/27/2025	2:35:43 PM	77.21436	77.11980	77.25425	77.29830	77.14434	77.18266	77.07545	77.15319	77.09785	77.16815	77.16648	77.08214	77.04650	76.63170
5/27/2025	2:35:47 PM	77.21473	77.12036	77.25435	77.29852	77.14487	77.18301	77.07570	77.15328	77.09747	77.16818	77.16673	77.08239	77.04626	76.63102
5/27/2025	2:35:50 PM	77.21418	77.12010	77.25455	77.29848	77.14470	77.18333	77.07554	77.15334	77.09766	77.16789	77.16686	77.08231	77.04624	76.63169
5/27/2025	2:35:54 PM	77.21449	77.12028	77.25441	77.29881	77.14507	77.18362	77.07578	77.15308	77.09756	77.16836	77.16639	77.08227	77.04616	76.63091
5/27/2025	2:35:58 PM	77.21434	77.11995	77.25474	77.29838	77.14487	77.18254	77.07568	77.15322	77.09769	77.16827	77.16671	77.08233	77.04635	76.63160
5/27/2025	2:36:01 PM	77.21435	77.12035	77.25490	77.29893	77.14490	77.18336	77.07585	77.15326	77.09818	77.16843	77.16697	77.08225	77.04647	76.63149
5/27/2025	2:36:05 PM	77.21412	77.12035	77.25474	77.29887	77.14550	77.18333	77.07594	77.15352	77.09789	77.16934	77.16757	77.08319	77.04659	76.63234
5/27/2025	2:36:08 PM	77.21483	77.12046	77.25550	77.29936	77.14578	77.18393	77.07650	77.15371	77.09819	77.16923	77.16728	77.08328	77.04706	76.63206
5/27/2025	2:36:12 PM	77.21500	77.12076	77.25538	77.29940	77.14553	77.18375	77.07640	77.15338	77.09800	77.16901	77.16759	77.08291	77.04698	76.63223
5/27/2025	2:36:16 PM	77.21521	77.12069	77.25492	77.29957	77.14543	77.18413	77.07669	77.15395	77.09847	77.16901	77.16699	77.08315	77.04687	76.63234
5/27/2025	2:36:19 PM	77.21513	77.12084	77.25529	77.29936	77.14570	77.18385	77.07614	77.15387	77.09790	77.16878	77.16690	77.08248	77.04635	76.63178
5/27/2025	2:36:23 PM	77.21476	77.12032	77.25503	77.29915	77.14488	77.18357	77.07602	77.15370	77.09817	77.16913	77.16734	77.08292	77.04738	76.63206
5/27/2025	2:36:26 PM	77.21482	77.12042	77.25515	77.29935	77.14510	77.18361	77.07616	77.15339	77.09830	77.16922	77.16769	77.08306	77.04668	76.63243
5/27/2025	2:36:30 PM	77.21563	77.12067	77.25563	77.29953	77.14551	77.18366	77.07651	77.15390	77.09828	77.16927	77.16776	77.08293	77.04676	76.63227
5/27/2025	2:36:33 PM	77.21522	77.12080	77.25508	77.29933	77.14555	77.18375	77.07614	77.15385	77.09843	77.16946	77.16752	77.08261	77.04703	76.63254
5/27/2025	2:36:37 PM	77.21536	77.12072	77.25527	77.29983	77.14541	77.18363	77.07597	77.15358	77.09820	77.16923	77.16710	77.08297	77.04665	76.63211
5/27/2025	2:36:41 PM	77.21558	77.12090	77.25569	77.29985	77.14561	77.18374	77.07616	77.15340	77.09806	77.16910	77.16755	77.08306	77.04665	76.63246
5/27/2025	2:36:44 PM	77.21551	77.12086	77.25568	77.30003	77.14585	77.18392	77.07658	77.15352	77.09831	77.16914	77.16769	77.08313	77.04706	76.63264
5/27/2025	2:36:48 PM	77.21586	77.12097	77.25621	77.30010	77.14639	77.18440	77.07681	77.15388	77.09869	77.16970	77.16783	77.08345	77.04726	76.63307
5/27/2025	2:36:51 PM	77.21581	77.12143	77.25617	77.30012	77.14613	77.18400	77.07662	77.15371	77.09832	77.16925	77.16768	77.08310	77.04704	76.63284
5/27/2025	2:36:55 PM	77.21597	77.12162	77.25639	77.30014	77.14630	77.18407	77.07658	77.15373	77.09864	77.16975	77.16777	77.08306	77.04741	76.63312
5/27/2025	2:36:59 PM	77.21604	77.12135	77.25598	77.29982	77.14635	77.18431	77.07680	77.15421	77.09889	77.17008	77.16811	77.08375	77.04783	76.63364
5/27/2025	2:37:02 PM	77.21607	77.12189	77.25624	77.30049	77.14653	77.18440	77.07675	77.15384	77.09874	77.16992	77.16789	77.08360	77.04749	76.63319
5/27/2025	2:37:06 PM	77.21655	77.12201	77.25695	77.30072	77.14696	77.18451	77.07675	77.15422	77.09887	77.17007	77.16793	77.08373	77.04765	76.63305
5/27/2025	2:37:09 PM	77.21654	77.12203	77.25686	77.30040	77.14664	77.18488	77.07676	77.15434	77.09883	77.16998	77.16792	77.08387	77.04756	76.63338
5/27/2025	2:37:13 PM	77.21646	77.12200	77.25726	77.30070	77.14708	77.18490	77.07719	77.15423	77.09899	77.17028	77.16869	77.08399	77.04816	76.63366
5/27/2025	2:37:17 PM	77.21668	77.12215	77.25714	77.30095	77.14702	77.18467	77.07736	77.15492	77.09938	77.17021	77.16875	77.08400	77.04833	76.63409
5/27/2025	2:37:20 PM	77.21664	77.12205	77.25722	77.30092	77.14704	77.18512	77.07734	77.15495	77.09902	77.17041	77.16840	77.08398	77.04827	76.63398
5/27/2025	2:37:24 PM	77.21674	77.12225	77.25715	77.30073	77.14717	77.18484	77.07741	77.15434	77.09889	77.17023	77.16853	77.08384	77.04815	76.63389
5/27/2025	2:37:27 PM	77.21695	77.12242	77.25726	77.30116	77.14731	77.18529	77.07763	77.15463	77.09892	77.17014	77.16827	77.08369	77.04818	76.63402
5/27/2025	2:37:31 PM	77.21686	77.12229	77.25696	77.30080	77.14687	77.18478	77.07707	77.15396	77.09928	77.17057	77.16845	77.08383	77.04827	76.63420
5/27/2025	2:37:34 PM	77.21679	77.12196	77.25709	77.30082	77.14691	77.18477	77.07659	77.15465	77.09886	77.17022	77.16884	77.08443	77.04849	76.63399
5/27/2025	2:37:38 PM	77.21692	77.12221	77.25714	77.30073	77.14740	77.18507	77.07697	77.15411	77.09860	77.17027	77.16814	77.08389	77.04794	76.63399
5/27/2025	2:37:42 PM	77.21717	77.12203	77.25686	77.30067	77.14737	77.18441	77.07702	77.15451	77.09905	77.17019	77.16869	77.08438	77.04813	76.63407
5/27/2025	2:37:45 PM	77.21701	77.12226	77.25720	77.30109	77.14751	77.18504	77.07764	77.15490	77.09903	77.17034	77.16880	77.08436	77.04862	76.63434
5/27/2025	2:37:49 PM	77.21688	77.12209	77.25692	77.30111	77.14770	77.18530	77.07736	77.15486	77.09918	77.17082	77.16912	77.08426	77.04871	76.63460
5/27/2025	2:37:52 PM	77.21744	77.12251	77.25763	77.30152	77.14806	77.18520	77.07748	77.15465	77.09927	77.17049	77.16848	77.08441	77.04849	76.63462
5/27/2025	2:37:56 PM	77.21738	77.12230	77.25726	77.30138	77.14766	77.18527	77.07718	77.15497	77.09957	77.17044	77.16891	77.08456	77.04891	76.63470
5/27/2025	2:37:59 PM	77.21738	77.12236	77.25739	77.30135	77.14804	77.18497	77.07750	77.15459	77.09962	77.17076	77.16871	77.08482	77.04849	76.63454
5/27/2025	2:38:03 PM	77.21707	77.12260	77.25753	77.30151	77.14799	77.18521	77.07739	77.15511	77.09965	77.17075	77.16911	77.08473	77.04900	76.63470
5/27/2025	2:38:06 PM	77.21762	77.12306	77.25771	77.30182	77.14799	77.18557	77.07785	77.15521	77.09976	77.17129	77.16947	77.08500	77.04934	76.63532
5/27/2025	2:38:10 PM	77.21764	77.12314	77.25749	77.30140	77.14808	77.18550	77.07730	77.15478	77.09980	77.17099	77.16863	77.08447	77.04931	76.63457
5/27/2025	2:38:13 PM	77.21750	77.12320	77.25789	77.30184	77.14842	77.18528	77.07769	77.15529	77.09960	77.17150	77.16960	77.08525	77.04993	76.63593
5/27/2025	2:38:17 PM	77.21805	77.12335	77.25781	77.30221	77.14843	77.18548	77.07768	77.15526	77.09989	77.17170	77.16979	77.08491	77.04970	76.63520
5/27/2025	2:38:21 PM	77.21837	77.12358	77.25830	77.30234	77.14887	77.18630	77.07785	77.15512	77.09984	77.17119	77.16974	77.08509	77.04970	76.63560
5/27/2025	2:38:24 PM	77.21810	77.12342	77.25827	77.30254	77.14867	77.18589	77.07787	77.15515	77.09969	77.17137	77.16996	77.08532	77.04969	76.63522
5/27/2025	2:38:28 PM	77.21837	77.12371	77.25848	77.30251	77.14904	77.18585	77.07842	77.15530	77.09973	77.17120	77.16924	77.08491	77.04969	76.63564
5/27/2025	2:38:31 PM	77.21808	77.12344	77.25833	77.30233	77.14872	77.18598	77.07797	77.15510	77.10033	77.17159	77.16972	77.08490	77.04988	76.63541
5/27/2025	2:38:35 PM	77.21810	77.12348	77.25822	77.30233	77.14879	77.18608	77.07802	77.15529	77.10016	77.17132	77.16961	77.08532	77.05028	76.63571
5/27/2025	2:38:39 PM	77.21794	77.12334	77.25816	77.30229	77.14845	77.18651	77.07799	77.15529	77.09995	77.17132	77.16935	77.08500	77.04968	76.63555
5/27/2025	2:38:42 PM	77.21829	77.12384	77.25847	77.30254	77.14893	77.18609	77.07821	77.15515	77.10039	77.17138	77.16974	77.08526	77.04971	76.63585
5/27/2025	2:38:46 PM	77.21803	77.12359	77.25858	77.30266	77.14880	77.18598	77.07814	77.15497	77.09963	77.17126	77.16983	77.08497	77.05006	76.63601
5/27/2025	2:38:49 PM	77.21833	77.12406	77.25885	77.30281	77.14911	77.18612	77.07795	77.15522	77.09996	77.17195	77.16965	77.08540	77.05034	76.63613
5/27/2025	2:38:53 PM	77.21841	77.12405	77.25908	77.30299	77.14904	77.18658	77.07856	77.15590	77.10008	77.17160	77.16982	77.08527	77.05036	76.63633
5/27/2025	2:38:57 PM	77.21841	77.12405	77.25867	77.30235	77.14917	77.18602	77.07781	77.15546	77.09982	77.17137	77.16989	77.08517	77.04992	76.63586
5/27/2025	2:39:00 PM	77.21799	77.12354	77.25897	77.30247	77.14910	77.18626	77.07833	77.15527	77.09999	77.17157	77.16996	77.08504	77.05024	76.63587
5/27/2025	2:39:04 PM	77.21826	77.12390	77.25844	77.30279	77.14900	77.18606	77.07825	77.15525	77.10041	77.17180	77.17057	77.08550	77.05074	76.63654
5/27/2025	2:39:07 PM	77.21871	77.12419	77.25903	77.30288	77.14910	77.18608	77.07798	77.15518	77.09998	77.17135	77.17056	77.08542	77.05007	76.63626
5/27/2025	2:39:11 PM	77.21843	77.12400	77.25895	77.30293	77.14872	77.18626	77.07800	77.15555	77.10045	77.17172	77.17043	77.08561	77.05035	76.63673
5/27/2025	2:39:15 PM	77.21893	77.12478	77.25959	77.30338	77.14975	77.18709	77.07891	77.15568	77.10062	77.17201	77.17023	77.08564	77.05085	76.63643
5/27/2025	2:39:18 PM	77.21860	77.12425	77.25913	77.30334	77.14949	77.18664	77.07847	77.15586	77.10020	77.17184	77.17012	77.08543	77.05095	76.63694
5/27/2025	2:39:22 PM	77.21921	77.12456	77.25920	77.30299	77.14958	77.18651	77.07809	77.15555	77.10008	77.17174	77.17045	77.08540	77.05090	76.63671
5/27/2025	2:39:25 PM	77.21868	77.12445	77.25919	77.30285	77.14927	77.18653	77.07840	77.15544	77.10022	77.17163	77.17069	77.08579	77.05061	76.63688
5/27/2025	2:39:29 PM	77.21884	77.12492	77.25920	77.30388	77.14999	77.18706	77.07860	77.15578	77.10075	77.17229	77.17057	77.08576	77.05119	76.63696
5/27/2025	2:39:32 PM	77.21900	77.12438	77.25926	77.30337	77.14946	77.18696	77.07819	77.15544	77.10053	77.17206	77.17005	77.08546	77.05108	76.63669
5/27/2025	2:39:36 PM	77.21884	77.12474	77.25959	77.30326	77.14973	77.18663	77.07795	77.15536	77.10031	77.17198	77.17023	77.08565	77.05088	76.63660
5/27/2025	2:39:39 PM	77.21888	77.12461	77.25947	77.30319	77.14964	77.18663	77.07813	77.15534	77.10030	77.17178	77.17079	77.08552	77.05099	76.63661
5/27/2025	2:39:43 PM	77.21864	77.12461	77.25941	77.30316	77.14942	77.18638	77.07827	77.15568	77.10056	77.17197	77.17072	77.08575	77.05099	76.63702
5/27/2025	2:39:46 PM	77.21888	77.12399	77.25917	77.30343	77.14934	77.18676	77.07825	77.15512	77.10031	77.17167	77.17059	77.08584	77.05115	76.63686
5/27/2025	2:39:50 PM	77.21893	77.12465	77.25921	77.30334	77.14968	77.18691	77.07844	77.15538	77.10050	77.17219	77.17063	77.08570	77.05101	76.63712
5/27/2025	2:39:53 PM	77.21940	77.12464	77.25985	77.30373	77.14949	77.18660	77.07832	77.15554	77.10093	77.17190	77.17041	77.08519	77.05141	76.63656
5/27/2025	2:39:57 PM	77.21950	77.12503	77.25965	77.30359	77.14942	77.18665	77.07838	77.15535	77.10040	77.17219	77.17052	77.08548	77.05127	76.63719
5/27/2025	2:40:00 PM	77.21930	77.12458	77.25949	77.30363	77.14952	77.18628	77.07780	77.15534	77.10061	77.17179	77.17080	77.08578	77.05126	76.63744
5/27/2025	2:40:04 PM	77.21936	77.12502	77.25960	77.30390	77.14969	77.18686	77.07801	77.15530	77.10046	77.17234	77.17050	77.08569	77.05172	76.63755
5/27/2025	2:40:08 PM	77.21923	77.12527	77.26017	77.30410	77.14983	77.18686	77.07817	77.15559	77.10063	77.17238	77.17092	77.08590	77.05188	76.63768
5/27/2025	2:40:11 PM	77.21957	77.12510	77.26018	77.30436	77.15007	77.18705	77.07833	77.15563	77.10086	77.17236	77.17068	77.08583	77.05119	76.63765
5/27/2025	2:40:15 PM	77.21967	77.12519	77.25999	77.30393	77.14984	77.18701	77.07827	77.15523	77.10077	77.17240	77.17070	77.08588	77.05158	76.63755
5/27/2025	2:40:18 PM	77.21964	77.12545	77.26012	77.30423	77.15009	77.18686	77.07864	77.15547	77.10110	77.17223	77.17083	77.08595	77.05192	76.63810
5/27/2025	2:40:22 PM	77.21971	77.12527	77.25984	77.30418	77.14996	77.18682	77.07806	77.15592	77.10050	77.17203	77.17070	77.08557	77.05157	76.63698
5/27/2025	2:40:26 PM	77.21968	77.12490	77.26001	77.30420	77.15034	77.18697	77.07831	77.15583	77.10075	77.17189	77.17097	77.08582	77.05127	76.63762
5/27/2025	2:40:29 PM	77.21952	77.12500	77.26026	77.30411	77.15016	77.18694	77.07803	77.15511	77.10036	77.17220	77.17070	77.08566	77.05157	76.63733
5/27/2025	2:40:33 PM	77.21968	77.12493	77.25974	77.30413	77.15006	77.18673	77.07810	77.15552	77.10054	77.17210	77.17039	77.08583	77.05151	76.63713
5/27/2025	2:40:36 PM	77.21930	77.12487	77.25957	77.30389	77.14970	77.18663	77.07820	77.15552	77.10062	77.17280	77.17096	77.08582	77.05210	76.63763
5/27/2025	2:40:40 PM	77.22011	77.12547	77.26024	77.30416	77.14996	77.18698	77.07820	77.15558	77.10065	77.17201	77.17104	77.08604	77.05166	76.63746
5/27/2025	2:40:43 PM	77.21993	77.12533	77.26042	77.30450	77.15033	77.18715	77.07836	77.15521	77.10038	77.17227	77.17083	77.08574	77.05207	76.63739
5/27/2025	2:40:47 PM	77.21991	77.12563	77.26080	77.30450	77.15027	77.18718	77.07825	77.15566	77.10056	77.17225	77.17067	77.08624	77.05241	76.63822
5/27/2025	2:40:51 PM	77.22000	77.12541	77.26069	77.30464	77.15025	77.18749	77.07805	77.15599	77.10102	77.17270	77.17078	77.08621	77.05182	76.63772
5/27/2025	2:40:54 PM	77.22011	77.12557	77.26089	77.30475	77.15074	77.18723	77.07865	77.15574	77.10087	77.17249	77.17088	77.08612	77.05216	76.63759
5/27/2025	2:40:58 PM	77.21990	77.12564	77.26070	77.30463	77.15023	77.18700	77.07827	77.15558	77.10094	77.17304	77.17145	77.08649	77.05237	76.63776
5/27/2025	2:41:01 PM	77.22025	77.12561	77.26050	77.30472	77.15045	77.18716	77.07842	77.15523	77.10073	77.17247	77.17086	77.08617	77.05221	76.63790
5/27/2025	2:41:05 PM	77.21999	77.12536	77.26069	77.30465	77.15002	77.18732	77.07817	77.15531	77.10062	77.17244	77.17143	77.08636	77.05244	76.63801
5/27/2025	2:41:08 PM	77.22089	77.12634	77.26106	77.30491	77.15083	77.18755	77.07846	77.15608	77.10172	77.17338	77.17157	77.08644	77.05261	76.63792
5/27/2025	2:41:12 PM	77.22064	77.12612	77.26092	77.30513	77.15084	77.18764	77.07866	77.15577	77.10106	77.17271	77.17141	77.08650	77.05288	76.63823
5/27/2025	2:41:16 PM	77.22083	77.12629	77.26102	77.30505	77.15092	77.18742	77.07832	77.15564	77.10134	77.17320	77.17123	77.08658	77.05285	76.63808
5/27/2025	2:41:19 PM	77.22051	77.12581	77.26121	77.30507	77.15075	77.18779	77.07860	77.15566	77.10118	77.17319	77.17148	77.08645	77.05256	76.63847
5/27/2025	2:41:23 PM	77.22079	77.12608	77.26126	77.30516	77.15089	77.18776	77.07826	77.15549	77.10117	77.17330	77.17166	77.08639	77.05251	76.63824
5/27/2025	2:41:26 PM	77.22063	77.12622	77.26127	77.30520	77.15075	77.18732	77.07862	77.15548	77.10056	77.17313	77.17091	77.08646	77.05277	76.63777
5/27/2025	2:41:30 PM	77.22034	77.12603	77.26120	77.30435	77.15037	77.18712	77.07833	77.15524	77.10094	77.17235	77.17127	77.08642	77.05294	76.63830
5/27/2025	2:41:34 PM	77.22011	77.12617	77.26136	77.30507	77.15099	77.18710	77.07819	77.15537	77.10086	77.17261	77.17119	77.08666	77.05281	76.63815
5/27/2025	2:41:37 PM	77.22054	77.12618	77.26062	77.30507	77.15080	77.18720	77.07825	77.15550	77.10085	77.17298	77.17161	77.08626	77.05297	76.63853
5/27/2025	2:41:41 PM	77.22049	77.12629	77.26145	77.30521	77.15061	77.18768	77.07856	77.15551	77.10094	77.17268	77.17159	77.08645	77.05291	76.63859
5/27/2025	2:41:44 PM	77.22021	77.12573	77.26101	77.30504	77.15076	77.18735	77.07860	77.15545	77.10140	77.17320	77.17163	77.08640	77.05290	76.63823
5/27/2025	2:41:48 PM	77.22006	77.12606	77.26101	77.30500	77.15070	77.18738	77.07844	77.15570	77.10097	77.17298	77.17125	77.08648	77.05275	76.63831
5/27/2025	2:41:51 PM	77.22068	77.12577	77.26130	77.30512	77.15102	77.18704	77.07870	77.15530	77.10062	77.17310	77.17163	77.08679	77.05267	76.63789
5/27/2025	2:41:55 PM	77.22022	77.12594	77.26153	77.30513	77.15103	77.18737	77.07790	77.15585	77.10105	77.17319	77.17160	77.08661	77.05315	76.63852
5/27/2025	2:41:58 PM	77.22047	77.12651	77.26135	77.30534	77.15095	77.18732	77.07872	77.15544	77.10124	77.17310	77.17196	77.08661	77.05284	76.63828
5/27/2025	2:42:02 PM	77.22056	77.12609	77.26105	77.30498	77.15081	77.18733	77.07834	77.15570	77.10106	77.17339	77.17161	77.08654	77.05315	76.63821
5/27/2025	2:42:06 PM	77.22064	77.12613	77.26131	77.30541	77.15095	77.18738	77.07857	77.15559	77.10162	77.17321	77.17159	77.08682	77.05304	76.63857
5/27/2025	2:42:09 PM	77.22038	77.12627	77.26170	77.30555	77.15094	77.18790	77.07897	77.15591	77.10140	77.17338	77.17223	77.08686	77.05321	76.63844
5/27/2025	2:42:13 PM	77.22048	77.12616	77.26149	77.30545	77.15079	77.18752	77.07871	77.15522	77.10114	77.17304	77.17156	77.08666	77.05303	76.63833
5/27/2025	2:42:16 PM	77.22034	77.12634	77.26130	77.30528	77.15089	77.18786	77.07880	77.15527	77.10107	77.17321	77.17131	77.08662	77.05304	76.63832
5/27/2025	2:42:20 PM	77.22073	77.12603	77.26174	77.30513	77.15112	77.18759	77.07859	77.15544	77.10133	77.17305	77.17126	77.08652	77.05301	76.63851
5/27/2025	2:42:24 PM	77.22033	77.12601	77.26113	77.30493	77.15093	77.18743	77.07812	77.15494	77.10081	77.17291	77.17151	77.08659	77.05333	76.63816
5/27/2025	2:42:27 PM	77.22017	77.12609	77.26125	77.30533	77.15100	77.18790	77.07847	77.15576	77.10086	77.17321	77.17125	77.08588	77.05272	76.63819
5/27/2025	2:42:31 PM	77.22008	77.12584	77.26092	77.30510	77.15066	77.18730	77.07800	77.15512	77.10061	77.17261	77.17146	77.08635	77.05322	76.63804
5/27/2025	2:42:34 PM	77.22040	77.12622	77.26122	77.30514	77.15117	77.18755	77.07842	77.15554	77.10110	77.17304	77.17210	77.08653	77.05353	76.63845
5/27/2025	2:42:38 PM	77.22037	77.12599	77.26119	77.30490	77.15106	77.18738	77.07867	77.15553	77.10116	77.17315	77.17150	77.08691	77.05332	76.63848
5/27/2025	2:42:42 PM	77.22044	77.12619	77.26129	77.30515	77.15087	77.18737	77.07846	77.15527	77.10106	77.17334	77.17176	77.08640	77.05315	76.63853
5/27/2025	2:42:45 PM	77.22046	77.12633	77.26151	77.30510	77.15089	77.18723	77.07814	77.15552	77.10065	77.17317	77.17154	77.08672	77.05303	76.63858
5/27/2025	2:42:49 PM	77.22033	77.12574	77.26114	77.30510	77.15064	77.18699	77.07803	77.15525	77.10109	77.17273	77.17140	77.08663	77.05347	76.63807
5/27/2025	2:42:52 PM	77.22037	77.12658	77.26113	77.30519	77.15079	77.18705	77.07833	77.15556	77.10089	77.17303	77.17174	77.08651	77.05315	76.63818
5/27/2025	2:42:56 PM	77.22046	77.12617	77.26145	77.30542	77.15043	77.18730	77.07807	77.15478	77.10093	77.17322	77.17204	77.08655	77.05300	76.63826
5/27/2025	2:42:59 PM	77.22024	77.12612	77.26097	77.30503	77.15087	77.18698	77.07802	77.15551	77.10095	77.17246	77.17085	77.08638	77.05325	76.63825
5/27/2025	2:43:03 PM	77.22043	77.12616	77.26131	77.30546	77.15086	77.18739	77.07808	77.15532	77.10109	77.17323	77.17220	77.08632	77.05355	76.63837
5/27/2025	2:43:07 PM	77.22047	77.12633	77.26151	77.30528	77.15110	77.18718	77.07814	77.15532	77.10080	77.17282	77.17150	77.08669	77.05334	76.63834
5/27/2025	2:43:10 PM	77.22034	77.12641	77.26112	77.30530	77.15094	77.18757	77.07876	77.15557	77.10130	77.17300	77.17166	77.08664	77.05335	76.63838
5/27/2025	2:43:14 PM	77.22019	77.12655	77.26170	77.30588	77.15136	77.18757	77.07849	77.15590	77.10148	77.17315	77.17270	77.08734	77.05372	76.63869
5/27/2025	2:43:17 PM	77.22060	77.12663	77.26143	77.30584	77.15135	77.18749	77.07808	77.15581	77.10112	77.17334	77.17218	77.08699	77.05366	76.63832
5/27/2025	2:43:21 PM	77.22077	77.12632	77.26155	77.30549	77.15106	77.18770	77.07837	77.15556	77.10105	77.17293	77.17173	77.08676	77.05385	76.63875
5/27/2025	2:43:25 PM	77.22063	77.12665	77.26174	77.30551	77.15117	77.18771	77.07828	77.15578	77.10105	77.17349	77.17210	77.08697	77.05347	76.63857
5/27/2025	2:43:28 PM	77.22081	77.12640	77.26141	77.30556	77.15125	77.18746	77.07798	77.15552	77.10122	77.17284	77.17225	77.08690	77.05354	76.63847
5/27/2025	2:43:32 PM	77.22029	77.12607	77.26148	77.30552	77.15102	77.18769	77.07816	77.15514	77.10060	77.17308	77.17217	77.08642	77.05398	76.63834
5/27/2025	2:43:35 PM	77.22052	77.12659	77.26176	77.30573	77.15103	77.18780	77.07827	77.15533	77.10085	77.17303	77.17161	77.08671	77.05395	76.63826
5/27/2025	2:43:39 PM	77.22063	77.12681	77.26221	77.30577	77.15135	77.18804	77.07843	77.15562	77.10087	77.17345	77.17204	77.08692	77.05396	76.63857
5/27/2025	2:43:43 PM	77.22068	77.12643	77.26186	77.30567	77.15111	77.18752	77.07852	77.15581	77.10116	77.17373	77.17191	77.08681	77.05408	76.63881
5/27/2025	2:43:46 PM	77.22073	77.12680	77.26179	77.30564	77.15159	77.18771	77.07869	77.15592	77.10117	77.17363	77.17270	77.08701	77.05417	76.63896
5/27/2025	2:43:50 PM	77.22152	77.12716	77.26172	77.30551	77.15147	77.18781	77.07894	77.15575	77.10136	77.17417	77.17240	77.08699	77.05384	76.63904
5/27/2025	2:43:53 PM	77.22090	77.12692	77.26206	77.30612	77.15149	77.18816	77.07898	77.15644	77.10166	77.17361	77.17252	77.08698	77.05390	76.63870
5/27/2025	2:43:57 PM	77.22063	77.12654	77.26175	77.30555	77.15143	77.18779	77.07888	77.15576	77.10181	77.17351	77.17196	77.08715	77.05407	76.63892
5/27/2025	2:44:00 PM	77.22098	77.12710	77.26201	77.30587	77.15109	77.18785	77.07851	77.15562	77.10083	77.17328	77.17214	77.08717	77.05406	76.63864
5/27/2025	2:44:04 PM	77.22082	77.12687	77.26181	77.30572	77.15148	77.18802	77.07844	77.15542	77.10113	77.17329	77.17207	77.08701	77.05402	76.63883
5/27/2025	2:44:08 PM	77.22075	77.12621	77.26170	77.30548	77.15118	77.18763	77.07864	77.15577	77.10113	77.17357	77.17221	77.08629	77.05371	76.63878
5/27/2025	2:44:11 PM	77.22070	77.12623	77.26175	77.30570	77.15124	77.18764	77.07891	77.15591	77.10113	77.17343	77.17238	77.08648	77.05372	76.63876
5/27/2025	2:44:15 PM	77.22108	77.12675	77.26234	77.30561	77.15112	77.18780	77.07866	77.15582	77.10111	77.17336	77.17207	77.08720	77.05420	76.63899
5/27/2025	2:44:18 PM	77.22119	77.12689	77.26171	77.30582	77.15103	77.18769	77.07856	77.15565	77.10094	77.17333	77.17272	77.08683	77.05397	76.63857
5/27/2025	2:44:22 PM	77.22100	77.12666	77.26167	77.30609	77.15103	77.18806	77.07860	77.15564	77.10118	77.17338	77.17216	77.08660	77.05403	76.63904
5/27/2025	2:44:26 PM	77.22112	77.12653	77.26183	77.30581	77.15139	77.18793	77.07881	77.15592	77.10102	77.17357	77.17252	77.08685	77.05432	76.63920
5/27/2025	2:44:29 PM	77.22087	77.12661	77.26193	77.30597	77.15148	77.18800	77.07875	77.15613	77.10107	77.17331	77.17229	77.08695	77.05397	76.63886
5/27/2025	2:44:33 PM	77.22109	77.12675	77.26225	77.30600	77.15153	77.18818	77.07898	77.15604	77.10126	77.17366	77.17274	77.08765	77.05426	76.63908
5/27/2025	2:44:36 PM	77.22130	77.12747	77.26205	77.30601	77.15174	77.18787	77.07867	77.15572	77.10167	77.17403	77.17236	77.08698	77.05429	76.63920
5/27/2025	2:44:40 PM	77.22139	77.12679	77.26197	77.30643	77.15146	77.18776	77.07844	77.15596	77.10106	77.17402	77.17284	77.08695	77.05432	76.63915
5/27/2025	2:44:44 PM	77.22134	77.12708	77.26204	77.30605	77.15200	77.18800	77.07887	77.15574	77.10138	77.17348	77.17250	77.08745	77.05432	76.63907
5/27/2025	2:44:47 PM	77.22083	77.12684	77.26229	77.30581	77.15155	77.18775	77.07887	77.15564	77.10079	77.17368	77.17235	77.08690	77.05421	76.63867
5/27/2025	2:44:51 PM	77.22076	77.12632	77.26202	77.30565	77.15089	77.18742	77.07858	77.15492	77.10075	77.17341	77.17219	77.08670	77.05403	76.63837
5/27/2025	2:44:54 PM	77.22030	77.12660	77.26151	77.30557	77.15133	77.18760	77.07890	77.15565	77.10134	77.17365	77.17262	77.08737	77.05481	76.63928
5/27/2025	2:44:58 PM	77.22133	77.12734	77.26180	77.30623	77.15165	77.18798	77.07933	77.15585	77.10139	77.17357	77.17243	77.08724	77.05404	76.63888
5/27/2025	2:45:02 PM	77.22111	77.12694	77.26168	77.30641	77.15168	77.18822	77.07898	77.15592	77.10171	77.17401	77.17260	77.08710	77.05449	76.63877
5/27/2025	2:45:05 PM	77.22125	77.12720	77.26230	77.30601	77.15148	77.18792	77.07916	77.15635	77.10171	77.17418	77.17291	77.08778	77.05493	76.63945
5/27/2025	2:45:09 PM	77.22146	77.12731	77.26197	77.30630	77.15196	77.18848	77.07931	77.15652	77.10162	77.17383	77.17261	77.08737	77.05485	76.63937
5/27/2025	2:45:12 PM	77.22141	77.12699	77.26211	77.30589	77.15157	77.18783	77.07894	77.15601	77.10109	77.17353	77.17289	77.08738	77.05464	76.63896
5/27/2025	2:45:16 PM	77.22099	77.12679	77.26181	77.30622	77.15165	77.18781	77.07862	77.15574	77.10126	77.17370	77.17223	77.08693	77.05409	76.63880
5/27/2025	2:45:20 PM	77.22113	77.12702	77.26177	77.30633	77.15181	77.18803	77.07908	77.15601	77.10132	77.17341	77.17295	77.08718	77.05434	76.63948
5/27/2025	2:45:23 PM	77.22145	77.12677	77.26193	77.30604	77.15158	77.18762	77.07888	77.15604	77.10124	77.17351	77.17265	77.08765	77.05487	76.63971
5/27/2025	2:45:27 PM	77.22132	77.12719	77.26241	77.30637	77.15199	77.18836	77.07965	77.15597	77.10138	77.17386	77.17244	77.08754	77.05454	76.63932
5/27/2025	2:45:30 PM	77.22156	77.12690	77.26204	77.30608	77.15187	77.18811	77.07910	77.15596	77.10094	77.17366	77.17274	77.08757	77.05449	76.63923
5/27/2025	2:45:34 PM	77.22126	77.12709	77.26207	77.30602	77.15183	77.18846	77.07922	77.15620	77.10134	77.17357	77.17264	77.08711	77.05456	76.63895
5/27/2025	2:45:38 PM	77.22089	77.12712	77.26153	77.30612	77.15178	77.18797	77.07889	77.15560	77.10125	77.17339	77.17291	77.08759	77.05458	76.63917
5/27/2025	2:45:41 PM	77.22120	77.12722	77.26200	77.30578	77.15177	77.18755	77.07866	77.15604	77.10093	77.17382	77.17277	77.08734	77.05450	76.63911
5/27/2025	2:45:45 PM	77.22122	77.12685	77.26183	77.30576	77.15124	77.18725	77.07895	77.15569	77.10144	77.17355	77.17256	77.08716	77.05421	76.63928
5/27/2025	2:45:48 PM	77.22078	77.12687	77.26130	77.30554	77.15126	77.18790	77.07859	77.15560	77.10099	77.17321	77.17240	77.08691	77.05441	76.63867
5/27/2025	2:45:52 PM	77.22085	77.12668	77.26161	77.30569	77.15155	77.18781	77.07894	77.15579	77.10082	77.17318	77.17277	77.08715	77.05429	76.63856
5/27/2025	2:45:56 PM	77.22071	77.12688	77.26204	77.30571	77.15108	77.18784	77.07838	77.15602	77.10095	77.17316	77.17219	77.08682	77.05434	76.63875
5/27/2025	2:45:59 PM	77.22085	77.12648	77.26141	77.30580	77.15159	77.18776	77.07904	77.15618	77.10069	77.17297	77.17221	77.08726	77.05433	76.63891
5/27/2025	2:46:03 PM	77.22087	77.12633	77.26154	77.30567	77.15126	77.18779	77.07896	77.15589	77.10113	77.17361	77.17284	77.08755	77.05471	76.63917
5/27/2025	2:46:06 PM	77.22123	77.12673	77.26174	77.30588	77.15148	77.18778	77.07879	77.15578	77.10095	77.17337	77.17256	77.08708	77.05476	76.63914
5/27/2025	2:46:10 PM	77.22120	77.12677	77.26170	77.30598	77.15117	77.18779	77.07924	77.15602	77.10093	77.17353	77.17262	77.08726	77.05471	76.63949
5/27/2025	2:46:14 PM	77.22103	77.12712	77.26148	77.30609	77.15156	77.18810	77.07881	77.15576	77.10119	77.17346	77.17291	77.08733	77.05478	76.63949
5/27/2025	2:46:17 PM	77.22142	77.12700	77.26218	77.30648	77.15232	77.18872	77.07943	77.15670	77.10191	77.17431	77.17334	77.08814	77.05518	76.63973
5/27/2025	2:46:21 PM	77.22215	77.12773	77.26269	77.30682	77.15250	77.18880	77.08014	77.15696	77.10181	77.17416	77.17279	77.08807	77.05523	76.63993
5/27/2025	2:46:24 PM	77.22191	77.12801	77.26271	77.30660	77.15240	77.18865	77.08002	77.15658	77.10147	77.17372	77.17316	77.08794	77.05529	76.63958
5/27/2025	2:46:28 PM	77.22183	77.12776	77.26252	77.30649	77.15210	77.18844	77.07942	77.15619	77.10185	77.17364	77.17306	77.08791	77.05518	76.63993
5/27/2025	2:46:32 PM	77.22166	77.12746	77.26247	77.30625	77.15214	77.18847	77.07921	77.15626	77.10141	77.17389	77.17297	77.08791	77.05516	76.63974
5/27/2025	2:46:35 PM	77.22169	77.12774	77.26264	77.30629	77.15206	77.18870	77.07974	77.15650	77.10135	77.17366	77.17253	77.08724	77.05498	76.63977
5/27/2025	2:46:39 PM	77.22170	77.12768	77.26237	77.30613	77.15192	77.18813	77.07935	77.15589	77.10126	77.17386	77.17305	77.08777	77.05482	76.63990
5/27/2025	2:46:42 PM	77.22182	77.12719	77.26235	77.30669	77.15186	77.18864	77.07952	77.15626	77.10100	77.17363	77.17308	77.08776	77.05489	76.63934
5/27/2025	2:46:46 PM	77.22149	77.12734	77.26211	77.30641	77.15199	77.18823	77.07899	77.15609	77.10117	77.17382	77.17314	77.08800	77.05517	76.63935
5/27/2025	2:46:49 PM	77.22164	77.12739	77.26263	77.30656	77.15216	77.18864	77.07962	77.15632	77.10156	77.17387	77.17283	77.08783	77.05540	76.63972
5/27/2025	2:46:53 PM	77.22203	77.12731	77.26231	77.30616	77.15187	77.18830	77.07953	77.15619	77.10142	77.17361	77.17309	77.08821	77.05553	76.64003
5/27/2025	2:46:57 PM	77.22160	77.12719	77.26211	77.30564	77.15169	77.18820	77.07931	77.15623	77.10149	77.17337	77.17289	77.08772	77.05510	76.63945
5/27/2025	2:47:00 PM	77.22152	77.12722	77.26188	77.30587	77.15156	77.18828	77.07939	77.15608	77.10173	77.17378	77.17303	77.08791	77.05513	76.63972
5/27/2025	2:47:04 PM	77.22176	77.12765	77.26201	77.30648	77.15209	77.18849	77.07965	77.15648	77.10162	77.17366	77.17291	77.08794	77.05555	76.64013
5/27/2025	2:47:07 PM	77.22221	77.12790	77.26300	77.30642	77.15235	77.18858	77.07990	77.15655	77.10173	77.17413	77.17335	77.08837	77.05558	76.63984
5/27/2025	2:47:11 PM	77.22181	77.12789	77.26272	77.30637	77.15193	77.18855	77.07972	77.15613	77.10159	77.17348	77.17260	77.08751	77.05476	76.63931
5/27/2025	2:47:15 PM	77.22125	77.12668	77.26163	77.30587	77.15181	77.18834	77.07924	77.15621	77.10130	77.17326	77.17335	77.08736	77.05487	76.63976
5/27/2025	2:47:18 PM	77.22130	77.12754	77.26232	77.30604	77.15179	77.18810	77.07926	77.15589	77.10138	77.17346	77.17292	77.08763	77.05521	76.63947
5/27/2025	2:47:22 PM	77.22202	77.12787	77.26275	77.30670	77.15255	77.18862	77.07983	77.15627	77.10139	77.17390	77.17317	77.08761	77.05494	76.63965
5/27/2025	2:47:25 PM	77.22191	77.12759	77.26222	77.30604	77.15197	77.18834	77.07939	77.15646	77.10088	77.17371	77.17305	77.08765	77.05496	76.63967
5/27/2025	2:47:29 PM	77.22178	77.12766	77.26238	77.30620	77.15164	77.18818	77.07917	77.15598	77.10112	77.17363	77.17290	77.08795	77.05528	76.63955
5/27/2025	2:47:32 PM	77.22175	77.12717	77.26209	77.30603	77.15223	77.18820	77.07944	77.15636	77.10149	77.17375	77.17333	77.08805	77.05548	76.63992
5/27/2025	2:47:36 PM	77.22197	77.12789	77.26231	77.30650	77.15214	77.18883	77.07968	77.15661	77.10121	77.17360	77.17354	77.08826	77.05570	76.64007
5/27/2025	2:47:40 PM	77.22181	77.12773	77.26245	77.30624	77.15209	77.18856	77.07923	77.15603	77.10109	77.17385	77.17315	77.08818	77.05526	76.64000
5/27/2025	2:47:43 PM	77.22216	77.12761	77.26286	77.30626	77.15212	77.18839	77.07976	77.15611	77.10195	77.17426	77.17359	77.08847	77.05589	76.64037
5/27/2025	2:47:47 PM	77.22224	77.12790	77.26266	77.30651	77.15181	77.18813	77.07901	77.15653	77.10160	77.17382	77.17334	77.08813	77.05524	76.63986
5/27/2025	2:47:50 PM	77.22222	77.12695	77.26164	77.30581	77.15161	77.18828	77.07905	77.15606	77.10152	77.17370	77.17347	77.08824	77.05540	76.64023
5/27/2025	2:47:54 PM	77.22177	77.12778	77.26263	77.30638	77.15175	77.18810	77.07931	77.15638	77.10141	77.17345	77.17275	77.08792	77.05548	76.63983
5/27/2025	2:47:58 PM	77.22205	77.12775	77.26256	77.30655	77.15218	77.18827	77.07966	77.15604	77.10156	77.17402	77.17333	77.08831	77.05541	76.63965
5/27/2025	2:48:01 PM	77.22228	77.12772	77.26248	77.30665	77.15188	77.18808	77.07961	77.15601	77.10139	77.17350	77.17362	77.08836	77.05589	76.64019
5/27/2025	2:48:05 PM	77.22230	77.12810	77.26316	77.30661	77.15232	77.18882	77.08000	77.15671	77.10209	77.17439	77.17355	77.08870	77.05599	76.64044
5/27/2025	2:48:08 PM	77.22288	77.12857	77.26301	77.30718	77.15275	77.18936	77.08041	77.15681	77.10202	77.17449	77.17421	77.08871	77.05629	76.64069
5/27/2025	2:48:12 PM	77.22269	77.12865	77.26359	77.30718	77.15247	77.18905	77.08028	77.15682	77.10167	77.17423	77.17394	77.08879	77.05579	76.64084
5/27/2025	2:48:16 PM	77.22297	77.12834	77.26299	77.30686	77.15222	77.18922	77.08020	77.15673	77.10187	77.17422	77.17360	77.08897	77.05598	76.64022
5/27/2025	2:48:19 PM	77.22279	77.12831	77.26312	77.30701	77.15228	77.18843	77.07989	77.15669	77.10169	77.17379	77.17380	77.08864	77.05588	76.64056
5/27/2025	2:48:23 PM	77.22219	77.12812	77.26329	77.30666	77.15203	77.18818	77.07961	77.15686	77.10188	77.17391	77.17364	77.08907	77.05605	76.64045
5/27/2025	2:48:26 PM	77.22221	77.12817	77.26314	77.30665	77.15222	77.18883	77.07980	77.15646	77.10174	77.17395	77.17362	77.08844	77.05579	76.64046
5/27/2025	2:48:30 PM	77.22241	77.12793	77.26294	77.30643	77.15178	77.18847	77.07966	77.15626	77.10146	77.17358	77.17369	77.08856	77.05546	76.64029
5/27/2025	2:48:33 PM	77.22219	77.12773	77.26276	77.30633	77.15206	77.18847	77.07936	77.15587	77.10118	77.17374	77.17360	77.08808	77.05584	76.64043
5/27/2025	2:48:37 PM	77.22212	77.12778	77.26259	77.30647	77.15207	77.18830	77.07941	77.15604	77.10146	77.17404	77.17352	77.08804	77.05566	76.63995
5/27/2025	2:48:41 PM	77.22200	77.12768	77.26284	77.30640	77.15229	77.18853	77.07950	77.15626	77.10146	77.17370	77.17311	77.08839	77.05594	76.64009
5/27/2025	2:48:44 PM	77.22206	77.12767	77.26272	77.30673	77.15203	77.18855	77.07964	77.15612	77.10123	77.17382	77.17364	77.08849	77.05575	76.64071
5/27/2025	2:48:48 PM	77.22251	77.12830	77.26323	77.30636	77.15194	77.18846	77.07956	77.15628	77.10130	77.17341	77.17269	77.08837	77.05558	76.64017
5/27/2025	2:48:51 PM	77.22229	77.12799	77.26260	77.30636	77.15201	77.18852	77.07985	77.15686	77.10170	77.17443	77.17393	77.08910	77.05619	76.64060
5/27/2025	2:48:55 PM	77.22277	77.12829	77.26347	77.30674	77.15259	77.18885	77.07971	77.15601	77.10077	77.17343	77.17341	77.08880	77.05605	76.64053
5/27/2025	2:48:59 PM	77.22255	77.12783	77.26271	77.30676	77.15201	77.18859	77.07979	77.15645	77.10173	77.17427	77.17394	77.08868	77.05620	76.64064
5/27/2025	2:49:02 PM	77.22296	77.12856	77.26361	77.30658	77.15244	77.18867	77.07998	77.15670	77.10149	77.17358	77.17366	77.08926	77.05642	76.64064
5/27/2025	2:49:06 PM	77.22247	77.12813	77.26300	77.30670	77.15216	77.18833	77.07958	77.15631	77.10126	77.17375	77.17344	77.08835	77.05587	76.64059
5/27/2025	2:49:09 PM	77.22239	77.12778	77.26302	77.30688	77.15222	77.18851	77.07979	77.15662	77.10170	77.17433	77.17372	77.08905	77.05618	76.64081
5/27/2025	2:49:13 PM	77.22284	77.12798	77.26291	77.30694	77.15187	77.18808	77.07952	77.15631	77.10118	77.17353	77.17304	77.08848	77.05575	76.64031
5/27/2025	2:49:17 PM	77.22235	77.12836	77.26299	77.30661	77.15201	77.18833	77.07930	77.15615	77.10107	77.17350	77.17344	77.08864	77.05576	76.64029
5/27/2025	2:49:20 PM	77.22213	77.12812	77.26260	77.30644	77.15165	77.18766	77.07890	77.15604	77.10091	77.17339	77.17301	77.08831	77.05541	76.63999
5/27/2025	2:49:24 PM	77.22207	77.12797	77.26239	77.30630	77.15175	77.18771	77.07922	77.15584	77.10086	77.17312	77.17326	77.08828	77.05540	76.64024
5/27/2025	2:49:27 PM	77.22208	77.12777	77.26285	77.30630	77.15198	77.18776	77.07867	77.15573	77.10055	77.17307	77.17285	77.08798	77.05519	76.63999
5/27/2025	2:49:31 PM	77.22203	77.12778	77.26251	77.30615	77.15145	77.18799	77.07892	77.15551	77.10095	77.17326	77.17285	77.08814	77.05551	76.64010
5/27/2025	2:49:35 PM	77.22232	77.12774	77.26201	77.30560	77.15130	77.18765	77.07903	77.15507	77.10054	77.17256	77.17269	77.08819	77.05540	76.64021
5/27/2025	2:49:38 PM	77.22187	77.12768	77.26225	77.30622	77.15105	77.18782	77.07894	77.15560	77.10071	77.17328	77.17290	77.08844	77.05543	76.64042
5/27/2025	2:49:42 PM	77.22223	77.12780	77.26242	77.30605	77.15099	77.18761	77.07887	77.15573	77.10172	77.17332	77.17331	77.08821	77.05576	76.64007
5/27/2025	2:49:45 PM	77.22219	77.12753	77.26258	77.30612	77.15162	77.18803	77.07911	77.15578	77.10096	77.17330	77.17303	77.08831	77.05549	76.63982
5/27/2025	2:49:49 PM	77.22190	77.12735	77.26266	77.30625	77.15146	77.18764	77.07881	77.15587	77.10052	77.17317	77.17305	77.08853	77.05588	76.64020
5/27/2025	2:49:53 PM	77.22202	77.12784	77.26267	77.30643	77.15161	77.18798	77.07909	77.15601	77.10109	77.17304	77.17315	77.08816	77.05586	76.64085
5/27/2025	2:49:56 PM	77.22251	77.12815	77.26274	77.30663	77.15127	77.18747	77.07910	77.15595	77.10093	77.17329	77.17305	77.08828	77.05602	76.64039
5/27/2025	2:50:00 PM	77.22255	77.12822	77.26302	77.30636	77.15127	77.18822	77.07925	77.15557	77.10091	77.17314	77.17300	77.08859	77.05608	76.64047
5/27/2025	2:50:03 PM	77.22202	77.12839	77.26263	77.30652	77.15149	77.18800	77.07915	77.15593	77.10122	77.17307	77.17340	77.08835	77.05600	76.64045
5/27/2025	2:50:07 PM	77.22274	77.12798	77.26270	77.30641	77.15144	77.18776	77.07906	77.15557	77.10099	77.17335	77.17298	77.08814	77.05589	76.64031
5/27/2025	2:50:11 PM	77.22215	77.12780	77.26238	77.30621	77.15138	77.18772	77.07903	77.15576	77.10119	77.17334	77.17323	77.08848	77.05623	76.64051
5/27/2025	2:50:14 PM	77.22238	77.12801	77.26333	77.30639	77.15184	77.18825	77.07984	77.15617	77.10119	77.17358	77.17378	77.08893	77.05620	76.64099
5/27/2025	2:50:18 PM	77.22293	77.12836	77.26289	77.30648	77.15180	77.18809	77.07942	77.15597	77.10115	77.17351	77.17311	77.08847	77.05635	76.64104
5/27/2025	2:50:21 PM	77.22259	77.12840	77.26286	77.30656	77.15184	77.18801	77.07891	77.15582	77.10120	77.17319	77.17304	77.08838	77.05586	76.64051
5/27/2025	2:50:25 PM	77.22263	77.12818	77.26267	77.30638	77.15192	77.18810	77.07954	77.15526	77.10076	77.17348	77.17340	77.08833	77.05582	76.64038
5/27/2025	2:50:29 PM	77.22210	77.12827	77.26287	77.30652	77.15106	77.18784	77.07903	77.15573	77.10050	77.17360	77.17324	77.08825	77.05565	76.64077
5/27/2025	2:50:32 PM	77.22282	77.12840	77.26271	77.30638	77.15159	77.18781	77.07907	77.15584	77.10045	77.17342	77.17291	77.08851	77.05614	76.64086
5/27/2025	2:50:36 PM	77.22271	77.12827	77.26264	77.30672	77.15149	77.18803	77.07914	77.15575	77.10054	77.17341	77.17331	77.08865	77.05640	76.64087
5/27/2025	2:50:39 PM	77.22257	77.12854	77.26295	77.30642	77.15148	77.18814	77.07917	77.15575	77.10091	77.17344	77.17318	77.08871	77.05630	76.64053
5/27/2025	2:50:43 PM	77.22227	77.12800	77.26271	77.30622	77.15117	77.18752	77.07882	77.15564	77.10052	77.17299	77.17290	77.08857	77.05595	76.64095
5/27/2025	2:50:46 PM	77.22306	77.12799	77.26294	77.30656	77.15179	77.18832	77.07947	77.15566	77.10096	77.17331	77.17253	77.08817	77.05543	76.64046
5/27/2025	2:50:50 PM	77.22238	77.12782	77.26278	77.30646	77.15130	77.18764	77.07893	77.15559	77.10066	77.17307	77.17278	77.08788	77.05547	76.64007
5/27/2025	2:50:54 PM	77.22225	77.12800	77.26264	77.30582	77.15123	77.18750	77.07876	77.15542	77.10053	77.17308	77.17279	77.08816	77.05593	76.64054
5/27/2025	2:50:57 PM	77.22293	77.12818	77.26261	77.30622	77.15134	77.18833	77.07881	77.15566	77.10073	77.17312	77.17298	77.08858	77.05598	76.64051
5/27/2025	2:51:01 PM	77.22220	77.12785	77.26276	77.30598	77.15130	77.18817	77.07930	77.15573	77.10119	77.17351	77.17298	77.08839	77.05614	76.64036
5/27/2025	2:51:04 PM	77.22249	77.12825	77.26293	77.30636	77.15148	77.18801	77.07907	77.15570	77.10102	77.17300	77.17294	77.08876	77.05631	76.64061
5/27/2025	2:51:08 PM	77.22293	77.12826	77.26284	77.30624	77.15159	77.18815	77.07887	77.15567	77.10079	77.17336	77.17270	77.08843	77.05613	76.64055
5/27/2025	2:51:12 PM	77.22250	77.12852	77.26276	77.30649	77.15170	77.18814	77.07893	77.15560	77.10061	77.17272	77.17276	77.08778	77.05553	76.64015
5/27/2025	2:51:15 PM	77.22182	77.12745	77.26205	77.30540	77.15068	77.18744	77.07823	77.15494	77.10026	77.17244	77.17211	77.08745	77.05497	76.63949
5/27/2025	2:51:19 PM	77.22183	77.12748	77.26218	77.30566	77.15036	77.18743	77.07820	77.15476	77.09988	77.17251	77.17246	77.08811	77.05585	76.63991
5/27/2025	2:51:22 PM	77.22224	77.12772	77.26203	77.30567	77.15093	77.18756	77.07848	77.15500	77.10006	77.17211	77.17229	77.08802	77.05521	76.63996
5/27/2025	2:51:26 PM	77.22236	77.12775	77.26220	77.30551	77.15103	77.18715	77.07832	77.15495	77.10016	77.17241	77.17228	77.08748	77.05529	76.64022
5/27/2025	2:51:30 PM	77.22224	77.12772	77.26269	77.30579	77.15083	77.18753	77.07866	77.15543	77.10063	77.17296	77.17269	77.08792	77.05618	76.64020
5/27/2025	2:51:33 PM	77.22233	77.12791	77.26269	77.30541	77.15111	77.18766	77.07876	77.15559	77.10059	77.17291	77.17267	77.08829	77.05580	76.64029
5/27/2025	2:51:37 PM	77.22251	77.12811	77.26251	77.30586	77.15085	77.18754	77.07892	77.15530	77.10010	77.17283	77.17298	77.08769	77.05568	76.63998
5/27/2025	2:51:40 PM	77.22214	77.12813	77.26246	77.30599	77.15126	77.18807	77.07875	77.15529	77.10055	77.17309	77.17303	77.08829	77.05589	76.64046
5/27/2025	2:51:44 PM	77.22262	77.12815	77.26256	77.30599	77.15117	77.18805	77.07867	77.15551	77.10069	77.17296	77.17265	77.08852	77.05596	76.64051
5/27/2025	2:51:48 PM	77.22232	77.12821	77.26256	77.30622	77.15111	77.18819	77.07911	77.15572	77.10081	77.17343	77.17286	77.08833	77.05622	76.64048
5/27/2025	2:51:51 PM	77.22245	77.12812	77.26289	77.30641	77.15145	77.18808	77.07879	77.15579	77.10085	77.17310	77.17275	77.08850	77.05639	76.64053
5/27/2025	2:51:55 PM	77.22304	77.12836	77.26291	77.30606	77.15146	77.18783	77.07857	77.15558	77.10044	77.17277	77.17289	77.08862	77.05628	76.64064
5/27/2025	2:51:58 PM	77.22286	77.12846	77.26295	77.30614	77.15133	77.18816	77.07853	77.15576	77.10084	77.17275	77.17296	77.08871	77.05636	76.64067
5/27/2025	2:52:02 PM	77.22290	77.12820	77.26315	77.30646	77.15124	77.18817	77.07893	77.15564	77.10068	77.17289	77.17279	77.08848	77.05620	76.64030
5/27/2025	2:52:06 PM	77.22259	77.12794	77.26286	77.30608	77.15148	77.18830	77.07918	77.15554	77.10035	77.17346	77.17300	77.08819	77.05625	76.64079
5/27/2025	2:52:09 PM	77.22298	77.12840	77.26322	77.30616	77.15142	77.18807	77.07855	77.15580	77.10094	77.17357	77.17315	77.08868	77.05605	76.64083
5/27/2025	2:52:13 PM	77.22281	77.12872	77.26290	77.30624	77.15136	77.18832	77.07885	77.15570	77.10073	77.17310	77.17315	77.08877	77.05603	76.64090
5/27/2025	2:52:16 PM	77.22304	77.12856	77.26332	77.30657	77.15146	77.18828	77.07887	77.15555	77.10094	77.17329	77.17293	77.08877	77.05582	76.64036
5/27/2025	2:52:20 PM	77.22257	77.12836	77.26297	77.30637	77.15131	77.18778	77.07874	77.15559	77.10076	77.17328	77.17302	77.08875	77.05610	76.64053
5/27/2025	2:52:23 PM	77.22286	77.12840	77.26270	77.30594	77.15115	77.18759	77.07873	77.15566	77.10083	77.17303	77.17328	77.08876	77.05639	76.64054
5/27/2025	2:52:27 PM	77.22280	77.12879	77.26298	77.30627	77.15178	77.18852	77.07891	77.15573	77.10055	77.17310	77.17305	77.08869	77.05650	76.64067
5/27/2025	2:52:31 PM	77.22326	77.12899	77.26336	77.30633	77.15133	77.18815	77.07822	77.15579	77.10070	77.17329	77.17322	77.08854	77.05596	76.64117
5/27/2025	2:52:34 PM	77.22343	77.12858	77.26277	77.30605	77.15155	77.18806	77.07888	77.15592	77.10063	77.17354	77.17313	77.08868	77.05616	76.64031
5/27/2025	2:52:38 PM	77.22320	77.12877	77.26302	77.30651	77.15123	77.18751	77.07860	77.15542	77.10057	77.17299	77.17302	77.08835	77.05598	76.64002
5/27/2025	2:52:41 PM	77.22266	77.12820	77.26282	77.30583	77.15106	77.18749	77.07842	77.15534	77.10019	77.17285	77.17294	77.08837	77.05554	76.64037
5/27/2025	2:52:45 PM	77.22273	77.12792	77.26277	77.30618	77.15107	77.18760	77.07830	77.15577	77.10030	77.17265	77.17265	77.08799	77.05600	76.64061
5/27/2025	2:52:48 PM	77.22289	77.12870	77.26270	77.30610	77.15131	77.18782	77.07879	77.15549	77.10042	77.17321	77.17268	77.08844	77.05603	76.64047
5/27/2025	2:52:52 PM	77.22276	77.12882	77.26264	77.30602	77.15060	77.18762	77.07802	77.15511	77.10009	77.17257	77.17282	77.08803	77.05594	76.64027
5/27/2025	2:52:56 PM	77.22262	77.12811	77.26273	77.30581	77.15078	77.18779	77.07816	77.15508	77.10002	77.17255	77.17254	77.08736	77.05500	76.63970
5/27/2025	2:52:59 PM	77.22171	77.12756	77.26202	77.30504	77.15018	77.18681	77.07717	77.15457	77.09955	77.17224	77.17194	77.08734	77.05526	76.63977
5/27/2025	2:53:03 PM	77.22221	77.12772	77.26225	77.30534	77.15077	77.18714	77.07779	77.15455	77.09979	77.17248	77.17206	77.08780	77.05525	76.63953
5/27/2025	2:53:06 PM	77.22250	77.12782	77.26218	77.30531	77.15054	77.18704	77.07790	77.15453	77.09956	77.17215	77.17186	77.08740	77.05507	76.63977
5/27/2025	2:53:10 PM	77.22220	77.12794	77.26206	77.30540	77.15078	77.18704	77.07767	77.15456	77.09978	77.17243	77.17222	77.08740	77.05560	76.63982
5/27/2025	2:53:14 PM	77.22245	77.12790	77.26243	77.30582	77.15049	77.18718	77.07811	77.15520	77.09993	77.17268	77.17251	77.08844	77.05592	76.64013
5/27/2025	2:53:17 PM	77.22264	77.12821	77.26293	77.30594	77.15117	77.18779	77.07852	77.15530	77.10003	77.17224	77.17243	77.08808	77.05569	76.64005
5/27/2025	2:53:21 PM	77.22249	77.12783	77.26209	77.30541	77.15066	77.18708	77.07796	77.15482	77.09977	77.17258	77.17232	77.08779	77.05493	76.63981
5/27/2025	2:53:24 PM	77.22248	77.12789	77.26258	77.30574	77.15089	77.18740	77.07777	77.15480	77.09973	77.17278	77.17241	77.08800	77.05533	76.63965
5/27/2025	2:53:28 PM	77.22254	77.12750	77.26220	77.30553	77.15060	77.18701	77.07783	77.15451	77.09975	77.17232	77.17164	77.08736	77.05527	76.63921
5/27/2025	2:53:32 PM	77.22234	77.12795	77.26233	77.30571	77.15085	77.18766	77.07817	77.15516	77.10003	77.17246	77.17260	77.08772	77.05608	76.63994
5/27/2025	2:53:35 PM	77.22258	77.12784	77.26254	77.30547	77.15066	77.18728	77.07855	77.15510	77.10017	77.17280	77.17266	77.08824	77.05603	76.64034
5/27/2025	2:53:39 PM	77.22355	77.12860	77.26346	77.30613	77.15146	77.18786	77.07872	77.15556	77.10074	77.17339	77.17284	77.08858	77.05621	76.63989
5/27/2025	2:53:42 PM	77.22304	77.12892	77.26336	77.30643	77.15149	77.18803	77.07925	77.15577	77.10071	77.17302	77.17270	77.08865	77.05600	76.64067
5/27/2025	2:53:46 PM	77.22283	77.12862	77.26255	77.30611	77.15124	77.18740	77.07820	77.15535	77.10019	77.17307	77.17301	77.08824	77.05596	76.64063
5/27/2025	2:53:50 PM	77.22324	77.12865	77.26271	77.30548	77.15092	77.18723	77.07845	77.15511	77.10049	77.17281	77.17260	77.08838	77.05608	76.64026
5/27/2025	2:53:53 PM	77.22315	77.12855	77.26274	77.30604	77.15107	77.18784	77.07847	77.15530	77.10016	77.17320	77.17279	77.08832	77.05591	76.64007
5/27/2025	2:53:57 PM	77.22240	77.12848	77.26260	77.30560	77.15073	77.18770	77.07842	77.15502	77.10017	77.17299	77.17247	77.08818	77.05569	76.64002
5/27/2025	2:54:00 PM	77.22272	77.12816	77.26280	77.30590	77.15143	77.18754	77.07809	77.15496	77.09963	77.17255	77.17229	77.08786	77.05549	76.63987
5/27/2025	2:54:04 PM	77.22257	77.12833	77.26267	77.30560	77.15109	77.18758	77.07806	77.15515	77.10008	77.17272	77.17217	77.08805	77.05546	76.63971
5/27/2025	2:54:08 PM	77.22238	77.12777	77.26238	77.30585	77.15084	77.18729	77.07799	77.15482	77.10001	77.17260	77.17236	77.08794	77.05527	76.63950
5/27/2025	2:54:11 PM	77.22247	77.12829	77.26214	77.30555	77.15088	77.18692	77.07791	77.15475	77.09966	77.17251	77.17221	77.08784	77.05547	76.63935
5/27/2025	2:54:15 PM	77.22216	77.12758	77.26255	77.30551	77.15051	77.18720	77.07804	77.15515	77.09969	77.17233	77.17214	77.08773	77.05571	76.63976
5/27/2025	2:54:18 PM	77.22236	77.12808	77.26170	77.30477	77.15017	77.18679	77.07774	77.15486	77.09954	77.17245	77.17205	77.08785	77.05504	76.63984
5/27/2025	2:54:22 PM	77.22237	77.12821	77.26217	77.30511	77.15049	77.18672	77.07730	77.15435	77.09965	77.17223	77.17200	77.08767	77.05500	76.63931
5/27/2025	2:54:25 PM	77.22266	77.12782	77.26179	77.30498	77.15029	77.18655	77.07750	77.15450	77.09954	77.17190	77.17140	77.08730	77.05491	76.63920
5/27/2025	2:54:29 PM	77.22200	77.12759	77.26181	77.30487	77.15019	77.18662	77.07728	77.15433	77.09926	77.17197	77.17155	77.08708	77.05478	76.63896
5/27/2025	2:54:33 PM	77.22178	77.12735	77.26194	77.30542	77.14983	77.18693	77.07741	77.15514	77.09972	77.17212	77.17158	77.08729	77.05465	76.63915
5/27/2025	2:54:36 PM	77.22168	77.12757	77.26197	77.30503	77.15021	77.18663	77.07738	77.15450	77.09923	77.17198	77.17132	77.08754	77.05488	76.63921
5/27/2025	2:54:40 PM	77.22233	77.12737	77.26189	77.30494	77.15030	77.18663	77.07740	77.15434	77.09979	77.17235	77.17204	77.08769	77.05517	76.63921
5/27/2025	2:54:43 PM	77.22198	77.12731	77.26180	77.30493	77.14969	77.18640	77.07733	77.15466	77.09954	77.17207	77.17190	77.08764	77.05512	76.63941
5/27/2025	2:54:47 PM	77.22189	77.12763	77.26190	77.30519	77.15026	77.18640	77.07707	77.15451	77.09976	77.17186	77.17160	77.08731	77.05484	76.63916
5/27/2025	2:54:51 PM	77.22177	77.12781	77.26188	77.30491	77.14995	77.18637	77.07763	77.15467	77.09951	77.17176	77.17178	77.08722	77.05495	76.63952
5/27/2025	2:54:54 PM	77.22202	77.12793	77.26202	77.30486	77.15021	77.18635	77.07739	77.15463	77.09963	77.17229	77.17206	77.08711	77.05454	76.63901
5/27/2025	2:54:58 PM	77.22243	77.12776	77.26235	77.30512	77.14993	77.18655	77.07732	77.15454	77.09959	77.17208	77.17184	77.08744	77.05498	76.63930
5/27/2025	2:55:01 PM	77.22211	77.12754	77.26177	77.30494	77.15010	77.18628	77.07774	77.15455	77.09970	77.17210	77.17157	77.08743	77.05510	76.63927
5/27/2025	2:55:05 PM	77.22246	77.12776	77.26249	77.30509	77.15065	77.18680	77.07779	77.15489	77.09978	77.17224	77.17184	77.08734	77.05507	76.63931
5/27/2025	2:55:09 PM	77.22236	77.12780	77.26203	77.30472	77.15007	77.18657	77.07787	77.15473	77.10014	77.17224	77.17183	77.08731	77.05471	76.63898
5/27/2025	2:55:12 PM	77.22238	77.12736	77.26183	77.30481	77.15002	77.18651	77.07747	77.15434	77.09957	77.17171	77.17190	77.08721	77.05501	76.63946
5/27/2025	2:55:16 PM	77.22202	77.12776	77.26151	77.30495	77.15007	77.18653	77.07743	77.15440	77.09971	77.17187	77.17165	77.08740	77.05489	76.63898
5/27/2025	2:55:19 PM	77.22219	77.12803	77.26242	77.30519	77.15059	77.18653	77.07776	77.15472	77.10006	77.17211	77.17173	77.08709	77.05481	76.63923
5/27/2025	2:55:23 PM	77.22235	77.12813	77.26213	77.30520	77.15062	77.18708	77.07752	77.15441	77.09972	77.17228	77.17183	77.08740	77.05460	76.63932
5/27/2025	2:55:27 PM	77.22255	77.12769	77.26201	77.30506	77.15031	77.18637	77.07699	77.15383	77.09903	77.17151	77.17169	77.08776	77.05495	76.63927
5/27/2025	2:55:30 PM	77.22246	77.12798	77.26205	77.30536	77.15025	77.18646	77.07770	77.15447	77.09970	77.17218	77.17177	77.08779	77.05491	76.63889
5/27/2025	2:55:34 PM	77.22210	77.12799	77.26183	77.30494	77.14989	77.18625	77.07744	77.15446	77.09894	77.17187	77.17156	77.08719	77.05456	76.63905
5/27/2025	2:55:37 PM	77.22214	77.12753	77.26187	77.30498	77.15010	77.18598	77.07742	77.15412	77.09893	77.17165	77.17137	77.08676	77.05422	76.63844
5/27/2025	2:55:41 PM	77.22133	77.12726	77.26145	77.30449	77.14946	77.18594	77.07728	77.15396	77.09928	77.17163	77.17146	77.08712	77.05443	76.63858
5/27/2025	2:55:45 PM	77.22187	77.12737	77.26153	77.30483	77.14962	77.18613	77.07735	77.15404	77.09975	77.17215	77.17186	77.08756	77.05483	76.63944
5/27/2025	2:55:48 PM	77.22238	77.12752	77.26172	77.30515	77.15022	77.18678	77.07742	77.15435	77.09966	77.17208	77.17148	77.08730	77.05475	76.63942
5/27/2025	2:55:52 PM	77.22214	77.12799	77.26245	77.30511	77.15021	77.18654	77.07750	77.15411	77.09924	77.17178	77.17166	77.08715	77.05477	76.63937
5/27/2025	2:55:55 PM	77.22161	77.12714	77.26156	77.30466	77.14979	77.18611	77.07722	77.15438	77.09941	77.17179	77.17170	77.08721	77.05440	76.63908
5/27/2025	2:55:59 PM	77.22209	77.12749	77.26179	77.30480	77.15022	77.18666	77.07751	77.15457	77.09955	77.17234	77.17207	77.08756	77.05521	76.63968
5/27/2025	2:56:03 PM	77.22213	77.12792	77.26207	77.30523	77.15045	77.18668	77.07770	77.15454	77.09955	77.17213	77.17170	77.08744	77.05510	76.63915
5/27/2025	2:56:06 PM	77.22241	77.12802	77.26236	77.30503	77.15043	77.18689	77.07775	77.15478	77.10007	77.17280	77.17217	77.08836	77.05550	76.63986
5/27/2025	2:56:10 PM	77.22229	77.12788	77.26210	77.30537	77.15028	77.18694	77.07751	77.15421	77.09968	77.17271	77.17234	77.08767	77.05507	76.63879
5/27/2025	2:56:13 PM	77.22258	77.12780	77.26209	77.30503	77.14998	77.18653	77.07750	77.15423	77.09938	77.17183	77.17192	77.08723	77.05502	76.63935
5/27/2025	2:56:17 PM	77.22214	77.12777	77.26211	77.30494	77.15057	77.18701	77.07808	77.15406	77.09956	77.17221	77.17205	77.08739	77.05517	76.63947
5/27/2025	2:56:21 PM	77.22226	77.12790	77.26198	77.30485	77.15058	77.18639	77.07778	77.15440	77.09974	77.17203	77.17172	77.08714	77.05487	76.63923
5/27/2025	2:56:24 PM	77.22231	77.12742	77.26163	77.30452	77.14990	77.18643	77.07752	77.15468	77.09976	77.17205	77.17143	77.08739	77.05429	76.63945
5/27/2025	2:56:28 PM	77.22223	77.12768	77.26230	77.30531	77.15003	77.18649	77.07743	77.15447	77.09946	77.17190	77.17146	77.08677	77.05410	76.63879
5/27/2025	2:56:31 PM	77.22211	77.12776	77.26210	77.30480	77.15020	77.18630	77.07709	77.15401	77.09905	77.17208	77.17116	77.08701	77.05404	76.63879
5/27/2025	2:56:35 PM	77.22169	77.12766	77.26167	77.30435	77.14981	77.18594	77.07718	77.15388	77.09903	77.17158	77.17101	77.08693	77.05417	76.63870
5/27/2025	2:56:39 PM	77.22152	77.12740	77.26191	77.30503	77.15002	77.18652	77.07727	77.15420	77.09949	77.17205	77.17151	77.08743	77.05429	76.63847
5/27/2025	2:56:42 PM	77.22169	77.12740	77.26172	77.30468	77.14955	77.18633	77.07734	77.15435	77.09949	77.17235	77.17174	77.08703	77.05427	76.63858
5/27/2025	2:56:46 PM	77.22175	77.12766	77.26151	77.30457	77.14987	77.18617	77.07747	77.15425	77.09909	77.17174	77.17093	77.08691	77.05419	76.63858
5/27/2025	2:56:49 PM	77.22196	77.12756	77.26180	77.30498	77.14983	77.18639	77.07725	77.15401	77.09898	77.17177	77.17124	77.08669	77.05432	76.63878
5/27/2025	2:56:53 PM	77.22179	77.12752	77.26182	77.30477	77.15036	77.18662	77.07782	77.15442	77.09928	77.17194	77.17143	77.08707	77.05455	76.63884
5/27/2025	2:56:57 PM	77.22245	77.12811	77.26182	77.30461	77.14968	77.18594	77.07711	77.15390	77.09927	77.17176	77.17128	77.08712	77.05421	76.63843
5/27/2025	2:57:00 PM	77.22205	77.12774	77.26187	77.30481	77.14963	77.18624	77.07699	77.15390	77.09873	77.17188	77.17116	77.08709	77.05412	76.63851
5/27/2025	2:57:04 PM	77.22166	77.12741	77.26172	77.30466	77.14978	77.18575	77.07688	77.15381	77.09933	77.17176	77.17138	77.08707	77.05434	76.63858
5/27/2025	2:57:07 PM	77.22189	77.12722	77.26151	77.30462	77.14946	77.18593	77.07728	77.15381	77.09928	77.17160	77.17165	77.08710	77.05413	76.63908
5/27/2025	2:57:11 PM	77.22178	77.12735	77.26155	77.30448	77.14965	77.18601	77.07726	77.15376	77.09923	77.17175	77.17153	77.08677	77.05453	76.63889
5/27/2025	2:57:14 PM	77.22194	77.12748	77.26159	77.30442	77.14952	77.18591	77.07703	77.15360	77.09927	77.17181	77.17125	77.08725	77.05494	76.63899
5/27/2025	2:57:18 PM	77.22208	77.12749	77.26152	77.30443	77.14955	77.18598	77.07716	77.15389	77.09870	77.17164	77.17130	77.08664	77.05385	76.63854
5/27/2025	2:57:21 PM	77.22181	77.12715	77.26151	77.30434	77.14955	77.18557	77.07652	77.15369	77.09885	77.17118	77.17083	77.08665	77.05409	76.63839
5/27/2025	2:57:25 PM	77.22131	77.12706	77.26102	77.30417	77.14950	77.18551	77.07714	77.15341	77.09879	77.17143	77.17093	77.08672	77.05366	76.63823
5/27/2025	2:57:29 PM	77.22109	77.12662	77.26092	77.30385	77.14915	77.18570	77.07621	77.15296	77.09850	77.17111	77.17059	77.08619	77.05362	76.63761
5/27/2025	2:57:32 PM	77.22106	77.12693	77.26079	77.30389	77.14891	77.18572	77.07672	77.15330	77.09851	77.17144	77.17079	77.08628	77.05336	76.63855
5/27/2025	2:57:36 PM	77.22130	77.12678	77.26110	77.30389	77.14914	77.18583	77.07711	77.15355	77.09903	77.17115	77.17058	77.08588	77.05358	76.63807
5/27/2025	2:57:39 PM	77.22121	77.12679	77.26090	77.30348	77.14882	77.18560	77.07666	77.15309	77.09870	77.17076	77.17062	77.08691	77.05379	76.63789
5/27/2025	2:57:43 PM	77.22136	77.12702	77.26108	77.30385	77.14911	77.18555	77.07677	77.15328	77.09841	77.17135	77.17060	77.08638	77.05354	76.63815
5/27/2025	2:57:46 PM	77.22114	77.12671	77.26099	77.30359	77.14911	77.18517	77.07632	77.15347	77.09856	77.17121	77.17064	77.08597	77.05377	76.63791
5/27/2025	2:57:50 PM	77.22110	77.12668	77.26049	77.30398	77.14901	77.18531	77.07635	77.15308	77.09831	77.17121	77.17080	77.08616	77.05316	76.63793
5/27/2025	2:57:54 PM	77.22110	77.12724	77.26073	77.30384	77.14867	77.18572	77.07689	77.15327	77.09892	77.17132	77.17092	77.08598	77.05358	76.63789
5/27/2025	2:57:57 PM	77.22117	77.12710	77.26077	77.30381	77.14909	77.18574	77.07661	77.15323	77.09878	77.17117	77.17070	77.08624	77.05374	76.63821
5/27/2025	2:58:01 PM	77.22139	77.12722	77.26111	77.30427	77.14890	77.18564	77.07667	77.15336	77.09881	77.17125	77.17136	77.08655	77.05372	76.63813
5/27/2025	2:58:04 PM	77.22132	77.12707	77.26117	77.30384	77.14933	77.18587	77.07680	77.15374	77.09897	77.17169	77.17128	77.08632	77.05370	76.63799
5/27/2025	2:58:08 PM	77.22122	77.12683	77.26108	77.30398	77.14924	77.18568	77.07716	77.15367	77.09890	77.17150	77.17096	77.08621	77.05388	76.63825
5/27/2025	2:58:11 PM	77.22131	77.12676	77.26079	77.30398	77.14851	77.18530	77.07646	77.15333	77.09881	77.17129	77.17097	77.08652	77.05382	76.63842
5/27/2025	2:58:15 PM	77.22144	77.12733	77.26097	77.30399	77.14937	77.18591	77.07664	77.15332	77.09853	77.17175	77.17081	77.08683	77.05392	76.63820
5/27/2025	2:58:18 PM	77.22146	77.12681	77.26106	77.30372	77.14931	77.18575	77.07693	77.15341	77.09854	77.17166	77.17066	77.08610	77.05342	76.63787
5/27/2025	2:58:22 PM	77.22080	77.12666	77.26076	77.30360	77.14893	77.18515	77.07653	77.15319	77.09866	77.17132	77.17110	77.08653	77.05431	76.63802
5/27/2025	2:58:26 PM	77.22127	77.12702	77.26124	77.30376	77.14944	77.18582	77.07704	77.15352	77.09895	77.17138	77.17108	77.08691	77.05397	76.63871
5/27/2025	2:58:29 PM	77.22193	77.12767	77.26195	77.30438	77.14980	77.18596	77.07744	77.15422	77.09978	77.17170	77.17161	77.08694	77.05417	76.63852
5/27/2025	2:58:33 PM	77.22196	77.12793	77.26168	77.30443	77.15040	77.18629	77.07755	77.15385	77.09929	77.17223	77.17137	77.08704	77.05405	76.63859
5/27/2025	2:58:36 PM	77.22174	77.12758	77.26173	77.30468	77.14984	77.18621	77.07747	77.15387	77.09912	77.17154	77.17160	77.08694	77.05422	76.63902
5/27/2025	2:58:40 PM	77.22217	77.12744	77.26156	77.30417	77.14958	77.18566	77.07707	77.15350	77.09901	77.17187	77.17126	77.08673	77.05396	76.63854
5/27/2025	2:58:44 PM	77.22178	77.12736	77.26114	77.30396	77.14956	77.18572	77.07692	77.15362	77.09922	77.17160	77.17107	77.08670	77.05423	76.63870
5/27/2025	2:58:47 PM	77.22200	77.12759	77.26165	77.30441	77.14955	77.18546	77.07670	77.15324	77.09878	77.17161	77.17097	77.08661	77.05380	76.63838
5/27/2025	2:58:51 PM	77.22150	77.12697	77.26120	77.30413	77.14941	77.18552	77.07681	77.15325	77.09868	77.17138	77.17089	77.08647	77.05350	76.63876
5/27/2025	2:58:54 PM	77.22151	77.12777	77.26170	77.30447	77.14951	77.18606	77.07712	77.15375	77.09928	77.17147	77.17118	77.08662	77.05378	76.63846
5/27/2025	2:58:58 PM	77.22195	77.12741	77.26163	77.30417	77.14975	77.18600	77.07715	77.15351	77.09890	77.17144	77.17122	77.08673	77.05331	76.63815
5/27/2025	2:59:02 PM	77.22185	77.12741	77.26140	77.30407	77.15010	77.18581	77.07729	77.15410	77.09946	77.17171	77.17138	77.08692	77.05374	76.63856
5/27/2025	2:59:05 PM	77.22152	77.12763	77.26121	77.30385	77.14950	77.18553	77.07712	77.15377	77.09932	77.17170	77.17112	77.08659	77.05384	76.63919
5/27/2025	2:59:09 PM	77.22135	77.12739	77.26154	77.30436	77.14944	77.18600	77.07703	77.15368	77.09914	77.17153	77.17110	77.08668	77.05335	76.63812
5/27/2025	2:59:12 PM	77.22150	77.12743	77.26154	77.30398	77.14940	77.18570	77.07699	77.15326	77.09871	77.17108	77.17075	77.08628	77.05347	76.63843
5/27/2025	2:59:16 PM	77.22092	77.12679	77.26080	77.30397	77.14927	77.18564	77.07679	77.15333	77.09871	77.17104	77.17024	77.08588	77.05321	76.63784
5/27/2025	2:59:20 PM	77.22096	77.12685	77.26089	77.30367	77.14902	77.18512	77.07648	77.15307	77.09854	77.17063	77.17053	77.08594	77.05297	76.63775
5/27/2025	2:59:23 PM	77.22083	77.12668	77.26103	77.30359	77.14865	77.18534	77.07612	77.15299	77.09853	77.17072	77.16998	77.08616	77.05297	76.63771
5/27/2025	2:59:27 PM	77.22066	77.12668	77.26105	77.30370	77.14925	77.18548	77.07641	77.15272	77.09848	77.17079	77.17063	77.08638	77.05312	76.63754
5/27/2025	2:59:30 PM	77.22078	77.12680	77.26062	77.30414	77.14934	77.18567	77.07677	77.15339	77.09892	77.17126	77.17115	77.08641	77.05352	76.63829
5/27/2025	2:59:34 PM	77.22111	77.12734	77.26094	77.30394	77.14970	77.18563	77.07669	77.15370	77.09908	77.17133	77.17133	77.08688	77.05343	76.63837
5/27/2025	2:59:37 PM	77.22094	77.12736	77.26101	77.30391	77.14927	77.18576	77.07715	77.15334	77.09892	77.17125	77.17118	77.08624	77.05362	76.63773
5/27/2025	2:59:41 PM	77.22109	77.12666	77.26105	77.30380	77.14942	77.18565	77.07653	77.15323	77.09894	77.17133	77.17090	77.08626	77.05358	76.63809
5/27/2025	2:59:45 PM	77.22140	77.12718	77.26110	77.30368	77.14939	77.18572	77.07687	77.15367	77.09893	77.17110	77.17083	77.08644	77.05360	76.63836
5/27/2025	2:59:48 PM	77.22159	77.12735	77.26110	77.30392	77.14921	77.18563	77.07700	77.15304	77.09862	77.17141	77.17081	77.08626	77.05420	76.63765
5/27/2025	2:59:52 PM	77.22129	77.12676	77.26058	77.30362	77.14891	77.18527	77.07685	77.15327	77.09871	77.17110	77.17091	77.08646	77.05371	76.63809
5/27/2025	2:59:55 PM	77.22114	77.12696	77.26132	77.30409	77.14960	77.18545	77.07675	77.15326	77.09883	77.17138	77.17093	77.08653	77.05399	76.63819
5/27/2025	2:59:59 PM	77.22070	77.12696	77.26084	77.30362	77.14874	77.18515	77.07636	77.15331	77.09893	77.17100	77.17074	77.08596	77.05355	76.63805
5/27/2025	3:00:03 PM	77.22153	77.12694	77.26120	77.30395	77.14938	77.18541	77.07632	77.15320	77.09858	77.17066	77.17113	77.08625	77.05353	76.63803
5/27/2025	3:00:06 PM	77.22137	77.12705	77.26101	77.30366	77.14940	77.18533	77.07642	77.15319	77.09849	77.17110	77.17051	77.08600	77.05325	76.63797
5/27/2025	3:00:10 PM	77.22099	77.12621	77.26078	77.30380	77.14922	77.18527	77.07646	77.15329	77.09868	77.17066	77.17059	77.08589	77.05315	76.63787
5/27/2025	3:00:13 PM	77.22077	77.12643	77.26048	77.30336	77.14881	77.18551	77.07643	77.15337	77.09873	77.17071	77.17070	77.08558	77.05324	76.63781
5/27/2025	3:00:17 PM	77.22035	77.12626	77.26027	77.30350	77.14880	77.18543	77.07682	77.15310	77.09858	77.17106	77.17056	77.08559	77.05317	76.63794
5/27/2025	3:00:20 PM	77.22075	77.12628	77.26045	77.30323	77.14873	77.18490	77.07594	77.15273	77.09830	77.17065	77.17050	77.08584	77.05306	76.63737
5/27/2025	3:00:24 PM	77.22062	77.12641	77.26056	77.30306	77.14830	77.18485	77.07596	77.15240	77.09806	77.17030	77.17012	77.08570	77.05272	76.63754
5/27/2025	3:00:28 PM	77.22051	77.12635	77.26040	77.30316	77.14873	77.18485	77.07607	77.15277	77.09808	77.17079	77.17011	77.08575	77.05336	76.63763
5/27/2025	3:00:31 PM	77.22061	77.12634	77.26064	77.30333	77.14905	77.18498	77.07605	77.15269	77.09807	77.17074	77.17048	77.08600	77.05342	76.63771
5/27/2025	3:00:35 PM	77.22105	77.12668	77.26024	77.30326	77.14883	77.18521	77.07605	77.15308	77.09895	77.17101	77.17063	77.08642	77.05336	76.63764
5/27/2025	3:00:38 PM	77.22083	77.12705	77.26081	77.30373	77.14909	77.18525	77.07679	77.15336	77.09883	77.17124	77.17038	77.08636	77.05351	76.63817
5/27/2025	3:00:42 PM	77.22182	77.12705	77.26126	77.30386	77.14940	77.18553	77.07651	77.15365	77.09852	77.17152	77.17084	77.08599	77.05372	76.63788
5/27/2025	3:00:46 PM	77.22098	77.12685	77.26106	77.30390	77.14950	77.18606	77.07702	77.15343	77.09935	77.17143	77.17151	77.08645	77.05386	76.63826
5/27/2025	3:00:49 PM	77.22146	77.12673	77.26076	77.30399	77.14954	77.18548	77.07627	77.15291	77.09878	77.17085	77.17076	77.08556	77.05350	76.63797
5/27/2025	3:00:53 PM	77.22099	77.12653	77.26066	77.30313	77.14876	77.18531	77.07656	77.15338	77.09866	77.17090	77.17012	77.08628	77.05322	76.63775
5/27/2025	3:00:56 PM	77.22095	77.12686	77.26060	77.30354	77.14921	77.18526	77.07622	77.15266	77.09793	77.17028	77.17043	77.08609	77.05274	76.63778
5/27/2025	3:01:00 PM	77.22083	77.12653	77.26042	77.30340	77.14883	77.18496	77.07596	77.15292	77.09833	77.17096	77.16989	77.08584	77.05315	76.63768
5/27/2025	3:01:04 PM	77.22101	77.12644	77.26056	77.30303	77.14864	77.18447	77.07570	77.15251	77.09818	77.17016	77.17032	77.08563	77.05254	76.63719
5/27/2025	3:01:07 PM	77.22044	77.12640	77.26044	77.30321	77.14878	77.18508	77.07599	77.15299	77.09834	77.17014	77.17007	77.08573	77.05271	76.63745
5/27/2025	3:01:11 PM	77.22055	77.12608	77.26024	77.30297	77.14834	77.18447	77.07555	77.15209	77.09757	77.17032	77.16962	77.08548	77.05278	76.63730
5/27/2025	3:01:14 PM	77.22019	77.12599	77.25992	77.30290	77.14862	77.18468	77.07569	77.15276	77.09831	77.17036	77.16981	77.08527	77.05265	76.63739
5/27/2025	3:01:18 PM	77.22021	77.12593	77.26011	77.30250	77.14822	77.18489	77.07613	77.15253	77.09842	77.17031	77.16959	77.08559	77.05252	76.63716
5/27/2025	3:01:22 PM	77.22037	77.12641	77.25993	77.30268	77.14845	77.18487	77.07563	77.15293	77.09795	77.17010	77.17004	77.08525	77.05275	76.63715
5/27/2025	3:01:25 PM	77.22011	77.12604	77.25982	77.30279	77.14837	77.18462	77.07580	77.15274	77.09819	77.17051	77.16962	77.08530	77.05260	76.63740
5/27/2025	3:01:29 PM	77.22010	77.12632	77.25983	77.30268	77.14866	77.18489	77.07582	77.15245	77.09786	77.17034	77.16976	77.08514	77.05242	76.63727
5/27/2025	3:01:32 PM	77.21998	77.12555	77.25966	77.30234	77.14807	77.18438	77.07559	77.15262	77.09793	77.17024	77.17021	77.08542	77.05329	76.63777
5/27/2025	3:01:36 PM	77.22043	77.12626	77.25984	77.30252	77.14863	77.18479	77.07561	77.15271	77.09799	77.17039	77.16962	77.08572	77.05270	76.63738
5/27/2025	3:01:40 PM	77.22033	77.12617	77.26046	77.30354	77.14834	77.18484	77.07592	77.15268	77.09815	77.16998	77.17025	77.08530	77.05261	76.63685
5/27/2025	3:01:43 PM	77.22018	77.12647	77.25990	77.30289	77.14841	77.18496	77.07553	77.15235	77.09768	77.17006	77.16966	77.08498	77.05198	76.63688
5/27/2025	3:01:47 PM	77.22019	77.12564	77.25991	77.30305	77.14836	77.18480	77.07542	77.15254	77.09761	77.16986	77.16974	77.08533	77.05303	76.63728
5/27/2025	3:01:50 PM	77.22049	77.12658	77.25991	77.30302	77.14808	77.18464	77.07543	77.15242	77.09802	77.17063	77.17010	77.08552	77.05241	76.63719
5/27/2025	3:01:54 PM	77.22033	77.12619	77.25987	77.30300	77.14886	77.18504	77.07608	77.15262	77.09839	77.17056	77.16971	77.08577	77.05252	76.63761
5/27/2025	3:01:58 PM	77.22060	77.12639	77.26003	77.30323	77.14889	77.18529	77.07595	77.15247	77.09829	77.17025	77.17024	77.08547	77.05275	76.63759
5/27/2025	3:02:01 PM	77.22011	77.12642	77.26000	77.30294	77.14838	77.18509	77.07601	77.15292	77.09807	77.17013	77.17028	77.08562	77.05296	76.63737
5/27/2025	3:02:05 PM	77.22054	77.12608	77.26037	77.30335	77.14873	77.18487	77.07558	77.15263	77.09813	77.17028	77.17058	77.08580	77.05265	76.63756
5/27/2025	3:02:08 PM	77.22042	77.12634	77.26073	77.30345	77.14873	77.18517	77.07626	77.15296	77.09835	77.17072	77.17004	77.08603	77.05285	76.63725
5/27/2025	3:02:12 PM	77.22076	77.12606	77.26022	77.30309	77.14800	77.18452	77.07555	77.15293	77.09789	77.17012	77.16972	77.08523	77.05232	76.63700
5/27/2025	3:02:16 PM	77.22039	77.12576	77.25949	77.30246	77.14808	77.18417	77.07514	77.15201	77.09727	77.16962	77.16992	77.08524	77.05241	76.63662
5/27/2025	3:02:19 PM	77.22015	77.12601	77.25951	77.30258	77.14801	77.18396	77.07520	77.15246	77.09770	77.17003	77.16954	77.08496	77.05208	76.63642
5/27/2025	3:02:23 PM	77.21986	77.12562	77.25969	77.30273	77.14775	77.18419	77.07509	77.15214	77.09729	77.16989	77.16924	77.08524	77.05231	76.63708
5/27/2025	3:02:26 PM	77.22005	77.12561	77.25939	77.30249	77.14804	77.18435	77.07550	77.15227	77.09762	77.16995	77.16939	77.08510	77.05236	76.63692
5/27/2025	3:02:30 PM	77.22002	77.12601	77.25965	77.30280	77.14833	77.18432	77.07548	77.15277	77.09784	77.17008	77.16951	77.08534	77.05254	76.63754
5/27/2025	3:02:34 PM	77.22058	77.12615	77.25976	77.30297	77.14863	77.18459	77.07595	77.15309	77.09825	77.17025	77.17045	77.08558	77.05288	76.63779
5/27/2025	3:02:37 PM	77.22052	77.12626	77.26024	77.30290	77.14854	77.18511	77.07592	77.15287	77.09834	77.17057	77.17016	77.08579	77.05256	76.63750
5/27/2025	3:02:41 PM	77.22012	77.12585	77.25997	77.30261	77.14833	77.18460	77.07546	77.15244	77.09792	77.17034	77.16994	77.08519	77.05260	76.63738
5/27/2025	3:02:44 PM	77.22062	77.12582	77.25989	77.30248	77.14830	77.18437	77.07554	77.15248	77.09765	77.16964	77.16953	77.08475	77.05210	76.63730
5/27/2025	3:02:48 PM	77.21959	77.12605	77.25964	77.30276	77.14772	77.18440	77.07486	77.15240	77.09735	77.17018	77.16948	77.08480	77.05231	76.63674
5/27/2025	3:02:51 PM	77.21972	77.12594	77.25941	77.30247	77.14777	77.18440	77.07553	77.15239	77.09791	77.16995	77.16950	77.08537	77.05246	76.63714
5/27/2025	3:02:55 PM	77.22009	77.12607	77.25984	77.30277	77.14841	77.18445	77.07587	77.15246	77.09796	77.16991	77.16968	77.08508	77.05245	76.63720
5/27/2025	3:02:59 PM	77.22030	77.12640	77.25997	77.30270	77.14829	77.18447	77.07535	77.15259	77.09794	77.17011	77.16983	77.08548	77.05267	76.63692
5/27/2025	3:03:02 PM	77.22011	77.12586	77.25984	77.30254	77.14796	77.18436	77.07531	77.15186	77.09721	77.16952	77.16933	77.08472	77.05194	76.63668
5/27/2025	3:03:06 PM	77.21986	77.12568	77.25917	77.30210	77.14796	77.18435	77.07545	77.15197	77.09728	77.16956	77.16911	77.08485	77.05187	76.63677
5/27/2025	3:03:09 PM	77.22001	77.12579	77.25981	77.30259	77.14761	77.18443	77.07567	77.15213	77.09759	77.16973	77.16934	77.08495	77.05191	76.63689
5/27/2025	3:03:13 PM	77.22019	77.12598	77.26019	77.30289	77.14811	77.18429	77.07522	77.15227	77.09763	77.17001	77.16969	77.08507	77.05231	76.63675
5/27/2025	3:03:17 PM	77.21960	77.12525	77.25961	77.30233	77.14768	77.18414	77.07523	77.15258	77.09798	77.16987	77.16937	77.08475	77.05198	76.63701
5/27/2025	3:03:20 PM	77.22008	77.12565	77.25911	77.30228	77.14801	77.18439	77.07551	77.15252	77.09758	77.16987	77.16951	77.08448	77.05174	76.63655
5/27/2025	3:03:24 PM	77.21951	77.12505	77.25908	77.30207	77.14767	77.18387	77.07480	77.15155	77.09668	77.16930	77.16872	77.08422	77.05159	76.63641
5/27/2025	3:03:27 PM	77.21937	77.12525	77.25888	77.30196	77.14724	77.18380	77.07482	77.15148	77.09726	77.16937	77.16895	77.08447	77.05135	76.63664
5/27/2025	3:03:31 PM	77.21960	77.12527	77.25934	77.30184	77.14746	77.18396	77.07512	77.15186	77.09736	77.16991	77.16886	77.08463	77.05177	76.63628
5/27/2025	3:03:34 PM	77.21901	77.12481	77.25897	77.30196	77.14693	77.18381	77.07454	77.15174	77.09721	77.16917	77.16932	77.08473	77.05162	76.63614
5/27/2025	3:03:38 PM	77.21926	77.12510	77.25894	77.30186	77.14766	77.18408	77.07497	77.15213	77.09722	77.16938	77.16902	77.08439	77.05170	76.63643
5/27/2025	3:03:42 PM	77.21928	77.12493	77.25891	77.30166	77.14743	77.18398	77.07522	77.15210	77.09728	77.16989	77.16874	77.08484	77.05120	76.63668
5/27/2025	3:03:45 PM	77.21912	77.12498	77.25915	77.30237	77.14723	77.18405	77.07530	77.15185	77.09734	77.16948	77.16936	77.08467	77.05182	76.63641
5/27/2025	3:03:49 PM	77.21946	77.12540	77.25923	77.30192	77.14779	77.18403	77.07512	77.15202	77.09745	77.16971	77.16944	77.08505	77.05218	76.63663
5/27/2025	3:03:52 PM	77.21950	77.12564	77.25920	77.30222	77.14758	77.18377	77.07501	77.15225	77.09772	77.16997	77.16953	77.08465	77.05182	76.63670
5/27/2025	3:03:56 PM	77.21968	77.12597	77.25982	77.30256	77.14809	77.18438	77.07570	77.15236	77.09744	77.17004	77.16955	77.08510	77.05208	76.63677
5/27/2025	3:04:00 PM	77.21963	77.12511	77.25899	77.30188	77.14765	77.18402	77.07476	77.15191	77.09748	77.16963	77.16949	77.08470	77.05217	76.63683
5/27/2025	3:04:03 PM	77.21972	77.12567	77.25943	77.30204	77.14791	77.18440	77.07545	77.15219	77.09745	77.17007	77.16905	77.08493	77.05189	76.63646
5/27/2025	3:04:07 PM	77.21958	77.12540	77.25957	77.30211	77.14747	77.18354	77.07494	77.15212	77.09749	77.16922	77.16908	77.08421	77.05167	76.63645
5/27/2025	3:04:10 PM	77.21924	77.12499	77.25890	77.30189	77.14700	77.18379	77.07487	77.15173	77.09708	77.16927	77.16864	77.08473	77.05207	76.63655
5/27/2025	3:04:14 PM	77.21971	77.12559	77.25938	77.30201	77.14714	77.18380	77.07456	77.15203	77.09708	77.16943	77.16872	77.08429	77.05148	76.63618
5/27/2025	3:04:17 PM	77.21926	77.12510	77.25885	77.30152	77.14745	77.18359	77.07476	77.15144	77.09705	77.16937	77.16925	77.08472	77.05188	76.63658
5/27/2025	3:04:21 PM	77.21954	77.12533	77.25934	77.30175	77.14752	77.18394	77.07499	77.15211	77.09697	77.16946	77.16931	77.08448	77.05167	76.63599
5/27/2025	3:04:24 PM	77.21969	77.12470	77.25884	77.30159	77.14753	77.18376	77.07497	77.15196	77.09716	77.16964	77.16948	77.08485	77.05202	76.63626
5/27/2025	3:04:28 PM	77.21920	77.12501	77.25940	77.30206	77.14775	77.18440	77.07494	77.15258	77.09746	77.16999	77.16928	77.08481	77.05205	76.63669
5/27/2025	3:04:31 PM	77.21995	77.12588	77.25964	77.30284	77.14779	77.18381	77.07522	77.15201	77.09746	77.16946	77.16907	77.08503	77.05168	76.63684
5/27/2025	3:04:35 PM	77.21988	77.12551	77.25911	77.30162	77.14711	77.18352	77.07473	77.15190	77.09739	77.16953	77.16893	77.08454	77.05143	76.63629
5/27/2025	3:04:39 PM	77.21939	77.12539	77.25941	77.30193	77.14728	77.18392	77.07463	77.15189	77.09726	77.16958	77.16927	77.08461	77.05177	76.63652
5/27/2025	3:04:42 PM	77.21904	77.12534	77.25940	77.30186	77.14744	77.18384	77.07436	77.15134	77.09686	77.16886	77.16881	77.08417	77.05157	76.63617
5/27/2025	3:04:46 PM	77.21881	77.12480	77.25852	77.30151	77.14723	77.18349	77.07457	77.15190	77.09683	77.16919	77.16915	77.08452	77.05108	76.63562
5/27/2025	3:04:49 PM	77.21897	77.12535	77.25855	77.30174	77.14712	77.18350	77.07491	77.15169	77.09717	77.16912	77.16889	77.08430	77.05144	76.63629
5/27/2025	3:04:53 PM	77.21950	77.12490	77.25865	77.30176	77.14695	77.18403	77.07467	77.15209	77.09732	77.16958	77.16885	77.08443	77.05155	76.63617
5/27/2025	3:04:56 PM	77.21953	77.12540	77.25902	77.30204	77.14757	77.18410	77.07495	77.15158	77.09705	77.16959	77.16914	77.08443	77.05175	76.63635
5/27/2025	3:05:00 PM	77.21951	77.12511	77.25884	77.30166	77.14707	77.18378	77.07463	77.15169	77.09717	77.16910	77.16911	77.08432	77.05160	76.63620
5/27/2025	3:05:04 PM	77.21948	77.12536	77.25903	77.30215	77.14787	77.18370	77.07492	77.15195	77.09720	77.16939	77.16901	77.08423	77.05131	76.63648
5/27/2025	3:05:07 PM	77.21934	77.12530	77.25887	77.30187	77.14757	77.18315	77.07479	77.15174	77.09726	77.16919	77.16920	77.08463	77.05127	76.63609
5/27/2025	3:05:11 PM	77.21924	77.12498	77.25896	77.30131	77.14709	77.18348	77.07475	77.15178	77.09685	77.16860	77.16882	77.08440	77.05111	76.63581
5/27/2025	3:05:14 PM	77.21912	77.12511	77.25929	77.30194	77.14718	77.18389	77.07456	77.15150	77.09696	77.16949	77.16873	77.08444	77.05179	76.63605
5/27/2025	3:05:18 PM	77.21918	77.12518	77.25869	77.30139	77.14716	77.18352	77.07440	77.15173	77.09682	77.16928	77.16904	77.08441	77.05154	76.63622
5/27/2025	3:05:21 PM	77.21921	77.12499	77.25880	77.30133	77.14710	77.18361	77.07465	77.15188	77.09715	77.16911	77.16878	77.08458	77.05161	76.63638
5/27/2025	3:05:25 PM	77.21932	77.12510	77.25908	77.30148	77.14679	77.18386	77.07473	77.15176	77.09670	77.16911	77.16888	77.08438	77.05170	76.63592
5/27/2025	3:05:29 PM	77.21902	77.12472	77.25850	77.30162	77.14699	77.18383	77.07484	77.15188	77.09671	77.16886	77.16908	77.08422	77.05164	76.63588
5/27/2025	3:05:32 PM	77.21938	77.12483	77.25870	77.30128	77.14754	77.18355	77.07470	77.15128	77.09675	77.16921	77.16870	77.08426	77.05135	76.63581
5/27/2025	3:05:36 PM	77.21877	77.12451	77.25849	77.30140	77.14733	77.18354	77.07489	77.15167	77.09712	77.16971	77.16913	77.08447	77.05154	76.63608
5/27/2025	3:05:39 PM	77.21959	77.12487	77.25863	77.30135	77.14705	77.18373	77.07449	77.15122	77.09645	77.16894	77.16867	77.08410	77.05132	76.63624
5/27/2025	3:05:43 PM	77.21890	77.12486	77.25841	77.30149	77.14721	77.18343	77.07447	77.15133	77.09714	77.16891	77.16870	77.08437	77.05162	76.63600
5/27/2025	3:05:47 PM	77.21844	77.12455	77.25836	77.30114	77.14670	77.18329	77.07439	77.15154	77.09649	77.16867	77.16827	77.08406	77.05124	76.63585
5/27/2025	3:05:50 PM	77.21880	77.12469	77.25882	77.30104	77.14700	77.18330	77.07458	77.15142	77.09640	77.16883	77.16842	77.08357	77.05134	76.63555
5/27/2025	3:05:54 PM	77.21902	77.12470	77.25825	77.30159	77.14698	77.18335	77.07412	77.15168	77.09678	77.16931	77.16866	77.08412	77.05099	76.63590
5/27/2025	3:05:57 PM	77.21892	77.12436	77.25855	77.30128	77.14721	77.18322	77.07438	77.15133	77.09658	77.16905	77.16875	77.08429	77.05123	76.63658
5/27/2025	3:06:01 PM	77.21878	77.12463	77.25877	77.30112	77.14729	77.18306	77.07454	77.15130	77.09669	77.16897	77.16858	77.08382	77.05120	76.63570
5/27/2025	3:06:04 PM	77.21897	77.12484	77.25868	77.30128	77.14703	77.18333	77.07436	77.15131	77.09633	77.16828	77.16846	77.08399	77.05085	76.63579
5/27/2025	3:06:08 PM	77.21871	77.12458	77.25836	77.30134	77.14703	77.18340	77.07425	77.15096	77.09648	77.16912	77.16844	77.08371	77.05053	76.63546
5/27/2025	3:06:11 PM	77.21830	77.12374	77.25789	77.30092	77.14695	77.18347	77.07431	77.15097	77.09647	77.16841	77.16850	77.08362	77.05072	76.63572
5/27/2025	3:06:15 PM	77.21845	77.12439	77.25812	77.30079	77.14667	77.18351	77.07384	77.15095	77.09654	77.16834	77.16843	77.08392	77.05103	76.63574
5/27/2025	3:06:19 PM	77.21864	77.12457	77.25793	77.30117	77.14726	77.18344	77.07460	77.15118	77.09689	77.16900	77.16858	77.08422	77.05117	76.63601
5/27/2025	3:06:22 PM	77.21860	77.12433	77.25801	77.30060	77.14686	77.18312	77.07419	77.15129	77.09661	77.16887	77.16867	77.08363	77.05111	76.63543
5/27/2025	3:06:26 PM	77.21825	77.12430	77.25828	77.30091	77.14655	77.18287	77.07436	77.15133	77.09640	77.16838	77.16843	77.08385	77.05131	76.63593
5/27/2025	3:06:29 PM	77.21871	77.12460	77.25818	77.30127	77.14677	77.18325	77.07435	77.15130	77.09685	77.16880	77.16821	77.08371	77.05102	76.63546
5/27/2025	3:06:33 PM	77.21855	77.12439	77.25821	77.30110	77.14662	77.18326	77.07476	77.15174	77.09658	77.16868	77.16823	77.08367	77.05082	76.63502
5/27/2025	3:06:37 PM	77.21806	77.12426	77.25794	77.30069	77.14676	77.18293	77.07429	77.15100	77.09645	77.16814	77.16822	77.08385	77.05088	76.63509
5/27/2025	3:06:40 PM	77.21834	77.12442	77.25825	77.30095	77.14663	77.18341	77.07414	77.15097	77.09657	77.16861	77.16849	77.08399	77.05111	76.63525
5/27/2025	3:06:44 PM	77.21824	77.12444	77.25801	77.30065	77.14668	77.18264	77.07384	77.15072	77.09590	77.16853	77.16827	77.08347	77.05084	76.63510
5/27/2025	3:06:47 PM	77.21811	77.12394	77.25786	77.30080	77.14664	77.18279	77.07354	77.15052	77.09564	77.16826	77.16784	77.08340	77.05034	76.63526
5/27/2025	3:06:51 PM	77.21806	77.12429	77.25789	77.30075	77.14654	77.18299	77.07380	77.15126	77.09633	77.16859	77.16858	77.08347	77.05080	76.63515
5/27/2025	3:06:54 PM	77.21816	77.12400	77.25812	77.30067	77.14649	77.18301	77.07385	77.15046	77.09615	77.16814	77.16799	77.08345	77.05075	76.63517
5/27/2025	3:06:58 PM	77.21800	77.12419	77.25789	77.30056	77.14600	77.18297	77.07349	77.15068	77.09600	77.16863	77.16793	77.08368	77.05053	76.63548
5/27/2025	3:07:02 PM	77.21838	77.12438	77.25799	77.30086	77.14658	77.18273	77.07374	77.15059	77.09616	77.16818	77.16808	77.08363	77.05082	76.63547
5/27/2025	3:07:05 PM	77.21804	77.12426	77.25787	77.30073	77.14630	77.18281	77.07423	77.15111	77.09637	77.16808	77.16851	77.08370	77.05065	76.63495
5/27/2025	3:07:09 PM	77.21828	77.12424	77.25777	77.30091	77.14659	77.18339	77.07409	77.15168	77.09664	77.16865	77.16872	77.08408	77.05122	76.63593
5/27/2025	3:07:12 PM	77.21862	77.12459	77.25846	77.30162	77.14713	77.18357	77.07445	77.15127	77.09664	77.16872	77.16817	77.08410	77.05080	76.63546
5/27/2025	3:07:16 PM	77.21850	77.12444	77.25853	77.30099	77.14688	77.18271	77.07399	77.15164	77.09678	77.16924	77.16871	77.08374	77.05087	76.63526
5/27/2025	3:07:19 PM	77.21833	77.12441	77.25801	77.30043	77.14645	77.18337	77.07386	77.15091	77.09623	77.16855	77.16795	77.08354	77.05049	76.63516
5/27/2025	3:07:23 PM	77.21834	77.12410	77.25753	77.30047	77.14624	77.18261	77.07386	77.15079	77.09609	77.16867	77.16813	77.08344	77.05051	76.63515
5/27/2025	3:07:27 PM	77.21803	77.12388	77.25746	77.30094	77.14664	77.18297	77.07395	77.15086	77.09598	77.16860	77.16774	77.08366	77.05077	76.63517
5/27/2025	3:07:30 PM	77.21815	77.12396	77.25736	77.30034	77.14588	77.18259	77.07377	77.15082	77.09575	77.16858	77.16808	77.08335	77.05016	76.63510
5/27/2025	3:07:34 PM	77.21814	77.12403	77.25759	77.30025	77.14616	77.18251	77.07365	77.15024	77.09599	77.16829	77.16807	77.08388	77.05057	76.63518
5/27/2025	3:07:37 PM	77.21803	77.12380	77.25782	77.30038	77.14647	77.18283	77.07409	77.15088	77.09645	77.16859	77.16825	77.08378	77.05070	76.63528
5/27/2025	3:07:41 PM	77.21820	77.12374	77.25737	77.30051	77.14669	77.18292	77.07395	77.15062	77.09636	77.16844	77.16834	77.08370	77.05095	76.63545
5/27/2025	3:07:45 PM	77.21814	77.12387	77.25799	77.30082	77.14667	77.18279	77.07411	77.15134	77.09633	77.16847	77.16801	77.08340	77.05072	76.63537
5/27/2025	3:07:48 PM	77.21826	77.12413	77.25782	77.30057	77.14652	77.18264	77.07367	77.15086	77.09643	77.16850	77.16812	77.08339	77.05048	76.63507
5/27/2025	3:07:52 PM	77.21792	77.12385	77.25749	77.30056	77.14640	77.18244	77.07360	77.15085	77.09633	77.16891	77.16783	77.08325	77.05042	76.63496
5/27/2025	3:07:55 PM	77.21794	77.12399	77.25758	77.30053	77.14623	77.18249	77.07337	77.15033	77.09598	77.16795	77.16773	77.08326	77.05070	76.63522
5/27/2025	3:07:59 PM	77.21822	77.12388	77.25771	77.30080	77.14628	77.18265	77.07384	77.15056	77.09598	77.16822	77.16774	77.08322	77.05010	76.63501
5/27/2025	3:08:03 PM	77.21799	77.12369	77.25763	77.29993	77.14632	77.18258	77.07355	77.15056	77.09581	77.16798	77.16764	77.08347	77.05028	76.63486
5/27/2025	3:08:06 PM	77.21773	77.12371	77.25768	77.30006	77.14592	77.18215	77.07313	77.15025	77.09561	77.16777	77.16770	77.08314	77.04985	76.63477
5/27/2025	3:08:10 PM	77.21776	77.12334	77.25723	77.30005	77.14591	77.18223	77.07354	77.15059	77.09575	77.16766	77.16755	77.08334	77.05032	76.63461
5/27/2025	3:08:13 PM	77.21768	77.12356	77.25730	77.30014	77.14607	77.18229	77.07361	77.15038	77.09603	77.16793	77.16758	77.08294	77.05012	76.63484
5/27/2025	3:08:17 PM	77.21750	77.12346	77.25688	77.29991	77.14611	77.18229	77.07355	77.15032	77.09588	77.16764	77.16778	77.08366	77.05054	76.63482
5/27/2025	3:08:21 PM	77.21744	77.12356	77.25722	77.29974	77.14556	77.18216	77.07332	77.15025	77.09545	77.16777	77.16751	77.08281	77.05026	76.63451
5/27/2025	3:08:24 PM	77.21762	77.12381	77.25725	77.30043	77.14622	77.18251	77.07387	77.15091	77.09607	77.16778	77.16751	77.08329	77.05016	76.63442
5/27/2025	3:08:28 PM	77.21766	77.12377	77.25739	77.30043	77.14588	77.18224	77.07356	77.15026	77.09613	77.16813	77.16740	77.08329	77.05007	76.63506
5/27/2025	3:08:31 PM	77.21775	77.12355	77.25705	77.30014	77.14588	77.18273	77.07336	77.15057	77.09578	77.16774	77.16746	77.08320	77.04993	76.63454
5/27/2025	3:08:35 PM	77.21768	77.12377	77.25696	77.30034	77.14642	77.18248	77.07329	77.15022	77.09557	77.16798	77.16753	77.08295	77.04997	76.63480
5/27/2025	3:08:39 PM	77.21814	77.12390	77.25713	77.29994	77.14612	77.18269	77.07378	77.15036	77.09573	77.16801	77.16792	77.08358	77.05054	76.63490
5/27/2025	3:08:42 PM	77.21793	77.12336	77.25705	77.29983	77.14600	77.18214	77.07276	77.14986	77.09502	77.16742	77.16718	77.08291	77.04963	76.63445
5/27/2025	3:08:46 PM	77.21743	77.12329	77.25698	77.30005	77.14554	77.18234	77.07333	77.15032	77.09543	77.16758	77.16744	77.08259	77.04992	76.63426
5/27/2025	3:08:49 PM	77.21757	77.12333	77.25668	77.29972	77.14540	77.18195	77.07322	77.15000	77.09535	77.16765	77.16744	77.08288	77.04969	76.63428
5/27/2025	3:08:53 PM	77.21710	77.12319	77.25662	77.29949	77.14548	77.18216	77.07316	77.15033	77.09574	77.16754	77.16745	77.08275	77.04983	76.63426
5/27/2025	3:08:57 PM	77.21765	77.12346	77.25673	77.29946	77.14575	77.18211	77.07322	77.15007	77.09592	77.16771	77.16762	77.08324	77.05024	76.63455
5/27/2025	3:09:00 PM	77.21784	77.12354	77.25729	77.29984	77.14567	77.18206	77.07333	77.15048	77.09564	77.16772	77.16717	77.08306	77.05003	76.63484
5/27/2025	3:09:04 PM	77.21765	77.12339	77.25721	77.30026	77.14581	77.18223	77.07340	77.15032	77.09600	77.16784	77.16786	77.08352	77.05052	76.63522
5/27/2025	3:09:07 PM	77.21799	77.12425	77.25735	77.30087	77.14656	77.18252	77.07409	77.15086	77.09594	77.16789	77.16808	77.08292	77.05028	76.63478
5/27/2025	3:09:11 PM	77.21783	77.12400	77.25731	77.30034	77.14633	77.18256	77.07350	77.15064	77.09573	77.16808	77.16773	77.08331	77.05041	76.63485
5/27/2025	3:09:14 PM	77.21805	77.12412	77.25776	77.30055	77.14629	77.18256	77.07369	77.15071	77.09578	77.16751	77.16768	77.08327	77.05020	76.63505
5/27/2025	3:09:18 PM	77.21778	77.12342	77.25727	77.29999	77.14589	77.18232	77.07328	77.15048	77.09539	77.16792	77.16778	77.08322	77.05026	76.63519
5/27/2025	3:09:22 PM	77.21756	77.12412	77.25763	77.30026	77.14615	77.18267	77.07383	77.15101	77.09575	77.16818	77.16777	77.08287	77.05048	76.63487
5/27/2025	3:09:25 PM	77.21816	77.12403	77.25752	77.30047	77.14594	77.18276	77.07361	77.15044	77.09575	77.16771	77.16797	77.08347	77.05041	76.63541
5/27/2025	3:09:29 PM	77.21839	77.12406	77.25785	77.30061	77.14677	77.18277	77.07385	77.15141	77.09658	77.16859	77.16834	77.08337	77.05056	76.63516
5/27/2025	3:09:32 PM	77.21776	77.12426	77.25764	77.30043	77.14634	77.18249	77.07355	77.15080	77.09614	77.16762	77.16760	77.08334	77.05029	76.63537
5/27/2025	3:09:36 PM	77.21781	77.12387	77.25746	77.30066	77.14606	77.18223	77.07328	77.15057	77.09576	77.16811	77.16736	77.08307	77.04964	76.63401
5/27/2025	3:09:40 PM	77.21697	77.12311	77.25649	77.29966	77.14521	77.18206	77.07233	77.14972	77.09485	77.16700	77.16679	77.08227	77.04928	76.63408
5/27/2025	3:09:43 PM	77.21703	77.12279	77.25611	77.29912	77.14504	77.18151	77.07288	77.14979	77.09524	77.16673	77.16678	77.08196	77.04951	76.63390
5/27/2025	3:09:47 PM	77.21717	77.12270	77.25625	77.29943	77.14516	77.18153	77.07226	77.14957	77.09478	77.16669	77.16683	77.08231	77.04937	76.63381
5/27/2025	3:09:50 PM	77.21704	77.12259	77.25614	77.29931	77.14508	77.18130	77.07245	77.14950	77.09488	77.16675	77.16670	77.08178	77.04925	76.63356
5/27/2025	3:09:54 PM	77.21686	77.12296	77.25640	77.29903	77.14484	77.18139	77.07279	77.14969	77.09496	77.16715	77.16684	77.08251	77.04925	76.63421
5/27/2025	3:09:57 PM	77.21678	77.12283	77.25653	77.29973	77.14477	77.18164	77.07287	77.14982	77.09489	77.16736	77.16695	77.08256	77.04980	76.63427
5/27/2025	3:10:01 PM	77.21708	77.12328	77.25677	77.29980	77.14537	77.18223	77.07305	77.15028	77.09553	77.16742	77.16712	77.08285	77.04930	76.63472
5/27/2025	3:10:04 PM	77.21781	77.12320	77.25675	77.30022	77.14587	77.18219	77.07320	77.15021	77.09535	77.16762	77.16737	77.08268	77.04993	76.63466
5/27/2025	3:10:08 PM	77.21700	77.12339	77.25710	77.30008	77.14545	77.18211	77.07337	77.15048	77.09562	77.16808	77.16738	77.08346	77.05053	76.63474
5/27/2025	3:10:11 PM	77.21788	77.12385	77.25704	77.30021	77.14619	77.18221	77.07355	77.15069	77.09560	77.16754	77.16765	77.08302	77.05010	76.63488
5/27/2025	3:10:15 PM	77.21786	77.12407	77.25719	77.30037	77.14552	77.18201	77.07315	77.14986	77.09548	77.16738	77.16729	77.08275	77.04945	76.63422
5/27/2025	3:10:19 PM	77.21692	77.12341	77.25668	77.29925	77.14524	77.18165	77.07291	77.14981	77.09499	77.16703	77.16685	77.08232	77.04929	76.63422
5/27/2025	3:10:22 PM	77.21693	77.12284	77.25662	77.29956	77.14546	77.18136	77.07249	77.14988	77.09499	77.16711	77.16657	77.08245	77.04908	76.63408
5/27/2025	3:10:26 PM	77.21684	77.12276	77.25618	77.29926	77.14533	77.18185	77.07267	77.14980	77.09495	77.16678	77.16665	77.08233	77.04931	76.63382
5/27/2025	3:10:29 PM	77.21697	77.12298	77.25672	77.29953	77.14531	77.18182	77.07243	77.14954	77.09436	77.16690	77.16677	77.08249	77.04917	76.63402
5/27/2025	3:10:33 PM	77.21696	77.12247	77.25645	77.29944	77.14526	77.18160	77.07260	77.14949	77.09489	77.16679	77.16653	77.08232	77.04904	76.63432
5/27/2025	3:10:37 PM	77.21751	77.12286	77.25609	77.29951	77.14518	77.18187	77.07267	77.14954	77.09527	77.16723	77.16701	77.08255	77.04897	76.63411
5/27/2025	3:10:40 PM	77.21685	77.12307	77.25638	77.29926	77.14522	77.18131	77.07306	77.14992	77.09501	77.16717	77.16707	77.08258	77.04969	76.63456
5/27/2025	3:10:44 PM	77.21698	77.12294	77.25637	77.29935	77.14531	77.18183	77.07287	77.15031	77.09497	77.16704	77.16705	77.08262	77.04986	76.63466
5/27/2025	3:10:47 PM	77.21724	77.12336	77.25665	77.29978	77.14536	77.18196	77.07322	77.15043	77.09540	77.16766	77.16739	77.08300	77.05005	76.63447
5/27/2025	3:10:51 PM	77.21764	77.12298	77.25672	77.29953	77.14548	77.18203	77.07292	77.15002	77.09543	77.16741	77.16708	77.08277	77.04992	76.63465
5/27/2025	3:10:55 PM	77.21743	77.12323	77.25697	77.29984	77.14582	77.18204	77.07298	77.14977	77.09513	77.16713	77.16693	77.08200	77.04947	76.63411
5/27/2025	3:10:58 PM	77.21728	77.12299	77.25611	77.29918	77.14507	77.18143	77.07275	77.14964	77.09507	77.16706	77.16699	77.08257	77.04929	76.63409
5/27/2025	3:11:02 PM	77.21709	77.12281	77.25625	77.29933	77.14531	77.18132	77.07269	77.14941	77.09510	77.16708	77.16699	77.08224	77.04939	76.63400
5/27/2025	3:11:05 PM	77.21692	77.12283	77.25600	77.29965	77.14547	77.18160	77.07299	77.14991	77.09508	77.16738	77.16693	77.08224	77.04945	76.63422
5/27/2025	3:11:09 PM	77.21726	77.12290	77.25599	77.29920	77.14494	77.18142	77.07242	77.14943	77.09457	77.16664	77.16654	77.08187	77.04896	76.63331
5/27/2025	3:11:13 PM	77.21651	77.12210	77.25602	77.29898	77.14476	77.18148	77.07205	77.14942	77.09450	77.16668	77.16623	77.08203	77.04902	76.63379
5/27/2025	3:11:16 PM	77.21661	77.12259	77.25579	77.29851	77.14474	77.18110	77.07245	77.14890	77.09451	77.16656	77.16665	77.08200	77.04894	76.63349
5/27/2025	3:11:20 PM	77.21665	77.12225	77.25583	77.29886	77.14496	77.18108	77.07220	77.14947	77.09479	77.16691	77.16695	77.08238	77.04914	76.63386
5/27/2025	3:11:23 PM	77.21673	77.12281	77.25624	77.29933	77.14503	77.18125	77.07243	77.14932	77.09472	77.16695	77.16666	77.08191	77.04901	76.63382
5/27/2025	3:11:27 PM	77.21683	77.12237	77.25602	77.29890	77.14499	77.18102	77.07214	77.14906	77.09477	77.16653	77.16662	77.08220	77.04884	76.63374
5/27/2025	3:11:30 PM	77.21679	77.12241	77.25596	77.29866	77.14483	77.18138	77.07213	77.14954	77.09446	77.16679	77.16689	77.08200	77.04893	76.63378
5/27/2025	3:11:34 PM	77.21650	77.12263	77.25613	77.29936	77.14501	77.18159	77.07234	77.14965	77.09494	77.16704	77.16711	77.08215	77.04951	76.63380
5/27/2025	3:11:37 PM	77.21668	77.12260	77.25634	77.29924	77.14522	77.18142	77.07273	77.14888	77.09469	77.16677	77.16657	77.08187	77.04848	76.63332
5/27/2025	3:11:41 PM	77.21653	77.12244	77.25631	77.29892	77.14481	77.18107	77.07246	77.14958	77.09486	77.16679	77.16686	77.08205	77.04886	76.63342
5/27/2025	3:11:45 PM	77.21622	77.12218	77.25555	77.29881	77.14485	77.18121	77.07208	77.14945	77.09439	77.16631	77.16610	77.08169	77.04888	76.63392
5/27/2025	3:11:48 PM	77.21653	77.12241	77.25603	77.29855	77.14483	77.18106	77.07222	77.14920	77.09446	77.16702	77.16685	77.08201	77.04926	76.63412
5/27/2025	3:11:52 PM	77.21657	77.12224	77.25585	77.29879	77.14516	77.18106	77.07206	77.14907	77.09455	77.16688	77.16650	77.08228	77.04866	76.63369
5/27/2025	3:11:56 PM	77.21634	77.12177	77.25582	77.29867	77.14465	77.18104	77.07200	77.14910	77.09426	77.16631	77.16599	77.08152	77.04842	76.63353
5/27/2025	3:11:59 PM	77.21664	77.12215	77.25585	77.29856	77.14424	77.18055	77.07207	77.14869	77.09427	77.16643	77.16616	77.08175	77.04889	76.63405
5/27/2025	3:12:03 PM	77.21634	77.12198	77.25573	77.29878	77.14452	77.18091	77.07203	77.14917	77.09411	77.16648	77.16656	77.08177	77.04846	76.63340
5/27/2025	3:12:06 PM	77.21656	77.12207	77.25566	77.29844	77.14439	77.18094	77.07162	77.14938	77.09415	77.16624	77.16623	77.08114	77.04812	76.63389
5/27/2025	3:12:10 PM	77.21608	77.12192	77.25574	77.29853	77.14458	77.18116	77.07161	77.14960	77.09417	77.16590	77.16584	77.08175	77.04847	76.63326
