5/27/2025	1:14:39 PM	77.21813	77.12301	77.25887	77.30180	77.14681	77.18447	77.07618	77.15248	77.10230	77.17016	77.16989	77.08715	77.04805	76.63777
5/27/2025	1:14:43 PM	77.21814	77.12352	77.25925	77.30264	77.14720	77.18500	77.07642	77.15282	77.10231	77.17109	77.17040	77.08734	77.04951	76.63820
5/27/2025	1:14:46 PM	77.21875	77.12382	77.25963	77.30301	77.14765	77.18476	77.07661	77.15289	77.10215	77.17146	77.17055	77.08665	77.04968	76.63802
5/27/2025	1:14:50 PM	77.21907	77.12432	77.26007	77.30357	77.14772	77.18533	77.07699	77.15372	77.10210	77.17143	77.17105	77.08715	77.05044	76.63868
5/27/2025	1:14:53 PM	77.21891	77.12451	77.26009	77.30348	77.14771	77.18511	77.07750	77.15362	77.10192	77.17174	77.17082	77.08675	77.05060	76.63868
5/27/2025	1:14:57 PM	77.21913	77.12401	77.26026	77.30329	77.14741	77.18526	77.07719	77.15367	77.10171	77.17202	77.17095	77.08694	77.05102	76.63901
5/27/2025	1:15:00 PM	77.21973	77.12483	77.26045	77.30331	77.14805	77.18586	77.07785	77.15476	77.10213	77.17255	77.17145	77.08723	77.05215	76.63946
5/27/2025	1:15:04 PM	77.22010	77.12515	77.26089	77.30401	77.14823	77.18583	77.07805	77.15512	77.10244	77.17262	77.17141	77.08705	77.05177	76.63908
5/27/2025	1:15:08 PM	77.22024	77.12481	77.26068	77.30409	77.14860	77.18621	77.07830	77.15522	77.10244	77.17287	77.17163	77.08689	77.05204	76.63922
5/27/2025	1:15:11 PM	77.22025	77.12517	77.26097	77.30448	77.14868	77.18617	77.07866	77.15591	77.10255	77.17338	77.17234	77.08747	77.05282	76.63940
5/27/2025	1:15:15 PM	77.22074	77.12549	77.26130	77.30478	77.14916	77.18692	77.07917	77.15631	77.10317	77.17385	77.17242	77.08717	77.05289	76.63985
5/27/2025	1:15:18 PM	77.22090	77.12578	77.26167	77.30512	77.14941	77.18681	77.07917	77.15624	77.10336	77.17382	77.17272	77.08802	77.05385	76.64028
5/27/2025	1:15:22 PM	77.22098	77.12621	77.26189	77.30522	77.14988	77.18736	77.07978	77.15723	77.10379	77.17407	77.17348	77.08818	77.05436	76.64058
5/27/2025	1:15:25 PM	77.22149	77.12633	77.26226	77.30561	77.14993	77.18808	77.08018	77.15723	77.10365	77.17445	77.17351	77.08823	77.05432	76.64031
5/27/2025	1:15:29 PM	77.22104	77.12660	77.26191	77.30525	77.15039	77.18798	77.08007	77.15737	77.10397	77.17444	77.17330	77.08820	77.05471	76.64100
5/27/2025	1:15:33 PM	77.22152	77.12652	77.26223	77.30540	77.14999	77.18784	77.08000	77.15751	77.10398	77.17447	77.17304	77.08790	77.05405	76.64029
5/27/2025	1:15:36 PM	77.22169	77.12676	77.26204	77.30565	77.15046	77.18834	77.08051	77.15755	77.10454	77.17519	77.17372	77.08892	77.05537	76.64086
5/27/2025	1:15:40 PM	77.22233	77.12694	77.26278	77.30650	77.15094	77.18891	77.08079	77.15803	77.10476	77.17547	77.17411	77.08890	77.05523	76.64116
5/27/2025	1:15:43 PM	77.22243	77.12705	77.26298	77.30653	77.15115	77.18911	77.08067	77.15793	77.10450	77.17531	77.17407	77.08943	77.05553	76.64127
5/27/2025	1:15:47 PM	77.22245	77.12744	77.26288	77.30580	77.15082	77.18912	77.08109	77.15818	77.10469	77.17525	77.17490	77.08896	77.05499	76.64120
5/27/2025	1:15:51 PM	77.22241	77.12694	77.26280	77.30659	77.15138	77.18926	77.08137	77.15870	77.10485	77.17563	77.17455	77.08939	77.05540	76.64148
5/27/2025	1:15:54 PM	77.22250	77.12752	77.26335	77.30693	77.15148	77.18912	77.08114	77.15861	77.10571	77.17594	77.17499	77.08981	77.05581	76.64155
5/27/2025	1:15:58 PM	77.22228	77.12735	77.26323	77.30681	77.15115	77.18930	77.08191	77.15879	77.10533	77.17598	77.17489	77.08990	77.05578	76.64179
5/27/2025	1:16:01 PM	77.22271	77.12764	77.26364	77.30729	77.15181	77.19000	77.08205	77.15905	77.10546	77.17615	77.17479	77.08995	77.05623	76.64196
5/27/2025	1:16:05 PM	77.22296	77.12791	77.26360	77.30737	77.15180	77.18985	77.08176	77.15899	77.10528	77.17631	77.17513	77.09028	77.05614	76.64217
5/27/2025	1:16:08 PM	77.22333	77.12786	77.26409	77.30728	77.15216	77.19010	77.08222	77.15925	77.10561	77.17614	77.17543	77.09005	77.05589	76.64180
5/27/2025	1:16:12 PM	77.22318	77.12785	77.26400	77.30719	77.15221	77.19045	77.08233	77.15950	77.10605	77.17681	77.17544	77.09026	77.05626	76.64245
5/27/2025	1:16:16 PM	77.22428	77.12914	77.26451	77.30829	77.15314	77.19118	77.08304	77.16011	77.10635	77.17688	77.17612	77.09086	77.05679	76.64250
5/27/2025	1:16:19 PM	77.22397	77.12840	77.26413	77.30792	77.15256	77.19083	77.08264	77.16023	77.10629	77.17723	77.17641	77.09111	77.05705	76.64298
5/27/2025	1:16:23 PM	77.22432	77.12912	77.26471	77.30861	77.15337	77.19135	77.08320	77.16000	77.10626	77.17747	77.17645	77.09095	77.05701	76.64265
5/27/2025	1:16:26 PM	77.22411	77.12873	77.26452	77.30829	77.15299	77.19087	77.08280	77.15994	77.10621	77.17744	77.17647	77.09112	77.05691	76.64219
5/27/2025	1:16:30 PM	77.22446	77.12910	77.26437	77.30827	77.15319	77.19137	77.08309	77.16034	77.10640	77.17770	77.17608	77.09117	77.05718	76.64268
5/27/2025	1:16:33 PM	77.22420	77.12906	77.26480	77.30805	77.15308	77.19158	77.08296	77.16051	77.10667	77.17724	77.17684	77.09152	77.05748	76.64280
5/27/2025	1:16:37 PM	77.22475	77.12907	77.26496	77.30841	77.15336	77.19183	77.08281	77.15993	77.10699	77.17821	77.17683	77.09100	77.05727	76.64290
5/27/2025	1:16:40 PM	77.22457	77.12878	77.26470	77.30839	77.15339	77.19152	77.08328	77.16011	77.10607	77.17749	77.17645	77.09133	77.05723	76.64273
5/27/2025	1:16:44 PM	77.22467	77.12913	77.26490	77.30834	77.15353	77.19153	77.08321	77.16020	77.10680	77.17754	77.17657	77.09131	77.05746	76.64318
5/27/2025	1:16:48 PM	77.22483	77.12912	77.26475	77.30831	77.15387	77.19176	77.08340	77.16068	77.10665	77.17784	77.17654	77.09148	77.05727	76.64259
5/27/2025	1:16:51 PM	77.22494	77.12961	77.26515	77.30852	77.15384	77.19182	77.08383	77.16062	77.10693	77.17803	77.17746	77.09165	77.05763	76.64320
5/27/2025	1:16:55 PM	77.22477	77.12935	77.26497	77.30835	77.15408	77.19165	77.08359	77.16056	77.10681	77.17780	77.17702	77.09103	77.05768	76.64326
5/27/2025	1:16:58 PM	77.22520	77.12956	77.26560	77.30898	77.15428	77.19172	77.08394	77.16112	77.10753	77.17845	77.17762	77.09201	77.05768	76.64348
5/27/2025	1:17:02 PM	77.22561	77.12985	77.26534	77.30911	77.15441	77.19236	77.08384	77.16087	77.10731	77.17830	77.17750	77.09203	77.05778	76.64363
5/27/2025	1:17:05 PM	77.22582	77.13022	77.26603	77.30961	77.15436	77.19249	77.08406	77.16126	77.10738	77.17861	77.17773	77.09217	77.05812	76.64333
5/27/2025	1:17:09 PM	77.22612	77.13013	77.26558	77.30946	77.15471	77.19268	77.08443	77.16159	77.10739	77.17859	77.17801	77.09244	77.05843	76.64382
5/27/2025	1:17:13 PM	77.22612	77.12999	77.26618	77.30960	77.15476	77.19251	77.08415	77.16132	77.10751	77.17889	77.17809	77.09253	77.05795	76.64360
5/27/2025	1:17:16 PM	77.22595	77.13037	77.26589	77.31007	77.15513	77.19287	77.08432	77.16193	77.10775	77.17905	77.17834	77.09256	77.05819	76.64373
5/27/2025	1:17:20 PM	77.22605	77.13053	77.26628	77.30983	77.15514	77.19272	77.08467	77.16141	77.10777	77.17877	77.17802	77.09223	77.05836	76.64393
5/27/2025	1:17:23 PM	77.22616	77.13079	77.26620	77.30998	77.15508	77.19309	77.08441	77.16146	77.10817	77.17923	77.17884	77.09302	77.05844	76.64406
5/27/2025	1:17:27 PM	77.22646	77.13100	77.26602	77.31007	77.15525	77.19330	77.08486	77.16209	77.10815	77.17946	77.17848	77.09299	77.05837	76.64395
5/27/2025	1:17:31 PM	77.22707	77.13128	77.26669	77.31074	77.15594	77.19337	77.08525	77.16238	77.10816	77.17947	77.17865	77.09310	77.05874	76.64392
5/27/2025	1:17:34 PM	77.22673	77.13128	77.26642	77.31022	77.15571	77.19325	77.08519	77.16236	77.10802	77.17978	77.17906	77.09352	77.05876	76.64439
5/27/2025	1:17:38 PM	77.22690	77.13123	77.26688	77.31048	77.15569	77.19353	77.08481	77.16192	77.10803	77.17941	77.17858	77.09325	77.05858	76.64468
5/27/2025	1:17:41 PM	77.22704	77.13150	77.26663	77.31051	77.15596	77.19344	77.08513	77.16217	77.10835	77.17993	77.17919	77.09360	77.05928	76.64512
5/27/2025	1:17:45 PM	77.22720	77.13162	77.26687	77.31054	77.15600	77.19404	77.08520	77.16256	77.10870	77.18024	77.17958	77.09372	77.05929	76.64483
5/27/2025	1:17:49 PM	77.22747	77.13200	77.26692	77.31104	77.15617	77.19386	77.08537	77.16261	77.10812	77.17954	77.17928	77.09348	77.05921	76.64480
5/27/2025	1:17:52 PM	77.22741	77.13184	77.26718	77.31078	77.15609	77.19354	77.08507	77.16249	77.10841	77.17978	77.17921	77.09320	77.05870	76.64485
5/27/2025	1:17:56 PM	77.22753	77.13154	77.26665	77.31115	77.15615	77.19385	77.08523	77.16245	77.10853	77.18015	77.17939	77.09412	77.05926	76.64503
5/27/2025	1:17:59 PM	77.22702	77.13205	77.26691	77.31089	77.15592	77.19376	77.08540	77.16282	77.10858	77.18015	77.17931	77.09395	77.05921	76.64501
5/27/2025	1:18:03 PM	77.22753	77.13257	77.26735	77.31159	77.15652	77.19410	77.08587	77.16305	77.10914	77.18073	77.17950	77.09445	77.05958	76.64546
5/27/2025	1:18:07 PM	77.22770	77.13238	77.26703	77.31150	77.15637	77.19421	77.08597	77.16306	77.10946	77.18053	77.17989	77.09429	77.06023	76.64529
5/27/2025	1:18:10 PM	77.22789	77.13264	77.26749	77.31157	77.15676	77.19427	77.08579	77.16334	77.10910	77.18060	77.17979	77.09460	77.05969	76.64499
5/27/2025	1:18:14 PM	77.22799	77.13277	77.26763	77.31186	77.15670	77.19432	77.08604	77.16337	77.10859	77.18047	77.17971	77.09484	77.05961	76.64570
5/27/2025	1:18:17 PM	77.22814	77.13308	77.26798	77.31198	77.15704	77.19443	77.08626	77.16369	77.10968	77.18107	77.17972	77.09449	77.05968	76.64530
5/27/2025	1:18:21 PM	77.22782	77.13290	77.26765	77.31196	77.15709	77.19483	77.08616	77.16319	77.10909	77.18078	77.17981	77.09462	77.06002	76.64587
5/27/2025	1:18:25 PM	77.22838	77.13305	77.26781	77.31161	77.15681	77.19468	77.08651	77.16350	77.10945	77.18088	77.18018	77.09501	77.05994	76.64555
5/27/2025	1:18:28 PM	77.22825	77.13363	77.26817	77.31197	77.15688	77.19473	77.08651	77.16319	77.10916	77.18117	77.18043	77.09499	77.05994	76.64544
5/27/2025	1:18:32 PM	77.22832	77.13296	77.26731	77.31188	77.15669	77.19419	77.08617	77.16310	77.10899	77.18078	77.17963	77.09445	77.05925	76.64536
5/27/2025	1:18:35 PM	77.22775	77.13271	77.26779	77.31185	77.15662	77.19426	77.08599	77.16362	77.10904	77.18068	77.17997	77.09486	77.05984	76.64530
5/27/2025	1:18:39 PM	77.22807	77.13279	77.26762	77.31147	77.15663	77.19431	77.08593	77.16325	77.10880	77.18062	77.18008	77.09452	77.05972	76.64562
5/27/2025	1:18:42 PM	77.22834	77.13304	77.26762	77.31205	77.15680	77.19445	77.08593	77.16318	77.10912	77.18078	77.18015	77.09505	77.05999	76.64551
5/27/2025	1:18:46 PM	77.22809	77.13321	77.26773	77.31159	77.15669	77.19450	77.08613	77.16319	77.10907	77.18077	77.17996	77.09481	77.05962	76.64612
5/27/2025	1:18:49 PM	77.22846	77.13304	77.26768	77.31175	77.15714	77.19471	77.08616	77.16312	77.10881	77.18070	77.18019	77.09432	77.05979	76.64557
5/27/2025	1:18:53 PM	77.22824	77.13322	77.26794	77.31180	77.15671	77.19457	77.08579	77.16329	77.10901	77.18078	77.18014	77.09454	77.05955	76.64593
5/27/2025	1:18:57 PM	77.22816	77.13334	77.26804	77.31205	77.15723	77.19476	77.08646	77.16341	77.10954	77.18117	77.18082	77.09493	77.05994	76.64566
5/27/2025	1:19:00 PM	77.22885	77.13372	77.26836	77.31237	77.15743	77.19494	77.08610	77.16309	77.10924	77.18081	77.18031	77.09492	77.05973	76.64603
5/27/2025	1:19:04 PM	77.22804	77.13357	77.26837	77.31214	77.15747	77.19491	77.08640	77.16340	77.10915	77.18128	77.18019	77.09475	77.05957	76.64546
5/27/2025	1:19:07 PM	77.22831	77.13310	77.26779	77.31256	77.15697	77.19427	77.08574	77.16313	77.10916	77.18092	77.18037	77.09518	77.05990	76.64594
5/27/2025	1:19:11 PM	77.22850	77.13391	77.26787	77.31227	77.15745	77.19514	77.08653	77.16354	77.10927	77.18129	77.18043	77.09514	77.06014	76.64569
5/27/2025	1:19:14 PM	77.22924	77.13370	77.26856	77.31251	77.15692	77.19467	77.08661	77.16372	77.10897	77.18129	77.18020	77.09532	77.06034	76.64635
5/27/2025	1:19:18 PM	77.22880	77.13393	77.26859	77.31241	77.15724	77.19491	77.08620	77.16334	77.10933	77.18094	77.18013	77.09501	77.05997	76.64615
5/27/2025	1:19:22 PM	77.22846	77.13322	77.26850	77.31230	77.15729	77.19471	77.08634	77.16355	77.10911	77.18097	77.18032	77.09502	77.06010	76.64603
5/27/2025	1:19:25 PM	77.22906	77.13329	77.26833	77.31234	77.15745	77.19478	77.08628	77.16347	77.10925	77.18098	77.18033	77.09460	77.05958	76.64590
5/27/2025	1:19:29 PM	77.22896	77.13346	77.26860	77.31248	77.15716	77.19499	77.08622	77.16365	77.10965	77.18148	77.18055	77.09545	77.06031	76.64649
5/27/2025	1:19:32 PM	77.22925	77.13369	77.26875	77.31245	77.15732	77.19523	77.08676	77.16351	77.10937	77.18163	77.18067	77.09572	77.06032	76.64641
5/27/2025	1:19:36 PM	77.22893	77.13437	77.26894	77.31252	77.15720	77.19508	77.08636	77.16384	77.10933	77.18139	77.18055	77.09538	77.06046	76.64595
5/27/2025	1:19:39 PM	77.22869	77.13400	77.26867	77.31249	77.15725	77.19458	77.08638	77.16323	77.10938	77.18129	77.18042	77.09569	77.06010	76.64628
5/27/2025	1:19:43 PM	77.22886	77.13392	77.26895	77.31270	77.15737	77.19507	77.08649	77.16359	77.10888	77.18098	77.18026	77.09500	77.05988	76.64601
5/27/2025	1:19:47 PM	77.22898	77.13414	77.26871	77.31256	77.15744	77.19502	77.08666	77.16352	77.10934	77.18123	77.18044	77.09534	77.06042	76.64636
5/27/2025	1:19:50 PM	77.22871	77.13399	77.26902	77.31270	77.15736	77.19488	77.08619	77.16378	77.10889	77.18101	77.18012	77.09530	77.06028	76.64599
5/27/2025	1:19:54 PM	77.22917	77.13430	77.26904	77.31253	77.15707	77.19513	77.08638	77.16373	77.10953	77.18134	77.18062	77.09548	77.06004	76.64650
5/27/2025	1:19:57 PM	77.22938	77.13449	77.26911	77.31310	77.15757	77.19536	77.08673	77.16428	77.10941	77.18217	77.18125	77.09595	77.06085	76.64668
5/27/2025	1:20:01 PM	77.22932	77.13435	77.26974	77.31297	77.15782	77.19552	77.08701	77.16416	77.11004	77.18210	77.18154	77.09575	77.06089	76.64715
5/27/2025	1:20:05 PM	77.22948	77.13436	77.26918	77.31324	77.15758	77.19525	77.08704	77.16410	77.10977	77.18176	77.18121	77.09604	77.06072	76.64693
5/27/2025	1:20:08 PM	77.22945	77.13453	77.26957	77.31306	77.15798	77.19535	77.08672	77.16406	77.10959	77.18180	77.18121	77.09602	77.06074	76.64705
5/27/2025	1:20:12 PM	77.23007	77.13449	77.26911	77.31326	77.15798	77.19523	77.08703	77.16400	77.10993	77.18160	77.18145	77.09532	77.06034	76.64656
5/27/2025	1:20:15 PM	77.22954	77.13437	77.26892	77.31252	77.15752	77.19577	77.08639	77.16389	77.10927	77.18135	77.18081	77.09552	77.06056	76.64678
5/27/2025	1:20:19 PM	77.22930	77.13433	77.26910	77.31281	77.15751	77.19512	77.08682	77.16372	77.10942	77.18151	77.18056	77.09521	77.06049	76.64664
5/27/2025	1:20:23 PM	77.22921	77.13439	77.26911	77.31301	77.15773	77.19555	77.08708	77.16410	77.10932	77.18203	77.18082	77.09567	77.06073	76.64702
5/27/2025	1:20:26 PM	77.22967	77.13460	77.26948	77.31337	77.15802	77.19530	77.08677	77.16397	77.10965	77.18167	77.18087	77.09590	77.06085	76.64708
5/27/2025	1:20:30 PM	77.22981	77.13475	77.26939	77.31291	77.15781	77.19547	77.08706	77.16433	77.10969	77.18190	77.18136	77.09581	77.06114	76.64698
5/27/2025	1:20:33 PM	77.22984	77.13480	77.26967	77.31319	77.15770	77.19555	77.08706	77.16480	77.11046	77.18191	77.18124	77.09587	77.06128	76.64739
5/27/2025	1:20:37 PM	77.22952	77.13463	77.26939	77.31317	77.15782	77.19558	77.08682	77.16406	77.10992	77.18170	77.18124	77.09601	77.06115	76.64669
5/27/2025	1:20:40 PM	77.22941	77.13436	77.26954	77.31293	77.15745	77.19502	77.08677	77.16405	77.10962	77.18179	77.18070	77.09558	77.06098	76.64695
5/27/2025	1:20:44 PM	77.22955	77.13486	77.26935	77.31315	77.15757	77.19521	77.08695	77.16436	77.10978	77.18149	77.18086	77.09572	77.06104	76.64718
5/27/2025	1:20:48 PM	77.22962	77.13454	77.26933	77.31326	77.15762	77.19537	77.08697	77.16350	77.10932	77.18185	77.18087	77.09607	77.06116	76.64699
5/27/2025	1:20:51 PM	77.22990	77.13485	77.27014	77.31348	77.15808	77.19606	77.08760	77.16423	77.10952	77.18208	77.18151	77.09621	77.06062	76.64718
5/27/2025	1:20:55 PM	77.23007	77.13487	77.26995	77.31325	77.15786	77.19588	77.08717	77.16437	77.10989	77.18182	77.18127	77.09609	77.06091	76.64704
5/27/2025	1:20:59 PM	77.22987	77.13479	77.26985	77.31336	77.15810	77.19544	77.08731	77.16433	77.10978	77.18180	77.18114	77.09583	77.06107	76.64768
5/27/2025	1:21:02 PM	77.23006	77.13512	77.27008	77.31352	77.15850	77.19564	77.08697	77.16423	77.10980	77.18190	77.18144	77.09623	77.06124	76.64692
5/27/2025	1:21:06 PM	77.22973	77.13506	77.27013	77.31344	77.15833	77.19596	77.08744	77.16458	77.10998	77.18197	77.18145	77.09640	77.06142	76.64785
5/27/2025	1:21:09 PM	77.23023	77.13481	77.27014	77.31373	77.15833	77.19583	77.08747	77.16446	77.11020	77.18225	77.18145	77.09609	77.06133	76.64790
5/27/2025	1:21:13 PM	77.23018	77.13510	77.26996	77.31388	77.15795	77.19566	77.08713	77.16377	77.10976	77.18172	77.18076	77.09589	77.06100	76.64745
5/27/2025	1:21:17 PM	77.22964	77.13518	77.26981	77.31352	77.15805	77.19548	77.08709	77.16434	77.10974	77.18184	77.18132	77.09578	77.06122	76.64712
5/27/2025	1:21:20 PM	77.22923	77.13465	77.26941	77.31300	77.15759	77.19526	77.08702	77.16426	77.10945	77.18169	77.18122	77.09601	77.06101	76.64702
5/27/2025	1:21:24 PM	77.22956	77.13468	77.26988	77.31344	77.15819	77.19579	77.08756	77.16417	77.11021	77.18178	77.18139	77.09599	77.06178	76.64733
5/27/2025	1:21:27 PM	77.23023	77.13485	77.27005	77.31324	77.15815	77.19563	77.08706	77.16459	77.10982	77.18218	77.18136	77.09604	77.06142	76.64766
5/27/2025	1:21:31 PM	77.22990	77.13496	77.27013	77.31340	77.15807	77.19544	77.08724	77.16400	77.10974	77.18207	77.18087	77.09582	77.06140	76.64726
5/27/2025	1:21:34 PM	77.22950	77.13500	77.26988	77.31355	77.15780	77.19545	77.08698	77.16408	77.10971	77.18205	77.18162	77.09610	77.06137	76.64760
5/27/2025	1:21:38 PM	77.22959	77.13547	77.27045	77.31350	77.15803	77.19562	77.08699	77.16409	77.10935	77.18165	77.18116	77.09571	77.06101	76.64724
5/27/2025	1:21:42 PM	77.22969	77.13467	77.26943	77.31329	77.15785	77.19522	77.08687	77.16376	77.10937	77.18187	77.18120	77.09602	77.06129	76.64734
5/27/2025	1:21:45 PM	77.22950	77.13487	77.27001	77.31349	77.15767	77.19514	77.08695	77.16394	77.10941	77.18145	77.18103	77.09552	77.06124	76.64741
5/27/2025	1:21:49 PM	77.22925	77.13505	77.26995	77.31291	77.15778	77.19468	77.08682	77.16370	77.10936	77.18155	77.18118	77.09570	77.06158	76.64779
5/27/2025	1:21:52 PM	77.22987	77.13503	77.26987	77.31334	77.15775	77.19502	77.08686	77.16408	77.10977	77.18174	77.18089	77.09583	77.06184	76.64697
5/27/2025	1:21:56 PM	77.22979	77.13479	77.26980	77.31323	77.15780	77.19502	77.08650	77.16365	77.10981	77.18189	77.18143	77.09570	77.06148	76.64696
5/27/2025	1:22:00 PM	77.22930	77.13491	77.26992	77.31351	77.15794	77.19541	77.08704	77.16387	77.10922	77.18189	77.18068	77.09601	77.06119	76.64704
5/27/2025	1:22:03 PM	77.22936	77.13488	77.26985	77.31296	77.15790	77.19534	77.08720	77.16420	77.10974	77.18185	77.18115	77.09632	77.06181	76.64742
5/27/2025	1:22:07 PM	77.22953	77.13522	77.27031	77.31376	77.15830	77.19566	77.08690	77.16377	77.10926	77.18209	77.18097	77.09565	77.06151	76.64739
5/27/2025	1:22:10 PM	77.22974	77.13527	77.27102	77.31425	77.15873	77.19612	77.08756	77.16465	77.10999	77.18233	77.18157	77.09623	77.06236	76.64816
5/27/2025	1:22:14 PM	77.23017	77.13563	77.27042	77.31404	77.15843	77.19587	77.08692	77.16410	77.10982	77.18215	77.18143	77.09581	77.06187	76.64755
5/27/2025	1:22:18 PM	77.22969	77.13504	77.27045	77.31398	77.15861	77.19610	77.08753	77.16449	77.10987	77.18207	77.18143	77.09587	77.06213	76.64784
5/27/2025	1:22:21 PM	77.23001	77.13492	77.27023	77.31392	77.15841	77.19616	77.08736	77.16379	77.10937	77.18173	77.18143	77.09567	77.06220	76.64735
5/27/2025	1:22:25 PM	77.22964	77.13501	77.27021	77.31323	77.15793	77.19554	77.08705	77.16417	77.10954	77.18172	77.18120	77.09568	77.06223	76.64748
5/27/2025	1:22:28 PM	77.22969	77.13508	77.27022	77.31400	77.15841	77.19603	77.08753	77.16424	77.11007	77.18204	77.18147	77.09606	77.06196	76.64777
5/27/2025	1:22:32 PM	77.22965	77.13460	77.27007	77.31342	77.15803	77.19544	77.08725	77.16389	77.10967	77.18224	77.18156	77.09581	77.06209	76.64803
5/27/2025	1:22:36 PM	77.23008	77.13542	77.27020	77.31391	77.15874	77.19579	77.08749	77.16422	77.10991	77.18232	77.18188	77.09645	77.06274	76.64771
5/27/2025	1:22:39 PM	77.23014	77.13554	77.27101	77.31412	77.15839	77.19604	77.08762	77.16454	77.11006	77.18239	77.18184	77.09647	77.06253	76.64874
5/27/2025	1:22:43 PM	77.23051	77.13536	77.27056	77.31416	77.15883	77.19597	77.08737	77.16472	77.11007	77.18192	77.18169	77.09625	77.06233	76.64805
5/27/2025	1:22:46 PM	77.23039	77.13538	77.27054	77.31413	77.15856	77.19594	77.08723	77.16440	77.10987	77.18224	77.18128	77.09644	77.06276	76.64820
5/27/2025	1:22:50 PM	77.23033	77.13550	77.27038	77.31363	77.15813	77.19549	77.08685	77.16403	77.10951	77.18208	77.18138	77.09579	77.06236	76.64779
5/27/2025	1:22:53 PM	77.22999	77.13520	77.27045	77.31388	77.15836	77.19565	77.08704	77.16399	77.10975	77.18195	77.18122	77.09593	77.06238	76.64795
5/27/2025	1:22:57 PM	77.23017	77.13571	77.27068	77.31361	77.15813	77.19544	77.08725	77.16403	77.10958	77.18233	77.18113	77.09619	77.06227	76.64780
5/27/2025	1:23:01 PM	77.22976	77.13534	77.27035	77.31368	77.15823	77.19579	77.08743	77.16460	77.10991	77.18229	77.18169	77.09582	77.06295	76.64818
5/27/2025	1:23:04 PM	77.23038	77.13541	77.27024	77.31398	77.15868	77.19587	77.08756	77.16413	77.11011	77.18249	77.18175	77.09613	77.06248	76.64815
5/27/2025	1:23:08 PM	77.23031	77.13536	77.27054	77.31366	77.15857	77.19571	77.08740	77.16390	77.10950	77.18194	77.18128	77.09587	77.06245	76.64776
5/27/2025	1:23:11 PM	77.23000	77.13501	77.27054	77.31374	77.15838	77.19576	77.08709	77.16430	77.10984	77.18198	77.18141	77.09573	77.06271	76.64810
5/27/2025	1:23:15 PM	77.22984	77.13525	77.26998	77.31382	77.15829	77.19599	77.08740	77.16420	77.10968	77.18174	77.18145	77.09604	77.06262	76.64804
5/27/2025	1:23:18 PM	77.23018	77.13574	77.27030	77.31367	77.15820	77.19575	77.08697	77.16383	77.10965	77.18195	77.18099	77.09648	77.06231	76.64779
5/27/2025	1:23:22 PM	77.23012	77.13521	77.27019	77.31374	77.15848	77.19551	77.08700	77.16412	77.10950	77.18201	77.18101	77.09600	77.06257	76.64783
5/27/2025	1:23:26 PM	77.23022	77.13513	77.27036	77.31362	77.15816	77.19580	77.08709	77.16420	77.10985	77.18193	77.18181	77.09634	77.06279	76.64800
5/27/2025	1:23:29 PM	77.23027	77.13506	77.27042	77.31383	77.15861	77.19564	77.08714	77.16412	77.10994	77.18208	77.18143	77.09602	77.06254	76.64790
5/27/2025	1:23:33 PM	77.22999	77.13518	77.27015	77.31353	77.15771	77.19534	77.08681	77.16367	77.10944	77.18162	77.18129	77.09602	77.06244	76.64767
5/27/2025	1:23:36 PM	77.22981	77.13494	77.26972	77.31359	77.15789	77.19557	77.08679	77.16387	77.10945	77.18183	77.18100	77.09581	77.06254	76.64769
5/27/2025	1:23:40 PM	77.22974	77.13529	77.27030	77.31382	77.15868	77.19623	77.08703	77.16402	77.10953	77.18191	77.18119	77.09626	77.06283	76.64798
5/27/2025	1:23:44 PM	77.22970	77.13530	77.26991	77.31347	77.15817	77.19556	77.08706	77.16418	77.10972	77.18204	77.18097	77.09611	77.06277	76.64793
5/27/2025	1:23:47 PM	77.22990	77.13549	77.27054	77.31365	77.15823	77.19570	77.08701	77.16393	77.10950	77.18214	77.18121	77.09610	77.06259	76.64779
5/27/2025	1:23:51 PM	77.22989	77.13545	77.27057	77.31406	77.15870	77.19594	77.08707	77.16435	77.10960	77.18226	77.18112	77.09586	77.06245	76.64829
5/27/2025	1:23:54 PM	77.22960	77.13545	77.27018	77.31376	77.15833	77.19538	77.08697	77.16385	77.10920	77.18176	77.18089	77.09595	77.06239	76.64760
5/27/2025	1:23:58 PM	77.22987	77.13495	77.27021	77.31356	77.15825	77.19567	77.08727	77.16415	77.10932	77.18168	77.18089	77.09556	77.06269	76.64798
5/27/2025	1:24:02 PM	77.22975	77.13514	77.27020	77.31364	77.15832	77.19550	77.08717	77.16414	77.10939	77.18191	77.18120	77.09602	77.06289	76.64809
5/27/2025	1:24:05 PM	77.22996	77.13516	77.26970	77.31305	77.15812	77.19554	77.08658	77.16383	77.10912	77.18171	77.18106	77.09570	77.06268	76.64763
5/27/2025	1:24:09 PM	77.22964	77.13508	77.26986	77.31356	77.15808	77.19536	77.08686	77.16408	77.10942	77.18164	77.18131	77.09597	77.06254	76.64745
5/27/2025	1:24:12 PM	77.23002	77.13556	77.27008	77.31378	77.15840	77.19578	77.08674	77.16362	77.10916	77.18140	77.18103	77.09557	77.06262	76.64784
5/27/2025	1:24:16 PM	77.23064	77.13519	77.26965	77.31325	77.15800	77.19533	77.08671	77.16377	77.10927	77.18142	77.18135	77.09560	77.06262	76.64790
5/27/2025	1:24:20 PM	77.22998	77.13502	77.26965	77.31333	77.15801	77.19520	77.08670	77.16373	77.10887	77.18161	77.18086	77.09544	77.06249	76.64764
5/27/2025	1:24:23 PM	77.22957	77.13489	77.26992	77.31324	77.15783	77.19562	77.08642	77.16342	77.10914	77.18150	77.18099	77.09565	77.06233	76.64787
5/27/2025	1:24:27 PM	77.22967	77.13540	77.26984	77.31373	77.15784	77.19552	77.08683	77.16335	77.10911	77.18191	77.18106	77.09552	77.06233	76.64784
5/27/2025	1:24:30 PM	77.23002	77.13554	77.27014	77.31348	77.15807	77.19541	77.08752	77.16390	77.10977	77.18200	77.18128	77.09588	77.06274	76.64785
5/27/2025	1:24:34 PM	77.22981	77.13545	77.27024	77.31364	77.15828	77.19539	77.08693	77.16387	77.10938	77.18190	77.18137	77.09603	77.06304	76.64756
5/27/2025	1:24:38 PM	77.22994	77.13529	77.27039	77.31362	77.15817	77.19528	77.08682	77.16334	77.10952	77.18173	77.18097	77.09555	77.06280	76.64743
5/27/2025	1:24:41 PM	77.22964	77.13536	77.27013	77.31371	77.15812	77.19570	77.08712	77.16394	77.10905	77.18164	77.18105	77.09574	77.06282	76.64803
5/27/2025	1:24:45 PM	77.22988	77.13516	77.27020	77.31365	77.15810	77.19524	77.08699	77.16396	77.10921	77.18184	77.18079	77.09587	77.06303	76.64808
5/27/2025	1:24:48 PM	77.22957	77.13551	77.26995	77.31366	77.15802	77.19544	77.08693	77.16418	77.10973	77.18183	77.18120	77.09581	77.06275	76.64770
5/27/2025	1:24:52 PM	77.23016	77.13523	77.27032	77.31384	77.15872	77.19601	77.08738	77.16438	77.10989	77.18242	77.18146	77.09623	77.06329	76.64849
5/27/2025	1:24:55 PM	77.23041	77.13565	77.27047	77.31411	77.15890	77.19588	77.08749	77.16473	77.10982	77.18228	77.18162	77.09663	77.06348	76.64893
5/27/2025	1:24:59 PM	77.23076	77.13559	77.27031	77.31399	77.15888	77.19587	77.08776	77.16423	77.10989	77.18255	77.18187	77.09662	77.06381	76.64879
5/27/2025	1:25:02 PM	77.23039	77.13579	77.27077	77.31421	77.15923	77.19620	77.08768	77.16477	77.11016	77.18285	77.18236	77.09721	77.06388	76.64915
5/27/2025	1:25:06 PM	77.23106	77.13619	77.27091	77.31421	77.15892	77.19611	77.08731	77.16447	77.11019	77.18222	77.18187	77.09658	77.06351	76.64877
5/27/2025	1:25:09 PM	77.23057	77.13561	77.27037	77.31392	77.15858	77.19575	77.08726	77.16469	77.11005	77.18230	77.18192	77.09641	77.06361	76.64866
5/27/2025	1:25:13 PM	77.23020	77.13543	77.27021	77.31406	77.15858	77.19605	77.08712	77.16412	77.10943	77.18204	77.18145	77.09581	77.06352	76.64818
5/27/2025	1:25:16 PM	77.23041	77.13532	77.27038	77.31377	77.15838	77.19569	77.08729	77.16409	77.10979	77.18206	77.18166	77.09600	77.06303	76.64861
5/27/2025	1:25:20 PM	77.23017	77.13544	77.27017	77.31398	77.15848	77.19580	77.08748	77.16433	77.10977	77.18200	77.18121	77.09609	77.06334	76.64834
5/27/2025	1:25:24 PM	77.23018	77.13531	77.27029	77.31349	77.15824	77.19560	77.08739	77.16447	77.10948	77.18222	77.18168	77.09642	77.06329	76.64864
5/27/2025	1:25:27 PM	77.23036	77.13584	77.27069	77.31419	77.15846	77.19583	77.08728	77.16441	77.10967	77.18230	77.18169	77.09603	77.06336	76.64856
5/27/2025	1:25:31 PM	77.23021	77.13578	77.27034	77.31400	77.15873	77.19547	77.08740	77.16431	77.10984	77.18183	77.18172	77.09636	77.06309	76.64864
5/27/2025	1:25:34 PM	77.23033	77.13553	77.27082	77.31426	77.15873	77.19556	77.08726	77.16391	77.10951	77.18228	77.18111	77.09602	77.06290	76.64816
5/27/2025	1:25:38 PM	77.23023	77.13546	77.26994	77.31385	77.15828	77.19546	77.08719	77.16402	77.10978	77.18202	77.18135	77.09609	77.06327	76.64836
5/27/2025	1:25:42 PM	77.23027	77.13537	77.27075	77.31409	77.15819	77.19556	77.08719	77.16415	77.10994	77.18195	77.18157	77.09613	77.06306	76.64811
5/27/2025	1:25:45 PM	77.22978	77.13523	77.27029	77.31344	77.15812	77.19531	77.08692	77.16434	77.10918	77.18195	77.18155	77.09593	77.06314	76.64789
5/27/2025	1:25:49 PM	77.23003	77.13530	77.27023	77.31387	77.15794	77.19544	77.08697	77.16352	77.10930	77.18152	77.18110	77.09580	77.06305	76.64814
5/27/2025	1:25:52 PM	77.23018	77.13525	77.27008	77.31350	77.15821	77.19560	77.08685	77.16391	77.10945	77.18165	77.18097	77.09582	77.06288	76.64817
5/27/2025	1:25:56 PM	77.23010	77.13532	77.27034	77.31369	77.15834	77.19581	77.08678	77.16432	77.10981	77.18197	77.18131	77.09657	77.06293	76.64838
5/27/2025	1:25:59 PM	77.23001	77.13525	77.27053	77.31347	77.15836	77.19564	77.08720	77.16403	77.10936	77.18145	77.18142	77.09592	77.06315	76.64849
5/27/2025	1:26:03 PM	77.23038	77.13522	77.27097	77.31431	77.15839	77.19574	77.08746	77.16395	77.10963	77.18193	77.18132	77.09619	77.06322	76.64834
5/27/2025	1:26:07 PM	77.23046	77.13545	77.27070	77.31385	77.15835	77.19595	77.08750	77.16378	77.10937	77.18183	77.18162	77.09613	77.06292	76.64818
5/27/2025	1:26:10 PM	77.22993	77.13549	77.27033	77.31355	77.15847	77.19540	77.08712	77.16406	77.10931	77.18204	77.18156	77.09615	77.06296	76.64852
5/27/2025	1:26:14 PM	77.23009	77.13531	77.27073	77.31385	77.15842	77.19574	77.08717	77.16403	77.10968	77.18212	77.18159	77.09624	77.06301	76.64759
5/27/2025	1:26:18 PM	77.23059	77.13526	77.27059	77.31336	77.15801	77.19576	77.08745	77.16447	77.10991	77.18220	77.18189	77.09666	77.06313	76.64835
5/27/2025	1:26:21 PM	77.23004	77.13543	77.27022	77.31347	77.15787	77.19553	77.08701	77.16416	77.10949	77.18180	77.18159	77.09613	77.06293	76.64799
5/27/2025	1:26:25 PM	77.23018	77.13501	77.27010	77.31331	77.15780	77.19544	77.08697	77.16400	77.10934	77.18176	77.18140	77.09629	77.06293	76.64853
5/27/2025	1:26:28 PM	77.23037	77.13569	77.27030	77.31387	77.15843	77.19579	77.08785	77.16436	77.10962	77.18192	77.18133	77.09638	77.06339	76.64889
5/27/2025	1:26:32 PM	77.23079	77.13557	77.27091	77.31413	77.15806	77.19561	77.08722	77.16388	77.10951	77.18200	77.18089	77.09617	77.06286	76.64806
5/27/2025	1:26:35 PM	77.22990	77.13532	77.27017	77.31316	77.15787	77.19518	77.08660	77.16372	77.10956	77.18196	77.18132	77.09630	77.06255	76.64766
5/27/2025	1:26:39 PM	77.22971	77.13505	77.27005	77.31376	77.15802	77.19533	77.08647	77.16348	77.10880	77.18154	77.18096	77.09561	77.06225	76.64763
5/27/2025	1:26:43 PM	77.22941	77.13499	77.27011	77.31286	77.15781	77.19510	77.08677	77.16369	77.10918	77.18166	77.18128	77.09616	77.06314	76.64802
5/27/2025	1:26:46 PM	77.23024	77.13539	77.27056	77.31360	77.15763	77.19504	77.08636	77.16356	77.10929	77.18160	77.18106	77.09634	77.06318	76.64815
5/27/2025	1:26:50 PM	77.22981	77.13484	77.26990	77.31344	77.15795	77.19572	77.08663	77.16408	77.10940	77.18186	77.18124	77.09582	77.06280	76.64823
5/27/2025	1:26:53 PM	77.23035	77.13505	77.27036	77.31318	77.15767	77.19528	77.08693	77.16425	77.10936	77.18191	77.18135	77.09601	77.06281	76.64831
5/27/2025	1:26:57 PM	77.23018	77.13506	77.26959	77.31295	77.15790	77.19516	77.08669	77.16378	77.10870	77.18151	77.18106	77.09592	77.06277	76.64802
5/27/2025	1:27:01 PM	77.22965	77.13473	77.26999	77.31299	77.15744	77.19491	77.08679	77.16349	77.10843	77.18116	77.18089	77.09578	77.06289	76.64762
5/27/2025	1:27:04 PM	77.22988	77.13529	77.26989	77.31327	77.15800	77.19518	77.08678	77.16378	77.10881	77.18150	77.18129	77.09605	77.06289	76.64794
5/27/2025	1:27:08 PM	77.22975	77.13523	77.27018	77.31333	77.15742	77.19531	77.08627	77.16350	77.10861	77.18106	77.18109	77.09599	77.06281	76.64780
5/27/2025	1:27:11 PM	77.23006	77.13524	77.26998	77.31306	77.15764	77.19497	77.08708	77.16372	77.10911	77.18125	77.18103	77.09617	77.06252	76.64812
5/27/2025	1:27:15 PM	77.22970	77.13503	77.26983	77.31283	77.15744	77.19507	77.08653	77.16316	77.10864	77.18106	77.18090	77.09579	77.06265	76.64767
5/27/2025	1:27:19 PM	77.22990	77.13527	77.26991	77.31280	77.15711	77.19503	77.08651	77.16287	77.10845	77.18073	77.18056	77.09542	77.06265	76.64794
5/27/2025	1:27:22 PM	77.22975	77.13516	77.26990	77.31283	77.15740	77.19518	77.08665	77.16352	77.10852	77.18108	77.18087	77.09607	77.06257	76.64772
5/27/2025	1:27:26 PM	77.22965	77.13493	77.26971	77.31297	77.15760	77.19526	77.08655	77.16317	77.10869	77.18089	77.18044	77.09509	77.06211	76.64752
5/27/2025	1:27:29 PM	77.22978	77.13479	77.26950	77.31275	77.15723	77.19498	77.08632	77.16358	77.10918	77.18153	77.18116	77.09587	77.06250	76.64739
5/27/2025	1:27:33 PM	77.22993	77.13504	77.26985	77.31288	77.15720	77.19460	77.08649	77.16365	77.10869	77.18074	77.18106	77.09597	77.06242	76.64748
5/27/2025	1:27:36 PM	77.23006	77.13498	77.26935	77.31255	77.15706	77.19472	77.08638	77.16347	77.10894	77.18119	77.18087	77.09587	77.06264	76.64754
5/27/2025	1:27:40 PM	77.22941	77.13472	77.26924	77.31260	77.15730	77.19480	77.08595	77.16305	77.10826	77.18134	77.18075	77.09551	77.06268	76.64776
5/27/2025	1:27:44 PM	77.22951	77.13493	77.26979	77.31312	77.15716	77.19488	77.08703	77.16351	77.10904	77.18144	77.18093	77.09617	77.06245	76.64787
5/27/2025	1:27:47 PM	77.23014	77.13543	77.26997	77.31289	77.15748	77.19524	77.08671	77.16339	77.10901	77.18156	77.18107	77.09571	77.06236	76.64757
5/27/2025	1:27:51 PM	77.22992	77.13513	77.26970	77.31270	77.15732	77.19478	77.08643	77.16342	77.10861	77.18117	77.18078	77.09538	77.06246	76.64766
5/27/2025	1:27:54 PM	77.22982	77.13450	77.26942	77.31242	77.15761	77.19505	77.08674	77.16324	77.10885	77.18134	77.18097	77.09592	77.06245	76.64760
5/27/2025	1:27:58 PM	77.23006	77.13481	77.26966	77.31213	77.15724	77.19495	77.08642	77.16324	77.10869	77.18074	77.18048	77.09516	77.06221	76.64751
5/27/2025	1:28:02 PM	77.22965	77.13466	77.26996	77.31207	77.15690	77.19485	77.08633	77.16353	77.10870	77.18100	77.18060	77.09620	77.06249	76.64776
5/27/2025	1:28:05 PM	77.22960	77.13505	77.26987	77.31224	77.15704	77.19486	77.08665	77.16342	77.10873	77.18102	77.18074	77.09568	77.06178	76.64740
5/27/2025	1:28:09 PM	77.22937	77.13458	77.26894	77.31205	77.15674	77.19444	77.08608	77.16308	77.10851	77.18057	77.18042	77.09548	77.06208	76.64745
5/27/2025	1:28:12 PM	77.22941	77.13464	77.26938	77.31210	77.15663	77.19436	77.08629	77.16284	77.10843	77.18086	77.18081	77.09554	77.06217	76.64752
5/27/2025	1:28:16 PM	77.22951	77.13478	77.26923	77.31262	77.15715	77.19445	77.08585	77.16305	77.10802	77.18067	77.18003	77.09520	77.06190	76.64749
5/27/2025	1:28:19 PM	77.22948	77.13429	77.26904	77.31174	77.15644	77.19426	77.08590	77.16266	77.10802	77.18061	77.18027	77.09559	77.06175	76.64722
5/27/2025	1:28:23 PM	77.22936	77.13459	77.26907	77.31202	77.15673	77.19437	77.08597	77.16308	77.10813	77.18085	77.18051	77.09570	77.06231	76.64740
5/27/2025	1:28:27 PM	77.22991	77.13490	77.26944	77.31210	77.15686	77.19437	77.08638	77.16350	77.10873	77.18117	77.18059	77.09577	77.06231	76.64753
5/27/2025	1:28:30 PM	77.23008	77.13529	77.26998	77.31245	77.15716	77.19480	77.08676	77.16358	77.10897	77.18120	77.18102	77.09614	77.06214	76.64772
5/27/2025	1:28:34 PM	77.22980	77.13505	77.26922	77.31204	77.15676	77.19441	77.08607	77.16313	77.10854	77.18101	77.18044	77.09563	77.06194	76.64774
5/27/2025	1:28:37 PM	77.23002	77.13480	77.26909	77.31210	77.15646	77.19431	77.08595	77.16300	77.10806	77.18033	77.18030	77.09547	77.06201	76.64754
5/27/2025	1:28:41 PM	77.22946	77.13455	77.26884	77.31235	77.15653	77.19442	77.08594	77.16269	77.10816	77.18062	77.18061	77.09559	77.06194	76.64707
5/27/2025	1:28:44 PM	77.22948	77.13424	77.26924	77.31203	77.15692	77.19408	77.08584	77.16285	77.10800	77.18039	77.17993	77.09547	77.06163	76.64717
5/27/2025	1:28:48 PM	77.22901	77.13390	77.26887	77.31192	77.15658	77.19397	77.08590	77.16273	77.10812	77.18031	77.18003	77.09512	77.06184	76.64709
5/27/2025	1:28:52 PM	77.22906	77.13446	77.26917	77.31164	77.15671	77.19372	77.08585	77.16229	77.10763	77.18008	77.17986	77.09487	77.06141	76.64675
5/27/2025	1:28:55 PM	77.22942	77.13433	77.26928	77.31146	77.15613	77.19380	77.08560	77.16215	77.10787	77.18042	77.18004	77.09508	77.06159	76.64703
5/27/2025	1:28:59 PM	77.22903	77.13423	77.26887	77.31165	77.15675	77.19381	77.08593	77.16249	77.10774	77.18049	77.18000	77.09525	77.06187	76.64706
5/27/2025	1:29:02 PM	77.22898	77.13447	77.26889	77.31165	77.15643	77.19410	77.08605	77.16261	77.10779	77.18062	77.18006	77.09534	77.06211	76.64715
5/27/2025	1:29:06 PM	77.22958	77.13450	77.26924	77.31188	77.15685	77.19433	77.08588	77.16273	77.10820	77.18058	77.18026	77.09545	77.06137	76.64709
5/27/2025	1:29:09 PM	77.22917	77.13404	77.26874	77.31162	77.15632	77.19416	77.08575	77.16239	77.10787	77.18051	77.18011	77.09470	77.06148	76.64705
5/27/2025	1:29:13 PM	77.22924	77.13404	77.26880	77.31195	77.15666	77.19385	77.08559	77.16182	77.10789	77.18028	77.18013	77.09499	77.06134	76.64687
5/27/2025	1:29:17 PM	77.22896	77.13405	77.26864	77.31158	77.15627	77.19417	77.08576	77.16219	77.10793	77.18052	77.18014	77.09477	77.06156	76.64684
5/27/2025	1:29:20 PM	77.22912	77.13385	77.26843	77.31178	77.15639	77.19399	77.08573	77.16233	77.10832	77.18067	77.18002	77.09535	77.06174	76.64737
5/27/2025	1:29:24 PM	77.22909	77.13444	77.26887	77.31196	77.15628	77.19447	77.08583	77.16227	77.10751	77.18015	77.17996	77.09547	77.06209	76.64729
5/27/2025	1:29:27 PM	77.22944	77.13463	77.26917	77.31194	77.15634	77.19480	77.08613	77.16271	77.10791	77.18067	77.17996	77.09530	77.06160	76.64702
5/27/2025	1:29:31 PM	77.22913	77.13393	77.26869	77.31149	77.15637	77.19395	77.08564	77.16218	77.10795	77.18023	77.18016	77.09509	77.06148	76.64715
5/27/2025	1:29:35 PM	77.22929	77.13395	77.26871	77.31129	77.15603	77.19415	77.08572	77.16225	77.10758	77.18022	77.17993	77.09505	77.06149	76.64676
5/27/2025	1:29:38 PM	77.22929	77.13458	77.26894	77.31160	77.15627	77.19402	77.08580	77.16221	77.10775	77.18034	77.17972	77.09477	77.06164	76.64683
5/27/2025	1:29:42 PM	77.22910	77.13401	77.26826	77.31091	77.15624	77.19374	77.08537	77.16207	77.10797	77.18005	77.17998	77.09517	77.06189	76.64706
5/27/2025	1:29:45 PM	77.22943	77.13441	77.26907	77.31180	77.15677	77.19400	77.08547	77.16203	77.10778	77.18016	77.17968	77.09501	77.06131	76.64714
5/27/2025	1:29:49 PM	77.22930	77.13393	77.26867	77.31137	77.15636	77.19374	77.08605	77.16194	77.10756	77.17974	77.17971	77.09497	77.06157	76.64684
5/27/2025	1:29:53 PM	77.22923	77.13415	77.26881	77.31133	77.15650	77.19365	77.08544	77.16210	77.10745	77.17978	77.17976	77.09471	77.06122	76.64652
5/27/2025	1:29:56 PM	77.22846	77.13405	77.26792	77.31110	77.15598	77.19369	77.08535	77.16219	77.10714	77.17988	77.17928	77.09457	77.06128	76.64652
5/27/2025	1:30:00 PM	77.22873	77.13349	77.26779	77.31101	77.15592	77.19358	77.08502	77.16204	77.10762	77.18041	77.18007	77.09476	77.06060	76.64731
5/27/2025	1:30:03 PM	77.22933	77.13407	77.26830	77.31114	77.15657	77.19363	77.08516	77.16191	77.10769	77.17999	77.17966	77.09494	77.06120	76.64662
5/27/2025	1:30:07 PM	77.22896	77.13407	77.26838	77.31108	77.15608	77.19326	77.08530	77.16231	77.10775	77.17982	77.17974	77.09463	77.06133	76.64672
5/27/2025	1:30:11 PM	77.22890	77.13370	77.26851	77.31122	77.15620	77.19343	77.08540	77.16213	77.10758	77.17988	77.17969	77.09536	77.06148	76.64694
5/27/2025	1:30:14 PM	77.22882	77.13434	77.26830	77.31109	77.15591	77.19379	77.08524	77.16189	77.10753	77.18038	77.18002	77.09501	77.06145	76.64654
5/27/2025	1:30:18 PM	77.22883	77.13358	77.26813	77.31090	77.15606	77.19369	77.08464	77.16156	77.10700	77.17967	77.17953	77.09463	77.06130	76.64690
5/27/2025	1:30:21 PM	77.22923	77.13371	77.26845	77.31109	77.15603	77.19324	77.08485	77.16177	77.10754	77.17999	77.18002	77.09464	77.06116	76.64664
5/27/2025	1:30:25 PM	77.22862	77.13365	77.26761	77.31108	77.15611	77.19290	77.08480	77.16098	77.10677	77.17914	77.17924	77.09444	77.06078	76.64650
5/27/2025	1:30:28 PM	77.22847	77.13341	77.26776	77.31074	77.15597	77.19313	77.08469	77.16130	77.10711	77.17955	77.17942	77.09462	77.06065	76.64626
5/27/2025	1:30:32 PM	77.22868	77.13385	77.26802	77.31067	77.15578	77.19329	77.08498	77.16163	77.10683	77.17968	77.17897	77.09406	77.06066	76.64671
5/27/2025	1:30:36 PM	77.22843	77.13368	77.26790	77.31102	77.15563	77.19320	77.08457	77.16120	77.10705	77.17921	77.17904	77.09401	77.06042	76.64607
5/27/2025	1:30:39 PM	77.22844	77.13357	77.26804	77.31064	77.15595	77.19339	77.08501	77.16149	77.10664	77.17958	77.17890	77.09458	77.06122	76.64664
5/27/2025	1:30:43 PM	77.22914	77.13399	77.26804	77.31115	77.15559	77.19296	77.08487	77.16150	77.10704	77.17936	77.17880	77.09422	77.06058	76.64649
5/27/2025	1:30:47 PM	77.22876	77.13345	77.26797	77.31072	77.15562	77.19269	77.08433	77.16113	77.10675	77.17929	77.17901	77.09429	77.06041	76.64618
5/27/2025	1:30:50 PM	77.22814	77.13321	77.26721	77.31039	77.15574	77.19285	77.08474	77.16116	77.10680	77.17915	77.17903	77.09428	77.06078	76.64576
5/27/2025	1:30:54 PM	77.22833	77.13326	77.26741	77.31040	77.15550	77.19268	77.08420	77.16105	77.10658	77.17884	77.17851	77.09391	77.06054	76.64617
5/27/2025	1:30:57 PM	77.22868	77.13366	77.26721	77.31040	77.15521	77.19212	77.08434	77.16069	77.10630	77.17921	77.17888	77.09406	77.06055	76.64624
5/27/2025	1:31:01 PM	77.22820	77.13393	77.26789	77.31068	77.15566	77.19271	77.08476	77.16154	77.10706	77.17914	77.17927	77.09411	77.06064	76.64650
5/27/2025	1:31:05 PM	77.22838	77.13375	77.26758	77.31062	77.15604	77.19292	77.08502	77.16177	77.10704	77.17972	77.17917	77.09450	77.06111	76.64628
5/27/2025	1:31:08 PM	77.22879	77.13381	77.26794	77.31065	77.15572	77.19321	77.08497	77.16150	77.10711	77.17961	77.17911	77.09434	77.06075	76.64614
5/27/2025	1:31:12 PM	77.22872	77.13346	77.26748	77.31063	77.15570	77.19273	77.08447	77.16105	77.10665	77.17934	77.17904	77.09436	77.06061	76.64625
5/27/2025	1:31:15 PM	77.22852	77.13374	77.26767	77.31073	77.15583	77.19279	77.08441	77.16102	77.10723	77.17938	77.17891	77.09445	77.06083	76.64626
5/27/2025	1:31:19 PM	77.22849	77.13332	77.26724	77.31074	77.15594	77.19262	77.08478	77.16136	77.10668	77.17945	77.17912	77.09423	77.06085	76.64690
5/27/2025	1:31:22 PM	77.22822	77.13320	77.26749	77.31065	77.15547	77.19300	77.08449	77.16132	77.10694	77.17932	77.17898	77.09446	77.06039	76.64633
5/27/2025	1:31:26 PM	77.22858	77.13341	77.26745	77.31031	77.15567	77.19231	77.08457	77.16062	77.10649	77.17888	77.17858	77.09393	77.05997	76.64556
5/27/2025	1:31:30 PM	77.22823	77.13346	77.26723	77.31063	77.15571	77.19272	77.08456	77.16139	77.10697	77.17943	77.17891	77.09401	77.06025	76.64638
5/27/2025	1:31:33 PM	77.22819	77.13304	77.26725	77.31058	77.15547	77.19268	77.08464	77.16122	77.10662	77.17944	77.17886	77.09416	77.06037	76.64589
5/27/2025	1:31:37 PM	77.22801	77.13295	77.26723	77.31027	77.15511	77.19224	77.08426	77.16106	77.10658	77.17918	77.17854	77.09323	77.06026	76.64561
5/27/2025	1:31:40 PM	77.22815	77.13303	77.26716	77.31031	77.15546	77.19253	77.08378	77.16088	77.10630	77.17872	77.17851	77.09342	77.06003	76.64575
5/27/2025	1:31:44 PM	77.22830	77.13345	77.26758	77.31027	77.15509	77.19262	77.08411	77.16122	77.10667	77.17896	77.17902	77.09366	77.06028	76.64591
5/27/2025	1:31:48 PM	77.22757	77.13278	77.26733	77.31066	77.15515	77.19248	77.08447	77.16168	77.10661	77.17920	77.17902	77.09405	77.06024	76.64596
5/27/2025	1:31:51 PM	77.22833	77.13321	77.26698	77.31066	77.15511	77.19269	77.08453	77.16121	77.10677	77.17880	77.17845	77.09364	77.05995	76.64593
5/27/2025	1:31:55 PM	77.22785	77.13311	77.26684	77.31024	77.15488	77.19218	77.08385	77.16092	77.10599	77.17912	77.17861	77.09398	77.05983	76.64545
5/27/2025	1:31:59 PM	77.22777	77.13324	77.26695	77.31026	77.15521	77.19265	77.08412	77.16112	77.10671	77.17984	77.17908	77.09387	77.06061	76.64599
5/27/2025	1:32:02 PM	77.22782	77.13287	77.26719	77.31045	77.15534	77.19260	77.08410	77.16085	77.10681	77.17940	77.17889	77.09400	77.06020	76.64560
5/27/2025	1:32:06 PM	77.22822	77.13316	77.26736	77.31052	77.15512	77.19258	77.08399	77.16094	77.10650	77.17909	77.17902	77.09397	77.06046	76.64580
5/27/2025	1:32:09 PM	77.22766	77.13286	77.26680	77.31033	77.15486	77.19235	77.08446	77.16109	77.10648	77.17887	77.17881	77.09371	77.05999	76.64576
5/27/2025	1:32:13 PM	77.22800	77.13350	77.26737	77.31024	77.15527	77.19273	77.08402	77.16103	77.10614	77.17895	77.17838	77.09396	77.06004	76.64571
5/27/2025	1:32:17 PM	77.22809	77.13318	77.26699	77.31052	77.15529	77.19243	77.08420	77.16080	77.10646	77.17892	77.17860	77.09403	77.06023	76.64558
5/27/2025	1:32:20 PM	77.22799	77.13309	77.26725	77.31035	77.15520	77.19261	77.08369	77.16060	77.10639	77.17915	77.17860	77.09390	77.06069	76.64602
5/27/2025	1:32:24 PM	77.22834	77.13348	77.26718	77.31019	77.15498	77.19300	77.08427	77.16068	77.10669	77.17918	77.17861	77.09384	77.06023	76.64562
5/27/2025	1:32:27 PM	77.22812	77.13309	77.26704	77.31016	77.15499	77.19266	77.08399	77.16074	77.10662	77.17930	77.17869	77.09381	77.06055	76.64599
5/27/2025	1:32:31 PM	77.22816	77.13342	77.26708	77.31020	77.15487	77.19267	77.08409	77.16088	77.10700	77.17910	77.17889	77.09406	77.06047	76.64597
5/27/2025	1:32:34 PM	77.22809	77.13332	77.26729	77.31094	77.15501	77.19262	77.08429	77.16101	77.10693	77.17960	77.17932	77.09386	77.06041	76.64633
5/27/2025	1:32:38 PM	77.22832	77.13297	77.26723	77.31032	77.15517	77.19273	77.08446	77.16095	77.10649	77.17933	77.17875	77.09374	77.06001	76.64550
5/27/2025	1:32:42 PM	77.22821	77.13287	77.26688	77.31037	77.15499	77.19275	77.08385	77.16095	77.10658	77.17901	77.17888	77.09403	77.06000	76.64588
5/27/2025	1:32:45 PM	77.22781	77.13307	77.26719	77.31023	77.15482	77.19262	77.08395	77.16050	77.10638	77.17880	77.17817	77.09315	77.05958	76.64546
5/27/2025	1:32:49 PM	77.22736	77.13226	77.26646	77.30967	77.15445	77.19255	77.08386	77.16032	77.10616	77.17863	77.17851	77.09334	77.05975	76.64541
5/27/2025	1:32:52 PM	77.22753	77.13201	77.26667	77.31003	77.15439	77.19237	77.08367	77.16011	77.10594	77.17847	77.17832	77.09296	77.05962	76.64538
5/27/2025	1:32:56 PM	77.22776	77.13256	77.26630	77.30960	77.15396	77.19187	77.08354	77.16041	77.10582	77.17820	77.17754	77.09245	77.05962	76.64534
5/27/2025	1:32:59 PM	77.22697	77.13193	77.26622	77.30969	77.15423	77.19207	77.08309	77.16004	77.10590	77.17828	77.17815	77.09310	77.05983	76.64501
5/27/2025	1:33:03 PM	77.22744	77.13209	77.26672	77.30977	77.15466	77.19192	77.08361	77.16054	77.10643	77.17857	77.17827	77.09329	77.05957	76.64523
5/27/2025	1:33:07 PM	77.22775	77.13268	77.26673	77.30946	77.15455	77.19202	77.08384	77.16024	77.10597	77.17857	77.17828	77.09331	77.06002	76.64543
5/27/2025	1:33:10 PM	77.22707	77.13176	77.26652	77.30925	77.15407	77.19208	77.08367	77.16005	77.10560	77.17813	77.17781	77.09294	77.05908	76.64508
5/27/2025	1:33:14 PM	77.22755	77.13207	77.26624	77.30973	77.15427	77.19189	77.08335	77.15994	77.10624	77.17871	77.17809	77.09287	77.05928	76.64505
5/27/2025	1:33:17 PM	77.22736	77.13206	77.26629	77.30975	77.15436	77.19220	77.08336	77.16010	77.10586	77.17810	77.17810	77.09315	77.05929	76.64490
5/27/2025	1:33:21 PM	77.22734	77.13218	77.26655	77.30960	77.15446	77.19239	77.08399	77.16029	77.10582	77.17824	77.17823	77.09312	77.05938	76.64501
5/27/2025	1:33:24 PM	77.22730	77.13183	77.26616	77.30940	77.15391	77.19181	77.08357	77.16034	77.10560	77.17822	77.17808	77.09294	77.05936	76.64507
5/27/2025	1:33:28 PM	77.22705	77.13208	77.26629	77.30948	77.15396	77.19113	77.08302	77.15983	77.10558	77.17826	77.17785	77.09284	77.05946	76.64497
5/27/2025	1:33:32 PM	77.22680	77.13214	77.26608	77.30868	77.15341	77.19134	77.08290	77.15936	77.10519	77.17808	77.17767	77.09304	77.05890	76.64453
5/27/2025	1:33:35 PM	77.22727	77.13201	77.26620	77.30888	77.15402	77.19164	77.08330	77.15944	77.10524	77.17799	77.17777	77.09252	77.05907	76.64466
5/27/2025	1:33:39 PM	77.22686	77.13132	77.26604	77.30874	77.15341	77.19104	77.08255	77.15955	77.10545	77.17766	77.17742	77.09219	77.05889	76.64401
5/27/2025	1:33:42 PM	77.22655	77.13143	77.26579	77.30882	77.15357	77.19155	77.08275	77.15948	77.10539	77.17799	77.17757	77.09281	77.05914	76.64505
5/27/2025	1:33:46 PM	77.22691	77.13203	77.26617	77.30904	77.15391	77.19166	77.08376	77.15971	77.10541	77.17841	77.17765	77.09243	77.05923	76.64491
5/27/2025	1:33:50 PM	77.22684	77.13166	77.26577	77.30875	77.15376	77.19154	77.08278	77.15992	77.10562	77.17816	77.17790	77.09282	77.05914	76.64494
5/27/2025	1:33:53 PM	77.22711	77.13201	77.26622	77.30950	77.15416	77.19172	77.08333	77.16024	77.10562	77.17835	77.17803	77.09279	77.05919	76.64504
5/27/2025	1:33:57 PM	77.22667	77.13162	77.26588	77.30950	77.15382	77.19109	77.08290	77.15944	77.10556	77.17821	77.17809	77.09275	77.05947	76.64511
5/27/2025	1:34:00 PM	77.22715	77.13225	77.26649	77.30932	77.15408	77.19182	77.08338	77.16002	77.10574	77.17793	77.17754	77.09300	77.05923	76.64486
5/27/2025	1:34:04 PM	77.22697	77.13188	77.26603	77.30873	77.15374	77.19140	77.08285	77.15965	77.10561	77.17844	77.17772	77.09312	77.05962	76.64530
5/27/2025	1:34:07 PM	77.22674	77.13212	77.26648	77.30939	77.15436	77.19172	77.08322	77.15985	77.10563	77.17848	77.17792	77.09316	77.05938	76.64519
5/27/2025	1:34:11 PM	77.22679	77.13202	77.26613	77.30870	77.15409	77.19147	77.08311	77.16013	77.10527	77.17803	77.17792	77.09254	77.05930	76.64496
5/27/2025	1:34:15 PM	77.22718	77.13205	77.26631	77.30895	77.15393	77.19177	77.08297	77.15959	77.10588	77.17839	77.17792	77.09246	77.05897	76.64505
5/27/2025	1:34:18 PM	77.22670	77.13170	77.26629	77.30890	77.15413	77.19154	77.08282	77.15956	77.10544	77.17765	77.17732	77.09214	77.05888	76.64462
5/27/2025	1:34:22 PM	77.22652	77.13146	77.26561	77.30856	77.15355	77.19084	77.08231	77.15922	77.10493	77.17774	77.17759	77.09247	77.05910	76.64468
5/27/2025	1:34:25 PM	77.22685	77.13159	77.26573	77.30876	77.15388	77.19101	77.08242	77.15971	77.10555	77.17751	77.17727	77.09268	77.05877	76.64496
5/27/2025	1:34:29 PM	77.22675	77.13161	77.26585	77.30882	77.15372	77.19105	77.08295	77.15961	77.10519	77.17757	77.17730	77.09230	77.05899	76.64495
5/27/2025	1:34:33 PM	77.22687	77.13170	77.26542	77.30882	77.15388	77.19094	77.08281	77.15942	77.10521	77.17796	77.17738	77.09261	77.05895	76.64448
5/27/2025	1:34:36 PM	77.22657	77.13161	77.26580	77.30878	77.15369	77.19102	77.08291	77.15955	77.10509	77.17772	77.17757	77.09204	77.05885	76.64481
5/27/2025	1:34:40 PM	77.22661	77.13129	77.26553	77.30847	77.15346	77.19102	77.08218	77.15949	77.10532	77.17749	77.17716	77.09183	77.05861	76.64425
5/27/2025	1:34:43 PM	77.22630	77.13109	77.26586	77.30864	77.15335	77.19088	77.08246	77.15939	77.10524	77.17786	77.17725	77.09243	77.05886	76.64473
5/27/2025	1:34:47 PM	77.22675	77.13142	77.26585	77.30885	77.15389	77.19107	77.08287	77.15976	77.10503	77.17759	77.17703	77.09225	77.05846	76.64446
5/27/2025	1:34:51 PM	77.22611	77.13119	77.26553	77.30829	77.15342	77.19124	77.08243	77.15907	77.10542	77.17746	77.17685	77.09154	77.05821	76.64435
5/27/2025	1:34:54 PM	77.22589	77.13100	77.26510	77.30808	77.15316	77.19079	77.08181	77.15870	77.10464	77.17728	77.17683	77.09163	77.05852	76.64437
5/27/2025	1:34:58 PM	77.22615	77.13075	77.26476	77.30798	77.15298	77.19052	77.08247	77.15934	77.10519	77.17744	77.17711	77.09195	77.05836	76.64455
5/27/2025	1:35:01 PM	77.22624	77.13121	77.26497	77.30827	77.15298	77.19093	77.08213	77.15908	77.10455	77.17716	77.17685	77.09176	77.05833	76.64423
5/27/2025	1:35:05 PM	77.22629	77.13112	77.26526	77.30819	77.15326	77.19090	77.08240	77.15940	77.10472	77.17727	77.17681	77.09182	77.05852	76.64453
5/27/2025	1:35:08 PM	77.22630	77.13121	77.26530	77.30832	77.15366	77.19109	77.08220	77.15906	77.10459	77.17679	77.17697	77.09188	77.05878	76.64424
5/27/2025	1:35:12 PM	77.22637	77.13150	77.26553	77.30838	77.15336	77.19060	77.08215	77.15913	77.10493	77.17766	77.17730	77.09238	77.05879	76.64468
5/27/2025	1:35:16 PM	77.22655	77.13142	77.26537	77.30834	77.15366	77.19115	77.08248	77.15900	77.10478	77.17724	77.17723	77.09217	77.05845	76.64487
5/27/2025	1:35:19 PM	77.22624	77.13130	77.26542	77.30865	77.15341	77.19072	77.08224	77.15910	77.10502	77.17779	77.17662	77.09202	77.05839	76.64467
5/27/2025	1:35:23 PM	77.22587	77.13075	77.26495	77.30823	77.15327	77.19056	77.08222	77.15884	77.10460	77.17690	77.17671	77.09149	77.05827	76.64428
5/27/2025	1:35:26 PM	77.22641	77.13122	77.26517	77.30813	77.15358	77.19091	77.08237	77.15956	77.10475	77.17728	77.17729	77.09191	77.05805	76.64424
5/27/2025	1:35:30 PM	77.22615	77.13107	77.26523	77.30801	77.15301	77.19079	77.08208	77.15914	77.10454	77.17708	77.17681	77.09175	77.05848	76.64398
5/27/2025	1:35:34 PM	77.22580	77.13128	77.26514	77.30829	77.15345	77.19049	77.08205	77.15912	77.10434	77.17715	77.17661	77.09174	77.05828	76.64404
5/27/2025	1:35:37 PM	77.22597	77.13152	77.26512	77.30800	77.15312	77.19121	77.08211	77.15898	77.10505	77.17697	77.17663	77.09194	77.05805	76.64414
5/27/2025	1:35:41 PM	77.22589	77.13142	77.26518	77.30813	77.15298	77.19047	77.08213	77.15902	77.10459	77.17747	77.17712	77.09177	77.05843	76.64428
5/27/2025	1:35:44 PM	77.22625	77.13122	77.26471	77.30806	77.15335	77.19067	77.08196	77.15906	77.10473	77.17721	77.17669	77.09162	77.05848	76.64386
5/27/2025	1:35:48 PM	77.22605	77.13123	77.26513	77.30845	77.15359	77.19039	77.08210	77.15894	77.10503	77.17699	77.17687	77.09182	77.05840	76.64445
5/27/2025	1:35:52 PM	77.22631	77.13121	77.26488	77.30772	77.15273	77.19089	77.08219	77.15899	77.10509	77.17690	77.17677	77.09180	77.05838	76.64408
5/27/2025	1:35:55 PM	77.22596	77.13097	77.26480	77.30796	77.15318	77.19074	77.08195	77.15909	77.10461	77.17713	77.17676	77.09121	77.05849	76.64395
5/27/2025	1:35:59 PM	77.22545	77.13077	77.26524	77.30797	77.15324	77.19065	77.08225	77.15895	77.10484	77.17704	77.17664	77.09201	77.05827	76.64419
5/27/2025	1:36:02 PM	77.22605	77.13089	77.26512	77.30748	77.15303	77.19057	77.08173	77.15903	77.10450	77.17686	77.17664	77.09194	77.05800	76.64419
5/27/2025	1:36:06 PM	77.22599	77.13092	77.26470	77.30796	77.15257	77.19029	77.08229	77.15863	77.10424	77.17718	77.17681	77.09143	77.05826	76.64414
5/27/2025	1:36:10 PM	77.22565	77.13071	77.26456	77.30798	77.15263	77.19033	77.08192	77.15882	77.10460	77.17665	77.17650	77.09139	77.05800	76.64410
5/27/2025	1:36:13 PM	77.22565	77.13095	77.26489	77.30801	77.15277	77.19092	77.08197	77.15892	77.10442	77.17707	77.17669	77.09167	77.05780	76.64378
5/27/2025	1:36:17 PM	77.22594	77.13085	77.26466	77.30785	77.15270	77.19011	77.08162	77.15865	77.10434	77.17668	77.17607	77.09100	77.05745	76.64341
5/27/2025	1:36:20 PM	77.22547	77.13044	77.26443	77.30765	77.15293	77.19031	77.08201	77.15861	77.10411	77.17665	77.17596	77.09109	77.05772	76.64363
5/27/2025	1:36:24 PM	77.22501	77.13036	77.26451	77.30716	77.15229	77.19005	77.08177	77.15876	77.10429	77.17696	77.17633	77.09144	77.05807	76.64345
5/27/2025	1:36:28 PM	77.22553	77.13095	77.26436	77.30774	77.15271	77.19030	77.08185	77.15861	77.10459	77.17647	77.17602	77.09134	77.05737	76.64313
5/27/2025	1:36:31 PM	77.22582	77.13069	77.26474	77.30770	77.15265	77.19053	77.08194	77.15882	77.10462	77.17683	77.17636	77.09120	77.05771	76.64338
5/27/2025	1:36:35 PM	77.22525	77.13077	77.26463	77.30757	77.15262	77.19021	77.08162	77.15839	77.10396	77.17659	77.17631	77.09111	77.05754	76.64347
5/27/2025	1:36:38 PM	77.22529	77.13025	77.26420	77.30741	77.15254	77.18997	77.08139	77.15844	77.10411	77.17662	77.17572	77.09110	77.05763	76.64334
5/27/2025	1:36:42 PM	77.22505	77.13051	77.26456	77.30723	77.15252	77.19007	77.08142	77.15843	77.10395	77.17659	77.17621	77.09078	77.05739	76.64292
5/27/2025	1:36:46 PM	77.22504	77.13017	77.26393	77.30687	77.15215	77.18967	77.08115	77.15772	77.10340	77.17603	77.17577	77.09083	77.05757	76.64300
5/27/2025	1:36:49 PM	77.22487	77.13013	77.26391	77.30726	77.15175	77.18947	77.08095	77.15812	77.10391	77.17634	77.17596	77.09075	77.05721	76.64354
5/27/2025	1:36:53 PM	77.22557	77.13065	77.26408	77.30712	77.15231	77.18942	77.08118	77.15838	77.10381	77.17659	77.17611	77.09079	77.05719	76.64329
5/27/2025	1:36:56 PM	77.22503	77.13067	77.26392	77.30696	77.15205	77.19026	77.08136	77.15828	77.10392	77.17653	77.17567	77.09075	77.05724	76.64332
5/27/2025	1:37:00 PM	77.22520	77.12996	77.26430	77.30738	77.15227	77.18970	77.08133	77.15805	77.10351	77.17632	77.17603	77.09059	77.05715	76.64300
5/27/2025	1:37:04 PM	77.22469	77.13028	77.26410	77.30657	77.15192	77.18948	77.08123	77.15807	77.10376	77.17572	77.17551	77.09055	77.05689	76.64308
5/27/2025	1:37:07 PM	77.22505	77.12995	77.26379	77.30690	77.15181	77.18987	77.08108	77.15754	77.10355	77.17627	77.17588	77.09054	77.05746	76.64289
5/27/2025	1:37:11 PM	77.22480	77.12984	77.26376	77.30664	77.15198	77.18949	77.08098	77.15807	77.10362	77.17625	77.17577	77.09080	77.05739	76.64350
5/27/2025	1:37:14 PM	77.22523	77.13038	77.26373	77.30692	77.15199	77.18967	77.08116	77.15805	77.10351	77.17625	77.17570	77.09073	77.05709	76.64300
5/27/2025	1:37:18 PM	77.22528	77.12998	77.26368	77.30706	77.15193	77.18924	77.08112	77.15781	77.10319	77.17598	77.17533	77.09043	77.05731	76.64302
5/27/2025	1:37:21 PM	77.22484	77.12957	77.26337	77.30688	77.15200	77.18966	77.08111	77.15807	77.10342	77.17586	77.17538	77.09050	77.05707	76.64316
5/27/2025	1:37:25 PM	77.22471	77.12989	77.26328	77.30663	77.15190	77.18949	77.08120	77.15796	77.10366	77.17654	77.17567	77.09045	77.05707	76.64293
5/27/2025	1:37:29 PM	77.22464	77.12938	77.26341	77.30640	77.15208	77.18937	77.08082	77.15782	77.10335	77.17601	77.17523	77.09026	77.05684	76.64249
5/27/2025	1:37:32 PM	77.22467	77.12954	77.26347	77.30641	77.15153	77.18940	77.08073	77.15772	77.10310	77.17549	77.17539	77.09045	77.05706	76.64292
5/27/2025	1:37:36 PM	77.22481	77.12989	77.26340	77.30657	77.15199	77.18930	77.08070	77.15773	77.10301	77.17573	77.17549	77.09059	77.05704	76.64280
5/27/2025	1:37:40 PM	77.22475	77.13004	77.26396	77.30685	77.15180	77.18931	77.08128	77.15815	77.10342	77.17594	77.17564	77.09027	77.05667	76.64249
5/27/2025	1:37:43 PM	77.22489	77.12996	77.26393	77.30644	77.15125	77.18910	77.08052	77.15721	77.10338	77.17609	77.17546	77.09029	77.05707	76.64255
5/27/2025	1:37:47 PM	77.22484	77.12968	77.26342	77.30662	77.15178	77.18922	77.08084	77.15765	77.10315	77.17572	77.17506	77.09017	77.05685	76.64275
5/27/2025	1:37:50 PM	77.22433	77.12918	77.26304	77.30617	77.15149	77.18880	77.08067	77.15748	77.10334	77.17560	77.17525	77.09016	77.05686	76.64229
5/27/2025	1:37:54 PM	77.22457	77.12923	77.26329	77.30639	77.15126	77.18899	77.08071	77.15745	77.10307	77.17564	77.17552	77.09044	77.05692	76.64265
5/27/2025	1:37:58 PM	77.22470	77.12964	77.26376	77.30689	77.15174	77.18938	77.08091	77.15736	77.10327	77.17559	77.17523	77.09022	77.05647	76.64262
5/27/2025	1:38:01 PM	77.22444	77.12991	77.26357	77.30626	77.15154	77.18928	77.08089	77.15739	77.10363	77.17598	77.17510	77.09019	77.05764	76.64325
5/27/2025	1:38:05 PM	77.22480	77.12969	77.26351	77.30657	77.15159	77.18927	77.08095	77.15775	77.10337	77.17567	77.17514	77.09048	77.05699	76.64260
5/27/2025	1:38:08 PM	77.22455	77.12940	77.26343	77.30626	77.15113	77.18875	77.08058	77.15744	77.10310	77.17546	77.17502	77.09029	77.05707	76.64233
5/27/2025	1:38:12 PM	77.22436	77.12953	77.26361	77.30644	77.15116	77.18931	77.08086	77.15791	77.10307	77.17597	77.17566	77.09010	77.05661	76.64262
5/27/2025	1:38:15 PM	77.22452	77.12954	77.26369	77.30616	77.15140	77.18902	77.08051	77.15766	77.10324	77.17578	77.17552	77.09001	77.05650	76.64241
5/27/2025	1:38:19 PM	77.22470	77.12947	77.26341	77.30702	77.15147	77.18862	77.08040	77.15724	77.10313	77.17583	77.17504	77.08999	77.05675	76.64269
5/27/2025	1:38:22 PM	77.22422	77.12950	77.26350	77.30632	77.15135	77.18859	77.08020	77.15695	77.10309	77.17540	77.17517	77.08992	77.05669	76.64255
5/27/2025	1:38:26 PM	77.22443	77.12958	77.26326	77.30575	77.15097	77.18849	77.08031	77.15714	77.10266	77.17547	77.17506	77.08995	77.05632	76.64243
5/27/2025	1:38:30 PM	77.22406	77.12923	77.26317	77.30611	77.15097	77.18855	77.08074	77.15721	77.10272	77.17564	77.17514	77.08999	77.05676	76.64234
5/27/2025	1:38:33 PM	77.22423	77.12938	77.26334	77.30580	77.15114	77.18854	77.08032	77.15727	77.10266	77.17529	77.17506	77.08953	77.05691	76.64251
5/27/2025	1:38:37 PM	77.22484	77.12938	77.26329	77.30654	77.15092	77.18874	77.08029	77.15763	77.10297	77.17569	77.17521	77.09018	77.05697	76.64261
5/27/2025	1:38:41 PM	77.22478	77.12956	77.26399	77.30634	77.15179	77.18918	77.08096	77.15773	77.10343	77.17583	77.17516	77.09030	77.05725	76.64235
5/27/2025	1:38:44 PM	77.22460	77.12952	77.26316	77.30602	77.15167	77.18925	77.08021	77.15767	77.10328	77.17617	77.17514	77.09018	77.05663	76.64266
5/27/2025	1:38:48 PM	77.22413	77.12892	77.26310	77.30623	77.15099	77.18896	77.08020	77.15729	77.10338	77.17618	77.17571	77.09005	77.05635	76.64212
5/27/2025	1:38:51 PM	77.22439	77.12935	77.26337	77.30608	77.15125	77.18886	77.08016	77.15692	77.10274	77.17543	77.17508	77.08991	77.05622	76.64178
5/27/2025	1:38:55 PM	77.22418	77.12892	77.26272	77.30584	77.15102	77.18876	77.08039	77.15706	77.10284	77.17527	77.17489	77.08975	77.05604	76.64219
5/27/2025	1:38:58 PM	77.22399	77.12875	77.26298	77.30567	77.15074	77.18859	77.08012	77.15701	77.10251	77.17495	77.17452	77.08928	77.05589	76.64192
5/27/2025	1:39:02 PM	77.22348	77.12883	77.26268	77.30577	77.15126	77.18882	77.07986	77.15690	77.10242	77.17507	77.17466	77.08936	77.05589	76.64185
5/27/2025	1:39:06 PM	77.22396	77.12883	77.26279	77.30609	77.15133	77.18838	77.08034	77.15712	77.10316	77.17487	77.17439	77.08946	77.05629	76.64192
5/27/2025	1:39:09 PM	77.22360	77.12880	77.26252	77.30576	77.15080	77.18857	77.08004	77.15654	77.10255	77.17490	77.17438	77.08913	77.05571	76.64175
5/27/2025	1:39:13 PM	77.22347	77.12863	77.26277	77.30553	77.15049	77.18830	77.07954	77.15641	77.10224	77.17484	77.17442	77.08929	77.05606	76.64148
5/27/2025	1:39:16 PM	77.22354	77.12836	77.26223	77.30552	77.15037	77.18798	77.07964	77.15683	77.10217	77.17468	77.17454	77.08949	77.05570	76.64166
5/27/2025	1:39:20 PM	77.22361	77.12880	77.26234	77.30545	77.15029	77.18816	77.07971	77.15647	77.10191	77.17495	77.17437	77.08960	77.05603	76.64151
5/27/2025	1:39:24 PM	77.22394	77.12861	77.26247	77.30586	77.15063	77.18794	77.07981	77.15686	77.10228	77.17494	77.17450	77.08957	77.05587	76.64133
5/27/2025	1:39:27 PM	77.22351	77.12831	77.26260	77.30555	77.15045	77.18840	77.07978	77.15720	77.10201	77.17472	77.17454	77.08986	77.05635	76.64206
5/27/2025	1:39:31 PM	77.22330	77.12841	77.26259	77.30533	77.15063	77.18851	77.07965	77.15661	77.10239	77.17560	77.17472	77.08968	77.05602	76.64226
5/27/2025	1:39:34 PM	77.22375	77.12897	77.26244	77.30583	77.15092	77.18869	77.08003	77.15694	77.10276	77.17509	77.17424	77.08933	77.05590	76.64196
5/27/2025	1:39:38 PM	77.22393	77.12882	77.26264	77.30529	77.15071	77.18809	77.08000	77.15665	77.10264	77.17564	77.17468	77.08969	77.05570	76.64158
5/27/2025	1:39:41 PM	77.22353	77.12851	77.26195	77.30514	77.15019	77.18833	77.07975	77.15667	77.10249	77.17505	77.17439	77.08928	77.05582	76.64178
5/27/2025	1:39:45 PM	77.22371	77.12903	77.26246	77.30526	77.15089	77.18837	77.07943	77.15669	77.10235	77.17453	77.17397	77.08931	77.05627	76.64172
5/27/2025	1:39:48 PM	77.22360	77.12894	77.26244	77.30528	77.15052	77.18811	77.07971	77.15667	77.10205	77.17431	77.17402	77.08892	77.05540	76.64117
5/27/2025	1:39:52 PM	77.22321	77.12818	77.26225	77.30499	77.15059	77.18799	77.07978	77.15625	77.10200	77.17442	77.17412	77.08888	77.05566	76.64158
5/27/2025	1:39:55 PM	77.22340	77.12824	77.26244	77.30524	77.15055	77.18807	77.07938	77.15618	77.10215	77.17462	77.17432	77.08906	77.05540	76.64131
5/27/2025	1:39:59 PM	77.22351	77.12822	77.26253	77.30531	77.15049	77.18805	77.07970	77.15670	77.10270	77.17509	77.17446	77.08940	77.05583	76.64188
5/27/2025	1:40:03 PM	77.22321	77.12850	77.26258	77.30537	77.15044	77.18840	77.07985	77.15660	77.10261	77.17432	77.17424	77.08939	77.05588	76.64192
5/27/2025	1:40:06 PM	77.22385	77.12888	77.26297	77.30575	77.15076	77.18853	77.08004	77.15675	77.10236	77.17543	77.17437	77.08993	77.05603	76.64194
5/27/2025	1:40:10 PM	77.22379	77.12867	77.26272	77.30511	77.15078	77.18818	77.07979	77.15689	77.10283	77.17499	77.17460	77.08988	77.05625	76.64187
5/27/2025	1:40:13 PM	77.22386	77.12943	77.26286	77.30559	77.15106	77.18838	77.07989	77.15671	77.10209	77.17512	77.17417	77.08904	77.05596	76.64171
5/27/2025	1:40:17 PM	77.22367	77.12858	77.26242	77.30545	77.15063	77.18853	77.07970	77.15662	77.10255	77.17472	77.17448	77.08953	77.05605	76.64196
5/27/2025	1:40:20 PM	77.22377	77.12842	77.26244	77.30558	77.15057	77.18820	77.07980	77.15652	77.10230	77.17464	77.17457	77.08950	77.05602	76.64164
5/27/2025	1:40:24 PM	77.22380	77.12882	77.26273	77.30552	77.15089	77.18828	77.07983	77.15654	77.10219	77.17500	77.17455	77.08914	77.05586	76.64176
5/27/2025	1:40:27 PM	77.22335	77.12893	77.26272	77.30539	77.15090	77.18878	77.07986	77.15701	77.10312	77.17537	77.17447	77.08984	77.05587	76.64170
5/27/2025	1:40:31 PM	77.22397	77.12921	77.26260	77.30565	77.15100	77.18888	77.08001	77.15696	77.10221	77.17459	77.17460	77.08920	77.05559	76.64159
5/27/2025	1:40:35 PM	77.22365	77.12866	77.26252	77.30506	77.15021	77.18826	77.07964	77.15633	77.10214	77.17457	77.17434	77.08913	77.05571	76.64141
5/27/2025	1:40:38 PM	77.22297	77.12816	77.26234	77.30503	77.15044	77.18811	77.07929	77.15634	77.10203	77.17411	77.17349	77.08864	77.05519	76.64117
5/27/2025	1:40:42 PM	77.22314	77.12801	77.26249	77.30504	77.15028	77.18780	77.07902	77.15599	77.10164	77.17433	77.17399	77.08894	77.05547	76.64118
5/27/2025	1:40:45 PM	77.22288	77.12791	77.26222	77.30456	77.14990	77.18786	77.07934	77.15611	77.10166	77.17414	77.17413	77.08901	77.05538	76.64109
5/27/2025	1:40:49 PM	77.22272	77.12806	77.26170	77.30446	77.14980	77.18745	77.07867	77.15564	77.10125	77.17378	77.17378	77.08854	77.05521	76.64026
5/27/2025	1:40:52 PM	77.22293	77.12753	77.26139	77.30418	77.14970	77.18714	77.07856	77.15561	77.10139	77.17359	77.17297	77.08821	77.05494	76.64074
5/27/2025	1:40:56 PM	77.22269	77.12799	77.26168	77.30426	77.14981	77.18739	77.07921	77.15601	77.10174	77.17445	77.17386	77.08919	77.05518	76.64156
5/27/2025	1:40:59 PM	77.22366	77.12872	77.26253	77.30512	77.15040	77.18785	77.07896	77.15623	77.10187	77.17448	77.17389	77.08853	77.05515	76.64116
5/27/2025	1:41:03 PM	77.22299	77.12814	77.26230	77.30495	77.15061	77.18804	77.07934	77.15654	77.10192	77.17429	77.17359	77.08880	77.05528	76.64086
5/27/2025	1:41:07 PM	77.22271	77.12829	77.26202	77.30470	77.14970	77.18745	77.07875	77.15570	77.10152	77.17394	77.17392	77.08846	77.05521	76.64073
5/27/2025	1:41:10 PM	77.22266	77.12764	77.26166	77.30423	77.14955	77.18703	77.07875	77.15570	77.10174	77.17392	77.17354	77.08862	77.05472	76.64065
5/27/2025	1:41:14 PM	77.22258	77.12754	77.26171	77.30433	77.14949	77.18716	77.07863	77.15583	77.10146	77.17401	77.17357	77.08884	77.05494	76.64050
5/27/2025	1:41:17 PM	77.22286	77.12779	77.26174	77.30408	77.14964	77.18758	77.07913	77.15578	77.10146	77.17423	77.17307	77.08867	77.05503	76.64066
5/27/2025	1:41:21 PM	77.22275	77.12785	77.26181	77.30467	77.14966	77.18761	77.07914	77.15585	77.10148	77.17387	77.17352	77.08865	77.05488	76.64073
5/27/2025	1:41:24 PM	77.22282	77.12728	77.26161	77.30477	77.14964	77.18710	77.07872	77.15549	77.10144	77.17394	77.17323	77.08837	77.05473	76.64086
5/27/2025	1:41:28 PM	77.22217	77.12737	77.26145	77.30444	77.14959	77.18701	77.07846	77.15503	77.10163	77.17361	77.17301	77.08854	77.05470	76.64020
5/27/2025	1:41:32 PM	77.22218	77.12764	77.26124	77.30422	77.14940	77.18682	77.07824	77.15563	77.10126	77.17338	77.17283	77.08815	77.05479	76.64064
5/27/2025	1:41:35 PM	77.22235	77.12743	77.26124	77.30392	77.14951	77.18685	77.07854	77.15521	77.10118	77.17391	77.17303	77.08824	77.05477	76.64053
5/27/2025	1:41:39 PM	77.22232	77.12749	77.26115	77.30441	77.14951	77.18722	77.07836	77.15529	77.10096	77.17367	77.17297	77.08773	77.05449	76.64049
5/27/2025	1:41:42 PM	77.22202	77.12720	77.26124	77.30383	77.14925	77.18677	77.07819	77.15534	77.10098	77.17331	77.17299	77.08771	77.05444	76.64037
5/27/2025	1:41:46 PM	77.22231	77.12747	77.26066	77.30360	77.14897	77.18641	77.07818	77.15543	77.10068	77.17340	77.17322	77.08787	77.05416	76.63993
5/27/2025	1:41:50 PM	77.22206	77.12738	77.26104	77.30382	77.14890	77.18671	77.07823	77.15522	77.10121	77.17338	77.17281	77.08806	77.05451	76.63996
5/27/2025	1:41:53 PM	77.22194	77.12734	77.26106	77.30400	77.14920	77.18676	77.07879	77.15547	77.10099	77.17356	77.17285	77.08796	77.05447	76.64052
5/27/2025	1:41:57 PM	77.22192	77.12724	77.26094	77.30355	77.14932	77.18670	77.07827	77.15475	77.10060	77.17320	77.17282	77.08793	77.05424	76.64012
5/27/2025	1:42:00 PM	77.22145	77.12669	77.26061	77.30373	77.14904	77.18667	77.07804	77.15476	77.10102	77.17294	77.17282	77.08782	77.05430	76.64011
5/27/2025	1:42:04 PM	77.22203	77.12702	77.26107	77.30384	77.14896	77.18691	77.07818	77.15531	77.10094	77.17366	77.17297	77.08779	77.05463	76.64021
5/27/2025	1:42:07 PM	77.22228	77.12734	77.26102	77.30385	77.14942	77.18747	77.07876	77.15516	77.10110	77.17357	77.17309	77.08808	77.05426	76.63993
5/27/2025	1:42:11 PM	77.22216	77.12739	77.26078	77.30397	77.14923	77.18681	77.07813	77.15474	77.10074	77.17316	77.17308	77.08798	77.05450	76.64041
5/27/2025	1:42:15 PM	77.22203	77.12687	77.26096	77.30378	77.14928	77.18646	77.07799	77.15524	77.10071	77.17303	77.17251	77.08759	77.05403	76.64018
5/27/2025	1:42:18 PM	77.22171	77.12695	77.26064	77.30388	77.14915	77.18664	77.07841	77.15513	77.10062	77.17322	77.17311	77.08780	77.05421	76.64019
5/27/2025	1:42:22 PM	77.22262	77.12715	77.26085	77.30382	77.14941	77.18678	77.07830	77.15529	77.10125	77.17359	77.17279	77.08838	77.05461	76.64033
5/27/2025	1:42:25 PM	77.22202	77.12766	77.26053	77.30378	77.14924	77.18664	77.07845	77.15468	77.10093	77.17327	77.17329	77.08821	77.05412	76.64036
5/27/2025	1:42:29 PM	77.22219	77.12724	77.26096	77.30366	77.14950	77.18696	77.07832	77.15518	77.10096	77.17311	77.17334	77.08801	77.05454	76.64029
5/27/2025	1:42:32 PM	77.22206	77.12733	77.26106	77.30408	77.14918	77.18714	77.07856	77.15570	77.10112	77.17359	77.17356	77.08830	77.05505	76.64061
5/27/2025	1:42:36 PM	77.22257	77.12731	77.26136	77.30433	77.14966	77.18735	77.07842	77.15555	77.10105	77.17369	77.17298	77.08809	77.05436	76.64073
5/27/2025	1:42:40 PM	77.22234	77.12701	77.26093	77.30388	77.14902	77.18646	77.07822	77.15479	77.10048	77.17344	77.17287	77.08812	77.05422	76.64021
5/27/2025	1:42:43 PM	77.22221	77.12698	77.26086	77.30386	77.14869	77.18655	77.07799	77.15483	77.10039	77.17332	77.17305	77.08810	77.05436	76.64006
5/27/2025	1:42:47 PM	77.22214	77.12703	77.26086	77.30370	77.14965	77.18645	77.07799	77.15493	77.10066	77.17307	77.17287	77.08760	77.05443	76.64007
5/27/2025	1:42:50 PM	77.22183	77.12723	77.26093	77.30368	77.14897	77.18634	77.07792	77.15461	77.10044	77.17300	77.17283	77.08730	77.05410	76.63980
5/27/2025	1:42:54 PM	77.22179	77.12688	77.26049	77.30348	77.14884	77.18648	77.07811	77.15449	77.10073	77.17283	77.17245	77.08705	77.05375	76.63982
5/27/2025	1:42:58 PM	77.22188	77.12677	77.26030	77.30294	77.14880	77.18610	77.07758	77.15427	77.10005	77.17310	77.17208	77.08719	77.05356	76.63962
5/27/2025	1:43:01 PM	77.22137	77.12684	77.26050	77.30352	77.14865	77.18593	77.07736	77.15420	77.10027	77.17247	77.17243	77.08731	77.05388	76.63943
5/27/2025	1:43:05 PM	77.22162	77.12685	77.26063	77.30334	77.14871	77.18634	77.07756	77.15432	77.10029	77.17284	77.17231	77.08727	77.05325	76.63911
5/27/2025	1:43:08 PM	77.22150	77.12642	77.25988	77.30318	77.14820	77.18607	77.07765	77.15472	77.10071	77.17285	77.17237	77.08727	77.05382	76.63936
5/27/2025	1:43:12 PM	77.22081	77.12662	77.26040	77.30302	77.14836	77.18632	77.07749	77.15463	77.10012	77.17275	77.17196	77.08740	77.05395	76.63952
5/27/2025	1:43:15 PM	77.22106	77.12614	77.26002	77.30319	77.14898	77.18597	77.07742	77.15432	77.10031	77.17258	77.17196	77.08740	77.05355	76.63914
5/27/2025	1:43:19 PM	77.22108	77.12655	77.25991	77.30312	77.14852	77.18590	77.07745	77.15386	77.09964	77.17252	77.17227	77.08705	77.05374	76.63957
5/27/2025	1:43:23 PM	77.22143	77.12648	77.26022	77.30312	77.14869	77.18614	77.07777	77.15413	77.09986	77.17250	77.17226	77.08690	77.05330	76.63944
5/27/2025	1:43:26 PM	77.22113	77.12645	77.26009	77.30310	77.14829	77.18635	77.07755	77.15487	77.10008	77.17261	77.17213	77.08711	77.05392	76.63962
5/27/2025	1:43:30 PM	77.22148	77.12677	77.26042	77.30342	77.14872	77.18634	77.07793	77.15478	77.10037	77.17293	77.17242	77.08737	77.05400	76.63969
5/27/2025	1:43:33 PM	77.22145	77.12680	77.26058	77.30359	77.14888	77.18666	77.07817	77.15480	77.10057	77.17301	77.17228	77.08725	77.05377	76.63934
5/27/2025	1:43:37 PM	77.22175	77.12696	77.26056	77.30355	77.14875	77.18671	77.07789	77.15515	77.10012	77.17297	77.17214	77.08729	77.05400	76.63997
5/27/2025	1:43:41 PM	77.22150	77.12711	77.26076	77.30371	77.14925	77.18697	77.07788	77.15502	77.10051	77.17312	77.17294	77.08771	77.05382	76.63975
5/27/2025	1:43:44 PM	77.22153	77.12670	77.26091	77.30333	77.14887	77.18644	77.07753	77.15470	77.10026	77.17274	77.17259	77.08785	77.05396	76.63980
5/27/2025	1:43:48 PM	77.22160	77.12686	77.26069	77.30354	77.14878	77.18630	77.07768	77.15430	77.10025	77.17241	77.17184	77.08706	77.05355	76.63942
5/27/2025	1:43:51 PM	77.22138	77.12670	77.26047	77.30318	77.14888	77.18641	77.07764	77.15457	77.10034	77.17296	77.17221	77.08735	77.05365	76.63943
5/27/2025	1:43:55 PM	77.22141	77.12619	77.26051	77.30277	77.14825	77.18608	77.07745	77.15431	77.09985	77.17240	77.17190	77.08682	77.05356	76.63959
5/27/2025	1:43:59 PM	77.22141	77.12649	77.25994	77.30280	77.14776	77.18557	77.07737	77.15431	77.09938	77.17241	77.17221	77.08687	77.05294	76.63900
5/27/2025	1:44:02 PM	77.22079	77.12611	77.25979	77.30250	77.14812	77.18545	77.07714	77.15398	77.09920	77.17182	77.17181	77.08683	77.05312	76.63935
5/27/2025	1:44:06 PM	77.22072	77.12576	77.25953	77.30233	77.14833	77.18534	77.07706	77.15426	77.09990	77.17285	77.17187	77.08663	77.05327	76.63873
5/27/2025	1:44:09 PM	77.22088	77.12606	77.25992	77.30278	77.14800	77.18574	77.07720	77.15402	77.09946	77.17193	77.17175	77.08671	77.05303	76.63926
5/27/2025	1:44:13 PM	77.22098	77.12629	77.25965	77.30272	77.14854	77.18589	77.07717	77.15397	77.09968	77.17242	77.17185	77.08696	77.05353	76.63895
5/27/2025	1:44:16 PM	77.22083	77.12559	77.25991	77.30240	77.14796	77.18565	77.07701	77.15384	77.09961	77.17206	77.17169	77.08667	77.05292	76.63914
5/27/2025	1:44:20 PM	77.22062	77.12622	77.26029	77.30276	77.14818	77.18573	77.07753	77.15420	77.09932	77.17211	77.17177	77.08700	77.05351	76.63909
5/27/2025	1:44:24 PM	77.22087	77.12624	77.25998	77.30248	77.14794	77.18544	77.07707	77.15365	77.09912	77.17177	77.17153	77.08667	77.05292	76.63878
5/27/2025	1:44:27 PM	77.22059	77.12603	77.25969	77.30285	77.14776	77.18536	77.07666	77.15346	77.09929	77.17183	77.17156	77.08657	77.05338	76.63880
5/27/2025	1:44:31 PM	77.22053	77.12569	77.25942	77.30232	77.14782	77.18492	77.07689	77.15402	77.09946	77.17172	77.17144	77.08666	77.05287	76.63923
5/27/2025	1:44:34 PM	77.22124	77.12602	77.25958	77.30264	77.14786	77.18544	77.07703	77.15368	77.09965	77.17208	77.17166	77.08664	77.05312	76.63878
5/27/2025	1:44:38 PM	77.22077	77.12588	77.25959	77.30242	77.14834	77.18574	77.07711	77.15369	77.09907	77.17197	77.17140	77.08649	77.05299	76.63842
5/27/2025	1:44:41 PM	77.22036	77.12574	77.25939	77.30237	77.14760	77.18528	77.07710	77.15369	77.09965	77.17190	77.17143	77.08672	77.05348	76.63881
5/27/2025	1:44:45 PM	77.22054	77.12561	77.25954	77.30225	77.14851	77.18555	77.07699	77.15356	77.09933	77.17201	77.17148	77.08659	77.05316	76.63905
5/27/2025	1:44:49 PM	77.22060	77.12592	77.26013	77.30250	77.14806	77.18573	77.07719	77.15388	77.09922	77.17191	77.17121	77.08645	77.05291	76.63862
5/27/2025	1:44:52 PM	77.22091	77.12587	77.25961	77.30279	77.14803	77.18561	77.07712	77.15412	77.09945	77.17212	77.17166	77.08705	77.05346	76.63942
5/27/2025	1:44:56 PM	77.22091	77.12593	77.25998	77.30260	77.14779	77.18566	77.07733	77.15380	77.09951	77.17188	77.17168	77.08626	77.05279	76.63866
5/27/2025	1:44:59 PM	77.22046	77.12576	77.25970	77.30227	77.14789	77.18570	77.07692	77.15314	77.09908	77.17163	77.17150	77.08637	77.05263	76.63852
5/27/2025	1:45:03 PM	77.22050	77.12575	77.25944	77.30233	77.14778	77.18543	77.07687	77.15366	77.09925	77.17188	77.17136	77.08661	77.05306	76.63891
5/27/2025	1:45:07 PM	77.22062	77.12583	77.25957	77.30262	77.14848	77.18539	77.07743	77.15406	77.09933	77.17212	77.17138	77.08618	77.05290	76.63878
5/27/2025	1:45:10 PM	77.22077	77.12595	77.26004	77.30262	77.14845	77.18571	77.07720	77.15371	77.09945	77.17213	77.17174	77.08660	77.05274	76.63846
5/27/2025	1:45:14 PM	77.22071	77.12546	77.25935	77.30221	77.14819	77.18550	77.07682	77.15365	77.09951	77.17227	77.17136	77.08666	77.05292	76.63856
5/27/2025	1:45:17 PM	77.22035	77.12572	77.25978	77.30252	77.14804	77.18538	77.07680	77.15366	77.09934	77.17214	77.17128	77.08642	77.05280	76.63852
5/27/2025	1:45:21 PM	77.22050	77.12572	77.25947	77.30251	77.14797	77.18512	77.07688	77.15394	77.09888	77.17164	77.17156	77.08653	77.05285	76.63892
5/27/2025	1:45:25 PM	77.22099	77.12612	77.26000	77.30250	77.14799	77.18589	77.07708	77.15365	77.09934	77.17184	77.17159	77.08652	77.05288	76.63910
5/27/2025	1:45:28 PM	77.22022	77.12575	77.25970	77.30239	77.14795	77.18553	77.07663	77.15341	77.09920	77.17184	77.17153	77.08654	77.05291	76.63872
5/27/2025	1:45:32 PM	77.22064	77.12573	77.25937	77.30234	77.14783	77.18531	77.07686	77.15353	77.09940	77.17165	77.17135	77.08626	77.05269	76.63876
5/27/2025	1:45:35 PM	77.22041	77.12550	77.25899	77.30215	77.14755	77.18516	77.07671	77.15332	77.09887	77.17149	77.17108	77.08625	77.05264	76.63801
5/27/2025	1:45:39 PM	77.22056	77.12529	77.25939	77.30181	77.14735	77.18532	77.07649	77.15285	77.09862	77.17106	77.17074	77.08591	77.05244	76.63829
5/27/2025	1:45:42 PM	77.22021	77.12530	77.25899	77.30218	77.14772	77.18526	77.07681	77.15365	77.09910	77.17157	77.17130	77.08622	77.05233	76.63832
5/27/2025	1:45:46 PM	77.22039	77.12562	77.25958	77.30204	77.14775	77.18539	77.07696	77.15373	77.09908	77.17186	77.17143	77.08632	77.05322	76.63876
5/27/2025	1:45:50 PM	77.22086	77.12599	77.25951	77.30273	77.14809	77.18561	77.07666	77.15353	77.09940	77.17183	77.17142	77.08674	77.05293	76.63834
5/27/2025	1:45:53 PM	77.22018	77.12533	77.25939	77.30197	77.14759	77.18537	77.07646	77.15375	77.09933	77.17201	77.17139	77.08634	77.05293	76.63896
5/27/2025	1:45:57 PM	77.22052	77.12565	77.25929	77.30255	77.14790	77.18572	77.07708	77.15393	77.09963	77.17202	77.17121	77.08640	77.05252	76.63851
5/27/2025	1:46:00 PM	77.22054	77.12535	77.25913	77.30222	77.14739	77.18493	77.07682	77.15351	77.09937	77.17204	77.17136	77.08668	77.05292	76.63892
5/27/2025	1:46:04 PM	77.22103	77.12609	77.25979	77.30220	77.14802	77.18527	77.07661	77.15352	77.09895	77.17142	77.17107	77.08635	77.05252	76.63844
5/27/2025	1:46:08 PM	77.22055	77.12516	77.25893	77.30176	77.14762	77.18535	77.07634	77.15343	77.09906	77.17162	77.17073	77.08603	77.05237	76.63837
5/27/2025	1:46:11 PM	77.22005	77.12567	77.25913	77.30181	77.14758	77.18485	77.07623	77.15333	77.09896	77.17132	77.17099	77.08593	77.05223	76.63789
5/27/2025	1:46:15 PM	77.22027	77.12524	77.25892	77.30199	77.14761	77.18568	77.07694	77.15316	77.09925	77.17152	77.17092	77.08620	77.05276	76.63850
5/27/2025	1:46:18 PM	77.22019	77.12545	77.25907	77.30221	77.14791	77.18525	77.07659	77.15351	77.09916	77.17177	77.17137	77.08633	77.05286	76.63833
5/27/2025	1:46:22 PM	77.22058	77.12548	77.25923	77.30187	77.14760	77.18529	77.07648	77.15306	77.09899	77.17180	77.17137	77.08599	77.05284	76.63842
5/27/2025	1:46:26 PM	77.22050	77.12558	77.25930	77.30215	77.14800	77.18504	77.07677	77.15344	77.09936	77.17150	77.17162	77.08625	77.05275	76.63876
5/27/2025	1:46:29 PM	77.22007	77.12530	77.25915	77.30219	77.14746	77.18474	77.07626	77.15309	77.09822	77.17129	77.17100	77.08619	77.05250	76.63859
5/27/2025	1:46:33 PM	77.22032	77.12521	77.25883	77.30192	77.14784	77.18494	77.07624	77.15339	77.09907	77.17154	77.17143	77.08659	77.05293	76.63876
5/27/2025	1:46:36 PM	77.22022	77.12501	77.25880	77.30151	77.14745	77.18525	77.07632	77.15307	77.09866	77.17119	77.17088	77.08581	77.05263	76.63784
5/27/2025	1:46:40 PM	77.21982	77.12516	77.25907	77.30155	77.14707	77.18498	77.07646	77.15309	77.09881	77.17091	77.17073	77.08575	77.05255	76.63847
5/27/2025	1:46:43 PM	77.22038	77.12504	77.25865	77.30163	77.14731	77.18483	77.07616	77.15276	77.09850	77.17090	77.17060	77.08562	77.05239	76.63819
5/27/2025	1:46:47 PM	77.21974	77.12527	77.25898	77.30176	77.14725	77.18489	77.07608	77.15307	77.09899	77.17112	77.17095	77.08581	77.05228	76.63792
5/27/2025	1:46:51 PM	77.21982	77.12492	77.25883	77.30153	77.14768	77.18494	77.07604	77.15311	77.09852	77.17070	77.17044	77.08589	77.05166	76.63793
5/27/2025	1:46:54 PM	77.21995	77.12470	77.25884	77.30151	77.14728	77.18482	77.07615	77.15306	77.09861	77.17077	77.17053	77.08592	77.05226	76.63810
5/27/2025	1:46:58 PM	77.22003	77.12518	77.25859	77.30156	77.14717	77.18470	77.07554	77.15264	77.09817	77.17073	77.17077	77.08590	77.05207	76.63812
5/27/2025	1:47:01 PM	77.22034	77.12531	77.25909	77.30219	77.14738	77.18464	77.07610	77.15307	77.09882	77.17104	77.17041	77.08594	77.05241	76.63779
5/27/2025	1:47:05 PM	77.21993	77.12488	77.25859	77.30157	77.14715	77.18505	77.07637	77.15294	77.09897	77.17095	77.17080	77.08579	77.05216	76.63789
5/27/2025	1:47:09 PM	77.21990	77.12490	77.25902	77.30195	77.14725	77.18492	77.07630	77.15322	77.09882	77.17117	77.17093	77.08590	77.05226	76.63794
5/27/2025	1:47:12 PM	77.22003	77.12505	77.25883	77.30171	77.14773	77.18506	77.07687	77.15310	77.09891	77.17142	77.17125	77.08584	77.05263	76.63808
5/27/2025	1:47:16 PM	77.21988	77.12509	77.25897	77.30217	77.14739	77.18482	77.07625	77.15263	77.09867	77.17088	77.17013	77.08533	77.05187	76.63751
5/27/2025	1:47:19 PM	77.21951	77.12489	77.25820	77.30160	77.14731	77.18471	77.07563	77.15281	77.09852	77.17128	77.17096	77.08573	77.05206	76.63826
5/27/2025	1:47:23 PM	77.21976	77.12471	77.25848	77.30132	77.14728	77.18474	77.07586	77.15290	77.09844	77.17102	77.17087	77.08537	77.05213	76.63796
5/27/2025	1:47:26 PM	77.21995	77.12489	77.25845	77.30162	77.14707	77.18453	77.07609	77.15311	77.09867	77.17125	77.17090	77.08589	77.05204	76.63792
5/27/2025	1:47:30 PM	77.21981	77.12476	77.25883	77.30127	77.14726	77.18488	77.07624	77.15283	77.09873	77.17113	77.17055	77.08579	77.05217	76.63810
5/27/2025	1:47:33 PM	77.22006	77.12523	77.25888	77.30164	77.14732	77.18505	77.07601	77.15291	77.09847	77.17090	77.17068	77.08553	77.05195	76.63782
5/27/2025	1:47:37 PM	77.22003	77.12504	77.25876	77.30186	77.14747	77.18497	77.07620	77.15347	77.09906	77.17158	77.17073	77.08621	77.05213	76.63749
5/27/2025	1:47:40 PM	77.21973	77.12509	77.25871	77.30184	77.14749	77.18473	77.07607	77.15281	77.09844	77.17077	77.17067	77.08571	77.05250	76.63782
5/27/2025	1:47:44 PM	77.21995	77.12455	77.25874	77.30136	77.14710	77.18489	77.07617	77.15290	77.09864	77.17090	77.17066	77.08550	77.05193	76.63815
5/27/2025	1:47:47 PM	77.22020	77.12524	77.25876	77.30168	77.14731	77.18489	77.07617	77.15296	77.09899	77.17139	77.17074	77.08558	77.05243	76.63766
5/27/2025	1:47:51 PM	77.22013	77.12535	77.25844	77.30150	77.14742	77.18492	77.07675	77.15314	77.09863	77.17108	77.17064	77.08544	77.05213	76.63753
5/27/2025	1:47:55 PM	77.21985	77.12490	77.25868	77.30171	77.14729	77.18481	77.07604	77.15280	77.09846	77.17089	77.17057	77.08525	77.05190	76.63795
5/27/2025	1:47:58 PM	77.21995	77.12482	77.25857	77.30169	77.14739	77.18509	77.07589	77.15261	77.09885	77.17090	77.17088	77.08583	77.05237	76.63808
5/27/2025	1:48:02 PM	77.22007	77.12497	77.25864	77.30141	77.14729	77.18483	77.07615	77.15279	77.09845	77.17097	77.17109	77.08594	77.05215	76.63796
5/27/2025	1:48:05 PM	77.21971	77.12505	77.25843	77.30186	77.14706	77.18447	77.07584	77.15270	77.09874	77.17103	77.17063	77.08570	77.05226	76.63769
5/27/2025	1:48:09 PM	77.21959	77.12502	77.25854	77.30171	77.14723	77.18480	77.07592	77.15257	77.09837	77.17055	77.17031	77.08514	77.05193	76.63790
5/27/2025	1:48:12 PM	77.21975	77.12485	77.25874	77.30127	77.14734	77.18458	77.07597	77.15320	77.09890	77.17088	77.17047	77.08577	77.05228	76.63737
5/27/2025	1:48:16 PM	77.21945	77.12464	77.25863	77.30156	77.14745	77.18441	77.07565	77.15265	77.09847	77.17047	77.17066	77.08552	77.05176	76.63748
5/27/2025	1:48:20 PM	77.21979	77.12470	77.25804	77.30142	77.14674	77.18424	77.07597	77.15267	77.09892	77.17084	77.17036	77.08563	77.05163	76.63764
5/27/2025	1:48:23 PM	77.21939	77.12442	77.25820	77.30151	77.14699	77.18435	77.07547	77.15248	77.09817	77.17049	77.17042	77.08523	77.05179	76.63747
5/27/2025	1:48:27 PM	77.21940	77.12485	77.25822	77.30116	77.14686	77.18469	77.07570	77.15236	77.09810	77.17058	77.17029	77.08559	77.05211	76.63774
5/27/2025	1:48:30 PM	77.21983	77.12457	77.25837	77.30156	77.14661	77.18402	77.07579	77.15232	77.09837	77.17038	77.17000	77.08510	77.05185	76.63745
5/27/2025	1:48:34 PM	77.21928	77.12465	77.25795	77.30106	77.14691	77.18449	77.07607	77.15269	77.09805	77.17014	77.17036	77.08532	77.05131	76.63735
5/27/2025	1:48:37 PM	77.21924	77.12455	77.25808	77.30087	77.14646	77.18409	77.07556	77.15220	77.09815	77.17038	77.17018	77.08498	77.05144	76.63766
5/27/2025	1:48:41 PM	77.21949	77.12452	77.25849	77.30108	77.14706	77.18382	77.07534	77.15263	77.09799	77.17052	77.17002	77.08518	77.05141	76.63702
5/27/2025	1:48:45 PM	77.21876	77.12442	77.25782	77.30095	77.14668	77.18434	77.07554	77.15231	77.09782	77.17023	77.17005	77.08527	77.05130	76.63708
5/27/2025	1:48:48 PM	77.21910	77.12454	77.25798	77.30095	77.14660	77.18360	77.07517	77.15219	77.09761	77.17022	77.17016	77.08503	77.05135	76.63711
5/27/2025	1:48:52 PM	77.21865	77.12417	77.25791	77.30039	77.14657	77.18390	77.07548	77.15217	77.09816	77.17043	77.17020	77.08501	77.05131	76.63735
5/27/2025	1:48:55 PM	77.21925	77.12451	77.25811	77.30101	77.14621	77.18382	77.07533	77.15208	77.09770	77.17044	77.16990	77.08486	77.05158	76.63761
5/27/2025	1:48:59 PM	77.21938	77.12454	77.25780	77.30093	77.14645	77.18408	77.07529	77.15207	77.09827	77.17027	77.17009	77.08510	77.05168	76.63715
5/27/2025	1:49:03 PM	77.21954	77.12459	77.25815	77.30091	77.14715	77.18401	77.07531	77.15223	77.09792	77.17035	77.17022	77.08514	77.05165	76.63763
5/27/2025	1:49:06 PM	77.21901	77.12420	77.25791	77.30067	77.14672	77.18360	77.07547	77.15208	77.09771	77.16994	77.17012	77.08473	77.05135	76.63734
5/27/2025	1:49:10 PM	77.21885	77.12424	77.25774	77.30073	77.14632	77.18402	77.07541	77.15214	77.09816	77.17039	77.16996	77.08494	77.05137	76.63710
5/27/2025	1:49:14 PM	77.21894	77.12451	77.25845	77.30114	77.14688	77.18408	77.07515	77.15184	77.09772	77.17027	77.17001	77.08494	77.05132	76.63722
5/27/2025	1:49:17 PM	77.21897	77.12434	77.25769	77.30075	77.14651	77.18374	77.07594	77.15184	77.09757	77.17013	77.16979	77.08494	77.05105	76.63688
5/27/2025	1:49:21 PM	77.21900	77.12441	77.25805	77.30068	77.14634	77.18398	77.07528	77.15230	77.09772	77.16986	77.17008	77.08511	77.05108	76.63741
5/27/2025	1:49:24 PM	77.21939	77.12412	77.25796	77.30096	77.14623	77.18397	77.07545	77.15226	77.09801	77.17060	77.17034	77.08527	77.05161	76.63714
5/27/2025	1:49:28 PM	77.21923	77.12425	77.25794	77.30044	77.14646	77.18395	77.07495	77.15198	77.09746	77.16995	77.16967	77.08492	77.05126	76.63725
5/27/2025	1:49:31 PM	77.21909	77.12398	77.25761	77.30102	77.14629	77.18390	77.07521	77.15205	77.09764	77.16984	77.16992	77.08466	77.05130	76.63699
5/27/2025	1:49:35 PM	77.21890	77.12390	77.25781	77.30059	77.14645	77.18405	77.07551	77.15205	77.09746	77.17018	77.16995	77.08495	77.05114	76.63676
5/27/2025	1:49:39 PM	77.21893	77.12389	77.25788	77.30126	77.14679	77.18413	77.07558	77.15225	77.09767	77.17033	77.17038	77.08512	77.05096	76.63669
5/27/2025	1:49:42 PM	77.21901	77.12409	77.25757	77.30067	77.14606	77.18360	77.07515	77.15175	77.09772	77.17001	77.16971	77.08488	77.05119	76.63695
5/27/2025	1:49:46 PM	77.21906	77.12439	77.25781	77.30081	77.14616	77.18411	77.07528	77.15211	77.09762	77.16993	77.17000	77.08501	77.05130	76.63680
5/27/2025	1:49:50 PM	77.21914	77.12401	77.25765	77.30065	77.14640	77.18369	77.07511	77.15192	77.09790	77.16959	77.16955	77.08472	77.05107	76.63679
5/27/2025	1:49:53 PM	77.21871	77.12388	77.25762	77.30041	77.14642	77.18400	77.07513	77.15161	77.09774	77.16987	77.16965	77.08492	77.05091	76.63732
5/27/2025	1:49:57 PM	77.21892	77.12398	77.25790	77.30057	77.14632	77.18365	77.07501	77.15211	77.09757	77.17018	77.16954	77.08475	77.05135	76.63661
5/27/2025	1:50:00 PM	77.21912	77.12439	77.25802	77.30055	77.14639	77.18407	77.07568	77.15202	77.09766	77.17021	77.17018	77.08522	77.05159	76.63728
5/27/2025	1:50:04 PM	77.21896	77.12424	77.25809	77.30088	77.14641	77.18417	77.07530	77.15225	77.09785	77.17020	77.16995	77.08486	77.05149	76.63738
5/27/2025	1:50:08 PM	77.21942	77.12403	77.25788	77.30068	77.14658	77.18401	77.07500	77.15184	77.09757	77.17014	77.16961	77.08506	77.05130	76.63669
5/27/2025	1:50:11 PM	77.21918	77.12422	77.25749	77.30072	77.14642	77.18412	77.07530	77.15200	77.09750	77.16995	77.16964	77.08482	77.05097	76.63656
5/27/2025	1:50:15 PM	77.21887	77.12433	77.25793	77.30066	77.14655	77.18445	77.07557	77.15235	77.09772	77.17027	77.17040	77.08488	77.05120	76.63694
5/27/2025	1:50:18 PM	77.21896	77.12402	77.25792	77.30070	77.14627	77.18369	77.07535	77.15206	77.09779	77.17025	77.16960	77.08464	77.05098	76.63681
5/27/2025	1:50:22 PM	77.21874	77.12425	77.25784	77.30087	77.14626	77.18370	77.07507	77.15179	77.09757	77.16984	77.16980	77.08468	77.05134	76.63697
5/27/2025	1:50:25 PM	77.21906	77.12412	77.25759	77.30056	77.14670	77.18384	77.07535	77.15213	77.09727	77.16944	77.16935	77.08434	77.05098	76.63681
5/27/2025	1:50:29 PM	77.21855	77.12385	77.25756	77.30023	77.14613	77.18347	77.07462	77.15181	77.09738	77.16963	77.16970	77.08496	77.05093	76.63659
5/27/2025	1:50:33 PM	77.21843	77.12356	77.25703	77.30035	77.14600	77.18313	77.07492	77.15157	77.09720	77.16975	77.16934	77.08475	77.05097	76.63638
5/27/2025	1:50:36 PM	77.21864	77.12362	77.25717	77.30029	77.14609	77.18347	77.07463	77.15106	77.09709	77.16956	77.16928	77.08445	77.05103	76.63620
5/27/2025	1:50:40 PM	77.21851	77.12360	77.25736	77.30020	77.14585	77.18337	77.07475	77.15125	77.09738	77.16959	77.16938	77.08459	77.05061	76.63693
5/27/2025	1:50:43 PM	77.21870	77.12387	77.25724	77.30028	77.14601	77.18340	77.07491	77.15136	77.09744	77.16936	77.16940	77.08426	77.05086	76.63652
5/27/2025	1:50:47 PM	77.21877	77.12388	77.25717	77.30035	77.14568	77.18325	77.07412	77.15126	77.09674	77.16953	77.16916	77.08407	77.05078	76.63567
5/27/2025	1:50:51 PM	77.21833	77.12349	77.25730	77.30038	77.14613	77.18310	77.07454	77.15192	77.09702	77.16930	77.16931	77.08429	77.05069	76.63629
5/27/2025	1:50:54 PM	77.21846	77.12326	77.25712	77.29979	77.14565	77.18314	77.07448	77.15123	77.09688	77.16913	77.16906	77.08404	77.05067	76.63633
5/27/2025	1:50:58 PM	77.21814	77.12350	77.25713	77.30028	77.14605	77.18302	77.07528	77.15179	77.09712	77.16983	77.16941	77.08432	77.05088	76.63660
5/27/2025	1:51:01 PM	77.21872	77.12396	77.25762	77.30052	77.14593	77.18350	77.07493	77.15189	77.09703	77.17005	77.16941	77.08460	77.05105	76.63680
5/27/2025	1:51:05 PM	77.21868	77.12383	77.25742	77.30050	77.14599	77.18343	77.07508	77.15171	77.09755	77.16981	77.16933	77.08440	77.05087	76.63645
5/27/2025	1:51:09 PM	77.21870	77.12407	77.25727	77.30035	77.14636	77.18374	77.07537	77.15158	77.09760	77.16987	77.16957	77.08475	77.05092	76.63658
5/27/2025	1:51:12 PM	77.21897	77.12430	77.25769	77.30069	77.14626	77.18375	77.07510	77.15189	77.09725	77.17004	77.16965	77.08462	77.05157	76.63660
5/27/2025	1:51:16 PM	77.21923	77.12393	77.25782	77.30082	77.14640	77.18377	77.07486	77.15148	77.09756	77.16967	77.16927	77.08433	77.05087	76.63620
5/27/2025	1:51:19 PM	77.21869	77.12382	77.25754	77.30018	77.14617	77.18352	77.07475	77.15182	77.09735	77.16993	77.16958	77.08435	77.05096	76.63635
5/27/2025	1:51:23 PM	77.21839	77.12373	77.25717	77.30005	77.14577	77.18350	77.07457	77.15129	77.09651	77.16944	77.16881	77.08385	77.05039	76.63624
5/27/2025	1:51:27 PM	77.21801	77.12335	77.25694	77.30009	77.14567	77.18312	77.07447	77.15156	77.09700	77.16942	77.16915	77.08418	77.05043	76.63607
5/27/2025	1:51:30 PM	77.21828	77.12382	77.25713	77.30026	77.14554	77.18280	77.07451	77.15114	77.09681	77.16911	77.16926	77.08427	77.05026	76.63623
5/27/2025	1:51:34 PM	77.21807	77.12310	77.25673	77.29960	77.14547	77.18322	77.07428	77.15082	77.09694	77.16922	77.16906	77.08410	77.05074	76.63652
5/27/2025	1:51:37 PM	77.21827	77.12345	77.25717	77.29990	77.14584	77.18323	77.07510	77.15154	77.09690	77.16933	77.16943	77.08428	77.05076	76.63643
5/27/2025	1:51:41 PM	77.21903	77.12381	77.25718	77.29998	77.14560	77.18363	77.07491	77.15117	77.09714	77.16968	77.16935	77.08419	77.05055	76.63673
5/27/2025	1:51:45 PM	77.21901	77.12367	77.25719	77.29996	77.14600	77.18332	77.07500	77.15178	77.09738	77.16992	77.16933	77.08434	77.05067	76.63638
5/27/2025	1:51:48 PM	77.21829	77.12360	77.25727	77.30002	77.14581	77.18322	77.07472	77.15110	77.09686	77.16926	77.16933	77.08431	77.05021	76.63621
5/27/2025	1:51:52 PM	77.21783	77.12350	77.25685	77.29958	77.14574	77.18350	77.07439	77.15132	77.09687	77.16948	77.16941	77.08408	77.05043	76.63641
5/27/2025	1:51:55 PM	77.21826	77.12339	77.25716	77.29974	77.14609	77.18280	77.07409	77.15125	77.09694	77.16901	77.16886	77.08398	77.05025	76.63594
5/27/2025	1:51:59 PM	77.21791	77.12336	77.25711	77.29943	77.14538	77.18297	77.07456	77.15116	77.09694	77.16915	77.16920	77.08439	77.05026	76.63629
5/27/2025	1:52:02 PM	77.21785	77.12335	77.25713	77.29982	77.14602	77.18313	77.07434	77.15105	77.09671	77.16888	77.16879	77.08396	77.05050	76.63578
5/27/2025	1:52:06 PM	77.21848	77.12348	77.25647	77.29964	77.14547	77.18367	77.07450	77.15134	77.09661	77.16921	77.16908	77.08417	77.05032	76.63630
5/27/2025	1:52:10 PM	77.21845	77.12359	77.25712	77.30011	77.14555	77.18304	77.07457	77.15156	77.09722	77.16955	77.16930	77.08423	77.05079	76.63673
5/27/2025	1:52:13 PM	77.21866	77.12403	77.25756	77.30057	77.14649	77.18349	77.07511	77.15164	77.09711	77.16997	77.16932	77.08476	77.05066	76.63688
5/27/2025	1:52:17 PM	77.21895	77.12392	77.25734	77.30035	77.14610	77.18364	77.07515	77.15204	77.09759	77.16959	77.16930	77.08468	77.05055	76.63637
5/27/2025	1:52:20 PM	77.21877	77.12343	77.25687	77.30003	77.14573	77.18313	77.07469	77.15124	77.09686	77.16946	77.16876	77.08413	77.05073	76.63638
5/27/2025	1:52:24 PM	77.21813	77.12380	77.25724	77.30015	77.14559	77.18280	77.07436	77.15113	77.09713	77.16946	77.16949	77.08444	77.05056	76.63627
5/27/2025	1:52:28 PM	77.21838	77.12352	77.25726	77.29965	77.14560	77.18282	77.07475	77.15102	77.09696	77.16937	77.16904	77.08406	77.05052	76.63640
5/27/2025	1:52:31 PM	77.21829	77.12415	77.25772	77.30036	77.14578	77.18326	77.07502	77.15195	77.09755	77.16985	77.16985	77.08468	77.05101	76.63643
5/27/2025	1:52:35 PM	77.21880	77.12388	77.25746	77.30037	77.14617	77.18337	77.07509	77.15172	77.09729	77.16966	77.16929	77.08431	77.05081	76.63628
5/27/2025	1:52:38 PM	77.21845	77.12417	77.25750	77.30029	77.14597	77.18272	77.07424	77.15120	77.09690	77.16883	77.16905	77.08403	77.05052	76.63603
5/27/2025	1:52:42 PM	77.21822	77.12349	77.25705	77.29969	77.14500	77.18287	77.07448	77.15113	77.09679	77.16909	77.16845	77.08355	77.04998	76.63594
5/27/2025	1:52:46 PM	77.21790	77.12314	77.25694	77.29970	77.14548	77.18302	77.07470	77.15120	77.09648	77.16925	77.16900	77.08421	77.05038	76.63600
5/27/2025	1:52:49 PM	77.21796	77.12306	77.25679	77.29988	77.14599	77.18320	77.07461	77.15150	77.09672	77.16915	77.16913	77.08411	77.05034	76.63606
5/27/2025	1:52:53 PM	77.21804	77.12355	77.25641	77.29982	77.14574	77.18273	77.07435	77.15124	77.09668	77.16922	77.16915	77.08421	77.05032	76.63624
5/27/2025	1:52:56 PM	77.21808	77.12337	77.25686	77.29970	77.14544	77.18272	77.07430	77.15075	77.09657	77.16887	77.16843	77.08334	77.05005	76.63587
5/27/2025	1:53:00 PM	77.21815	77.12291	77.25693	77.29929	77.14506	77.18287	77.07420	77.15101	77.09691	77.16936	77.16925	77.08386	77.05024	76.63623
5/27/2025	1:53:04 PM	77.21869	77.12327	77.25693	77.29998	77.14563	77.18319	77.07477	77.15179	77.09699	77.16949	77.16929	77.08435	77.05067	76.63622
5/27/2025	1:53:07 PM	77.21818	77.12326	77.25700	77.29961	77.14571	77.18300	77.07447	77.15126	77.09699	77.16922	77.16894	77.08419	77.05020	76.63581
5/27/2025	1:53:11 PM	77.21832	77.12329	77.25641	77.29937	77.14550	77.18270	77.07401	77.15088	77.09670	77.16896	77.16858	77.08400	77.05008	76.63513
5/27/2025	1:53:14 PM	77.21750	77.12295	77.25651	77.29922	77.14518	77.18276	77.07377	77.15054	77.09596	77.16805	77.16872	77.08370	77.05018	76.63584
5/27/2025	1:53:18 PM	77.21795	77.12255	77.25639	77.29961	77.14550	77.18258	77.07407	77.15108	77.09689	77.16904	77.16869	77.08385	77.05012	76.63569
5/27/2025	1:53:22 PM	77.21788	77.12333	77.25654	77.29961	77.14530	77.18267	77.07412	77.15094	77.09647	77.16876	77.16851	77.08395	77.05026	76.63578
5/27/2025	1:53:25 PM	77.21811	77.12292	77.25661	77.29912	77.14505	77.18269	77.07391	77.15104	77.09641	77.16883	77.16855	77.08345	77.05007	76.63588
5/27/2025	1:53:29 PM	77.21777	77.12294	77.25665	77.29949	77.14527	77.18260	77.07397	77.15071	77.09660	77.16901	77.16848	77.08399	77.04987	76.63568
5/27/2025	1:53:32 PM	77.21778	77.12308	77.25662	77.29939	77.14540	77.18326	77.07405	77.15063	77.09663	77.16876	77.16899	77.08385	77.04995	76.63608
5/27/2025	1:53:36 PM	77.21818	77.12290	77.25711	77.29936	77.14542	77.18299	77.07438	77.15097	77.09665	77.16917	77.16832	77.08381	77.04995	76.63546
5/27/2025	1:53:40 PM	77.21805	77.12318	77.25653	77.29899	77.14504	77.18249	77.07411	77.15068	77.09663	77.16874	77.16877	77.08390	77.05015	76.63561
5/27/2025	1:53:43 PM	77.21790	77.12320	77.25660	77.29969	77.14516	77.18327	77.07428	77.15108	77.09650	77.16881	77.16849	77.08384	77.05050	76.63579
5/27/2025	1:53:47 PM	77.21806	77.12313	77.25662	77.29901	77.14490	77.18282	77.07454	77.15097	77.09659	77.16944	77.16894	77.08426	77.05020	76.63549
5/27/2025	1:53:51 PM	77.21796	77.12308	77.25661	77.29969	77.14509	77.18293	77.07372	77.15044	77.09635	77.16852	77.16824	77.08355	77.05011	76.63561
5/27/2025	1:53:54 PM	77.21783	77.12270	77.25675	77.29966	77.14533	77.18293	77.07439	77.15086	77.09656	77.16883	77.16864	77.08412	77.05029	76.63604
5/27/2025	1:53:58 PM	77.21772	77.12309	77.25677	77.29933	77.14520	77.18286	77.07427	77.15109	77.09643	77.16880	77.16865	77.08398	77.04993	76.63570
5/27/2025	1:54:01 PM	77.21796	77.12305	77.25683	77.29922	77.14540	77.18273	77.07432	77.15100	77.09711	77.16886	77.16917	77.08376	77.05040	76.63583
5/27/2025	1:54:05 PM	77.21793	77.12308	77.25670	77.29933	77.14573	77.18296	77.07443	77.15051	77.09661	77.16877	77.16845	77.08396	77.05006	76.63563
5/27/2025	1:54:08 PM	77.21781	77.12317	77.25670	77.29958	77.14580	77.18293	77.07472	77.15112	77.09681	77.16929	77.16887	77.08397	77.05022	76.63558
5/27/2025	1:54:12 PM	77.21814	77.12318	77.25679	77.29983	77.14567	77.18275	77.07459	77.15105	77.09675	77.16901	77.16878	77.08390	77.05027	76.63574
5/27/2025	1:54:15 PM	77.21797	77.12326	77.25667	77.29928	77.14537	77.18253	77.07430	77.15103	77.09651	77.16919	77.16907	77.08391	77.05039	76.63610
5/27/2025	1:54:19 PM	77.21808	77.12286	77.25674	77.29983	77.14542	77.18304	77.07452	77.15093	77.09695	77.16914	77.16903	77.08365	77.05026	76.63564
5/27/2025	1:54:22 PM	77.21789	77.12306	77.25671	77.29945	77.14549	77.18263	77.07384	77.15062	77.09637	77.16862	77.16818	77.08359	77.05011	76.63563
5/27/2025	1:54:26 PM	77.21734	77.12268	77.25631	77.29914	77.14489	77.18232	77.07395	77.15053	77.09588	77.16851	77.16833	77.08358	77.04970	76.63524
5/27/2025	1:54:30 PM	77.21801	77.12290	77.25636	77.29963	77.14507	77.18245	77.07402	77.15089	77.09634	77.16894	77.16865	77.08379	77.04977	76.63586
5/27/2025	1:54:33 PM	77.21791	77.12297	77.25669	77.29926	77.14504	77.18258	77.07397	77.15060	77.09662	77.16872	77.16884	77.08404	77.04991	76.63580
