6/13/2025	10:25:04 AM	229.95526	233.67088	239.03019	242.45255	236.74950	229.80555	219.18325	214.54457	214.34372	217.90476	221.52271	226.06750	219.31075	211.17962
6/13/2025	10:25:08 AM	228.68000	231.98584	236.97943	239.91728	234.51737	227.90702	217.01758	212.56616	212.66717	216.82545	220.33028	224.78371	218.14321	209.74844
6/13/2025	10:25:11 AM	226.83046	229.82997	234.40338	236.72771	231.71285	225.51958	215.32621	210.61060	211.04300	215.51210	218.47188	222.92137	216.49886	208.46031
6/13/2025	10:25:15 AM	224.56589	227.22023	231.59739	233.40718	228.71479	222.87792	213.51625	208.96584	209.69015	213.96305	216.65305	220.97583	214.52187	207.11406
6/13/2025	10:25:18 AM	222.02628	224.21925	228.52589	229.89206	225.52715	219.84454	211.63680	207.64540	208.43798	212.14885	214.71362	218.69701	212.24877	205.66955
6/13/2025	10:25:22 AM	219.32050	221.06463	225.20653	226.16521	222.18288	216.73569	209.53683	205.93576	206.83725	209.91214	212.45932	216.10811	209.72536	203.88080
6/13/2025	10:25:26 AM	216.35890	217.79744	221.74012	222.26699	218.61350	213.39425	206.91438	203.82217	204.74558	207.39104	209.90572	213.26166	207.00844	201.83624
6/13/2025	10:25:29 AM	213.33298	214.69194	218.34846	218.46472	215.05354	209.98176	204.06286	201.40139	202.32902	204.68814	207.15612	210.33794	204.20421	199.50758
6/13/2025	10:25:33 AM	210.27681	211.55003	214.87310	214.59588	211.38478	206.39105	200.89817	198.66299	199.62433	201.78521	204.27570	207.40363	201.33172	196.99330
6/13/2025	10:25:36 AM	207.18748	208.37076	211.35507	210.73642	207.70696	202.68642	197.52462	195.69344	196.71567	198.71131	201.24411	204.37456	198.20801	194.23692
6/13/2025	10:25:40 AM	204.08097	205.21190	207.88363	206.99157	204.08935	199.03329	194.10350	192.68107	193.73613	195.59186	198.18749	201.36405	195.08037	191.40947
6/13/2025	10:25:43 AM	200.92602	202.01318	204.36150	203.22206	200.42056	195.31610	190.53980	189.51440	190.62284	192.35417	195.04049	198.27936	191.85659	188.45080
6/13/2025	10:25:47 AM	197.80669	198.87530	200.93373	199.60249	196.89127	191.73821	187.07801	186.43769	187.58397	189.19479	191.94202	195.23711	188.68445	185.49611
6/13/2025	10:25:50 AM	194.67474	195.71708	197.50412	195.99497	193.35923	188.13790	183.57429	183.30244	184.46422	185.98776	188.85065	192.22538	185.59565	182.53017
6/13/2025	10:25:54 AM	191.65790	192.72703	194.24627	192.54963	189.94260	184.56321	179.94116	179.97574	181.09675	182.56430	185.65753	189.14854	182.39599	179.26275
6/13/2025	10:25:57 AM	188.66087	189.72365	190.98587	189.02157	186.36694	180.76135	175.99838	176.41136	177.56311	179.03898	182.35007	186.04947	179.09285	175.91316
6/13/2025	10:26:01 AM	185.60315	186.66572	187.62687	185.37871	182.69254	176.86447	172.01089	172.77089	173.88356	175.35218	178.86777	182.73144	175.54729	172.34032
6/13/2025	10:26:04 AM	182.30005	183.42037	184.11911	181.65776	178.97881	172.95550	168.07881	169.16690	170.28224	171.71609	175.37782	179.36618	171.96167	168.74719
6/13/2025	10:26:08 AM	178.93671	180.11784	180.58330	177.96774	175.33569	169.15001	164.24824	165.63983	166.77012	168.11308	171.91656	176.00033	168.40451	165.18967
6/13/2025	10:26:11 AM	175.55575	176.78574	177.01002	174.31386	171.76629	165.52332	160.63033	162.32626	163.47602	164.68321	168.58768	172.77989	165.04321	161.86656
6/13/2025	10:26:15 AM	172.45709	173.71690	173.73620	171.01766	168.57225	162.28667	157.44783	159.40108	160.55293	161.63954	165.57496	169.81534	161.98166	158.82349
6/13/2025	10:26:18 AM	169.43453	170.69990	170.50883	167.81038	165.45544	159.20260	154.42982	156.62221	157.78244	158.73943	162.70270	166.98163	159.09127	155.97357
6/13/2025	10:26:22 AM	166.71452	167.98164	167.60984	164.97577	162.73116	156.53355	151.81784	154.18669	155.33709	156.19357	160.13574	164.44926	156.54173	153.45611
6/13/2025	10:26:25 AM	164.18480	165.45918	164.91530	162.34922	160.19730	154.07848	149.43739	151.97538	153.09824	153.84972	157.74148	162.05137	154.12351	151.06265
6/13/2025	10:26:29 AM	161.85612	163.13611	162.43114	159.96226	157.90091	151.87071	147.30165	149.96398	151.08038	151.71560	155.56160	159.84349	151.93357	148.92969
6/13/2025	10:26:32 AM	159.47157	160.64113	159.84057	157.52797	155.81572	150.65659	146.29962	149.47697	150.46354	150.94386	153.95873	158.51881	150.29845	147.62364
6/13/2025	10:26:36 AM	157.61975	158.49238	157.32152	155.04416	154.05919	149.20674	144.93161	148.09270	148.72330	149.02183	151.24966	155.85668	147.23000	144.73210
6/13/2025	10:26:39 AM	154.21702	154.85465	153.30352	151.39107	150.57979	145.79687	141.75093	144.74349	145.21305	145.15126	147.20147	151.56796	143.21028	140.67363
6/13/2025	10:26:43 AM	149.80164	150.53957	149.02573	147.46429	146.72904	142.05738	138.21777	141.24258	141.57946	141.31155	143.22631	147.40538	139.34194	136.79291
6/13/2025	10:26:46 AM	145.53452	146.48781	145.01171	143.69434	143.05490	138.57902	134.97861	138.00837	138.23908	137.73736	139.47997	143.43773	135.66605	133.11322
6/13/2025	10:26:50 AM	141.67928	142.72521	141.29161	140.19065	139.66652	135.36448	131.96224	135.00211	135.18142	134.54839	136.17968	140.00194	132.45119	129.91469
6/13/2025	10:26:53 AM	138.32695	139.45646	138.04193	137.13990	136.69310	132.52284	129.26473	132.30000	132.45814	131.70631	133.25222	136.91537	129.54297	127.02744
6/13/2025	10:26:57 AM	135.35016	136.52545	135.10591	134.40377	134.01763	129.96946	126.84338	129.87739	130.04320	129.17992	130.64040	134.16163	126.93865	124.44560
6/13/2025	10:27:01 AM	132.73072	133.92006	132.49773	131.96629	131.63314	127.73673	124.73824	127.76163	127.93071	126.99309	128.37702	131.78142	124.69000	122.22875
6/13/2025	10:27:04 AM	130.43778	131.63995	130.20532	129.81880	129.56336	125.78377	122.92060	125.93214	126.12336	125.12293	126.43595	129.72677	122.74815	120.31194
6/13/2025	10:27:07 AM	128.50108	129.69871	128.25014	127.95705	127.78202	124.09673	121.33369	124.32226	124.51366	123.44717	124.70564	127.87531	121.00134	118.60766
6/13/2025	10:27:11 AM	126.71145	127.91830	126.44795	126.24077	126.14641	122.56788	119.89443	122.86639	123.07364	121.96025	123.18996	126.25840	119.48342	117.13543
6/13/2025	10:27:14 AM	125.22954	126.45026	124.96763	124.83826	124.78423	121.31625	118.69790	121.65083	121.86409	120.71869	121.91019	124.88490	118.19065	115.87973
6/13/2025	10:27:18 AM	123.97088	125.20870	123.69545	123.61050	123.59719	120.24694	117.65164	120.59143	120.81474	119.64045	120.80479	123.69911	117.08399	114.82692
6/13/2025	10:27:22 AM	122.87591	124.11199	122.60817	122.55234	122.56832	119.32442	116.76758	119.68805	119.94332	118.75217	119.86143	122.63028	116.15657	113.96102
6/13/2025	10:27:25 AM	121.86103	123.07138	121.60396	121.63684	121.75996	118.72937	116.28124	119.19424	119.35859	118.04019	119.00064	121.60569	115.35014	113.21497
6/13/2025	10:27:29 AM	120.91788	122.14267	120.72888	120.79182	120.92486	117.98884	115.53303	118.37479	118.52996	117.19363	118.13421	120.69519	114.49320	112.38214
6/13/2025	10:27:32 AM	120.00267	121.22156	119.78704	119.85144	119.96302	117.06246	114.61633	117.39618	117.56119	116.23770	117.16954	119.71641	113.55342	111.46614
6/13/2025	10:27:36 AM	119.03785	120.26214	118.81928	118.87855	118.97326	116.12368	113.70052	116.43041	116.61037	115.29757	116.22459	118.75208	112.62546	110.55977
6/13/2025	10:27:39 AM	118.10629	119.33146	117.88301	117.94085	118.02043	115.23300	112.82875	115.50674	115.69367	114.39657	115.32924	117.83207	111.74313	109.70397
6/13/2025	10:27:43 AM	117.24655	118.47340	117.02175	117.06850	117.14081	114.41455	112.03539	114.66249	114.85756	113.58117	114.51712	116.99555	110.95533	108.94311
6/13/2025	10:27:46 AM	116.44382	117.67288	116.21968	116.25608	116.31772	113.65659	111.30073	113.88071	114.08472	112.82031	113.75733	116.20707	110.21935	108.23004
6/13/2025	10:27:50 AM	115.70775	116.92978	115.48557	115.50082	115.55267	112.95372	110.61754	113.15814	113.36351	112.11349	113.05647	115.48077	109.54535	107.58528
6/13/2025	10:27:53 AM	115.04412	116.27064	114.84538	114.83802	114.88137	112.34244	110.02284	112.53520	112.74807	111.51905	112.47083	114.87563	108.98625	107.05153
6/13/2025	10:27:57 AM	114.48140	115.71242	114.30261	114.26288	114.29217	111.81627	109.51057	111.99792	112.21281	111.00068	111.96068	114.33998	108.49885	106.59013
6/13/2025	10:28:00 AM	113.99960	115.23190	113.83466	113.75496	113.78073	111.35456	109.05476	111.52033	111.73615	110.54221	111.51061	113.86982	108.07182	106.19293
6/13/2025	10:28:04 AM	113.56720	114.80865	113.42314	113.30523	113.33480	110.96222	108.66565	111.11141	111.32920	110.15062	111.12828	113.46955	107.71478	105.86382
6/13/2025	10:28:07 AM	113.18543	114.42456	113.06717	112.90653	112.94049	110.61149	108.32549	110.74365	110.96656	109.80110	110.78211	113.09102	107.39571	105.57680
6/13/2025	10:28:11 AM	112.85490	114.08661	112.75217	112.54885	112.57748	110.28672	108.00843	110.39608	110.62392	109.47659	110.45211	112.75060	107.10799	105.31834
6/13/2025	10:28:14 AM	112.54657	113.77877	112.45275	112.21522	112.23741	109.98307	107.71160	110.07293	110.29765	109.16526	110.15082	112.42834	106.84278	105.07222
6/13/2025	10:28:18 AM	112.27007	113.49996	112.17987	111.90783	111.92460	109.70847	107.42927	109.77325	110.00021	108.87102	109.86267	112.12822	106.60238	104.84242
6/13/2025	10:28:21 AM	112.00937	113.23354	111.93225	111.61366	111.63501	109.44959	107.16578	109.49715	109.71307	108.59967	109.59972	111.84986	106.38662	104.63289
6/13/2025	10:28:25 AM	111.76530	112.98419	111.70184	111.34758	111.36481	109.20204	106.92230	109.24017	109.45059	108.35623	109.36331	111.58781	106.18672	104.43675
6/13/2025	10:28:28 AM	111.53159	112.74296	111.48147	111.09271	111.10603	108.97185	106.68888	108.99058	109.19459	108.10698	109.12767	111.33755	106.00013	104.25572
6/13/2025	10:28:32 AM	111.31637	112.52056	111.29000	110.86979	110.86638	108.75643	106.48618	108.76798	108.97325	107.89031	108.92089	111.11672	105.83472	104.09429
6/13/2025	10:28:35 AM	111.11008	112.31157	111.11257	110.65216	110.64742	108.55712	106.29443	108.55795	108.76593	107.68884	108.73722	110.91877	105.69664	103.95428
6/13/2025	10:28:39 AM	110.93647	112.14773	110.97677	110.47518	110.44772	108.39661	106.13883	108.40171	108.59120	107.52759	108.58902	110.74378	105.58558	103.84023
6/13/2025	10:28:42 AM	110.79012	111.99217	110.84562	110.31790	110.27912	108.25026	105.99873	108.25579	108.43632	107.36604	108.44462	110.57961	105.47239	103.72488
6/13/2025	10:28:46 AM	110.63107	111.82158	110.69059	110.13579	110.08872	108.08802	105.85725	108.10503	108.30373	107.20085	108.26888	110.34650	105.31677	103.60865
6/13/2025	10:28:49 AM	110.31914	111.45985	110.35125	109.83696	109.87097	108.03596	105.89107	108.17314	108.29477	107.10100	108.02067	109.92200	105.10656	103.46868
6/13/2025	10:28:53 AM	109.86614	110.93968	109.85135	109.34955	109.45193	107.80845	105.84764	108.05593	108.21497	107.00269	107.86138	109.71604	104.79970	103.27563
6/13/2025	10:28:56 AM	109.50273	110.47279	109.30717	108.80796	108.88342	107.28827	105.39040	107.66404	107.86896	106.65830	107.47223	109.29039	104.33375	102.89191
6/13/2025	10:29:00 AM	109.00435	109.90565	108.69745	108.19760	108.25073	106.69132	104.85613	107.17674	107.41078	106.22501	107.00603	108.81106	103.83496	102.44908
6/13/2025	10:29:03 AM	108.49572	109.34993	108.11952	107.62438	107.66897	106.14710	104.35645	106.69393	106.94296	105.77358	106.53577	108.32839	103.34471	101.99271
6/13/2025	10:29:07 AM	107.99806	108.82043	107.56868	107.07317	107.11283	105.64107	103.88397	106.22684	106.48181	105.32988	106.08144	107.86252	102.87855	101.55389
6/13/2025	10:29:10 AM	107.52575	108.31931	107.06236	106.56160	106.60179	105.17955	103.44885	105.79119	106.04751	104.90778	105.64790	107.41772	102.44486	101.14219
6/13/2025	10:29:14 AM	107.07995	107.85237	106.59484	106.09286	106.13829	104.76213	103.05497	105.38955	105.64482	104.51612	105.24396	106.99967	102.04713	100.76342
6/13/2025	10:29:17 AM	106.66845	107.42355	106.17107	105.66408	105.70937	104.37409	102.68540	105.00780	105.26099	104.14125	104.85635	106.59776	101.66909	100.40173
6/13/2025	10:29:20 AM	106.26574	107.00189	105.74896	105.24045	105.28746	103.99563	102.32356	104.63458	104.88316	103.77546	104.47893	106.20936	101.30690	100.05410
6/13/2025	10:29:24 AM	105.87997	106.60645	105.35799	104.84949	104.89740	103.64460	101.98826	104.28285	104.52681	103.43199	104.12449	105.84111	100.96923	99.73117
6/13/2025	10:29:27 AM	105.51990	106.23347	104.99259	104.47727	104.52831	103.31183	101.66906	103.94945	104.18477	103.10106	103.78342	105.48820	100.64645	99.42052
6/13/2025	10:29:31 AM	105.16341	105.86866	104.63509	104.11530	104.16856	102.98476	101.35373	103.61818	103.84777	102.77611	103.44773	105.14244	100.32889	99.11975
6/13/2025	10:29:34 AM	104.81597	105.51139	104.28892	103.76620	103.81614	102.66646	101.05132	103.30251	103.52694	102.46746	103.12896	104.81283	100.03190	98.83814
6/13/2025	10:29:38 AM	104.48042	105.17243	103.95860	103.42963	103.47810	102.35734	100.75353	102.98679	103.20501	102.16003	102.81157	104.48454	99.73771	98.55879
6/13/2025	10:29:41 AM	104.16237	104.84553	103.64035	103.10474	103.15039	102.05800	100.47180	102.68997	102.89960	101.86909	102.51342	104.17630	99.46080	98.29736
6/13/2025	10:29:45 AM	103.85159	104.52802	103.33544	102.79258	102.83625	101.77447	100.19904	102.40347	102.60717	101.58919	102.22516	103.87586	99.19692	98.04993
6/13/2025	10:29:48 AM	103.54541	104.21662	103.04081	102.49315	102.53239	101.49286	99.93263	102.12207	102.31906	101.31369	101.94085	103.57898	98.93479	97.80325
6/13/2025	10:29:52 AM	103.25083	103.91803	102.75298	102.20149	102.23423	101.21726	99.67238	101.84850	102.04029	101.04694	101.66696	103.29441	98.68676	97.57081
6/13/2025	10:29:55 AM	102.97032	103.63385	102.47902	101.92367	101.95318	100.95724	99.42488	101.58593	101.77197	100.79003	101.40082	103.01896	98.44565	97.34546
6/13/2025	10:29:59 AM	102.69395	103.35174	102.20698	101.64893	101.67517	100.69930	99.17885	101.32864	101.50981	100.54124	101.14710	102.75693	98.21954	97.13330
6/13/2025	10:30:02 AM	102.42523	103.07982	101.95053	101.38630	101.40693	100.45248	98.94330	101.08252	101.25752	100.29977	100.89882	102.49595	97.99542	96.92471
6/13/2025	10:30:06 AM	102.16450	102.81372	101.69359	101.12745	101.14373	100.20824	98.71295	100.83916	101.00972	100.06456	100.65819	102.24322	97.77806	96.72275
6/13/2025	10:30:09 AM	101.91162	102.55903	101.44849	100.87677	100.88932	99.97094	98.48797	100.60157	100.76663	99.83186	100.41968	101.99256	97.56537	96.52380
6/13/2025	10:30:13 AM	101.66256	102.30482	101.20774	100.63245	100.64037	99.73772	98.26823	100.36981	100.52894	99.60551	100.18723	101.75091	97.35895	96.33268
6/13/2025	10:30:16 AM	101.41792	102.05674	100.97022	100.39396	100.39759	99.51167	98.05361	100.14212	100.29651	99.38493	99.96066	101.51223	97.15572	96.14355
6/13/2025	10:30:20 AM	101.18263	101.81813	100.73983	100.16017	100.16271	99.29175	97.84528	99.92209	100.07096	99.16977	99.74082	101.28193	96.96143	95.96310
6/13/2025	10:30:23 AM	100.95181	101.58486	100.51464	99.93080	99.92971	99.07525	97.64225	99.70675	99.85176	98.95974	99.52544	101.05465	96.76892	95.78541
6/13/2025	10:30:27 AM	100.72404	101.35508	100.29415	99.71239	99.70472	98.86587	97.44183	99.49377	99.63422	98.75273	99.31284	100.83055	96.57968	95.60927
6/13/2025	10:30:30 AM	100.50134	101.12847	100.08021	99.49083	99.48225	98.65871	97.24639	99.28513	99.42182	98.55038	99.10619	100.61233	96.39503	95.43741
6/13/2025	10:30:34 AM	100.28026	100.90574	99.86585	99.27391	99.26235	98.45207	97.05194	99.08228	99.21403	98.35212	98.90459	100.40082	96.21683	95.27311
6/13/2025	10:30:37 AM	100.06293	100.68622	99.65457	99.06208	99.04807	98.25067	96.86113	98.87998	99.00602	98.15304	98.70053	100.18568	96.03419	95.10390
6/13/2025	10:30:41 AM	99.84588	100.46599	99.44506	98.85035	98.83645	98.05206	96.67329	98.67982	98.80315	97.95848	98.50212	99.97692	95.85949	94.94147
6/13/2025	10:30:44 AM	99.63770	100.25555	99.24368	98.64934	98.63103	97.85913	96.49140	98.48787	98.60872	97.77294	98.31275	99.77742	95.69067	94.78680
6/13/2025	10:30:48 AM	99.43578	100.05264	99.04753	98.45227	98.43480	97.67345	96.31671	98.30307	98.41999	97.59165	98.12686	99.57907	95.52714	94.63555
6/13/2025	10:30:51 AM	99.24282	99.85438	98.85955	98.26227	98.24471	97.49475	96.14714	98.12229	98.23586	97.41415	97.94478	99.38594	95.36638	94.48826
6/13/2025	10:30:55 AM	99.05290	99.66073	98.67372	98.07949	98.05884	97.32041	95.98271	97.94553	98.05551	97.24216	97.76800	99.19743	95.21103	94.34392
6/13/2025	10:30:58 AM	98.86415	99.46950	98.49043	97.89406	97.86974	97.14384	95.81479	97.76889	97.87561	97.07172	97.59258	99.01085	95.05689	94.20184
6/13/2025	10:31:02 AM	98.67950	99.28249	98.31152	97.71431	97.68829	96.97285	95.65184	97.59571	97.69959	96.90288	97.41904	98.82740	94.90624	94.06275
6/13/2025	10:31:05 AM	98.49691	99.09793	98.13530	97.53844	97.51069	96.80602	95.49612	97.42848	97.52777	96.73778	97.24932	98.64515	94.75619	93.92375
6/13/2025	10:31:09 AM	98.31525	98.91529	97.96109	97.36528	97.33934	96.64265	95.34048	97.26239	97.35865	96.57677	97.08508	98.47075	94.61283	93.79085
6/13/2025	10:31:12 AM	98.14191	98.73563	97.79129	97.19709	97.16639	96.48086	95.18682	97.09835	97.19175	96.41682	96.92137	98.29603	94.46830	93.65675
6/13/2025	10:31:16 AM	97.97035	98.56096	97.62622	97.02825	96.99829	96.32197	95.03735	96.93771	97.02887	96.25997	96.76267	98.12828	94.32935	93.52710
6/13/2025	10:31:19 AM	97.80045	98.38741	97.45974	96.86088	96.82824	96.16150	94.88485	96.77439	96.86250	96.09998	96.60015	97.95641	94.18703	93.39584
6/13/2025	10:31:23 AM	97.63589	98.22177	97.30169	96.70327	96.66871	96.01002	94.74227	96.62288	96.70999	95.95502	96.45072	97.79758	94.05464	93.27356
6/13/2025	10:31:26 AM	97.47416	98.05630	97.14300	96.54379	96.50821	95.85795	94.59756	96.46905	96.55253	95.80564	96.29787	97.63423	93.91997	93.14793
6/13/2025	10:31:30 AM	97.31062	97.88882	96.98333	96.38644	96.35055	95.70899	94.45669	96.31663	96.39747	95.65885	96.14628	97.47589	93.78827	93.02735
6/13/2025	10:31:34 AM	97.15564	97.73172	96.83510	96.23823	96.20013	95.56707	94.32253	96.17208	96.25146	95.52011	96.00353	97.32340	93.66439	92.91119
6/13/2025	10:31:37 AM	97.00487	97.57567	96.68575	96.08918	96.04762	95.42562	94.18769	96.02690	96.10336	95.37807	95.85840	97.17062	93.53754	92.79343
6/13/2025	10:31:40 AM	96.84967	97.41940	96.53564	95.93930	95.89686	95.28266	94.05440	95.88304	95.95847	95.23922	95.71674	97.02021	93.41252	92.67677
6/13/2025	10:31:44 AM	96.70208	97.26668	96.38806	95.79337	95.75038	95.14282	93.92094	95.74201	95.81513	95.10328	95.57632	96.87046	93.28871	92.56290
6/13/2025	10:31:48 AM	96.55512	97.11398	96.23980	95.65144	95.60703	95.00805	93.79052	95.60348	95.67536	94.96532	95.40581	96.66445	93.16329	92.45141
6/13/2025	10:31:51 AM	96.33014	96.87802	96.04177	95.48235	95.48056	94.94081	93.75903	95.56701	95.61463	94.87367	95.28349	96.50298	93.05159	92.35972
6/13/2025	10:31:55 AM	96.15314	96.69332	95.87301	95.34103	95.39102	94.90257	93.73832	95.50705	95.47696	94.65852	94.99407	96.16921	92.92203	92.21525
6/13/2025	10:31:58 AM	95.81090	96.40145	95.68128	95.21452	95.33837	94.85912	93.68292	95.38753	95.30542	94.42956	94.67710	95.81106	92.76361	92.06632
6/13/2025	10:32:01 AM	95.49425	96.11532	95.45581	95.07340	95.25253	94.81063	93.64549	95.32185	95.17051	94.24106	94.45144	95.53070	92.63142	91.93929
6/13/2025	10:32:05 AM	95.24225	95.89894	95.28704	94.95355	95.16060	94.73720	93.58088	95.22392	95.04040	94.07870	94.23814	95.28464	92.49622	91.80830
6/13/2025	10:32:08 AM	95.02184	95.68121	95.09432	94.81503	95.03824	94.62594	93.48264	95.09800	94.89552	93.91472	94.03738	95.07786	92.35330	91.67241
6/13/2025	10:32:12 AM	94.81175	95.44634	94.90215	94.66024	94.90196	94.50031	93.36691	94.95804	94.74356	93.75248	93.84747	94.88104	92.21166	91.53494
6/13/2025	10:32:16 AM	94.61382	95.23436	94.72433	94.50617	94.75688	94.37165	93.24416	94.81444	94.59165	93.59783	93.67377	94.69056	92.07280	91.40130
6/13/2025	10:32:19 AM	94.42595	95.02386	94.55791	94.34140	94.60465	94.23164	93.11405	94.66733	94.44021	93.44860	93.50954	94.50824	91.93452	91.27173
6/13/2025	10:32:23 AM	94.24160	94.84974	94.40157	94.19884	94.45703	94.09380	92.97914	94.52164	94.29198	93.30298	93.35457	94.33282	91.79763	91.14512
6/13/2025	10:32:26 AM	94.07221	94.67107	94.24734	94.04207	94.30799	93.95775	92.84607	94.37503	94.14506	93.16189	93.20552	94.16578	91.66277	91.02005
6/13/2025	10:32:30 AM	93.90733	94.52065	94.11157	93.89922	94.17004	93.83037	92.72031	94.23671	94.00300	93.02598	93.06782	94.00865	91.54176	90.90376
6/13/2025	10:32:33 AM	93.75490	94.37766	93.97586	93.76133	94.03274	93.70623	92.59713	94.09981	93.85918	92.88711	92.93153	93.85711	91.42302	90.78730
6/13/2025	10:32:36 AM	93.60400	94.23860	93.83888	93.62773	93.89951	93.58215	92.47398	93.96134	93.71352	92.74456	92.79262	93.70586	91.29964	90.66623
6/13/2025	10:32:40 AM	93.45646	94.09304	93.69634	93.48929	93.76601	93.45418	92.35045	93.82411	93.57129	92.60509	92.65319	93.56031	91.17977	90.54910
6/13/2025	10:32:43 AM	93.31707	93.94943	93.55789	93.35936	93.63693	93.32745	92.22975	93.68959	93.43022	92.46759	92.51453	93.41119	91.05808	90.43124
6/13/2025	10:32:47 AM	93.17092	93.80471	93.41605	93.22658	93.50504	93.20051	92.10763	93.55662	93.29123	92.33085	92.37522	93.26693	90.93927	90.31475
6/13/2025	10:32:50 AM	93.02480	93.66151	93.27973	93.09632	93.37719	93.07578	91.98663	93.42247	93.15027	92.19342	92.23525	93.12027	90.81841	90.19779
6/13/2025	10:32:54 AM	92.87465	93.51458	93.13829	92.95913	93.24477	92.94558	91.86385	93.28936	93.00974	92.05573	92.09462	92.97059	90.69660	90.07984
6/13/2025	10:32:58 AM	92.72257	93.36874	92.99972	92.82205	93.11357	92.81838	91.74129	93.15526	92.86914	91.91978	91.95607	92.82772	90.57765	89.96427
6/13/2025	10:33:01 AM	92.58409	93.23025	92.86833	92.69310	92.98765	92.69579	91.62363	93.02853	92.73694	91.79072	91.82552	92.68994	90.46063	89.85212
6/13/2025	10:33:05 AM	92.44893	93.09343	92.73635	92.56581	92.86348	92.57423	91.50707	92.90139	92.60453	91.66088	91.69363	92.55072	90.34463	89.73973
6/13/2025	10:33:08 AM	92.31303	92.95590	92.60991	92.44119	92.74156	92.45510	91.39300	92.77860	92.47662	91.53757	91.56705	92.42008	90.23511	89.63423
6/13/2025	10:33:12 AM	92.18332	92.82458	92.48583	92.32261	92.62321	92.33931	91.28218	92.65959	92.35291	91.41616	91.44706	92.29138	90.12762	89.53035
6/13/2025	10:33:15 AM	92.05922	92.69874	92.36791	92.20588	92.50849	92.22639	91.17572	92.54397	92.23400	91.30107	91.32822	92.16506	90.02304	89.42990
6/13/2025	10:33:19 AM	91.93482	92.57646	92.25062	92.09089	92.39410	92.11494	91.06888	92.42880	92.11499	91.18657	91.21055	92.03981	89.91950	89.33163
6/13/2025	10:33:22 AM	91.81362	92.45354	92.13158	91.97711	92.28045	92.00495	90.96462	92.31610	91.99890	91.07285	91.09548	91.91522	89.81713	89.23384
6/13/2025	10:33:26 AM	91.69385	92.33276	92.02009	91.86854	92.17112	91.89784	90.86253	92.20644	91.88587	90.96463	90.98255	91.79785	89.71833	89.13843
6/13/2025	10:33:29 AM	91.57712	92.21311	91.90542	91.75794	92.05950	91.78988	90.75924	92.09369	91.77134	90.85405	90.87071	91.68016	89.61886	89.04277
6/13/2025	10:33:33 AM	91.46169	92.09379	91.79583	91.64939	91.95033	91.68294	90.65724	91.98536	91.65951	90.74577	90.76109	91.56204	89.51930	88.94793
6/13/2025	10:33:36 AM	91.34851	91.98135	91.68444	91.54280	91.84327	91.58018	90.55877	91.87807	91.55110	90.64181	90.65493	91.44872	89.42389	88.85712
6/13/2025	10:33:40 AM	91.23623	91.86853	91.57424	91.43726	91.73618	91.47668	90.46104	91.77167	91.44323	90.53688	90.54706	91.33568	89.32829	88.76472
6/13/2025	10:33:43 AM	91.12407	91.75405	91.46584	91.33207	91.63101	91.37483	90.36347	91.66678	91.33797	90.43417	90.44385	91.22415	89.23504	88.67784
6/13/2025	10:33:47 AM	91.01588	91.64297	91.36124	91.23000	91.52653	91.27429	90.26782	91.56322	91.23327	90.33424	90.34067	91.11644	89.14327	88.58931
6/13/2025	10:33:50 AM	90.90653	91.53286	91.25584	91.12784	91.42335	91.17475	90.17281	91.46007	91.12885	90.23341	90.23768	91.00832	89.05024	88.50063
6/13/2025	10:33:54 AM	90.79886	91.42659	91.15204	91.02698	91.32302	91.07649	90.07952	91.35893	91.02628	90.13493	90.13825	90.90056	88.95944	88.41417
6/13/2025	10:33:57 AM	90.69540	91.31967	91.04768	90.92625	91.22058	90.97806	89.98610	91.25812	90.92522	90.03761	90.04052	90.79587	88.87088	88.32998
6/13/2025	10:34:01 AM	90.59244	91.21085	90.94732	90.82766	91.12059	90.88328	89.89506	91.15857	90.82609	89.94307	89.94067	90.69154	88.78336	88.24650
6/13/2025	10:34:04 AM	90.48748	91.10326	90.84544	90.72884	91.02311	90.78811	89.80479	91.06021	90.72819	89.84845	89.84520	90.59001	88.69566	88.16422
6/13/2025	10:34:08 AM	90.38432	90.99674	90.74619	90.63237	90.92438	90.69174	89.71486	90.96214	90.62924	89.75320	89.74833	90.49045	88.60721	88.07565
6/13/2025	10:34:11 AM	90.24367	90.82890	90.59804	90.18193	90.69579	90.47150	89.52283	90.77613	90.39659	89.58193	89.53237	90.25233	88.34748	87.82462
6/13/2025	10:34:15 AM	89.95730	90.52416	90.16191	89.99358	90.44098	90.23437	89.30388	90.54006	90.19154	89.36688	89.30978	90.01908	88.12206	87.61772
6/13/2025	10:34:18 AM	89.73465	90.28862	89.78429	89.85660	90.23237	90.05930	89.14128	90.37286	90.03254	89.20303	89.14510	89.84385	87.94758	87.46614
6/13/2025	10:34:22 AM	89.56528	90.09167	89.53094	89.73618	90.06549	89.92064	89.01125	90.23625	89.90992	89.07325	89.01704	89.70288	87.80473	87.34007
6/13/2025	10:34:25 AM	89.41727	89.91218	89.36675	89.62340	89.93535	89.79956	88.89855	90.11930	89.80257	88.96306	88.90475	89.57647	87.68083	87.23120
6/13/2025	10:34:29 AM	89.29294	89.80443	89.24978	89.51580	89.81103	89.68999	88.79956	90.00939	89.70020	88.86275	88.80536	89.45827	87.56469	87.13298
6/13/2025	10:34:32 AM	89.18859	89.66021	89.15223	89.40334	89.69471	89.58816	88.69878	89.90327	89.60174	88.77211	88.71954	89.36230	87.45904	87.04701
6/13/2025	10:34:36 AM	89.08666	89.54683	89.07069	89.30007	89.59362	89.49024	88.61217	89.80785	89.51234	88.68663	88.63451	89.27424	87.36054	86.96840
6/13/2025	10:34:39 AM	88.99810	89.45540	89.00253	89.20323	89.49638	89.40508	88.52513	89.71929	89.42636	88.60569	88.55517	89.18312	87.27367	86.89411
6/13/2025	10:34:43 AM	88.90856	89.37668	88.93607	89.11243	89.40415	89.31771	88.44304	89.62371	89.33737	88.51953	88.47073	89.09873	87.19164	86.82068
6/13/2025	10:34:46 AM	88.82164	89.27027	88.87247	89.03064	89.31133	89.23099	88.36628	89.53798	89.25572	88.44403	88.39557	89.00767	87.12337	86.76006
6/13/2025	10:34:50 AM	88.72486	89.17459	88.80748	88.94268	89.23306	89.14680	88.29002	89.45431	89.17656	88.37019	88.31955	88.91241	87.05439	86.69933
6/13/2025	10:34:53 AM	88.64336	89.07006	88.73270	88.86454	89.14155	89.06192	88.21979	89.37766	89.10495	88.30475	88.24660	88.84437	86.99878	86.64808
6/13/2025	10:34:57 AM	88.56352	89.00596	88.68135	88.79542	89.06092	88.98678	88.15330	89.30907	89.03950	88.24367	88.18038	88.77232	86.94275	86.59679
6/13/2025	10:35:00 AM	88.48521	88.94199	88.61665	88.72331	88.98334	88.91286	88.08633	89.23817	88.97045	88.17992	88.11423	88.69812	86.88670	86.54561
6/13/2025	10:35:04 AM	88.41197	88.88856	88.56652	88.65209	88.91470	88.83931	88.02533	89.17257	88.90466	88.12022	88.05267	88.63094	86.83525	86.49850
6/13/2025	10:35:07 AM	88.34596	88.82583	88.52146	88.58546	88.84639	88.77591	87.96694	89.10580	88.84096	88.06425	87.99586	88.57011	86.78948	86.45496
6/13/2025	10:35:11 AM	88.28151	88.77158	88.47506	88.52170	88.78158	88.71227	87.91575	89.04507	88.78114	88.00958	87.94313	88.51135	86.74725	86.41478
6/13/2025	10:35:14 AM	88.22401	88.71754	88.43654	88.46687	88.72180	88.66059	87.86751	88.98611	88.72246	87.95621	87.88864	88.45460	86.70248	86.37262
6/13/2025	10:35:18 AM	88.16364	88.65808	88.38605	88.40299	88.66361	88.60178	87.81391	88.92329	88.65782	87.89453	87.83279	88.39208	86.65308	86.32391
6/13/2025	10:35:21 AM	88.09903	88.59035	88.32666	88.33652	88.59826	88.53194	87.75166	88.85164	88.58473	87.82734	87.76663	88.32267	86.59685	86.26979
6/13/2025	10:35:25 AM	88.02719	88.51976	88.26586	88.26574	88.52512	88.46085	87.68505	88.77513	88.50800	87.75586	87.69766	88.24996	86.54086	86.21304
6/13/2025	10:35:28 AM	87.95179	88.44547	88.19715	88.19431	88.44853	88.38591	87.61548	88.69727	88.43169	87.68277	87.62773	88.17598	86.47649	86.15041
6/13/2025	10:35:32 AM	87.87414	88.36434	88.12415	88.12125	88.37059	88.30732	87.54210	88.61721	88.35167	87.60652	87.55245	88.10086	86.40952	86.08629
6/13/2025	10:35:35 AM	87.79483	88.27998	88.05318	88.04225	88.29131	88.22752	87.46793	88.53574	88.27014	87.52892	87.47417	88.01844	86.33957	86.01824
6/13/2025	10:35:39 AM	87.70995	88.19311	87.97661	87.96003	88.20780	88.14233	87.38982	88.45093	88.18786	87.44857	87.39638	87.93396	86.26705	85.94919
6/13/2025	10:35:42 AM	87.62748	88.11201	87.89287	87.86914	88.11824	88.05547	87.30982	88.36438	88.10289	87.36876	87.31536	87.84911	86.19321	85.87990
6/13/2025	10:35:46 AM	87.54598	88.02742	87.81236	87.78262	88.03211	87.97238	87.23319	88.28184	88.02032	87.29065	87.23463	87.76728	86.12159	85.81095
6/13/2025	10:35:50 AM	87.46674	87.94523	87.73162	87.69885	87.94869	87.89519	87.15919	88.20242	87.94273	87.21492	87.15704	87.68860	86.05264	85.74470
6/13/2025	10:35:53 AM	87.38753	87.85739	87.64906	87.61691	87.86610	87.81587	87.08412	88.12098	87.86228	87.13854	87.07848	87.60630	85.98174	85.67756
6/13/2025	10:35:57 AM	87.30983	87.77336	87.57015	87.53637	87.78861	87.74174	87.01173	88.04268	87.78625	87.06479	87.00320	87.52825	85.91447	85.61307
6/13/2025	10:36:00 AM	87.23633	87.69433	87.49371	87.45919	87.71125	87.66853	86.93967	87.96481	87.71102	86.99293	86.92920	87.45178	85.84668	85.54923
6/13/2025	10:36:03 AM	87.15795	87.61497	87.41583	87.38425	87.63559	87.59559	86.86983	87.88898	87.63665	86.92344	86.85726	87.37752	85.78127	85.48602
6/13/2025	10:36:07 AM	87.08669	87.54036	87.34317	87.31287	87.56184	87.52583	86.80274	87.81618	87.56672	86.85640	86.78966	87.30723	85.71834	85.42553
6/13/2025	10:36:10 AM	87.01532	87.46901	87.27282	87.24321	87.49154	87.45863	86.73854	87.74554	87.49872	86.79247	86.72367	87.23862	85.65822	85.36760
6/13/2025	10:36:14 AM	86.94716	87.39826	87.20348	87.17393	87.42020	87.39080	86.67319	87.67431	87.42975	86.72688	86.65824	87.16962	85.59664	85.30953
6/13/2025	10:36:17 AM	86.87859	87.32617	87.13385	87.10405	87.35224	87.32529	86.60962	87.60519	87.36261	86.66248	86.59210	87.10115	85.53610	85.25119
6/13/2025	10:36:21 AM	86.81107	87.25639	87.06279	87.03635	87.28231	87.25841	86.54503	87.53436	87.29480	86.59886	86.52633	87.03200	85.47552	85.19349
6/13/2025	10:36:24 AM	86.74416	87.18461	86.99573	86.96763	87.21086	87.19215	86.48164	87.46610	87.22873	86.53669	86.46325	86.96652	85.41730	85.13729
6/13/2025	10:36:28 AM	86.67888	87.11518	86.92754	86.90359	87.14395	87.12803	86.41988	87.39861	87.16416	86.47578	86.40053	86.90074	85.35947	85.08181
6/13/2025	10:36:31 AM	86.61322	87.04898	86.86191	86.83977	87.07896	87.06533	86.35989	87.33272	87.10001	86.41544	86.33811	86.83477	85.30315	85.02801
6/13/2025	10:36:35 AM	86.55132	86.98396	86.79664	86.77613	87.01488	87.00426	86.30181	87.26817	87.03938	86.35841	86.28092	86.77242	85.24878	84.97578
6/13/2025	10:36:38 AM	86.49135	86.91968	86.73361	86.71331	86.95119	86.94336	86.24325	87.20420	86.97821	86.30066	86.22165	86.71054	85.19437	84.92332
6/13/2025	10:36:42 AM	86.43130	86.85627	86.67113	86.65206	86.88886	86.88463	86.18659	87.14192	86.91891	86.24474	86.16342	86.65101	85.14220	84.87383
6/13/2025	10:36:45 AM	86.37343	86.79363	86.61162	86.59257	86.82896	86.82722	86.13163	87.08210	86.86152	86.19142	86.10724	86.59315	85.09101	84.82421
6/13/2025	10:36:49 AM	86.31555	86.73203	86.55188	86.53496	86.76941	86.77072	86.07707	87.02190	86.80411	86.13659	86.05146	86.53557	85.04026	84.77627
6/13/2025	10:36:52 AM	86.25715	86.66958	86.49341	86.47586	86.70907	86.71352	86.02305	86.96189	86.74717	86.08282	85.99542	86.47628	84.99036	84.72750
6/13/2025	10:36:56 AM	86.20056	86.60894	86.43643	86.41947	86.65144	86.65835	85.96967	86.90271	86.69100	86.02996	85.94102	86.41987	84.94131	84.68068
6/13/2025	10:36:59 AM	86.14317	86.54946	86.37828	86.36395	86.59331	86.60189	85.91564	86.84287	86.63436	85.97689	85.88647	86.36224	84.89187	84.63241
6/13/2025	10:37:03 AM	86.08725	86.49140	86.32210	86.30817	86.53454	86.54691	85.86299	86.78467	86.57882	85.92461	85.83282	86.30490	84.84312	84.58593
6/13/2025	10:37:07 AM	86.03349	86.43441	86.26663	86.25452	86.47957	86.49346	85.81224	86.72854	86.52529	85.87460	85.78126	86.25148	84.79675	84.54122
6/13/2025	10:37:10 AM	85.98078	86.38164	86.21215	86.20044	86.42398	86.44103	85.76140	86.67245	86.47226	85.82513	85.73032	86.19736	84.75035	84.49645
6/13/2025	10:37:14 AM	85.92958	86.32651	86.15905	86.14883	86.37111	86.39026	85.71303	86.61825	86.42117	85.77743	85.68152	86.14677	84.70577	84.45363
6/13/2025	10:37:17 AM	85.87902	86.27220	86.10811	86.09853	86.31960	86.33973	85.66487	86.56524	86.37165	85.73024	85.63310	86.09611	84.66143	84.41164
6/13/2025	10:37:20 AM	85.82869	86.21685	86.05579	86.04644	86.26604	86.28979	85.61773	86.51292	86.32161	85.68386	85.58508	86.04576	84.61868	84.36985
6/13/2025	10:37:24 AM	85.77824	86.16386	86.00308	85.99550	86.21521	86.24083	85.56983	86.45907	86.27123	85.63634	85.53547	85.99392	84.57446	84.32726
6/13/2025	10:37:27 AM	85.72839	86.11513	85.95574	85.94664	86.16410	86.19181	85.52348	86.40752	86.22270	85.59086	85.48858	85.94476	84.53101	84.28568
6/13/2025	10:37:31 AM	85.67941	86.06259	85.90409	85.89695	86.11426	86.14299	85.47659	86.35508	86.17360	85.54538	85.44105	85.89530	84.48920	84.24542
6/13/2025	10:37:34 AM	85.62952	86.01065	85.85481	85.84828	86.06321	86.09429	85.43038	86.30440	86.12574	85.50015	85.39440	85.84672	84.44652	84.20465
6/13/2025	10:37:38 AM	85.58235	85.95759	85.80495	85.80046	86.01535	86.04709	85.38525	86.25337	86.07816	85.45472	85.34789	85.79788	84.40445	84.16468
6/13/2025	10:37:41 AM	85.53639	85.90826	85.75673	85.75402	85.96685	86.00003	85.34068	86.20396	86.03138	85.41087	85.30212	85.75126	84.36408	84.12555
6/13/2025	10:37:45 AM	85.49015	85.85794	85.70775	85.70661	85.91904	85.95453	85.29691	86.15548	85.98579	85.36813	85.25800	85.70480	84.32371	84.08732
6/13/2025	10:37:48 AM	85.44596	85.81124	85.66254	85.66251	85.87231	85.90962	85.25411	86.10736	85.94028	85.32530	85.21375	85.65916	84.28362	84.04886
6/13/2025	10:37:52 AM	85.40002	85.76329	85.61674	85.61637	85.82621	85.86445	85.21110	86.05930	85.89546	85.28343	85.17004	85.61318	84.24470	84.01144
6/13/2025	10:37:55 AM	85.35506	85.71725	85.57159	85.57182	85.78033	85.81992	85.16849	86.01217	85.85106	85.24147	85.12650	85.56767	84.20546	83.97370
6/13/2025	10:37:59 AM	85.31132	85.67221	85.52566	85.52807	85.73413	85.77515	85.12588	85.96438	85.80646	85.19973	85.08285	85.52255	84.16716	83.93688
6/13/2025	10:38:02 AM	85.26740	85.62800	85.48224	85.48458	85.69000	85.73212	85.08475	85.91866	85.76356	85.15946	85.04213	85.47876	84.12961	83.90107
6/13/2025	10:38:06 AM	85.22369	85.58356	85.43892	85.44200	85.64630	85.68992	85.04470	85.87400	85.72175	85.11967	85.00061	85.43565	84.09200	83.86505
6/13/2025	10:38:09 AM	85.18156	85.54060	85.39591	85.40022	85.60271	85.64742	85.00412	85.82899	85.67930	85.08041	84.95932	85.39269	84.05521	83.83010
6/13/2025	10:38:13 AM	85.13982	85.49713	85.35412	85.35895	85.55991	85.60630	84.96485	85.78521	85.63843	85.04189	84.91993	85.35117	84.01907	83.79564
6/13/2025	10:38:16 AM	85.09951	85.45548	85.31467	85.31829	85.51862	85.56533	84.92622	85.74211	85.59822	85.00410	84.88112	85.31042	83.98339	83.76204
6/13/2025	10:38:20 AM	85.05867	85.41200	85.27318	85.27831	85.47647	85.52454	84.88737	85.69865	85.55760	84.96684	84.84270	85.26898	83.94768	83.72799
6/13/2025	10:38:23 AM	85.01916	85.37015	85.23235	85.23856	85.43527	85.48500	84.84930	85.65647	85.51736	84.92909	84.80503	85.22816	83.91290	83.69411
6/13/2025	10:38:27 AM	84.97893	85.32733	85.19091	85.19888	85.39428	85.44478	84.81149	85.61435	85.47789	84.89118	84.76597	85.18781	83.87859	83.66174
6/13/2025	10:38:30 AM	84.93904	85.28608	85.15222	85.15935	85.35484	85.40542	84.77391	85.57243	85.43855	84.85464	84.72773	85.14813	83.84322	83.62838
6/13/2025	10:38:34 AM	84.89953	85.24467	85.11170	85.12032	85.31500	85.36690	84.73759	85.53146	85.40023	84.81922	84.69076	85.10967	83.80955	83.59656
6/13/2025	10:38:37 AM	84.86255	85.20540	85.07369	85.08312	85.27640	85.32963	84.70094	85.49053	85.36228	84.78373	84.65405	85.07101	83.77661	83.56530
6/13/2025	10:38:41 AM	84.82574	85.16695	85.03613	85.04622	85.23799	85.29208	84.66623	85.45160	85.32551	84.74941	84.61815	85.03399	83.74390	83.53437
6/13/2025	10:38:44 AM	84.79055	85.12843	84.99844	85.00972	85.20097	85.25607	84.63103	85.41225	85.28845	84.71490	84.58270	84.99704	83.71195	83.50355
6/13/2025	10:38:48 AM	84.75272	85.08946	84.96234	84.97231	85.16189	85.21813	84.59476	85.37206	85.25162	84.68045	84.54664	84.95928	83.67916	83.47252
6/13/2025	10:38:51 AM	84.71651	85.05127	84.92459	84.93707	85.12599	85.18213	84.56054	85.33341	85.21532	84.64649	84.51246	84.92324	83.64812	83.44349
6/13/2025	10:38:55 AM	84.68128	85.01429	84.88986	84.90181	85.08967	85.14700	84.52683	85.29622	85.18044	84.61356	84.47853	84.88713	83.61716	83.41409
6/13/2025	10:38:58 AM	84.64581	84.97632	84.85345	84.86609	85.05440	85.11207	84.49343	85.25874	85.14536	84.58072	84.44495	84.85216	83.58605	83.38399
6/13/2025	10:39:02 AM	84.61189	84.94156	84.81923	84.83297	85.01871	85.07677	84.46003	85.22138	85.10977	84.54775	84.41037	84.81641	83.55599	83.35563
6/13/2025	10:39:05 AM	84.57859	84.90523	84.78382	84.79904	84.98342	85.04300	84.42846	85.18593	85.07730	84.51667	84.37794	84.78328	83.52633	83.32775
6/13/2025	10:39:09 AM	84.54451	84.86973	84.74891	84.76496	84.94905	85.00914	84.39511	85.14896	85.04253	84.48443	84.34505	84.74883	83.49572	83.29937
6/13/2025	10:39:12 AM	84.51199	84.83523	84.71579	84.73324	84.91632	84.97648	84.36452	85.11447	85.00987	84.45385	84.31379	84.71658	83.46766	83.27232
6/13/2025	10:39:16 AM	84.47977	84.80120	84.68364	84.69964	84.88274	84.94394	84.33303	85.07938	84.97710	84.42367	84.28197	84.68313	83.43828	83.24458
6/13/2025	10:39:19 AM	84.44950	84.76671	84.64256	84.65220	84.82641	84.88666	84.28419	85.04092	84.95881	84.42470	84.29167	84.66916	83.40238	83.21896
6/13/2025	10:39:23 AM	84.38527	84.63941	84.53668	84.49352	84.71118	84.77363	84.15289	84.74354	84.49407	83.88253	77.13134	83.03362	82.97773	82.40447
6/13/2025	10:39:26 AM	77.00529	77.24621	77.69980	77.33986	77.16986	77.29636	77.07937	77.21900	77.12189	77.18634	77.09563	77.16304	76.54895	76.72736
6/13/2025	10:39:30 AM	77.03125	77.09300	77.17957	77.22867	77.04900	77.13505	77.01308	77.14082	77.07550	77.10530	77.10738	77.12320	76.59279	76.68440
