20/09/2023	17:09:40	93.24360	91.33911	89.98961	90.24724	84.18001	95.04917	98.82101	105.77654	111.13588	110.25768	103.13975	99.73340	99.00462	96.40872
20/09/2023	17:09:44	96.07810	93.87665	92.08009	92.09208	88.10610	97.43854	101.85214	108.50363	114.25559	113.30057	106.49603	102.38651	101.58409	98.37621
20/09/2023	17:09:47	98.43595	96.14740	93.81258	93.74291	92.90433	99.58128	104.59504	111.29919	117.25565	116.45715	109.71052	105.14611	103.97771	100.30402
20/09/2023	17:09:51	100.58024	98.11620	95.44371	95.23376	96.21105	101.54507	107.15464	113.80255	120.33234	119.66230	112.51326	107.62551	106.29487	102.43690
20/09/2023	17:09:54	102.73864	100.07832	97.28840	96.81054	98.91749	103.41675	109.52213	116.36765	123.13715	122.89169	115.22552	110.08552	108.79796	104.44477
20/09/2023	17:09:58	104.81724	101.99453	98.93230	98.33349	101.14722	105.34888	111.93205	119.03615	125.99988	126.03528	117.99191	112.64904	111.07818	106.38588
20/09/2023	17:10:02	106.83587	103.81943	100.57224	99.99063	103.18431	107.24364	114.23614	121.55628	128.77283	128.98167	120.66927	114.80107	113.42947	108.39633
20/09/2023	17:10:05	108.99706	105.75326	102.41654	101.49264	104.98120	109.16507	116.42801	124.03265	131.46660	131.61466	123.27881	117.43735	115.55318	110.26854
20/09/2023	17:10:09	111.03348	107.69744	104.31201	103.00321	106.84741	111.07952	118.63875	126.43684	134.10141	134.36196	125.78292	119.59930	117.65371	112.20470
20/09/2023	17:10:12	112.98635	109.63215	106.04067	104.44231	108.55509	113.06120	120.83527	128.85395	136.68889	136.80431	128.16823	121.84538	119.92599	114.10548
20/09/2023	17:10:16	115.08573	111.40926	107.74238	106.14127	110.50245	114.97604	122.93509	131.13226	139.10120	139.21774	130.58186	124.01689	122.18542	116.09289
20/09/2023	17:10:20	117.16008	113.31380	109.42424	107.80199	112.06022	116.93668	125.04464	133.60749	141.66081	141.85223	132.92049	126.17870	124.32967	118.06715
20/09/2023	17:10:23	119.10510	115.25257	111.36512	109.66014	114.05191	118.98386	127.20052	135.82188	144.13727	144.11538	135.13885	128.42448	126.49595	119.91232
20/09/2023	17:10:27	121.09890	117.12073	113.08535	111.34996	115.81803	120.80854	129.30304	138.09403	146.50520	146.58274	137.48427	130.52694	128.59550	121.83872
20/09/2023	17:10:30	123.09063	118.94209	114.89186	113.18732	117.60793	122.72708	131.38580	140.32968	148.93654	148.88338	139.82450	132.53102	130.76044	123.75373
20/09/2023	17:10:34	125.08724	120.85045	116.76577	114.98749	119.40352	124.67631	133.46559	142.58303	151.20908	151.31991	142.01729	134.63959	132.74946	125.65757
20/09/2023	17:10:38	126.99401	122.68574	118.47738	116.70751	121.17295	126.48073	135.59675	144.79531	153.43298	153.58234	144.14294	136.62628	134.76073	127.49054
20/09/2023	17:10:41	128.89960	124.52752	120.23673	118.47124	123.10356	128.40507	137.49414	146.82943	155.65409	155.76182	146.23569	138.55554	136.81216	129.33920
20/09/2023	17:10:45	130.80362	126.35186	121.98712	120.39623	125.05715	130.29096	139.44219	148.95887	157.93253	157.92394	148.38986	140.44581	138.94992	131.18601
20/09/2023	17:10:48	132.77553	128.09887	123.76533	122.14286	126.88012	132.11931	141.40225	151.02636	160.19520	160.06417	150.38992	142.48364	140.93379	132.96952
20/09/2023	17:10:52	134.59419	129.81033	125.42494	123.87343	128.80339	133.77334	143.33130	153.04395	162.35434	162.01433	152.54349	144.54950	142.87339	134.64118
20/09/2023	17:10:56	136.22639	131.39940	127.05677	125.67082	130.59732	135.48986	145.17464	155.03243	164.45988	164.12339	154.60772	146.36401	144.77072	136.44828
20/09/2023	17:10:59	138.07613	133.11561	128.66517	127.38593	132.23683	137.35755	146.93477	156.87285	166.42182	166.16300	156.58114	148.16778	146.52760	138.18189
20/09/2023	17:11:03	139.74771	134.79184	130.21905	128.92350	133.88180	139.17437	148.80179	158.95646	168.42493	168.03943	158.50819	149.93698	148.41550	139.93374
20/09/2023	17:11:06	141.49750	136.55166	131.93257	130.70520	135.45256	141.01868	150.58432	160.90581	170.43186	170.07757	160.34628	151.84929	150.17570	141.66707
20/09/2023	17:11:10	143.24549	138.08773	133.66219	132.53046	137.20839	142.67423	152.33460	162.57878	172.24240	171.89864	162.06034	153.58886	152.06156	143.44581
20/09/2023	17:11:14	144.86793	139.78016	135.21466	134.15181	138.95478	144.35104	154.03059	164.32195	174.03419	173.76439	163.75999	155.23464	153.79205	145.05608
20/09/2023	17:11:17	146.53316	141.49669	136.77065	135.86664	140.58705	146.09691	155.72653	166.08800	175.86973	175.56408	165.52863	156.92939	155.42680	146.63641
20/09/2023	17:11:21	148.17448	143.02726	138.34340	137.64095	142.29094	147.74511	157.42165	167.94290	177.64065	177.33305	167.40887	158.66544	157.13907	148.20188
20/09/2023	17:11:24	149.77673	144.56052	139.87611	139.27434	143.87569	149.33192	159.01017	169.49991	179.32618	179.05612	169.10494	160.35461	158.85150	149.74025
20/09/2023	17:11:28	151.39462	145.91964	141.46992	140.86286	145.54402	150.90466	160.65172	171.14160	181.05118	180.72011	170.76580	161.89801	160.48726	151.25580
20/09/2023	17:11:32	152.88746	147.42730	143.01698	142.41772	147.09004	152.40060	162.30343	172.74908	182.69467	182.46977	172.45757	163.34951	162.07372	152.71400
20/09/2023	17:11:35	154.40865	148.99517	144.55069	144.12654	148.66115	153.93853	163.86010	174.22864	184.26749	184.05109	174.07746	164.95033	163.69055	154.28922
20/09/2023	17:11:39	155.93898	150.55962	146.01619	145.83369	150.29029	155.44524	165.34794	175.78899	185.83091	185.69069	175.67457	166.45385	165.27271	155.79133
20/09/2023	17:11:42	157.59597	151.98888	147.39472	147.10095	151.66216	157.00005	166.92759	177.30445	187.46941	187.28905	177.23410	168.04541	166.89384	157.32841
20/09/2023	17:11:46	159.03335	153.44792	148.83403	148.53437	153.12868	158.57606	168.50849	179.01334	189.08834	188.67545	178.74351	169.55051	168.41288	158.73114
20/09/2023	17:11:50	160.54322	154.75063	150.25770	149.98864	154.65268	159.99635	170.00148	180.56414	190.63817	190.25486	180.36885	170.99478	169.92719	160.14767
20/09/2023	17:11:53	161.90003	156.22632	151.68764	151.54958	156.03098	161.40701	171.51509	182.09317	192.22994	191.93702	182.00262	172.51093	171.40961	161.57708
20/09/2023	17:11:57	163.31376	157.69363	153.05988	153.04217	157.40319	162.76401	173.02496	183.72675	193.78262	193.51212	183.57505	174.06344	172.94018	163.00393
20/09/2023	17:12:00	164.82859	159.12343	154.38580	154.24965	158.84057	164.26225	174.52539	185.03738	195.21893	194.96025	185.01809	175.53852	174.46952	164.46936
20/09/2023	17:12:04	166.33449	160.58541	155.74483	155.59761	160.19108	165.72464	175.98823	186.48380	196.65270	196.46593	186.52959	176.98689	175.95244	165.89220
20/09/2023	17:12:08	167.64011	161.92312	157.03068	156.86335	161.64237	167.13409	177.42327	188.05733	198.18108	197.85612	187.82581	178.23200	177.40876	167.25202
20/09/2023	17:12:11	169.01870	163.28902	158.38242	158.37202	163.03215	168.46707	178.79401	189.50777	199.68992	199.35319	189.41736	179.66690	178.83040	168.63787
20/09/2023	17:12:15	170.33905	164.59331	159.67436	159.58249	164.36529	169.82450	180.13950	190.87080	201.18719	200.81414	190.80141	180.99885	180.25363	169.96557
20/09/2023	17:12:18	171.68708	165.87822	161.02444	160.95814	165.76646	171.21305	181.55252	192.32193	202.60278	202.15143	192.18712	182.40657	181.67576	171.33499
20/09/2023	17:12:22	173.04374	167.11922	162.28873	162.34799	167.16752	172.56147	182.91388	193.63566	204.00461	203.42016	193.38227	183.77297	183.00962	172.64126
20/09/2023	17:12:26	174.38389	168.47484	163.58654	163.67701	168.57386	173.89951	184.35823	194.95291	205.37915	204.77204	194.70732	185.18510	184.37038	173.98074
20/09/2023	17:12:29	175.71728	169.74333	164.83600	164.94133	169.84367	175.24606	185.74570	196.34797	206.69520	206.05288	195.82315	186.37731	185.74224	175.29078
20/09/2023	17:12:33	177.04282	171.07053	166.11627	166.11189	171.16694	176.60043	187.10220	197.62843	207.88049	207.28771	197.22506	187.80224	187.14372	176.63661
20/09/2023	17:12:36	178.33595	172.21991	167.20797	167.10015	172.37197	177.88936	188.46838	198.80162	209.18779	208.59615	198.51901	189.14683	188.46559	177.93597
20/09/2023	17:12:40	179.56437	173.34823	168.39442	168.18373	173.70662	179.26543	189.72434	200.00638	210.49378	209.87064	199.85846	190.43434	189.82279	179.20540
20/09/2023	17:12:44	180.80278	174.64898	169.71120	169.52459	174.86460	180.59424	190.98764	201.22839	211.80674	211.17410	201.26106	191.71610	191.05422	180.51290
20/09/2023	17:12:47	181.93674	175.80521	170.75384	170.71317	175.90445	181.88179	192.32887	202.57994	213.11514	212.51960	202.50941	192.99423	192.38845	181.75749
20/09/2023	17:12:51	183.15101	177.00926	171.89594	171.94668	177.07560	183.13044	193.57407	203.77659	214.44834	213.82061	203.80748	194.20967	193.60142	182.94110
20/09/2023	17:12:54	184.38597	178.08258	173.20620	173.01917	178.41714	184.35007	194.87604	204.94892	215.71746	215.03890	205.12505	195.49316	194.88206	184.09675
20/09/2023	17:12:58	185.55280	179.22204	174.34266	174.08164	179.51749	185.52265	196.13132	206.12363	216.99730	216.23093	206.28641	196.68337	196.04726	185.17740
20/09/2023	17:13:02	186.64993	180.38135	175.53114	175.37033	180.70480	186.67794	197.36446	207.40586	218.24400	217.44708	207.58636	197.86692	197.21585	186.31941
20/09/2023	17:13:05	187.84333	181.47891	176.61069	176.44935	181.76852	187.81291	198.60691	208.63461	219.45925	218.66379	208.64686	198.88718	198.37424	187.41436
20/09/2023	17:13:09	189.03650	182.69081	177.83891	177.63039	182.97630	188.98029	199.72800	209.68308	220.60857	219.81486	209.70986	200.06252	199.57470	188.58693
20/09/2023	17:13:12	190.17953	183.78246	178.85630	178.72839	184.14699	190.10095	200.77388	210.71203	221.78630	220.86908	210.71827	201.20795	200.79510	189.75665
20/09/2023	17:13:16	191.30278	184.78578	179.81528	179.66556	185.21657	191.23033	201.87537	211.76057	222.93715	222.08710	211.97880	202.38322	201.98700	190.87578
20/09/2023	17:13:20	192.35769	185.86140	180.82216	180.65299	186.35625	192.38486	203.10003	212.89951	224.09504	223.23117	213.11143	203.55568	203.11648	191.96107
20/09/2023	17:13:23	193.45735	187.01797	181.86581	181.69376	187.33283	193.44886	204.28216	213.92683	225.21609	224.40915	214.29502	204.60698	204.19673	192.99563
20/09/2023	17:13:27	194.47177	187.97029	182.94478	182.66190	188.30687	194.49855	205.42635	215.08912	226.29042	225.39984	215.35700	205.67094	205.38460	194.07246
20/09/2023	17:13:30	195.54095	188.99245	183.88427	183.63558	189.28880	195.59599	206.60694	216.13839	227.34957	226.44367	216.37275	206.79144	206.51910	195.14409
20/09/2023	17:13:34	196.62222	190.06325	185.00744	184.71456	190.30255	196.72079	207.70718	217.27927	228.42780	227.45843	217.28678	207.76577	207.57027	196.20278
20/09/2023	17:13:38	197.66817	191.11173	185.98127	185.58505	191.23504	197.78789	208.80018	218.41281	229.47482	228.32208	218.12995	208.77708	208.75185	197.25093
20/09/2023	17:13:41	198.70017	192.12555	186.89360	186.50467	192.17192	198.87205	209.89313	219.45248	230.48812	229.30647	219.13188	209.81770	209.78853	198.21236
20/09/2023	17:13:45	199.60389	193.05953	187.77581	187.45292	193.08363	199.88894	210.90134	220.46909	231.53464	230.26315	220.14946	210.75206	210.77275	199.14602
20/09/2023	17:13:48	200.55431	194.00606	188.66203	188.33186	194.01423	200.89968	211.96310	221.37078	232.45296	231.17325	221.02974	211.71725	211.78208	200.15603
20/09/2023	17:13:52	201.51379	194.91613	189.56315	189.24313	194.92038	201.90424	212.94331	222.37346	233.44277	232.09403	221.99137	212.69900	212.72008	201.09929
20/09/2023	17:13:56	202.50998	195.82524	190.49400	190.13703	195.93814	202.88062	213.90192	223.33773	234.33115	232.92972	222.77727	213.63935	213.71225	202.05063
20/09/2023	17:13:59	203.41606	196.67921	191.49137	191.02513	196.83298	203.81539	214.92360	224.26294	235.24287	233.86221	223.74270	214.55492	214.62538	203.00734
20/09/2023	17:14:03	204.37077	197.62674	192.28572	191.81623	197.75241	204.79696	215.93714	225.16674	236.15371	234.69512	224.64616	215.42729	215.57910	203.95925
20/09/2023	17:14:06	205.29997	198.46529	193.07921	192.56042	198.54672	205.71508	216.84883	225.95601	236.96411	235.48532	225.55252	216.34177	216.56409	204.84629
20/09/2023	17:14:10	206.14947	199.31567	193.86367	193.44819	199.41825	206.66420	217.74907	226.83622	237.78657	236.22860	226.37186	217.18635	217.35714	205.67214
20/09/2023	17:14:14	207.02855	200.16024	194.64339	194.36594	200.18371	207.51752	218.70243	227.72235	238.61642	236.99867	227.14743	218.00489	218.23977	206.54669
20/09/2023	17:14:17	207.87922	200.95508	195.41413	195.12519	200.97605	208.41990	219.55206	228.60385	239.39547	237.72962	227.91321	218.81696	219.05826	207.40787
20/09/2023	17:14:21	208.76753	201.79648	196.20242	195.84419	201.83316	209.26950	220.39299	229.43653	240.13814	238.46171	228.74094	219.62141	219.85601	208.20401
20/09/2023	17:14:24	209.59511	202.60718	196.94184	196.55769	202.58477	210.10716	221.17997	230.21519	240.86180	239.14070	229.48144	220.33561	220.64454	209.00246
20/09/2023	17:14:28	210.41612	203.41675	197.65699	197.27674	203.41323	210.94752	221.95554	231.10441	241.55518	239.81471	230.20480	221.03722	221.40669	209.77234
20/09/2023	17:14:32	211.13960	204.17693	198.38162	198.08291	204.16673	211.78416	222.79080	231.84892	242.23861	240.48797	230.87001	221.76672	222.16617	210.58250
20/09/2023	17:14:35	211.95750	204.95237	199.13786	198.81718	204.98023	212.63650	223.62386	232.64126	242.88288	241.14759	231.58862	222.50535	222.96449	211.36411
20/09/2023	17:14:39	212.67640	205.65912	199.84254	199.52891	205.69374	213.39361	224.43871	233.36180	243.54934	241.78570	232.40419	223.26944	223.64811	212.07104
20/09/2023	17:14:42	213.39697	206.36777	200.54305	200.14715	206.31461	214.14453	225.18294	233.99236	244.17498	242.40887	233.16290	224.00538	224.35413	212.76002
20/09/2023	17:14:46	214.05904	207.00570	201.21964	200.72779	207.05808	214.78503	225.84687	234.69888	244.87366	243.19750	234.01102	224.72398	224.97941	213.46551
20/09/2023	17:14:50	214.73849	207.69962	201.91094	201.44131	207.71532	215.45495	226.58466	235.46572	245.53328	243.85614	234.69873	225.45764	225.59533	214.13987
20/09/2023	17:14:53	215.40287	208.39971	202.68727	202.16226	208.39708	216.16391	227.26336	236.18272	246.18543	244.47249	235.32509	226.13707	226.28024	214.86468
20/09/2023	17:14:57	216.11638	209.07746	203.36096	202.77828	209.04095	216.90706	227.92706	236.81554	246.79063	245.06946	236.01643	226.84097	226.95638	215.52918
20/09/2023	17:15:00	216.77001	209.72675	204.01646	203.52446	209.70204	217.58815	228.55691	237.44849	247.38225	245.71749	236.70511	227.52332	227.58555	216.17574
20/09/2023	17:15:04	217.38466	210.28008	204.57286	204.10373	210.40920	218.25410	229.18789	238.08483	247.97618	246.34114	237.34762	228.19577	228.25849	216.88669
20/09/2023	17:15:08	218.03215	210.95167	205.22940	204.76953	211.11404	218.93310	229.79342	238.73861	248.56337	246.89335	237.92148	228.80321	228.87540	217.52855
20/09/2023	17:15:11	218.72273	211.69056	205.92851	205.44624	211.68975	219.63167	230.52518	239.37847	249.14107	247.45866	238.52860	229.47503	229.52992	218.21992
20/09/2023	17:15:15	219.36049	212.36685	206.58594	206.15252	212.44679	220.39696	231.20616	239.99447	249.66835	247.95674	239.10187	230.12154	230.25761	218.94421
20/09/2023	17:15:18	220.09529	213.04418	207.29370	206.81449	213.22934	221.05788	231.82862	240.59301	250.21929	248.48456	239.64799	230.72195	230.84947	219.56919
20/09/2023	17:15:22	220.77604	213.76129	207.98979	207.56986	213.95124	221.75379	232.51687	241.30758	250.77517	248.98238	240.22525	231.32260	231.51042	220.18888
20/09/2023	17:15:26	221.40607	214.43862	208.62728	208.19911	214.61210	222.41576	233.17282	241.91820	251.31423	249.52330	240.73140	231.89861	232.15919	220.86354
20/09/2023	17:15:29	222.03367	215.06136	209.23431	208.89403	215.30006	223.06120	233.79675	242.46953	251.85385	250.03423	241.26978	232.52206	232.82727	221.54067
20/09/2023	17:15:33	222.67348	215.68564	209.86828	209.60602	215.98335	223.69686	234.40166	242.96785	252.35931	250.60084	241.87483	233.14671	233.42697	222.16781
20/09/2023	17:15:36	223.32514	216.30960	210.53962	210.21951	216.69501	224.40436	235.03090	243.47175	252.84317	251.10461	242.46939	233.77991	234.05384	222.78813
20/09/2023	17:15:40	223.93911	216.88799	211.14703	210.83856	217.31525	225.00960	235.61313	243.99199	253.34493	251.65214	243.00262	234.34155	234.67571	223.41062
20/09/2023	17:15:44	224.52791	217.47815	211.76706	211.39560	217.96422	225.61164	236.19308	244.44933	253.80370	252.12869	243.49544	234.92926	235.33771	224.05125
20/09/2023	17:15:47	225.15172	218.09400	212.41469	212.01562	218.50795	226.24927	236.76727	244.93431	254.27431	252.59518	243.98676	235.53510	235.92026	224.66212
20/09/2023	17:15:51	225.72525	218.60110	212.95382	212.65869	219.11520	226.91655	237.33405	245.40652	254.69880	253.00284	244.49299	236.10728	236.52826	225.26924
20/09/2023	17:15:54	226.32320	219.09367	213.46127	213.22397	219.67770	227.51021	237.85841	245.86449	255.11019	253.45414	245.00730	236.71852	237.10756	225.87383
20/09/2023	17:15:58	226.94453	219.65157	213.97504	213.80677	220.27122	228.12525	238.40786	246.28924	255.47066	253.85481	245.47615	237.25790	237.71740	226.45704
20/09/2023	17:16:02	227.52736	220.24887	214.60830	214.39830	220.88373	228.71106	238.88593	246.75787	255.82989	254.32056	246.04216	237.81419	238.25014	227.05048
20/09/2023	17:16:05	228.07134	220.81886	215.20314	215.02951	221.55776	229.26023	239.31998	247.20935	256.20649	254.75276	246.44493	238.32491	238.71471	227.57897
20/09/2023	17:16:09	228.57085	221.36852	215.81998	215.60957	222.18975	229.77434	239.80034	247.65782	256.60057	255.19204	246.93274	238.83313	239.18222	228.11525
20/09/2023	17:16:12	229.05451	221.92928	216.39047	216.18486	222.86774	230.29871	240.16177	248.06031	256.96242	255.61777	247.40095	239.32493	239.64302	228.64254
20/09/2023	17:16:16	229.53271	222.43329	216.93547	216.71288	223.46684	230.77376	240.56052	248.50431	257.32582	256.01642	247.82919	239.82963	240.13155	229.17739
20/09/2023	17:16:20	230.03163	222.96659	217.47283	217.23138	223.94909	231.28536	241.01015	248.93173	257.67958	256.41322	248.28392	240.34485	240.60821	229.71692
20/09/2023	17:16:23	230.51720	223.37018	217.84066	217.90843	224.21448	231.54208	241.22060	249.28477	257.69344	256.46823	248.66589	240.60761	241.02999	230.25330
20/09/2023	17:16:27	230.90858	223.85370	218.44577	218.68964	225.11658	232.45505	242.32428	250.20521	258.40144	256.78687	249.15046	241.17541	241.85087	230.99778
20/09/2023	17:16:30	231.53870	224.37880	219.09100	219.46758	226.00669	233.44450	243.48284	251.32663	259.24949	257.21640	249.72418	241.80297	242.73140	231.77061
20/09/2023	17:16:34	232.22374	224.99568	219.81396	220.28401	226.93104	234.48244	244.65468	252.41603	260.09678	257.73237	250.33154	242.43884	243.68309	232.59119
20/09/2023	17:16:38	232.94653	225.60009	220.53483	221.10220	227.88021	235.52498	245.84017	253.46594	260.87348	258.28883	250.96454	243.10511	244.66273	233.41018
20/09/2023	17:16:41	233.64487	226.19693	221.23020	221.88541	228.75463	236.50417	246.86492	254.48267	261.64249	258.82575	251.59025	243.74327	245.51651	234.19646
20/09/2023	17:16:45	234.31761	226.79514	221.90713	222.69435	229.70944	237.49922	247.83100	255.46754	262.35853	259.37395	252.18040	244.39047	246.44211	235.00033
20/09/2023	17:16:48	235.03607	227.45609	222.62186	223.45005	230.53817	238.40393	248.76325	256.34571	263.02674	259.95004	252.76964	245.01011	247.22769	235.74529
20/09/2023	17:16:52	235.71221	228.09314	223.22817	224.12857	231.31160	239.20226	249.63135	257.22133	263.66991	260.47821	253.29336	245.60779	248.01651	236.48725
20/09/2023	17:16:56	236.38568	228.68945	223.80228	224.79399	232.05437	239.98098	250.48634	257.99657	264.26745	261.03427	253.89661	246.23693	248.77940	237.21983
20/09/2023	17:16:59	237.05475	229.31758	224.47674	225.53663	232.86920	240.80783	251.27990	258.72010	264.78717	261.58929	254.50917	246.86840	249.57390	237.99298
20/09/2023	17:17:03	237.72319	229.95958	225.16546	226.28045	233.67542	241.62266	252.08346	259.38801	265.25470	262.13980	255.13254	247.49205	250.31213	238.72793
20/09/2023	17:17:06	238.39600	230.57404	225.80333	226.97000	234.39633	242.37132	252.84660	259.98296	265.69669	262.73172	255.70636	248.07504	251.09827	239.47877
20/09/2023	17:17:10	239.08434	231.22601	226.48324	227.67445	235.05253	243.12896	253.54231	260.53722	266.09441	263.25965	256.29014	248.65457	251.83285	240.19107
20/09/2023	17:17:14	239.73111	231.83814	227.09083	228.30510	235.70139	243.82886	254.28434	261.07072	266.52055	263.75036	256.79559	249.24358	252.45850	240.86855
20/09/2023	17:17:17	240.35137	232.44316	227.59322	228.90805	236.41454	244.50516	254.88923	261.62229	266.90488	264.21235	257.25936	249.79163	253.01523	241.51858
20/09/2023	17:17:21	240.96072	233.04144	228.07114	229.46737	237.05997	245.16818	255.50191	262.13809	267.31139	264.66866	257.70569	250.32620	253.57618	242.15855
20/09/2023	17:17:24	241.55905	233.64010	228.59075	230.04835	237.70073	245.79076	256.08922	262.62485	267.67559	265.10050	258.14746	250.84044	254.09923	242.77074
20/09/2023	17:17:28	242.14195	234.20709	229.18118	230.67604	238.31959	246.41400	256.65887	263.03902	267.99624	265.51313	258.69036	251.39918	254.69358	243.41277
20/09/2023	17:17:32	242.74473	234.82861	229.85311	231.33805	238.97509	247.05642	257.20641	263.43792	268.31063	265.91544	259.22023	251.94074	255.30503	244.06679
20/09/2023	17:17:35	243.31685	235.43283	230.49106	231.98802	239.59731	247.70888	257.73409	263.78308	268.58007	266.37036	259.73926	252.46925	255.89302	244.70843
20/09/2023	17:17:39	243.90649	236.01801	231.09375	232.57654	240.22343	248.32469	258.23645	264.17319	268.87439	266.78506	260.24727	252.98713	256.44169	245.31867
20/09/2023	17:17:42	244.44167	236.54696	231.67820	233.13681	240.79128	248.91067	258.74105	264.58726	269.15432	267.13976	260.52305	253.09603	256.72721	245.69194
20/09/2023	17:17:46	243.66014	236.00608	231.60066	233.34249	240.98901	248.91661	258.35850	264.19660	267.93833	265.65572	259.16762	251.23438	255.08025	242.93081
20/09/2023	17:17:50	241.81957	234.95342	231.61881	233.10786	240.52268	248.40096	257.67629	263.24785	266.62947	264.48306	258.08865	249.62002	253.77955	241.04291
20/09/2023	17:17:53	240.66629	234.28153	231.39016	233.72596	241.43381	248.61013	256.99875	262.20791	264.94016	263.08506	257.71995	250.85022	253.30523	241.89620
20/09/2023	17:17:57	244.05581	237.57594	234.74542	236.36547	242.15647	247.92700	255.56463	261.40552	264.09702	262.99678	258.19924	251.93598	252.97204	241.14868
20/09/2023	17:18:00	244.34773	237.67580	234.32784	236.37973	242.49588	248.11084	255.91170	261.42887	263.59200	262.27208	257.34647	250.90796	250.81705	238.54414
20/09/2023	17:18:04	242.55393	236.55269	234.21878	236.58899	242.55072	247.80635	255.41059	260.69479	262.68415	261.30693	256.33570	249.55324	248.55730	235.86138
20/09/2023	17:18:08	241.45119	236.45760	234.24949	236.50349	241.79487	246.53524	254.20894	259.86898	261.76106	260.40440	255.62844	248.81455	246.65880	233.71259
20/09/2023	17:18:11	240.63480	236.05760	233.70487	235.53269	240.60978	245.11704	253.02108	258.93390	260.71364	259.34416	254.91059	247.95512	245.32489	232.06912
20/09/2023	17:18:15	239.47611	235.29031	232.85463	234.21692	239.12093	243.60755	251.92070	257.65646	259.24934	257.97849	253.91864	246.95796	244.40287	230.62358
20/09/2023	17:18:18	238.29452	234.21221	231.89217	232.84749	237.65623	242.19184	250.42378	255.84842	257.25939	256.10355	252.29763	245.33234	243.52370	230.24759
20/09/2023	17:18:22	237.03683	232.57426	230.35374	231.41471	236.29980	240.28660	248.00197	252.83407	254.37236	253.06236	249.47086	242.73139	241.78839	229.55153
20/09/2023	17:18:26	235.34829	231.05276	229.05323	229.80917	234.03797	237.57126	244.55683	249.01054	250.28555	249.43693	246.27110	239.54214	238.41994	227.02618
20/09/2023	17:18:29	232.60002	228.46215	226.91533	227.45423	230.78533	233.65427	240.16589	244.47416	245.67487	244.85306	242.09598	235.81381	233.97897	223.56345
20/09/2023	17:18:33	229.04002	224.57426	223.88555	224.13578	226.58478	229.14679	234.57015	238.88118	240.11309	239.61860	237.20739	230.74826	228.85698	219.22455
20/09/2023	17:18:36	224.49160	219.97591	219.83946	219.47741	221.57461	223.87588	228.76825	232.21302	233.61659	233.41502	231.46757	225.07770	222.77516	214.01894
20/09/2023	17:18:40	218.66502	215.05131	215.09650	214.17241	216.07527	217.80373	222.74071	225.50253	226.33120	226.64285	224.87722	218.73173	216.25764	208.62497
20/09/2023	17:18:44	212.55701	209.10080	209.58433	208.12817	209.68864	211.11305	215.98322	218.88010	218.80195	219.55946	217.83039	211.94966	209.27580	203.65976
20/09/2023	17:18:47	206.43264	202.28715	203.31454	202.15196	202.66465	203.69666	208.31161	211.23676	210.49596	211.89741	210.64840	205.07014	201.17026	197.58558
20/09/2023	17:18:51	199.38448	195.02685	196.25407	195.48834	194.59268	195.45927	199.11418	201.48400	201.60027	202.99809	202.40447	196.59366	192.54000	189.86630
20/09/2023	17:18:54	190.90836	187.27649	188.22863	186.99470	185.26197	186.19502	189.44365	191.78577	191.80258	193.19848	193.11270	187.03099	183.82412	182.46458
20/09/2023	17:18:58	182.42418	179.57043	180.47983	178.82572	176.70981	177.42879	180.36159	182.37129	182.34359	184.24659	184.17818	178.60799	175.63740	175.24411
20/09/2023	17:19:02	174.80181	172.16659	173.04743	171.24212	168.93906	169.41602	172.14312	173.89957	173.75780	176.16462	175.88501	170.89735	168.16728	168.67090
20/09/2023	17:19:05	167.79350	165.38414	166.20989	164.37318	161.86583	162.10446	164.65342	166.22420	165.90188	168.87680	168.34583	163.86599	161.37341	162.63905
20/09/2023	17:19:09	161.44855	159.31189	160.09397	158.29882	155.67190	155.68576	157.97694	159.46281	158.98180	162.36015	161.62334	157.76030	155.32252	157.19510
20/09/2023	17:19:12	155.73978	153.89100	154.58124	152.89097	150.19437	149.99663	152.06004	153.41749	152.79785	156.62959	155.58116	152.31300	149.87497	152.26317
20/09/2023	17:19:16	150.62886	149.10155	149.65571	148.12002	145.38887	145.02392	146.88866	148.11970	147.33542	151.55291	150.21574	147.48421	145.09430	147.85908
20/09/2023	17:19:20	146.11187	144.84302	145.25531	143.88096	141.15790	140.68376	142.37893	143.47090	142.53735	147.05736	145.46161	143.19524	140.84711	143.91563
20/09/2023	17:19:23	142.09379	141.04445	141.29256	140.11889	137.43365	136.84169	138.37566	139.35623	138.34277	143.08836	141.23685	139.40681	137.06988	140.37230
20/09/2023	17:19:27	138.52760	137.66080	137.76880	136.78070	134.14510	133.46448	134.85379	135.73744	134.68760	139.58256	137.51974	136.04339	133.73002	137.20497
20/09/2023	17:19:30	135.34505	134.61285	134.57663	133.76985	131.20612	130.44255	131.71644	132.53078	131.45070	136.45770	134.22165	133.02936	130.75687	134.33570
20/09/2023	17:19:34	132.50791	131.88132	131.71547	131.08473	128.59446	127.76912	128.92958	129.72837	128.61218	133.69238	131.33340	130.33854	128.11607	131.77471
20/09/2023	17:19:38	129.96782	129.43071	129.15817	128.68680	126.25958	125.38444	126.45153	127.23265	126.10371	131.24455	128.76914	127.95426	125.76151	129.45952
20/09/2023	17:19:41	127.68008	127.20687	126.85192	126.52311	124.16812	123.24575	124.23178	125.01338	123.87627	129.04080	126.48260	125.81905	123.64767	127.36274
20/09/2023	17:19:45	125.63769	125.21696	124.78713	124.57452	122.28222	121.33227	122.24017	123.01705	121.86448	127.04591	124.43507	123.90067	121.74987	125.46363
20/09/2023	17:19:48	123.77599	123.39436	122.91115	122.79798	120.57287	119.59405	120.43271	121.20282	120.05439	125.23057	122.59438	122.15740	120.03451	123.74007
20/09/2023	17:19:52	122.09651	121.75829	121.23368	121.19974	119.03143	118.02954	118.81007	119.57043	118.42755	123.58670	120.93153	120.58813	118.48566	122.17102
20/09/2023	17:19:56	120.56825	120.26044	119.71022	119.73565	117.62668	116.60548	117.32966	118.08162	116.94563	122.07422	119.41678	119.15107	117.07260	120.73452
20/09/2023	17:19:59	119.16641	118.88663	118.31656	118.39045	116.33166	115.29681	115.97522	116.70980	115.58861	120.68047	118.03181	117.82808	115.78098	119.41087
20/09/2023	17:20:03	117.88892	117.63923	117.05661	117.16357	115.15048	114.10800	114.74312	115.46372	114.36208	119.40631	116.77516	116.62337	114.60693	118.20713
20/09/2023	17:20:06	116.71445	116.49096	115.90150	116.03173	114.06358	113.01126	113.60649	114.31337	113.23248	118.22539	115.61181	115.50995	113.51995	117.09099
20/09/2023	17:20:10	115.63633	115.43601	114.84533	114.99178	113.06419	112.00369	112.56412	113.25394	112.19181	117.13191	114.54108	114.48409	112.51715	116.05882
20/09/2023	17:20:14	114.63524	114.45658	113.87005	114.02565	112.13382	111.06650	111.59941	112.26926	111.22667	116.11138	113.54795	113.53101	111.58944	115.10077
20/09/2023	17:20:17	113.70499	113.54518	112.97070	113.12647	111.26944	110.19965	110.70178	111.35518	110.33350	115.15680	112.62395	112.64052	110.72715	114.21086
20/09/2023	17:20:21	112.84794	112.70925	112.14254	112.29644	110.47168	109.39820	109.87647	110.51137	109.50869	114.27133	111.77259	111.82017	109.93201	113.38693
20/09/2023	17:20:24	112.04672	111.92815	111.37148	111.52070	109.72529	108.64920	109.10381	109.72156	108.73902	113.43635	110.97310	111.05287	109.18960	112.61634
20/09/2023	17:20:28	111.29997	111.20051	110.65623	110.79401	109.02817	107.95181	108.38366	108.98043	108.01462	112.65294	110.22291	110.33112	108.49236	111.88905
20/09/2023	17:20:32	110.59736	110.51859	109.98708	110.10980	108.37112	107.29182	107.70114	108.28090	107.32955	111.90865	109.51239	109.64986	107.83138	111.20116
20/09/2023	17:20:35	109.92791	109.86688	109.34937	109.45920	107.74623	106.66596	107.05822	107.61845	106.68487	111.20396	108.84983	109.00980	107.21303	110.55738
20/09/2023	17:20:39	109.31083	109.26773	108.75998	108.85436	107.16409	106.08444	106.45688	106.99999	106.08462	110.54920	108.23144	108.41130	106.63470	109.95132
20/09/2023	17:20:42	108.72630	108.69926	108.20341	108.27832	106.61300	105.53132	105.88906	106.41193	105.51567	109.91922	107.64284	107.84698	106.08494	109.37865
20/09/2023	17:20:46	108.17453	108.16356	107.67861	107.73462	106.09186	105.00852	105.35076	105.85716	104.97473	109.32201	107.08367	107.30633	105.56311	108.82978
20/09/2023	17:20:50	107.64569	107.64885	107.17751	107.21437	105.59148	104.50873	104.83541	105.32497	104.45640	108.74928	106.54972	106.79275	105.06637	108.30718
20/09/2023	17:20:53	107.13958	107.15852	106.69867	106.71709	105.11679	104.03214	104.34533	104.81708	103.96092	108.20353	106.03963	106.30172	104.59098	107.81006
20/09/2023	17:20:57	106.66142	106.69518	106.24786	106.24628	104.66621	103.58254	103.88168	104.33498	103.48902	107.68456	105.55765	105.83486	104.14055	107.33708
20/09/2023	17:21:00	106.20176	106.25087	105.81509	105.79319	104.23485	103.15191	103.43871	103.87414	103.04109	107.18393	105.09477	105.38939	103.71020	106.88246
20/09/2023	17:21:04	105.76382	105.82615	105.40138	105.36182	103.82484	102.74003	103.01438	103.43445	102.61113	106.69876	104.65016	104.96038	103.29682	106.44725
20/09/2023	17:21:08	105.34342	105.41946	105.00467	104.94614	103.42955	102.34548	102.60811	103.01263	102.19775	106.23606	104.22431	104.54832	102.90075	106.03000
20/09/2023	17:21:11	104.93692	105.02451	104.62045	104.54444	103.04632	101.96289	102.21574	102.60257	101.79660	105.78627	103.81185	104.14782	102.51669	105.62377
20/09/2023	17:21:15	104.54582	104.64558	104.25248	104.15868	102.68066	101.59734	101.83970	102.21025	101.41337	105.35771	103.41858	103.76717	102.15074	105.23670
20/09/2023	17:21:18	104.17065	104.28239	103.89827	103.78894	102.33020	101.24598	101.47939	101.83628	101.04764	104.94497	103.03685	103.39922	101.79940	104.86414
20/09/2023	17:21:22	103.80819	103.93063	103.55635	103.43043	101.99033	100.90717	101.13144	101.47375	100.69100	104.54554	102.67124	103.04419	101.45998	104.50373
20/09/2023	17:21:26	103.45976	103.59373	103.22755	103.08643	101.66405	100.58199	100.79973	101.12739	100.35158	104.16066	102.32066	102.70427	101.13315	104.15612
20/09/2023	17:21:29	103.12161	103.26541	102.90755	102.75167	101.34697	100.26568	100.47554	100.78872	100.01876	103.78585	101.97558	102.37008	100.81553	103.81621
20/09/2023	17:21:33	102.79189	102.94554	102.59590	102.42470	101.03870	99.95811	100.16071	100.46145	99.69710	103.42369	101.64422	102.04540	100.50721	103.48747
20/09/2023	17:21:36	102.47115	102.63541	102.29444	102.10854	100.73928	99.66125	99.85731	100.14530	99.38604	103.07046	101.32233	101.73316	100.20930	103.16829
20/09/2023	17:21:40	102.15970	102.33264	101.99770	101.79821	100.44697	99.36981	99.55934	99.83491	99.08188	102.72713	101.00647	101.42456	99.91625	102.85385
20/09/2023	17:21:44	101.85405	102.03682	101.70931	101.49682	100.16153	99.08536	99.26923	99.53299	98.78389	102.39214	100.69967	101.12538	99.63094	102.54932
20/09/2023	17:21:47	101.55643	101.74738	101.42816	101.20212	99.88411	98.80994	98.98802	99.24176	98.49734	102.06745	100.40232	100.83455	99.35444	102.25360
20/09/2023	17:21:51	101.26846	101.46818	101.15515	100.91748	99.61496	98.54299	98.71616	98.95863	98.21804	101.75200	100.11411	100.55257	99.08763	101.96735
20/09/2023	17:21:54	100.98911	101.19735	100.89221	100.64196	99.35509	98.28424	98.45298	98.68512	97.94865	101.44774	99.83700	100.28132	98.82878	101.69032
20/09/2023	17:21:58	100.71822	100.93433	100.63628	100.37270	99.10197	98.03338	98.19709	98.41957	97.68480	101.14889	99.56276	100.01391	98.57572	101.41840
20/09/2023	17:22:02	100.45311	100.67686	100.38533	100.11071	98.85517	97.78951	97.94806	98.15979	97.42812	100.85839	99.29801	99.75510	98.32968	101.15319
20/09/2023	17:22:05	100.19247	100.42474	100.13866	99.85369	98.61363	97.54936	97.70311	97.90569	97.17672	100.57022	99.03839	99.50014	98.08821	100.89472
20/09/2023	17:22:09	99.93946	100.17969	99.89929	99.60441	98.37991	97.31640	97.46745	97.66022	96.93412	100.29331	98.78722	99.25523	97.85535	100.64347
20/09/2023	17:22:12	99.69327	99.94102	99.66708	99.36155	98.15120	97.09024	97.23770	97.42097	96.69722	100.02263	98.54221	99.01464	97.62733	100.39618
20/09/2023	17:22:16	99.45202	99.70535	99.43659	99.12209	97.92709	96.86767	97.01300	97.18687	96.46574	99.75420	98.30023	98.77850	97.40400	100.15503
20/09/2023	17:22:20	99.21558	99.47648	99.21349	98.89075	97.70971	96.65282	96.79479	96.96047	96.24282	99.49751	98.06701	98.54981	97.18826	99.92062
20/09/2023	17:22:23	98.98566	99.25301	98.99413	98.66204	97.49643	96.44210	96.58081	96.73734	96.02140	99.24339	97.83600	98.32221	96.97330	99.68640
20/09/2023	17:22:27	98.75677	99.03066	98.77683	98.43651	97.28417	96.23312	96.36983	96.51854	95.80561	98.99453	97.61076	98.10066	96.76425	99.45982
20/09/2023	17:22:30	98.53401	98.81427	98.56615	98.21767	97.08008	96.03107	96.16557	96.30553	95.59351	98.75088	97.38836	97.88138	96.55711	99.23255
20/09/2023	17:22:34	98.31059	98.59707	98.35289	97.99682	96.87337	95.82846	95.96076	96.09314	95.38386	98.50933	97.16843	97.66452	96.35308	99.01018
20/09/2023	17:22:38	98.09362	98.38623	98.14652	97.78415	96.67437	95.63233	95.76349	95.88936	95.18139	98.27627	96.95632	97.45660	96.15624	98.79523
20/09/2023	17:22:41	97.88232	98.18000	97.94590	97.57637	96.48076	95.44155	95.57098	95.68993	94.98348	98.04742	96.74945	97.25038	95.96282	98.58448
20/09/2023	17:22:45	97.67639	97.97914	97.75056	97.37405	96.29205	95.25658	95.38482	95.49719	94.79261	97.82612	96.54662	97.05161	95.77524	98.37937
20/09/2023	17:22:48	97.47323	97.78247	97.55763	97.17544	96.10668	95.07511	95.20083	95.30665	94.60389	97.60762	96.34850	96.85476	95.59032	98.17683
20/09/2023	17:22:52	97.27504	97.58928	97.36816	96.98090	95.92489	94.89665	95.02149	95.12207	94.41909	97.39663	96.15525	96.66394	95.41000	97.97905
20/09/2023	17:22:56	97.08133	97.40057	97.18426	96.79096	95.74899	94.72425	94.84824	94.94237	94.24115	97.18871	95.96659	96.47717	95.23461	97.78572
20/09/2023	17:22:59	96.88952	97.21430	97.00166	96.60267	95.57350	94.55312	94.67510	94.76383	94.06538	96.98620	95.77929	96.29096	95.05805	97.59193
20/09/2023	17:23:03	96.70098	97.02947	96.82160	96.41653	95.40096	94.38428	94.50625	94.58777	93.89296	96.78657	95.59585	96.10882	94.88581	97.40290
20/09/2023	17:23:06	96.51394	96.84752	96.64290	96.23393	95.23037	94.21828	94.33928	94.41444	93.72446	96.59081	95.41563	95.93026	94.71717	97.21598
20/09/2023	17:23:10	96.33218	96.66949	96.46797	96.05408	95.06335	94.05501	94.17659	94.24484	93.55895	96.39430	95.23736	95.75383	94.55032	97.03309
20/09/2023	17:23:14	96.15262	96.49383	96.29672	95.87833	94.90039	93.89662	94.01845	94.07987	93.39658	96.20271	95.06249	95.58101	94.38887	96.85329
20/09/2023	17:23:17	95.97546	96.32127	96.12587	95.70438	94.73961	93.74035	93.86247	93.91772	93.23728	96.01475	94.89032	95.41073	94.22897	96.67632
20/09/2023	17:23:21	95.80279	96.15269	95.96130	95.53468	94.58306	93.58857	93.71066	93.75954	93.08236	95.84520	94.71871	95.23245	94.07992	96.49764
20/09/2023	17:23:24	95.52866	95.86759	95.68818	95.30849	94.47112	93.60498	93.80299	93.85347	93.07927	95.54991	94.29488	94.62643	93.92736	96.29885
20/09/2023	17:23:28	94.62186	95.39454	95.35106	95.30650	95.04559	94.03078	93.92318	93.95158	92.91331	95.17517	93.87551	94.10709	93.68103	96.01768
20/09/2023	17:23:32	94.22239	94.95069	94.98975	95.05652	94.84580	93.91079	93.87375	93.88420	92.76497	94.95843	93.54443	93.71620	93.45383	95.74592
20/09/2023	17:23:35	93.87475	94.55721	94.67386	94.80951	94.61639	93.75277	93.76958	93.75189	92.58244	94.72563	93.22181	93.35838	93.21332	95.48093
20/09/2023	17:23:39	93.54226	94.20260	94.38709	94.56899	94.39584	93.59342	93.64623	93.60465	92.38933	94.48703	92.92403	93.03688	92.98356	95.24330
20/09/2023	17:23:42	93.23937	93.90377	94.14611	94.35636	94.20502	93.45004	93.53167	93.47571	92.21115	94.26716	92.66330	92.76288	92.78558	95.04147
20/09/2023	17:23:46	92.98498	93.65871	93.94664	94.17666	94.04546	93.32454	93.42715	93.35527	92.05232	94.07251	92.44009	92.52969	92.60979	94.86030
20/09/2023	17:23:50	92.75766	93.44019	93.76459	94.00816	93.89856	93.20147	93.31770	93.23406	91.89842	93.88935	92.23911	92.32297	92.44630	94.68690
20/09/2023	17:23:53	92.54856	93.23912	93.59027	93.84354	93.75211	93.07268	93.19868	93.10674	91.74455	93.70329	92.04608	92.11923	92.28368	94.51507
20/09/2023	17:23:57	92.34374	93.04604	93.41599	93.67742	93.60433	92.93956	93.07175	92.97270	91.59274	93.52178	91.86187	91.93004	92.12672	94.34670
20/09/2023	17:24:00	92.15209	92.86193	93.24811	93.51545	93.45915	92.80436	92.94192	92.83533	91.43972	93.34739	91.68493	91.74718	91.97310	94.17954
20/09/2023	17:24:04	91.96591	92.68052	93.08086	93.35159	93.31137	92.66688	92.80906	92.69780	91.29261	93.17498	91.51610	91.57157	91.82378	94.01634
20/09/2023	17:24:08	91.78498	92.50632	92.91819	93.19142	93.16673	92.53047	92.67476	92.56041	91.14812	93.00750	91.35389	91.40238	91.67843	93.85556
20/09/2023	17:24:11	91.61120	92.33824	92.75880	93.03352	93.02314	92.39475	92.54144	92.42304	91.00709	92.84384	91.19830	91.24084	91.53668	93.69728
20/09/2023	17:24:15	91.44406	92.17649	92.60420	92.87889	92.88227	92.26050	92.40907	92.28821	90.87075	92.68411	91.04855	91.08687	91.39716	93.54127
20/09/2023	17:24:18	91.28248	92.01877	92.45051	92.72515	92.74168	92.12673	92.27662	92.15341	90.73851	92.52656	90.90061	90.93528	91.25833	93.38427
20/09/2023	17:24:22	91.12250	91.86259	92.29884	92.57241	92.60105	91.99056	92.14175	92.01738	90.60344	92.37028	90.75615	90.78731	91.12217	93.23277
20/09/2023	17:24:26	90.96883	91.71370	92.15334	92.42469	92.46542	91.86022	92.01193	91.88761	90.47679	92.22110	90.61716	90.64549	90.99118	93.08453
20/09/2023	17:24:29	90.81869	91.56729	92.00966	92.27895	92.32990	91.72983	91.88247	91.75719	90.35144	92.07056	90.48043	90.50385	90.86020	92.93631
20/09/2023	17:24:33	90.67084	91.42375	91.86893	92.13545	92.19631	91.60075	91.75465	91.62996	90.22924	91.92715	90.34745	90.36966	90.73067	92.79026
20/09/2023	17:24:36	90.52950	91.28341	91.72981	91.99162	92.06362	91.47166	91.62718	91.50252	90.10839	91.78508	90.21596	90.23471	90.60417	92.64557
20/09/2023	17:24:40	90.38928	91.14597	91.59278	91.85125	91.93199	91.34450	91.50178	91.37820	89.98967	91.64465	90.08884	90.10439	90.48037	92.50440
20/09/2023	17:24:44	90.23104	91.00693	91.45581	91.67389	91.72942	91.14388	91.32687	90.85165	89.86398	91.46620	89.64525	89.76461	90.01509	92.00567
20/09/2023	17:24:47	89.63962	88.53049	90.70982	90.49578	90.32214	90.16571	90.37192	88.73568	88.51885	90.01199	88.36156	87.00340	87.60626	89.54995
20/09/2023	17:24:51	79.74771	76.87143	82.74932	81.64698	80.60904	79.18349	77.40513	77.23103	76.92502	76.88364	76.99259	76.86828	76.52365	76.48937
20/09/2023	17:24:54	76.36251	76.83390	76.92838	76.47268	76.96548	76.42228	76.91106	76.99239	76.84951	76.87129	76.98013	76.88481	76.50341	76.50810
20/09/2023	17:24:58	76.36778	76.88351	76.93289	76.47334	76.95320	76.42012	76.92270	76.98952	76.85290	76.86546	76.97910	76.89645	76.48823	76.52824
20/09/2023	17:25:02	76.37879	76.91784	76.94066	76.47779	76.94880	76.42442	76.93004	76.99290	76.85507	76.86513	76.97745	76.90263	76.48552	76.53288
20/09/2023	17:25:06	76.38957	76.93843	76.94281	76.47576	76.94545	76.42451	76.93397	76.99731	76.85925	76.86321	76.97716	76.90639	76.47594	76.54843
