20/09/2023	12:20:18	76.43741	77.00007	76.96005	76.51940	76.98502	76.47291	76.94853	77.02955	76.90549	76.91285	77.02660	76.91450	76.57568	76.53522
20/09/2023	12:20:22	76.43768	76.99943	76.96030	76.51993	76.98555	76.47292	76.94910	77.03032	76.90465	76.91199	77.02626	76.91407	76.57496	76.53364
20/09/2023	12:20:26	76.43671	76.99891	76.95847	76.51875	76.98361	76.47147	76.94702	77.02856	76.90458	76.91316	77.02616	76.91308	76.57471	76.53421
20/09/2023	12:20:29	76.43827	76.99966	76.95969	76.51943	76.98351	76.47190	76.94720	77.02899	76.90489	76.91391	77.02729	76.91466	76.57529	76.53431
20/09/2023	12:20:33	76.43927	76.99985	76.96012	76.51938	76.98252	76.47039	76.94702	77.02706	76.90475	76.91444	77.02749	76.91490	76.57533	76.53409
20/09/2023	12:20:36	76.44013	77.00071	76.96043	76.51917	76.98295	76.47001	76.94705	77.02747	76.90537	76.91484	77.02792	76.91582	76.57613	76.53460
20/09/2023	12:20:40	76.44030	77.00111	76.96072	76.51923	76.98346	76.46975	76.94757	77.02780	76.90551	76.91469	77.02804	76.91513	76.57601	76.53501
20/09/2023	12:20:44	76.44075	77.00165	76.96113	76.51969	76.98366	76.47013	76.94753	77.02850	76.90591	76.91475	77.02820	76.91518	76.57655	76.53581
20/09/2023	12:20:47	76.44055	77.00148	76.96079	76.51987	76.98353	76.47018	76.94776	77.02913	76.90623	76.91409	77.02760	76.91439	76.57618	76.53589
20/09/2023	12:20:51	76.44064	77.00109	76.96105	76.51906	76.98368	76.47088	76.94795	77.02928	76.90620	76.91415	77.02738	76.91378	76.57636	76.53596
20/09/2023	12:20:54	76.43970	77.00083	76.96133	76.51953	76.98478	76.47137	76.94898	77.03003	76.90639	76.91426	77.02758	76.91260	76.57659	76.53635
20/09/2023	12:20:58	76.43917	77.00081	76.96147	76.52004	76.98457	76.47173	76.94851	77.03010	76.90637	76.91461	77.02681	76.91183	76.57622	76.53644
20/09/2023	12:21:02	76.43815	76.99957	76.96086	76.51860	76.98588	76.46787	76.95480	77.03123	76.90648	76.91435	77.02691	76.91132	76.57606	76.53581
20/09/2023	12:21:05	76.43757	76.99927	76.96082	76.51981	76.98315	76.47247	76.94925	77.03077	76.90559	76.91341	77.02621	76.91193	76.57593	76.53318
20/09/2023	12:21:09	76.43813	76.99848	76.95805	76.52086	76.98596	76.47227	76.94886	77.03065	76.90579	76.91341	77.02622	76.91202	76.57546	76.53529
20/09/2023	12:21:12	76.43813	76.99789	76.95945	76.51906	76.98380	76.47124	76.94881	77.03061	76.90530	76.91330	77.02615	76.91177	76.57517	76.53474
20/09/2023	12:21:16	76.43841	76.99812	76.95964	76.51924	76.98375	76.47130	76.94863	77.03062	76.90523	76.91319	77.02560	76.91127	76.57470	76.53453
20/09/2023	12:21:20	76.43799	76.99783	76.95937	76.51873	76.98344	76.47084	76.94848	77.03046	76.90568	76.91355	77.02600	76.91182	76.57485	76.53438
20/09/2023	12:21:23	76.43815	76.99826	76.95962	76.51915	76.98364	76.47110	76.94855	77.03040	76.90587	76.91386	77.02617	76.91204	76.57484	76.53422
20/09/2023	12:21:27	76.43866	76.99841	76.95942	76.51861	76.98371	76.47121	76.94890	77.03077	76.90633	76.91406	77.02676	76.91260	76.57527	76.53521
20/09/2023	12:21:30	76.43894	76.99895	76.95969	76.51821	76.98306	76.47084	76.94860	77.03057	76.90573	76.91409	77.02616	76.91215	76.57468	76.53477
20/09/2023	12:21:34	76.43907	76.99912	76.96023	76.51914	76.98313	76.47166	76.94889	77.03111	76.90632	76.91413	77.02645	76.91244	76.57522	76.53474
20/09/2023	12:21:38	76.43874	76.99913	76.96004	76.51866	76.98335	76.47117	76.94910	77.03134	76.90661	76.91446	77.02736	76.91228	76.57508	76.53453
20/09/2023	12:21:41	76.43909	76.99925	76.96022	76.51900	76.98380	76.47114	76.94882	77.03125	76.90638	76.91430	77.02688	76.91242	76.57520	76.53474
20/09/2023	12:21:45	76.43851	76.99852	76.95971	76.51853	76.98332	76.47087	76.94822	77.03099	76.90641	76.91400	77.02669	76.91260	76.57517	76.53445
20/09/2023	12:21:48	76.43869	76.99864	76.95982	76.51883	76.98358	76.47124	76.94882	77.03136	76.90645	76.91421	77.02651	76.91240	76.57425	76.53400
20/09/2023	12:21:52	76.43842	76.99840	76.95911	76.51833	76.98276	76.47063	76.94794	77.03064	76.90594	76.91400	77.02612	76.91164	76.57444	76.53404
20/09/2023	12:21:56	76.43828	76.99774	76.95870	76.51738	76.98270	76.47014	76.94760	77.03037	76.90564	76.91358	77.02603	76.91137	76.57425	76.53390
20/09/2023	12:21:59	76.43786	76.99772	76.95903	76.51805	76.98302	76.47068	76.94852	77.03080	76.90597	76.91399	77.02603	76.91135	76.57447	76.53424
20/09/2023	12:22:03	76.43844	76.99820	76.95974	76.51817	76.98300	76.47099	76.94868	77.03093	76.90608	76.91414	77.02610	76.91163	76.57499	76.53457
20/09/2023	12:22:06	76.43856	76.99867	76.95970	76.51854	76.98335	76.47109	76.94860	77.03075	76.90564	76.91406	77.02598	76.91172	76.57497	76.53494
20/09/2023	12:22:10	76.43858	76.99827	76.95955	76.51840	76.98298	76.47164	76.94915	77.03098	76.90615	76.91404	77.02559	76.91180	76.57500	76.53443
20/09/2023	12:22:14	76.43853	76.99810	76.95935	76.51886	76.98314	76.47121	76.94859	77.03101	76.90617	76.91384	77.02608	76.91156	76.57490	76.53469
20/09/2023	12:22:17	76.43860	76.99815	76.95949	76.51825	76.98317	76.47107	76.94804	77.03065	76.90572	76.91410	77.02569	76.91154	76.57446	76.53437
20/09/2023	12:22:21	76.43789	76.99783	76.95885	76.51781	76.98290	76.47081	76.94825	77.03061	76.90583	76.91362	77.02578	76.91097	76.57434	76.53387
20/09/2023	12:22:24	76.43806	76.99793	76.95902	76.51809	76.98243	76.47028	76.94785	77.03035	76.90575	76.91373	77.02558	76.91115	76.57444	76.53454
20/09/2023	12:22:28	76.43846	76.99848	76.95907	76.51813	76.98250	76.47092	76.94833	77.03087	76.90632	76.91387	77.02574	76.91126	76.57457	76.53450
20/09/2023	12:22:32	76.43822	76.99767	76.95948	76.51821	76.98315	76.47078	76.94815	77.03049	76.90575	76.91357	77.02549	76.91117	76.57463	76.53482
20/09/2023	12:22:35	76.43837	76.99772	76.95918	76.51804	76.98260	76.47079	76.94795	77.03092	76.90599	76.91375	77.02626	76.91119	76.57476	76.53445
20/09/2023	12:22:39	76.43860	76.99828	76.95930	76.51811	76.98271	76.47113	76.94826	77.03056	76.90641	76.91392	77.02535	76.91078	76.57441	76.53428
20/09/2023	12:22:42	76.43861	76.99765	76.95929	76.51775	76.98246	76.47054	76.94801	77.03034	76.90584	76.91336	77.02551	76.91092	76.57413	76.53406
20/09/2023	12:22:46	76.43823	76.99787	76.95926	76.51848	76.98272	76.47048	76.94809	77.03043	76.90617	76.91350	77.02551	76.91063	76.57421	76.53438
20/09/2023	12:22:50	76.43807	76.99732	76.95897	76.51777	76.98278	76.47062	76.94792	77.03079	76.90610	76.91312	77.02530	76.91095	76.57443	76.53438
20/09/2023	12:22:53	76.43822	76.99776	76.95901	76.51788	76.98265	76.47113	76.94792	77.03063	76.90622	76.91376	77.02533	76.91127	76.57480	76.53398
20/09/2023	12:22:57	76.43808	76.99748	76.95927	76.51808	76.98245	76.47079	76.94793	77.03058	76.90570	76.91373	77.02587	76.91118	76.57471	76.53465
20/09/2023	12:23:00	76.43844	76.99777	76.95944	76.51827	76.98241	76.47059	76.94790	77.03065	76.90583	76.91316	77.02552	76.91090	76.57443	76.53473
20/09/2023	12:23:04	76.43822	76.99766	76.95920	76.51815	76.98229	76.47092	76.94824	77.03064	76.90550	76.91379	77.02564	76.91125	76.57521	76.53487
20/09/2023	12:23:08	76.43868	76.99776	76.95907	76.51792	76.98276	76.47098	76.94823	77.03095	76.90604	76.91347	77.02562	76.91096	76.57477	76.53439
20/09/2023	12:23:11	76.43837	76.99741	76.95918	76.51771	76.98228	76.47035	76.94786	77.03019	76.90531	76.91340	77.02538	76.91093	76.57420	76.53473
20/09/2023	12:23:15	76.43836	76.99729	76.95896	76.51767	76.98232	76.47071	76.94777	77.03015	76.90593	76.91288	77.02542	76.91072	76.57441	76.53407
20/09/2023	12:23:18	76.43839	76.99757	76.95888	76.51788	76.98243	76.47065	76.94792	77.03019	76.90568	76.91355	77.02577	76.91118	76.57474	76.53446
20/09/2023	12:23:22	76.43825	76.99742	76.95882	76.51726	76.98204	76.47024	76.94775	77.03004	76.90546	76.91309	77.02524	76.91072	76.57458	76.53447
20/09/2023	12:23:26	76.43839	76.99750	76.95872	76.51776	76.98219	76.47030	76.94768	77.03018	76.90606	76.91347	77.02534	76.91087	76.57424	76.53441
20/09/2023	12:23:29	76.43788	76.99745	76.95870	76.51718	76.98147	76.47016	76.94713	77.02985	76.90508	76.91268	77.02506	76.91111	76.57425	76.53454
20/09/2023	12:23:33	76.43802	76.99736	76.95886	76.51762	76.98168	76.47056	76.94777	77.03036	76.90553	76.91287	77.02534	76.91077	76.57441	76.53454
20/09/2023	12:23:36	76.43828	76.99750	76.95876	76.51756	76.98166	76.47060	76.94804	77.03009	76.90569	76.91305	77.02563	76.91076	76.57422	76.53425
20/09/2023	12:23:40	76.43774	76.99713	76.95868	76.51779	76.98191	76.47068	76.94780	77.03037	76.90535	76.91301	77.02528	76.91062	76.57407	76.53423
20/09/2023	12:23:44	76.43778	76.99732	76.95864	76.51714	76.98137	76.46993	76.94695	77.02965	76.90518	76.91260	77.02508	76.91053	76.57373	76.53445
20/09/2023	12:23:47	76.43782	76.99700	76.95893	76.51740	76.98171	76.47071	76.94794	77.03040	76.90578	76.91278	77.02549	76.91055	76.57425	76.53416
20/09/2023	12:23:51	76.43794	76.99693	76.95839	76.51754	76.98178	76.47020	76.94742	77.03014	76.90567	76.91252	77.02527	76.91049	76.57357	76.53388
20/09/2023	12:23:54	76.43731	76.99680	76.95830	76.51739	76.98160	76.47012	76.94693	77.02989	76.90558	76.91331	77.02531	76.91035	76.57376	76.53424
20/09/2023	12:23:58	76.43781	76.99722	76.95839	76.51720	76.98161	76.47047	76.94709	77.02942	76.90475	76.91234	77.02558	76.91079	76.57432	76.53410
20/09/2023	12:24:02	76.43781	76.99713	76.95849	76.51761	76.98167	76.47035	76.94713	77.02992	76.90557	76.91266	77.02530	76.91018	76.57410	76.53429
20/09/2023	12:24:05	76.43823	76.99723	76.95862	76.51763	76.98166	76.47020	76.94765	77.02984	76.90568	76.91310	77.02568	76.91075	76.57415	76.53403
20/09/2023	12:24:09	76.43852	76.99761	76.95906	76.51729	76.98108	76.46994	76.94726	77.03006	76.90562	76.91284	77.02551	76.91036	76.57383	76.53440
20/09/2023	12:24:12	76.43808	76.99685	76.95855	76.51731	76.98154	76.46965	76.94683	77.02930	76.90529	76.91228	77.02560	76.91049	76.57423	76.53397
20/09/2023	12:24:16	76.43755	76.99683	76.95823	76.51743	76.98157	76.46960	76.94706	77.02965	76.90513	76.91275	77.02558	76.91035	76.57355	76.53362
20/09/2023	12:24:20	76.43754	76.99670	76.95811	76.51721	76.98137	76.47002	76.94749	77.03008	76.90557	76.91253	77.02567	76.91025	76.57363	76.53432
20/09/2023	12:24:23	76.43735	76.99638	76.95808	76.51703	76.98112	76.46977	76.94654	77.02912	76.90524	76.91232	77.02539	76.91052	76.57341	76.53398
20/09/2023	12:24:27	76.43738	76.99661	76.95782	76.51668	76.98106	76.46978	76.94660	77.02934	76.90511	76.91222	77.02513	76.90970	76.57307	76.53398
20/09/2023	12:24:30	76.43775	76.99665	76.95822	76.51720	76.98127	76.46987	76.94706	77.02955	76.90571	76.91283	77.02562	76.91052	76.57406	76.53442
20/09/2023	12:24:34	76.43772	76.99667	76.95863	76.51667	76.98094	76.46956	76.94694	77.02917	76.90489	76.91212	77.02489	76.91019	76.57357	76.53436
20/09/2023	12:24:38	76.43800	76.99716	76.95850	76.51729	76.98155	76.47004	76.94736	77.02993	76.90539	76.91295	77.02584	76.91053	76.57391	76.53410
20/09/2023	12:24:41	76.43775	76.99644	76.95813	76.51709	76.98134	76.47005	76.94704	77.02978	76.90516	76.91283	77.02564	76.91039	76.57406	76.53428
20/09/2023	12:24:45	76.43796	76.99636	76.95854	76.51729	76.98188	76.47039	76.94751	77.03027	76.90568	76.91295	77.02574	76.91045	76.57366	76.53371
20/09/2023	12:24:48	76.43750	76.99635	76.95788	76.51662	76.98109	76.46962	76.94698	77.02978	76.90553	76.91273	77.02595	76.91113	76.57403	76.53437
20/09/2023	12:24:52	76.43792	76.99652	76.95820	76.51697	76.98103	76.46991	76.94707	77.02983	76.90544	76.91287	77.02519	76.91022	76.57357	76.53438
20/09/2023	12:24:56	76.43816	76.99672	76.95856	76.51702	76.98134	76.46948	76.94742	77.03002	76.90569	76.91292	77.02527	76.91021	76.57373	76.53422
20/09/2023	12:24:59	76.43751	76.99644	76.95797	76.51693	76.98159	76.47004	76.94771	77.02976	76.90530	76.91268	77.02558	76.91043	76.57365	76.53424
20/09/2023	12:25:03	76.43799	76.99671	76.95889	76.51715	76.98146	76.46977	76.94720	77.02969	76.90507	76.91270	77.02577	76.91072	76.57398	76.53440
20/09/2023	12:25:06	76.43777	76.99676	76.95861	76.51734	76.98159	76.46952	76.94735	77.02976	76.90568	76.91300	77.02602	76.91027	76.57358	76.53426
20/09/2023	12:25:10	76.43759	76.99638	76.95812	76.51689	76.98136	76.46970	76.94753	77.02967	76.90573	76.91319	77.02585	76.91080	76.57402	76.53453
20/09/2023	12:25:14	76.43775	76.99628	76.95851	76.51687	76.98125	76.46964	76.94715	77.02947	76.90528	76.91240	77.02546	76.91049	76.57345	76.53396
20/09/2023	12:25:17	76.43780	76.99659	76.95834	76.51675	76.98113	76.46932	76.94713	77.03002	76.90531	76.91307	77.02571	76.91021	76.57351	76.53387
20/09/2023	12:25:21	76.43812	76.99671	76.95823	76.51669	76.98124	76.46940	76.94624	77.02940	76.90554	76.91296	77.02493	76.91006	76.57404	76.53390
20/09/2023	12:25:24	76.43740	76.99623	76.95796	76.51675	76.98068	76.46930	76.94686	77.02941	76.90515	76.91256	77.02516	76.90991	76.57328	76.53360
20/09/2023	12:25:28	76.43721	76.99606	76.95800	76.51643	76.98110	76.46915	76.94658	77.02950	76.90526	76.91300	77.02601	76.90999	76.57328	76.53347
20/09/2023	12:25:32	76.43748	76.99613	76.95786	76.51660	76.98132	76.46934	76.94654	77.02987	76.90539	76.91266	77.02531	76.91037	76.57349	76.53384
20/09/2023	12:25:35	76.43772	76.99615	76.95820	76.51665	76.98125	76.46916	76.94668	77.02990	76.90536	76.91307	77.02552	76.91000	76.57363	76.53381
20/09/2023	12:25:39	76.43769	76.99653	76.95809	76.51668	76.98125	76.46963	76.94706	77.03016	76.90588	76.91329	77.02580	76.91044	76.57338	76.53358
20/09/2023	12:25:42	76.43777	76.99609	76.95824	76.51681	76.98127	76.46962	76.94692	77.02998	76.90571	76.91317	77.02583	76.91042	76.57355	76.53428
20/09/2023	12:25:46	76.43763	76.99651	76.95814	76.51692	76.98143	76.46992	76.94699	77.02979	76.90552	76.91327	77.02563	76.91002	76.57315	76.53401
20/09/2023	12:25:50	76.43770	76.99675	76.95848	76.51683	76.98108	76.46983	76.94707	77.02992	76.90579	76.91302	77.02572	76.91030	76.57317	76.53397
20/09/2023	12:25:53	76.43753	76.99657	76.95803	76.51665	76.98139	76.46925	76.94650	77.02973	76.90543	76.91280	77.02561	76.90976	76.57324	76.53364
20/09/2023	12:25:57	76.43778	76.99665	76.95807	76.51656	76.98130	76.46952	76.94702	77.02976	76.90540	76.91317	77.02552	76.91028	76.57355	76.53408
20/09/2023	12:26:00	76.43751	76.99647	76.95839	76.51630	76.98074	76.46926	76.94659	77.02962	76.90534	76.91266	77.02564	76.90986	76.57353	76.53347
20/09/2023	12:26:04	76.43741	76.99599	76.95791	76.51704	76.98127	76.46953	76.94666	77.02942	76.90558	76.91343	77.02538	76.90999	76.57359	76.53414
20/09/2023	12:26:08	76.43750	76.99664	76.95790	76.51680	76.98128	76.46962	76.94648	77.02946	76.90538	76.91327	77.02590	76.91057	76.57373	76.53408
20/09/2023	12:26:11	76.43806	76.99704	76.95844	76.51709	76.98160	76.46995	76.94714	77.02991	76.90579	76.91377	77.02630	76.91051	76.57373	76.53435
20/09/2023	12:26:15	76.43787	76.99690	76.95819	76.51727	76.98162	76.46972	76.94735	77.03000	76.90605	76.91381	77.02630	76.91041	76.57389	76.53417
20/09/2023	12:26:18	76.43792	76.99676	76.95859	76.51692	76.98134	76.46994	76.94720	77.02991	76.90571	76.91389	77.02592	76.91066	76.57374	76.53406
20/09/2023	12:26:22	76.43808	76.99659	76.95835	76.51661	76.98163	76.47003	76.94711	77.03003	76.90570	76.91388	77.02602	76.91019	76.57381	76.53444
20/09/2023	12:26:26	76.43795	76.99698	76.95852	76.51690	76.98149	76.46981	76.94730	77.02973	76.90557	76.91350	77.02594	76.91029	76.57343	76.53372
20/09/2023	12:26:29	76.43764	76.99609	76.95798	76.51686	76.98135	76.46973	76.94678	77.02939	76.90531	76.91353	77.02616	76.91044	76.57352	76.53411
20/09/2023	12:26:34	76.43768	76.99639	76.95793	76.51651	76.98119	76.46959	76.94672	77.02974	76.90558	76.91377	77.02607	76.91061	76.57369	76.53414
20/09/2023	12:26:38	76.43765	76.99664	76.95803	76.51716	76.98126	76.46976	76.94694	77.03062	76.90578	76.91400	77.02600	76.91089	76.57348	76.53428
20/09/2023	12:26:41	76.43808	76.99705	76.95857	76.51678	76.98164	76.46947	76.94722	77.03032	76.90595	76.91396	77.02649	76.91047	76.57334	76.53410
20/09/2023	12:26:47	76.43762	76.99626	76.95797	76.51644	76.98128	76.46936	76.94682	77.02977	76.90545	76.91364	77.02566	76.90975	76.57347	76.53403
20/09/2023	12:26:51	76.43782	76.99642	76.95791	76.51654	76.98136	76.46966	76.94698	77.02940	76.90543	76.91360	77.02580	76.90999	76.57344	76.53383
20/09/2023	12:26:55	76.43757	76.99625	76.95808	76.51659	76.98136	76.46911	76.94650	77.02938	76.90544	76.91369	77.02601	76.91011	76.57349	76.53410
20/09/2023	12:26:58	76.43761	76.99657	76.95803	76.51636	76.98135	76.46928	76.94699	77.02977	76.90541	76.91344	77.02592	76.91006	76.57346	76.53352
20/09/2023	12:27:02	76.43728	76.99611	76.95746	76.51587	76.98113	76.46941	76.94624	77.02913	76.90513	76.91340	77.02558	76.91002	76.57296	76.53343
20/09/2023	12:27:05	76.43733	76.99585	76.95770	76.51573	76.98094	76.46930	76.94631	77.02897	76.90545	76.91302	77.02552	76.90907	76.57351	76.53407
20/09/2023	12:27:09	76.43734	76.99602	76.95776	76.51569	76.98088	76.46922	76.94627	77.02917	76.90525	76.91346	77.02527	76.90972	76.57275	76.53350
20/09/2023	12:27:13	76.43765	76.99600	76.95792	76.51594	76.98143	76.46923	76.94658	77.02947	76.90512	76.91318	77.02537	76.90987	76.57263	76.53347
20/09/2023	12:27:16	76.43746	76.99627	76.95770	76.51597	76.98130	76.46927	76.94656	77.02940	76.90529	76.91364	77.02606	76.91013	76.57309	76.53369
20/09/2023	12:27:20	76.43756	76.99629	76.95811	76.51597	76.98104	76.46932	76.94619	77.02908	76.90531	76.91359	77.02570	76.90988	76.57313	76.53368
20/09/2023	12:27:24	76.43707	76.99658	76.95798	76.51584	76.98139	76.46947	76.94689	77.02931	76.90507	76.91355	77.02577	76.91025	76.57291	76.53368
20/09/2023	12:27:27	76.43752	76.99631	76.95799	76.51580	76.98119	76.46896	76.94657	77.02945	76.90517	76.91338	77.02581	76.90932	76.57283	76.53365
20/09/2023	12:27:31	76.43734	76.99619	76.95818	76.51616	76.98120	76.46890	76.94642	77.02928	76.90541	76.91320	77.02580	76.91016	76.57286	76.53381
20/09/2023	12:27:34	76.43761	76.99616	76.95788	76.51579	76.98097	76.46920	76.94648	77.02926	76.90505	76.91324	77.02541	76.90960	76.57286	76.53340
20/09/2023	12:27:38	76.43688	76.99656	76.95781	76.51574	76.98128	76.46884	76.94642	77.02915	76.90510	76.91348	77.02614	76.90983	76.57314	76.53387
20/09/2023	12:27:42	76.43722	76.99584	76.95765	76.51573	76.98135	76.46936	76.94655	77.02947	76.90556	76.91391	77.02620	76.91036	76.57356	76.53380
20/09/2023	12:27:46	76.43766	76.99640	76.95800	76.51582	76.98116	76.46920	76.94647	77.02969	76.90513	76.91374	77.02572	76.90984	76.57313	76.53373
20/09/2023	12:27:49	76.43707	76.99611	76.95766	76.51540	76.98111	76.46889	76.94611	77.02931	76.90496	76.91310	77.02572	76.90971	76.57282	76.53366
20/09/2023	12:27:53	76.43724	76.99605	76.95787	76.51587	76.98147	76.46888	76.94647	77.02915	76.90554	76.91328	77.02597	76.90980	76.57322	76.53368
20/09/2023	12:27:57	76.43724	76.99582	76.95784	76.51585	76.98158	76.46907	76.94643	77.02969	76.90526	76.91340	77.02582	76.91009	76.57263	76.53353
20/09/2023	12:28:00	76.43712	76.99632	76.95789	76.51548	76.98061	76.46918	76.94657	77.02926	76.90538	76.91364	77.02569	76.90978	76.57265	76.53326
20/09/2023	12:28:04	76.43729	76.99618	76.95781	76.51594	76.98145	76.46912	76.94641	77.02922	76.90527	76.91310	77.02567	76.90969	76.57271	76.53372
20/09/2023	12:28:08	76.43726	76.99600	76.95755	76.51581	76.98126	76.46915	76.94645	77.02952	76.90559	76.91345	77.02573	76.90998	76.57251	76.53332
20/09/2023	12:28:11	76.43707	76.99599	76.95748	76.51531	76.98089	76.46876	76.94638	77.02927	76.90541	76.91358	77.02605	76.90968	76.57290	76.53333
20/09/2023	12:28:15	76.43731	76.99636	76.95777	76.51570	76.98105	76.46915	76.94631	77.02930	76.90532	76.91316	77.02528	76.90955	76.57233	76.53288
20/09/2023	12:28:19	76.43680	76.99547	76.95768	76.51529	76.98084	76.46904	76.94598	77.02923	76.90548	76.91290	77.02554	76.90972	76.57274	76.53332
20/09/2023	12:28:23	76.43756	76.99570	76.95734	76.51538	76.98084	76.46908	76.94603	77.02926	76.90520	76.91276	77.02567	76.90962	76.57276	76.53324
20/09/2023	12:28:26	76.43717	76.99601	76.95790	76.51580	76.98090	76.46895	76.94609	77.02907	76.90478	76.91320	77.02559	76.90984	76.57287	76.53346
20/09/2023	12:28:30	76.43713	76.99560	76.95753	76.51565	76.98065	76.46935	76.94648	77.02947	76.90520	76.91309	77.02607	76.91005	76.57334	76.53390
20/09/2023	12:28:34	76.43777	76.99664	76.95784	76.51565	76.98119	76.46893	76.94644	77.02966	76.90550	76.91340	77.02581	76.90963	76.57261	76.53338
20/09/2023	12:28:38	76.43711	76.99608	76.95732	76.51531	76.98099	76.46893	76.94592	77.02976	76.90542	76.91333	77.02568	76.90988	76.57292	76.53338
20/09/2023	12:28:41	76.43740	76.99626	76.95754	76.51547	76.98084	76.46910	76.94650	77.02923	76.90563	76.91311	77.02592	76.90994	76.57245	76.53355
20/09/2023	12:28:45	76.43745	76.99612	76.95746	76.51559	76.98103	76.46870	76.94588	77.02878	76.90539	76.91298	77.02574	76.90984	76.57272	76.53361
20/09/2023	12:28:49	76.43764	76.99644	76.95810	76.51608	76.98143	76.46927	76.94619	77.02959	76.90538	76.91333	77.02583	76.90962	76.57273	76.53383
20/09/2023	12:28:52	76.43749	76.99637	76.95765	76.51598	76.98118	76.46912	76.94578	77.02936	76.90528	76.91324	77.02583	76.90964	76.57290	76.53349
20/09/2023	12:28:56	76.43693	76.99582	76.95768	76.51556	76.98097	76.46866	76.94612	77.02900	76.90517	76.91280	77.02597	76.90956	76.57254	76.53331
20/09/2023	12:28:59	76.43680	76.99576	76.95730	76.51505	76.98058	76.46876	76.94571	77.02938	76.90515	76.91285	77.02559	76.91006	76.57263	76.53320
20/09/2023	12:29:03	76.43718	76.99612	76.95800	76.51583	76.98104	76.46891	76.94618	77.02925	76.90518	76.91309	77.02574	76.90981	76.57276	76.53329
20/09/2023	12:29:07	76.43734	76.99600	76.95762	76.51544	76.98075	76.46875	76.94586	77.02887	76.90522	76.91286	77.02585	76.90972	76.57251	76.53296
20/09/2023	12:29:10	76.43701	76.99569	76.95757	76.51570	76.98123	76.46842	76.94568	77.02916	76.90529	76.91272	77.02558	76.90951	76.57246	76.53324
20/09/2023	12:29:14	76.43731	76.99620	76.95816	76.51569	76.98099	76.46918	76.94633	77.02906	76.90530	76.91285	77.02598	76.91014	76.57281	76.53350
20/09/2023	12:29:17	76.43743	76.99630	76.95777	76.51543	76.98079	76.46911	76.94569	77.02904	76.90487	76.91249	77.02565	76.90948	76.57226	76.53339
20/09/2023	12:29:21	76.43688	76.99578	76.95753	76.51537	76.98076	76.46905	76.94585	77.02937	76.90529	76.91290	77.02608	76.90980	76.57300	76.53324
20/09/2023	12:29:25	76.43704	76.99604	76.95758	76.51544	76.98126	76.46884	76.94598	77.02914	76.90519	76.91320	77.02586	76.90976	76.57242	76.53334
20/09/2023	12:29:28	76.43699	76.99623	76.95766	76.51551	76.98085	76.46906	76.94569	77.02941	76.90541	76.91237	77.02555	76.90978	76.57268	76.53359
20/09/2023	12:29:32	76.43708	76.99605	76.95756	76.51556	76.98113	76.46858	76.94582	77.02948	76.90503	76.91283	77.02527	76.90979	76.57252	76.53325
20/09/2023	12:29:36	76.43707	76.99622	76.95727	76.51551	76.98098	76.46887	76.94614	77.02922	76.90511	76.91326	77.02636	76.91035	76.57285	76.53390
20/09/2023	12:29:40	76.43791	76.99695	76.95841	76.51588	76.98153	76.46943	76.94634	77.02948	76.90580	76.91356	77.02612	76.91027	76.57323	76.53409
20/09/2023	12:29:43	76.43803	76.99590	76.95811	76.51591	76.98119	76.46903	76.94635	77.02916	76.90484	76.91302	77.02556	76.90950	76.57270	76.53341
20/09/2023	12:29:47	76.43711	76.99615	76.95750	76.51543	76.98127	76.46899	76.94585	77.02966	76.90521	76.91351	77.02597	76.91019	76.57310	76.53385
20/09/2023	12:29:51	76.43777	76.99631	76.95819	76.51587	76.98134	76.46911	76.94609	77.02924	76.90521	76.91299	77.02600	76.90969	76.57263	76.53321
20/09/2023	12:29:54	76.43722	76.99586	76.95714	76.51524	76.98128	76.46913	76.94618	77.02905	76.90556	76.91311	77.02625	76.91045	76.57300	76.53350
20/09/2023	12:29:58	76.43782	76.99664	76.95834	76.51620	76.98143	76.46951	76.94651	77.02968	76.90573	76.91327	77.02608	76.91001	76.57280	76.53392
20/09/2023	12:30:01	76.43737	76.99656	76.95802	76.51601	76.98144	76.46935	76.94638	77.02984	76.90564	76.91314	77.02601	76.91000	76.57284	76.53370
20/09/2023	12:30:05	76.43744	76.99648	76.95785	76.51553	76.98131	76.46895	76.94622	77.02930	76.90522	76.91321	77.02625	76.90984	76.57250	76.53363
20/09/2023	12:30:09	76.43765	76.99641	76.95811	76.51610	76.98138	76.46924	76.94632	77.02910	76.90541	76.91346	77.02577	76.91014	76.57280	76.53384
20/09/2023	12:30:12	76.43735	76.99621	76.95795	76.51576	76.98091	76.46906	76.94576	77.02920	76.90501	76.91270	77.02571	76.90967	76.57224	76.53294
20/09/2023	12:30:16	76.43701	76.99598	76.95761	76.51538	76.98082	76.46875	76.94593	77.02905	76.90474	76.91263	77.02568	76.90958	76.57246	76.53312
20/09/2023	12:30:20	76.43737	76.99636	76.95796	76.51618	76.98157	76.46913	76.94625	77.02937	76.90588	76.91352	77.02646	76.91043	76.57306	76.53401
20/09/2023	12:30:23	76.43811	76.99655	76.95854	76.51647	76.98126	76.46892	76.94592	77.02912	76.90494	76.91282	77.02597	76.90973	76.57271	76.53305
20/09/2023	12:30:27	76.43674	76.99558	76.95780	76.51601	76.98120	76.46911	76.94601	77.02920	76.90547	76.91312	77.02576	76.90937	76.57257	76.53354
20/09/2023	12:30:31	76.43731	76.99606	76.95802	76.51555	76.98129	76.46917	76.94624	77.02901	76.90519	76.91303	77.02602	76.90990	76.57273	76.53354
20/09/2023	12:30:34	76.43702	76.99594	76.95738	76.51599	76.98100	76.46918	76.94625	77.02917	76.90522	76.91316	77.02577	76.90978	76.57272	76.53364
20/09/2023	12:30:38	76.43760	76.99603	76.95768	76.51546	76.98098	76.46853	76.94598	77.02838	76.90493	76.91270	77.02586	76.90998	76.57243	76.53314
20/09/2023	12:30:42	76.43716	76.99570	76.95815	76.51550	76.98117	76.46939	76.94608	77.02898	76.90524	76.91280	77.02593	76.90940	76.57261	76.53297
20/09/2023	12:30:45	76.43678	76.99602	76.95730	76.51525	76.98070	76.46875	76.94551	77.02912	76.90498	76.91289	77.02576	76.90931	76.57216	76.53332
20/09/2023	12:30:49	76.43697	76.99583	76.95716	76.51560	76.98052	76.46856	76.94562	77.02888	76.90511	76.91269	77.02575	76.90953	76.57246	76.53293
20/09/2023	12:30:52	76.43648	76.99590	76.95738	76.51515	76.98070	76.46849	76.94556	77.02862	76.90459	76.91239	77.02538	76.90914	76.57183	76.53284
20/09/2023	12:30:56	76.43612	76.99559	76.95706	76.51537	76.98024	76.46840	76.94525	77.02817	76.90397	76.91223	77.02499	76.90888	76.57185	76.53219
20/09/2023	12:31:00	76.43600	76.99534	76.95666	76.51474	76.98030	76.46837	76.94511	77.02853	76.90482	76.91206	77.02533	76.90988	76.57235	76.53330
20/09/2023	12:31:03	76.43714	76.99592	76.95789	76.51605	76.98122	76.46903	76.94620	77.02872	76.90473	76.91254	77.02551	76.90976	76.57255	76.53303
20/09/2023	12:31:07	76.43705	76.99550	76.95745	76.51524	76.98079	76.46828	76.94513	77.02849	76.90456	76.91253	77.02534	76.91019	76.57282	76.53352
20/09/2023	12:31:10	76.43718	76.99587	76.95752	76.51555	76.98076	76.46883	76.94563	77.02887	76.90451	76.91217	77.02557	76.90944	76.57250	76.53292
20/09/2023	12:31:14	76.43668	76.99568	76.95739	76.51521	76.98085	76.46883	76.94548	77.02852	76.90477	76.91208	77.02556	76.90916	76.57208	76.53299
20/09/2023	12:31:18	76.43649	76.99530	76.95684	76.51518	76.98053	76.46820	76.94528	77.02880	76.90458	76.91173	77.02525	76.90894	76.57190	76.53233
20/09/2023	12:31:21	76.43659	76.99524	76.95675	76.51521	76.98087	76.46866	76.94554	77.02848	76.90436	76.91210	77.02539	76.90900	76.57143	76.53302
20/09/2023	12:31:25	76.43641	76.99546	76.95706	76.51554	76.98060	76.46842	76.94559	77.02858	76.90493	76.91190	77.02568	76.90896	76.57262	76.53314
20/09/2023	12:31:28	76.43674	76.99579	76.95776	76.51554	76.98053	76.46864	76.94564	77.02864	76.90504	76.91205	77.02530	76.90928	76.57232	76.53311
20/09/2023	12:31:32	76.43610	76.99531	76.95728	76.51533	76.98052	76.46878	76.94515	77.02880	76.90459	76.91182	77.02532	76.90912	76.57214	76.53280
20/09/2023	12:31:36	76.43653	76.99542	76.95682	76.51558	76.98088	76.46832	76.94534	77.02887	76.90476	76.91212	77.02538	76.90959	76.57230	76.53355
20/09/2023	12:31:39	76.43666	76.99552	76.95705	76.51506	76.98002	76.46828	76.94499	77.02821	76.90466	76.91200	77.02521	76.90873	76.57166	76.53218
20/09/2023	12:31:43	76.43643	76.99518	76.95657	76.51472	76.98023	76.46825	76.94548	77.02855	76.90427	76.91154	77.02502	76.90918	76.57216	76.53258
20/09/2023	12:31:46	76.43660	76.99511	76.95663	76.51513	76.98029	76.46839	76.94503	77.02786	76.90414	76.91191	77.02539	76.90919	76.57182	76.53263
20/09/2023	12:31:50	76.43635	76.99534	76.95686	76.51484	76.98011	76.46826	76.94511	77.02806	76.90428	76.91183	77.02487	76.90910	76.57180	76.53287
20/09/2023	12:31:54	76.43600	76.99508	76.95673	76.51493	76.98008	76.46777	76.94474	77.02829	76.90435	76.91182	77.02484	76.90915	76.57184	76.53235
20/09/2023	12:31:57	76.43613	76.99537	76.95696	76.51493	76.98046	76.46835	76.94502	77.02839	76.90464	76.91188	77.02473	76.90914	76.57192	76.53307
20/09/2023	12:32:01	76.43614	76.99549	76.95726	76.51521	76.98032	76.46855	76.94494	77.02855	76.90452	76.91165	77.02527	76.90942	76.57224	76.53320
20/09/2023	12:32:05	76.43654	76.99509	76.95701	76.51503	76.98036	76.46814	76.94543	77.02861	76.90488	76.91200	77.02536	76.90937	76.57264	76.53322
20/09/2023	12:32:08	76.43693	76.99526	76.95683	76.51472	76.98033	76.46841	76.94484	77.02839	76.90449	76.91149	77.02480	76.90901	76.57243	76.53305
20/09/2023	12:32:12	76.43625	76.99546	76.95706	76.51503	76.97992	76.46826	76.94516	77.02857	76.90477	76.91216	77.02537	76.90912	76.57230	76.53304
20/09/2023	12:32:15	76.43720	76.99584	76.95751	76.51573	76.98089	76.46873	76.94545	77.02927	76.90517	76.91219	77.02537	76.90921	76.57195	76.53258
20/09/2023	12:32:19	76.43668	76.99562	76.95705	76.51508	76.98031	76.46816	76.94519	77.02854	76.90478	76.91156	77.02523	76.90940	76.57261	76.53327
20/09/2023	12:32:23	76.43721	76.99568	76.95742	76.51554	76.98107	76.46858	76.94564	77.02902	76.90516	76.91227	77.02526	76.90955	76.57236	76.53304
20/09/2023	12:32:26	76.43710	76.99567	76.95730	76.51571	76.98077	76.46818	76.94498	77.02855	76.90516	76.91234	77.02528	76.90967	76.57255	76.53313
20/09/2023	12:32:30	76.43675	76.99568	76.95758	76.51502	76.98048	76.46829	76.94546	77.02880	76.90527	76.91238	77.02569	76.90971	76.57226	76.53283
20/09/2023	12:32:34	76.43694	76.99573	76.95716	76.51577	76.98092	76.46893	76.94564	77.02864	76.90514	76.91200	77.02529	76.90986	76.57247	76.53298
20/09/2023	12:32:37	76.43721	76.99609	76.95742	76.51520	76.98093	76.46855	76.94554	77.02884	76.90492	76.91179	77.02459	76.90918	76.57237	76.53295
20/09/2023	12:32:41	76.43684	76.99575	76.95701	76.51523	76.98061	76.46857	76.94542	77.02865	76.90486	76.91172	77.02513	76.90904	76.57217	76.53260
20/09/2023	12:32:45	76.43655	76.99530	76.95729	76.51490	76.98019	76.46814	76.94507	77.02789	76.90452	76.91197	77.02508	76.90961	76.57231	76.53294
20/09/2023	12:32:48	76.43688	76.99554	76.95737	76.51509	76.98039	76.46859	76.94543	77.02832	76.90528	76.91178	77.02499	76.90941	76.57257	76.53324
20/09/2023	12:32:52	76.43675	76.99535	76.95708	76.51505	76.98068	76.46828	76.94511	77.02826	76.90433	76.91174	77.02483	76.90906	76.57257	76.53287
20/09/2023	12:32:55	76.43651	76.99529	76.95736	76.51551	76.98034	76.46845	76.94486	77.02828	76.90444	76.91166	77.02454	76.90914	76.57188	76.53262
20/09/2023	12:32:59	76.43645	76.99521	76.95707	76.51487	76.98011	76.46781	76.94457	77.02801	76.90402	76.91161	77.02461	76.90906	76.57234	76.53257
20/09/2023	12:33:03	76.43678	76.99488	76.95723	76.51494	76.98007	76.46796	76.94464	77.02770	76.90429	76.91194	77.02486	76.90907	76.57198	76.53267
20/09/2023	12:33:06	76.43653	76.99507	76.95678	76.51503	76.97998	76.46821	76.94502	77.02806	76.90433	76.91133	77.02491	76.90905	76.57155	76.53206
20/09/2023	12:33:10	76.43618	76.99521	76.95696	76.51495	76.97977	76.46801	76.94441	77.02802	76.90415	76.91121	77.02430	76.90879	76.57170	76.53289
20/09/2023	12:33:14	76.43638	76.99520	76.95717	76.51507	76.98034	76.46838	76.94494	77.02823	76.90454	76.91167	77.02477	76.90909	76.57223	76.53255
20/09/2023	12:33:17	76.43664	76.99523	76.95710	76.51501	76.97990	76.46799	76.94468	77.02818	76.90473	76.91206	77.02505	76.90930	76.57216	76.53279
20/09/2023	12:33:21	76.43679	76.99538	76.95725	76.51479	76.98041	76.46840	76.94529	77.02868	76.90428	76.91232	77.02557	76.90922	76.57257	76.53326
20/09/2023	12:33:25	76.43721	76.99545	76.95785	76.51552	76.98067	76.46855	76.94567	77.02872	76.90502	76.91227	77.02530	76.90935	76.57254	76.53313
20/09/2023	12:33:28	76.43676	76.99587	76.95733	76.51498	76.98052	76.46805	76.94542	77.02821	76.90446	76.91209	77.02482	76.90909	76.57232	76.53303
20/09/2023	12:33:32	76.43715	76.99599	76.95750	76.51529	76.98032	76.46828	76.94503	77.02864	76.90437	76.91176	77.02477	76.90938	76.57241	76.53294
20/09/2023	12:33:35	76.43677	76.99503	76.95710	76.51473	76.98046	76.46838	76.94446	77.02780	76.90383	76.91145	77.02460	76.90861	76.57166	76.53208
20/09/2023	12:33:39	76.43618	76.99508	76.95693	76.51474	76.98027	76.46836	76.94504	77.02782	76.90415	76.91207	77.02479	76.90910	76.57232	76.53295
20/09/2023	12:33:43	76.43659	76.99517	76.95718	76.51513	76.98046	76.46823	76.94485	77.02840	76.90420	76.91137	77.02457	76.90859	76.57196	76.53285
20/09/2023	12:33:46	76.43703	76.99601	76.95753	76.51510	76.98023	76.46840	76.94505	77.02820	76.90423	76.91150	77.02471	76.90882	76.57226	76.53259
20/09/2023	12:33:50	76.43650	76.99509	76.95707	76.51448	76.97988	76.46843	76.94426	77.02795	76.90391	76.91103	77.02429	76.90861	76.57164	76.53271
20/09/2023	12:33:54	76.43632	76.99497	76.95683	76.51477	76.97970	76.46820	76.94452	77.02756	76.90367	76.91117	77.02443	76.90914	76.57200	76.53234
20/09/2023	12:33:57	76.43618	76.99530	76.95670	76.51474	76.97984	76.46787	76.94432	77.02778	76.90384	76.91098	77.02444	76.90835	76.57151	76.53247
20/09/2023	12:34:01	76.43636	76.99510	76.95709	76.51497	76.97983	76.46808	76.94455	77.02810	76.90411	76.91120	77.02438	76.90834	76.57169	76.53251
20/09/2023	12:34:04	76.43642	76.99496	76.95663	76.51451	76.97983	76.46796	76.94403	77.02787	76.90373	76.91126	77.02401	76.90867	76.57189	76.53226
20/09/2023	12:34:08	76.43610	76.99512	76.95666	76.51452	76.98042	76.46837	76.94467	77.02802	76.90467	76.91196	77.02495	76.90912	76.57232	76.53273
20/09/2023	12:34:12	76.43672	76.99535	76.95723	76.51542	76.98056	76.46836	76.94476	77.02797	76.90396	76.91168	77.02473	76.90932	76.57265	76.53327
20/09/2023	12:34:15	76.43708	76.99570	76.95724	76.51534	76.98070	76.46830	76.94517	77.02825	76.90441	76.91169	77.02478	76.90900	76.57214	76.53289
20/09/2023	12:34:19	76.43648	76.99517	76.95721	76.51509	76.98068	76.46862	76.94521	77.02813	76.90399	76.91166	77.02426	76.90864	76.57183	76.53289
20/09/2023	12:34:23	76.43606	76.99532	76.95728	76.51473	76.97995	76.46855	76.94510	77.02806	76.90447	76.91139	77.02502	76.90903	76.57164	76.53296
20/09/2023	12:34:26	76.43656	76.99513	76.95678	76.51484	76.98008	76.46819	76.94494	77.02756	76.90396	76.91110	77.02411	76.90809	76.57150	76.53204
20/09/2023	12:34:30	76.43592	76.99485	76.95612	76.51435	76.97942	76.46797	76.94426	77.02765	76.90389	76.91115	77.02403	76.90853	76.57164	76.53260
20/09/2023	12:34:34	76.43608	76.99493	76.95637	76.51438	76.97977	76.46763	76.94467	77.02757	76.90370	76.91127	77.02431	76.90806	76.57141	76.53215
20/09/2023	12:34:37	76.43621	76.99461	76.95637	76.51432	76.97986	76.46740	76.94397	77.02749	76.90345	76.91119	77.02378	76.90786	76.57122	76.53228
20/09/2023	12:34:41	76.43591	76.99484	76.95632	76.51429	76.97955	76.46756	76.94412	77.02730	76.90327	76.91049	77.02379	76.90814	76.57142	76.53201
20/09/2023	12:34:45	76.43588	76.99451	76.95596	76.51389	76.97902	76.46728	76.94412	77.02710	76.90345	76.91048	77.02356	76.90784	76.57119	76.53192
20/09/2023	12:34:48	76.43595	76.99453	76.95598	76.51398	76.97883	76.46665	76.94349	77.02680	76.90321	76.91008	77.02343	76.90713	76.57119	76.53161
20/09/2023	12:34:52	76.43509	76.99403	76.95553	76.51367	76.97927	76.46750	76.94399	77.02691	76.90313	76.91018	77.02343	76.90774	76.57135	76.53190
20/09/2023	12:34:55	76.43553	76.99444	76.95560	76.51383	76.97986	76.46729	76.94399	77.02710	76.90326	76.91001	77.02371	76.90757	76.57112	76.53157
20/09/2023	12:34:59	76.43507	76.99420	76.95610	76.51351	76.97909	76.46682	76.94370	77.02702	76.90326	76.91030	77.02369	76.90787	76.57106	76.53170
20/09/2023	12:35:03	76.43534	76.99448	76.95607	76.51418	76.97958	76.46728	76.94404	77.02725	76.90340	76.91023	77.02385	76.90792	76.57082	76.53199
20/09/2023	12:35:06	76.43559	76.99455	76.95596	76.51418	76.98003	76.46789	76.94410	77.02764	76.90341	76.91048	77.02373	76.90774	76.57160	76.53224
20/09/2023	12:35:10	76.43594	76.99440	76.95658	76.51383	76.97951	76.46774	76.94411	77.02787	76.90403	76.91059	77.02388	76.90813	76.57132	76.53164
20/09/2023	12:35:14	76.43533	76.99455	76.95609	76.51403	76.97956	76.46749	76.94378	77.02730	76.90337	76.91012	77.02338	76.90786	76.57150	76.53205
20/09/2023	12:35:17	76.43589	76.99514	76.95643	76.51429	76.97924	76.46740	76.94362	77.02730	76.90311	76.91059	77.02373	76.90786	76.57106	76.53185
20/09/2023	12:35:21	76.43490	76.99439	76.95631	76.51415	76.97964	76.46705	76.94369	77.02727	76.90357	76.91042	77.02355	76.90819	76.57161	76.53218
20/09/2023	12:35:25	76.43576	76.99480	76.95612	76.51404	76.97936	76.46732	76.94372	77.02706	76.90362	76.91041	77.02395	76.90829	76.57190	76.53251
20/09/2023	12:35:28	76.43625	76.99462	76.95583	76.51375	76.97943	76.46700	76.94390	77.02695	76.90357	76.91018	77.02352	76.90764	76.57135	76.53161
20/09/2023	12:35:32	76.43519	76.99403	76.95584	76.51368	76.97922	76.46687	76.94323	77.02721	76.90312	76.91019	77.02334	76.90785	76.57120	76.53170
20/09/2023	12:35:36	76.43568	76.99444	76.95567	76.51405	76.97963	76.46732	76.94359	77.02698	76.90341	76.90992	77.02312	76.90772	76.57101	76.53165
20/09/2023	12:35:39	76.43526	76.99381	76.95548	76.51366	76.97924	76.46702	76.94377	77.02716	76.90325	76.91033	77.02322	76.90738	76.57149	76.53182
20/09/2023	12:35:43	76.43513	76.99414	76.95561	76.51332	76.97893	76.46689	76.94374	77.02694	76.90323	76.91027	77.02350	76.90746	76.57100	76.53203
20/09/2023	12:35:47	76.43533	76.99428	76.95570	76.51391	76.97919	76.46704	76.94378	77.02728	76.90314	76.90997	77.02281	76.90708	76.57077	76.53143
20/09/2023	12:35:50	76.43496	76.99405	76.95570	76.51357	76.97917	76.46673	76.94359	77.02680	76.90326	76.91015	77.02329	76.90719	76.57084	76.53108
20/09/2023	12:35:54	76.43536	76.99433	76.95545	76.51359	76.97896	76.46694	76.94370	77.02707	76.90311	76.91018	77.02336	76.90746	76.57087	76.53184
20/09/2023	12:35:57	76.43545	76.99432	76.95534	76.51326	76.97909	76.46683	76.94327	77.02651	76.90331	76.90983	77.02309	76.90730	76.57080	76.53218
20/09/2023	12:36:01	76.43528	76.99398	76.95557	76.51374	76.97901	76.46676	76.94336	77.02657	76.90318	76.91030	77.02304	76.90745	76.57126	76.53174
20/09/2023	12:36:05	76.43502	76.99404	76.95579	76.51390	76.97928	76.46734	76.94359	77.02730	76.90379	76.91044	77.02346	76.90748	76.57081	76.53167
20/09/2023	12:36:08	76.43500	76.99408	76.95551	76.51379	76.97885	76.46640	76.94288	77.02659	76.90322	76.91003	77.02312	76.90709	76.57090	76.53170
20/09/2023	12:36:12	76.43460	76.99383	76.95540	76.51375	76.97926	76.46699	76.94278	77.02635	76.90317	76.91006	77.02306	76.90708	76.57118	76.53136
20/09/2023	12:36:16	76.43475	76.99373	76.95527	76.51345	76.97860	76.46664	76.94264	77.02615	76.90281	76.90987	77.02274	76.90639	76.57066	76.53193
20/09/2023	12:36:19	76.43470	76.99363	76.95553	76.51363	76.97887	76.46687	76.94305	77.02702	76.90344	76.91000	77.02341	76.90705	76.57104	76.53179
20/09/2023	12:36:23	76.43508	76.99415	76.95521	76.51344	76.97874	76.46673	76.94319	77.02681	76.90305	76.90982	77.02266	76.90652	76.57088	76.53147
20/09/2023	12:36:26	76.43470	76.99395	76.95479	76.51303	76.97853	76.46652	76.94304	77.02632	76.90326	76.91022	77.02308	76.90701	76.57098	76.53178
20/09/2023	12:36:30	76.43471	76.99372	76.95523	76.51388	76.97916	76.46717	76.94327	77.02703	76.90344	76.90983	77.02273	76.90686	76.57071	76.53119
20/09/2023	12:36:34	76.43447	76.99324	76.95475	76.51292	76.97886	76.46673	76.94274	77.02657	76.90272	76.91026	77.02275	76.90621	76.57048	76.53151
20/09/2023	12:36:37	76.43470	76.99348	76.95537	76.51335	76.97908	76.46646	76.94277	77.02672	76.90304	76.90980	77.02280	76.90670	76.57114	76.53158
20/09/2023	12:36:41	76.43472	76.99397	76.95557	76.51345	76.97905	76.46703	76.94274	77.02674	76.90333	76.91032	77.02315	76.90655	76.57016	76.53097
20/09/2023	12:36:44	76.43410	76.99327	76.95499	76.51290	76.97848	76.46648	76.94252	77.02614	76.90288	76.91007	77.02330	76.90676	76.57052	76.53104
20/09/2023	12:36:48	76.43420	76.99331	76.95487	76.51301	76.97878	76.46643	76.94245	77.02648	76.90282	76.90946	77.02281	76.90650	76.57117	76.53128
20/09/2023	12:36:52	76.43444	76.99333	76.95515	76.51298	76.97871	76.46642	76.94231	77.02620	76.90233	76.90908	77.02218	76.90571	76.57025	76.53087
20/09/2023	12:36:55	76.43391	76.99340	76.95490	76.51318	76.97852	76.46630	76.94259	77.02580	76.90226	76.90950	77.02260	76.90610	76.57000	76.53109
20/09/2023	12:36:59	76.43409	76.99323	76.95462	76.51362	76.97891	76.46639	76.94277	77.02634	76.90232	76.90953	77.02249	76.90625	76.56999	76.53062
20/09/2023	12:37:03	76.43451	76.99344	76.95474	76.51315	76.97853	76.46627	76.94291	77.02687	76.90295	76.90975	77.02302	76.90549	76.57043	76.53119
20/09/2023	12:37:06	76.43412	76.99342	76.95476	76.51276	76.97844	76.46579	76.94250	77.02611	76.90255	76.90937	77.02250	76.90627	76.57036	76.53102
20/09/2023	12:37:10	76.43421	76.99338	76.95531	76.51318	76.97845	76.46637	76.94308	77.02689	76.90259	76.91024	77.02278	76.90624	76.57018	76.53117
20/09/2023	12:37:13	76.43458	76.99379	76.95548	76.51385	76.97877	76.46674	76.94255	77.02633	76.90230	76.90970	77.02268	76.90663	76.57103	76.53142
20/09/2023	12:37:17	76.43502	76.99375	76.95542	76.51344	76.97928	76.46695	76.94296	77.02634	76.90299	76.91003	77.02317	76.90688	76.57146	76.53187
20/09/2023	12:37:21	76.43501	76.99416	76.95602	76.51354	76.97892	76.46731	76.94323	77.02676	76.90294	76.90981	77.02327	76.90686	76.57097	76.53200
20/09/2023	12:37:24	76.43479	76.99408	76.95531	76.51348	76.97873	76.46679	76.94269	77.02646	76.90274	76.90951	77.02259	76.90655	76.57065	76.53183
20/09/2023	12:37:28	76.43507	76.99361	76.95513	76.51360	76.97895	76.46679	76.94320	77.02678	76.90319	76.90999	77.02290	76.90669	76.57086	76.53148
20/09/2023	12:37:32	76.43491	76.99354	76.95491	76.51319	76.97908	76.46657	76.94297	77.02710	76.90226	76.90983	77.02296	76.90619	76.57046	76.53122
20/09/2023	12:37:35	76.43397	76.99369	76.95480	76.51356	76.97906	76.46700	76.94293	77.02692	76.90291	76.91000	77.02298	76.90643	76.57101	76.53197
20/09/2023	12:37:39	76.43504	76.99365	76.95570	76.51368	76.97927	76.46708	76.94329	77.02724	76.90265	76.90972	77.02252	76.90661	76.57083	76.53147
20/09/2023	12:37:43	76.43467	76.99367	76.95577	76.51374	76.97864	76.46668	76.94301	77.02666	76.90248	76.90964	77.02289	76.90624	76.57065	76.53128
20/09/2023	12:37:46	76.43460	76.99358	76.95541	76.51353	76.97902	76.46624	76.94286	77.02689	76.90289	76.91036	77.02318	76.90696	76.57093	76.53165
20/09/2023	12:37:50	76.43465	76.99382	76.95537	76.51303	76.97862	76.46572	76.94278	77.02619	76.90238	76.90939	77.02197	76.90609	76.57024	76.53080
20/09/2023	12:37:53	76.43426	76.99302	76.95478	76.51283	76.97816	76.46628	76.94221	77.02615	76.90205	76.90950	77.02220	76.90604	76.57022	76.53099
20/09/2023	12:37:57	76.43405	76.99301	76.95465	76.51298	76.97855	76.46605	76.94231	77.02569	76.90154	76.90886	77.02167	76.90566	76.57008	76.53052
20/09/2023	12:38:01	76.43438	76.99316	76.95511	76.51284	76.97817	76.46621	76.94246	77.02620	76.90220	76.90936	77.02220	76.90628	76.57059	76.53122
20/09/2023	12:38:04	76.43436	76.99324	76.95460	76.51237	76.97800	76.46591	76.94217	77.02589	76.90201	76.90910	77.02221	76.90618	76.57035	76.53077
20/09/2023	12:38:08	76.43418	76.99306	76.95493	76.51269	76.97852	76.46632	76.94257	77.02639	76.90241	76.90964	77.02270	76.90637	76.57093	76.53136
20/09/2023	12:38:12	76.43432	76.99352	76.95498	76.51279	76.97847	76.46615	76.94246	77.02628	76.90180	76.90883	77.02232	76.90670	76.57076	76.53124
20/09/2023	12:38:15	76.43426	76.99339	76.95465	76.51269	76.97876	76.46650	76.94271	77.02622	76.90198	76.90916	77.02235	76.90617	76.57044	76.53112
20/09/2023	12:38:19	76.43384	76.99325	76.95498	76.51263	76.97870	76.46614	76.94227	77.02591	76.90202	76.90894	77.02188	76.90581	76.57021	76.53084
20/09/2023	12:38:22	76.43405	76.99267	76.95464	76.51278	76.97817	76.46592	76.94215	77.02596	76.90158	76.90884	77.02216	76.90632	76.57035	76.53101
20/09/2023	12:38:26	76.43390	76.99267	76.95452	76.51249	76.97791	76.46598	76.94218	77.02562	76.90183	76.90883	77.02187	76.90547	76.56966	76.53028
20/09/2023	12:38:30	76.43384	76.99236	76.95438	76.51241	76.97789	76.46570	76.94199	77.02558	76.90166	76.90842	77.02130	76.90578	76.56979	76.53028
20/09/2023	12:38:33	76.43394	76.99270	76.95450	76.51291	76.97831	76.46596	76.94229	77.02570	76.90200	76.90907	77.02177	76.90576	76.56990	76.53120
20/09/2023	12:38:37	76.43408	76.99269	76.95467	76.51302	76.97855	76.46585	76.94261	77.02599	76.90189	76.90902	77.02197	76.90584	76.57012	76.53113
20/09/2023	12:38:41	76.43401	76.99323	76.95531	76.51304	76.97837	76.46607	76.94203	77.02597	76.90192	76.90867	77.02208	76.90606	76.56985	76.53074
20/09/2023	12:38:44	76.43374	76.99285	76.95445	76.51268	76.97787	76.46552	76.94188	77.02564	76.90211	76.90893	77.02185	76.90576	76.57007	76.53112
20/09/2023	12:38:48	76.43391	76.99277	76.95456	76.51204	76.97796	76.46539	76.94187	77.02523	76.90168	76.90880	77.02183	76.90609	76.56977	76.53053
20/09/2023	12:38:52	76.43392	76.99266	76.95451	76.51230	76.97805	76.46530	76.94164	77.02550	76.90135	76.90846	77.02148	76.90553	76.56992	76.53052
20/09/2023	12:38:55	76.43385	76.99255	76.95447	76.51260	76.97841	76.46563	76.94209	77.02554	76.90168	76.90829	77.02188	76.90606	76.57008	76.53053
20/09/2023	12:38:59	76.43370	76.99278	76.95462	76.51264	76.97810	76.46578	76.94203	77.02545	76.90183	76.90843	77.02176	76.90602	76.57005	76.53062
20/09/2023	12:39:03	76.43321	76.99236	76.95427	76.51223	76.97783	76.46557	76.94159	77.02535	76.90160	76.90808	77.02145	76.90533	76.56947	76.53010
20/09/2023	12:39:06	76.43402	76.99244	76.95427	76.51209	76.97787	76.46563	76.94162	77.02513	76.90171	76.90840	77.02171	76.90609	76.56976	76.53036
20/09/2023	12:39:10	76.43342	76.99266	76.95441	76.51230	76.97772	76.46527	76.94187	77.02532	76.90147	76.90851	77.02165	76.90554	76.56991	76.53034
20/09/2023	12:39:13	76.43370	76.99260	76.95434	76.51206	76.97785	76.46541	76.94153	77.02560	76.90189	76.90861	77.02155	76.90553	76.56985	76.53093
20/09/2023	12:39:17	76.43361	76.99277	76.95472	76.51234	76.97826	76.46589	76.94146	77.02549	76.90169	76.90857	77.02198	76.90585	76.56986	76.53063
20/09/2023	12:39:21	76.43361	76.99274	76.95461	76.51233	76.97806	76.46593	76.94195	77.02561	76.90172	76.90856	77.02159	76.90546	76.56960	76.53033
20/09/2023	12:39:24	76.43340	76.99261	76.95434	76.51217	76.97774	76.46553	76.94157	77.02534	76.90161	76.90890	77.02131	76.90578	76.56977	76.53027
20/09/2023	12:39:28	76.43368	76.99255	76.95450	76.51257	76.97804	76.46588	76.94192	77.02533	76.90167	76.90841	77.02171	76.90553	76.56995	76.53055
20/09/2023	12:39:32	76.43357	76.99271	76.95434	76.51234	76.97837	76.46586	76.94146	77.02540	76.90183	76.90873	77.02161	76.90541	76.57009	76.53050
20/09/2023	12:39:35	76.43368	76.99243	76.95428	76.51203	76.97819	76.46541	76.94146	77.02536	76.90147	76.90842	77.02150	76.90531	76.56979	76.52997
20/09/2023	12:39:39	76.43318	76.99225	76.95400	76.51153	76.97761	76.46529	76.94163	77.02503	76.90132	76.90827	77.02158	76.90531	76.56944	76.53003
20/09/2023	12:39:43	76.43293	76.99208	76.95414	76.51201	76.97719	76.46535	76.94162	77.02534	76.90141	76.90869	77.02165	76.90569	76.56956	76.53067
20/09/2023	12:39:46	76.43353	76.99221	76.95397	76.51224	76.97783	76.46572	76.94169	77.02503	76.90143	76.90840	77.02204	76.90591	76.56997	76.53051
20/09/2023	12:39:50	76.43367	76.99247	76.95455	76.51241	76.97801	76.46566	76.94170	77.02553	76.90190	76.90845	77.02217	76.90575	76.57006	76.53046
20/09/2023	12:39:53	76.43322	76.99288	76.95441	76.51209	76.97789	76.46535	76.94161	77.02542	76.90160	76.90843	77.02169	76.90536	76.56977	76.53045
20/09/2023	12:39:57	76.43359	76.99260	76.95409	76.51215	76.97792	76.46547	76.94184	77.02580	76.90170	76.90842	77.02183	76.90525	76.56968	76.53052
20/09/2023	12:40:01	76.43362	76.99287	76.95440	76.51247	76.97807	76.46575	76.94113	77.02561	76.90116	76.90887	77.02133	76.90527	76.56954	76.53037
20/09/2023	12:40:04	76.43346	76.99224	76.95412	76.51142	76.97758	76.46579	76.94141	77.02578	76.90163	76.90857	77.02194	76.90529	76.56969	76.53023
20/09/2023	12:40:08	76.43336	76.99235	76.95406	76.51184	76.97764	76.46514	76.94147	77.02505	76.90145	76.90854	77.02201	76.90530	76.56938	76.53022
20/09/2023	12:40:12	76.43326	76.99198	76.95379	76.51145	76.97749	76.46490	76.94072	77.02459	76.90042	76.90771	77.02079	76.90429	76.56876	76.52951
20/09/2023	12:40:15	76.43258	76.99179	76.95363	76.51154	76.97772	76.46530	76.94148	77.02479	76.90121	76.90792	77.02143	76.90495	76.56971	76.53032
20/09/2023	12:40:19	76.43321	76.99212	76.95395	76.51173	76.97748	76.46506	76.94071	77.02521	76.90118	76.90804	77.02142	76.90536	76.56941	76.53029
20/09/2023	12:40:23	76.43283	76.99208	76.95395	76.51154	76.97742	76.46526	76.94130	77.02506	76.90139	76.90812	77.02087	76.90451	76.56929	76.52972
20/09/2023	12:40:26	76.43276	76.99173	76.95331	76.51123	76.97740	76.46492	76.94067	77.02481	76.90084	76.90809	77.02109	76.90446	76.56921	76.52981
20/09/2023	12:40:30	76.43307	76.99228	76.95400	76.51165	76.97748	76.46526	76.94131	77.02484	76.90139	76.90784	77.02135	76.90479	76.56959	76.52985
20/09/2023	12:40:34	76.43293	76.99147	76.95343	76.51139	76.97753	76.46505	76.94118	77.02526	76.90128	76.90857	77.02161	76.90500	76.56979	76.53046
20/09/2023	12:40:37	76.43334	76.99281	76.95421	76.51217	76.97808	76.46517	76.94145	77.02574	76.90153	76.90893	77.02172	76.90520	76.56994	76.53034
20/09/2023	12:40:41	76.43331	76.99259	76.95452	76.51227	76.97798	76.46573	76.94162	77.02555	76.90156	76.90853	77.02143	76.90504	76.56957	76.53019
20/09/2023	12:40:44	76.43308	76.99251	76.95434	76.51229	76.97817	76.46565	76.94173	77.02554	76.90154	76.90887	77.02147	76.90529	76.56996	76.53041
20/09/2023	12:40:48	76.43341	76.99231	76.95382	76.51202	76.97804	76.46552	76.94142	77.02550	76.90128	76.90856	77.02167	76.90525	76.57021	76.53032
20/09/2023	12:40:52	76.43342	76.99226	76.95376	76.51208	76.97778	76.46525	76.94163	77.02536	76.90142	76.90853	77.02155	76.90490	76.56895	76.52996
20/09/2023	12:40:55	76.43296	76.99179	76.95410	76.51151	76.97780	76.46538	76.94111	77.02509	76.90140	76.90796	77.02073	76.90462	76.56904	76.52991
20/09/2023	12:40:59	76.43256	76.99194	76.95358	76.51167	76.97722	76.46507	76.94126	77.02524	76.90134	76.90810	77.02104	76.90471	76.56933	76.52981
20/09/2023	12:41:03	76.43297	76.99231	76.95399	76.51170	76.97769	76.46492	76.94100	77.02498	76.90129	76.90753	77.02092	76.90447	76.56916	76.52968
20/09/2023	12:41:06	76.43267	76.99202	76.95352	76.51137	76.97758	76.46498	76.94140	77.02519	76.90116	76.90802	77.02097	76.90470	76.56933	76.53012
20/09/2023	12:41:10	76.43260	76.99190	76.95377	76.51120	76.97734	76.46487	76.94080	77.02527	76.90113	76.90794	77.02110	76.90454	76.56919	76.52926
20/09/2023	12:41:14	76.43269	76.99165	76.95387	76.51182	76.97796	76.46489	76.94122	77.02476	76.90093	76.90781	77.02088	76.90417	76.56875	76.52914
20/09/2023	12:41:17	76.43256	76.99124	76.95310	76.51105	76.97719	76.46443	76.94099	77.02473	76.90098	76.90774	77.02076	76.90398	76.56896	76.52972
20/09/2023	12:41:21	76.43257	76.99170	76.95315	76.51128	76.97711	76.46463	76.94094	77.02501	76.90006	76.90761	77.02064	76.90477	76.56933	76.52969
20/09/2023	12:41:24	76.43259	76.99140	76.95367	76.51110	76.97713	76.46458	76.94057	77.02494	76.90076	76.90752	77.02092	76.90497	76.56953	76.52993
20/09/2023	12:41:28	76.43269	76.99170	76.95342	76.51144	76.97736	76.46444	76.94015	77.02448	76.90071	76.90745	77.02044	76.90408	76.56881	76.52936
20/09/2023	12:41:32	76.43235	76.99136	76.95327	76.51111	76.97697	76.46476	76.94093	77.02470	76.90045	76.90764	77.02081	76.90487	76.56883	76.52978
20/09/2023	12:41:35	76.43276	76.99206	76.95397	76.51148	76.97756	76.46511	76.94060	77.02479	76.90075	76.90754	77.02097	76.90425	76.56840	76.52962
20/09/2023	12:41:39	76.43242	76.99154	76.95304	76.51118	76.97708	76.46466	76.94067	77.02430	76.90071	76.90751	77.02034	76.90437	76.56892	76.52956
20/09/2023	12:41:43	76.43250	76.99204	76.95375	76.51189	76.97796	76.46569	76.94152	77.02489	76.90119	76.90782	77.02055	76.90455	76.56911	76.52957
20/09/2023	12:41:46	76.43245	76.99147	76.95322	76.51099	76.97734	76.46463	76.94044	77.02479	76.90105	76.90783	77.02062	76.90416	76.56877	76.52986
20/09/2023	12:41:50	76.43268	76.99189	76.95349	76.51113	76.97764	76.46536	76.94114	77.02487	76.90101	76.90771	77.02067	76.90462	76.56896	76.52961
20/09/2023	12:41:53	76.43281	76.99120	76.95284	76.51104	76.97663	76.46437	76.94019	77.02434	76.90060	76.90722	77.01979	76.90385	76.56852	76.52908
20/09/2023	12:41:57	76.43189	76.99074	76.95274	76.51087	76.97712	76.46473	76.94033	77.02413	76.90023	76.90725	77.02051	76.90408	76.56844	76.52927
20/09/2023	12:42:01	76.43214	76.99114	76.95277	76.51104	76.97724	76.46426	76.94040	77.02457	76.90097	76.90746	77.02063	76.90420	76.56862	76.52903
20/09/2023	12:42:04	76.43216	76.99109	76.95298	76.51083	76.97695	76.46466	76.94049	77.02440	76.90039	76.90705	77.01984	76.90355	76.56834	76.52935
20/09/2023	12:42:08	76.43179	76.99115	76.95254	76.51013	76.97608	76.46375	76.93984	77.02376	76.90004	76.90703	77.01960	76.90367	76.56833	76.52911
20/09/2023	12:42:12	76.43211	76.99097	76.95267	76.51050	76.97688	76.46438	76.94048	77.02398	76.89995	76.90678	77.02024	76.90360	76.56792	76.52864
20/09/2023	12:42:15	76.43181	76.99092	76.95272	76.51038	76.97662	76.46426	76.94029	77.02425	76.90055	76.90730	77.02010	76.90382	76.56822	76.52876
20/09/2023	12:42:19	76.43198	76.99091	76.95250	76.51067	76.97675	76.46412	76.94016	77.02400	76.90046	76.90726	77.01995	76.90398	76.56838	76.52912
20/09/2023	12:42:22	76.43245	76.99158	76.95355	76.51063	76.97698	76.46416	76.94029	77.02427	76.90036	76.90718	77.02030	76.90413	76.56838	76.52922
20/09/2023	12:42:26	76.43243	76.99149	76.95307	76.51071	76.97670	76.46414	76.94007	77.02416	76.90007	76.90693	77.02010	76.90357	76.56842	76.52900
20/09/2023	12:42:30	76.43191	76.99097	76.95271	76.51045	76.97639	76.46434	76.94039	77.02409	76.90025	76.90667	77.01991	76.90416	76.56828	76.52897
20/09/2023	12:42:33	76.43174	76.99120	76.95314	76.51069	76.97654	76.46440	76.93970	77.02377	76.90003	76.90697	77.01943	76.90353	76.56801	76.52878
20/09/2023	12:42:37	76.43213	76.99074	76.95279	76.51022	76.97623	76.46350	76.93998	77.02370	76.89984	76.90684	77.01974	76.90384	76.56829	76.52896
20/09/2023	12:42:41	76.43160	76.99048	76.95239	76.51023	76.97635	76.46408	76.94004	77.02416	76.90051	76.90692	77.01998	76.90408	76.56835	76.52905
20/09/2023	12:42:44	76.43260	76.99100	76.95280	76.51074	76.97690	76.46428	76.94012	77.02401	76.90047	76.90686	77.01993	76.90407	76.56869	76.52884
20/09/2023	12:42:48	76.43196	76.99096	76.95273	76.51023	76.97631	76.46393	76.94001	77.02418	76.90021	76.90695	77.02026	76.90403	76.56844	76.52899
20/09/2023	12:42:52	76.43157	76.99069	76.95312	76.51089	76.97684	76.46477	76.94072	77.02408	76.90045	76.90717	77.02014	76.90399	76.56841	76.52884
20/09/2023	12:42:55	76.43191	76.99105	76.95305	76.51064	76.97673	76.46417	76.94008	77.02399	76.89986	76.90684	77.01972	76.90395	76.56835	76.52889
20/09/2023	12:42:59	76.43163	76.99079	76.95274	76.51052	76.97695	76.46411	76.93998	77.02422	76.90066	76.90712	77.01998	76.90388	76.56866	76.52924
20/09/2023	12:43:02	76.43177	76.99132	76.95271	76.51031	76.97643	76.46430	76.94044	77.02400	76.90017	76.90701	77.01968	76.90400	76.56812	76.52884
20/09/2023	12:43:06	76.43179	76.99051	76.95258	76.51040	76.97633	76.46402	76.94025	77.02419	76.89995	76.90734	77.02007	76.90383	76.56817	76.52905
20/09/2023	12:43:10	76.43145	76.99099	76.95282	76.51074	76.97649	76.46398	76.93986	77.02350	76.89978	76.90667	77.01994	76.90346	76.56755	76.52813
20/09/2023	12:43:13	76.43140	76.99055	76.95259	76.51034	76.97583	76.46390	76.93972	77.02374	76.90040	76.90686	77.02001	76.90372	76.56803	76.52805
20/09/2023	12:43:17	76.43125	76.99009	76.95244	76.51019	76.97615	76.46427	76.93975	77.02354	76.90014	76.90678	77.01970	76.90380	76.56802	76.52838
20/09/2023	12:43:20	76.43145	76.99065	76.95275	76.51059	76.97698	76.46448	76.94036	77.02421	76.90060	76.90764	77.02034	76.90411	76.56838	76.52928
20/09/2023	12:43:24	76.43221	76.99119	76.95298	76.51072	76.97718	76.46449	76.94069	77.02422	76.90058	76.90749	77.02021	76.90383	76.56866	76.52890
20/09/2023	12:43:28	76.43175	76.99083	76.95240	76.51023	76.97677	76.46404	76.94023	77.02397	76.90040	76.90698	77.02006	76.90378	76.56822	76.52936
20/09/2023	12:43:31	76.43172	76.99085	76.95271	76.51053	76.97631	76.46333	76.93957	77.02304	76.89942	76.90638	77.01919	76.90350	76.56768	76.52833
20/09/2023	12:43:35	76.43100	76.99004	76.95253	76.50983	76.97585	76.46390	76.93976	77.02339	76.89983	76.90641	77.01938	76.90294	76.56769	76.52800
20/09/2023	12:43:38	76.43099	76.99030	76.95219	76.51022	76.97643	76.46356	76.93939	77.02307	76.89921	76.90626	77.01913	76.90312	76.56776	76.52831
20/09/2023	12:43:42	76.43122	76.99007	76.95236	76.50969	76.97577	76.46346	76.93978	77.02341	76.89996	76.90668	77.01963	76.90324	76.56785	76.52826
20/09/2023	12:43:46	76.43129	76.99000	76.95243	76.51013	76.97641	76.46350	76.93967	77.02370	76.90003	76.90666	77.01922	76.90336	76.56758	76.52827
20/09/2023	12:43:49	76.43130	76.99025	76.95229	76.50978	76.97611	76.46340	76.93975	77.02369	76.89930	76.90651	77.01961	76.90339	76.56801	76.52869
20/09/2023	12:43:53	76.43139	76.99016	76.95227	76.50991	76.97607	76.46337	76.94010	77.02354	76.89971	76.90671	77.01951	76.90372	76.56778	76.52851
20/09/2023	12:43:57	76.43147	76.98998	76.95242	76.50989	76.97561	76.46361	76.93937	77.02377	76.89977	76.90659	77.01991	76.90353	76.56781	76.52845
20/09/2023	12:44:00	76.43166	76.99064	76.95254	76.50973	76.97648	76.46360	76.93981	77.02375	76.90018	76.90704	77.02012	76.90356	76.56810	76.52825
20/09/2023	12:44:04	76.43098	76.99016	76.95181	76.50974	76.97620	76.46356	76.93911	77.02317	76.89969	76.90650	77.01951	76.90302	76.56780	76.52811
20/09/2023	12:44:07	76.43119	76.99007	76.95197	76.50963	76.97602	76.46347	76.93955	77.02373	76.90011	76.90696	77.01966	76.90352	76.56781	76.52857
20/09/2023	12:44:11	76.43139	76.98989	76.95227	76.50962	76.97562	76.46348	76.93893	77.02362	76.89942	76.90619	77.01926	76.90313	76.56732	76.52766
20/09/2023	12:44:15	76.43093	76.98984	76.95171	76.50945	76.97583	76.46316	76.93892	77.02372	76.89965	76.90665	77.01959	76.90353	76.56770	76.52854
20/09/2023	12:44:18	76.43184	76.99059	76.95269	76.51045	76.97680	76.46421	76.94002	77.02359	76.89992	76.90690	77.02002	76.90341	76.56804	76.52859
20/09/2023	12:44:22	76.43179	76.99038	76.95302	76.51035	76.97681	76.46404	76.93974	77.02375	76.90011	76.90700	77.02035	76.90343	76.56828	76.52852
20/09/2023	12:44:26	76.43157	76.99051	76.95268	76.51020	76.97700	76.46454	76.94000	77.02392	76.89999	76.90707	77.01994	76.90364	76.56765	76.52841
20/09/2023	12:44:29	76.43153	76.99033	76.95300	76.51051	76.97655	76.46419	76.93962	77.02366	76.89958	76.90652	77.01988	76.90364	76.56776	76.52889
20/09/2023	12:44:33	76.43146	76.99079	76.95268	76.51009	76.97672	76.46443	76.94003	77.02358	76.89966	76.90693	77.01957	76.90342	76.56725	76.52839
20/09/2023	12:44:37	76.43127	76.99031	76.95223	76.50961	76.97654	76.46434	76.93958	77.02390	76.90024	76.90731	77.02052	76.90399	76.56814	76.52872
20/09/2023	12:44:40	76.43160	76.99027	76.95214	76.50965	76.97627	76.46370	76.93949	77.02336	76.89956	76.90646	77.01958	76.90329	76.56800	76.52858
20/09/2023	12:44:44	76.43138	76.99023	76.95202	76.51028	76.97628	76.46435	76.93987	77.02355	76.89923	76.90657	77.02005	76.90332	76.56808	76.52909
20/09/2023	12:44:47	76.43177	76.99065	76.95270	76.51032	76.97630	76.46381	76.93986	77.02390	76.90014	76.90725	77.02037	76.90388	76.56825	76.52891
20/09/2023	12:44:51	76.43169	76.99057	76.95273	76.51030	76.97700	76.46392	76.93941	77.02343	76.90005	76.90666	77.01947	76.90344	76.56793	76.52838
20/09/2023	12:44:55	76.43132	76.99035	76.95227	76.51010	76.97616	76.46380	76.93976	77.02370	76.89963	76.90647	77.01976	76.90315	76.56753	76.52836
20/09/2023	12:44:58	76.43155	76.99018	76.95241	76.50979	76.97643	76.46368	76.93953	77.02352	76.89973	76.90666	77.01958	76.90313	76.56710	76.52836
20/09/2023	12:45:02	76.43079	76.99045	76.95203	76.50995	76.97641	76.46367	76.93923	77.02324	76.89936	76.90661	77.01913	76.90299	76.56704	76.52751
20/09/2023	12:45:06	76.43085	76.98988	76.95179	76.50944	76.97603	76.46387	76.93893	77.02321	76.89917	76.90609	77.01919	76.90313	76.56761	76.52813
20/09/2023	12:45:09	76.43121	76.99007	76.95226	76.50947	76.97592	76.46377	76.93927	77.02334	76.89955	76.90641	77.01927	76.90327	76.56727	76.52824
20/09/2023	12:45:13	76.43115	76.99000	76.95229	76.50948	76.97612	76.46367	76.93952	77.02381	76.89952	76.90616	77.01910	76.90300	76.56746	76.52864
20/09/2023	12:45:17	76.43124	76.98989	76.95191	76.50952	76.97594	76.46338	76.93900	77.02301	76.89911	76.90591	77.01901	76.90283	76.56759	76.52806
20/09/2023	12:45:20	76.43128	76.99014	76.95227	76.50976	76.97593	76.46339	76.93908	77.02333	76.89942	76.90589	77.01897	76.90279	76.56773	76.52765
20/09/2023	12:45:24	76.43124	76.99026	76.95225	76.50972	76.97585	76.46348	76.93904	77.02300	76.89905	76.90604	77.01894	76.90304	76.56731	76.52753
20/09/2023	12:45:27	76.43045	76.99000	76.95180	76.50924	76.97558	76.46279	76.93878	77.02289	76.89897	76.90596	77.01919	76.90267	76.56707	76.52781
20/09/2023	12:45:31	76.43130	76.99010	76.95171	76.50991	76.97600	76.46377	76.93950	77.02323	76.89897	76.90621	77.01926	76.90317	76.56743	76.52776
20/09/2023	12:45:35	76.43059	76.98987	76.95165	76.50946	76.97560	76.46303	76.93929	77.02364	76.89970	76.90675	77.01944	76.90384	76.56738	76.52835
20/09/2023	12:45:38	76.43107	76.99007	76.95245	76.50947	76.97571	76.46357	76.93960	77.02288	76.89917	76.90641	77.01937	76.90310	76.56761	76.52826
20/09/2023	12:45:42	76.43180	76.99033	76.95274	76.50990	76.97597	76.46356	76.93977	77.02377	76.89976	76.90650	77.01951	76.90360	76.56764	76.52833
20/09/2023	12:45:46	76.43134	76.99003	76.95243	76.50947	76.97601	76.46407	76.93933	77.02331	76.89958	76.90641	77.01921	76.90274	76.56736	76.52826
20/09/2023	12:45:49	76.43131	76.99028	76.95255	76.50991	76.97645	76.46363	76.93933	77.02310	76.89968	76.90630	77.01901	76.90273	76.56744	76.52815
20/09/2023	12:45:53	76.43117	76.99013	76.95199	76.50929	76.97559	76.46374	76.93948	77.02349	76.89894	76.90599	77.01889	76.90335	76.56744	76.52816
20/09/2023	12:45:57	76.43110	76.99047	76.95246	76.50983	76.97571	76.46335	76.93857	77.02336	76.89928	76.90645	77.01928	76.90296	76.56752	76.52823
20/09/2023	12:46:00	76.43095	76.99009	76.95194	76.50926	76.97560	76.46327	76.93897	77.02315	76.89917	76.90634	77.01898	76.90266	76.56706	76.52761
20/09/2023	12:46:04	76.43074	76.98961	76.95205	76.50882	76.97532	76.46309	76.93886	77.02330	76.89905	76.90632	77.01907	76.90273	76.56746	76.52796
20/09/2023	12:46:07	76.43088	76.99010	76.95180	76.50900	76.97567	76.46334	76.93908	77.02308	76.89886	76.90566	77.01858	76.90275	76.56691	76.52720
20/09/2023	12:46:11	76.43039	76.98966	76.95176	76.50905	76.97552	76.46293	76.93868	77.02274	76.89896	76.90581	77.01895	76.90263	76.56673	76.52743
20/09/2023	12:46:15	76.43091	76.98959	76.95188	76.50924	76.97541	76.46276	76.93906	77.02314	76.89886	76.90564	77.01869	76.90253	76.56680	76.52724
20/09/2023	12:46:18	76.43003	76.98901	76.95116	76.50838	76.97487	76.46290	76.93846	77.02240	76.89848	76.90548	77.01871	76.90274	76.56680	76.52705
20/09/2023	12:46:22	76.43035	76.98889	76.95115	76.50852	76.97515	76.46239	76.93833	77.02247	76.89829	76.90545	77.01854	76.90285	76.56747	76.52764
20/09/2023	12:46:26	76.43049	76.98962	76.95182	76.50904	76.97578	76.46316	76.93839	77.02241	76.89858	76.90540	77.01845	76.90233	76.56671	76.52747
20/09/2023	12:46:29	76.43054	76.98918	76.95104	76.50833	76.97511	76.46270	76.93864	77.02265	76.89893	76.90553	77.01826	76.90234	76.56685	76.52744
20/09/2023	12:46:33	76.43073	76.98950	76.95183	76.50898	76.97533	76.46316	76.93863	77.02255	76.89840	76.90545	77.01817	76.90222	76.56649	76.52706
20/09/2023	12:46:37	76.43022	76.98951	76.95147	76.50889	76.97522	76.46278	76.93840	77.02275	76.89864	76.90555	77.01846	76.90229	76.56664	76.52706
20/09/2023	12:46:40	76.43057	76.98906	76.95163	76.50931	76.97549	76.46318	76.93904	77.02315	76.89920	76.90593	77.01826	76.90277	76.56703	76.52752
20/09/2023	12:46:44	76.43006	76.98887	76.95092	76.50880	76.97458	76.46222	76.93785	77.02241	76.89849	76.90514	77.01836	76.90224	76.56650	76.52726
20/09/2023	12:46:48	76.43049	76.98944	76.95166	76.50864	76.97531	76.46218	76.93843	77.02253	76.89842	76.90516	77.01843	76.90227	76.56644	76.52702
20/09/2023	12:46:51	76.43023	76.98906	76.95087	76.50868	76.97498	76.46242	76.93813	77.02207	76.89868	76.90534	77.01829	76.90208	76.56605	76.52670
20/09/2023	12:46:55	76.42996	76.98899	76.95077	76.50822	76.97494	76.46225	76.93786	77.02221	76.89847	76.90516	77.01800	76.90213	76.56651	76.52717
20/09/2023	12:46:58	76.43016	76.98902	76.95094	76.50853	76.97468	76.46197	76.93820	77.02250	76.89876	76.90561	77.01846	76.90233	76.56601	76.52666
20/09/2023	12:47:02	76.42936	76.98867	76.95112	76.50869	76.97504	76.46249	76.93804	77.02227	76.89769	76.90531	77.01777	76.90176	76.56601	76.52623
20/09/2023	12:47:06	76.42984	76.98903	76.95090	76.50816	76.97485	76.46246	76.93800	77.02188	76.89841	76.90517	77.01803	76.90226	76.56612	76.52704
20/09/2023	12:47:09	76.43055	76.98918	76.95134	76.50836	76.97552	76.46248	76.93816	77.02199	76.89837	76.90539	77.01786	76.90192	76.56656	76.52689
20/09/2023	12:47:13	76.43003	76.98909	76.95079	76.50830	76.97481	76.46227	76.93816	77.02207	76.89885	76.90552	77.01811	76.90227	76.56666	76.52752
20/09/2023	12:47:16	76.43007	76.98905	76.95150	76.50868	76.97527	76.46271	76.93842	77.02243	76.89885	76.90573	77.01824	76.90235	76.56676	76.52713
20/09/2023	12:47:20	76.43027	76.98953	76.95106	76.50857	76.97522	76.46276	76.93823	77.02221	76.89878	76.90514	77.01774	76.90181	76.56629	76.52674
20/09/2023	12:47:24	76.43009	76.98910	76.95083	76.50847	76.97496	76.46296	76.93831	77.02227	76.89836	76.90480	77.01836	76.90214	76.56658	76.52711
20/09/2023	12:47:27	76.42981	76.98908	76.95089	76.50830	76.97497	76.46243	76.93835	77.02204	76.89877	76.90533	77.01832	76.90216	76.56626	76.52689
20/09/2023	12:47:31	76.42982	76.98877	76.95103	76.50823	76.97476	76.46238	76.93778	77.02226	76.89852	76.90511	77.01828	76.90202	76.56675	76.52707
20/09/2023	12:47:35	76.43035	76.98962	76.95128	76.50851	76.97493	76.46251	76.93808	77.02255	76.89867	76.90529	77.01816	76.90231	76.56638	76.52744
20/09/2023	12:47:38	76.43058	76.98891	76.95107	76.50876	76.97494	76.46300	76.93855	77.02236	76.89868	76.90508	77.01800	76.90204	76.56628	76.52713
20/09/2023	12:47:42	76.43001	76.98885	76.95112	76.50833	76.97503	76.46265	76.93807	77.02205	76.89840	76.90513	77.01749	76.90182	76.56615	76.52686
20/09/2023	12:47:46	76.42956	76.98918	76.95126	76.50869	76.97519	76.46248	76.93830	77.02240	76.89812	76.90497	77.01752	76.90178	76.56620	76.52716
20/09/2023	12:47:49	76.42967	76.98857	76.95076	76.50777	76.97465	76.46227	76.93802	77.02213	76.89827	76.90556	77.01843	76.90248	76.56644	76.52692
20/09/2023	12:47:53	76.42991	76.98904	76.95122	76.50845	76.97525	76.46268	76.93818	77.02208	76.89828	76.90571	77.01804	76.90174	76.56596	76.52676
20/09/2023	12:47:56	76.43008	76.98924	76.95117	76.50873	76.97464	76.46286	76.93848	77.02229	76.89817	76.90484	77.01768	76.90209	76.56593	76.52690
20/09/2023	12:48:00	76.42986	76.98918	76.95089	76.50850	76.97476	76.46239	76.93830	77.02191	76.89814	76.90508	77.01820	76.90209	76.56645	76.52724
20/09/2023	12:48:04	76.43029	76.98913	76.95087	76.50845	76.97477	76.46231	76.93796	77.02162	76.89814	76.90505	77.01825	76.90156	76.56615	76.52717
20/09/2023	12:48:07	76.43002	76.98919	76.95103	76.50869	76.97499	76.46267	76.93826	77.02203	76.89850	76.90530	77.01778	76.90168	76.56575	76.52701
20/09/2023	12:48:11	76.42965	76.98870	76.95099	76.50832	76.97481	76.46246	76.93803	77.02176	76.89793	76.90514	77.01803	76.90190	76.56616	76.52710
20/09/2023	12:48:15	76.43019	76.98901	76.95095	76.50843	76.97483	76.46260	76.93806	77.02238	76.89829	76.90492	77.01778	76.90211	76.56616	76.52682
20/09/2023	12:48:18	76.43015	76.98886	76.95113	76.50874	76.97474	76.46226	76.93808	77.02195	76.89801	76.90469	77.01799	76.90176	76.56600	76.52679
20/09/2023	12:48:22	76.42967	76.98842	76.95037	76.50816	76.97449	76.46224	76.93833	77.02169	76.89790	76.90482	77.01778	76.90165	76.56624	76.52668
20/09/2023	12:48:25	76.43016	76.98897	76.95078	76.50830	76.97479	76.46200	76.93797	77.02208	76.89780	76.90476	77.01762	76.90185	76.56622	76.52673
20/09/2023	12:48:29	76.42975	76.98908	76.95084	76.50842	76.97477	76.46239	76.93800	77.02222	76.89845	76.90562	77.01806	76.90242	76.56676	76.52700
20/09/2023	12:48:33	76.43036	76.98920	76.95182	76.50862	76.97541	76.46275	76.93846	77.02233	76.89854	76.90548	77.01850	76.90239	76.56621	76.52680
20/09/2023	12:48:36	76.42995	76.98891	76.95118	76.50863	76.97522	76.46259	76.93853	77.02266	76.89849	76.90538	77.01833	76.90197	76.56650	76.52694
20/09/2023	12:48:40	76.42960	76.98869	76.95157	76.50889	76.97546	76.46298	76.93873	77.02248	76.89860	76.90602	77.01869	76.90193	76.56722	76.52713
20/09/2023	12:48:44	76.43050	76.98938	76.95138	76.50846	76.97504	76.46269	76.93829	77.02194	76.89802	76.90479	77.01801	76.90198	76.56595	76.52652
20/09/2023	12:48:47	76.42986	76.98850	76.95087	76.50814	76.97475	76.46241	76.93791	77.02201	76.89857	76.90541	77.01837	76.90193	76.56634	76.52666
20/09/2023	12:48:51	76.42995	76.98910	76.95078	76.50826	76.97489	76.46265	76.93825	77.02206	76.89815	76.90503	77.01796	76.90214	76.56610	76.52711
20/09/2023	12:48:54	76.43009	76.98880	76.95107	76.50879	76.97510	76.46232	76.93815	77.02221	76.89841	76.90486	77.01781	76.90196	76.56618	76.52725
20/09/2023	12:48:58	76.43015	76.98909	76.95129	76.50860	76.97485	76.46268	76.93851	77.02244	76.89840	76.90548	77.01823	76.90206	76.56654	76.52701
20/09/2023	12:49:02	76.42993	76.98871	76.95103	76.50818	76.97499	76.46274	76.93834	77.02222	76.89880	76.90513	77.01822	76.90219	76.56630	76.52682
20/09/2023	12:49:05	76.43024	76.98951	76.95126	76.50867	76.97563	76.46311	76.93897	77.02275	76.89880	76.90540	77.01859	76.90277	76.56679	76.52722
20/09/2023	12:49:09	76.43036	76.98940	76.95103	76.50814	76.97516	76.46294	76.93856	77.02239	76.89868	76.90548	77.01781	76.90224	76.56639	76.52694
20/09/2023	12:49:13	76.43026	76.98932	76.95114	76.50836	76.97478	76.46263	76.93839	77.02222	76.89841	76.90476	77.01807	76.90205	76.56619	76.52655
20/09/2023	12:49:16	76.42955	76.98848	76.95098	76.50851	76.97480	76.46251	76.93770	77.02212	76.89852	76.90523	77.01820	76.90214	76.56624	76.52724
20/09/2023	12:49:20	76.43006	76.98857	76.95123	76.50835	76.97449	76.46213	76.93811	77.02176	76.89770	76.90493	77.01797	76.90150	76.56561	76.52664
20/09/2023	12:49:24	76.42958	76.98861	76.95046	76.50815	76.97463	76.46216	76.93765	77.02188	76.89750	76.90470	77.01776	76.90152	76.56625	76.52675
20/09/2023	12:49:27	76.43030	76.98910	76.95116	76.50821	76.97442	76.46209	76.93821	77.02194	76.89812	76.90488	77.01773	76.90174	76.56612	76.52694
20/09/2023	12:49:31	76.42980	76.98858	76.95045	76.50837	76.97463	76.46229	76.93813	77.02189	76.89823	76.90483	77.01757	76.90182	76.56591	76.52638
20/09/2023	12:49:34	76.42963	76.98840	76.95075	76.50839	76.97462	76.46221	76.93784	77.02182	76.89783	76.90501	77.01763	76.90158	76.56574	76.52666
20/09/2023	12:49:38	76.42985	76.98879	76.95085	76.50818	76.97480	76.46239	76.93804	77.02189	76.89827	76.90526	77.01762	76.90184	76.56597	76.52679
20/09/2023	12:49:42	76.42976	76.98883	76.95053	76.50807	76.97460	76.46260	76.93776	77.02166	76.89812	76.90473	77.01784	76.90169	76.56607	76.52600
20/09/2023	12:49:45	76.42945	76.98832	76.95007	76.50782	76.97429	76.46176	76.93741	77.02144	76.89775	76.90426	77.01755	76.90145	76.56592	76.52609
20/09/2023	12:49:49	76.42974	76.98832	76.95048	76.50817	76.97459	76.46215	76.93791	77.02183	76.89759	76.90458	77.01766	76.90133	76.56539	76.52639
20/09/2023	12:49:53	76.42922	76.98836	76.95051	76.50780	76.97356	76.46177	76.93727	77.02135	76.89772	76.90479	77.01709	76.90152	76.56578	76.52656
20/09/2023	12:49:56	76.42920	76.98827	76.95026	76.50757	76.97418	76.46179	76.93729	77.02143	76.89778	76.90483	77.01800	76.90189	76.56593	76.52647
20/09/2023	12:50:00	76.42950	76.98886	76.95124	76.50820	76.97453	76.46227	76.93783	77.02189	76.89739	76.90451	77.01741	76.90180	76.56601	76.52625
20/09/2023	12:50:04	76.42933	76.98843	76.95041	76.50800	76.97393	76.46184	76.93751	77.02114	76.89801	76.90471	77.01783	76.90173	76.56617	76.52628
20/09/2023	12:50:07	76.42927	76.98867	76.95096	76.50830	76.97469	76.46213	76.93787	77.02189	76.89796	76.90507	77.01723	76.90144	76.56568	76.52557
20/09/2023	12:50:11	76.42946	76.98812	76.95021	76.50740	76.97408	76.46173	76.93735	77.02177	76.89766	76.90483	77.01744	76.90180	76.56560	76.52589
20/09/2023	12:50:15	76.42972	76.98915	76.95069	76.50801	76.97402	76.46177	76.93731	77.02156	76.89747	76.90477	77.01773	76.90137	76.56556	76.52619
20/09/2023	12:50:18	76.42958	76.98814	76.95076	76.50792	76.97447	76.46171	76.93735	77.02203	76.89727	76.90475	77.01738	76.90173	76.56554	76.52603
20/09/2023	12:50:22	76.42943	76.98829	76.95057	76.50797	76.97412	76.46192	76.93764	77.02140	76.89793	76.90483	77.01758	76.90104	76.56538	76.52636
20/09/2023	12:50:25	76.42918	76.98821	76.95040	76.50791	76.97428	76.46183	76.93751	77.02193	76.89779	76.90505	77.01758	76.90141	76.56596	76.52627
20/09/2023	12:50:29	76.42931	76.98841	76.95037	76.50765	76.97429	76.46179	76.93743	77.02174	76.89802	76.90453	77.01767	76.90190	76.56608	76.52645
20/09/2023	12:50:33	76.42941	76.98856	76.95041	76.50783	76.97402	76.46176	76.93726	77.02132	76.89791	76.90439	77.01715	76.90139	76.56585	76.52574
20/09/2023	12:50:36	76.42943	76.98810	76.95025	76.50775	76.97418	76.46141	76.93736	77.02105	76.89773	76.90494	77.01762	76.90160	76.56581	76.52652
20/09/2023	12:50:40	76.42986	76.98862	76.95084	76.50804	76.97453	76.46206	76.93768	77.02208	76.89796	76.90504	77.01775	76.90172	76.56589	76.52647
20/09/2023	12:50:44	76.43012	76.98887	76.95138	76.50848	76.97491	76.46220	76.93772	77.02205	76.89785	76.90497	77.01790	76.90154	76.56599	76.52659
20/09/2023	12:50:47	76.42979	76.98871	76.95069	76.50796	76.97448	76.46214	76.93794	77.02197	76.89784	76.90497	77.01758	76.90170	76.56566	76.52616
20/09/2023	12:50:51	76.42930	76.98883	76.95032	76.50776	76.97424	76.46191	76.93762	77.02162	76.89778	76.90499	77.01772	76.90189	76.56602	76.52615
20/09/2023	12:50:54	76.42960	76.98833	76.95056	76.50780	76.97479	76.46188	76.93738	77.02122	76.89728	76.90455	77.01771	76.90150	76.56556	76.52605
20/09/2023	12:50:58	76.42950	76.98798	76.95029	76.50751	76.97427	76.46217	76.93788	77.02162	76.89757	76.90466	77.01760	76.90150	76.56541	76.52601
20/09/2023	12:51:02	76.42943	76.98858	76.95073	76.50778	76.97407	76.46202	76.93780	77.02190	76.89753	76.90467	77.01740	76.90142	76.56563	76.52628
20/09/2023	12:51:05	76.42943	76.98848	76.95032	76.50749	76.97408	76.46174	76.93724	77.02140	76.89763	76.90460	77.01768	76.90115	76.56537	76.52594
20/09/2023	12:51:09	76.42905	76.98815	76.95077	76.50762	76.97429	76.46222	76.93760	77.02144	76.89736	76.90431	77.01756	76.90108	76.56471	76.52566
20/09/2023	12:51:12	76.42900	76.98831	76.95016	76.50731	76.97400	76.46149	76.93703	77.02107	76.89728	76.90432	77.01676	76.90068	76.56492	76.52558
20/09/2023	12:51:16	76.42900	76.98796	76.95024	76.50792	76.97407	76.46189	76.93729	77.02094	76.89719	76.90427	77.01744	76.90129	76.56573	76.52624
20/09/2023	12:51:20	76.42927	76.98836	76.95056	76.50803	76.97462	76.46199	76.93714	77.02141	76.89799	76.90454	77.01756	76.90113	76.56546	76.52612
20/09/2023	12:51:23	76.42935	76.98866	76.95027	76.50785	76.97427	76.46248	76.93769	77.02118	76.89779	76.90440	77.01761	76.90130	76.56499	76.52594
20/09/2023	12:51:27	76.42863	76.98792	76.94989	76.50720	76.97351	76.46107	76.93691	77.02102	76.89708	76.90399	77.01724	76.90109	76.56529	76.52570
20/09/2023	12:51:31	76.42947	76.98811	76.95017	76.50753	76.97370	76.46165	76.93722	77.02139	76.89760	76.90455	77.01740	76.90140	76.56545	76.52601
20/09/2023	12:51:34	76.42926	76.98819	76.95038	76.50756	76.97425	76.46162	76.93723	77.02136	76.89732	76.90436	77.01729	76.90112	76.56491	76.52561
20/09/2023	12:51:38	76.42895	76.98841	76.94972	76.50778	76.97356	76.46184	76.93763	77.02141	76.89703	76.90449	77.01673	76.90097	76.56465	76.52546
20/09/2023	12:51:41	76.42880	76.98755	76.94981	76.50709	76.97345	76.46145	76.93690	77.02078	76.89652	76.90384	77.01654	76.90093	76.56516	76.52574
20/09/2023	12:51:45	76.42908	76.98789	76.94984	76.50739	76.97354	76.46145	76.93704	77.02105	76.89746	76.90403	77.01748	76.90132	76.56552	76.52584
20/09/2023	12:51:49	76.42954	76.98842	76.95030	76.50773	76.97429	76.46203	76.93750	77.02115	76.89739	76.90412	77.01683	76.90116	76.56483	76.52544
20/09/2023	12:51:52	76.42913	76.98824	76.95005	76.50757	76.97375	76.46138	76.93656	77.02105	76.89710	76.90430	77.01704	76.90138	76.56511	76.52555
20/09/2023	12:51:56	76.42888	76.98823	76.94999	76.50750	76.97369	76.46168	76.93699	77.02114	76.89679	76.90456	77.01694	76.90094	76.56519	76.52578
20/09/2023	12:52:00	76.42922	76.98832	76.95033	76.50772	76.97399	76.46140	76.93696	77.02158	76.89762	76.90463	77.01736	76.90141	76.56511	76.52559
20/09/2023	12:52:03	76.42935	76.98861	76.95051	76.50792	76.97425	76.46178	76.93717	77.02124	76.89743	76.90477	77.01741	76.90113	76.56525	76.52599
20/09/2023	12:52:07	76.42908	76.98792	76.95021	76.50752	76.97359	76.46174	76.93705	77.02072	76.89707	76.90394	77.01687	76.90100	76.56496	76.52536
20/09/2023	12:52:11	76.42853	76.98778	76.94990	76.50704	76.97384	76.46162	76.93696	77.02082	76.89725	76.90423	77.01708	76.90066	76.56507	76.52563
20/09/2023	12:52:14	76.42895	76.98831	76.95047	76.50757	76.97429	76.46218	76.93732	77.02150	76.89757	76.90476	77.01766	76.90115	76.56565	76.52612
20/09/2023	12:52:18	76.42910	76.98791	76.95001	76.50744	76.97377	76.46177	76.93731	77.02132	76.89737	76.90472	77.01731	76.90122	76.56526	76.52576
20/09/2023	12:52:21	76.42922	76.98789	76.94993	76.50741	76.97389	76.46177	76.93709	77.02117	76.89748	76.90490	77.01707	76.90145	76.56545	76.52600
20/09/2023	12:52:25	76.42917	76.98820	76.95040	76.50764	76.97437	76.46190	76.93725	77.02116	76.89738	76.90451	77.01739	76.90181	76.56577	76.52579
20/09/2023	12:52:29	76.42935	76.98830	76.95028	76.50793	76.97439	76.46190	76.93758	77.02141	76.89796	76.90446	77.01724	76.90121	76.56537	76.52622
20/09/2023	12:52:32	76.42950	76.98810	76.95006	76.50757	76.97387	76.46187	76.93775	77.02136	76.89733	76.90425	77.01714	76.90091	76.56496	76.52584
20/09/2023	12:52:36	76.42870	76.98758	76.95027	76.50759	76.97423	76.46173	76.93737	77.02128	76.89731	76.90446	77.01688	76.90114	76.56488	76.52540
20/09/2023	12:52:40	76.42885	76.98809	76.94974	76.50744	76.97383	76.46125	76.93698	77.02120	76.89705	76.90426	77.01671	76.90140	76.56462	76.52561
20/09/2023	12:52:43	76.42923	76.98804	76.95011	76.50729	76.97382	76.46191	76.93731	77.02105	76.89733	76.90483	77.01734	76.90087	76.56469	76.52559
20/09/2023	12:52:47	76.42867	76.98821	76.94984	76.50758	76.97363	76.46165	76.93690	77.02066	76.89719	76.90437	77.01710	76.90094	76.56511	76.52554
20/09/2023	12:52:51	76.42860	76.98837	76.94965	76.50755	76.97419	76.46137	76.93677	77.02096	76.89726	76.90386	77.01664	76.90043	76.56455	76.52532
20/09/2023	12:52:54	76.42865	76.98743	76.94933	76.50715	76.97389	76.46116	76.93676	77.02118	76.89724	76.90375	77.01669	76.90053	76.56488	76.52536
20/09/2023	12:52:58	76.42856	76.98787	76.94969	76.50712	76.97383	76.46139	76.93699	77.02071	76.89727	76.90392	77.01687	76.90085	76.56495	76.52546
20/09/2023	12:53:01	76.42914	76.98776	76.94978	76.50697	76.97369	76.46164	76.93722	77.02105	76.89715	76.90438	77.01723	76.90078	76.56521	76.52558
20/09/2023	12:53:05	76.42877	76.98818	76.95004	76.50737	76.97403	76.46115	76.93688	77.02092	76.89727	76.90432	77.01699	76.90108	76.56500	76.52534
20/09/2023	12:53:09	76.42879	76.98791	76.94949	76.50760	76.97373	76.46132	76.93697	77.02097	76.89700	76.90428	77.01657	76.90062	76.56459	76.52555
20/09/2023	12:53:12	76.42895	76.98789	76.94979	76.50753	76.97407	76.46186	76.93685	77.02085	76.89725	76.90449	77.01724	76.90130	76.56554	76.52553
20/09/2023	12:53:16	76.42920	76.98836	76.95019	76.50732	76.97408	76.46148	76.93666	77.02097	76.89730	76.90397	77.01684	76.90096	76.56530	76.52569
20/09/2023	12:53:20	76.42873	76.98768	76.94978	76.50742	76.97399	76.46135	76.93698	77.02084	76.89721	76.90371	77.01669	76.90067	76.56514	76.52555
20/09/2023	12:53:23	76.42908	76.98784	76.94964	76.50688	76.97367	76.46162	76.93724	77.02100	76.89693	76.90444	77.01682	76.90068	76.56483	76.52509
20/09/2023	12:53:27	76.42880	76.98785	76.94945	76.50699	76.97382	76.46111	76.93707	77.02116	76.89715	76.90410	77.01688	76.90094	76.56465	76.52534
20/09/2023	12:53:30	76.42869	76.98763	76.94954	76.50685	76.97391	76.46155	76.93698	77.02039	76.89714	76.90416	77.01651	76.90073	76.56477	76.52511
20/09/2023	12:53:34	76.42858	76.98754	76.94989	76.50717	76.97369	76.46137	76.93676	77.02079	76.89733	76.90415	77.01697	76.90089	76.56475	76.52526
20/09/2023	12:53:38	76.42826	76.98788	76.94987	76.50719	76.97378	76.46131	76.93681	77.02082	76.89684	76.90412	77.01670	76.90053	76.56470	76.52550
20/09/2023	12:53:41	76.42892	76.98841	76.95046	76.50747	76.97412	76.46152	76.93726	77.02127	76.89727	76.90440	77.01680	76.90086	76.56474	76.52556
20/09/2023	12:53:45	76.42883	76.98814	76.94996	76.50711	76.97401	76.46156	76.93697	77.02120	76.89755	76.90466	77.01766	76.90094	76.56518	76.52519
20/09/2023	12:53:49	76.42896	76.98843	76.95034	76.50778	76.97420	76.46166	76.93748	77.02114	76.89725	76.90452	77.01700	76.90113	76.56485	76.52544
20/09/2023	12:53:52	76.42898	76.98806	76.95012	76.50735	76.97377	76.46123	76.93735	77.02096	76.89785	76.90475	77.01711	76.90147	76.56489	76.52556
20/09/2023	12:53:56	76.42902	76.98813	76.95021	76.50768	76.97443	76.46221	76.93761	77.02179	76.89786	76.90479	77.01740	76.90138	76.56554	76.52563
20/09/2023	12:54:00	76.42900	76.98849	76.95026	76.50828	76.97433	76.46158	76.93783	77.02177	76.89775	76.90494	77.01741	76.90095	76.56502	76.52524
20/09/2023	12:54:03	76.42904	76.98801	76.94955	76.50724	76.97377	76.46151	76.93682	77.02084	76.89737	76.90468	77.01699	76.90073	76.56480	76.52544
20/09/2023	12:54:07	76.42909	76.98816	76.94998	76.50778	76.97382	76.46158	76.93728	77.02112	76.89751	76.90482	77.01756	76.90124	76.56505	76.52603
20/09/2023	12:54:10	76.42916	76.98817	76.94998	76.50744	76.97384	76.46168	76.93697	77.02134	76.89738	76.90460	77.01725	76.90085	76.56511	76.52574
20/09/2023	12:54:14	76.42913	76.98796	76.94996	76.50751	76.97404	76.46110	76.93716	77.02111	76.89773	76.90436	77.01712	76.90109	76.56538	76.52588
20/09/2023	12:54:18	76.42922	76.98821	76.95003	76.50762	76.97368	76.46151	76.93713	77.02110	76.89739	76.90460	77.01737	76.90063	76.56461	76.52552
20/09/2023	12:54:21	76.42879	76.98791	76.94979	76.50704	76.97395	76.46117	76.93694	77.02077	76.89715	76.90430	77.01686	76.90076	76.56511	76.52533
20/09/2023	12:54:25	76.42855	76.98771	76.94970	76.50754	76.97390	76.46110	76.93717	77.02042	76.89762	76.90478	77.01731	76.90082	76.56509	76.52551
20/09/2023	12:54:28	76.42893	76.98799	76.94956	76.50669	76.97353	76.46098	76.93693	77.02090	76.89711	76.90425	77.01712	76.90095	76.56435	76.52501
20/09/2023	12:54:32	76.42878	76.98850	76.95017	76.50735	76.97344	76.46115	76.93625	77.02054	76.89665	76.90372	77.01649	76.90071	76.56459	76.52498
20/09/2023	12:54:36	76.42831	76.98760	76.94936	76.50661	76.97321	76.46118	76.93652	77.02074	76.89737	76.90428	77.01701	76.90098	76.56473	76.52529
20/09/2023	12:54:39	76.42890	76.98796	76.94962	76.50748	76.97375	76.46139	76.93694	77.02098	76.89724	76.90450	77.01680	76.90053	76.56494	76.52528
20/09/2023	12:54:43	76.42873	76.98771	76.94957	76.50714	76.97344	76.46125	76.93671	77.02067	76.89678	76.90408	77.01667	76.90073	76.56504	76.52504
20/09/2023	12:54:47	76.42889	76.98788	76.94983	76.50735	76.97368	76.46124	76.93658	77.02090	76.89755	76.90461	77.01687	76.90088	76.56515	76.52555
20/09/2023	12:54:50	76.42910	76.98842	76.95009	76.50715	76.97377	76.46145	76.93730	77.02121	76.89742	76.90457	77.01699	76.90115	76.56528	76.52556
20/09/2023	12:54:54	76.42887	76.98742	76.94942	76.50711	76.97370	76.46138	76.93687	77.02042	76.89698	76.90377	77.01661	76.90062	76.56466	76.52477
20/09/2023	12:54:58	76.42844	76.98753	76.94909	76.50629	76.97322	76.46051	76.93642	77.02020	76.89644	76.90373	77.01694	76.90047	76.56427	76.52507
20/09/2023	12:55:01	76.42860	76.98790	76.94915	76.50708	76.97349	76.46077	76.93658	77.02094	76.89655	76.90391	77.01655	76.90071	76.56468	76.52512
20/09/2023	12:55:05	76.42910	76.98798	76.95008	76.50751	76.97386	76.46162	76.93725	77.02143	76.89743	76.90431	77.01746	76.90126	76.56479	76.52536
20/09/2023	12:55:08	76.42914	76.98797	76.94991	76.50708	76.97414	76.46164	76.93743	77.02143	76.89754	76.90454	77.01746	76.90117	76.56505	76.52558
20/09/2023	12:55:12	76.42961	76.98820	76.95032	76.50765	76.97373	76.46096	76.93714	77.02081	76.89764	76.90428	77.01690	76.90121	76.56481	76.52549
20/09/2023	12:55:16	76.42902	76.98789	76.94977	76.50711	76.97356	76.46155	76.93704	77.02139	76.89746	76.90435	77.01718	76.90092	76.56474	76.52526
20/09/2023	12:55:19	76.42872	76.98763	76.94911	76.50688	76.97338	76.46073	76.93653	77.02081	76.89680	76.90401	77.01676	76.90070	76.56495	76.52492
20/09/2023	12:55:23	76.42839	76.98780	76.94962	76.50736	76.97397	76.46142	76.93706	77.02113	76.89719	76.90454	77.01694	76.90107	76.56473	76.52502
20/09/2023	12:55:27	76.42866	76.98763	76.95013	76.50704	76.97352	76.46123	76.93708	77.02061	76.89673	76.90388	77.01682	76.90091	76.56467	76.52527
20/09/2023	12:55:30	76.42864	76.98772	76.94887	76.50667	76.97340	76.46096	76.93678	77.02076	76.89698	76.90406	77.01699	76.90125	76.56455	76.52509
20/09/2023	12:55:34	76.42863	76.98732	76.94955	76.50711	76.97379	76.46133	76.93684	77.02070	76.89704	76.90437	77.01703	76.90107	76.56473	76.52483
20/09/2023	12:55:37	76.42875	76.98791	76.94937	76.50727	76.97363	76.46136	76.93683	77.02110	76.89763	76.90423	77.01698	76.90060	76.56462	76.52489
20/09/2023	12:55:41	76.42865	76.98756	76.94956	76.50701	76.97322	76.46102	76.93660	77.02055	76.89715	76.90427	77.01674	76.90019	76.56467	76.52513
20/09/2023	12:55:45	76.42879	76.98742	76.94920	76.50680	76.97370	76.46121	76.93682	77.02119	76.89705	76.90449	77.01679	76.90085	76.56432	76.52507
20/09/2023	12:55:48	76.42871	76.98777	76.94941	76.50684	76.97325	76.46113	76.93675	77.02098	76.89651	76.90403	77.01652	76.90075	76.56475	76.52485
20/09/2023	12:55:52	76.42858	76.98742	76.94955	76.50722	76.97364	76.46101	76.93675	77.02086	76.89712	76.90418	77.01730	76.90123	76.56499	76.52537
20/09/2023	12:55:56	76.42904	76.98835	76.95006	76.50738	76.97366	76.46144	76.93722	77.02105	76.89753	76.90477	77.01689	76.90134	76.56468	76.52591
20/09/2023	12:55:59	76.42908	76.98801	76.94984	76.50672	76.97319	76.46122	76.93687	77.02069	76.89688	76.90387	77.01662	76.90049	76.56468	76.52442
20/09/2023	12:56:03	76.42832	76.98743	76.94944	76.50659	76.97377	76.46115	76.93659	77.02067	76.89679	76.90449	77.01712	76.90113	76.56438	76.52496
20/09/2023	12:56:06	76.42880	76.98803	76.95006	76.50759	76.97386	76.46135	76.93716	77.02074	76.89740	76.90406	77.01679	76.90079	76.56450	76.52526
20/09/2023	12:56:10	76.42880	76.98777	76.94986	76.50694	76.97388	76.46144	76.93695	77.02099	76.89704	76.90442	77.01674	76.90078	76.56467	76.52509
20/09/2023	12:56:14	76.42899	76.98843	76.94980	76.50723	76.97407	76.46153	76.93739	77.02123	76.89789	76.90466	77.01720	76.90104	76.56514	76.52573
20/09/2023	12:56:17	76.42911	76.98837	76.95000	76.50748	76.97405	76.46131	76.93715	77.02117	76.89729	76.90477	77.01720	76.90114	76.56478	76.52522
20/09/2023	12:56:21	76.42918	76.98813	76.95025	76.50711	76.97390	76.46186	76.93687	77.02115	76.89768	76.90396	77.01694	76.90059	76.56404	76.52458
20/09/2023	12:56:25	76.42792	76.98660	76.94876	76.50600	76.97284	76.46025	76.93587	77.02025	76.89661	76.90379	77.01603	76.89995	76.56362	76.52407
20/09/2023	12:56:28	76.42762	76.98670	76.94907	76.50625	76.97257	76.45994	76.93588	77.01978	76.89614	76.90305	77.01602	76.90032	76.56374	76.52430
20/09/2023	12:56:32	76.42818	76.98725	76.94926	76.50685	76.97311	76.46104	76.93721	77.02051	76.89682	76.90391	77.01657	76.90041	76.56398	76.52453
20/09/2023	12:56:35	76.42804	76.98713	76.94900	76.50656	76.97326	76.46090	76.93646	77.02012	76.89675	76.90447	77.01694	76.90057	76.56457	76.52483
20/09/2023	12:56:39	76.42841	76.98672	76.94887	76.50625	76.97299	76.46047	76.93616	77.02033	76.89671	76.90392	77.01650	76.90057	76.56458	76.52466
20/09/2023	12:56:43	76.42835	76.98716	76.94926	76.50639	76.97322	76.46081	76.93676	77.02040	76.89704	76.90365	77.01642	76.90036	76.56450	76.52501
20/09/2023	12:56:46	76.42867	76.98767	76.94939	76.50696	76.97324	76.46084	76.93659	77.02065	76.89732	76.90417	77.01673	76.90069	76.56462	76.52481
20/09/2023	12:56:50	76.42854	76.98712	76.94971	76.50710	76.97326	76.46108	76.93659	77.02071	76.89713	76.90406	77.01710	76.90102	76.56484	76.52514
20/09/2023	12:56:53	76.42887	76.98778	76.94972	76.50737	76.97301	76.46090	76.93697	77.02094	76.89701	76.90445	77.01693	76.90089	76.56444	76.52542
20/09/2023	12:56:57	76.42839	76.98750	76.94929	76.50694	76.97353	76.46083	76.93683	77.02090	76.89733	76.90452	77.01694	76.90060	76.56449	76.52480
20/09/2023	12:57:01	76.42862	76.98785	76.94918	76.50675	76.97289	76.46082	76.93649	77.02038	76.89693	76.90354	77.01636	76.90053	76.56417	76.52436
20/09/2023	12:57:04	76.42817	76.98735	76.94925	76.50644	76.97321	76.46120	76.93644	77.02075	76.89703	76.90384	77.01672	76.90042	76.56399	76.52478
20/09/2023	12:57:08	76.42855	76.98745	76.94916	76.50668	76.97305	76.46075	76.93682	77.02052	76.89675	76.90383	77.01687	76.90036	76.56447	76.52470
20/09/2023	12:57:12	76.42866	76.98767	76.94907	76.50663	76.97346	76.46086	76.93599	77.02051	76.89676	76.90362	77.01616	76.90054	76.56417	76.52441
20/09/2023	12:57:15	76.42780	76.98683	76.94870	76.50596	76.97289	76.46045	76.93631	77.02070	76.89672	76.90331	77.01623	76.90014	76.56373	76.52458
20/09/2023	12:57:19	76.42841	76.98727	76.94914	76.50688	76.97285	76.46073	76.93621	77.02037	76.89662	76.90369	77.01650	76.90039	76.56446	76.52493
20/09/2023	12:57:23	76.42862	76.98762	76.94934	76.50712	76.97359	76.46110	76.93704	77.02075	76.89732	76.90405	77.01685	76.90082	76.56437	76.52454
20/09/2023	12:57:26	76.42844	76.98775	76.94973	76.50672	76.97362	76.46106	76.93663	77.02055	76.89698	76.90396	77.01663	76.90092	76.56454	76.52458
20/09/2023	12:57:30	76.42864	76.98769	76.94942	76.50693	76.97338	76.46074	76.93613	77.02037	76.89693	76.90358	77.01660	76.90030	76.56426	76.52512
20/09/2023	12:57:34	76.42846	76.98694	76.94878	76.50649	76.97261	76.46069	76.93639	77.02017	76.89670	76.90323	77.01646	76.90001	76.56382	76.52455
20/09/2023	12:57:37	76.42854	76.98722	76.94917	76.50666	76.97310	76.46081	76.93637	77.02041	76.89687	76.90399	77.01652	76.90046	76.56432	76.52455
20/09/2023	12:57:41	76.42873	76.98777	76.94935	76.50706	76.97352	76.46098	76.93696	77.02073	76.89694	76.90363	77.01614	76.90040	76.56392	76.52467
20/09/2023	12:57:44	76.42800	76.98698	76.94910	76.50633	76.97297	76.46060	76.93616	77.02022	76.89688	76.90393	77.01603	76.90019	76.56394	76.52416
20/09/2023	12:57:48	76.42803	76.98746	76.94931	76.50674	76.97287	76.46039	76.93612	77.01997	76.89641	76.90385	77.01606	76.90058	76.56352	76.52455
20/09/2023	12:57:52	76.42833	76.98732	76.94930	76.50663	76.97339	76.46103	76.93678	77.02085	76.89758	76.90437	77.01638	76.90070	76.56399	76.52479
20/09/2023	12:57:55	76.42823	76.98753	76.94939	76.50703	76.97307	76.46092	76.93704	77.02109	76.89752	76.90405	77.01641	76.90073	76.56430	76.52448
20/09/2023	12:57:59	76.42841	76.98718	76.94933	76.50667	76.97325	76.46079	76.93647	77.02038	76.89630	76.90354	77.01655	76.90063	76.56430	76.52444
20/09/2023	12:58:03	76.42794	76.98730	76.94904	76.50673	76.97294	76.46072	76.93664	77.02037	76.89711	76.90407	77.01645	76.90069	76.56411	76.52505
20/09/2023	12:58:06	76.42855	76.98740	76.94945	76.50678	76.97337	76.46099	76.93694	77.02048	76.89691	76.90381	77.01638	76.89988	76.56442	76.52458
20/09/2023	12:58:10	76.42796	76.98694	76.94870	76.50625	76.97282	76.46051	76.93644	77.02051	76.89665	76.90404	77.01624	76.90011	76.56371	76.52438
20/09/2023	12:58:14	76.42815	76.98720	76.94897	76.50656	76.97291	76.46041	76.93600	77.01994	76.89677	76.90325	77.01616	76.89995	76.56343	76.52388
20/09/2023	12:58:17	76.42788	76.98659	76.94915	76.50597	76.97279	76.46054	76.93605	77.02003	76.89626	76.90331	77.01587	76.89994	76.56312	76.52396
20/09/2023	12:58:21	76.42787	76.98707	76.94884	76.50672	76.97292	76.46049	76.93649	77.02038	76.89682	76.90360	77.01621	76.90029	76.56397	76.52423
20/09/2023	12:58:24	76.42809	76.98669	76.94890	76.50605	76.97328	76.46034	76.93624	77.02003	76.89707	76.90376	77.01622	76.90009	76.56395	76.52439
20/09/2023	12:58:28	76.42800	76.98735	76.94934	76.50664	76.97327	76.46074	76.93666	77.02012	76.89670	76.90375	77.01641	76.90032	76.56425	76.52427
20/09/2023	12:58:32	76.42821	76.98714	76.94912	76.50681	76.97304	76.46052	76.93605	77.02040	76.89670	76.90373	77.01673	76.90063	76.56427	76.52465
20/09/2023	12:58:35	76.42878	76.98763	76.94904	76.50681	76.97358	76.46083	76.93649	77.02045	76.89728	76.90388	77.01637	76.90043	76.56387	76.52449
20/09/2023	12:58:39	76.42848	76.98739	76.94949	76.50661	76.97325	76.46065	76.93685	77.02058	76.89747	76.90382	77.01635	76.90062	76.56418	76.52467
20/09/2023	12:58:43	76.42839	76.98733	76.94904	76.50622	76.97339	76.46059	76.93681	77.02053	76.89684	76.90369	77.01635	76.90013	76.56364	76.52386
20/09/2023	12:58:46	76.42822	76.98681	76.94885	76.50600	76.97279	76.46052	76.93624	77.02013	76.89669	76.90434	77.01693	76.90063	76.56412	76.52440
20/09/2023	12:58:50	76.42859	76.98711	76.94903	76.50596	76.97316	76.46061	76.93642	77.02044	76.89654	76.90367	77.01625	76.90057	76.56364	76.52394
20/09/2023	12:58:54	76.42828	76.98742	76.94878	76.50653	76.97307	76.46051	76.93699	77.02068	76.89722	76.90399	77.01637	76.90061	76.56405	76.52469
20/09/2023	12:58:57	76.42881	76.98753	76.94930	76.50662	76.97353	76.46092	76.93671	77.02068	76.89717	76.90413	77.01644	76.90045	76.56403	76.52440
20/09/2023	12:59:01	76.42859	76.98755	76.94934	76.50655	76.97350	76.46057	76.93617	77.02069	76.89705	76.90365	77.01648	76.90016	76.56411	76.52422
20/09/2023	12:59:04	76.42868	76.98705	76.94932	76.50662	76.97332	76.46103	76.93692	77.02038	76.89681	76.90362	77.01581	76.90024	76.56363	76.52435
20/09/2023	12:59:08	76.42780	76.98729	76.94874	76.50616	76.97305	76.46096	76.93661	77.02057	76.89669	76.90392	77.01608	76.89996	76.56379	76.52409
20/09/2023	12:59:12	76.42835	76.98682	76.94860	76.50650	76.97309	76.45999	76.93571	77.02031	76.89651	76.90324	77.01577	76.89991	76.56365	76.52408
20/09/2023	12:59:15	76.42829	76.98718	76.94915	76.50635	76.97313	76.46050	76.93612	77.02016	76.89679	76.90338	77.01620	76.90033	76.56439	76.52474
20/09/2023	12:59:19	76.42846	76.98783	76.94944	76.50724	76.97387	76.46089	76.93658	77.02045	76.89694	76.90373	77.01678	76.90062	76.56440	76.52490
20/09/2023	12:59:23	76.42849	76.98731	76.94933	76.50669	76.97363	76.46100	76.93673	77.02063	76.89714	76.90413	77.01725	76.90052	76.56429	76.52462
20/09/2023	12:59:26	76.42874	76.98739	76.94927	76.50671	76.97324	76.46099	76.93652	77.02077	76.89709	76.90393	77.01634	76.90055	76.56444	76.52421
