7/29/2025	4:45:17 PM	77.04909	77.13929	77.07979	76.60158	77.08847	76.60015	76.66205	76.63467	76.60115	76.64256	76.61766	76.63923	76.59450	76.60191
7/29/2025	4:45:20 PM	77.04930	77.13931	77.08072	76.60297	77.08846	76.60098	76.66301	76.63616	76.60271	76.64672	76.61923	76.64402	76.59594	76.60450
7/29/2025	4:45:24 PM	77.05977	77.14075	77.08220	76.60380	77.09077	76.60069	76.66253	76.63901	76.60659	76.65528	76.62839	76.65174	76.60142	76.60939
7/29/2025	4:45:28 PM	77.06723	77.15433	77.08657	76.60699	77.10128	76.60112	76.66376	76.64302	76.61555	76.66466	76.63694	76.65819	76.61557	76.62558
7/29/2025	4:45:31 PM	77.12247	77.17062	77.10076	76.62349	77.11016	76.60318	76.67595	76.66182	76.63447	76.69765	76.67734	76.69521	76.62984	76.63940
7/29/2025	4:45:35 PM	77.10657	77.19507	77.16242	76.67679	77.15440	76.64208	76.69555	76.67590	76.64275	76.68084	76.67207	76.69962	76.67459	76.66700
7/29/2025	4:45:38 PM	77.11989	77.23015	77.23098	76.74581	77.24103	76.69827	76.71705	76.69574	76.65572	76.69127	76.67226	76.71134	76.72128	76.69275
7/29/2025	4:45:42 PM	77.14590	77.27975	77.20544	76.72150	77.21832	76.69863	76.73788	76.71432	76.68675	76.72845	76.73187	76.76213	76.70322	76.71201
7/29/2025	4:45:46 PM	77.18157	77.26370	77.21093	76.74170	77.23236	76.72102	76.77572	76.74250	76.71264	76.75403	76.75208	76.77878	76.75029	76.73144
7/29/2025	4:45:49 PM	77.18706	77.29367	77.24647	76.78852	77.29602	76.75399	76.81167	76.76501	76.75087	76.79516	76.77921	76.78614	76.75711	76.76511
7/29/2025	4:45:53 PM	77.21492	77.31272	77.25650	76.78389	77.30604	76.75288	76.85526	76.81297	76.78705	76.80293	76.79293	76.82267	76.78169	76.78125
7/29/2025	4:45:56 PM	77.24665	77.32750	77.26345	76.77623	77.28322	76.78116	76.85170	76.82805	76.80746	76.82442	76.80547	76.83595	76.79847	76.80022
7/29/2025	4:46:00 PM	77.24520	77.33254	77.26632	76.78885	77.28442	76.80014	76.87285	76.84377	76.83368	76.83627	76.81400	76.83838	76.81805	76.81271
7/29/2025	4:46:03 PM	77.24726	77.33650	77.27311	76.79873	77.29458	76.82814	76.88707	76.86569	76.83853	76.85600	76.83974	76.84300	76.83240	76.84067
7/29/2025	4:46:07 PM	77.25491	77.34138	77.28400	76.81964	77.31036	76.84837	76.88771	76.87055	76.84805	76.86735	76.85031	76.84954	76.84076	76.84431
7/29/2025	4:46:11 PM	77.26446	77.35946	77.29858	76.82562	77.31479	76.86495	76.90628	76.88715	76.84874	76.87667	76.85099	76.86851	76.84429	76.84925
7/29/2025	4:46:14 PM	77.27897	77.37812	77.31234	76.85353	77.34228	76.85720	76.91701	76.88916	76.84888	76.88699	76.85905	76.88653	76.84404	76.85499
7/29/2025	4:46:18 PM	77.31152	77.39029	77.34023	76.86239	77.34577	76.86865	76.92877	76.89063	76.87795	76.89547	76.87773	76.89369	76.86418	76.87468
7/29/2025	4:46:22 PM	77.31782	77.39411	77.33798	76.89729	77.36883	76.88896	76.94828	76.91797	76.89149	76.92092	76.91540	76.92352	76.87323	76.88780
7/29/2025	4:46:25 PM	77.32205	77.40178	77.35923	76.91147	77.38145	76.90259	76.95819	76.92998	76.89935	76.94207	76.92101	76.93438	76.88099	76.89719
7/29/2025	4:46:29 PM	77.32985	77.41201	77.37647	76.89873	77.39559	76.91083	76.97141	76.92854	76.90147	76.94914	76.92099	76.94284	76.87895	76.89898
7/29/2025	4:46:32 PM	77.33425	77.42053	77.37703	76.91596	77.42662	76.91720	76.97173	76.93595	76.90236	76.94494	76.92020	76.94583	76.88489	76.90120
7/29/2025	4:46:36 PM	77.34084	77.42710	77.40356	76.93484	77.43152	76.92479	76.97742	76.94583	76.89791	76.94714	76.92324	76.95498	76.89693	76.90663
7/29/2025	4:46:40 PM	77.34957	77.43015	77.41709	76.93680	77.44169	76.93816	76.99502	76.94627	76.90031	76.94974	76.93591	76.97059	76.90317	76.91419
7/29/2025	4:46:43 PM	77.36957	77.45444	77.40176	76.95217	77.43139	76.93620	76.98379	76.94753	76.90630	76.94978	76.94597	76.99465	76.90115	76.91555
7/29/2025	4:46:47 PM	77.37742	77.46222	77.39940	76.93458	77.39703	76.90975	76.96860	76.94409	76.88450	76.94173	76.96174	77.00022	76.90665	76.89891
7/29/2025	4:46:50 PM	77.40644	77.48181	77.42962	76.93872	77.41975	76.92674	76.99451	76.96624	76.92820	76.98087	76.94966	77.02196	76.92810	76.97723
7/29/2025	4:46:54 PM	77.38308	77.47999	77.42912	76.99886	77.52063	77.03924	77.10891	77.02456	76.97373	77.00649	76.96984	76.98845	76.96543	76.96822
7/29/2025	4:46:58 PM	77.42663	77.53622	77.48148	77.04390	77.55419	77.04943	77.15992	77.07806	77.04569	77.06548	76.99161	77.02023	77.00793	77.00792
7/29/2025	4:47:01 PM	77.45488	77.67758	77.58189	77.29912	77.70998	77.13856	77.06926	77.02211	77.11013	77.17161	76.93204	76.88030	76.83440	76.93560
7/29/2025	4:47:05 PM	77.23678	77.30352	77.24478	76.79105	77.28895	76.79645	76.86942	76.88341	76.91366	76.99797	76.90844	76.88694	76.77178	76.85678
7/29/2025	4:47:08 PM	77.23965	77.31357	77.26498	76.79222	77.31428	76.79096	76.83919	76.87369	76.88100	76.97852	76.87647	76.90250	76.75815	76.79005
7/29/2025	4:47:12 PM	77.26543	77.36900	77.38469	76.92168	77.35760	76.79291	76.87859	76.92191	76.94030	76.98098	76.92597	76.97118	76.81670	76.87023
7/29/2025	4:47:16 PM	77.30788	77.40963	77.39198	76.94940	77.37077	76.89946	76.92895	76.93312	76.95114	76.99914	76.95917	76.96603	76.87221	76.90392
7/29/2025	4:47:19 PM	77.30312	77.42251	77.42736	76.97365	77.45619	76.88237	76.94390	76.96364	76.93884	76.97425	76.97537	77.00491	76.92130	76.89067
7/29/2025	4:47:23 PM	77.30732	77.43422	77.44041	76.96917	77.42676	76.94584	77.00454	76.95175	76.91716	76.98243	76.93721	76.97410	76.90889	76.92119
7/29/2025	4:47:26 PM	77.30973	77.40541	77.37454	76.99555	77.43512	76.95169	77.01251	77.05188	76.96259	77.00218	76.97476	76.96360	76.96221	76.93227
7/29/2025	4:47:30 PM	77.33230	77.45602	77.44239	76.97635	77.47304	76.99913	77.05189	77.00140	76.96177	77.01208	76.96547	76.96886	76.98311	76.96503
7/29/2025	4:47:34 PM	77.38054	77.47189	77.47380	77.00797	77.47628	77.00394	77.04281	77.01453	76.96569	77.01891	76.97602	76.98200	77.01595	76.97493
7/29/2025	4:47:37 PM	77.39799	77.51028	77.53488	77.01808	77.50142	77.00917	77.07941	77.05133	76.98955	77.01224	76.97152	77.00501	77.12543	77.01340
7/29/2025	4:47:41 PM	77.41180	77.60930	77.64129	77.08585	77.57172	77.05213	77.09592	77.05889	76.99312	77.03701	77.00519	77.00476	77.13697	77.03209
7/29/2025	4:47:44 PM	77.45533	77.75111	77.69504	77.13394	77.58182	77.10534	77.18960	77.12490	77.05244	77.08066	77.01600	77.01223	76.94199	76.93252
7/29/2025	4:47:48 PM	77.23634	77.38615	77.35146	76.88962	77.33674	76.85941	77.00144	76.91590	76.80774	76.82707	76.79568	76.79660	76.77133	76.78007
7/29/2025	4:47:52 PM	77.19574	77.31443	77.30979	76.87951	77.29446	76.77411	76.86599	76.83246	76.77839	76.81320	76.77079	76.78131	76.72340	76.72460
7/29/2025	4:47:55 PM	77.19391	77.27284	77.28990	76.76634	77.21840	76.74497	76.81237	76.83451	76.81471	76.83739	76.76662	76.82030	76.68708	76.71359
7/29/2025	4:47:59 PM	77.21235	77.22430	77.20121	76.70110	77.17256	76.66234	76.72372	76.69856	76.72373	76.79660	76.76433	76.77564	76.66678	76.67762
7/29/2025	4:48:02 PM	77.14749	77.22565	77.16625	76.71484	77.20312	76.67518	76.70716	76.68896	76.67313	76.72922	76.74856	76.84831	76.66739	76.68161
7/29/2025	4:48:06 PM	77.31561	77.36242	77.22825	76.70626	77.23451	76.68499	76.71997	76.69181	76.67323	76.76506	76.79551	76.87185	76.65752	76.69658
7/29/2025	4:48:10 PM	77.42910	77.39205	77.20680	76.70421	77.19112	76.65450	76.71448	76.69595	76.68516	76.76092	76.75684	76.80326	76.66050	76.69256
7/29/2025	4:48:13 PM	77.27611	77.26222	77.21165	76.69762	77.19025	76.67274	76.70808	76.69262	76.67653	76.78432	76.79135	76.88978	76.66740	76.68983
7/29/2025	4:48:17 PM	77.27891	77.34250	77.27294	76.72544	77.25635	76.71351	76.72953	76.69777	76.68646	76.76146	76.80020	76.86220	76.66986	76.70023
7/29/2025	4:48:20 PM	77.20649	77.29924	77.30644	76.76001	77.25647	76.70461	76.72392	76.69820	76.68152	76.74996	76.71230	76.74428	76.66594	76.68046
7/29/2025	4:48:24 PM	77.16870	77.29114	77.21926	76.68749	77.18902	76.68934	76.71615	76.68051	76.65413	76.70880	76.70728	76.73981	76.78734	76.76273
7/29/2025	4:48:28 PM	77.13906	77.27566	77.22697	76.80415	77.40216	76.67163	76.77748	76.74774	76.66258	76.69157	63.84051	76.72038	76.72258	76.70110
7/29/2025	4:48:31 PM	77.14119	77.20805	77.15905	76.69924	77.16951	76.65054	76.71142	76.67611	76.66290	76.77264	76.69138	76.69184	76.62267	76.62713
7/29/2025	4:48:35 PM	77.16453	77.17719	77.13678	76.64191	77.12602	76.62270	76.68686	76.67005	76.64600	76.68258	76.66404	76.74050	76.63247	76.63572
7/29/2025	4:48:38 PM	77.09078	77.19839	77.17290	76.67602	77.13040	76.63016	76.69236	76.68185	76.52860	76.57194	76.54824	76.57524	76.63263	76.52894
7/29/2025	4:48:42 PM	76.97793	77.05869	77.04589	76.63746	77.12920	76.60876	76.58086	76.56422	76.53930	76.58187	76.54936	76.57198	76.51447	76.53018
7/29/2025	4:48:46 PM	76.97967	77.06095	76.99775	76.51491	77.06164	76.51384	76.57871	76.56278	76.53600	76.58065	76.55165	76.57417	76.51530	76.53051
7/29/2025	4:48:49 PM	76.98312	77.06422	76.99955	76.51640	77.00611	76.51448	76.58101	76.56680	76.53660	76.58162	76.55411	76.57774	76.51773	76.53503
7/29/2025	4:48:53 PM	76.98573	77.06691	77.00426	76.52168	77.00693	76.51717	76.58618	76.56942	76.54009	76.58884	76.55764	76.58158	76.52263	76.53759
7/29/2025	4:48:56 PM	76.98808	77.06961	77.00723	76.52517	77.01204	76.52299	76.58935	76.57253	76.54284	76.70793	76.59023	76.68666	76.52576	76.54140
7/29/2025	4:49:00 PM	76.99576	77.07367	77.00990	76.52914	77.01808	76.52539	76.59158	76.57485	76.54562	77.24476	76.84174	77.06721	76.52938	76.54602
7/29/2025	4:49:04 PM	77.01230	77.07653	77.01388	76.53213	77.02020	76.52846	76.59437	76.57969	76.55728	78.64220	78.06359	77.59686	76.54477	76.55647
7/29/2025	4:49:07 PM	77.10235	77.17600	77.14097	76.62330	77.08342	76.57428	76.63625	76.63746	76.69656	81.14145	81.69905	78.53700	76.58727	76.60775
7/29/2025	4:49:11 PM	77.29097	77.11939	77.05264	76.57684	77.06227	76.55582	76.61521	76.59843	77.02159	84.25886	85.82906	80.34740	76.56184	76.58764
7/29/2025	4:49:14 PM	77.57828	77.10236	77.03979	76.55842	77.04627	76.55002	76.61308	76.59843	78.77918	87.77483	88.92768	81.60081	76.55737	76.62125
7/29/2025	4:49:18 PM	78.51987	77.09927	77.04057	76.55816	77.04463	76.55235	76.61754	76.60274	81.02247	90.68515	91.31181	82.94893	76.56039	76.72691
7/29/2025	4:49:22 PM	81.27159	77.10592	77.04456	76.56311	77.04569	76.55594	76.62519	76.61775	82.77428	92.88126	93.83700	86.94741	76.56963	76.96118
7/29/2025	4:49:25 PM	83.75784	77.12286	77.06235	76.57320	77.05530	76.56692	76.64291	76.70073	84.44840	94.78543	95.76826	90.94524	76.59076	77.62818
7/29/2025	4:49:29 PM	85.71321	77.16191	77.12382	76.60280	77.07848	76.59596	76.68971	76.97613	86.52055	97.37539	98.23498	94.67398	76.87070	80.82801
7/29/2025	4:49:32 PM	89.30570	77.38115	77.51911	76.68257	77.14808	76.68056	76.82644	80.16513	90.51174	101.41330	102.25186	99.45790	80.56307	85.90539
7/29/2025	4:49:36 PM	93.76960	80.72889	78.77036	77.16714	77.25693	77.06702	80.80845	85.93416	95.32827	105.24171	107.44763	104.82295	86.20379	92.59942
7/29/2025	4:49:40 PM	98.47137	86.45243	82.52029	78.52211	78.15718	79.30971	87.28046	90.82843	99.97133	109.04267	113.11952	110.44108	91.25750	98.39324
7/29/2025	4:49:43 PM	104.03444	91.74168	82.61612	84.28798	79.52040	82.87455	92.42218	94.71002	104.22880	112.72392	118.68857	116.54315	96.68395	103.57764
7/29/2025	4:49:47 PM	109.45358	97.32020	84.03582	89.98829	86.78854	85.31225	97.24861	98.12164	108.51523	116.56434	123.77171	121.58710	100.88025	107.66101
7/29/2025	4:49:51 PM	114.34685	104.14665	93.70623	95.31364	93.69121	89.30020	101.97413	105.01698	112.77650	120.58175	126.69046	124.21910	105.70614	111.78026
7/29/2025	4:49:54 PM	116.98794	108.25423	100.67081	99.90627	97.76260	95.79031	104.95823	109.28331	116.05974	124.02266	130.89261	128.42012	108.65033	115.11877
7/29/2025	4:49:58 PM	120.30039	112.04397	105.23027	102.66187	100.51504	99.95439	107.69603	113.00887	119.46445	127.47290	134.60178	131.99421	111.33852	118.10903
7/29/2025	4:50:02 PM	123.15731	115.10358	108.91925	105.32329	102.97796	103.33197	110.51380	116.30619	122.71673	131.02219	138.31145	135.61514	113.93869	121.13257
7/29/2025	4:50:05 PM	126.46244	118.29608	112.44527	108.13168	105.74786	106.62169	113.55530	119.96812	126.29424	134.95886	142.86533	139.95939	117.31500	124.97565
7/29/2025	4:50:09 PM	130.87331	122.03914	116.20287	111.31450	108.98068	110.52343	117.11154	123.98069	130.61587	139.10263	148.78211	146.13581	121.35251	129.20495
7/29/2025	4:50:13 PM	135.95980	126.20200	120.05802	114.49271	112.27195	114.19784	120.82583	128.05023	134.76572	143.26276	154.09666	151.39459	125.25504	133.24178
7/29/2025	4:50:16 PM	140.71623	129.93367	123.71971	117.90756	115.33731	117.42656	124.11793	131.89571	138.70402	147.67599	158.90405	156.83129	129.36632	137.28567
7/29/2025	4:50:20 PM	146.01621	133.84606	127.46210	121.54876	118.56511	120.87332	128.01341	135.84474	142.88304	152.21963	164.14651	162.92572	133.36809	141.68079
7/29/2025	4:50:24 PM	151.21397	137.87863	131.33238	124.68590	121.84906	124.21250	131.80154	139.87034	147.03268	157.00214	169.35598	168.10907	137.53602	146.33071
7/29/2025	4:50:27 PM	155.39929	142.00131	135.06357	128.10896	125.01300	127.66519	135.37714	143.83303	151.48623	162.03266	175.12341	172.39325	141.14418	151.01351
7/29/2025	4:50:31 PM	158.75693	145.98065	138.67497	131.48667	128.41137	131.05943	139.12391	147.74397	156.37812	167.67493	179.92060	175.48523	145.20606	155.64781
7/29/2025	4:50:34 PM	161.61533	149.64721	142.33111	134.88770	131.66492	134.38402	142.74908	151.72546	161.02018	172.94015	183.89215	179.18139	148.68578	159.56801
7/29/2025	4:50:38 PM	165.09388	153.38541	145.74599	137.79297	134.48739	137.43002	146.11784	155.39436	165.09508	177.80200	187.77675	182.67456	152.04380	163.72716
7/29/2025	4:50:42 PM	168.65106	157.04988	149.22254	141.25129	137.64897	140.65252	149.54764	159.01850	169.15496	182.12230	193.04402	186.79904	155.80525	167.81862
7/29/2025	4:50:45 PM	172.57820	160.77276	152.62783	144.61156	140.81140	143.82765	152.77502	162.57916	173.03320	186.30324	198.26851	191.32939	159.32629	171.87227
7/29/2025	4:50:49 PM	176.45158	164.62050	156.21729	147.88993	143.65641	147.08955	156.24073	166.19620	176.86503	190.50150	203.27567	195.48799	163.00403	175.96369
7/29/2025	4:50:52 PM	180.23272	168.33374	159.60313	151.07877	146.68971	150.22409	159.62645	169.66921	180.52229	194.63295	207.95350	199.71362	166.72576	179.75208
7/29/2025	4:50:56 PM	183.87279	172.07201	162.74808	154.17030	149.56984	153.26172	162.82539	173.13459	183.82182	198.42074	212.34219	203.53797	170.03626	183.35361
7/29/2025	4:50:59 PM	187.34689	175.62245	166.04452	157.23235	152.57562	156.23596	166.04013	176.50146	187.15464	202.04922	216.60233	207.39425	173.40494	186.85113
7/29/2025	4:51:03 PM	190.76539	178.90952	169.09283	160.15586	155.43095	159.09575	168.77461	179.73443	190.41882	205.77560	220.44207	211.15656	176.57159	190.16218
7/29/2025	4:51:07 PM	194.13993	182.08216	172.22253	162.85186	157.83940	161.83453	171.65974	182.64567	193.40195	209.52824	224.07639	214.56327	179.86074	193.52227
7/29/2025	4:51:10 PM	197.33577	185.00449	175.05828	165.53204	160.30780	164.31746	174.26625	185.54195	196.78622	213.02935	227.61068	217.96246	182.91447	196.82867
7/29/2025	4:51:14 PM	200.47875	187.86297	177.67421	168.19609	162.85129	167.04950	176.98080	188.43359	199.50799	216.04674	230.87522	221.02675	185.81711	200.11590
7/29/2025	4:51:17 PM	203.38864	190.59499	180.40144	170.59628	165.34476	169.40975	179.40764	191.16981	202.47644	218.93171	234.09032	223.81662	188.50176	202.66623
7/29/2025	4:51:21 PM	206.05553	193.21086	182.98525	173.06984	167.69126	171.83887	182.09366	193.71692	205.23825	221.92054	236.91205	226.14794	190.79226	205.15858
7/29/2025	4:51:25 PM	208.70203	195.74667	185.24907	175.13241	169.83825	174.07289	184.45285	196.20987	207.87490	224.56065	239.73380	228.55555	193.21527	207.56383
7/29/2025	4:51:28 PM	211.23361	198.19062	187.59536	177.57147	172.07940	176.33401	186.71026	198.58237	210.23814	227.06580	242.08341	231.01351	195.56162	210.08857
7/29/2025	4:51:32 PM	213.60888	200.59493	189.87028	179.64312	174.17170	178.48647	188.86775	201.01879	212.77071	229.58891	244.44796	232.94398	197.81442	212.37240
7/29/2025	4:51:36 PM	215.91294	202.86937	191.97579	181.61786	176.35538	180.60707	190.88721	203.33081	214.96776	231.99607	246.65441	234.90817	200.07889	214.67049
7/29/2025	4:51:39 PM	218.07689	205.04290	193.90685	183.56600	178.34339	182.59797	192.87623	205.35599	216.81682	233.93177	247.68462	235.76861	201.91993	215.90058
7/29/2025	4:51:43 PM	219.38489	206.70783	195.59920	184.95033	179.27299	183.82003	194.32365	206.68299	217.93690	234.81052	247.80740	235.83439	202.34487	215.54277
7/29/2025	4:51:46 PM	218.81613	205.85986	194.23451	184.32634	180.56077	185.81246	196.31130	207.96994	217.48542	232.94984	242.93984	231.50411	198.41519	213.06191
7/29/2025	4:51:50 PM	215.08993	202.30720	191.72792	183.11225	180.92609	188.96937	199.01286	209.85186	216.91683	230.78861	237.38295	227.13815	196.98696	211.78148
7/29/2025	4:51:54 PM	212.23435	200.27577	190.42149	183.97768	185.65749	193.52923	202.40219	212.03022	217.05939	229.01080	232.17266	223.61923	196.12422	210.28745
7/29/2025	4:51:57 PM	209.90650	198.77215	190.32932	184.10200	188.84906	198.19138	206.80416	214.01315	217.02079	227.78774	229.42002	220.83962	197.72588	210.89341
7/29/2025	4:52:01 PM	209.76247	199.36667	190.13647	186.44249	191.55513	200.88252	208.30072	215.78342	218.12431	227.59968	227.89025	220.01755	198.63863	210.79495
7/29/2025	4:52:04 PM	209.01820	199.48632	193.27611	194.73469	200.52746	207.12102	214.08523	222.08649	223.54266	229.21832	227.88697	221.37170	205.24640	212.94741
7/29/2025	4:52:08 PM	210.70549	203.00076	200.77126	205.15969	210.40399	214.33126	221.10363	227.80868	227.95637	230.87277	227.42791	221.05426	206.66720	212.95845
7/29/2025	4:52:11 PM	210.24518	202.92007	201.45288	207.16019	212.73646	216.15967	222.71201	228.34434	227.91143	230.48284	226.55298	220.63845	204.43674	210.92681
7/29/2025	4:52:15 PM	209.78440	202.23091	200.21932	206.69843	213.82694	216.26681	221.36163	227.07267	227.72623	230.94338	226.40427	221.03579	201.00539	210.15147
7/29/2025	4:52:19 PM	210.38648	201.62201	199.26231	206.61757	214.78075	215.92284	218.57889	224.61773	225.95715	229.85185	225.99455	221.08465	201.04717	210.53882
7/29/2025	4:52:22 PM	212.13468	204.23061	202.18070	210.01130	218.93815	220.16393	221.93147	226.64107	227.23931	230.10514	226.19933	221.07046	202.01718	209.91559
7/29/2025	4:52:26 PM	213.45967	205.34650	204.14233	212.19498	220.26358	220.90814	221.85390	225.00111	225.34960	229.35710	226.95078	224.31241	206.60133	212.99788
7/29/2025	4:52:29 PM	220.31292	213.09413	210.81846	215.84787	222.08964	220.34626	221.03381	224.05256	225.63092	230.41803	228.72969	226.72448	209.13111	216.58025
7/29/2025	4:52:33 PM	222.52649	214.18022	211.38036	215.05724	220.91541	219.94507	221.44847	226.57625	228.95062	233.81238	232.24936	230.22455	212.87737	221.14566
7/29/2025	4:52:37 PM	225.82800	216.76918	212.84607	216.60742	222.39707	221.92873	224.47693	229.88650	232.11750	235.86532	233.15096	230.33814	215.12752	222.99275
7/29/2025	4:52:40 PM	225.74087	217.12794	213.81079	217.72599	224.46563	223.60393	225.73606	231.00884	232.13871	235.51057	232.14944	229.00040	212.90957	220.35371
7/29/2025	4:52:44 PM	224.32362	216.09377	212.99110	216.59526	223.52786	223.24384	225.88774	230.82817	231.47123	235.26952	231.98845	228.35040	211.27259	219.80792
7/29/2025	4:52:48 PM	224.42889	215.35700	211.98228	216.04132	222.76873	222.92375	226.63886	231.97199	232.76459	237.37524	234.39156	230.61982	213.24457	222.46821
7/29/2025	4:52:51 PM	226.28569	217.30686	212.74615	215.80349	221.75558	222.71769	227.08255	233.01523	234.35188	240.21362	236.83379	232.75552	215.43522	225.35854
7/29/2025	4:52:55 PM	228.19122	219.35315	213.71415	215.68300	220.86310	222.55781	227.58321	234.15606	236.05905	242.96048	239.24548	234.82416	217.56708	228.05297
7/29/2025	4:52:58 PM	230.02035	221.26487	214.73043	215.76120	220.18751	222.49161	228.18133	235.24238	237.65277	245.49626	241.34085	236.70238	219.48135	230.40033
7/29/2025	4:53:02 PM	231.79554	223.04679	215.78743	215.93265	219.50188	222.57796	228.79460	236.35392	239.26878	247.85164	243.29579	238.49851	221.26267	232.51646
7/29/2025	4:53:06 PM	233.49360	224.72042	216.83295	215.99928	219.11627	222.78740	229.45182	237.43144	240.81044	250.00922	245.14592	240.16929	222.84740	234.21644
7/29/2025	4:53:09 PM	235.12548	226.19182	217.84903	216.27925	218.96295	223.04972	230.12007	238.51731	242.27026	252.04951	247.21339	241.85695	224.31296	235.66363
7/29/2025	4:53:13 PM	236.66220	227.60117	218.80510	216.70927	219.04220	223.40108	230.76671	239.59044	243.65618	253.85892	248.72677	243.27881	225.70181	237.07287
7/29/2025	4:53:16 PM	238.11223	228.92290	219.76098	217.27603	219.23252	223.77771	231.42096	240.56691	244.94039	255.46682	249.99076	244.47249	227.00666	238.41038
7/29/2025	4:53:20 PM	239.48272	230.17692	220.71858	217.89637	219.60197	224.19538	232.08210	241.53116	246.17253	256.94916	251.24537	245.72902	228.24156	239.58887
7/29/2025	4:53:24 PM	240.76300	231.35126	221.63466	218.49756	219.96544	224.59145	232.75607	242.44357	247.34402	258.30506	252.48386	246.88811	229.38630	240.59832
7/29/2025	4:53:27 PM	241.95279	232.44450	222.52364	219.14330	220.28252	224.92016	233.37665	243.32540	248.45892	259.57012	253.69795	247.99998	230.47801	241.64088
7/29/2025	4:53:31 PM	243.10038	233.51016	223.33777	219.73956	220.56805	225.15436	233.99929	244.19474	249.42532	260.70989	254.79639	249.05133	231.52655	242.64826
7/29/2025	4:53:34 PM	244.18799	234.51312	224.16888	220.36162	220.93631	225.46737	234.62862	245.00801	250.37644	261.76654	255.91600	250.03855	232.50819	243.56531
7/29/2025	4:53:38 PM	245.16840	235.45860	224.92715	220.90372	221.33172	225.89397	235.22100	245.78490	251.27149	262.67850	256.84761	250.93551	233.47201	244.46269
7/29/2025	4:53:41 PM	246.11726	236.38810	225.69253	221.51350	221.81075	226.42055	235.84855	246.53507	252.14575	263.51732	257.71320	251.78289	234.37613	245.28077
7/29/2025	4:53:45 PM	247.01481	237.24247	226.41460	222.15076	222.23368	226.74767	236.41678	247.24414	252.98661	264.25966	258.55614	252.62536	235.22304	246.02188
7/29/2025	4:53:49 PM	247.82833	238.08745	227.10064	222.74205	222.64683	227.16346	236.94816	247.94574	253.85646	264.91083	259.29657	253.38010	236.05263	246.73686
7/29/2025	4:53:52 PM	248.62543	238.91731	227.81867	223.33531	223.11851	227.74955	237.51243	248.64630	254.66866	265.51080	259.93905	254.11381	236.84900	247.46296
7/29/2025	4:53:56 PM	249.38982	239.68188	228.51388	223.93030	223.58353	228.28070	238.07031	249.31153	255.43162	266.03743	260.52106	254.81776	237.66841	248.18292
7/29/2025	4:53:59 PM	250.08434	240.47254	229.27689	224.57158	224.07500	228.92773	238.65460	249.96138	256.13974	266.50959	261.08311	255.47257	238.45441	248.90188
7/29/2025	4:54:03 PM	250.76268	241.22609	229.99544	225.20299	224.61302	229.53805	239.23947	250.58299	256.76641	266.95196	261.66258	256.09773	239.22773	249.57850
7/29/2025	4:54:07 PM	251.37881	241.95622	230.71203	225.82330	225.12469	230.11105	239.80406	251.19400	257.38156	267.40890	262.18895	256.68677	239.94944	250.19986
7/29/2025	4:54:10 PM	251.98791	242.65285	231.41232	226.45318	225.66707	230.67688	240.36797	251.77751	257.95988	267.89886	262.75898	257.21744	240.64573	250.79035
7/29/2025	4:54:14 PM	252.58438	243.31545	232.07880	227.06116	226.22435	231.24010	240.91573	252.35959	258.49954	268.40404	263.23735	257.76536	241.34045	251.37804
7/29/2025	4:54:17 PM	253.15459	243.94790	232.73911	227.67025	226.78286	231.79549	241.46303	252.90094	259.00104	268.93437	263.74902	258.29972	242.00886	251.92040
7/29/2025	4:54:21 PM	253.70438	244.57528	233.40523	228.26424	227.32145	232.32355	242.00859	253.42513	259.48461	269.50295	264.17250	258.78332	242.65899	252.43836
7/29/2025	4:54:25 PM	254.24102	245.20701	234.06594	228.79668	227.90887	232.86160	242.55392	253.92585	259.97755	270.08467	264.62542	259.26330	243.30684	252.98285
7/29/2025	4:54:28 PM	254.82494	245.87540	234.76732	229.39591	228.52539	233.54401	243.20324	254.44905	260.47311	270.68970	264.93295	259.72953	243.96036	253.49471
7/29/2025	4:54:32 PM	255.36603	246.49199	235.41543	229.96480	229.06974	234.02233	243.71903	254.90729	260.97546	271.28711	265.30749	260.16031	244.52261	253.89752
7/29/2025	4:54:36 PM	255.84690	247.05741	236.03322	230.49518	229.63255	234.40494	244.19150	255.30223	261.40928	271.79396	265.58896	260.53568	245.05288	254.24607
7/29/2025	4:54:39 PM	256.25684	247.58720	236.62309	231.00703	230.15558	234.86357	244.63581	255.65226	261.77798	272.22224	265.80682	260.82347	245.52618	254.52381
7/29/2025	4:54:43 PM	256.62112	248.08020	237.20069	231.50201	230.65958	235.34816	245.05928	255.96510	262.09036	272.56440	265.96028	261.12367	245.97512	254.77605
7/29/2025	4:54:46 PM	256.94405	248.53338	237.71219	231.95746	231.14641	235.68767	245.42805	256.22305	262.35386	272.85383	266.15851	261.39701	246.37454	254.99404
7/29/2025	4:54:50 PM	257.23136	248.92080	238.21271	232.39361	231.59878	236.09118	245.77849	256.46640	262.58189	273.07081	266.33919	261.66220	246.73453	255.16840
7/29/2025	4:54:53 PM	257.49157	249.27792	238.66351	232.80638	232.02610	236.48496	246.09529	256.67312	262.79906	273.25707	266.52962	261.92517	247.07201	255.31697
7/29/2025	4:54:57 PM	257.72120	249.61163	239.09504	233.23702	232.44875	236.83386	246.40651	256.85890	263.00211	273.38554	266.68826	262.15027	247.37980	255.43872
7/29/2025	4:55:01 PM	257.91350	249.92977	239.50208	233.62287	232.84176	237.24118	246.69816	257.02496	263.22000	273.47600	266.88200	262.34723	247.66035	255.54652
7/29/2025	4:55:04 PM	258.08085	250.21719	239.87568	233.98144	233.21596	237.47022	246.94200	257.16990	263.43118	273.54096	267.08839	262.55339	247.91084	255.62513
7/29/2025	4:55:08 PM	258.25366	250.46742	240.25559	234.34434	233.56947	237.77040	247.18644	257.29513	263.62687	273.58199	267.28289	262.74506	248.15611	255.70296
7/29/2025	4:55:12 PM	258.41718	250.73067	240.61064	234.69408	233.91669	238.16312	247.43380	257.42692	263.80848	273.59446	267.43649	262.94421	248.38026	255.77735
7/29/2025	4:55:15 PM	258.59001	250.96062	240.95369	235.03583	234.26585	238.48332	247.65295	257.53080	263.96067	273.59738	267.58572	263.11024	248.58806	255.83644
7/29/2025	4:55:19 PM	258.75509	251.17302	241.28613	235.37178	234.60119	238.82838	247.86909	257.64980	264.09786	273.58365	267.69836	263.28564	248.79648	255.91342
7/29/2025	4:55:22 PM	258.91904	251.39186	241.57901	235.69637	234.91370	239.14610	248.07959	257.76229	264.21901	273.55757	267.81346	263.44787	248.99510	255.98061
7/29/2025	4:55:26 PM	259.08091	251.60563	241.89202	236.03196	235.23194	239.48472	248.28549	257.87932	264.33035	273.51924	267.91561	263.61607	249.18870	256.05810
7/29/2025	4:55:30 PM	259.22859	251.80306	242.18441	236.35808	235.54231	239.82562	248.48473	257.99291	264.42970	273.46616	267.97033	263.74959	249.37652	256.12365
7/29/2025	4:55:33 PM	259.38512	252.00039	242.46788	236.66023	235.81860	240.15343	248.67748	258.10630	264.52243	273.41169	268.03682	263.87372	249.55981	256.18800
7/29/2025	4:55:37 PM	259.52045	252.19521	242.74232	236.96489	236.08642	240.47030	248.85199	258.21286	264.60254	273.35004	268.07409	263.98525	249.71654	256.24082
7/29/2025	4:55:40 PM	259.66039	252.37190	243.01464	237.26393	236.37413	240.73276	249.01388	258.32159	264.67727	273.29055	268.14532	264.09548	249.87626	256.29549
7/29/2025	4:55:44 PM	259.78337	252.54531	243.28517	237.55770	236.64727	241.02133	249.17135	258.43129	264.74366	273.22337	268.17487	264.18256	250.02775	256.34094
7/29/2025	4:55:47 PM	259.90983	252.71457	243.54691	237.84637	236.91759	241.29753	249.33008	258.54439	264.80378	273.15040	268.21792	264.27921	250.17768	256.39689
7/29/2025	4:55:51 PM	260.02469	252.88215	243.79366	238.12880	237.17436	241.57541	249.48727	258.65781	264.85957	273.07705	268.25035	264.36741	250.32566	256.45387
7/29/2025	4:55:54 PM	260.13914	253.04296	244.03568	238.39755	237.43183	241.85571	249.64187	258.76933	264.91412	272.99906	268.26509	264.44354	250.47120	256.51252
7/29/2025	4:55:58 PM	260.25658	253.21058	244.27556	238.65963	237.67732	242.11195	249.79068	258.88141	264.96505	272.91996	268.29017	264.51176	250.61567	256.57259
7/29/2025	4:56:01 PM	260.37050	253.37168	244.50130	238.91764	237.92546	242.35881	249.94422	258.99735	265.01487	272.84173	268.32744	264.59595	250.75888	256.63740
7/29/2025	4:56:05 PM	260.47839	253.53180	244.72535	239.17383	238.17122	242.61809	250.09371	259.11244	265.06146	272.76281	268.33786	264.66347	250.89969	256.70435
7/29/2025	4:56:08 PM	260.58630	253.69966	244.95062	239.43133	238.41320	242.88290	250.25074	259.23462	265.10987	272.67557	268.34117	264.73527	251.04515	256.77854
7/29/2025	4:56:12 PM	260.69291	253.85729	245.16698	239.67849	238.65862	243.12788	250.40512	259.34913	265.15840	272.59211	268.35464	264.80832	251.18740	256.85637
7/29/2025	4:56:15 PM	260.80135	254.01865	245.38405	239.91972	238.89339	243.35984	250.55287	259.46602	265.20684	272.51845	268.38035	264.88096	251.32573	256.93874
7/29/2025	4:56:19 PM	260.90527	254.17802	245.58846	240.14757	239.13058	243.58480	250.69901	259.57865	265.25674	272.44884	268.40328	264.94914	251.45774	257.02125
7/29/2025	4:56:22 PM	261.00686	254.33660	245.78955	240.37534	239.36449	243.80792	250.84823	259.69457	265.31001	272.37931	268.41749	265.02017	251.59353	257.11009
7/29/2025	4:56:26 PM	261.11005	254.49439	245.98411	240.59933	239.59710	244.02451	250.99331	259.80828	265.36174	272.31189	268.42839	265.09014	251.72671	257.20013
7/29/2025	4:56:29 PM	261.21118	254.65194	246.17483	240.81562	239.83410	244.24174	251.14260	259.92043	265.41540	272.24428	268.44325	265.16426	251.86666	257.29981
7/29/2025	4:56:33 PM	261.31316	254.81311	246.37076	241.03624	240.06603	244.45083	251.29090	260.02972	265.46612	272.18376	268.45818	265.23612	252.00394	257.39966
7/29/2025	4:56:36 PM	261.41341	254.97163	246.56371	241.26075	240.30094	244.66298	251.44619	260.14377	265.51819	272.12513	268.46863	265.30997	252.13888	257.50666
7/29/2025	4:56:40 PM	261.51714	255.13177	246.75762	241.49479	240.54364	244.88070	251.60331	260.25808	265.57108	272.06478	268.47897	265.38675	252.27993	257.62351
7/29/2025	4:56:43 PM	261.61548	255.28540	246.94475	241.69900	240.77734	245.08148	251.75214	260.36589	265.62612	272.02028	268.50038	265.46276	252.41733	257.73649
7/29/2025	4:56:47 PM	261.71599	255.44255	247.13471	241.91999	241.01725	245.28672	251.90728	260.47697	265.67811	271.97409	268.51093	265.53502	252.55083	257.84905
7/29/2025	4:56:50 PM	261.81440	255.59364	247.31706	242.12086	241.25096	245.48223	252.05487	260.58424	265.73575	271.93717	268.53283	265.61431	252.68813	257.96652
7/29/2025	4:56:54 PM	261.91491	255.74972	247.50368	242.32524	241.49138	245.68219	252.21164	260.69860	265.78842	271.90084	268.54667	265.68695	252.82228	258.08370
7/29/2025	4:56:57 PM	262.01359	255.89989	247.68944	242.52101	241.73385	245.87347	252.36072	260.80183	265.84443	271.87445	268.56774	265.75886	252.95729	258.19909
7/29/2025	4:57:01 PM	262.11141	256.04730	247.87244	242.72248	241.97714	246.06508	252.50939	260.90771	265.90021	271.85099	268.59007	265.83368	253.09491	258.31747
7/29/2025	4:57:04 PM	262.21303	256.19892	248.05760	242.92972	242.21967	246.25893	252.66138	261.01579	265.95629	271.83007	268.61313	265.90756	253.23373	258.43938
7/29/2025	4:57:08 PM	262.31300	256.34732	248.23782	243.13622	242.45680	246.44725	252.81196	261.12299	266.01072	271.81197	268.63649	265.97960	253.37181	258.56158
7/29/2025	4:57:12 PM	262.41405	256.49626	248.41808	243.34416	242.69218	246.63789	252.96449	261.23144	266.06691	271.79718	268.66221	266.05353	253.51241	258.68788
7/29/2025	4:57:15 PM	262.51593	256.64737	248.59979	243.55916	242.92865	246.83081	253.11944	261.34257	266.12390	271.78489	268.68964	266.12559	253.65238	258.81364
7/29/2025	4:57:18 PM	262.61921	256.79849	248.78116	243.77448	243.16278	247.02361	253.27486	261.45452	266.18125	271.77563	268.71907	266.20021	253.79535	258.94471
7/29/2025	4:57:22 PM	262.72236	256.94927	248.96222	243.99415	243.39699	247.22027	253.43554	261.57186	266.24102	271.76806	268.75148	266.27719	253.94342	259.08073
7/29/2025	4:57:26 PM	262.82708	257.10068	249.14393	244.21344	243.62806	247.41458	253.59563	261.68663	266.29977	271.76314	268.78415	266.35147	254.08655	259.21305
7/29/2025	4:57:29 PM	262.93307	257.25153	249.32440	244.43471	243.85887	247.61010	253.75914	261.80481	266.35919	271.76061	268.82020	266.42772	254.23342	259.34890
7/29/2025	4:57:33 PM	263.03909	257.40269	249.50624	244.65808	244.08887	247.80538	253.92535	261.92508	266.41893	271.76194	268.85857	266.50607	254.38329	259.48627
7/29/2025	4:57:36 PM	263.14708	257.55419	249.68549	244.87954	244.31492	247.99909	254.09012	262.04510	266.47894	271.76539	268.89798	266.58197	254.52922	259.61959
7/29/2025	4:57:39 PM	263.25109	257.70051	249.86213	245.09691	244.53536	248.18921	254.25456	262.16540	266.53825	271.77062	268.93849	266.65888	254.67813	259.75346
7/29/2025	4:57:43 PM	263.36067	257.85253	250.04270	245.32225	244.76265	248.38685	254.42731	262.28990	266.60097	271.77764	268.98352	266.73898	254.83170	259.89058
7/29/2025	4:57:46 PM	263.46970	258.00136	250.22080	245.54211	244.98387	248.57845	254.59503	262.41243	266.66099	271.78616	269.02656	266.81582	254.98086	260.02335
7/29/2025	4:57:50 PM	263.57845	258.15151	250.40078	245.76536	245.20700	248.77262	254.76590	262.53908	266.72466	271.79949	269.07424	266.89621	255.13643	260.16123
7/29/2025	4:57:53 PM	263.68971	258.30230	250.58137	245.98935	245.42884	248.96733	254.93833	262.66361	266.78936	271.81587	269.12416	266.97767	255.29004	260.29621
7/29/2025	4:57:57 PM	263.80097	258.45147	250.75940	246.21068	245.64772	249.15878	255.10984	262.78709	266.85392	271.83377	269.17338	267.05719	255.44114	260.42920
7/29/2025	4:58:00 PM	263.90985	258.59670	250.93382	246.42842	245.86204	249.34697	255.27939	262.90895	266.91877	271.85319	269.22579	267.13841	255.59433	260.56227
7/29/2025	4:58:04 PM	264.02361	258.74621	251.11337	246.65072	246.08015	249.54026	255.45287	263.03209	266.98636	271.87639	269.28119	267.22150	255.74988	260.69765
7/29/2025	4:58:07 PM	264.13660	258.89696	251.29136	246.87173	246.29583	249.73092	255.62633	263.15244	267.05367	271.90030	269.33688	267.30437	255.90550	260.83190
7/29/2025	4:58:11 PM	264.25214	259.05065	251.47381	247.09830	246.51825	249.92755	255.80556	263.27626	267.12388	271.92852	269.39517	267.39063	256.06358	260.96947
7/29/2025	4:58:14 PM	264.36437	259.20145	251.65122	247.31633	246.72968	250.11515	255.97674	263.39370	267.19341	271.95801	269.45391	267.47467	256.21860	261.10440
7/29/2025	4:58:18 PM	264.47645	259.35210	251.82868	247.53552	246.94288	250.30519	256.15052	263.51091	267.26511	271.99100	269.51418	267.55965	256.37232	261.23803
7/29/2025	4:58:21 PM	264.58781	259.50174	252.00479	247.75176	247.15348	250.49349	256.32323	263.62905	267.33957	272.02747	269.57804	267.64760	256.53000	261.37619
7/29/2025	4:58:25 PM	264.69819	259.65092	252.18091	247.96939	247.36522	250.68247	256.49668	263.74740	267.41613	272.06729	269.64392	267.73704	256.68876	261.51335
7/29/2025	4:58:28 PM	264.80994	259.80059	252.35633	248.18258	247.57259	250.86959	256.66841	263.86373	267.49341	272.10854	269.71145	267.82593	256.84330	261.64796
7/29/2025	4:58:32 PM	264.92119	259.95097	252.53241	248.39825	247.78285	251.05918	256.84325	263.98242	267.57314	272.15376	269.78089	267.91701	257.00005	261.78337
7/29/2025	4:58:35 PM	265.03251	260.10111	252.70822	248.61101	247.98993	251.24638	257.01578	264.09932	267.65385	272.20031	269.85291	268.00970	257.16007	261.92126
7/29/2025	4:58:39 PM	265.14291	260.24863	252.88072	248.82127	248.19527	251.43264	257.18702	264.21590	267.73521	272.24929	269.92502	268.10189	257.31476	262.05533
7/29/2025	4:58:42 PM	265.25427	260.39939	253.05630	249.03240	248.40183	251.62090	257.35999	264.33325	267.81805	272.29961	269.99901	268.19496	257.47178	262.19158
7/29/2025	4:58:46 PM	265.36535	260.54766	253.22973	249.24163	248.60520	251.80618	257.53191	264.44934	267.90163	272.35094	270.07361	268.28782	257.62469	262.32440
7/29/2025	4:58:49 PM	265.47657	260.69597	253.40338	249.44871	248.80750	251.99319	257.70367	264.56620	267.98648	272.40517	270.15069	268.38264	257.78194	262.46076
7/29/2025	4:58:53 PM	265.58770	260.84443	253.57757	249.65669	249.00986	252.17759	257.87298	264.68175	268.07113	272.45953	270.22798	268.47741	257.93438	262.59375
7/29/2025	4:58:56 PM	265.69806	260.99142	253.74949	249.86080	249.20978	252.36146	258.04090	264.79586	268.15588	272.51552	270.30484	268.57020	258.08393	262.72480
7/29/2025	4:59:00 PM	265.80897	261.13957	253.92345	250.06541	249.40960	252.54548	258.20885	264.91109	268.24247	272.57235	270.38383	268.66633	258.23801	262.85872
7/29/2025	4:59:03 PM	265.91839	261.28561	254.09693	250.26932	249.60899	252.73078	258.37633	265.02702	268.32956	272.63055	270.46261	268.76107	258.38835	262.99003
7/29/2025	4:59:07 PM	266.02842	261.43195	254.27074	250.47172	249.80707	252.91420	258.54126	265.14108	268.41596	272.68928	270.54122	268.85506	258.53572	263.12017
7/29/2025	4:59:10 PM	266.13834	261.57712	254.44455	250.67179	250.00331	253.09615	258.70446	265.25600	268.50492	272.74898	270.62246	268.95171	258.68682	263.25373
7/29/2025	4:59:14 PM	266.24828	261.72261	254.61865	250.87048	250.19724	253.27810	258.86948	265.36992	268.59274	272.80979	270.70168	269.04517	258.83160	263.38129
7/29/2025	4:59:17 PM	266.35708	261.86752	254.79441	251.06771	250.39164	253.45931	259.03181	265.48330	268.68156	272.87154	270.78247	269.14196	258.97977	263.51327
7/29/2025	4:59:21 PM	266.46675	262.01338	254.97173	251.26553	250.58671	253.64217	259.19741	265.59959	268.77250	272.93578	270.86604	269.23888	259.12802	263.64632
7/29/2025	4:59:24 PM	266.57570	262.15720	255.14570	251.45869	250.77548	253.81957	259.35789	265.71246	268.86175	272.99834	270.94720	269.33357	259.27118	263.77606
7/29/2025	4:59:28 PM	266.68547	262.30253	255.32131	251.65385	250.96818	253.99958	259.51902	265.82609	268.95298	273.06315	271.03656	269.45684	259.41595	263.89165
7/29/2025	4:59:31 PM	266.73934	262.32086	255.35406	251.77360	251.01975	254.22713	259.71089	265.84188	268.89123	272.82822	270.78606	269.23029	258.40918	263.12290
7/29/2025	4:59:35 PM	266.42796	261.98186	255.12956	251.51682	251.09696	253.91579	258.88241	265.01156	268.27112	272.27073	270.30949	268.84556	256.74851	261.99490
7/29/2025	4:59:38 PM	266.20090	261.82693	255.10838	251.36324	250.99825	253.35791	257.89025	264.30986	267.74570	271.68378	269.80826	268.48801	255.45240	261.43490
7/29/2025	4:59:42 PM	265.80374	261.36815	254.65553	250.66847	250.31848	252.33822	256.75277	263.51847	266.83094	270.53011	268.68502	267.34202	255.04109	260.62039
7/29/2025	4:59:45 PM	264.52756	260.62776	254.14669	249.86982	249.09713	251.33913	255.87314	261.95068	264.76314	268.09314	266.40461	265.39167	254.00726	258.96388
7/29/2025	4:59:49 PM	262.89547	259.40272	253.33744	249.06009	248.22602	250.31304	254.27303	259.59655	262.04517	265.13680	263.47438	262.85742	252.19029	256.45635
7/29/2025	4:59:52 PM	260.56534	257.49705	252.01402	247.88995	247.02601	248.71366	251.93087	256.45235	258.58602	261.40533	259.91499	259.79241	249.56652	253.13166
7/29/2025	4:59:56 PM	257.70354	254.95612	250.00440	245.97542	245.09061	246.48947	249.00495	252.94347	254.77596	257.08225	255.93986	256.21099	246.35473	249.21890
7/29/2025	4:59:59 PM	254.30480	251.84263	247.39836	243.41404	242.51447	243.68353	245.56502	249.02367	250.59165	252.36455	251.81913	252.02982	243.09338	245.15050
7/29/2025	5:00:03 PM	250.43546	248.22115	244.29560	240.30960	239.38806	240.40037	241.74438	244.84396	246.15074	247.64847	247.65299	247.64354	239.80954	241.62976
7/29/2025	5:00:07 PM	246.36742	244.34643	240.92110	236.88929	235.97430	236.84768	237.70253	240.52505	241.65253	243.01125	243.53061	243.44679	236.52869	238.35629
7/29/2025	5:00:10 PM	242.29974	240.40286	237.46248	233.37464	232.45650	233.23995	233.61528	236.21234	237.38443	238.60947	239.42682	239.31452	233.10776	234.86291
7/29/2025	5:00:14 PM	238.23913	236.36872	233.86792	229.70342	228.77485	229.48064	229.42425	231.84149	233.15503	234.12504	235.21153	235.12375	229.47535	231.11070
7/29/2025	5:00:17 PM	234.15996	232.33043	230.25102	226.02326	225.09359	225.72072	225.30567	227.61192	229.12109	229.82707	231.12076	231.10699	225.89057	227.41786
7/29/2025	5:00:21 PM	230.23698	228.39679	226.66689	222.38027	221.42264	221.99029	221.22848	223.42030	225.02844	225.47238	226.99615	227.09210	222.22720	223.68761
7/29/2025	5:00:24 PM	226.32459	224.44711	223.06348	218.71892	217.73136	218.26417	217.20240	219.31535	221.00198	221.20301	222.95952	223.19581	218.61495	220.01115
7/29/2025	5:00:28 PM	222.53392	220.61436	219.53986	215.15444	214.13689	214.65116	213.30905	215.35384	217.13260	217.12313	219.09600	219.51211	215.15215	216.49708
7/29/2025	5:00:32 PM	218.96006	216.95062	216.13756	211.69288	210.63150	211.15982	209.57645	211.53093	213.43188	213.20433	215.33164	215.92904	211.73875	213.05008
7/29/2025	5:00:35 PM	215.50480	213.41408	212.83367	208.35089	207.26103	207.77475	205.97443	207.85710	209.88227	209.41625	211.68896	212.48075	208.42535	209.69780
7/29/2025	5:00:39 PM	212.08103	209.88706	209.54003	205.01019	203.88676	204.41101	202.33429	204.15928	206.31950	205.57588	207.99425	208.98480	205.05900	206.27885
7/29/2025	5:00:42 PM	208.64405	206.31846	206.19395	201.48734	200.32390	200.85053	198.50654	200.32780	202.59396	201.50727	204.11352	205.23402	201.51046	202.71719
7/29/2025	5:00:46 PM	205.11627	202.78759	202.86686	197.92403	196.71996	197.27918	194.60831	196.37661	198.70852	197.33777	200.16253	201.29380	197.76298	198.86809
7/29/2025	5:00:49 PM	201.24722	198.88664	199.10311	193.92303	192.67466	193.24370	190.26605	192.00626	194.39062	192.81416	195.84713	197.02053	193.71595	194.71254
7/29/2025	5:00:53 PM	197.21483	194.76930	195.12103	189.77358	188.49619	189.11458	185.87590	187.57826	190.08050	188.28659	191.50709	192.71830	189.55953	190.49150
7/29/2025	5:00:56 PM	193.08167	190.54379	191.04570	185.61000	184.32795	185.00744	181.55937	183.23386	185.90377	183.88224	187.30230	188.59494	185.51011	186.41207
7/29/2025	5:01:00 PM	189.17433	186.52641	187.17968	181.70467	180.41247	181.16786	177.52689	179.16221	182.01500	179.76521	183.37303	184.74023	181.66884	182.51694
7/29/2025	5:01:03 PM	185.32789	182.51188	183.29620	177.82615	176.55493	177.37622	173.59369	175.19972	178.24549	175.76144	179.55445	180.99190	177.95637	178.75881
7/29/2025	5:01:07 PM	181.75443	178.75994	179.66469	174.23250	172.98583	173.88344	170.00085	171.57506	174.79614	172.10173	176.05918	177.55690	174.51607	175.29217
7/29/2025	5:01:11 PM	178.37874	175.20877	176.20944	170.86425	169.66710	170.61968	166.63638	168.17694	171.54946	168.66996	172.76239	174.31548	171.27527	172.02303
7/29/2025	5:01:14 PM	175.28659	171.93825	173.02850	167.78314	166.64349	167.66607	163.64084	165.13645	168.64530	165.60301	169.79142	171.41954	168.38547	169.07719
7/29/2025	5:01:18 PM	172.45216	168.93431	170.07007	164.90937	163.82382	164.89617	160.82878	162.30038	165.94206	162.75365	167.01177	168.68167	165.64241	166.28479
7/29/2025	5:01:21 PM	169.79058	166.11589	167.31223	162.25822	161.21620	162.32216	158.24445	159.67666	163.41137	160.09735	164.41842	166.14327	163.11491	163.71875
7/29/2025	5:01:25 PM	167.36217	163.54572	164.78350	159.84757	158.87306	160.03510	155.95798	157.35390	161.18656	157.79084	162.13194	163.89290	160.87371	161.43945
7/29/2025	5:01:28 PM	165.14323	161.20739	162.46841	157.65078	156.73017	157.90938	153.83447	155.18642	159.07510	155.58778	159.92633	161.72439	158.70438	159.22426
7/29/2025	5:01:32 PM	163.04793	158.99290	160.27611	155.56330	154.68902	155.89178	151.83108	153.15966	157.11218	153.56778	157.89108	159.73514	156.73373	157.21148
7/29/2025	5:01:35 PM	161.11833	156.97513	158.28686	153.68951	152.87179	154.08859	150.05424	151.34615	155.34752	151.74889	156.03516	157.90715	154.91137	155.36948
7/29/2025	5:01:39 PM	159.32478	155.10622	156.45604	151.96198	151.20443	152.43007	148.42735	149.68320	153.71740	150.08910	154.33468	156.23763	153.26375	153.69146
7/29/2025	5:01:42 PM	157.68271	153.39973	154.76329	150.36006	149.64063	150.85503	146.86654	148.07947	152.13328	148.47370	152.67927	154.60434	151.64122	152.03572
7/29/2025	5:01:46 PM	156.04218	151.70907	153.09965	148.78779	148.11287	149.33032	145.39872	146.58657	150.66548	147.00765	151.17763	153.12694	150.19465	150.57261
7/29/2025	5:01:49 PM	154.61466	150.24480	151.65655	147.43123	146.79952	148.01088	144.12813	145.27586	149.36423	145.69522	149.81300	151.76764	148.85219	149.20027
7/29/2025	5:01:53 PM	153.23843	148.83739	150.26276	146.11666	145.52906	146.72717	142.89629	144.00472	148.09959	144.43173	148.49463	150.45542	147.57965	147.91464
7/29/2025	5:01:56 PM	151.97030	147.55294	149.00039	144.94153	144.39358	145.58102	141.80669	142.87892	146.97267	143.31736	147.33053	149.29956	146.44825	146.75767
7/29/2025	5:02:00 PM	150.82176	146.39401	147.85321	143.86269	143.34097	144.50598	140.78509	141.81986	145.90419	142.25883	146.21616	148.18810	145.36620	145.65927
7/29/2025	5:02:04 PM	149.73286	145.31148	146.78063	142.85890	142.36910	143.52171	139.84945	140.85708	144.93718	141.30999	145.21601	147.18464	144.40388	144.68819
7/29/2025	5:02:07 PM	148.75372	144.33616	145.82214	141.96892	141.51329	142.64785	139.02941	140.01070	144.08061	140.46599	144.31554	146.27264	143.52058	143.78277
7/29/2025	5:02:10 PM	147.83376	143.42648	144.91923	141.11816	140.67916	141.78940	138.20795	139.16504	143.21224	139.62378	143.43161	145.38289	142.66578	142.90492
7/29/2025	5:02:14 PM	146.93059	142.53229	144.03351	140.28404	139.87443	140.96686	137.42846	138.36500	142.39535	138.82355	142.58146	144.52788	141.85468	142.08717
7/29/2025	5:02:17 PM	146.08245	141.71272	143.22819	139.53642	139.15220	140.22178	136.71840	137.62952	141.64078	138.09081	141.80401	143.73667	141.10589	141.32900
7/29/2025	5:02:21 PM	145.31563	140.97072	142.49831	138.86127	138.49735	139.55020	136.09152	136.97491	140.95991	137.42895	141.09460	143.01617	140.42878	140.63961
7/29/2025	5:02:24 PM	144.58819	140.26258	141.79525	138.19837	137.84760	138.87804	135.45286	136.31495	140.27012	136.76844	140.38142	142.28424	139.73633	139.93324
7/29/2025	5:02:28 PM	143.86038	139.57052	141.11117	137.55984	137.22785	138.24154	134.85004	135.69099	139.61849	136.14536	139.71935	141.61710	139.11269	139.29821
7/29/2025	5:02:31 PM	143.19736	138.93276	140.47533	136.95666	136.63930	137.62821	134.27092	135.08424	138.98214	135.52508	139.05319	140.93200	138.46162	138.63446
7/29/2025	5:02:35 PM	142.50333	138.27140	139.82109	136.34170	136.03951	137.00329	133.67541	134.46409	138.33682	134.90566	138.39610	140.26704	137.84232	138.00326
7/29/2025	5:02:38 PM	141.83815	137.63808	139.18965	135.74417	135.46108	136.39868	133.09581	133.85722	137.70308	134.29198	137.74236	139.60098	137.21564	137.36691
7/29/2025	5:02:42 PM	141.16700	137.00504	138.55933	135.14851	134.88516	135.79905	132.52567	133.25966	137.07683	133.69079	137.10480	138.95112	136.61110	136.75647
7/29/2025	5:02:45 PM	140.54213	136.41665	137.97941	134.61050	134.36736	135.26642	132.02372	132.73208	136.52722	133.17056	136.55599	138.39696	136.10349	136.24078
7/29/2025	5:02:49 PM	140.00737	135.91486	137.48379	134.15406	133.93384	134.81516	131.60358	132.28554	136.05475	132.72191	136.06846	137.89893	135.64798	135.76990
7/29/2025	5:02:52 PM	139.50941	135.45219	137.02700	133.73412	133.53018	134.39441	131.21189	131.87360	135.61519	132.30038	135.60639	137.42318	135.21582	135.32624
7/29/2025	5:02:56 PM	139.03082	135.01396	136.59729	133.34243	133.15859	134.00989	130.85809	131.50605	135.22058	131.93274	135.20633	137.01520	134.85701	134.96088
7/29/2025	5:02:59 PM	138.63659	134.64869	136.23708	133.01338	132.83927	133.67346	130.54291	131.18191	134.86701	131.60588	134.84178	136.63671	134.51776	134.60804
7/29/2025	5:03:03 PM	138.24965	134.29393	135.88825	132.69100	132.52054	133.33707	130.22337	130.85917	134.50575	131.27398	134.47238	136.25186	134.16790	134.24591
7/29/2025	5:03:06 PM	137.85170	133.92860	135.52590	132.35255	132.18732	132.99041	129.89528	130.53119	134.14123	130.94292	134.10675	135.87402	133.82886	133.90237
7/29/2025	5:03:10 PM	137.47150	133.58345	135.18351	132.02931	131.86516	132.64489	129.56735	130.19332	133.76859	130.59985	133.73354	135.48825	133.47383	133.53926
7/29/2025	5:03:13 PM	137.08758	133.23426	134.83835	131.70414	131.54840	132.31368	129.25628	129.87685	133.42168	130.28137	133.38394	135.12485	133.13987	133.20055
7/29/2025	5:03:17 PM	136.71484	132.89174	134.49285	131.37431	131.22220	131.96714	128.92431	129.53336	133.04722	129.93754	133.01622	134.74321	132.78266	132.84142
7/29/2025	5:03:20 PM	136.33056	132.54434	134.14847	131.05117	130.90981	131.63722	128.61640	129.21725	132.70658	129.62338	132.67411	134.38538	132.44690	132.50186
7/29/2025	5:03:24 PM	135.96093	132.20515	133.80470	130.72087	130.58286	131.28687	128.28018	128.86671	132.32911	129.27028	132.30026	134.00112	132.08856	132.14737
7/29/2025	5:03:27 PM	135.59005	131.86905	133.47115	130.40675	130.28206	130.97233	127.98743	128.56328	132.00335	128.97149	131.98136	133.67201	131.78273	131.83882
7/29/2025	5:03:31 PM	135.24932	131.55929	133.15988	130.11329	129.99853	130.67069	127.70507	128.26753	131.68191	128.66976	131.65591	133.33335	131.46723	131.52082
7/29/2025	5:03:34 PM	134.90672	131.25051	132.85056	129.82315	129.71773	130.37700	127.43044	127.98195	131.36854	128.38042	131.34422	133.01016	131.16567	131.21585
7/29/2025	5:03:38 PM	134.58267	130.95467	132.55410	129.54283	129.44321	130.08569	127.15234	127.69616	131.05485	128.09426	131.04220	132.69755	130.87736	130.92489
7/29/2025	5:03:41 PM	134.26255	130.66410	132.26042	129.26564	129.17312	129.80347	126.89093	127.42248	130.75384	127.81527	130.74147	132.38610	130.58908	130.63410
7/29/2025	5:03:45 PM	133.95387	130.38678	131.98287	129.00335	128.91735	129.53486	126.63864	127.16101	130.46342	127.54957	130.45498	132.08807	130.31375	130.35638
7/29/2025	5:03:48 PM	133.64745	130.10899	131.70164	128.73511	128.65435	129.25801	126.37553	126.88605	130.15642	127.26676	130.15388	131.77659	130.02569	130.06547
7/29/2025	5:03:52 PM	133.33607	129.82678	131.41712	128.46218	128.38419	128.97407	126.10717	126.60836	129.85345	126.98948	129.86034	131.47403	129.74472	129.78270
7/29/2025	5:03:55 PM	133.03498	129.55459	131.14297	128.20396	128.13548	128.71323	125.86350	126.35749	129.57925	126.73538	129.58816	131.19382	129.48724	129.52204
7/29/2025	5:03:59 PM	132.74180	129.28607	130.86971	127.94066	127.87416	128.43713	125.60190	126.08322	129.27639	126.45261	129.28449	130.87909	129.19339	129.22546
7/29/2025	5:04:02 PM	132.42550	129.00102	130.58235	127.66381	127.60434	128.15430	125.33248	125.80468	128.97266	126.16928	128.98490	130.57262	128.90890	128.93941
7/29/2025	5:04:06 PM	132.11855	128.72317	130.30323	127.39836	127.34485	127.88279	125.07710	125.53897	128.68404	125.90046	128.69806	130.27562	128.63034	128.65885
7/29/2025	5:04:09 PM	131.82045	128.44876	130.02603	127.13125	127.08114	127.60423	124.81000	125.25649	128.37211	125.60197	128.37688	129.94370	128.31439	128.33872
7/29/2025	5:04:13 PM	131.46269	128.11818	129.68914	126.80013	126.75089	127.25870	124.47310	124.90721	127.99843	125.24643	128.00546	129.56262	127.95410	127.97837
7/29/2025	5:04:16 PM	131.08829	127.77236	129.33957	126.46157	126.41753	126.91382	124.14175	124.56183	127.63130	124.89464	127.63660	129.18363	127.59353	127.61821
7/29/2025	5:04:20 PM	130.70313	127.41522	128.98161	126.11421	126.07582	126.56341	123.80974	124.21978	127.27403	124.55876	127.28448	128.82442	127.25521	127.28319
7/29/2025	5:04:24 PM	130.35394	127.09159	128.65892	125.80552	125.77395	126.25263	123.51457	123.91176	126.95014	124.25432	126.95198	128.47735	126.92140	126.95283
7/29/2025	5:04:27 PM	129.99816	126.76078	128.32650	125.48585	125.46185	125.93410	123.21256	123.60777	126.63837	123.96758	126.63450	128.14657	126.60451	126.64592
7/29/2025	5:04:31 PM	129.66961	126.45266	128.01710	125.19047	125.17322	125.63894	122.93065	123.32663	126.35366	123.70449	126.33135	127.82196	126.29512	126.35160
7/29/2025	5:04:34 PM	129.34680	126.15446	127.71873	124.90725	124.89748	125.35750	122.67394	123.07379	126.10413	123.47441	126.06570	127.53695	126.02484	126.10898
7/29/2025	5:04:38 PM	129.05736	125.88508	127.44983	124.65349	124.65406	125.10973	122.44753	122.85881	125.87675	123.26291	125.82794	127.27749	125.77559	125.89592
7/29/2025	5:04:41 PM	128.78820	125.63327	127.19398	124.41092	124.41846	124.87006	122.23215	122.65275	125.64453	123.05148	125.60879	127.04256	125.56014	125.71708
7/29/2025	5:04:45 PM	128.55116	125.41452	126.97309	124.20608	124.22365	124.67080	122.05797	122.47834	125.43591	122.86198	125.41436	126.83393	125.37265	125.54547
7/29/2025	5:04:48 PM	128.32866	125.20704	126.75908	124.00413	124.02775	124.47132	121.88275	122.29904	125.22295	122.66679	125.21607	126.62604	125.19088	125.36449
7/29/2025	5:04:52 PM	128.11508	125.01140	126.55717	123.81563	123.84670	124.28661	121.72253	122.13217	125.02361	122.48473	125.02843	126.43412	125.02406	125.18505
7/29/2025	5:04:55 PM	127.91769	124.83198	126.36911	123.64072	123.68050	124.11848	121.58075	121.98543	124.84830	122.32397	124.86414	126.26744	124.87646	125.02666
7/29/2025	5:04:59 PM	127.74757	124.68018	126.21052	123.49886	123.54697	123.98310	121.46945	121.86913	124.70543	122.19561	124.72835	126.12861	124.75038	124.88835
7/29/2025	5:05:02 PM	127.60026	124.54964	126.07045	123.37092	123.42238	123.85222	121.36123	121.75380	124.55975	122.05974	124.58012	125.97449	124.60505	124.73477
7/29/2025	5:05:06 PM	127.43694	124.40842	125.91974	123.23488	123.29314	123.71586	121.24590	121.63425	124.41488	121.92974	124.43679	125.82767	124.46706	124.59037
7/29/2025	5:05:09 PM	127.28644	124.27890	125.78204	123.10811	123.16926	123.58524	121.13314	121.51874	124.27454	121.80509	124.29915	125.68565	124.33394	124.45501
7/29/2025	5:05:13 PM	127.14005	124.15568	125.65095	122.99195	123.05809	123.46834	121.03738	121.42090	124.15292	121.69679	124.17474	125.55566	124.21298	124.33240
7/29/2025	5:05:16 PM	127.00443	124.04209	125.52886	122.88122	122.95229	123.35615	120.94434	121.32521	124.03336	121.59048	124.04985	125.42376	124.09125	124.20887
7/29/2025	5:05:20 PM	126.86438	123.92467	125.40131	122.76648	122.83911	123.23449	120.84425	121.22513	123.91081	121.48495	123.92721	125.29583	123.97699	124.09511
7/29/2025	5:05:23 PM	126.73616	123.82082	125.29103	122.67142	122.74916	123.13884	120.77030	121.14959	123.81400	121.40422	123.82641	125.18698	123.88028	123.99721
7/29/2025	5:05:27 PM	126.62019	123.72726	125.18854	122.58361	122.66518	123.04758	120.69842	121.07362	123.71675	121.32404	123.72432	125.07560	123.78217	123.89851
7/29/2025	5:05:31 PM	126.50299	123.63204	125.08640	122.49387	122.57884	122.95285	120.62077	120.99290	123.61724	121.24427	123.62347	124.96683	123.68784	123.80530
7/29/2025	5:05:34 PM	126.38790	123.54062	124.98511	122.40902	122.49624	122.86267	120.54911	120.91804	123.52204	121.16786	123.52603	124.85991	123.59867	123.71586
7/29/2025	5:05:38 PM	126.27742	123.45347	124.89283	122.33214	122.42422	122.78394	120.48876	120.85504	123.44221	121.10905	123.44616	124.77048	123.52491	123.64121
7/29/2025	5:05:41 PM	126.18154	123.37878	124.80942	122.26428	122.35866	122.70944	120.43182	120.79260	123.36089	121.04785	123.36235	124.67708	123.44829	123.56477
7/29/2025	5:05:45 PM	126.08368	123.30505	124.72846	122.20204	122.30088	122.64554	120.38743	120.74477	123.29776	121.00581	123.29826	124.60260	123.38903	123.50474
7/29/2025	5:05:48 PM	126.00032	123.24164	124.65793	122.14660	122.24669	122.58196	120.34001	120.69292	123.22877	120.95770	123.22971	124.52437	123.32722	123.44260
7/29/2025	5:05:52 PM	125.91714	123.18129	124.58976	122.09621	122.19937	122.52664	120.30189	120.64949	123.16863	120.91697	123.16583	124.44927	123.26843	123.38277
7/29/2025	5:05:56 PM	125.83482	123.12247	124.52381	122.04786	122.15331	122.47323	120.26589	120.60938	123.11274	120.88240	123.11025	124.38461	123.22040	123.33609
7/29/2025	5:05:59 PM	125.76917	123.07915	124.47486	122.01651	122.12673	122.43887	120.24910	120.58927	123.07737	120.86771	123.07478	124.33799	123.19025	123.30473
7/29/2025	5:06:03 PM	125.71730	123.04904	124.43586	121.99387	122.10635	122.41077	120.23866	120.57487	123.04664	120.85790	123.04455	124.29827	123.16511	123.27916
7/29/2025	5:06:06 PM	125.67118	123.02483	124.40529	121.98201	122.09498	122.39076	120.23558	120.56657	123.02102	120.85313	123.01798	124.26090	123.14336	123.25726
7/29/2025	5:06:10 PM	125.62868	123.00524	124.37845	121.97284	122.08729	122.37497	120.23683	120.56476	123.00342	120.85769	123.00073	124.23212	123.12999	123.24338
7/29/2025	5:06:13 PM	125.59396	122.99328	124.35896	121.97113	122.08903	122.36827	120.24841	120.57166	122.99309	120.86945	122.98976	124.21109	123.12465	123.23770
7/29/2025	5:06:17 PM	125.56818	122.99054	124.34894	121.97919	122.10036	122.37050	120.26881	120.58828	122.99368	120.89226	122.99018	124.20086	123.12853	123.24146
7/29/2025	5:06:21 PM	125.55279	122.99761	124.34931	121.99784	122.12283	122.38484	120.30159	120.61668	123.00641	120.92637	123.00325	124.20383	123.14446	123.25717
7/29/2025	5:06:24 PM	125.55074	123.01780	124.36144	122.02803	122.15663	122.41154	120.34659	120.65762	123.03148	120.97285	123.02878	124.21862	123.17152	123.28415
7/29/2025	5:06:28 PM	125.55988	123.04885	124.38442	122.07032	122.20266	122.44989	120.40354	120.71029	123.06871	121.03117	123.06588	124.24605	123.20985	123.32173
7/29/2025	5:06:32 PM	125.58059	123.09003	124.41703	122.12178	122.25840	122.49989	120.47244	120.77524	123.11878	121.10390	123.11765	124.28687	123.26290	123.37586
7/29/2025	5:06:35 PM	125.61890	123.15152	124.46958	122.19741	122.34163	122.58003	120.57808	120.87772	123.20729	121.21732	123.20764	124.36762	123.35506	123.46871
7/29/2025	5:06:39 PM	125.69796	123.25263	124.56072	122.31598	122.47006	122.70812	120.73390	121.02886	123.34395	121.37809	123.34537	124.49634	123.49339	123.60830
7/29/2025	5:06:42 PM	125.82556	123.40161	124.69877	122.48235	122.64685	122.88407	120.94259	121.23366	123.53251	121.59242	123.53405	124.67304	123.67630	123.79159
7/29/2025	5:06:46 PM	125.99148	123.58834	124.87370	122.68643	122.86283	123.10000	121.19191	121.47537	123.75621	121.84062	123.75514	124.88399	123.89162	124.00655
7/29/2025	5:06:49 PM	126.19472	123.81176	125.08426	122.92835	123.11696	123.35229	121.47891	121.75383	124.01398	122.12314	124.00951	125.12633	124.13768	124.25127
7/29/2025	5:06:53 PM	126.42564	124.06577	125.32430	123.19711	123.39632	123.62927	121.79040	122.05679	124.29438	122.42853	124.28782	125.39348	124.40950	124.52422
7/29/2025	5:06:56 PM	126.68244	124.34726	125.59168	123.49365	123.70317	123.93131	122.12710	122.38705	124.60081	122.76210	124.59353	125.68535	124.70553	124.81923
7/29/2025	5:07:00 PM	126.96340	124.65154	125.88090	123.81259	124.03306	124.25713	122.48685	122.73925	124.92663	123.11483	124.91657	125.99442	125.01953	125.13264
7/29/2025	5:07:04 PM	127.25902	124.97161	126.18599	124.14577	124.37295	124.59046	122.85288	123.09759	125.25897	123.47304	125.24610	126.31099	125.34347	125.45589
7/29/2025	5:07:07 PM	127.55791	125.29648	126.49704	124.48381	124.71906	124.93119	123.22652	123.46430	125.59735	123.83864	125.58360	126.63355	125.67357	125.78447
7/29/2025	5:07:11 PM	127.86400	125.63043	126.81740	124.82929	125.07145	125.27696	123.60268	123.83376	125.93889	124.20691	125.92439	126.95931	126.00656	126.11758
7/29/2025	5:07:14 PM	128.18185	125.97464	127.14713	125.18283	125.43172	125.63015	123.98492	124.21042	126.28841	124.58245	126.27294	127.29502	126.34998	126.45985
7/29/2025	5:07:18 PM	128.49339	126.31531	127.47251	125.53097	125.78326	125.97357	124.35800	124.57846	126.62827	124.94772	126.61298	127.62125	126.68617	126.79554
7/29/2025	5:07:21 PM	128.81326	126.66235	127.80505	125.88672	126.14630	126.32615	124.73721	124.95224	126.97460	125.31887	126.95906	127.95142	127.02537	127.13282
7/29/2025	5:07:25 PM	129.12331	127.00141	128.13076	126.23474	126.49906	126.67125	125.10892	125.31727	127.31275	125.68148	127.29511	128.27374	127.35824	127.46523
7/29/2025	5:07:28 PM	129.43218	127.33711	128.45261	126.57705	126.84255	127.00820	125.46939	125.67402	127.64163	126.03430	127.62647	128.59283	127.68641	127.79325
7/29/2025	5:07:32 PM	129.73685	127.66947	128.77098	126.91604	127.18458	127.34121	125.82150	126.02574	127.96735	126.38291	127.95109	128.90310	128.00515	128.11151
7/29/2025	5:07:35 PM	130.03731	127.99727	129.08446	127.24944	127.52192	127.67117	126.17580	126.37486	128.29053	126.72959	128.27559	129.21386	128.32711	128.43206
7/29/2025	5:07:39 PM	130.33347	128.31983	129.39339	127.57708	127.85040	127.99253	126.51609	126.71170	128.60207	127.06092	128.58464	129.51010	128.63316	128.73669
7/29/2025	5:07:42 PM	130.61679	128.62791	129.69043	127.89307	128.16718	128.30328	126.84678	127.04055	128.90674	127.38848	128.89090	129.80438	128.93556	129.03829
7/29/2025	5:07:46 PM	130.90141	128.93966	129.98922	128.20872	128.48496	128.61368	127.17752	127.36876	129.21168	127.71448	129.19749	130.09897	129.24155	129.34526
7/29/2025	5:07:49 PM	131.18830	129.25230	130.28895	128.52648	128.80315	128.92534	127.50871	127.69690	129.51416	128.03487	129.48860	130.36801	129.53438	129.63331
7/29/2025	5:07:53 PM	131.39416	129.50114	130.55536	128.85148	129.17900	129.32143	127.92151	128.07539	129.80114	128.25873	129.62779	130.44491	129.83702	129.90417
7/29/2025	5:07:56 PM	131.45146	129.66119	130.71467	128.92009	129.15184	128.59889	127.14245	126.70525	128.05478	126.81823	127.68985	128.12967	127.13256	126.73693
7/29/2025	5:08:00 PM	127.56008	125.46286	126.00750	123.90591	123.80928	123.62787	121.97503	121.13692	122.06525	121.76892	121.19473	122.15962	121.27117	120.63651
7/29/2025	5:08:03 PM	120.40241	118.74511	119.52429	118.20138	117.74405	117.53788	115.71867	114.69110	116.56806	116.80035	113.18204	116.75301	116.92170	116.16700
7/29/2025	5:08:07 PM	115.10100	113.71948	114.60483	113.25958	112.55283	112.86544	111.73108	109.98563	111.92701	112.30075	108.17151	112.69049	113.34070	112.45248
7/29/2025	5:08:10 PM	111.63977	110.12138	111.29545	110.21568	109.86856	110.53301	109.35356	108.07684	109.83292	109.40513	104.28448	109.77757	110.81375	110.09137
7/29/2025	5:08:14 PM	109.31536	107.71756	108.92630	108.21058	108.31323	109.10499	107.74289	106.82409	108.37624	107.20466	101.31313	107.59385	108.79516	108.29050
7/29/2025	5:08:17 PM	107.41325	105.74262	107.23103	106.53356	106.94839	107.82047	106.38450	105.76064	107.17844	105.50941	98.93199	105.86603	107.07146	106.76405
7/29/2025	5:08:21 PM	105.88930	104.20025	105.80525	105.11850	105.75913	106.70232	105.21129	104.79625	106.13528	104.08415	97.06119	104.43424	105.64168	105.46243
7/29/2025	5:08:24 PM	104.62428	102.91732	104.62680	103.93127	104.73816	105.73622	104.20900	103.93875	105.22302	102.90394	95.60672	103.25719	104.45453	104.36275
7/29/2025	5:08:28 PM	103.54561	101.83365	103.59513	102.90731	103.83107	104.86431	103.30751	103.14340	104.38314	101.85977	94.45034	102.20592	103.39548	103.36098
7/29/2025	5:08:31 PM	102.58840	100.88389	102.67336	101.98139	102.99407	104.05598	102.49319	102.39769	103.60595	100.94523	93.55426	101.28950	102.46438	102.47120
7/29/2025	5:08:35 PM	101.70986	100.01297	101.80744	101.13095	102.20976	103.29126	101.73951	101.69911	102.87815	100.12332	92.85151	100.44857	101.62187	101.66304
7/29/2025	5:08:38 PM	100.90201	99.21654	101.01173	100.34522	101.47368	102.56464	101.02658	101.02237	102.17683	99.36015	92.27863	99.67843	100.83673	100.90461
7/29/2025	5:08:42 PM	100.16271	98.50261	100.28175	99.62982	100.79892	101.89087	100.37380	100.39217	101.52178	98.66403	91.81824	98.96430	100.12190	100.21484
7/29/2025	5:08:45 PM	99.48303	97.84416	99.61062	98.96822	100.17375	101.26947	99.77593	99.81582	100.92841	98.04904	91.46544	98.33407	99.49381	99.60567
7/29/2025	5:08:49 PM	98.87296	97.25960	99.00999	98.38224	99.60749	100.69892	99.22891	99.28102	100.36851	97.47686	91.17245	97.73924	98.90196	99.02677
7/29/2025	5:08:52 PM	98.29038	96.70044	98.43379	97.81946	99.06519	100.15239	98.71199	98.76870	99.83831	96.94200	90.93083	97.18499	98.35729	98.49425
7/29/2025	5:08:56 PM	97.75923	96.19320	97.91359	97.30626	98.56648	99.64240	98.23104	98.29773	99.35156	96.46097	90.73918	96.68574	97.86536	98.01371
7/29/2025	5:08:59 PM	97.28306	95.74369	97.43903	96.84344	98.11575	99.18244	97.79579	97.86579	98.89774	96.01429	90.57266	96.21277	97.39890	97.55442
7/29/2025	5:09:03 PM	96.81795	95.30761	96.97214	96.39086	97.67372	98.72906	97.37057	97.44232	98.45799	95.58671	90.42037	95.76453	96.95261	97.11650
7/29/2025	5:09:06 PM	96.38433	94.89476	96.53944	95.96927	97.26066	98.30642	96.97280	97.04721	98.04415	95.18868	90.28635	95.35158	96.54575	96.71704
7/29/2025	5:09:10 PM	95.98200	94.51677	96.14319	95.57647	96.87561	97.90376	96.59915	96.67312	97.64874	94.81174	90.16333	94.94735	96.14867	96.32916
7/29/2025	5:09:13 PM	95.59985	94.16143	95.76532	95.20754	96.51080	97.52719	96.24734	96.32251	97.27809	94.45981	90.05280	94.58022	95.78209	95.96918
7/29/2025	5:09:17 PM	95.23953	93.82500	95.40395	94.85969	96.16665	97.16972	95.91242	95.98820	96.92801	94.13073	89.94790	94.22532	95.43590	95.62839
7/29/2025	5:09:20 PM	94.89506	93.49790	95.06445	94.52232	95.83343	96.82335	95.59319	95.66836	96.58791	93.81241	89.84358	93.88762	95.10331	95.30252
7/29/2025	5:09:24 PM	94.57507	93.19579	94.74519	94.21219	95.52846	96.50702	95.29801	95.37277	96.27718	93.52191	89.75398	93.58273	94.79956	95.00326
7/29/2025	5:09:27 PM	94.28006	92.91541	94.44580	93.92253	95.23964	96.20619	95.01618	95.09014	95.97785	93.24585	89.66347	93.28687	94.50914	94.71646
7/29/2025	5:09:31 PM	93.98257	92.64163	94.15365	93.63686	94.95319	95.90551	94.73500	94.81034	95.68236	92.97425	89.57177	92.99688	94.22072	94.43174
7/29/2025	5:09:34 PM	93.70056	92.37993	93.88119	93.36104	94.67917	95.61758	94.46799	94.54403	95.39994	92.71455	89.48031	92.72323	93.94723	94.16309
7/29/2025	5:09:38 PM	93.42799	92.12777	93.61168	93.09586	94.41112	95.33958	94.20933	94.28455	95.12316	92.46175	89.39243	92.45972	93.68386	93.90199
7/29/2025	5:09:41 PM	93.17121	91.89290	93.36222	92.85122	94.16185	95.07913	93.96881	94.04425	94.86821	92.22908	89.31036	92.21316	93.43547	93.65632
7/29/2025	5:09:45 PM	92.92327	91.66477	93.11811	92.61238	93.92240	94.82706	93.73387	93.81084	94.62073	92.00443	89.22990	91.97650	93.20020	93.42452
7/29/2025	5:09:48 PM	92.68822	91.44902	92.88387	92.38408	93.69133	94.58273	93.50753	93.58280	94.37750	91.78316	89.14260	91.74134	92.96333	93.19005
7/29/2025	5:09:52 PM	92.45927	91.23587	92.65909	92.15927	93.46346	94.34490	93.28801	93.36409	94.14617	91.57488	89.06335	91.52350	92.74228	92.97108
7/29/2025	5:09:55 PM	92.23752	91.02952	92.43742	91.94437	93.24720	94.11401	93.07404	93.15057	93.91675	91.37058	88.98021	91.31224	92.52382	92.75607
7/29/2025	5:09:59 PM	92.02562	90.83345	92.22597	91.73803	93.03559	93.89278	92.86833	92.94465	93.69792	91.17419	88.89615	91.10399	92.31294	92.54820
7/29/2025	5:10:02 PM	91.81667	90.63736	92.01849	91.52815	92.82357	93.66938	92.65907	92.73663	93.47938	90.97748	88.81070	90.90119	92.10499	92.34133
7/29/2025	5:10:06 PM	91.61268	90.45011	91.81996	91.33147	92.62239	93.45429	92.45996	92.53695	93.26566	90.78805	88.72383	90.70303	91.90053	92.13983
7/29/2025	5:10:09 PM	91.41810	90.26795	91.62477	91.13899	92.42913	93.24906	92.27021	92.34699	93.06379	90.60888	88.64057	90.51646	91.70928	91.95030
7/29/2025	5:10:13 PM	91.22794	90.09133	91.43580	90.95359	92.23988	93.05136	92.08406	92.16108	92.86714	90.43526	88.55899	90.33698	91.52421	91.76738
7/29/2025	5:10:16 PM	91.04516	89.92233	91.25389	90.77647	92.05451	92.85457	91.90306	91.97923	92.67475	90.26540	88.47383	90.16050	91.33994	91.58293
7/29/2025	5:10:20 PM	90.86653	89.75630	91.07689	90.60111	91.87558	92.66507	91.72667	91.80291	92.48766	90.10200	88.39042	89.99061	91.16275	91.40705
7/29/2025	5:10:23 PM	90.69339	89.59566	90.90806	90.43188	91.70075	92.47705	91.55077	91.62571	92.30115	89.93833	88.30603	89.82420	90.98699	91.23257
7/29/2025	5:10:27 PM	90.52205	89.43810	90.73511	90.26350	91.52725	92.29243	91.37966	91.45522	92.11961	89.78078	88.22306	89.66178	90.81520	91.05963
7/29/2025	5:10:30 PM	90.35634	89.28513	90.57064	90.09914	91.36043	92.11240	91.21203	91.28753	91.94414	89.62649	88.13778	89.50503	90.65083	90.89625
7/29/2025	5:10:34 PM	90.19450	89.13552	90.40521	89.93890	91.19390	91.93615	91.04714	91.12098	91.76862	89.47212	88.05172	89.34799	90.48425	90.73005
7/29/2025	5:10:37 PM	90.03818	88.99322	90.24889	89.78295	91.03394	91.76472	90.88799	90.96149	91.60144	89.32769	87.96938	89.20113	90.32822	90.57318
7/29/2025	5:10:41 PM	89.88566	88.85441	90.09624	89.63127	90.87746	91.59780	90.73249	90.80676	91.43740	89.18402	87.88537	89.05493	90.17065	90.41707
7/29/2025	5:10:44 PM	89.73478	88.71419	89.94461	89.48251	90.72413	91.43380	90.57918	90.65201	91.27506	89.04512	87.80347	88.91454	90.02111	90.26550
7/29/2025	5:10:48 PM	89.59113	88.58032	89.80239	89.34005	90.57580	91.27448	90.43030	90.50285	91.11975	88.91115	87.72147	88.77896	89.87560	90.11946
7/29/2025	5:10:51 PM	89.44813	88.44642	89.65941	89.19815	90.42738	91.11841	90.28473	90.35727	90.96576	88.77897	87.63884	88.64258	89.72936	89.97466
7/29/2025	5:10:55 PM	89.30877	88.31800	89.51995	89.05923	90.28412	90.96433	90.14019	90.21294	90.81369	88.64821	87.55848	88.51026	89.58709	89.83102
7/29/2025	5:10:58 PM	89.17002	88.19129	89.38417	88.92344	90.14371	90.81405	89.99933	90.07131	90.66629	88.52065	87.47632	88.38008	89.44682	89.69011
7/29/2025	5:11:02 PM	89.03466	88.06857	89.24981	88.78789	90.00514	90.66376	89.86063	89.93109	90.51886	88.39599	87.39487	88.25330	89.31076	89.55368
7/29/2025	5:11:05 PM	88.90665	87.94967	89.12126	88.65897	89.86994	90.52161	89.72702	89.79785	90.37851	88.27519	87.31751	88.13365	89.18059	89.42270
7/29/2025	5:11:09 PM	88.77906	87.83304	88.99363	88.53198	89.73747	90.37734	89.59287	89.66220	90.23754	88.15579	87.23598	88.01058	89.04595	89.28845
7/29/2025	5:11:12 PM	88.65384	87.71646	88.86831	88.40558	89.60653	90.23573	89.45884	89.52791	90.09676	88.03506	87.15377	87.88986	88.91468	89.15630
7/29/2025	5:11:16 PM	88.53118	87.60272	88.74369	88.28272	89.47831	90.09836	89.33074	89.39915	89.96196	87.92115	87.07541	87.77465	88.79055	89.03141
7/29/2025	5:11:19 PM	88.41071	87.49296	88.62443	88.16087	89.35292	89.96516	89.20634	89.27500	89.83205	87.81098	86.99985	87.66457	88.66950	88.90924
7/29/2025	5:11:23 PM	88.29577	87.38595	88.50913	88.04386	89.22972	89.83285	89.08365	89.15041	89.70261	87.70010	86.92245	87.55372	88.54863	88.78678
7/29/2025	5:11:26 PM	88.17831	87.27836	88.39170	87.92538	89.10754	89.70232	88.95969	89.02719	89.57281	87.59081	86.84446	87.44331	88.42805	88.66600
7/29/2025	5:11:30 PM	88.06583	87.17402	88.27837	87.81322	88.98966	89.57683	88.84293	88.90866	89.44950	87.48677	86.76959	87.33894	88.31349	88.55051
7/29/2025	5:11:33 PM	87.95614	87.07130	88.16465	87.70091	88.87408	89.45216	88.72481	88.79053	89.32570	87.38175	86.69319	87.23264	88.19706	88.43272
7/29/2025	5:11:37 PM	87.84531	86.97106	88.05558	87.59148	88.75794	89.32778	88.60832	88.67283	89.20317	87.27815	86.61613	87.13037	88.08448	88.31823
7/29/2025	5:11:40 PM	87.73725	86.87364	87.94450	87.48426	88.64476	89.20759	88.49361	88.55763	89.08403	87.17638	86.53947	87.02845	87.97135	88.20490
7/29/2025	5:11:44 PM	87.63161	86.77553	87.83765	87.37628	88.53272	89.08779	88.38082	88.44514	88.96608	87.07715	86.46406	86.92789	87.86197	88.09466
7/29/2025	5:11:47 PM	87.52774	86.67855	87.73440	87.27370	88.42422	88.97364	88.27365	88.33624	88.85281	86.98253	86.39298	86.83360	87.75773	87.98939
7/29/2025	5:11:51 PM	87.43040	86.58768	87.63432	87.17707	88.32342	88.86480	88.17116	88.23215	88.74453	86.89069	86.32271	86.74071	87.65645	87.88683
7/29/2025	5:11:54 PM	87.33477	86.49861	87.53689	87.07860	88.22033	88.75497	88.06722	88.12652	88.63452	86.79882	86.25122	86.65018	87.55363	87.78237
7/29/2025	5:11:57 PM	87.23499	86.40625	87.43622	86.97801	88.11504	88.64212	87.96150	88.02021	88.52358	86.70469	86.17769	86.55621	87.44990	87.67759
7/29/2025	5:12:01 PM	87.13660	86.31614	87.33797	86.87922	88.01031	88.53008	87.85529	87.91291	88.41206	86.61103	86.10419	86.46309	87.34666	87.57289
7/29/2025	5:12:05 PM	87.04070	86.22861	87.24041	86.78171	87.90918	88.42091	87.75204	87.80868	88.30465	86.52044	86.03198	86.37140	87.24619	87.47136
7/29/2025	5:12:08 PM	86.94566	86.14206	87.14512	86.68463	87.80768	88.31314	87.65060	87.70510	88.19812	86.43017	85.95958	86.28124	87.14705	87.37153
7/29/2025	5:12:11 PM	86.85116	86.05628	87.05078	86.59202	87.70864	88.20715	87.55036	87.60428	88.09382	86.34308	85.88856	86.19433	87.05030	87.27318
7/29/2025	5:12:15 PM	86.76018	85.97086	86.95784	86.49958	87.61214	88.10382	87.45257	87.50616	87.99108	86.25633	85.82040	86.10945	86.95573	87.17678
7/29/2025	5:12:19 PM	86.67159	85.89041	86.86680	86.40933	87.51830	88.00206	87.35656	87.40868	87.88988	86.17186	85.75072	86.02473	86.86143	87.08141
7/29/2025	5:12:22 PM	86.58293	85.80848	86.77622	86.32136	87.42349	87.89913	87.26034	87.31018	87.78913	86.08738	85.67883	85.94054	86.76719	86.98518
7/29/2025	5:12:26 PM	86.48997	85.72385	86.68203	86.23037	87.32617	87.79486	87.16105	87.21125	87.68658	86.00063	85.60689	85.85414	86.67178	86.88910
7/29/2025	5:12:29 PM	86.40287	85.64440	86.59269	86.14029	87.23402	87.69502	87.06718	87.11557	87.58685	85.91751	85.53589	85.77077	86.57752	86.79496
7/29/2025	5:12:33 PM	86.31340	85.56473	86.50260	86.05327	87.14077	87.59336	86.97195	87.01886	87.48656	85.83298	85.46476	85.68750	86.48508	86.70003
7/29/2025	5:12:37 PM	86.22775	85.48535	86.41476	85.96604	87.04766	87.49493	86.87869	86.92508	87.38997	85.75140	85.39596	85.60693	86.39515	86.60959
7/29/2025	5:12:40 PM	86.14391	85.40983	86.32887	85.88175	86.95878	87.39870	86.78769	86.83376	87.29519	85.67307	85.32845	85.52898	86.30762	86.52025
7/29/2025	5:12:44 PM	86.06040	85.33280	86.24219	85.79765	86.86977	87.30160	86.69721	86.74145	87.19955	85.59241	85.25906	85.44814	86.21876	86.42971
7/29/2025	5:12:47 PM	85.97904	85.25829	86.15860	85.71583	86.78233	87.20834	86.60940	86.65242	87.10757	85.51576	85.19373	85.37243	86.13399	86.34383
7/29/2025	5:12:51 PM	85.89866	85.18415	86.07747	85.63435	86.69507	87.11457	86.52059	86.56279	87.01566	85.43905	85.12686	85.29528	86.04802	86.25526
7/29/2025	5:12:55 PM	85.81790	85.11018	85.99464	85.55296	86.60899	87.02066	86.43207	86.47334	86.92227	85.36048	85.05835	85.21794	85.96261	86.16828
7/29/2025	5:12:58 PM	85.74045	85.03955	85.91611	85.47564	86.52755	86.93237	86.34959	86.38946	86.83559	85.28860	84.99611	85.14542	85.88266	86.08628
7/29/2025	5:13:02 PM	85.66405	84.97080	85.83956	85.39841	86.44687	86.84368	86.26586	86.30485	86.74832	85.21579	84.93135	85.07319	85.80227	86.00348
7/29/2025	5:13:05 PM	85.58866	84.90137	85.76196	85.32269	86.36596	86.75719	86.18388	86.22175	86.66287	85.14365	84.86850	85.00266	85.72416	85.92398
7/29/2025	5:13:09 PM	85.51617	84.83572	85.68610	85.24988	86.28823	86.67227	86.10425	86.14104	86.57818	85.07414	84.80671	84.93308	85.64604	85.84432
7/29/2025	5:13:13 PM	85.44532	84.76822	85.61069	85.17617	86.21000	86.58806	86.02463	86.06056	86.49617	85.00539	84.74456	84.86429	85.56979	85.76638
7/29/2025	5:13:16 PM	85.37320	84.70257	85.53547	85.10494	86.13442	86.50557	85.94701	85.98189	86.41449	84.93660	84.68346	84.79533	85.49463	85.68912
7/29/2025	5:13:20 PM	85.30183	84.63924	85.46423	85.03432	86.05938	86.42421	85.87037	85.90444	86.33376	84.86977	84.62363	84.72951	85.42109	85.61442
7/29/2025	5:13:23 PM	85.23336	84.57720	85.39426	84.96504	85.98669	86.34521	85.79553	85.82810	86.25577	84.80444	84.56473	84.66439	85.34917	85.54083
7/29/2025	5:13:27 PM	85.16450	84.51473	85.32540	84.89607	85.91416	86.26524	85.72057	85.75166	86.17662	84.73900	84.50523	84.59856	85.27693	85.46648
7/29/2025	5:13:30 PM	85.09850	84.45213	85.25670	84.82941	85.84397	86.18915	85.64819	85.67888	86.10104	84.67549	84.44811	84.53511	85.20726	85.39506
7/29/2025	5:13:34 PM	85.03229	84.39187	85.18787	84.76177	85.77285	86.11153	85.57514	85.60450	86.02426	84.61154	84.39041	84.47406	85.13746	85.32370
7/29/2025	5:13:38 PM	84.96913	84.33462	85.12198	84.69716	85.70478	86.03722	85.50500	85.53313	85.95046	84.55001	84.33424	84.41381	85.06964	85.25460
7/29/2025	5:13:41 PM	84.90393	84.27739	85.05694	84.63253	85.63570	85.96227	85.43425	85.46076	85.87574	84.48741	84.27690	84.35112	85.00105	85.18355
7/29/2025	5:13:45 PM	84.83985	84.21905	84.99274	84.56881	85.56900	85.88919	85.36564	85.39122	85.80373	84.42753	84.22224	84.29202	84.93541	85.11645
7/29/2025	5:13:48 PM	84.77904	84.16264	84.93038	84.50558	85.50240	85.81659	85.29721	85.32255	85.73257	84.36847	84.16713	84.23235	84.86973	85.04897
7/29/2025	5:13:52 PM	84.71629	84.10556	84.86716	84.44281	85.43637	85.74433	85.22820	85.25213	85.65991	84.30753	84.11121	84.17282	84.80312	84.97989
7/29/2025	5:13:56 PM	84.65474	84.04883	84.80287	84.37913	85.36901	85.67048	85.15961	85.18236	85.58766	84.24860	84.05673	84.11402	84.73883	84.91429
7/29/2025	5:13:59 PM	84.59775	83.99658	84.74400	84.32131	85.30773	85.60375	85.09644	85.11833	85.52229	84.19316	84.00596	84.05981	84.67815	84.85126
7/29/2025	5:14:03 PM	84.53978	83.94291	84.68387	84.26161	85.24387	85.53375	85.03055	85.05159	85.45270	84.13499	83.95177	84.00276	84.61439	84.78657
7/29/2025	5:14:07 PM	84.48239	83.89008	84.62503	84.20437	85.18319	85.46722	84.96795	84.98754	85.38651	84.07968	83.89957	83.94763	84.55379	84.72375
7/29/2025	5:14:10 PM	84.42438	83.83738	84.56666	84.14598	85.12182	85.40134	84.90503	84.92343	85.32057	84.02499	83.84830	83.89420	84.49399	84.66264
7/29/2025	5:14:14 PM	84.36918	83.78541	84.50920	84.08858	85.06155	85.33471	84.84294	84.85987	85.25579	83.97100	83.79766	83.84065	84.43456	84.60147
7/29/2025	5:14:17 PM	84.31521	83.73695	84.45378	84.03348	85.00257	85.27029	84.78234	84.79844	85.19273	83.91849	83.74836	83.78830	84.37732	84.54212
7/29/2025	5:14:21 PM	84.26170	83.68818	84.39923	83.97850	84.94443	85.20661	84.72179	84.73604	85.12886	83.86552	83.69771	83.73501	84.31918	84.48207
7/29/2025	5:14:25 PM	84.20752	83.63837	84.34466	83.92431	84.88673	85.14307	84.66196	84.67530	85.06580	83.81311	83.64838	83.68408	84.26170	84.42287
7/29/2025	5:14:28 PM	84.15425	83.59013	84.29078	83.87087	84.82862	85.08015	84.60354	84.61547	85.00471	83.76202	83.60163	83.63366	84.20626	84.36594
7/29/2025	5:14:32 PM	84.10191	83.54255	84.23650	83.81739	84.77263	85.01894	84.54523	84.55588	84.94287	83.71081	83.55245	83.58359	84.15047	84.30781
7/29/2025	5:14:35 PM	84.04848	83.49455	84.18309	83.76356	84.71662	84.95714	84.48656	84.49674	84.88219	83.66018	83.50471	83.53410	84.09497	84.25185
7/29/2025	5:14:39 PM	84.00032	83.44990	84.13212	83.71352	84.66302	84.89828	84.43124	84.44010	84.82335	83.61162	83.45859	83.48661	84.04241	84.19698
7/29/2025	5:14:43 PM	83.94995	83.40438	84.08185	83.66417	84.60955	84.83987	84.37649	84.38414	84.76564	83.56249	83.41177	83.43854	83.98864	84.14169
7/29/2025	5:14:46 PM	83.89937	83.35889	84.03122	83.61305	84.55611	84.78160	84.32112	84.32733	84.70902	83.51593	83.36930	83.39451	83.93785	84.08937
7/29/2025	5:14:50 PM	83.85046	83.31562	83.98188	83.56472	84.50579	84.72696	84.26941	84.27174	84.64515	83.45669	83.30836	83.32982	83.88567	84.03012
