4/23/2025	4:42:52 PM	76.37089	76.39255	76.47441	76.32944	76.34392	76.23222	76.32487	76.27721	76.17129	76.17143	76.44777	76.42916	76.37982	76.58990
4/23/2025	4:42:55 PM	76.37195	76.39235	76.47642	76.33076	76.34449	76.23310	76.32593	76.27766	76.17208	76.17226	76.44732	76.42697	76.38003	76.58976
4/23/2025	4:42:59 PM	76.37168	76.39541	76.47764	76.33111	76.34373	76.23347	76.32701	76.27873	76.17182	76.17356	76.44576	76.42491	76.38108	76.59112
4/23/2025	4:43:03 PM	76.37117	76.39904	76.47875	76.33159	76.34420	76.23362	76.32742	76.27956	76.17224	76.17487	76.44513	76.42239	76.38165	76.59122
4/23/2025	4:43:06 PM	76.37140	76.39947	76.48002	76.33267	76.34415	76.23345	76.32755	76.28045	76.17222	76.17566	76.44596	76.42014	76.38171	76.59183
4/23/2025	4:43:10 PM	76.37246	76.39932	76.48117	76.33401	76.34427	76.23333	76.32688	76.28071	76.17142	76.17603	76.44601	76.41817	76.38130	76.59196
4/23/2025	4:43:13 PM	76.37170	76.39991	76.48292	76.33536	76.34385	76.23347	76.32828	76.28035	76.17106	76.17651	76.44646	76.41718	76.38118	76.59216
4/23/2025	4:43:17 PM	76.37087	76.40014	76.48406	76.33755	76.34396	76.23333	76.32667	76.27972	76.17105	76.17661	76.44611	76.42024	76.38144	76.59311
4/23/2025	4:43:21 PM	76.37219	76.39904	76.48480	76.33773	76.34408	76.23349	76.32517	76.28057	76.17138	76.17642	76.44476	76.41875	76.38226	76.59316
4/23/2025	4:43:24 PM	76.37192	76.39860	76.48525	76.33768	76.34444	76.23449	76.32632	76.28079	76.17201	76.17651	76.44365	76.41697	76.38330	76.59454
4/23/2025	4:43:28 PM	76.37475	76.39803	76.48497	76.33747	76.34418	76.23458	76.32640	76.28124	76.17218	76.17540	76.44378	76.41649	76.38395	76.59481
4/23/2025	4:43:31 PM	76.37747	76.39781	76.48594	76.33796	76.34491	76.23527	76.32642	76.28070	76.17206	76.17432	76.44330	76.41732	76.38441	76.59413
4/23/2025	4:43:35 PM	76.37776	76.39660	76.48483	76.33769	76.34496	76.23466	76.32564	76.27975	76.17082	76.17508	76.44308	76.42019	76.38553	76.59416
4/23/2025	4:43:38 PM	76.37463	76.39561	76.48486	76.33783	76.34528	76.23489	76.32523	76.28028	76.17110	76.17616	76.44384	76.42241	76.38588	76.59394
4/23/2025	4:43:42 PM	76.37078	76.39474	76.48443	76.33739	76.34500	76.23451	76.32550	76.28019	76.17143	76.17723	76.44465	76.42209	76.38640	76.59447
4/23/2025	4:43:46 PM	76.36789	76.39482	76.48465	76.33796	76.34515	76.23510	76.32655	76.28131	76.17166	76.17843	76.44529	76.42099	76.38668	76.59499
4/23/2025	4:43:49 PM	76.36779	76.39417	76.48521	76.33876	76.34586	76.23481	76.32674	76.28196	76.17204	76.17970	76.44601	76.42014	76.38614	76.59579
4/23/2025	4:43:53 PM	76.36868	76.39343	76.48571	76.34007	76.34555	76.23498	76.32660	76.28226	76.17229	76.17960	76.44551	76.41938	76.38494	76.59583
4/23/2025	4:43:56 PM	76.36970	76.39342	76.48524	76.34016	76.34578	76.23478	76.32667	76.28113	76.17242	76.17899	76.44510	76.41914	76.38502	76.59624
4/23/2025	4:44:00 PM	76.37153	76.39395	76.48532	76.34169	76.34587	76.23442	76.32659	76.28027	76.17232	76.17814	76.44507	76.41933	76.38481	76.59593
4/23/2025	4:44:03 PM	76.37298	76.39343	76.48453	76.34167	76.34617	76.23449	76.32586	76.27976	76.17154	76.17789	76.44563	76.41924	76.38480	76.59643
4/23/2025	4:44:07 PM	76.37621	76.39428	76.48450	76.34224	76.34675	76.23449	76.32664	76.28056	76.17240	76.17733	76.44560	76.42000	76.38478	76.59613
4/23/2025	4:44:11 PM	76.37702	76.39392	76.48526	76.34153	76.34702	76.23471	76.32624	76.28029	76.17168	76.17742	76.44621	76.42024	76.38531	76.59651
4/23/2025	4:44:14 PM	76.37774	76.39411	76.48587	76.34266	76.34753	76.23474	76.32653	76.28163	76.17161	76.17773	76.44609	76.42018	76.38502	76.59642
4/23/2025	4:44:18 PM	76.37766	76.39420	76.48577	76.34224	76.34710	76.23439	76.32614	76.28160	76.17212	76.17821	76.44640	76.42051	76.38473	76.59660
4/23/2025	4:44:21 PM	76.37784	76.39409	76.48583	76.34253	76.34713	76.23436	76.32625	76.28233	76.17201	76.17790	76.44569	76.42066	76.38487	76.59659
4/23/2025	4:44:25 PM	76.37707	76.39469	76.48695	76.34336	76.34805	76.23494	76.32752	76.28258	76.17224	76.17736	76.44577	76.42237	76.38498	76.59722
4/23/2025	4:44:28 PM	76.37600	76.39428	76.48816	76.34358	76.34791	76.23471	76.32810	76.28266	76.17238	76.17780	76.44609	76.42311	76.38503	76.59730
4/23/2025	4:44:32 PM	76.37544	76.39494	76.48852	76.34368	76.34853	76.23442	76.32861	76.28251	76.17162	76.17841	76.44601	76.42280	76.38560	76.59752
4/23/2025	4:44:35 PM	76.37377	76.39518	76.48879	76.34343	76.34882	76.23446	76.32882	76.28312	76.17183	76.17873	76.44540	76.42186	76.38601	76.59730
4/23/2025	4:44:39 PM	76.37250	76.39517	76.48902	76.34456	76.34916	76.23415	76.32824	76.28332	76.17193	76.17893	76.44492	76.42197	76.38630	76.59760
4/23/2025	4:44:43 PM	76.37178	76.39414	76.48864	76.34450	76.34956	76.23375	76.32845	76.28320	76.17214	76.17945	76.44484	76.42152	76.38665	76.59782
4/23/2025	4:44:46 PM	76.37069	76.39349	76.48924	76.34641	76.34985	76.23440	76.32876	76.28351	76.17221	76.17944	76.44491	76.42103	76.38673	76.59787
4/23/2025	4:44:50 PM	76.36961	76.39346	76.48810	76.34619	76.35059	76.23428	76.32869	76.28328	76.17289	76.17979	76.44543	76.42131	76.38688	76.59798
4/23/2025	4:44:53 PM	76.36951	76.39396	76.48829	76.34695	76.35135	76.23476	76.32846	76.28303	76.17315	76.18033	76.44574	76.42065	76.38660	76.59830
4/23/2025	4:44:57 PM	76.36988	76.39379	76.48865	76.34764	76.35177	76.23435	76.32912	76.28329	76.17336	76.18020	76.44612	76.42020	76.38696	76.59867
4/23/2025	4:45:00 PM	76.36947	76.39423	76.48874	76.34720	76.35196	76.23423	76.32882	76.28365	76.17308	76.18021	76.44581	76.42055	76.38672	76.59854
4/23/2025	4:45:04 PM	76.36916	76.39415	76.48855	76.34733	76.35350	76.23460	76.32981	76.28398	76.17320	76.18002	76.44626	76.42077	76.38699	76.59879
4/23/2025	4:45:08 PM	76.36902	76.39415	76.48848	76.34732	76.35552	76.23474	76.33027	76.28405	76.17268	76.18047	76.44707	76.42066	76.38658	76.59831
4/23/2025	4:45:11 PM	76.36931	76.39346	76.48824	76.34725	76.35598	76.23473	76.33040	76.28390	76.17300	76.18097	76.44786	76.42166	76.38677	76.59921
4/23/2025	4:45:15 PM	76.36937	76.39389	76.48855	76.34753	76.35700	76.23468	76.33094	76.28422	76.17295	76.18044	76.44805	76.42168	76.38727	76.59927
4/23/2025	4:45:18 PM	76.36905	76.39467	76.48881	76.34710	76.35726	76.23496	76.33092	76.28462	76.17316	76.18034	76.44708	76.42063	76.38706	76.59911
4/23/2025	4:45:22 PM	76.36886	76.39496	76.48880	76.34697	76.35708	76.23519	76.33095	76.28421	76.17321	76.18056	76.44858	76.42095	76.38734	76.59902
4/23/2025	4:45:26 PM	76.36965	76.39540	76.48815	76.34669	76.35769	76.23627	76.33113	76.28421	76.17316	76.18080	76.44982	76.42132	76.38729	76.59826
4/23/2025	4:45:29 PM	76.36944	76.39513	76.48791	76.34654	76.35731	76.23735	76.33060	76.28441	76.17285	76.18008	76.44973	76.42058	76.38678	76.59796
4/23/2025	4:45:33 PM	76.36967	76.39474	76.48805	76.34636	76.35731	76.23748	76.33065	76.28426	76.17307	76.18062	76.45077	76.42059	76.38721	76.59871
4/23/2025	4:45:36 PM	76.36984	76.39412	76.48740	76.34637	76.35697	76.23742	76.33043	76.28381	76.17288	76.18066	76.45185	76.42073	76.38698	76.59874
4/23/2025	4:45:40 PM	76.36938	76.39462	76.48776	76.34677	76.35729	76.23813	76.33093	76.28407	76.17334	76.18080	76.45132	76.42005	76.38704	76.59852
4/23/2025	4:45:44 PM	76.36862	76.39393	76.48717	76.34673	76.35628	76.23820	76.33065	76.28340	76.17326	76.18043	76.45024	76.41986	76.38671	76.59832
4/23/2025	4:45:47 PM	76.36857	76.39421	76.48838	76.34636	76.35593	76.23797	76.33076	76.28389	76.17308	76.18096	76.44910	76.42001	76.38739	76.59883
4/23/2025	4:45:51 PM	76.36874	76.39463	76.48864	76.34676	76.35579	76.23842	76.33151	76.28423	76.17279	76.18079	76.44805	76.41963	76.38714	76.59865
4/23/2025	4:45:54 PM	76.36851	76.39490	76.48917	76.34668	76.35526	76.23822	76.33133	76.28415	76.17226	76.18109	76.44812	76.41974	76.38712	76.59861
4/23/2025	4:45:58 PM	76.36781	76.39528	76.48898	76.34598	76.35505	76.23856	76.33159	76.28417	76.17245	76.18077	76.44726	76.41978	76.38742	76.59892
4/23/2025	4:46:01 PM	76.36835	76.39579	76.48890	76.34678	76.35502	76.23961	76.33200	76.28448	76.17254	76.18112	76.44731	76.41981	76.38793	76.59889
4/23/2025	4:46:05 PM	76.36866	76.39600	76.48885	76.34674	76.35525	76.23988	76.33166	76.28384	76.17210	76.18102	76.44674	76.41953	76.38845	76.59894
4/23/2025	4:46:09 PM	76.36957	76.39665	76.48829	76.34680	76.35532	76.23964	76.33193	76.28420	76.17236	76.18124	76.44672	76.41964	76.38917	76.59875
4/23/2025	4:46:12 PM	76.37018	76.39756	76.48883	76.34771	76.35596	76.24014	76.33182	76.28477	76.17285	76.18135	76.44672	76.41991	76.38891	76.59828
4/23/2025	4:46:16 PM	76.37017	76.39691	76.48890	76.34726	76.35620	76.24024	76.33115	76.28410	76.17302	76.18130	76.44660	76.42102	76.38980	76.59812
4/23/2025	4:46:19 PM	76.37111	76.39726	76.48879	76.34712	76.35644	76.23978	76.33070	76.28388	76.17302	76.18096	76.44634	76.42107	76.39034	76.59835
4/23/2025	4:46:23 PM	76.37231	76.39743	76.48915	76.34738	76.35629	76.23951	76.33093	76.28401	76.17259	76.18191	76.44677	76.42091	76.39053	76.59869
4/23/2025	4:46:27 PM	76.37301	76.39738	76.48904	76.34718	76.35685	76.23980	76.33060	76.28405	76.17293	76.18147	76.44693	76.42100	76.39108	76.59870
4/23/2025	4:46:30 PM	76.37307	76.39697	76.48827	76.34740	76.35623	76.23978	76.33077	76.28408	76.17228	76.18079	76.44729	76.42062	76.39100	76.59846
4/23/2025	4:46:34 PM	76.37297	76.39671	76.48850	76.34759	76.35630	76.23979	76.33072	76.28388	76.17258	76.17996	76.44644	76.42074	76.39145	76.59868
4/23/2025	4:46:37 PM	76.37306	76.39679	76.48800	76.34812	76.35588	76.24031	76.33085	76.28419	76.17286	76.18046	76.44726	76.42018	76.39114	76.59855
4/23/2025	4:46:41 PM	76.37231	76.39686	76.48868	76.34799	76.35584	76.24042	76.33118	76.28469	76.17350	76.18064	76.44752	76.42073	76.39092	76.59898
4/23/2025	4:46:44 PM	76.37221	76.39696	76.48840	76.34859	76.35595	76.24041	76.33152	76.28502	76.17328	76.18096	76.44769	76.42124	76.39104	76.59920
4/23/2025	4:46:48 PM	76.37234	76.39674	76.48847	76.34832	76.35533	76.24076	76.33197	76.28530	76.17368	76.18175	76.44783	76.42136	76.39032	76.59930
4/23/2025	4:46:52 PM	76.37228	76.39698	76.48861	76.34842	76.35525	76.24054	76.33160	76.28480	76.17333	76.18133	76.44826	76.42147	76.39071	76.59945
4/23/2025	4:46:55 PM	76.37245	76.39709	76.48808	76.34792	76.35604	76.24081	76.33127	76.28477	76.17384	76.18163	76.44976	76.42207	76.39029	76.59924
4/23/2025	4:46:59 PM	76.37307	76.39788	76.48854	76.34813	76.35562	76.24080	76.33175	76.28482	76.17383	76.18179	76.45154	76.42308	76.39098	76.59931
4/23/2025	4:47:02 PM	76.37387	76.39802	76.48842	76.34771	76.35583	76.24102	76.33244	76.28499	76.17361	76.18109	76.45160	76.42422	76.39135	76.59951
4/23/2025	4:47:06 PM	76.37415	76.39742	76.48799	76.34783	76.35557	76.24092	76.33223	76.28447	76.17282	76.18128	76.45137	76.42340	76.39061	76.59933
4/23/2025	4:47:10 PM	76.37523	76.39751	76.48857	76.34710	76.35568	76.24132	76.33220	76.28458	76.17265	76.18037	76.45033	76.42328	76.39068	76.60009
4/23/2025	4:47:13 PM	76.37782	76.39814	76.48908	76.34820	76.35638	76.24170	76.33266	76.28463	76.17272	76.18113	76.45012	76.42302	76.39026	76.59938
4/23/2025	4:47:17 PM	76.37786	76.39830	76.48935	76.34763	76.35661	76.24149	76.33205	76.28447	76.17222	76.18151	76.44938	76.42393	76.39007	76.59979
4/23/2025	4:47:20 PM	76.37792	76.39763	76.48933	76.34737	76.35664	76.24156	76.33195	76.28432	76.17198	76.18101	76.44898	76.42624	76.39042	76.59988
4/23/2025	4:47:24 PM	76.37830	76.39762	76.48904	76.34693	76.35636	76.24130	76.33204	76.28416	76.17181	76.18167	76.44837	76.42552	76.38959	76.59999
4/23/2025	4:47:28 PM	76.37771	76.39796	76.48892	76.34744	76.35675	76.24152	76.33202	76.28424	76.17263	76.18116	76.44902	76.42637	76.39058	76.59999
4/23/2025	4:47:31 PM	76.37766	76.39793	76.48913	76.34757	76.35663	76.24152	76.33228	76.28429	76.17225	76.18026	76.45069	76.42675	76.39075	76.60007
4/23/2025	4:47:35 PM	76.37590	76.39796	76.48914	76.34807	76.35660	76.24142	76.33239	76.28445	76.17307	76.18035	76.45199	76.42678	76.39086	76.59997
4/23/2025	4:47:38 PM	76.37519	76.39732	76.48896	76.34761	76.35615	76.24122	76.33209	76.28409	76.17274	76.18037	76.45170	76.42597	76.39051	76.59982
4/23/2025	4:47:42 PM	76.37436	76.39687	76.48896	76.34813	76.35720	76.24132	76.33218	76.28437	76.17301	76.18061	76.45144	76.42562	76.39060	76.59960
4/23/2025	4:47:45 PM	76.37355	76.39691	76.48859	76.34724	76.35667	76.24062	76.33086	76.28367	76.17254	76.18070	76.45051	76.42485	76.39093	76.59943
4/23/2025	4:47:49 PM	76.37339	76.39672	76.48874	76.34717	76.35726	76.24110	76.33110	76.28424	76.17288	76.18142	76.44950	76.42459	76.39128	76.59925
4/23/2025	4:47:53 PM	76.37327	76.39665	76.48854	76.34755	76.35764	76.24079	76.33083	76.28368	76.17264	76.18044	76.45035	76.42372	76.39175	76.59911
4/23/2025	4:47:56 PM	76.37321	76.39613	76.48813	76.34720	76.35785	76.24108	76.33179	76.28416	76.17229	76.18044	76.45090	76.42366	76.39164	76.59891
4/23/2025	4:48:00 PM	76.37287	76.39579	76.48783	76.34719	76.35771	76.24060	76.33125	76.28343	76.17215	76.17986	76.45083	76.42337	76.39168	76.59903
4/23/2025	4:48:03 PM	76.37258	76.39627	76.48734	76.34708	76.35764	76.24091	76.33128	76.28319	76.17238	76.18031	76.45028	76.42378	76.39169	76.59898
4/23/2025	4:48:07 PM	76.37283	76.39683	76.48719	76.34723	76.35749	76.24119	76.33114	76.28352	76.17231	76.18046	76.45014	76.42398	76.39239	76.59954
4/23/2025	4:48:11 PM	76.37343	76.39694	76.48699	76.34739	76.35821	76.24166	76.33187	76.28367	76.17269	76.18101	76.45020	76.42372	76.39208	76.59941
4/23/2025	4:48:14 PM	76.37335	76.39633	76.48678	76.34650	76.35798	76.24170	76.33134	76.28361	76.17241	76.18050	76.44932	76.42366	76.39200	76.59936
4/23/2025	4:48:18 PM	76.37347	76.39600	76.48686	76.34679	76.35812	76.24187	76.33120	76.28318	76.17273	76.18107	76.44886	76.42351	76.39175	76.59954
4/23/2025	4:48:21 PM	76.37288	76.39603	76.48733	76.34665	76.35844	76.24204	76.33149	76.28339	76.17237	76.18066	76.44822	76.42387	76.39184	76.59957
4/23/2025	4:48:25 PM	76.37321	76.39622	76.48756	76.34683	76.35808	76.24277	76.33176	76.28315	76.17228	76.18080	76.44786	76.42381	76.39195	76.59988
4/23/2025	4:48:28 PM	76.37364	76.39609	76.48782	76.34683	76.35762	76.24242	76.33174	76.28312	76.17276	76.18089	76.44737	76.42347	76.39217	76.59959
4/23/2025	4:48:32 PM	76.37387	76.39619	76.48751	76.34682	76.35644	76.24238	76.33163	76.28279	76.17256	76.18119	76.44692	76.42259	76.39265	76.59997
4/23/2025	4:48:36 PM	76.37493	76.39604	76.48798	76.34705	76.35643	76.24267	76.33131	76.28239	76.17244	76.18069	76.44649	76.42255	76.39237	76.59996
4/23/2025	4:48:39 PM	76.37461	76.39609	76.48790	76.34710	76.35657	76.24278	76.33160	76.28357	76.17243	76.18119	76.44699	76.42157	76.39227	76.60022
4/23/2025	4:48:43 PM	76.37328	76.39566	76.48750	76.34681	76.35579	76.24235	76.33199	76.28370	76.17237	76.18117	76.44732	76.42176	76.39287	76.60019
4/23/2025	4:48:46 PM	76.37293	76.39611	76.48783	76.34673	76.35643	76.24227	76.33189	76.28337	76.17252	76.18068	76.44677	76.42122	76.39259	76.60020
4/23/2025	4:48:50 PM	76.37278	76.39578	76.48794	76.34679	76.35640	76.24252	76.33226	76.28325	76.17219	76.18165	76.44727	76.42181	76.39317	76.60046
4/23/2025	4:48:54 PM	76.37326	76.39603	76.48800	76.34655	76.35648	76.24211	76.33216	76.28287	76.17236	76.18124	76.44710	76.42131	76.39235	76.60065
4/23/2025	4:48:57 PM	76.37281	76.39590	76.48785	76.34682	76.35717	76.24212	76.33178	76.28284	76.17266	76.18104	76.44725	76.42122	76.39271	76.60116
4/23/2025	4:49:01 PM	76.37278	76.39607	76.48786	76.34670	76.35745	76.24208	76.33204	76.28338	76.17246	76.18118	76.44722	76.42068	76.39282	76.60131
4/23/2025	4:49:04 PM	76.37271	76.39580	76.48823	76.34729	76.35710	76.24196	76.33179	76.28352	76.17215	76.18090	76.44697	76.42075	76.39219	76.60131
4/23/2025	4:49:08 PM	76.37311	76.39565	76.48773	76.34690	76.35733	76.24191	76.33237	76.28437	76.17259	76.18099	76.44685	76.42095	76.39276	76.60123
4/23/2025	4:49:12 PM	76.37311	76.39555	76.48697	76.34644	76.35711	76.24191	76.33203	76.28387	76.17256	76.18118	76.44693	76.42074	76.39239	76.60104
4/23/2025	4:49:15 PM	76.37275	76.39533	76.48736	76.34667	76.35677	76.24174	76.33202	76.28305	76.17254	76.18154	76.44704	76.42105	76.39274	76.60133
4/23/2025	4:49:19 PM	76.37294	76.39514	76.48578	76.34640	76.35720	76.24249	76.33272	76.28347	76.17279	76.18150	76.44729	76.42132	76.39296	76.60164
4/23/2025	4:49:22 PM	76.37278	76.39569	76.48608	76.34663	76.35706	76.24215	76.33264	76.28374	76.17262	76.18172	76.44724	76.42050	76.39256	76.60078
4/23/2025	4:49:26 PM	76.37206	76.39523	76.48691	76.34598	76.35676	76.24178	76.33165	76.28307	76.17210	76.18074	76.44653	76.41994	76.39225	76.60082
4/23/2025	4:49:29 PM	76.37165	76.39539	76.48689	76.34616	76.35689	76.24184	76.33137	76.28367	76.17221	76.18098	76.44672	76.42015	76.39247	76.60133
4/23/2025	4:49:33 PM	76.37161	76.39543	76.48706	76.34617	76.35680	76.24168	76.33196	76.28371	76.17221	76.18055	76.44715	76.42003	76.39236	76.60131
4/23/2025	4:49:37 PM	76.37158	76.39597	76.48751	76.34625	76.35751	76.24211	76.33188	76.28374	76.17272	76.18081	76.44715	76.42057	76.39258	76.60141
4/23/2025	4:49:40 PM	76.37204	76.39591	76.48780	76.34715	76.35797	76.24243	76.33223	76.28397	76.17253	76.18100	76.44703	76.42074	76.39288	76.60145
4/23/2025	4:49:44 PM	76.37202	76.39571	76.48698	76.34693	76.35845	76.24283	76.33260	76.28433	76.17230	76.18076	76.44719	76.42042	76.39241	76.60167
4/23/2025	4:49:47 PM	76.37188	76.39579	76.48717	76.34721	76.35795	76.24248	76.33278	76.28414	76.17311	76.18099	76.44828	76.42250	76.39294	76.60205
4/23/2025	4:49:51 PM	76.37298	76.39608	76.48730	76.34683	76.35779	76.24244	76.33292	76.28424	76.17300	76.18079	76.45044	76.42370	76.39259	76.60159
4/23/2025	4:49:54 PM	76.37375	76.39616	76.48804	76.34722	76.35810	76.24299	76.33333	76.28411	76.17260	76.18039	76.45029	76.42485	76.39253	76.60130
4/23/2025	4:49:58 PM	76.37382	76.39717	76.48853	76.34740	76.35887	76.24346	76.33419	76.28483	76.17380	76.18184	76.44967	76.42424	76.39312	76.60169
4/23/2025	4:50:02 PM	76.37397	76.39692	76.48831	76.34702	76.35893	76.24397	76.33366	76.28445	76.17277	76.18257	76.44910	76.42287	76.39266	76.60156
4/23/2025	4:50:05 PM	76.37363	76.39730	76.48749	76.34711	76.35866	76.24357	76.33378	76.28494	76.17326	76.18297	76.44913	76.42208	76.39273	76.60203
4/23/2025	4:50:09 PM	76.37319	76.39724	76.48709	76.34730	76.35864	76.24391	76.33376	76.28513	76.17293	76.18278	76.44875	76.42175	76.39249	76.60155
4/23/2025	4:50:12 PM	76.37327	76.39692	76.48724	76.34700	76.35819	76.24383	76.33408	76.28491	76.17268	76.18302	76.44857	76.42136	76.39206	76.60110
4/23/2025	4:50:16 PM	76.37324	76.39667	76.48710	76.34699	76.35805	76.24393	76.33385	76.28478	76.17293	76.18236	76.44851	76.42206	76.39242	76.60131
4/23/2025	4:50:20 PM	76.37314	76.39661	76.48737	76.34723	76.35789	76.24364	76.33350	76.28472	76.17315	76.18176	76.44821	76.42259	76.39234	76.60086
4/23/2025	4:50:23 PM	76.37308	76.39615	76.48748	76.34674	76.35818	76.24375	76.33383	76.28462	76.17278	76.18175	76.44821	76.42263	76.39206	76.60040
4/23/2025	4:50:27 PM	76.37267	76.39630	76.48742	76.34728	76.35842	76.24388	76.33360	76.28483	76.17317	76.18169	76.44818	76.42193	76.39241	76.60148
4/23/2025	4:50:30 PM	76.37271	76.39629	76.48755	76.34753	76.35911	76.24426	76.33371	76.28477	76.17258	76.18173	76.44836	76.42128	76.39233	76.60082
4/23/2025	4:50:34 PM	76.37267	76.39605	76.48653	76.34687	76.35867	76.24402	76.33341	76.28431	76.17241	76.18142	76.44793	76.42117	76.39199	76.60109
4/23/2025	4:50:37 PM	76.37226	76.39602	76.48647	76.34669	76.35868	76.24384	76.33348	76.28394	76.17240	76.18151	76.44818	76.42130	76.39228	76.60100
4/23/2025	4:50:41 PM	76.37223	76.39642	76.48684	76.34755	76.35897	76.24435	76.33378	76.28421	76.17296	76.18150	76.44825	76.42141	76.39251	76.60108
4/23/2025	4:50:45 PM	76.37247	76.39606	76.48671	76.34693	76.35832	76.24347	76.33318	76.28347	76.17243	76.18136	76.44743	76.42123	76.39163	76.60083
4/23/2025	4:50:48 PM	76.37271	76.39584	76.48668	76.34703	76.35824	76.24358	76.33309	76.28344	76.17237	76.18115	76.44742	76.42136	76.39181	76.60052
4/23/2025	4:50:52 PM	76.37249	76.39593	76.48715	76.34724	76.35866	76.24344	76.33260	76.28262	76.17213	76.18108	76.44742	76.42147	76.39192	76.60031
4/23/2025	4:50:55 PM	76.37260	76.39556	76.48701	76.34670	76.35853	76.24380	76.33338	76.28319	76.17293	76.18136	76.44772	76.42145	76.39183	76.60031
4/23/2025	4:50:59 PM	76.37291	76.39619	76.48759	76.34737	76.35880	76.24346	76.33307	76.28260	76.17318	76.18155	76.44747	76.42144	76.39209	76.59982
4/23/2025	4:51:03 PM	76.37264	76.39601	76.48782	76.34739	76.35873	76.24397	76.33335	76.28270	76.17259	76.18143	76.44762	76.42165	76.39212	76.60038
4/23/2025	4:51:06 PM	76.37286	76.39605	76.48803	76.34689	76.35852	76.24387	76.33335	76.28347	76.17306	76.18132	76.44775	76.42138	76.39228	76.60081
4/23/2025	4:51:10 PM	76.37330	76.39618	76.48840	76.34727	76.35916	76.24385	76.33341	76.28316	76.17326	76.18164	76.44844	76.42123	76.39223	76.60067
4/23/2025	4:51:13 PM	76.37333	76.39615	76.48835	76.34721	76.35900	76.24413	76.33357	76.28310	76.17272	76.18148	76.44765	76.42079	76.39179	76.60032
4/23/2025	4:51:17 PM	76.37308	76.39592	76.48848	76.34733	76.35899	76.24378	76.33366	76.28310	76.17275	76.18142	76.44816	76.42105	76.39170	76.60023
4/23/2025	4:51:21 PM	76.37307	76.39608	76.48827	76.34755	76.35878	76.24403	76.33403	76.28415	76.17259	76.18124	76.44776	76.42100	76.39164	76.60016
4/23/2025	4:51:24 PM	76.37327	76.39591	76.48787	76.34768	76.35904	76.24355	76.33361	76.28434	76.17188	76.18097	76.44782	76.42107	76.39139	76.59979
4/23/2025	4:51:28 PM	76.37264	76.39587	76.48769	76.34716	76.35948	76.24369	76.33397	76.28465	76.17265	76.18153	76.44759	76.42068	76.39148	76.60044
4/23/2025	4:51:31 PM	76.37269	76.39543	76.48671	76.34688	76.35917	76.24384	76.33386	76.28442	76.17224	76.18109	76.44751	76.42061	76.39194	76.60027
4/23/2025	4:51:35 PM	76.37279	76.39553	76.48694	76.34663	76.35951	76.24409	76.33397	76.28467	76.17258	76.18169	76.44807	76.42064	76.39189	76.60035
4/23/2025	4:51:38 PM	76.37297	76.39564	76.48711	76.34620	76.35952	76.24436	76.33414	76.28495	76.17245	76.18172	76.44801	76.42101	76.39217	76.60047
4/23/2025	4:51:42 PM	76.37296	76.39524	76.48684	76.34658	76.35961	76.24399	76.33348	76.28427	76.17240	76.18141	76.44744	76.42072	76.39240	76.60054
4/23/2025	4:51:46 PM	76.37270	76.39499	76.48579	76.34609	76.35913	76.24412	76.33342	76.28388	76.17217	76.18116	76.44726	76.42025	76.39205	76.60042
4/23/2025	4:51:49 PM	76.37264	76.39493	76.48552	76.34631	76.35895	76.24399	76.33295	76.28380	76.17277	76.18170	76.44765	76.42031	76.39221	76.60059
4/23/2025	4:51:53 PM	76.37308	76.39517	76.48544	76.34671	76.35928	76.24418	76.33261	76.28353	76.17298	76.18149	76.44797	76.42075	76.39225	76.60020
4/23/2025	4:51:56 PM	76.37256	76.39517	76.48583	76.34645	76.35908	76.24411	76.33252	76.28280	76.17283	76.18112	76.44761	76.42036	76.39207	76.60044
4/23/2025	4:52:00 PM	76.37291	76.39539	76.48614	76.34648	76.35896	76.24339	76.33245	76.28307	76.17263	76.18121	76.44747	76.42062	76.39215	76.60063
4/23/2025	4:52:04 PM	76.37198	76.39489	76.48635	76.34636	76.35853	76.24353	76.33255	76.28359	76.17301	76.18117	76.44763	76.41993	76.39192	76.60032
4/23/2025	4:52:07 PM	76.37238	76.39497	76.48634	76.34677	76.35868	76.24386	76.33264	76.28350	76.17269	76.18168	76.44754	76.42053	76.39234	76.60065
4/23/2025	4:52:11 PM	76.37194	76.39557	76.48660	76.34678	76.35863	76.24383	76.33289	76.28472	76.17287	76.18159	76.44721	76.42071	76.39222	76.60050
4/23/2025	4:52:14 PM	76.37215	76.39523	76.48713	76.34720	76.35885	76.24434	76.33321	76.28497	76.17252	76.18117	76.44791	76.42094	76.39207	76.60083
4/23/2025	4:52:18 PM	76.37249	76.39524	76.48689	76.34732	76.35869	76.24399	76.33337	76.28523	76.17278	76.18140	76.44779	76.42069	76.39155	76.60105
4/23/2025	4:52:22 PM	76.37238	76.39595	76.48760	76.34743	76.35888	76.24365	76.33305	76.28512	76.17256	76.18068	76.44775	76.42114	76.39240	76.60134
4/23/2025	4:52:25 PM	76.37262	76.39665	76.48867	76.34781	76.36005	76.24467	76.33384	76.28507	76.17340	76.18175	76.44866	76.42089	76.39198	76.60137
4/23/2025	4:52:29 PM	76.37263	76.39602	76.48813	76.34768	76.35931	76.24395	76.33383	76.28457	76.17319	76.18166	76.44796	76.42121	76.39226	76.60118
4/23/2025	4:52:32 PM	76.37260	76.39585	76.48768	76.34750	76.35927	76.24356	76.33348	76.28436	76.17286	76.18124	76.44819	76.42141	76.39199	76.60090
4/23/2025	4:52:36 PM	76.37252	76.39586	76.48790	76.34743	76.35947	76.24371	76.33366	76.28427	76.17303	76.18100	76.44812	76.42103	76.39165	76.60092
4/23/2025	4:52:39 PM	76.37223	76.39602	76.48754	76.34706	76.35959	76.24370	76.33325	76.28495	76.17325	76.18148	76.44810	76.42040	76.39149	76.60103
4/23/2025	4:52:43 PM	76.37235	76.39582	76.48800	76.34799	76.35960	76.24340	76.33341	76.28459	76.17310	76.18167	76.44846	76.42096	76.39186	76.60149
4/23/2025	4:52:47 PM	76.37227	76.39633	76.48801	76.34721	76.35920	76.24332	76.33315	76.28485	76.17279	76.18077	76.44752	76.42041	76.39129	76.60071
4/23/2025	4:52:50 PM	76.37157	76.39556	76.48681	76.34673	76.35912	76.24333	76.33266	76.28498	76.17282	76.18117	76.44726	76.42002	76.39092	76.60066
4/23/2025	4:52:54 PM	76.37202	76.39576	76.48774	76.34675	76.35937	76.24292	76.33275	76.28441	76.17287	76.18113	76.44736	76.41985	76.39114	76.60057
4/23/2025	4:52:57 PM	76.37174	76.39507	76.48700	76.34608	76.35877	76.24241	76.33286	76.28510	76.17240	76.18085	76.44637	76.41959	76.39103	76.60017
4/23/2025	4:53:01 PM	76.37135	76.39497	76.48704	76.34672	76.35873	76.24268	76.33265	76.28475	76.17250	76.18139	76.44714	76.41972	76.39096	76.60029
4/23/2025	4:53:05 PM	76.37146	76.39561	76.48643	76.34562	76.35859	76.24270	76.33295	76.28538	76.17278	76.18109	76.44733	76.41988	76.39134	76.60048
4/23/2025	4:53:08 PM	76.37154	76.39547	76.48658	76.34551	76.35846	76.24245	76.33292	76.28502	76.17254	76.18112	76.44717	76.41996	76.39126	76.60030
4/23/2025	4:53:12 PM	76.37166	76.39547	76.48644	76.34602	76.35835	76.24261	76.33263	76.28529	76.17249	76.18112	76.44718	76.41993	76.39157	76.60034
4/23/2025	4:53:15 PM	76.37135	76.39517	76.48629	76.34589	76.35861	76.24309	76.33335	76.28480	76.17185	76.18085	76.44739	76.42008	76.39192	76.60084
4/23/2025	4:53:19 PM	76.37180	76.39535	76.48663	76.34611	76.35871	76.24335	76.33323	76.28374	76.17153	76.18109	76.44729	76.42040	76.39160	76.60009
4/23/2025	4:53:22 PM	76.37111	76.39522	76.48718	76.34592	76.35823	76.24325	76.33324	76.28291	76.17217	76.18075	76.44724	76.42109	76.39154	76.60013
4/23/2025	4:53:26 PM	76.37133	76.39487	76.48679	76.34563	76.35812	76.24319	76.33348	76.28284	76.17258	76.18085	76.44745	76.42101	76.39180	76.60034
4/23/2025	4:53:30 PM	76.37125	76.39508	76.48646	76.34623	76.35788	76.24322	76.33360	76.28255	76.17271	76.18080	76.44735	76.42099	76.39193	76.60043
4/23/2025	4:53:33 PM	76.37149	76.39495	76.48645	76.34578	76.35782	76.24363	76.33378	76.28283	76.17282	76.18106	76.44731	76.42148	76.39168	76.60068
4/23/2025	4:53:37 PM	76.37130	76.39498	76.48656	76.34603	76.35782	76.24371	76.33412	76.28338	76.17247	76.18102	76.44783	76.42133	76.39174	76.60033
4/23/2025	4:53:40 PM	76.37141	76.39471	76.48626	76.34624	76.35799	76.24356	76.33414	76.28404	76.17288	76.18084	76.44769	76.42090	76.39110	76.60047
4/23/2025	4:53:44 PM	76.37132	76.39512	76.48579	76.34582	76.35797	76.24362	76.33387	76.28465	76.17292	76.18119	76.44803	76.42126	76.39150	76.60030
4/23/2025	4:53:47 PM	76.37106	76.39492	76.48637	76.34611	76.35829	76.24389	76.33404	76.28475	76.17321	76.18130	76.44802	76.42068	76.39108	76.60028
4/23/2025	4:53:51 PM	76.37095	76.39464	76.48631	76.34626	76.35860	76.24399	76.33413	76.28463	76.17318	76.18099	76.44747	76.42006	76.39123	76.60045
4/23/2025	4:53:54 PM	76.37114	76.39485	76.48694	76.34665	76.35873	76.24381	76.33433	76.28463	76.17297	76.18096	76.44734	76.42052	76.39123	76.60042
4/23/2025	4:53:58 PM	76.37157	76.39485	76.48644	76.34643	76.35856	76.24357	76.33395	76.28461	76.17271	76.18107	76.44758	76.42041	76.39167	76.60031
4/23/2025	4:54:02 PM	76.37151	76.39523	76.48675	76.34672	76.35878	76.24402	76.33409	76.28503	76.17296	76.18118	76.44809	76.42053	76.39167	76.60026
4/23/2025	4:54:05 PM	76.37190	76.39592	76.48690	76.34669	76.35910	76.24426	76.33384	76.28462	76.17327	76.18126	76.44777	76.42100	76.39136	76.60043
4/23/2025	4:54:09 PM	76.37195	76.39558	76.48730	76.34652	76.35867	76.24403	76.33424	76.28500	76.17364	76.18159	76.44819	76.42142	76.39139	76.60045
4/23/2025	4:54:12 PM	76.37143	76.39562	76.48706	76.34603	76.35870	76.24404	76.33447	76.28410	76.17361	76.18156	76.44815	76.42117	76.39121	76.60048
4/23/2025	4:54:16 PM	76.37152	76.39585	76.48779	76.34690	76.35849	76.24377	76.33372	76.28357	76.17289	76.18108	76.44740	76.42079	76.39164	76.60021
4/23/2025	4:54:19 PM	76.37136	76.39532	76.48691	76.34642	76.35856	76.24353	76.33361	76.28299	76.17265	76.18118	76.44713	76.42039	76.39056	76.59990
4/23/2025	4:54:23 PM	76.37127	76.39551	76.48676	76.34620	76.35863	76.24413	76.33378	76.28342	76.17255	76.18142	76.44739	76.42050	76.38983	76.59988
4/23/2025	4:54:27 PM	76.37108	76.39566	76.48689	76.34606	76.35844	76.24399	76.33365	76.28385	76.17275	76.18110	76.44744	76.42060	76.39030	76.60038
4/23/2025	4:54:30 PM	76.37026	76.39599	76.48637	76.34553	76.35845	76.24385	76.33324	76.28410	76.17270	76.18086	76.44706	76.42017	76.38986	76.60039
4/23/2025	4:54:34 PM	76.37020	76.39530	76.48580	76.34607	76.35836	76.24384	76.33320	76.28432	76.17314	76.18095	76.44739	76.42045	76.39027	76.60022
4/23/2025	4:54:37 PM	76.37063	76.39495	76.48549	76.34598	76.35836	76.24382	76.33349	76.28389	76.17247	76.18113	76.44766	76.42052	76.39058	76.60006
4/23/2025	4:54:41 PM	76.37112	76.39445	76.48513	76.34589	76.35805	76.24406	76.33332	76.28329	76.17249	76.18133	76.44773	76.42077	76.39071	76.60052
4/23/2025	4:54:44 PM	76.37142	76.39468	76.48553	76.34645	76.35823	76.24413	76.33357	76.28298	76.17263	76.18096	76.44749	76.42017	76.39040	76.60058
4/23/2025	4:54:48 PM	76.37114	76.39434	76.48492	76.34613	76.35814	76.24376	76.33344	76.28278	76.17245	76.18119	76.44739	76.42026	76.39054	76.60047
4/23/2025	4:54:52 PM	76.37085	76.39427	76.48412	76.34606	76.35813	76.24369	76.33314	76.28334	76.17237	76.18085	76.44744	76.42074	76.39083	76.60023
4/23/2025	4:54:55 PM	76.37159	76.39486	76.48485	76.34603	76.35837	76.24359	76.33330	76.28324	76.17257	76.18095	76.44743	76.42053	76.39075	76.60028
4/23/2025	4:54:59 PM	76.37169	76.39437	76.48494	76.34599	76.35820	76.24313	76.33338	76.28312	76.17215	76.18100	76.44764	76.42049	76.39028	76.59997
4/23/2025	4:55:02 PM	76.37133	76.39440	76.48566	76.34640	76.35776	76.24315	76.33326	76.28332	76.17201	76.18117	76.44752	76.42058	76.39028	76.60059
4/23/2025	4:55:06 PM	76.37173	76.39490	76.48684	76.34677	76.35785	76.24367	76.33336	76.28384	76.17290	76.18086	76.44748	76.42109	76.39102	76.60003
4/23/2025	4:55:09 PM	76.37214	76.39463	76.48733	76.34740	76.35790	76.24385	76.33354	76.28387	76.17288	76.18121	76.44751	76.42194	76.39117	76.60048
4/23/2025	4:55:13 PM	76.37197	76.39483	76.48725	76.34717	76.35793	76.24353	76.33348	76.28345	76.17269	76.18128	76.44778	76.42310	76.39121	76.60009
4/23/2025	4:55:17 PM	76.37244	76.39495	76.48742	76.34731	76.35823	76.24418	76.33361	76.28277	76.17270	76.18101	76.44737	76.42395	76.39073	76.60005
4/23/2025	4:55:20 PM	76.37280	76.39474	76.48733	76.34709	76.35789	76.24364	76.33340	76.28292	76.17305	76.18137	76.44775	76.42423	76.39020	76.60055
4/23/2025	4:55:24 PM	76.37261	76.39500	76.48764	76.34729	76.35798	76.24375	76.33385	76.28439	76.17309	76.18145	76.44811	76.42432	76.39083	76.60046
4/23/2025	4:55:27 PM	76.37338	76.39511	76.48760	76.34722	76.35822	76.24404	76.33368	76.28392	76.17304	76.18129	76.44789	76.42373	76.39055	76.60026
4/23/2025	4:55:31 PM	76.37288	76.39469	76.48732	76.34689	76.35807	76.24389	76.33325	76.28367	76.17259	76.18151	76.44778	76.42321	76.39035	76.59979
4/23/2025	4:55:34 PM	76.37270	76.39484	76.48732	76.34674	76.35855	76.24378	76.33367	76.28316	76.17209	76.18125	76.44793	76.42347	76.39047	76.60021
4/23/2025	4:55:38 PM	76.37199	76.39464	76.48681	76.34616	76.35815	76.24312	76.33338	76.28276	76.17229	76.18123	76.44774	76.42338	76.39087	76.60008
4/23/2025	4:55:42 PM	76.37173	76.39453	76.48709	76.34618	76.35769	76.24310	76.33354	76.28260	76.17253	76.18105	76.44788	76.42286	76.39105	76.60054
4/23/2025	4:55:45 PM	76.37184	76.39433	76.48721	76.34627	76.35813	76.24321	76.33375	76.28259	76.17251	76.18109	76.44796	76.42177	76.39056	76.60015
4/23/2025	4:55:49 PM	76.37158	76.39417	76.48686	76.34543	76.35741	76.24258	76.33365	76.28277	76.17218	76.18057	76.44784	76.42100	76.39085	76.60038
4/23/2025	4:55:52 PM	76.37111	76.39391	76.48557	76.34614	76.35787	76.24238	76.33336	76.28317	76.17258	76.18029	76.44810	76.42090	76.39122	76.60060
4/23/2025	4:55:56 PM	76.37118	76.39417	76.48574	76.34583	76.35862	76.24281	76.33348	76.28359	76.17264	76.18051	76.44822	76.42048	76.39108	76.60015
4/23/2025	4:56:00 PM	76.37096	76.39420	76.48549	76.34567	76.35810	76.24285	76.33348	76.28405	76.17257	76.18093	76.44794	76.42050	76.39155	76.60101
4/23/2025	4:56:03 PM	76.37173	76.39385	76.48591	76.34576	76.35849	76.24371	76.33424	76.28460	76.17262	76.18091	76.44794	76.42117	76.39193	76.60100
4/23/2025	4:56:07 PM	76.37151	76.39423	76.48553	76.34578	76.35846	76.24328	76.33367	76.28337	76.17288	76.18103	76.44793	76.42097	76.39161	76.60048
4/23/2025	4:56:10 PM	76.37144	76.39428	76.48459	76.34537	76.35788	76.24320	76.33345	76.28282	76.17229	76.18097	76.44761	76.42128	76.39196	76.60079
4/23/2025	4:56:14 PM	76.37147	76.39423	76.48447	76.34629	76.35826	76.24354	76.33324	76.28266	76.17280	76.18074	76.44798	76.42162	76.39177	76.60007
4/23/2025	4:56:18 PM	76.37135	76.39385	76.48402	76.34540	76.35778	76.24293	76.33330	76.28183	76.17233	76.18080	76.44795	76.42092	76.39194	76.60043
4/23/2025	4:56:21 PM	76.37168	76.39413	76.48473	76.34596	76.35781	76.24308	76.33317	76.28217	76.17161	76.18028	76.44805	76.42108	76.39172	76.60010
4/23/2025	4:56:25 PM	76.37133	76.39431	76.48560	76.34592	76.35827	76.24320	76.33339	76.28235	76.17221	76.18073	76.44782	76.42087	76.39149	76.60031
4/23/2025	4:56:28 PM	76.37190	76.39390	76.48542	76.34634	76.35850	76.24336	76.33360	76.28251	76.17269	76.18082	76.44791	76.42163	76.39162	76.60038
4/23/2025	4:56:32 PM	76.37135	76.39395	76.48560	76.34652	76.35821	76.24322	76.33355	76.28238	76.17245	76.18081	76.44780	76.42132	76.39072	76.60006
4/23/2025	4:56:35 PM	76.37135	76.39429	76.48542	76.34605	76.35778	76.24336	76.33329	76.28249	76.17258	76.18065	76.44801	76.42187	76.39077	76.59978
4/23/2025	4:56:39 PM	76.37103	76.39385	76.48584	76.34617	76.35778	76.24321	76.33319	76.28281	76.17248	76.18091	76.44762	76.42199	76.39092	76.60005
4/23/2025	4:56:42 PM	76.37162	76.39437	76.48615	76.34633	76.35786	76.24362	76.33375	76.28406	76.17274	76.18126	76.44770	76.42228	76.39105	76.60004
4/23/2025	4:56:46 PM	76.37098	76.39427	76.48611	76.34646	76.35789	76.24346	76.33364	76.28402	76.17271	76.18101	76.44793	76.42317	76.39080	76.60026
4/23/2025	4:56:50 PM	76.37096	76.39444	76.48661	76.34662	76.35873	76.24401	76.33391	76.28448	76.17202	76.18128	76.44847	76.42399	76.39119	76.60096
4/23/2025	4:56:53 PM	76.37098	76.39408	76.48670	76.34682	76.35854	76.24407	76.33361	76.28491	76.17249	76.18145	76.44843	76.42341	76.39102	76.60113
4/23/2025	4:56:57 PM	76.37107	76.39412	76.48644	76.34684	76.35815	76.24409	76.33348	76.28492	76.17279	76.18155	76.44863	76.42344	76.39119	76.60089
4/23/2025	4:57:00 PM	76.37093	76.39396	76.48655	76.34677	76.35866	76.24433	76.33384	76.28494	76.17286	76.18106	76.44822	76.42221	76.39081	76.60119
4/23/2025	4:57:04 PM	76.37095	76.39424	76.48644	76.34710	76.35874	76.24417	76.33429	76.28468	76.17250	76.18176	76.44853	76.42255	76.39129	76.60078
4/23/2025	4:57:07 PM	76.37145	76.39378	76.48674	76.34710	76.35863	76.24391	76.33391	76.28380	76.17257	76.18136	76.44865	76.42176	76.39101	76.60079
4/23/2025	4:57:11 PM	76.37142	76.39386	76.48689	76.34682	76.35851	76.24368	76.33356	76.28268	76.17248	76.18132	76.44851	76.42218	76.39092	76.60066
4/23/2025	4:57:15 PM	76.37173	76.39355	76.48694	76.34686	76.35869	76.24386	76.33354	76.28313	76.17255	76.18112	76.44845	76.42222	76.39069	76.59998
4/23/2025	4:57:18 PM	76.37105	76.39331	76.48591	76.34622	76.35816	76.24337	76.33290	76.28248	76.17215	76.18096	76.44840	76.42274	76.39112	76.59987
4/23/2025	4:57:22 PM	76.37080	76.39315	76.48638	76.34643	76.35843	76.24354	76.33327	76.28223	76.17243	76.18116	76.44862	76.42261	76.39097	76.59987
4/23/2025	4:57:25 PM	76.37133	76.39303	76.48653	76.34650	76.35825	76.24368	76.33322	76.28247	76.17222	76.18075	76.44869	76.42215	76.39059	76.60001
4/23/2025	4:57:29 PM	76.37175	76.39279	76.48602	76.34662	76.35835	76.24351	76.33319	76.28221	76.17226	76.18073	76.44913	76.42196	76.39087	76.59979
4/23/2025	4:57:32 PM	76.37097	76.39263	76.48594	76.34585	76.35795	76.24377	76.33311	76.28304	76.17248	76.18136	76.44960	76.42320	76.39074	76.59950
4/23/2025	4:57:36 PM	76.37137	76.39337	76.48640	76.34581	76.35890	76.24380	76.33337	76.28318	76.17271	76.18142	76.44952	76.42342	76.39056	76.59987
4/23/2025	4:57:40 PM	76.37194	76.39347	76.48616	76.34588	76.35809	76.24372	76.33360	76.28311	76.17298	76.18121	76.44938	76.42339	76.39148	76.59997
4/23/2025	4:57:43 PM	76.37267	76.39365	76.48640	76.34541	76.35826	76.24390	76.33320	76.28281	76.17252	76.18091	76.44926	76.42229	76.39077	76.59947
4/23/2025	4:57:47 PM	76.37220	76.39361	76.48623	76.34538	76.35763	76.24328	76.33285	76.28322	76.17232	76.18129	76.44908	76.42244	76.39081	76.59972
4/23/2025	4:57:50 PM	76.37240	76.39329	76.48606	76.34537	76.35749	76.24317	76.33263	76.28384	76.17176	76.18083	76.44840	76.42220	76.39113	76.59964
4/23/2025	4:57:54 PM	76.37186	76.39356	76.48550	76.34517	76.35718	76.24294	76.33322	76.28365	76.17232	76.18130	76.44797	76.42262	76.39099	76.59969
4/23/2025	4:57:58 PM	76.37190	76.39414	76.48554	76.34591	76.35769	76.24325	76.33285	76.28412	76.17251	76.18087	76.44859	76.42359	76.39090	76.59988
4/23/2025	4:58:01 PM	76.37261	76.39449	76.48626	76.34614	76.35795	76.24355	76.33333	76.28465	76.17261	76.18112	76.44849	76.42364	76.39049	76.60015
4/23/2025	4:58:05 PM	76.37275	76.39447	76.48589	76.34611	76.35788	76.24302	76.33350	76.28441	76.17264	76.18152	76.44929	76.42323	76.39094	76.60016
4/23/2025	4:58:08 PM	76.37289	76.39439	76.48612	76.34616	76.35793	76.24317	76.33353	76.28471	76.17305	76.18129	76.44984	76.42296	76.39104	76.60054
4/23/2025	4:58:12 PM	76.37312	76.39407	76.48622	76.34642	76.35779	76.24308	76.33338	76.28454	76.17250	76.18171	76.44942	76.42211	76.39070	76.60028
4/23/2025	4:58:15 PM	76.37258	76.39423	76.48606	76.34619	76.35799	76.24315	76.33323	76.28396	76.17227	76.18099	76.44918	76.42188	76.39065	76.60052
4/23/2025	4:58:19 PM	76.37225	76.39408	76.48577	76.34561	76.35774	76.24304	76.33326	76.28336	76.17198	76.18056	76.44844	76.42168	76.39061	76.60045
4/23/2025	4:58:23 PM	76.37174	76.39376	76.48458	76.34604	76.35798	76.24306	76.33314	76.28339	76.17200	76.18074	76.44818	76.42174	76.39073	76.60048
4/23/2025	4:58:26 PM	76.37168	76.39374	76.48371	76.34577	76.35690	76.24274	76.33275	76.28330	76.17162	76.18083	76.44806	76.42196	76.39044	76.59979
4/23/2025	4:58:30 PM	76.37150	76.39388	76.48449	76.34566	76.35757	76.24307	76.33324	76.28339	76.17220	76.18076	76.44771	76.42210	76.39089	76.59964
4/23/2025	4:58:33 PM	76.37136	76.39414	76.48495	76.34592	76.35699	76.24286	76.33348	76.28371	76.17209	76.18081	76.44765	76.42292	76.39070	76.59948
4/23/2025	4:58:37 PM	76.37101	76.39362	76.48423	76.34563	76.35735	76.24328	76.33315	76.28381	76.17291	76.18154	76.44971	76.42286	76.39099	76.60011
4/23/2025	4:58:40 PM	76.37122	76.39390	76.48451	76.34603	76.35733	76.24290	76.33325	76.28341	76.17249	76.18090	76.45090	76.42303	76.39148	76.60029
4/23/2025	4:58:44 PM	76.37165	76.39400	76.48498	76.34577	76.35746	76.24327	76.33311	76.28374	76.17245	76.18132	76.44983	76.42255	76.39112	76.60008
4/23/2025	4:58:47 PM	76.37093	76.39371	76.48497	76.34564	76.35754	76.24275	76.33297	76.28259	76.17192	76.18057	76.44867	76.42278	76.39072	76.59988
4/23/2025	4:58:51 PM	76.37075	76.39356	76.48444	76.34485	76.35702	76.24260	76.33272	76.28243	76.17230	76.18062	76.44927	76.42347	76.39015	76.59980
4/23/2025	4:58:55 PM	76.37093	76.39365	76.48462	76.34447	76.35726	76.24256	76.33270	76.28190	76.17216	76.18068	76.44991	76.42397	76.39039	76.59984
4/23/2025	4:58:58 PM	76.37127	76.39355	76.48439	76.34468	76.35717	76.24251	76.33291	76.28240	76.17236	76.18090	76.45151	76.42421	76.39066	76.60009
4/23/2025	4:59:02 PM	76.37145	76.39363	76.48509	76.34486	76.35699	76.24248	76.33266	76.28250	76.17220	76.18069	76.45138	76.42353	76.39058	76.59977
4/23/2025	4:59:05 PM	76.37118	76.39398	76.48579	76.34524	76.35721	76.24270	76.33306	76.28331	76.17256	76.18122	76.45123	76.42257	76.39066	76.59964
4/23/2025	4:59:09 PM	76.37173	76.39388	76.48600	76.34536	76.35737	76.24328	76.33335	76.28351	76.17286	76.18155	76.45043	76.42182	76.39087	76.60009
4/23/2025	4:59:12 PM	76.37213	76.39383	76.48595	76.34511	76.35746	76.24328	76.33313	76.28382	76.17290	76.18174	76.44994	76.42195	76.39139	76.60073
4/23/2025	4:59:16 PM	76.37184	76.39460	76.48654	76.34534	76.35738	76.24347	76.33347	76.28419	76.17278	76.18199	76.44982	76.42293	76.39147	76.60088
4/23/2025	4:59:20 PM	76.37219	76.39404	76.48608	76.34593	76.35693	76.24335	76.33353	76.28438	76.17283	76.18189	76.44974	76.42337	76.39132	76.60053
4/23/2025	4:59:23 PM	76.37251	76.39408	76.48547	76.34552	76.35706	76.24282	76.33318	76.28438	76.17207	76.18161	76.44917	76.42322	76.39134	76.60037
4/23/2025	4:59:27 PM	76.37260	76.39406	76.48529	76.34572	76.35719	76.24281	76.33348	76.28423	76.17195	76.18147	76.44872	76.42291	76.39136	76.60040
4/23/2025	4:59:30 PM	76.37250	76.39420	76.48600	76.34648	76.35740	76.24302	76.33319	76.28362	76.17193	76.18127	76.44826	76.42322	76.39106	76.60025
4/23/2025	4:59:34 PM	76.37258	76.39441	76.48596	76.34643	76.35738	76.24278	76.33346	76.28397	76.17269	76.18179	76.44888	76.42332	76.39129	76.60107
4/23/2025	4:59:38 PM	76.37276	76.39481	76.48639	76.34707	76.35800	76.24322	76.33357	76.28398	76.17245	76.18176	76.44878	76.42315	76.39161	76.60070
4/23/2025	4:59:41 PM	76.37240	76.39481	76.48643	76.34700	76.35792	76.24327	76.33366	76.28434	76.17296	76.18161	76.44904	76.42381	76.39110	76.60103
4/23/2025	4:59:45 PM	76.37292	76.39487	76.48637	76.34663	76.35772	76.24291	76.33363	76.28370	76.17305	76.18172	76.44914	76.42414	76.39134	76.60047
4/23/2025	4:59:48 PM	76.37357	76.39520	76.48671	76.34700	76.35814	76.24308	76.33333	76.28368	76.17279	76.18159	76.44909	76.42319	76.39081	76.60074
4/23/2025	4:59:52 PM	76.37294	76.39535	76.48686	76.34673	76.35771	76.24314	76.33368	76.28392	76.17282	76.18166	76.44884	76.42281	76.39092	76.60062
4/23/2025	4:59:56 PM	76.37354	76.39564	76.48673	76.34658	76.35815	76.24279	76.33363	76.28386	76.17266	76.18204	76.44909	76.42301	76.39103	76.60063
4/23/2025	4:59:59 PM	76.37313	76.39552	76.48658	76.34632	76.35755	76.24256	76.33312	76.28411	76.17284	76.18140	76.44870	76.42215	76.39109	76.60030
4/23/2025	5:00:03 PM	76.37246	76.39549	76.48632	76.34603	76.35737	76.24254	76.33285	76.28361	76.17225	76.18119	76.44813	76.42148	76.39076	76.59988
4/23/2025	5:00:06 PM	76.37210	76.39524	76.48606	76.34602	76.35754	76.24237	76.33283	76.28412	76.17170	76.18127	76.44797	76.42057	76.39071	76.59995
4/23/2025	5:00:10 PM	76.37253	76.39535	76.48660	76.34577	76.35756	76.24226	76.33309	76.28431	76.17135	76.18101	76.44744	76.42042	76.39078	76.60000
4/23/2025	5:00:13 PM	76.37218	76.39450	76.48577	76.34531	76.35671	76.24206	76.33272	76.28383	76.17141	76.18122	76.44732	76.42071	76.39108	76.59939
4/23/2025	5:00:17 PM	76.37200	76.39464	76.48537	76.34533	76.35741	76.24202	76.33262	76.28386	76.17145	76.18063	76.44722	76.42044	76.39079	76.60011
4/23/2025	5:00:21 PM	76.37213	76.39408	76.48473	76.34559	76.35747	76.24234	76.33313	76.28422	76.17181	76.18064	76.44730	76.42061	76.39112	76.59995
4/23/2025	5:00:24 PM	76.37240	76.39283	76.48455	76.34539	76.35767	76.24243	76.33285	76.28395	76.17196	76.18067	76.44760	76.42053	76.39066	76.60005
4/23/2025	5:00:28 PM	76.37212	76.39291	76.48428	76.34512	76.35733	76.24219	76.33270	76.28330	76.17172	76.18075	76.44735	76.42037	76.39084	76.60079
4/23/2025	5:00:31 PM	76.37175	76.39321	76.48414	76.34558	76.35741	76.24186	76.33238	76.28346	76.17186	76.18060	76.44736	76.42077	76.39082	76.60031
4/23/2025	5:00:35 PM	76.37160	76.39347	76.48450	76.34592	76.35800	76.24213	76.33300	76.28357	76.17224	76.18061	76.44779	76.42072	76.39070	76.60045
4/23/2025	5:00:38 PM	76.37263	76.39394	76.48485	76.34604	76.35789	76.24246	76.33291	76.28291	76.17236	76.18028	76.44733	76.42146	76.39111	76.60047
4/23/2025	5:00:42 PM	76.37219	76.39404	76.48441	76.34587	76.35782	76.24208	76.33233	76.28242	76.17253	76.18085	76.44934	76.42182	76.39117	76.60022
4/23/2025	5:00:45 PM	76.37330	76.39412	76.48502	76.34587	76.35755	76.24257	76.33280	76.28335	76.17281	76.18059	76.45075	76.42246	76.39107	76.60060
4/23/2025	5:00:49 PM	76.37358	76.39447	76.48519	76.34597	76.35751	76.24249	76.33244	76.28288	76.17226	76.18074	76.45109	76.42245	76.39153	76.60030
4/23/2025	5:00:53 PM	76.37348	76.39462	76.48553	76.34629	76.35780	76.24266	76.33263	76.28339	76.17235	76.18100	76.45049	76.42309	76.39173	76.59998
4/23/2025	5:00:56 PM	76.37325	76.39452	76.48626	76.34625	76.35796	76.24256	76.33283	76.28380	76.17308	76.18086	76.45064	76.42297	76.39172	76.59977
4/23/2025	5:01:00 PM	76.37338	76.39445	76.48589	76.34583	76.35765	76.24244	76.33255	76.28348	76.17205	76.18083	76.45119	76.42296	76.39117	76.60002
4/23/2025	5:01:03 PM	76.37290	76.39449	76.48594	76.34599	76.35749	76.24218	76.33223	76.28362	76.17202	76.18048	76.45122	76.42305	76.39096	76.59945
4/23/2025	5:01:07 PM	76.37225	76.39390	76.48588	76.34590	76.35763	76.24329	76.33202	76.28388	76.17239	76.18220	76.45098	76.42302	76.39111	76.60025
4/23/2025	5:01:10 PM	76.37193	76.39458	76.48642	76.34604	76.35733	76.24283	76.33225	76.28361	76.17224	76.18269	76.45030	76.42333	76.39174	76.60015
4/23/2025	5:01:14 PM	76.37187	76.39431	76.48616	76.34616	76.35738	76.24218	76.33181	76.28344	76.17193	76.18312	76.45008	76.42276	76.39172	76.60017
4/23/2025	5:01:17 PM	76.37230	76.39458	76.48656	76.34627	76.35761	76.24243	76.33192	76.28385	76.17239	76.18334	76.45003	76.42260	76.39144	76.60089
4/23/2025	5:01:21 PM	76.37108	76.39426	76.48688	76.34613	76.35718	76.24254	76.33186	76.28387	76.17205	76.18228	76.45047	76.42258	76.39112	76.60022
4/23/2025	5:01:25 PM	76.37159	76.39482	76.48645	76.34625	76.35777	76.24300	76.33223	76.28436	76.17165	76.18192	76.45061	76.42237	76.39079	76.60060
4/23/2025	5:01:28 PM	76.37125	76.39484	76.48690	76.34699	76.35767	76.24288	76.33246	76.28470	76.17165	76.18184	76.45079	76.42191	76.39062	76.60037
4/23/2025	5:01:32 PM	76.37139	76.39459	76.48579	76.34609	76.35722	76.24270	76.33236	76.28448	76.17178	76.18235	76.44992	76.42171	76.39041	76.60022
4/23/2025	5:01:35 PM	76.37092	76.39465	76.48506	76.34614	76.35703	76.24220	76.33186	76.28391	76.17123	76.18168	76.44883	76.42130	76.39036	76.60055
4/23/2025	5:01:39 PM	76.37090	76.39420	76.48505	76.34573	76.35733	76.24275	76.33267	76.28448	76.17236	76.18185	76.44860	76.42264	76.38970	76.60052
4/23/2025	5:01:43 PM	76.37125	76.39400	76.48573	76.34569	76.35719	76.24291	76.33226	76.28375	76.17232	76.18136	76.44805	76.42207	76.39006	76.60040
4/23/2025	5:01:46 PM	76.37170	76.39405	76.48577	76.34556	76.35688	76.24194	76.33153	76.28276	76.17164	76.18132	76.44993	76.42243	76.39054	76.60047
4/23/2025	5:01:50 PM	76.37155	76.39386	76.48581	76.34578	76.35724	76.24240	76.33177	76.28334	76.17221	76.18173	76.45072	76.42284	76.39095	76.60047
4/23/2025	5:01:53 PM	76.37147	76.39354	76.48631	76.34638	76.35734	76.24281	76.33191	76.28372	76.17241	76.18195	76.45095	76.42250	76.39074	76.60113
4/23/2025	5:01:57 PM	76.37152	76.39408	76.48553	76.34549	76.35728	76.24243	76.33161	76.28386	76.17273	76.18141	76.44979	76.42261	76.39108	76.60054
4/23/2025	5:02:01 PM	76.37175	76.39457	76.48539	76.34582	76.35697	76.24217	76.33169	76.28304	76.17210	76.18118	76.44920	76.42233	76.39075	76.60030
4/23/2025	5:02:04 PM	76.37131	76.39360	76.48489	76.34527	76.35714	76.24205	76.33181	76.28341	76.17221	76.18124	76.44852	76.42278	76.39095	76.60041
4/23/2025	5:02:08 PM	76.37203	76.39427	76.48575	76.34561	76.35718	76.24243	76.33151	76.28348	76.17205	76.18135	76.44874	76.42303	76.39132	76.60019
4/23/2025	5:02:11 PM	76.37194	76.39410	76.48606	76.34578	76.35764	76.24260	76.33186	76.28331	76.17167	76.18074	76.44870	76.42268	76.39102	76.60005
4/23/2025	5:02:15 PM	76.37221	76.39376	76.48579	76.34606	76.35759	76.24262	76.33185	76.28348	76.17205	76.18154	76.44929	76.42232	76.39113	76.60009
4/23/2025	5:02:19 PM	76.37256	76.39409	76.48598	76.34596	76.35740	76.24264	76.33186	76.28301	76.17212	76.18167	76.44963	76.42217	76.39091	76.60003
4/23/2025	5:02:22 PM	76.37208	76.39404	76.48632	76.34625	76.35769	76.24256	76.33201	76.28268	76.17208	76.18170	76.44945	76.42252	76.39156	76.60065
4/23/2025	5:02:26 PM	76.37184	76.39404	76.48652	76.34589	76.35750	76.24253	76.33218	76.28303	76.17181	76.18176	76.44923	76.42221	76.39125	76.60093
4/23/2025	5:02:29 PM	76.37168	76.39421	76.48627	76.34648	76.35745	76.24233	76.33205	76.28376	76.17198	76.18144	76.44866	76.42270	76.39072	76.60048
4/23/2025	5:02:33 PM	76.37172	76.39428	76.48707	76.34661	76.35729	76.24230	76.33219	76.28417	76.17158	76.18164	76.44845	76.42230	76.39037	76.60033
4/23/2025	5:02:36 PM	76.37154	76.39435	76.48654	76.34627	76.35730	76.24199	76.33185	76.28382	76.17181	76.18117	76.44790	76.42225	76.39013	76.60010
4/23/2025	5:02:40 PM	76.37158	76.39427	76.48643	76.34646	76.35717	76.24239	76.33173	76.28302	76.17185	76.18107	76.44813	76.42153	76.39051	76.60016
4/23/2025	5:02:44 PM	76.37145	76.39437	76.48643	76.34656	76.35732	76.24224	76.33186	76.28301	76.17190	76.18069	76.44803	76.42168	76.39074	76.59949
4/23/2025	5:02:47 PM	76.37150	76.39460	76.48631	76.34668	76.35719	76.24229	76.33190	76.28333	76.17231	76.18089	76.44803	76.42215	76.39070	76.59929
4/23/2025	5:02:51 PM	76.37144	76.39461	76.48607	76.34641	76.35687	76.24194	76.33162	76.28398	76.17191	76.18082	76.44846	76.42298	76.39052	76.59957
4/23/2025	5:02:54 PM	76.37142	76.39419	76.48616	76.34644	76.35719	76.24201	76.33207	76.28395	76.17221	76.18093	76.44823	76.42055	76.39097	76.59984
4/23/2025	5:02:58 PM	76.37080	76.39452	76.48647	76.34647	76.35705	76.24209	76.33185	76.28385	76.17225	76.18086	76.44832	76.42227	76.39100	76.59976
4/23/2025	5:03:01 PM	76.37092	76.39480	76.48683	76.34650	76.35718	76.24231	76.33193	76.28358	76.17278	76.18088	76.44889	76.42254	76.38972	76.59954
4/23/2025	5:03:05 PM	76.36948	76.39404	76.48633	76.34633	76.35702	76.24235	76.33191	76.28365	76.17219	76.18072	76.44916	76.42201	76.38930	76.59993
4/23/2025	5:03:09 PM	76.37015	76.39387	76.48658	76.34602	76.35750	76.24245	76.33183	76.28375	76.17207	76.18054	76.44889	76.42244	76.38925	76.60027
4/23/2025	5:03:12 PM	76.37042	76.39355	76.48616	76.34568	76.35718	76.24217	76.33142	76.28368	76.17205	76.18052	76.44859	76.42185	76.38980	76.59934
4/23/2025	5:03:16 PM	76.37023	76.39292	76.48550	76.34535	76.35723	76.24221	76.33191	76.28336	76.17253	76.18133	76.44817	76.42192	76.39018	76.59953
4/23/2025	5:03:19 PM	76.37029	76.39301	76.48624	76.34597	76.35748	76.24254	76.33197	76.28365	76.17201	76.18096	76.44799	76.42199	76.39040	76.59957
4/23/2025	5:03:23 PM	76.37062	76.39317	76.48603	76.34607	76.35747	76.24254	76.33229	76.28265	76.17192	76.18105	76.44817	76.42194	76.39040	76.59932
4/23/2025	5:03:26 PM	76.37069	76.39273	76.48517	76.34599	76.35740	76.24208	76.33155	76.28238	76.17150	76.18096	76.44787	76.42186	76.39084	76.59934
4/23/2025	5:03:30 PM	76.37088	76.39362	76.48512	76.34581	76.35790	76.24220	76.33161	76.28245	76.17168	76.18072	76.44760	76.42165	76.39100	76.59977
4/23/2025	5:03:33 PM	76.37102	76.39381	76.48478	76.34586	76.35766	76.24227	76.33177	76.28284	76.17198	76.18017	76.44776	76.42162	76.39129	76.60002
4/23/2025	5:03:37 PM	76.37137	76.39434	76.48482	76.34590	76.35775	76.24276	76.33188	76.28294	76.17181	76.18054	76.44784	76.42177	76.39086	76.60002
4/23/2025	5:03:41 PM	76.37117	76.39380	76.48405	76.34509	76.35732	76.24241	76.33119	76.28336	76.17194	76.18059	76.44796	76.42165	76.39119	76.60009
4/23/2025	5:03:44 PM	76.37134	76.39409	76.48360	76.34527	76.35759	76.24215	76.33165	76.28352	76.17247	76.18103	76.44790	76.42175	76.39085	76.60031
4/23/2025	5:03:48 PM	76.37164	76.39399	76.48414	76.34558	76.35733	76.24264	76.33163	76.28379	76.17233	76.18103	76.44722	76.42097	76.39041	76.60004
4/23/2025	5:03:51 PM	76.37123	76.39409	76.48338	76.34512	76.35728	76.24243	76.33174	76.28354	76.17185	76.18045	76.44737	76.42105	76.39020	76.59993
4/23/2025	5:03:55 PM	76.37129	76.39361	76.48296	76.34524	76.35725	76.24252	76.33130	76.28353	76.17120	76.18050	76.44763	76.42092	76.39091	76.60025
4/23/2025	5:03:59 PM	76.37107	76.39385	76.48336	76.34551	76.35737	76.24268	76.33137	76.28314	76.17098	76.18056	76.44823	76.42161	76.39170	76.60073
4/23/2025	5:04:02 PM	76.37149	76.39370	76.48423	76.34566	76.35717	76.24258	76.33193	76.28333	76.17101	76.18080	76.44794	76.42124	76.39126	76.60103
4/23/2025	5:04:06 PM	76.37120	76.39393	76.48508	76.34534	76.35671	76.24265	76.33164	76.28372	76.17102	76.18109	76.44811	76.42137	76.39148	76.60031
4/23/2025	5:04:09 PM	76.37116	76.39342	76.48438	76.34510	76.35700	76.24284	76.33162	76.28346	76.17074	76.18059	76.44820	76.42106	76.39111	76.60027
4/23/2025	5:04:13 PM	76.37090	76.39368	76.48471	76.34563	76.35694	76.24215	76.33179	76.28384	76.17155	76.18038	76.44765	76.42030	76.39144	76.60022
4/23/2025	5:04:17 PM	76.37115	76.39346	76.48484	76.34507	76.35699	76.24218	76.33204	76.28338	76.17096	76.18027	76.44779	76.41991	76.39088	76.59981
4/23/2025	5:04:20 PM	76.37063	76.39341	76.48404	76.34507	76.35710	76.24252	76.33172	76.28287	76.17084	76.18021	76.44733	76.41971	76.39093	76.60020
4/23/2025	5:04:24 PM	76.37059	76.39351	76.48443	76.34555	76.35703	76.24248	76.33197	76.28267	76.17061	76.18021	76.44769	76.42035	76.39144	76.60022
4/23/2025	5:04:27 PM	76.37078	76.39350	76.48421	76.34563	76.35710	76.24237	76.33204	76.28291	76.17096	76.18046	76.44736	76.41975	76.39089	76.59948
4/23/2025	5:04:31 PM	76.37047	76.39324	76.48407	76.34557	76.35720	76.24243	76.33222	76.28288	76.17126	76.18048	76.44743	76.42032	76.39123	76.60029
4/23/2025	5:04:34 PM	76.37135	76.39355	76.48477	76.34590	76.35763	76.24273	76.33250	76.28324	76.17198	76.18102	76.44786	76.42159	76.39102	76.60048
4/23/2025	5:04:38 PM	76.37229	76.39381	76.48505	76.34581	76.35770	76.24240	76.33271	76.28329	76.17233	76.18067	76.44815	76.42229	76.39149	76.60039
4/23/2025	5:04:42 PM	76.37211	76.39342	76.48537	76.34565	76.35715	76.24256	76.33194	76.28277	76.17161	76.18059	76.44746	76.42227	76.39034	76.60009
4/23/2025	5:04:45 PM	76.37242	76.39351	76.48596	76.34586	76.35738	76.24261	76.33198	76.28259	76.17117	76.18078	76.44765	76.42264	76.39058	76.60017
4/23/2025	5:04:49 PM	76.37278	76.39380	76.48596	76.34575	76.35739	76.24225	76.33228	76.28261	76.17110	76.18126	76.44782	76.42252	76.39089	76.59959
4/23/2025	5:04:52 PM	76.37277	76.39391	76.48607	76.34600	76.35750	76.24288	76.33268	76.28278	76.17141	76.18086	76.44764	76.42141	76.39010	76.59988
4/23/2025	5:04:56 PM	76.37201	76.39392	76.48604	76.34611	76.35708	76.24277	76.33238	76.28277	76.17147	76.18058	76.44778	76.42145	76.39062	76.59946
4/23/2025	5:05:00 PM	76.37221	76.39378	76.48605	76.34605	76.35708	76.24266	76.33206	76.28296	76.17059	76.18050	76.44812	76.42090	76.39019	76.59964
4/23/2025	5:05:03 PM	76.37222	76.39436	76.48595	76.34659	76.35718	76.24270	76.33204	76.28228	76.17062	76.17998	76.44764	76.42052	76.38985	76.59967
4/23/2025	5:05:07 PM	76.37228	76.39473	76.48604	76.34571	76.35666	76.24277	76.33200	76.28176	76.17098	76.18036	76.44772	76.42061	76.38941	76.60022
4/23/2025	5:05:10 PM	76.37233	76.39510	76.48698	76.34594	76.35726	76.24319	76.33229	76.28263	76.17197	76.18042	76.44811	76.42087	76.38989	76.60028
4/23/2025	5:05:14 PM	76.37318	76.39526	76.48649	76.34611	76.35758	76.24251	76.33225	76.28297	76.17195	76.18044	76.44809	76.42113	76.39000	76.60020
4/23/2025	5:05:18 PM	76.37267	76.39532	76.48676	76.34604	76.35744	76.24239	76.33192	76.28319	76.17180	76.18045	76.44756	76.42080	76.39008	76.60017
4/23/2025	5:05:21 PM	76.37289	76.39546	76.48658	76.34637	76.35712	76.24269	76.33215	76.28354	76.17186	76.18052	76.44783	76.42118	76.38992	76.60004
4/23/2025	5:05:25 PM	76.37240	76.39523	76.48644	76.34625	76.35758	76.24302	76.33239	76.28329	76.17205	76.18030	76.44798	76.42218	76.39090	76.60026
4/23/2025	5:05:28 PM	76.37235	76.39555	76.48664	76.34669	76.35735	76.24295	76.33254	76.28424	76.17236	76.18140	76.44817	76.42231	76.39076	76.60049
4/23/2025	5:05:32 PM	76.37260	76.39600	76.48659	76.34595	76.35733	76.24251	76.33265	76.28389	76.17237	76.18096	76.44831	76.42273	76.38994	76.60006
4/23/2025	5:05:36 PM	76.37178	76.39570	76.48646	76.34582	76.35774	76.24289	76.33258	76.28404	76.17298	76.18123	76.44860	76.42294	76.38987	76.60028
4/23/2025	5:05:39 PM	76.37234	76.39594	76.48674	76.34635	76.35759	76.24251	76.33249	76.28364	76.17260	76.18115	76.44852	76.42288	76.38987	76.60077
4/23/2025	5:05:43 PM	76.37214	76.39566	76.48669	76.34613	76.35774	76.24284	76.33241	76.28310	76.17247	76.18112	76.44814	76.42194	76.38913	76.60016
4/23/2025	5:05:46 PM	76.37235	76.39538	76.48698	76.34649	76.35806	76.24279	76.33278	76.28374	76.17265	76.18140	76.44818	76.42127	76.38926	76.59997
4/23/2025	5:05:50 PM	76.37196	76.39576	76.48710	76.34590	76.35801	76.24265	76.33231	76.28386	76.17243	76.18093	76.44820	76.42136	76.38946	76.60035
4/23/2025	5:05:54 PM	76.37183	76.39493	76.48644	76.34566	76.35763	76.24292	76.33214	76.28399	76.17204	76.18098	76.44785	76.42102	76.38925	76.60059
4/23/2025	5:05:57 PM	76.37164	76.39542	76.48693	76.34625	76.35826	76.24284	76.33228	76.28411	76.17293	76.18112	76.44797	76.42146	76.38955	76.60103
4/23/2025	5:06:01 PM	76.37163	76.39504	76.48692	76.34599	76.35776	76.24240	76.33209	76.28396	76.17208	76.18106	76.44826	76.42130	76.38940	76.60029
4/23/2025	5:06:04 PM	76.37143	76.39460	76.48697	76.34604	76.35737	76.24242	76.33183	76.28389	76.17222	76.18053	76.44816	76.42139	76.38930	76.59993
4/23/2025	5:06:08 PM	76.37151	76.39472	76.48634	76.34635	76.35780	76.24218	76.33164	76.28410	76.17224	76.18100	76.44781	76.42225	76.38944	76.59999
4/23/2025	5:06:12 PM	76.37229	76.39448	76.48582	76.34619	76.35785	76.24205	76.33162	76.28391	76.17241	76.18070	76.44777	76.42220	76.38989	76.59988
4/23/2025	5:06:15 PM	76.37253	76.39483	76.48609	76.34601	76.35801	76.24244	76.33206	76.28367	76.17248	76.18133	76.44799	76.42254	76.39007	76.60043
4/23/2025	5:06:19 PM	76.37236	76.39439	76.48611	76.34631	76.35741	76.24211	76.33183	76.28363	76.17232	76.18158	76.44811	76.42243	76.39007	76.60016
4/23/2025	5:06:22 PM	76.37228	76.39460	76.48615	76.34583	76.35789	76.24219	76.33177	76.28367	76.17303	76.18131	76.44811	76.42226	76.39026	76.60065
4/23/2025	5:06:26 PM	76.37239	76.39486	76.48643	76.34672	76.35762	76.24227	76.33187	76.28367	76.17223	76.18106	76.44752	76.42140	76.39024	76.60043
4/23/2025	5:06:29 PM	76.37172	76.39439	76.48590	76.34594	76.35723	76.24232	76.33219	76.28358	76.17214	76.18113	76.44784	76.42288	76.39019	76.60007
4/23/2025	5:06:33 PM	76.37182	76.39471	76.48625	76.34600	76.35759	76.24226	76.33199	76.28359	76.17245	76.18163	76.44858	76.42330	76.39078	76.60019
4/23/2025	5:06:36 PM	76.37160	76.39471	76.48665	76.34655	76.35757	76.24289	76.33246	76.28372	76.17262	76.18141	76.44845	76.42292	76.39050	76.60014
4/23/2025	5:06:40 PM	76.37278	76.39452	76.48675	76.34606	76.35772	76.24209	76.33202	76.28340	76.17246	76.18094	76.44870	76.42245	76.39041	76.60015
4/23/2025	5:06:43 PM	76.37278	76.39483	76.48679	76.34661	76.35763	76.24243	76.33187	76.28357	76.17233	76.18112	76.44858	76.42287	76.39069	76.60046
4/23/2025	5:06:47 PM	76.37238	76.39474	76.48708	76.34625	76.35760	76.24270	76.33217	76.28325	76.17132	76.18099	76.44826	76.42300	76.39014	76.60029
4/23/2025	5:06:50 PM	76.37225	76.39435	76.48650	76.34617	76.35722	76.24230	76.33166	76.28325	76.17117	76.18097	76.44825	76.42280	76.39005	76.60036
4/23/2025	5:06:54 PM	76.37242	76.39498	76.48682	76.34562	76.35693	76.24213	76.33150	76.28276	76.17075	76.18054	76.44841	76.42228	76.38976	76.60029
4/23/2025	5:06:58 PM	76.37200	76.39478	76.48638	76.34562	76.35681	76.24212	76.33173	76.28325	76.17104	76.18088	76.44790	76.42113	76.38963	76.60038
4/23/2025	5:07:01 PM	76.37207	76.39516	76.48664	76.34573	76.35696	76.24267	76.33215	76.28294	76.17168	76.18065	76.44804	76.42072	76.39047	76.60091
4/23/2025	5:07:05 PM	76.37150	76.39524	76.48670	76.34611	76.35743	76.24313	76.33270	76.28403	76.17213	76.18205	76.44881	76.42171	76.39087	76.60141
4/23/2025	5:07:08 PM	76.37238	76.39572	76.48671	76.34685	76.35771	76.24314	76.33252	76.28422	76.17258	76.18111	76.44905	76.42274	76.39077	76.60102
4/23/2025	5:07:12 PM	76.37316	76.39519	76.48603	76.34613	76.35769	76.24259	76.33221	76.28385	76.17266	76.18125	76.44954	76.42256	76.39003	76.60098
4/23/2025	5:07:15 PM	76.37313	76.39444	76.48607	76.34538	76.35716	76.24268	76.33185	76.28429	76.17230	76.18082	76.45010	76.42315	76.38989	76.60098
4/23/2025	5:07:19 PM	76.37303	76.39427	76.48641	76.34594	76.35745	76.24252	76.33173	76.28390	76.17240	76.18144	76.45042	76.42376	76.39007	76.60078
4/23/2025	5:07:23 PM	76.37276	76.39361	76.48545	76.34502	76.35711	76.24212	76.33128	76.28381	76.17142	76.18090	76.44985	76.42317	76.38957	76.60004
4/23/2025	5:07:26 PM	76.37296	76.39376	76.48612	76.34528	76.35702	76.24225	76.33154	76.28348	76.17151	76.18084	76.44918	76.42270	76.39001	76.59996
4/23/2025	5:07:30 PM	76.37207	76.39351	76.48626	76.34525	76.35744	76.24212	76.33175	76.28379	76.17231	76.18115	76.44948	76.42256	76.38992	76.59973
4/23/2025	5:07:33 PM	76.37247	76.39383	76.48651	76.34562	76.35740	76.24220	76.33166	76.28353	76.17196	76.18108	76.44884	76.42254	76.39036	76.59982
4/23/2025	5:07:37 PM	76.37201	76.39379	76.48614	76.34537	76.35731	76.24174	76.33163	76.28329	76.17168	76.18086	76.44847	76.42232	76.39035	76.60019
4/23/2025	5:07:40 PM	76.37190	76.39386	76.48625	76.34538	76.35700	76.24200	76.33184	76.28357	76.17188	76.18089	76.44861	76.42228	76.39062	76.60022
4/23/2025	5:07:44 PM	76.37186	76.39410	76.48603	76.34540	76.35691	76.24174	76.33141	76.28342	76.17164	76.18094	76.44812	76.42145	76.39029	76.60078
4/23/2025	5:07:48 PM	76.37196	76.39395	76.48633	76.34574	76.35740	76.24188	76.33161	76.28357	76.17199	76.18125	76.44828	76.42229	76.39043	76.60054
4/23/2025	5:07:51 PM	76.37106	76.39356	76.48623	76.34549	76.35712	76.24185	76.33146	76.28382	76.17218	76.18126	76.44795	76.42278	76.39052	76.60060
4/23/2025	5:07:55 PM	76.37164	76.39418	76.48586	76.34585	76.35689	76.24159	76.33142	76.28336	76.17171	76.18078	76.44827	76.42293	76.39042	76.60069
4/23/2025	5:07:58 PM	76.37130	76.39430	76.48599	76.34604	76.35773	76.24240	76.33158	76.28334	76.17170	76.18095	76.44828	76.42277	76.39020	76.60026
4/23/2025	5:08:02 PM	76.37110	76.39384	76.48590	76.34540	76.35700	76.24166	76.33135	76.28298	76.17172	76.18128	76.44805	76.42260	76.38972	76.60041
4/23/2025	5:08:05 PM	76.37189	76.39438	76.48584	76.34581	76.35723	76.24230	76.33160	76.28262	76.17187	76.18105	76.44796	76.42223	76.38979	76.60036
4/23/2025	5:08:09 PM	76.37113	76.39374	76.48547	76.34583	76.35736	76.24222	76.33159	76.28203	76.17130	76.18120	76.44807	76.42186	76.38954	76.60048
4/23/2025	5:08:13 PM	76.37107	76.39408	76.48597	76.34558	76.35733	76.24158	76.33103	76.28221	76.17143	76.18057	76.44766	76.42224	76.38902	76.59944
4/23/2025	5:08:16 PM	76.37112	76.39364	76.48614	76.34608	76.35722	76.24216	76.33118	76.28294	76.17176	76.18097	76.44781	76.42187	76.38929	76.59983
4/23/2025	5:08:20 PM	76.37120	76.39333	76.48560	76.34497	76.35718	76.24154	76.33132	76.28292	76.17166	76.18089	76.44765	76.42258	76.38912	76.59984
4/23/2025	5:08:23 PM	76.37108	76.39359	76.48572	76.34573	76.35703	76.24200	76.33128	76.28300	76.17195	76.18083	76.44840	76.42298	76.38936	76.60011
4/23/2025	5:08:27 PM	76.37153	76.39370	76.48591	76.34568	76.35736	76.24204	76.33105	76.28319	76.17209	76.18061	76.44963	76.42245	76.38940	76.59995
4/23/2025	5:08:31 PM	76.37116	76.39398	76.48540	76.34527	76.35702	76.24202	76.33096	76.28370	76.17203	76.18075	76.45012	76.42210	76.38913	76.59982
4/23/2025	5:08:34 PM	76.37092	76.39366	76.48507	76.34500	76.35741	76.24210	76.33142	76.28299	76.17201	76.18071	76.45066	76.42206	76.38961	76.59988
4/23/2025	5:08:38 PM	76.37102	76.39377	76.48574	76.34496	76.35733	76.24205	76.33133	76.28280	76.17201	76.18087	76.45043	76.42290	76.38958	76.59989
4/23/2025	5:08:41 PM	76.37113	76.39348	76.48572	76.34503	76.35730	76.24225	76.33120	76.28322	76.17232	76.18081	76.44975	76.42278	76.38964	76.59950
4/23/2025	5:08:45 PM	76.37130	76.39329	76.48559	76.34487	76.35707	76.24219	76.33106	76.28301	76.17241	76.18121	76.44896	76.42218	76.38988	76.59980
4/23/2025	5:08:48 PM	76.37086	76.39372	76.48606	76.34541	76.35776	76.24217	76.33088	76.28351	76.17200	76.18074	76.44858	76.42207	76.39009	76.59989
4/23/2025	5:08:52 PM	76.37135	76.39352	76.48571	76.34547	76.35717	76.24218	76.33068	76.28385	76.17249	76.18093	76.44835	76.42181	76.39004	76.59976
4/23/2025	5:08:56 PM	76.37124	76.39372	76.48600	76.34550	76.35723	76.24203	76.33078	76.28386	76.17248	76.18160	76.44822	76.42149	76.39036	76.59966
4/23/2025	5:08:59 PM	76.37130	76.39380	76.48597	76.34595	76.35771	76.24255	76.33153	76.28424	76.17272	76.18137	76.44845	76.42135	76.39051	76.59984
4/23/2025	5:09:03 PM	76.37136	76.39364	76.48638	76.34586	76.35745	76.24234	76.33132	76.28456	76.17246	76.18120	76.44849	76.42117	76.39041	76.59948
4/23/2025	5:09:06 PM	76.37141	76.39377	76.48645	76.34600	76.35713	76.24229	76.33156	76.28402	76.17228	76.18091	76.44828	76.42139	76.39012	76.59954
4/23/2025	5:09:10 PM	76.37241	76.39378	76.48620	76.34544	76.35704	76.24174	76.33116	76.28293	76.17194	76.18074	76.44796	76.42215	76.39034	76.59973
4/23/2025	5:09:13 PM	76.37265	76.39362	76.48607	76.34571	76.35731	76.24220	76.33171	76.28311	76.17239	76.18079	76.44768	76.42301	76.39027	76.59999
4/23/2025	5:09:17 PM	76.37304	76.39428	76.48631	76.34572	76.35731	76.24176	76.33157	76.28234	76.17233	76.18098	76.44799	76.42317	76.38980	76.59992
4/23/2025	5:09:21 PM	76.37279	76.39424	76.48679	76.34634	76.35778	76.24238	76.33212	76.28271	76.17254	76.18155	76.44779	76.42383	76.39077	76.60027
4/23/2025	5:09:24 PM	76.37299	76.39416	76.48684	76.34589	76.35744	76.24220	76.33169	76.28211	76.17284	76.18120	76.44842	76.42383	76.39059	76.60054
4/23/2025	5:09:28 PM	76.37336	76.39461	76.48664	76.34676	76.35826	76.24298	76.33185	76.28213	76.17299	76.18202	76.44838	76.42347	76.39002	76.60014
4/23/2025	5:09:31 PM	76.37269	76.39468	76.48671	76.34636	76.35811	76.24242	76.33171	76.28227	76.17256	76.18122	76.44787	76.42229	76.38972	76.59988
4/23/2025	5:09:35 PM	76.37224	76.39406	76.48625	76.34593	76.35749	76.24182	76.33142	76.28243	76.17238	76.18151	76.44814	76.42247	76.39019	76.60000
4/23/2025	5:09:39 PM	76.37169	76.39431	76.48634	76.34585	76.35743	76.24217	76.33154	76.28204	76.17228	76.18092	76.44840	76.42231	76.39039	76.59980
4/23/2025	5:09:42 PM	76.37158	76.39414	76.48650	76.34598	76.35721	76.24219	76.33141	76.28209	76.17214	76.18069	76.44860	76.42135	76.39030	76.59998
4/23/2025	5:09:46 PM	76.37113	76.39417	76.48605	76.34547	76.35752	76.24224	76.33116	76.28238	76.17204	76.18048	76.44909	76.42151	76.39026	76.60068
4/23/2025	5:09:49 PM	76.37118	76.39408	76.48660	76.34588	76.35705	76.24187	76.33163	76.28159	76.17230	76.18097	76.44913	76.42173	76.39038	76.60078
4/23/2025	5:09:53 PM	76.37141	76.39446	76.48658	76.34586	76.35728	76.24208	76.33115	76.28137	76.17256	76.18100	76.44970	76.42167	76.38978	76.60007
4/23/2025	5:09:56 PM	76.37107	76.39451	76.48652	76.34566	76.35755	76.24232	76.33063	76.28199	76.17331	76.18179	76.44984	76.42222	76.39017	76.60026
4/23/2025	5:10:00 PM	76.37114	76.39439	76.48641	76.34600	76.35765	76.24246	76.33092	76.28253	76.17229	76.18126	76.44948	76.42212	76.38932	76.59978
4/23/2025	5:10:04 PM	76.37077	76.39407	76.48599	76.34582	76.35745	76.24161	76.33048	76.28235	76.17177	76.18093	76.44895	76.42182	76.38935	76.59946
4/23/2025	5:10:07 PM	76.37080	76.39356	76.48580	76.34517	76.35701	76.24152	76.33054	76.28266	76.17191	76.18057	76.44913	76.42194	76.38990	76.59996
4/23/2025	5:10:11 PM	76.37078	76.39349	76.48537	76.34578	76.35657	76.24154	76.33089	76.28315	76.17158	76.18070	76.44898	76.42210	76.38944	76.59979
4/23/2025	5:10:14 PM	76.37110	76.39372	76.48592	76.34567	76.35718	76.24161	76.33095	76.28320	76.17185	76.18085	76.44877	76.42261	76.39036	76.60036
4/23/2025	5:10:18 PM	76.37112	76.39359	76.48559	76.34542	76.35692	76.24153	76.33147	76.28345	76.17260	76.18076	76.44849	76.42194	76.39006	76.60015
4/23/2025	5:10:21 PM	76.37102	76.39347	76.48565	76.34559	76.35728	76.24186	76.33136	76.28344	76.17217	76.18072	76.44859	76.42194	76.38977	76.59973
4/23/2025	5:10:25 PM	76.37159	76.39380	76.48587	76.34530	76.35707	76.24108	76.33086	76.28324	76.17233	76.18094	76.44879	76.42176	76.39016	76.59938
4/23/2025	5:10:29 PM	76.37134	76.39392	76.48583	76.34561	76.35750	76.24203	76.33155	76.28396	76.17247	76.18117	76.44902	76.42263	76.39046	76.60049
4/23/2025	5:10:32 PM	76.37139	76.39379	76.48624	76.34565	76.35780	76.24202	76.33138	76.28392	76.17172	76.18164	76.44909	76.42175	76.39009	76.60055
4/23/2025	5:10:36 PM	76.37077	76.39386	76.48597	76.34581	76.35715	76.24188	76.33074	76.28403	76.17157	76.18106	76.44883	76.42142	76.39025	76.60032
4/23/2025	5:10:39 PM	76.37132	76.39444	76.48617	76.34539	76.35732	76.24174	76.33105	76.28403	76.17141	76.18063	76.44825	76.42114	76.39024	76.60027
4/23/2025	5:10:43 PM	76.37151	76.39410	76.48621	76.34562	76.35726	76.24223	76.33086	76.28399	76.17145	76.18099	76.44809	76.42148	76.39020	76.59987
4/23/2025	5:10:46 PM	76.37158	76.39397	76.48567	76.34510	76.35666	76.24128	76.33050	76.28283	76.17171	76.18068	76.44760	76.42097	76.38983	76.59935
4/23/2025	5:10:50 PM	76.37164	76.39367	76.48592	76.34524	76.35719	76.24153	76.33070	76.28331	76.17135	76.18056	76.44730	76.42098	76.38975	76.59935
4/23/2025	5:10:53 PM	76.37141	76.39393	76.48608	76.34532	76.35700	76.24154	76.33061	76.28330	76.17142	76.18085	76.44778	76.42082	76.38995	76.59879
4/23/2025	5:10:57 PM	76.37172	76.39404	76.48626	76.34482	76.35671	76.24160	76.33071	76.28408	76.17138	76.18069	76.44736	76.42095	76.38978	76.59875
4/23/2025	5:11:01 PM	76.37174	76.39317	76.48610	76.34521	76.35660	76.24148	76.33089	76.28413	76.17155	76.18090	76.44770	76.42150	76.38965	76.59962
4/23/2025	5:11:04 PM	76.37149	76.39269	76.48595	76.34522	76.35647	76.24138	76.33110	76.28391	76.17188	76.18068	76.44794	76.42144	76.38996	76.59971
4/23/2025	5:11:08 PM	76.37142	76.39315	76.48631	76.34564	76.35711	76.24188	76.33105	76.28351	76.17185	76.18099	76.44771	76.42205	76.39045	76.59954
4/23/2025	5:11:11 PM	76.37109	76.39316	76.48643	76.34536	76.35728	76.24176	76.33134	76.28277	76.17220	76.18074	76.44782	76.42172	76.39049	76.59979
4/23/2025	5:11:15 PM	76.37134	76.39306	76.48587	76.34538	76.35690	76.24155	76.33093	76.28219	76.17198	76.18080	76.44770	76.42177	76.39028	76.60012
4/23/2025	5:11:19 PM	76.37097	76.39296	76.48583	76.34565	76.35712	76.24100	76.33166	76.28236	76.17234	76.18058	76.44792	76.42169	76.38998	76.59996
4/23/2025	5:11:22 PM	76.37129	76.39345	76.48580	76.34506	76.35671	76.24144	76.33099	76.28185	76.17211	76.18093	76.44805	76.42177	76.39007	76.59983
4/23/2025	5:11:26 PM	76.37134	76.39371	76.48586	76.34553	76.35726	76.24182	76.33165	76.28199	76.17201	76.18077	76.44817	76.42142	76.38941	76.59983
4/23/2025	5:11:29 PM	76.37153	76.39418	76.48572	76.34579	76.35736	76.24169	76.33111	76.28315	76.17233	76.18145	76.44882	76.42218	76.38980	76.60023
4/23/2025	5:11:33 PM	76.37222	76.39431	76.48551	76.34549	76.35707	76.24220	76.33147	76.28316	76.17271	76.18100	76.44906	76.42231	76.38923	76.59960
4/23/2025	5:11:37 PM	76.37178	76.39399	76.48601	76.34523	76.35718	76.24168	76.33078	76.28350	76.17227	76.18087	76.44903	76.42218	76.38975	76.59982
4/23/2025	5:11:40 PM	76.37196	76.39420	76.48652	76.34560	76.35732	76.24189	76.33159	76.28412	76.17276	76.18092	76.44861	76.42174	76.38974	76.60031
4/23/2025	5:11:44 PM	76.37189	76.39419	76.48676	76.34564	76.35709	76.24198	76.33059	76.28381	76.17230	76.18070	76.44825	76.42174	76.38977	76.59993
4/23/2025	5:11:47 PM	76.37123	76.39389	76.48694	76.34557	76.35673	76.24138	76.33078	76.28356	76.17181	76.18053	76.44793	76.42141	76.38945	76.59997
4/23/2025	5:11:51 PM	76.37126	76.39399	76.48652	76.34553	76.35714	76.24189	76.33128	76.28319	76.17197	76.18083	76.44799	76.42162	76.38931	76.59967
4/23/2025	5:11:55 PM	76.37180	76.39408	76.48643	76.34539	76.35688	76.24155	76.33110	76.28318	76.17190	76.18066	76.44769	76.42152	76.38918	76.59952
4/23/2025	5:11:58 PM	76.37197	76.39433	76.48636	76.34561	76.35677	76.24189	76.33101	76.28239	76.17179	76.18009	76.44699	76.42111	76.38916	76.59943
4/23/2025	5:12:02 PM	76.37141	76.39371	76.48614	76.34495	76.35697	76.24164	76.33122	76.28243	76.17198	76.18045	76.44790	76.42134	76.38906	76.59981
4/23/2025	5:12:05 PM	76.37141	76.39353	76.48597	76.34523	76.35691	76.24185	76.33157	76.28327	76.17202	76.18103	76.44833	76.42184	76.38992	76.60043
4/23/2025	5:12:09 PM	76.37155	76.39416	76.48570	76.34554	76.35697	76.24186	76.33145	76.28345	76.17237	76.18055	76.44858	76.42179	76.39000	76.60054
4/23/2025	5:12:12 PM	76.37184	76.39397	76.48610	76.34529	76.35732	76.24214	76.33122	76.28334	76.17204	76.18044	76.44901	76.42299	76.38997	76.60040
4/23/2025	5:12:16 PM	76.37185	76.39402	76.48627	76.34535	76.35704	76.24217	76.33132	76.28333	76.17202	76.18091	76.44873	76.42302	76.39028	76.60079
4/23/2025	5:12:20 PM	76.37199	76.39402	76.48635	76.34602	76.35736	76.24225	76.33163	76.28408	76.17222	76.18053	76.44852	76.42325	76.38960	76.60030
4/23/2025	5:12:23 PM	76.37154	76.39380	76.48606	76.34580	76.35729	76.24234	76.33182	76.28383	76.17260	76.18057	76.44809	76.42333	76.38976	76.60042
4/23/2025	5:12:27 PM	76.37211	76.39443	76.48695	76.34591	76.35802	76.24209	76.33139	76.28318	76.17202	76.18101	76.44909	76.42302	76.38969	76.60068
4/23/2025	5:12:30 PM	76.37211	76.39385	76.48630	76.34541	76.35673	76.24153	76.33133	76.28239	76.17155	76.18073	76.44855	76.42219	76.38941	76.60028
4/23/2025	5:12:34 PM	76.37229	76.39365	76.48649	76.34514	76.35691	76.24155	76.33147	76.28233	76.17120	76.18055	76.44837	76.42226	76.38914	76.60020
4/23/2025	5:12:37 PM	76.37267	76.39376	76.48612	76.34482	76.35727	76.24199	76.33163	76.28304	76.17120	76.18130	76.44951	76.42327	76.39006	76.60076
4/23/2025	5:12:41 PM	76.37330	76.39428	76.48690	76.34599	76.35754	76.24248	76.33184	76.28374	76.17161	76.18129	76.44998	76.42243	76.38993	76.60045
4/23/2025	5:12:44 PM	76.37331	76.39468	76.48697	76.34585	76.35730	76.24202	76.33217	76.28331	76.17251	76.18125	76.44997	76.42323	76.39029	76.60036
4/23/2025	5:12:48 PM	76.37300	76.39418	76.48642	76.34609	76.35718	76.24187	76.33155	76.28313	76.17214	76.18081	76.45073	76.42303	76.38994	76.59988
4/23/2025	5:12:52 PM	76.37294	76.39410	76.48670	76.34600	76.35757	76.24224	76.33185	76.28273	76.17250	76.18061	76.45100	76.42267	76.39050	76.60068
4/23/2025	5:12:55 PM	76.37364	76.39477	76.48678	76.34596	76.35699	76.24200	76.33178	76.28234	76.17049	76.18073	76.45114	76.42343	76.39014	76.60010
4/23/2025	5:12:59 PM	76.37254	76.39411	76.48625	76.34613	76.35693	76.24195	76.33202	76.28231	76.17055	76.18209	76.45218	76.42408	76.39004	76.60027
4/23/2025	5:13:02 PM	76.37225	76.39424	76.48632	76.34551	76.35727	76.24171	76.33191	76.28272	76.17099	76.18214	76.45066	76.42363	76.39021	76.59980
4/23/2025	5:13:06 PM	76.37222	76.39452	76.48649	76.34597	76.35721	76.24172	76.33155	76.28189	76.17142	76.18180	76.44932	76.42262	76.38987	76.59991
4/23/2025	5:13:09 PM	76.37143	76.39385	76.48588	76.34559	76.35720	76.24181	76.33155	76.28177	76.17112	76.18191	76.44916	76.42268	76.39030	76.60015
4/23/2025	5:13:13 PM	76.37153	76.39374	76.48617	76.34550	76.35682	76.24179	76.33140	76.28284	76.17027	76.18149	76.44909	76.42233	76.38991	76.59972
4/23/2025	5:13:16 PM	76.37153	76.39412	76.48642	76.34599	76.35712	76.24220	76.33179	76.28294	76.17051	76.18197	76.44920	76.42205	76.38971	76.60001
4/23/2025	5:13:20 PM	76.37146	76.39373	76.48602	76.34599	76.35796	76.24224	76.33211	76.28259	76.17081	76.18145	76.44970	76.42237	76.39005	76.60023
4/23/2025	5:13:24 PM	76.37146	76.39453	76.48636	76.34574	76.35776	76.24268	76.33250	76.28278	76.17196	76.18207	76.45056	76.42288	76.39002	76.60056
4/23/2025	5:13:27 PM	76.37184	76.39488	76.48643	76.34601	76.35770	76.24302	76.33239	76.28276	76.17225	76.18211	76.45051	76.42269	76.38989	76.60015
4/23/2025	5:13:31 PM	76.37158	76.39408	76.48625	76.34543	76.35713	76.24218	76.33211	76.28267	76.17211	76.18140	76.44938	76.42179	76.38993	76.59989
4/23/2025	5:13:34 PM	76.37153	76.39437	76.48617	76.34594	76.35787	76.24278	76.33209	76.28280	76.17221	76.18124	76.44949	76.42151	76.38970	76.59939
4/23/2025	5:13:38 PM	76.37130	76.39366	76.48618	76.34568	76.35750	76.24214	76.33231	76.28220	76.17210	76.18094	76.44901	76.42169	76.38969	76.59950
4/23/2025	5:13:42 PM	76.37164	76.39397	76.48642	76.34555	76.35736	76.24196	76.33180	76.28236	76.17222	76.18103	76.44856	76.42188	76.38980	76.59965
4/23/2025	5:13:45 PM	76.37180	76.39412	76.48625	76.34572	76.35745	76.24207	76.33200	76.28310	76.17187	76.18089	76.44852	76.42278	76.38928	76.59920
4/23/2025	5:13:49 PM	76.37144	76.39381	76.48626	76.34538	76.35789	76.24218	76.33204	76.28280	76.17189	76.18102	76.44854	76.42352	76.38950	76.59967
4/23/2025	5:13:52 PM	76.37175	76.39397	76.48610	76.34545	76.35749	76.24172	76.33150	76.28280	76.17178	76.18078	76.44814	76.42285	76.38925	76.60000
4/23/2025	5:13:56 PM	76.37123	76.39416	76.48646	76.34587	76.35768	76.24201	76.33191	76.28349	76.17165	76.18109	76.44839	76.42233	76.38938	76.60051
4/23/2025	5:13:59 PM	76.37164	76.39491	76.48707	76.34606	76.35761	76.24247	76.33229	76.28421	76.17244	76.18151	76.44942	76.42250	76.38994	76.60079
4/23/2025	5:14:03 PM	76.37185	76.39458	76.48721	76.34627	76.35755	76.24286	76.33206	76.28374	76.17209	76.18120	76.44834	76.42248	76.38987	76.60040
4/23/2025	5:14:07 PM	76.37169	76.39455	76.48676	76.34596	76.35775	76.24249	76.33227	76.28406	76.17164	76.18104	76.44842	76.42224	76.39081	76.59961
4/23/2025	5:14:10 PM	76.37141	76.39421	76.48636	76.34571	76.35707	76.24215	76.33186	76.28381	76.17006	76.18089	76.44766	76.42165	76.39024	76.59930
4/23/2025	5:14:14 PM	76.37103	76.39381	76.48608	76.34505	76.35729	76.24203	76.33193	76.28402	76.16935	76.18100	76.44820	76.42195	76.38995	76.59964
4/23/2025	5:14:17 PM	76.37125	76.39427	76.48673	76.34525	76.35765	76.24248	76.33173	76.28408	76.17019	76.18100	76.44851	76.42315	76.39002	76.60035
4/23/2025	5:14:21 PM	76.37154	76.39464	76.48650	76.34532	76.35782	76.24223	76.33179	76.28439	76.17108	76.18094	76.44852	76.42314	76.39034	76.60045
4/23/2025	5:14:25 PM	76.37152	76.39479	76.48703	76.34583	76.35781	76.24254	76.33161	76.28391	76.17112	76.18154	76.44917	76.42299	76.39039	76.60035
4/23/2025	5:14:28 PM	76.37106	76.39392	76.48680	76.34559	76.35760	76.24242	76.33178	76.28415	76.17056	76.18096	76.44844	76.42275	76.39016	76.60015
4/23/2025	5:14:32 PM	76.37084	76.39418	76.48676	76.34544	76.35725	76.24260	76.33125	76.28331	76.16998	76.18090	76.44840	76.42225	76.38999	76.60000
4/23/2025	5:14:35 PM	76.37081	76.39362	76.48542	76.34497	76.35727	76.24207	76.33141	76.28297	76.17028	76.18059	76.44849	76.42196	76.39023	76.59995
4/23/2025	5:14:39 PM	76.37121	76.39366	76.48645	76.34566	76.35728	76.24257	76.33168	76.28307	76.17099	76.18086	76.44871	76.42216	76.39039	76.60033
4/23/2025	5:14:43 PM	76.37103	76.39336	76.48628	76.34562	76.35748	76.24233	76.33141	76.28370	76.17113	76.18025	76.44807	76.42122	76.38982	76.59991
4/23/2025	5:14:46 PM	76.37074	76.39289	76.48621	76.34557	76.35734	76.24231	76.33143	76.28392	76.17160	76.18070	76.44868	76.42166	76.39025	76.59987
4/23/2025	5:14:50 PM	76.37171	76.39349	76.48631	76.34612	76.35769	76.24257	76.33139	76.28384	76.17164	76.18093	76.44800	76.42168	76.39039	76.59989
4/23/2025	5:14:53 PM	76.37166	76.39384	76.48637	76.34617	76.35786	76.24271	76.33175	76.28426	76.17186	76.18093	76.44841	76.42168	76.39107	76.60064
4/23/2025	5:14:57 PM	76.37180	76.39396	76.48612	76.34644	76.35794	76.24264	76.33201	76.28417	76.17164	76.18107	76.44805	76.42162	76.39041	76.60007
4/23/2025	5:15:01 PM	76.37227	76.39401	76.48660	76.34609	76.35777	76.24260	76.33171	76.28436	76.17140	76.18114	76.44840	76.42144	76.39046	76.60023
4/23/2025	5:15:04 PM	76.37216	76.39447	76.48674	76.34596	76.35749	76.24281	76.33182	76.28466	76.17166	76.18111	76.44897	76.42182	76.39088	76.60091
4/23/2025	5:15:08 PM	76.37219	76.39480	76.48668	76.34635	76.35771	76.24262	76.33210	76.28450	76.17147	76.18059	76.44820	76.42141	76.39075	76.60109
4/23/2025	5:15:11 PM	76.37218	76.39401	76.48628	76.34577	76.35739	76.24269	76.33195	76.28451	76.17161	76.18130	76.44842	76.42144	76.39062	76.60135
4/23/2025	5:15:15 PM	76.37177	76.39428	76.48623	76.34629	76.35778	76.24243	76.33160	76.28449	76.17206	76.18103	76.44889	76.42187	76.39051	76.60114
4/23/2025	5:15:18 PM	76.37189	76.39415	76.48669	76.34611	76.35794	76.24244	76.33200	76.28390	76.17228	76.18088	76.44833	76.42236	76.39057	76.60085
4/23/2025	5:15:22 PM	76.37178	76.39386	76.48657	76.34555	76.35761	76.24229	76.33200	76.28333	76.17227	76.18076	76.44845	76.42201	76.39031	76.60070
4/23/2025	5:15:26 PM	76.37206	76.39352	76.48613	76.34606	76.35781	76.24264	76.33251	76.28405	76.17269	76.18153	76.44855	76.42220	76.39061	76.60112
4/23/2025	5:15:29 PM	76.37238	76.39379	76.48653	76.34592	76.35748	76.24208	76.33234	76.28297	76.17206	76.18072	76.44876	76.42239	76.39023	76.60035
4/23/2025	5:15:33 PM	76.37196	76.39386	76.48668	76.34575	76.35815	76.24206	76.33232	76.28379	76.17270	76.18158	76.44927	76.42242	76.39043	76.60101
4/23/2025	5:15:36 PM	76.37226	76.39370	76.48649	76.34599	76.35811	76.24139	76.33261	76.28424	76.17233	76.18133	76.44930	76.42296	76.39021	76.60048
4/23/2025	5:15:40 PM	76.37279	76.39422	76.48690	76.34623	76.35789	76.24208	76.33286	76.28401	76.17285	76.18128	76.45025	76.42348	76.39003	76.60086
4/23/2025	5:15:44 PM	76.37213	76.39384	76.48649	76.34586	76.35782	76.24206	76.33192	76.28390	76.17287	76.18098	76.44960	76.42335	76.39008	76.60073
4/23/2025	5:15:47 PM	76.37257	76.39376	76.48685	76.34617	76.35823	76.24256	76.33243	76.28455	76.17311	76.18091	76.44911	76.42351	76.39009	76.60086
4/23/2025	5:15:51 PM	76.37276	76.39449	76.48725	76.34606	76.35803	76.24241	76.33268	76.28451	76.17268	76.18092	76.44842	76.42298	76.38993	76.60089
4/23/2025	5:15:54 PM	76.37224	76.39434	76.48693	76.34623	76.35775	76.24251	76.33241	76.28361	76.17245	76.18120	76.44921	76.42308	76.38993	76.60061
4/23/2025	5:15:58 PM	76.37229	76.39460	76.48675	76.34596	76.35758	76.24251	76.33249	76.28445	76.17220	76.18087	76.44903	76.42328	76.39034	76.60083
4/23/2025	5:16:02 PM	76.37228	76.39486	76.48726	76.34611	76.35829	76.24242	76.33238	76.28433	76.17176	76.18128	76.44875	76.42290	76.39012	76.60081
4/23/2025	5:16:05 PM	76.37250	76.39486	76.48729	76.34631	76.35790	76.24239	76.33248	76.28414	76.17140	76.18116	76.44904	76.42281	76.38998	76.60001
4/23/2025	5:16:09 PM	76.37251	76.39396	76.48647	76.34605	76.35760	76.24208	76.33215	76.28394	76.17159	76.18097	76.44893	76.42246	76.38979	76.59977
4/23/2025	5:16:12 PM	76.37198	76.39412	76.48656	76.34636	76.35769	76.24290	76.33235	76.28310	76.17182	76.18096	76.44847	76.42228	76.38980	76.60021
4/23/2025	5:16:16 PM	76.37220	76.39426	76.48617	76.34588	76.35750	76.24245	76.33194	76.28286	76.17089	76.18075	76.44806	76.42226	76.39036	76.59978
4/23/2025	5:16:20 PM	76.37262	76.39397	76.48649	76.34594	76.35782	76.24280	76.33208	76.28303	76.17172	76.18071	76.44754	76.42221	76.38989	76.59984
4/23/2025	5:16:23 PM	76.37249	76.39423	76.48628	76.34607	76.35759	76.24273	76.33168	76.28272	76.17150	76.18056	76.44836	76.42209	76.39043	76.59949
4/23/2025	5:16:27 PM	76.37242	76.39407	76.48651	76.34619	76.35786	76.24232	76.33213	76.28306	76.17202	76.18097	76.44813	76.42157	76.38996	76.59993
4/23/2025	5:16:30 PM	76.37287	76.39385	76.48622	76.34594	76.35747	76.24201	76.33199	76.28297	76.17207	76.18096	76.44818	76.42227	76.39035	76.60023
4/23/2025	5:16:34 PM	76.37303	76.39408	76.48630	76.34589	76.35761	76.24231	76.33182	76.28299	76.17167	76.18097	76.44829	76.42235	76.39064	76.60027
4/23/2025	5:16:38 PM	76.37310	76.39417	76.48642	76.34621	76.35748	76.24242	76.33198	76.28309	76.17211	76.18102	76.44848	76.42265	76.39075	76.60041
4/23/2025	5:16:41 PM	76.37310	76.39377	76.48641	76.34620	76.35770	76.24252	76.33253	76.28241	76.17200	76.18075	76.44825	76.42296	76.39047	76.60052
4/23/2025	5:16:45 PM	76.37230	76.39364	76.48649	76.34621	76.35754	76.24227	76.33182	76.28260	76.17198	76.18112	76.44888	76.42315	76.39089	76.60134
4/23/2025	5:16:49 PM	76.37208	76.39367	76.48690	76.34640	76.35797	76.24270	76.33174	76.28275	76.17138	76.18083	76.44829	76.42272	76.39087	76.60107
4/23/2025	5:16:52 PM	76.37185	76.39357	76.48643	76.34578	76.35777	76.24245	76.33165	76.28360	76.17242	76.18109	76.44860	76.42274	76.39087	76.60075
4/23/2025	5:16:56 PM	76.37254	76.39414	76.48660	76.34649	76.35755	76.24217	76.33145	76.28437	76.17210	76.18072	76.44760	76.42228	76.38979	76.60037
4/23/2025	5:16:59 PM	76.37190	76.39387	76.48639	76.34590	76.35765	76.24258	76.33214	76.28380	76.17200	76.18088	76.44839	76.42287	76.39026	76.60022
4/23/2025	5:17:03 PM	76.37235	76.39470	76.48689	76.34618	76.35745	76.24209	76.33214	76.28381	76.17223	76.18086	76.44877	76.42296	76.39102	76.60109
4/23/2025	5:17:07 PM	76.37222	76.39447	76.48684	76.34624	76.35790	76.24244	76.33224	76.28407	76.17234	76.18189	76.44881	76.42234	76.39038	76.60135
4/23/2025	5:17:10 PM	76.37247	76.39501	76.48699	76.34630	76.35785	76.24276	76.33199	76.28330	76.17227	76.18140	76.44883	76.42199	76.38982	76.60085
4/23/2025	5:17:14 PM	76.37225	76.39487	76.48756	76.34660	76.35801	76.24293	76.33151	76.28317	76.17263	76.18142	76.44866	76.42099	76.38978	76.60079
4/23/2025	5:17:17 PM	76.37224	76.39448	76.48659	76.34590	76.35782	76.24221	76.33101	76.28348	76.17235	76.18125	76.44878	76.42185	76.38992	76.60092
4/23/2025	5:17:21 PM	76.37189	76.39498	76.48720	76.34623	76.35752	76.24222	76.33141	76.28387	76.17160	76.18108	76.44860	76.42131	76.39006	76.60049
4/23/2025	5:17:25 PM	76.37239	76.39490	76.48703	76.34555	76.35726	76.24282	76.33168	76.28450	76.17160	76.18068	76.44843	76.42133	76.39009	76.60048
4/23/2025	5:17:28 PM	76.37162	76.39520	76.48657	76.34562	76.35737	76.24221	76.33147	76.28391	76.17169	76.18090	76.44829	76.42144	76.39027	76.59974
4/23/2025	5:17:32 PM	76.37182	76.39506	76.48716	76.34621	76.35779	76.24260	76.33203	76.28399	76.17208	76.18091	76.44859	76.42144	76.39038	76.60056
4/23/2025	5:17:35 PM	76.37132	76.39482	76.48665	76.34613	76.35785	76.24254	76.33213	76.28380	76.17264	76.18098	76.44885	76.42105	76.39076	76.60037
4/23/2025	5:17:39 PM	76.37081	76.39428	76.48584	76.34584	76.35751	76.24229	76.33217	76.28445	76.17269	76.18075	76.44879	76.42101	76.39076	76.60079
4/23/2025	5:17:43 PM	76.37134	76.39434	76.48628	76.34567	76.35750	76.24257	76.33178	76.28414	76.17223	76.18071	76.44843	76.42158	76.39055	76.60078
4/23/2025	5:17:46 PM	76.37152	76.39424	76.48586	76.34643	76.35761	76.24222	76.33184	76.28384	76.17271	76.18107	76.44882	76.42167	76.39021	76.60022
4/23/2025	5:17:50 PM	76.37143	76.39418	76.48576	76.34635	76.35776	76.24265	76.33229	76.28380	76.17262	76.18131	76.44889	76.42136	76.39033	76.60092
4/23/2025	5:17:54 PM	76.37157	76.39449	76.48584	76.34620	76.35763	76.24240	76.33166	76.28300	76.17267	76.18091	76.44895	76.42233	76.39029	76.60072
4/23/2025	5:17:57 PM	76.37203	76.39430	76.48574	76.34548	76.35737	76.24225	76.33158	76.28272	76.17245	76.18086	76.44872	76.42228	76.39027	76.60032
4/23/2025	5:18:01 PM	76.37178	76.39419	76.48577	76.34589	76.35738	76.24239	76.33175	76.28228	76.17204	76.18109	76.44856	76.42253	76.39033	76.60035
4/23/2025	5:18:04 PM	76.37197	76.39431	76.48600	76.34647	76.35745	76.24228	76.33161	76.28227	76.17218	76.18096	76.44724	76.42253	76.39032	76.60015
4/23/2025	5:18:08 PM	76.37210	76.39456	76.48616	76.34642	76.35764	76.24281	76.33172	76.28275	76.17129	76.18075	76.44738	76.42232	76.39068	76.60044
4/23/2025	5:18:12 PM	76.37224	76.39490	76.48634	76.34704	76.35748	76.24264	76.33106	76.28262	76.17074	76.18084	76.44760	76.42198	76.39053	76.60047
4/23/2025	5:18:15 PM	76.37192	76.39476	76.48650	76.34674	76.35749	76.24222	76.33130	76.28296	76.17070	76.18048	76.44785	76.42170	76.39007	76.60067
4/23/2025	5:18:19 PM	76.37259	76.39512	76.48681	76.34650	76.35777	76.24266	76.33176	76.28308	76.17125	76.18068	76.44857	76.42197	76.39051	76.60055
4/23/2025	5:18:22 PM	76.37260	76.39482	76.48680	76.34693	76.35797	76.24290	76.33185	76.28230	76.17185	76.18076	76.44786	76.42139	76.39021	76.60084
4/23/2025	5:18:26 PM	76.37246	76.39416	76.48706	76.34654	76.35778	76.24315	76.33174	76.28252	76.17146	76.18057	76.44844	76.42171	76.38959	76.60037
4/23/2025	5:18:30 PM	76.37205	76.39458	76.48678	76.34655	76.35795	76.24332	76.33131	76.28322	76.17152	76.18106	76.44824	76.42185	76.39010	76.60005
4/23/2025	5:18:33 PM	76.37199	76.39454	76.48706	76.34611	76.35759	76.24275	76.33144	76.28378	76.17152	76.18083	76.44832	76.42174	76.38994	76.60027
4/23/2025	5:18:37 PM	76.37236	76.39497	76.48758	76.34641	76.35799	76.24297	76.33101	76.28399	76.17152	76.18114	76.44849	76.42216	76.38997	76.60030
4/23/2025	5:18:41 PM	76.37243	76.39462	76.48744	76.34649	76.35801	76.24286	76.33123	76.28382	76.17218	76.18144	76.44879	76.42303	76.39045	76.60069
4/23/2025	5:18:44 PM	76.37265	76.39458	76.48711	76.34644	76.35772	76.24225	76.33131	76.28369	76.17156	76.18078	76.44785	76.42296	76.38967	76.60036
4/23/2025	5:18:48 PM	76.37232	76.39413	76.48675	76.34624	76.35791	76.24240	76.33128	76.28312	76.17098	76.18096	76.44882	76.42326	76.39027	76.60066
4/23/2025	5:18:51 PM	76.37289	76.39561	76.48720	76.34679	76.35860	76.24295	76.33166	76.28339	76.17186	76.18119	76.44912	76.42336	76.39069	76.60091
4/23/2025	5:18:55 PM	76.37319	76.39523	76.48726	76.34664	76.35843	76.24293	76.33125	76.28363	76.17186	76.18129	76.44887	76.42290	76.39018	76.60057
4/23/2025	5:18:59 PM	76.37248	76.39529	76.48675	76.34643	76.35826	76.24272	76.33100	76.28407	76.17116	76.18108	76.44887	76.42238	76.38972	76.60013
4/23/2025	5:19:02 PM	76.37266	76.39545	76.48672	76.34647	76.35813	76.24276	76.33151	76.28357	76.16985	76.18114	76.44881	76.42210	76.38937	76.60019
4/23/2025	5:19:06 PM	76.37265	76.39534	76.48710	76.34665	76.35832	76.24294	76.33202	76.28371	76.17046	76.18081	76.44828	76.42165	76.38964	76.60010
4/23/2025	5:19:09 PM	76.37211	76.39559	76.48681	76.34646	76.35792	76.24287	76.33189	76.28363	76.17077	76.18093	76.44857	76.42152	76.38910	76.60004
4/23/2025	5:19:13 PM	76.37290	76.39497	76.48671	76.34616	76.35787	76.24276	76.33225	76.28366	76.17107	76.18110	76.44795	76.42161	76.38978	76.59959
4/23/2025	5:19:17 PM	76.37319	76.39496	76.48698	76.34611	76.35768	76.24290	76.33191	76.28335	76.17151	76.18050	76.44865	76.42117	76.39003	76.59953
4/23/2025	5:19:20 PM	76.37317	76.39469	76.48715	76.34625	76.35776	76.24311	76.33223	76.28277	76.17178	76.18007	76.44768	76.42169	76.39041	76.60002
4/23/2025	5:19:24 PM	76.37333	76.39514	76.48701	76.34645	76.35786	76.24292	76.33219	76.28342	76.17126	76.18030	76.44824	76.42250	76.39054	76.60010
4/23/2025	5:19:27 PM	76.37298	76.39468	76.48667	76.34637	76.35780	76.24293	76.33188	76.28318	76.17205	76.18080	76.44840	76.42251	76.39089	76.60045
4/23/2025	5:19:31 PM	76.37272	76.39470	76.48688	76.34615	76.35792	76.24288	76.33287	76.28220	76.17121	76.18114	76.44821	76.42273	76.39045	76.59979
4/23/2025	5:19:35 PM	76.37303	76.39491	76.48673	76.34687	76.35809	76.24314	76.33285	76.28258	76.17098	76.18127	76.44843	76.42354	76.39032	76.60008
4/23/2025	5:19:38 PM	76.37250	76.39456	76.48656	76.34687	76.35817	76.24327	76.33289	76.28329	76.17093	76.18137	76.44847	76.42354	76.39030	76.60034
4/23/2025	5:19:42 PM	76.37278	76.39481	76.48672	76.34666	76.35803	76.24325	76.33289	76.28351	76.17220	76.18145	76.44877	76.42337	76.39080	76.60067
4/23/2025	5:19:45 PM	76.37249	76.39489	76.48685	76.34681	76.35810	76.24322	76.33260	76.28314	76.17211	76.18041	76.44862	76.42237	76.39047	76.60019
4/23/2025	5:19:49 PM	76.37231	76.39438	76.48681	76.34638	76.35762	76.24333	76.33277	76.28281	76.17204	76.18069	76.44851	76.42237	76.39085	76.60057
4/23/2025	5:19:53 PM	76.37292	76.39418	76.48668	76.34673	76.35808	76.24286	76.33201	76.28300	76.17182	76.18089	76.44838	76.42256	76.39064	76.60064
4/23/2025	5:19:56 PM	76.37300	76.39441	76.48708	76.34666	76.35804	76.24327	76.33217	76.28352	76.17055	76.18098	76.44895	76.42415	76.39129	76.60085
4/23/2025	5:20:00 PM	76.37272	76.39460	76.48690	76.34673	76.35823	76.24309	76.33249	76.28329	76.17077	76.18128	76.44852	76.42492	76.39200	76.60128
4/23/2025	5:20:03 PM	76.37296	76.39495	76.48720	76.34683	76.35808	76.24345	76.33248	76.28282	76.17182	76.18164	76.44911	76.42524	76.39195	76.60093
4/23/2025	5:20:07 PM	76.37292	76.39491	76.48740	76.34693	76.35762	76.24338	76.33229	76.28318	76.17148	76.18151	76.44866	76.42485	76.39230	76.60142
4/23/2025	5:20:11 PM	76.37317	76.39536	76.48755	76.34653	76.35796	76.24313	76.33274	76.28418	76.17194	76.18163	76.44885	76.42501	76.39146	76.60124
4/23/2025	5:20:14 PM	76.37216	76.39494	76.48751	76.34665	76.35833	76.24342	76.33284	76.28447	76.17279	76.18162	76.44920	76.42503	76.39110	76.60114
4/23/2025	5:20:18 PM	76.37263	76.39481	76.48711	76.34670	76.35799	76.24287	76.33200	76.28493	76.17169	76.18165	76.44889	76.42493	76.39081	76.60150
4/23/2025	5:20:22 PM	76.37328	76.39485	76.48770	76.34679	76.35871	76.24346	76.33236	76.28531	76.17222	76.18177	76.44916	76.42431	76.39052	76.60167
4/23/2025	5:20:25 PM	76.37300	76.39516	76.48760	76.34735	76.35875	76.24352	76.33239	76.28554	76.17146	76.18135	76.44976	76.42297	76.39027	76.60133
4/23/2025	5:20:29 PM	76.37302	76.39566	76.48746	76.34706	76.35822	76.24313	76.33251	76.28523	76.17094	76.18142	76.44929	76.42268	76.39049	76.60127
4/23/2025	5:20:32 PM	76.37324	76.39491	76.48753	76.34698	76.35837	76.24367	76.33278	76.28508	76.17095	76.18133	76.44956	76.42275	76.39125	76.60090
4/23/2025	5:20:36 PM	76.37324	76.39549	76.48774	76.34699	76.35843	76.24365	76.33287	76.28549	76.17174	76.18147	76.44978	76.42291	76.39113	76.60107
4/23/2025	5:20:40 PM	76.37361	76.39533	76.48734	76.34723	76.35871	76.24398	76.33363	76.28562	76.17276	76.18138	76.44948	76.42252	76.39117	76.60134
4/23/2025	5:20:43 PM	76.37328	76.39539	76.48779	76.34747	76.35894	76.24387	76.33327	76.28404	76.17313	76.18143	76.44858	76.42262	76.39126	76.60139
4/23/2025	5:20:47 PM	76.37290	76.39517	76.48726	76.34712	76.35883	76.24384	76.33356	76.28333	76.17234	76.18185	76.44912	76.42341	76.39119	76.60175
4/23/2025	5:20:50 PM	76.37330	76.39549	76.48768	76.34747	76.35887	76.24377	76.33382	76.28398	76.17229	76.18149	76.44903	76.42338	76.39148	76.60186
4/23/2025	5:20:54 PM	76.37347	76.39520	76.48751	76.34723	76.35838	76.24347	76.33311	76.28414	76.17149	76.18215	76.44952	76.42321	76.39099	76.60158
4/23/2025	5:20:58 PM	76.37289	76.39519	76.48723	76.34753	76.35877	76.24331	76.33366	76.28424	76.17183	76.18192	76.44900	76.42324	76.39109	76.60170
4/23/2025	5:21:01 PM	76.37331	76.39513	76.48730	76.34733	76.35860	76.24373	76.33334	76.28479	76.17187	76.18099	76.44857	76.42333	76.39132	76.60179
4/23/2025	5:21:05 PM	76.37328	76.39520	76.48776	76.34743	76.35869	76.24365	76.33321	76.28510	76.17204	76.18087	76.44875	76.42341	76.39142	76.60145
4/23/2025	5:21:08 PM	76.37328	76.39513	76.48731	76.34779	76.35901	76.24387	76.33356	76.28575	76.17354	76.18077	76.44901	76.42384	76.39133	76.60187
4/23/2025	5:21:12 PM	76.37415	76.39473	76.48660	76.34726	76.35869	76.24447	76.33333	76.28561	76.17178	76.18142	76.44959	76.42330	76.39181	76.60118
4/23/2025	5:21:16 PM	76.37455	76.39535	76.48726	76.34771	76.35916	76.24410	76.33353	76.28545	76.17307	76.18199	76.44992	76.42354	76.39195	76.60098
4/23/2025	5:21:19 PM	76.37480	76.39527	76.48743	76.34795	76.35949	76.24442	76.33386	76.28505	76.17214	76.18191	76.44972	76.42283	76.39176	76.60089
4/23/2025	5:21:23 PM	76.37391	76.39526	76.48712	76.34804	76.35955	76.24413	76.33374	76.28459	76.17165	76.18212	76.44943	76.42305	76.39208	76.60073
4/23/2025	5:21:26 PM	76.37414	76.39539	76.48744	76.34785	76.35942	76.24449	76.33347	76.28485	76.17197	76.18120	76.45027	76.42345	76.39197	76.60188
4/23/2025	5:21:30 PM	76.37385	76.39565	76.48747	76.34793	76.35922	76.24423	76.33374	76.28512	76.17280	76.18173	76.44973	76.42324	76.39138	76.60132
4/23/2025	5:21:34 PM	76.37353	76.39508	76.48725	76.34720	76.35932	76.24412	76.33366	76.28456	76.17143	76.18154	76.44932	76.42256	76.39118	76.60109
4/23/2025	5:21:37 PM	76.37380	76.39505	76.48757	76.34804	76.35934	76.24421	76.33396	76.28406	76.17199	76.18136	76.44906	76.42273	76.39146	76.60143
4/23/2025	5:21:41 PM	76.37355	76.39495	76.48742	76.34748	76.35878	76.24419	76.33394	76.28333	76.17309	76.18176	76.44928	76.42283	76.39150	76.60163
4/23/2025	5:21:45 PM	76.37342	76.39547	76.48805	76.34736	76.35855	76.24395	76.33400	76.28303	76.17241	76.18160	76.44947	76.42279	76.39173	76.60122
4/23/2025	5:21:48 PM	76.37373	76.39548	76.48842	76.34749	76.35902	76.24441	76.33359	76.28272	76.17177	76.18217	76.44936	76.42321	76.39183	76.60164
4/23/2025	5:21:52 PM	76.37396	76.39565	76.48851	76.34729	76.35886	76.24394	76.33341	76.28349	76.17247	76.18183	76.44934	76.42359	76.39164	76.60208
4/23/2025	5:21:55 PM	76.37409	76.39565	76.48880	76.34768	76.35912	76.24443	76.33371	76.28353	76.17217	76.18047	76.44971	76.42461	76.39100	76.60160
4/23/2025	5:21:59 PM	76.37405	76.39591	76.48828	76.34759	76.35902	76.24384	76.33317	76.28382	76.17182	76.18070	76.44878	76.42385	76.39055	76.60175
4/23/2025	5:22:03 PM	76.37398	76.39553	76.48799	76.34728	76.35876	76.24378	76.33319	76.28428	76.17080	76.17995	76.44710	76.42307	76.39058	76.60132
4/23/2025	5:22:06 PM	76.37382	76.39554	76.48820	76.34749	76.35890	76.24361	76.33387	76.28509	76.17226	76.18090	76.44791	76.42365	76.39090	76.60144
4/23/2025	5:22:10 PM	76.37398	76.39572	76.48825	76.34780	76.35873	76.24398	76.33375	76.28527	76.17264	76.18083	76.44828	76.42404	76.39117	76.60139
4/23/2025	5:22:13 PM	76.37425	76.39637	76.48834	76.34784	76.35939	76.24438	76.33400	76.28547	76.17303	76.18105	76.44894	76.42497	76.39109	76.60197
4/23/2025	5:22:17 PM	76.37390	76.39612	76.48842	76.34723	76.35916	76.24369	76.33390	76.28561	76.17328	76.18093	76.44880	76.42440	76.39159	76.60171
4/23/2025	5:22:21 PM	76.37365	76.39577	76.48828	76.34748	76.35869	76.24359	76.33301	76.28428	76.17176	76.18075	76.44911	76.42408	76.39153	76.60137
4/23/2025	5:22:24 PM	76.37341	76.39468	76.48790	76.34713	76.35861	76.24346	76.33319	76.28448	76.17162	76.18125	76.44943	76.42408	76.39269	76.60160
4/23/2025	5:22:28 PM	76.37306	76.39489	76.48686	76.34670	76.35907	76.24368	76.33330	76.28496	76.17227	76.18186	76.44975	76.42371	76.39284	76.60173
4/23/2025	5:22:31 PM	76.37288	76.39518	76.48658	76.34620	76.35929	76.24338	76.33278	76.28483	76.17144	76.18094	76.44931	76.42341	76.39226	76.60162
4/23/2025	5:22:35 PM	76.37292	76.39526	76.48619	76.34615	76.35855	76.24326	76.33288	76.28534	76.17118	76.18129	76.44964	76.42335	76.39170	76.60151
4/23/2025	5:22:39 PM	76.37329	76.39527	76.48691	76.34656	76.35909	76.24338	76.33348	76.28617	76.17157	76.18168	76.44978	76.42330	76.39150	76.60126
4/23/2025	5:22:42 PM	76.37335	76.39556	76.48757	76.34729	76.35898	76.24393	76.33367	76.28608	76.17189	76.18114	76.44960	76.42341	76.39174	76.60151
