6/30/2025	4:34:54 PM	77.05526	77.06519	77.00928	77.05813	77.08709	77.01419	77.06419	77.05486	77.05741	77.05086	77.20965	77.09017	76.50261	76.64786
6/30/2025	4:34:58 PM	77.05491	77.06546	77.00960	77.05820	77.08694	77.01396	77.06318	77.05490	77.05770	77.05085	77.20959	77.09022	76.50263	76.64795
6/30/2025	4:34:59 PM	77.05497	77.06490	77.00964	77.05832	77.08699	77.01402	77.06405	77.05507	77.05802	77.05077	77.20957	77.09029	76.50267	76.64830
6/30/2025	4:35:03 PM	77.05553	77.06554	77.00951	77.05869	77.08738	77.01448	77.06414	77.05505	77.05797	77.05119	77.21019	77.09058	76.50318	76.64840
6/30/2025	4:35:07 PM	77.05597	77.06554	77.00979	77.05879	77.08760	77.01474	77.06429	77.05571	77.05808	77.05096	77.21054	77.09102	76.50355	76.64934
6/30/2025	4:35:10 PM	77.05654	77.06597	77.00994	77.05929	77.08779	77.01490	77.06453	77.05554	77.05835	77.05114	77.21058	77.09109	76.50320	76.64907
6/30/2025	4:35:14 PM	77.05620	77.06620	77.01045	77.05927	77.08814	77.01517	77.06501	77.05614	77.05928	77.05169	77.21030	77.09119	76.50362	76.64875
6/30/2025	4:35:17 PM	77.05606	77.06617	77.01044	77.05972	77.08797	77.01492	77.06492	77.05607	77.05914	77.05208	77.21095	77.09135	76.50405	76.64914
6/30/2025	4:35:21 PM	77.05669	77.06654	77.01078	77.06009	77.08862	77.01544	77.06527	77.05639	77.05890	77.05224	77.21111	77.09150	76.50418	76.64934
6/30/2025	4:35:25 PM	77.05654	77.06630	77.01108	77.05970	77.08826	77.01531	77.06532	77.05595	77.05893	77.05206	77.21049	77.09139	76.50386	76.64932
6/30/2025	4:35:28 PM	77.05629	77.06682	77.01098	77.06007	77.08851	77.01515	77.06540	77.05649	77.05902	77.05143	77.21068	77.09161	76.50375	76.64914
6/30/2025	4:35:32 PM	77.05625	77.06633	77.01073	77.06004	77.08846	77.01556	77.06561	77.05667	77.05875	77.05180	77.21059	77.09114	76.50395	76.64916
6/30/2025	4:35:35 PM	77.05613	77.06628	77.01077	77.05975	77.08806	77.01566	77.06534	77.05662	77.05874	77.05185	77.21056	77.09126	76.50414	76.64962
6/30/2025	4:35:39 PM	77.05660	77.06653	77.01091	77.05983	77.08835	77.01527	77.06572	77.05660	77.05950	77.05263	77.21124	77.09185	76.50434	76.64974
6/30/2025	4:35:43 PM	77.05735	77.06729	77.01144	77.06014	77.08896	77.01592	77.06540	77.05637	77.05901	77.05191	77.21066	77.09142	76.50435	76.64979
6/30/2025	4:35:46 PM	77.05709	77.06719	77.01170	77.06098	77.08918	77.01634	77.06630	77.05682	77.05928	77.05273	77.21130	77.09167	76.50479	76.64992
6/30/2025	4:35:50 PM	77.05737	77.06721	77.01162	77.06059	77.08978	77.01655	77.06631	77.05783	77.05978	77.05305	77.21122	77.09189	76.50495	76.65004
6/30/2025	4:35:53 PM	77.05751	77.06778	77.01205	77.06099	77.08985	77.01706	77.06709	77.05780	77.05957	77.05297	77.21162	77.09236	76.50488	76.65024
6/30/2025	4:35:57 PM	77.05755	77.06787	77.01246	77.06150	77.09029	77.01696	77.06692	77.05767	77.06066	77.05315	77.21137	77.09213	76.50503	76.65044
6/30/2025	4:36:01 PM	77.05777	77.06833	77.01267	77.06145	77.09045	77.01727	77.06732	77.05810	77.06022	77.05373	77.21169	77.09273	76.50547	76.65057
6/30/2025	4:36:04 PM	77.05799	77.06831	77.01283	77.06156	77.09003	77.01732	77.06716	77.05848	77.06060	77.05324	77.21147	77.09275	76.50515	76.65077
6/30/2025	4:36:08 PM	77.05788	77.06823	77.01319	77.06179	77.09033	77.01777	77.06751	77.05832	77.06055	77.05351	77.21170	77.09270	76.50546	76.65062
6/30/2025	4:36:11 PM	77.05815	77.06801	77.01234	77.06173	77.09039	77.01732	77.06702	77.05796	77.06018	77.05316	77.21138	77.09215	76.50512	76.65028
6/30/2025	4:36:15 PM	77.05750	77.06748	77.01214	77.06130	77.08945	77.01681	77.06689	77.05796	77.05966	77.05267	77.21098	77.09211	76.50482	76.65037
6/30/2025	4:36:19 PM	77.05729	77.06773	77.01228	77.06142	77.08942	77.01665	77.06653	77.05791	77.06012	77.05323	77.21114	77.09187	76.50486	76.65038
6/30/2025	4:36:22 PM	77.05755	77.06794	77.01249	77.06125	77.09012	77.01749	77.06716	77.05814	77.05985	77.05310	77.21136	77.09214	76.50522	76.65040
6/30/2025	4:36:26 PM	77.05754	77.06816	77.01261	77.06133	77.09002	77.01715	77.06692	77.05790	77.05993	77.05308	77.21121	77.09264	76.50525	76.65047
6/30/2025	4:36:30 PM	77.05759	77.06826	77.01282	77.06148	77.09005	77.01730	77.06697	77.05830	77.05998	77.05324	77.21096	77.09236	76.50496	76.65037
6/30/2025	4:36:33 PM	77.05756	77.06830	77.01265	77.06170	77.08975	77.01741	77.06707	77.05829	77.05980	77.05324	77.21105	77.09208	76.50507	76.65042
6/30/2025	4:36:37 PM	77.05755	77.06787	77.01249	77.06119	77.08993	77.01718	77.06714	77.05860	77.06041	77.05326	77.21130	77.09261	76.50568	76.65105
6/30/2025	4:36:40 PM	77.05782	77.06867	77.01315	77.06149	77.09018	77.01751	77.06769	77.05868	77.06051	77.05370	77.21151	77.09262	76.50554	76.65103
6/30/2025	4:36:44 PM	77.05803	77.06889	77.01300	77.06208	77.09064	77.01755	77.06748	77.05865	77.06062	77.05384	77.21130	77.09287	76.50556	76.65074
6/30/2025	4:36:47 PM	77.05817	77.06855	77.01334	77.06203	77.09076	77.01794	77.06795	77.05835	77.06044	77.05355	77.21123	77.09238	76.50532	76.65047
6/30/2025	4:36:51 PM	77.05814	77.06849	77.01350	77.06183	77.09112	77.01792	77.06760	77.05877	77.06061	77.05401	77.21210	77.09309	76.50614	76.65103
6/30/2025	4:36:55 PM	77.05814	77.06898	77.01341	77.06231	77.09101	77.01864	77.06820	77.05951	77.06135	77.05422	77.21176	77.09310	76.50581	76.65133
6/30/2025	4:36:58 PM	77.05874	77.06922	77.01377	77.06219	77.09107	77.01815	77.06850	77.05928	77.06139	77.05439	77.21203	77.09346	76.50586	76.65110
6/30/2025	4:37:02 PM	77.05824	77.06906	77.01372	77.06238	77.09133	77.01870	77.06864	77.05966	77.06130	77.05417	77.21189	77.09279	76.50571	76.65085
6/30/2025	4:37:06 PM	77.05807	77.06870	77.01334	77.06226	77.09132	77.01864	77.06847	77.05972	77.06144	77.05426	77.21211	77.09325	76.50639	76.65151
6/30/2025	4:37:09 PM	77.05875	77.06920	77.01400	77.06261	77.09161	77.01859	77.06875	77.05969	77.06123	77.05466	77.21219	77.09334	76.50571	76.65148
6/30/2025	4:37:13 PM	77.05861	77.06930	77.01405	77.06255	77.09151	77.01883	77.06875	77.05970	77.06142	77.05412	77.21205	77.09344	76.50627	76.65177
6/30/2025	4:37:16 PM	77.05849	77.06932	77.01398	77.06295	77.09161	77.01898	77.06863	77.05987	77.06130	77.05484	77.21191	77.09299	76.50631	76.65104
6/30/2025	4:37:20 PM	77.05867	77.06942	77.01411	77.06265	77.09191	77.01898	77.06910	77.06004	77.06183	77.05462	77.21166	77.09335	76.50603	76.65130
6/30/2025	4:37:23 PM	77.05894	77.06965	77.01416	77.06310	77.09174	77.01909	77.06892	77.06020	77.06152	77.05512	77.21274	77.09356	76.50672	76.65193
6/30/2025	4:37:27 PM	77.05907	77.06973	77.01405	77.06290	77.09175	77.01951	77.06896	77.06027	77.06157	77.05472	77.21216	77.09360	76.50624	76.65162
6/30/2025	4:37:31 PM	77.05877	77.06983	77.01459	77.06335	77.09163	77.01916	77.06905	77.06019	77.06178	77.05493	77.21237	77.09350	76.50600	76.65134
6/30/2025	4:37:34 PM	77.05916	77.06994	77.01468	77.06320	77.09200	77.01916	77.06910	77.06025	77.06208	77.05467	77.21178	77.09323	76.50610	76.65181
6/30/2025	4:37:38 PM	77.05877	77.07008	77.01447	77.06333	77.09185	77.01922	77.06935	77.06049	77.06163	77.05486	77.21211	77.09370	76.50637	76.65172
6/30/2025	4:37:42 PM	77.05908	77.06977	77.01463	77.06331	77.09196	77.01937	77.06922	77.06084	77.06198	77.05473	77.21221	77.09342	76.50616	76.65147
6/30/2025	4:37:45 PM	77.05904	77.07000	77.01440	77.06329	77.09227	77.01943	77.06988	77.06026	77.06214	77.05475	77.21216	77.09364	76.50636	76.65120
6/30/2025	4:37:49 PM	77.05903	77.07005	77.01465	77.06331	77.09202	77.01979	77.06986	77.06058	77.06224	77.05497	77.21229	77.09365	76.50665	76.65164
6/30/2025	4:37:52 PM	77.05921	77.07028	77.01505	77.06328	77.09213	77.01969	77.06987	77.06047	77.06215	77.05531	77.21248	77.09383	76.50671	76.65166
6/30/2025	4:37:56 PM	77.05910	77.06992	77.01487	77.06356	77.09216	77.01974	77.06999	77.06096	77.06295	77.05579	77.21296	77.09433	76.50686	76.65205
6/30/2025	4:37:59 PM	77.05973	77.07024	77.01507	77.06339	77.09231	77.01998	77.07012	77.06100	77.06296	77.05550	77.21244	77.09427	76.50675	76.65188
6/30/2025	4:38:03 PM	77.05940	77.07038	77.01493	77.06346	77.09229	77.02000	77.06981	77.06108	77.06253	77.05580	77.21238	77.09414	76.50691	76.65182
6/30/2025	4:38:07 PM	77.05922	77.07019	77.01501	77.06338	77.09241	77.01961	77.06999	77.06060	77.06214	77.05538	77.21204	77.09390	76.50647	76.65167
6/30/2025	4:38:10 PM	77.05900	77.06988	77.01466	77.06352	77.09216	77.01975	77.06988	77.06063	77.06219	77.05522	77.21273	77.09417	76.50687	76.65153
6/30/2025	4:38:14 PM	77.05918	77.07032	77.01539	77.06416	77.09258	77.02018	77.07025	77.06078	77.06232	77.05579	77.21245	77.09434	76.50679	76.65210
6/30/2025	4:38:17 PM	77.05904	77.07056	77.01559	77.06422	77.09256	77.02023	77.07020	77.06118	77.06247	77.05619	77.21247	77.09426	76.50723	76.65188
6/30/2025	4:38:21 PM	77.05949	77.07036	77.01518	77.06401	77.09258	77.02026	77.07028	77.06079	77.06291	77.05558	77.21253	77.09421	76.50717	76.65196
6/30/2025	4:38:25 PM	77.05945	77.07031	77.01532	77.06361	77.09262	77.02030	77.07056	77.06147	77.06312	77.05582	77.21242	77.09440	76.50729	76.65273
6/30/2025	4:38:28 PM	77.05964	77.07121	77.01606	77.06462	77.09344	77.02088	77.07119	77.06182	77.06361	77.05653	77.21312	77.09520	76.50759	76.65244
6/30/2025	4:38:32 PM	77.06007	77.07094	77.01582	77.06406	77.09283	77.02062	77.07082	77.06160	77.06360	77.05638	77.21302	77.09485	76.50714	76.65192
6/30/2025	4:38:35 PM	77.06002	77.07074	77.01587	77.06425	77.09293	77.02066	77.07081	77.06223	77.06336	77.05663	77.21288	77.09472	76.50770	76.65263
6/30/2025	4:38:39 PM	77.06013	77.07062	77.01598	77.06439	77.09304	77.02070	77.07071	77.06164	77.06329	77.05619	77.21316	77.09443	76.50758	76.65229
6/30/2025	4:38:43 PM	77.06001	77.07062	77.01609	77.06443	77.09284	77.02045	77.07098	77.06190	77.06335	77.05661	77.21301	77.09473	76.50746	76.65247
6/30/2025	4:38:46 PM	77.06020	77.07118	77.01607	77.06419	77.09323	77.02098	77.07121	77.06215	77.06369	77.05653	77.21285	77.09473	76.50768	76.65250
6/30/2025	4:38:50 PM	77.06021	77.07160	77.01663	77.06470	77.09331	77.02105	77.07152	77.06236	77.06391	77.05708	77.21305	77.09489	76.50744	76.65256
6/30/2025	4:38:53 PM	77.06046	77.07127	77.01612	77.06453	77.09321	77.02114	77.07118	77.06166	77.06341	77.05711	77.21325	77.09507	76.50741	76.65256
6/30/2025	4:38:57 PM	77.06010	77.07119	77.01594	77.06439	77.09345	77.02149	77.07152	77.06207	77.06391	77.05666	77.21329	77.09526	76.50752	76.65275
6/30/2025	4:39:01 PM	77.06006	77.07117	77.01616	77.06460	77.09325	77.02111	77.07144	77.06232	77.06343	77.05689	77.21314	77.09502	76.50755	76.65232
6/30/2025	4:39:04 PM	77.06051	77.07155	77.01642	77.06468	77.09314	77.02094	77.07111	77.06205	77.06382	77.05686	77.21312	77.09505	76.50783	76.65277
6/30/2025	4:39:08 PM	77.06059	77.07144	77.01628	77.06486	77.09344	77.02109	77.07165	77.06273	77.06436	77.05754	77.21379	77.09553	76.50786	76.65260
6/30/2025	4:39:12 PM	77.06058	77.07163	77.01671	77.06538	77.09382	77.02173	77.07165	77.06273	77.06432	77.05745	77.21393	77.09581	76.50832	76.65288
6/30/2025	4:39:15 PM	77.06096	77.07182	77.01644	77.06511	77.09355	77.02125	77.07178	77.06255	77.06413	77.05746	77.21327	77.09534	76.50827	76.65327
6/30/2025	4:39:19 PM	77.06077	77.07197	77.01686	77.06488	77.09359	77.02148	77.07201	77.06261	77.06431	77.05752	77.21384	77.09558	76.50810	76.65302
6/30/2025	4:39:22 PM	77.06059	77.07158	77.01644	77.06504	77.09371	77.02141	77.07166	77.06238	77.06410	77.05733	77.21366	77.09566	76.50819	76.65314
6/30/2025	4:39:26 PM	77.06093	77.07168	77.01698	77.06464	77.09337	77.02137	77.07175	77.06261	77.06402	77.05744	77.21353	77.09522	76.50778	76.65292
6/30/2025	4:39:30 PM	77.06073	77.07175	77.01658	77.06497	77.09364	77.02116	77.07172	77.06252	77.06419	77.05732	77.21342	77.09521	76.50813	76.65272
6/30/2025	4:39:33 PM	77.06086	77.07213	77.01719	77.06526	77.09369	77.02152	77.07216	77.06316	77.06464	77.05787	77.21379	77.09563	76.50863	76.65331
6/30/2025	4:39:37 PM	77.06111	77.07231	77.01700	77.06548	77.09387	77.02177	77.07225	77.06303	77.06439	77.05805	77.21383	77.09564	76.50824	76.65325
6/30/2025	4:39:40 PM	77.06151	77.07190	77.01716	77.06552	77.09373	77.02185	77.07214	77.06298	77.06482	77.05774	77.21398	77.09587	76.50827	76.65355
6/30/2025	4:39:44 PM	77.06118	77.07218	77.01701	77.06579	77.09411	77.02199	77.07240	77.06345	77.06503	77.05875	77.21412	77.09600	76.50859	76.65331
6/30/2025	4:39:48 PM	77.06139	77.07246	77.01755	77.06555	77.09420	77.02182	77.07221	77.06361	77.06503	77.05812	77.21417	77.09619	76.50874	76.65341
6/30/2025	4:39:51 PM	77.06120	77.07243	77.01758	77.06573	77.09392	77.02205	77.07267	77.06355	77.06521	77.05856	77.21433	77.09638	76.50865	76.65342
6/30/2025	4:39:55 PM	77.06139	77.07242	77.01746	77.06548	77.09408	77.02230	77.07270	77.06337	77.06540	77.05819	77.21434	77.09621	76.50893	76.65381
6/30/2025	4:39:59 PM	77.06165	77.07277	77.01771	77.06599	77.09410	77.02222	77.07251	77.06350	77.06539	77.05853	77.21421	77.09618	76.50880	76.65378
6/30/2025	4:40:02 PM	77.06156	77.07222	77.01732	77.06592	77.09420	77.02222	77.07319	77.06368	77.06523	77.05857	77.21435	77.09632	76.50888	76.65404
6/30/2025	4:40:06 PM	77.06203	77.07289	77.01815	77.06624	77.09466	77.02193	77.07265	77.06345	77.06548	77.05909	77.21436	77.09637	76.50862	76.65351
6/30/2025	4:40:10 PM	77.06192	77.07304	77.01777	77.06610	77.09454	77.02214	77.07295	77.06381	77.06562	77.05911	77.21479	77.09693	76.50896	76.65399
6/30/2025	4:40:13 PM	77.06156	77.07255	77.01779	77.06589	77.09457	77.02213	77.07280	77.06386	77.06569	77.05912	77.21444	77.09654	76.50885	76.65409
6/30/2025	4:40:17 PM	77.06194	77.07293	77.01786	77.06580	77.09433	77.02227	77.07331	77.06408	77.06573	77.05894	77.21455	77.09641	76.50924	76.65379
6/30/2025	4:40:20 PM	77.06228	77.07300	77.01813	77.06648	77.09487	77.02260	77.07360	77.06382	77.06639	77.05958	77.21498	77.09695	76.50951	76.65397
6/30/2025	4:40:24 PM	77.06205	77.07315	77.01825	77.06647	77.09454	77.02244	77.07375	77.06442	77.06611	77.05921	77.21461	77.09663	76.50929	76.65395
6/30/2025	4:40:28 PM	77.06190	77.07320	77.01840	77.06648	77.09464	77.02255	77.07340	77.06387	77.06588	77.05883	77.21453	77.09684	76.50920	76.65401
6/30/2025	4:40:31 PM	77.06182	77.07338	77.01832	77.06669	77.09511	77.02280	77.07359	77.06463	77.06611	77.05977	77.21469	77.09691	76.50919	76.65373
6/30/2025	4:40:35 PM	77.06203	77.07342	77.01874	77.06692	77.09501	77.02266	77.07300	77.06422	77.06620	77.05977	77.21483	77.09695	76.50915	76.65397
6/30/2025	4:40:38 PM	77.06212	77.07304	77.01819	77.06643	77.09478	77.02291	77.07385	77.06411	77.06562	77.05935	77.21495	77.09677	76.50924	76.65407
6/30/2025	4:40:42 PM	77.06214	77.07328	77.01841	77.06673	77.09491	77.02261	77.07355	77.06474	77.06672	77.05975	77.21497	77.09692	76.50933	76.65440
6/30/2025	4:40:46 PM	77.06272	77.07367	77.01841	77.06668	77.09525	77.02315	77.07359	77.06433	77.06643	77.06010	77.21500	77.09709	76.50962	76.65418
6/30/2025	4:40:49 PM	77.06262	77.07371	77.01841	77.06678	77.09472	77.02289	77.07353	77.06441	77.06687	77.06001	77.21472	77.09671	76.50959	76.65420
6/30/2025	4:40:53 PM	77.06298	77.07363	77.01911	77.06652	77.09491	77.02358	77.07388	77.06447	77.06649	77.06006	77.21473	77.09695	76.50947	76.65438
6/30/2025	4:40:57 PM	77.06295	77.07352	77.01839	77.06631	77.09494	77.02286	77.07373	77.06483	77.06657	77.05989	77.21498	77.09706	76.50963	76.65432
6/30/2025	4:41:00 PM	77.06274	77.07328	77.01876	77.06659	77.09491	77.02288	77.07350	77.06459	77.06637	77.05962	77.21511	77.09692	76.50922	76.65392
6/30/2025	4:41:04 PM	77.06265	77.07356	77.01849	77.06662	77.09513	77.02271	77.07382	77.06467	77.06674	77.05963	77.21519	77.09730	76.50965	76.65471
6/30/2025	4:41:07 PM	77.06284	77.07360	77.01902	77.06692	77.09500	77.02292	77.07383	77.06483	77.06691	77.06034	77.21528	77.09728	76.50970	76.65459
6/30/2025	4:41:11 PM	77.06314	77.07381	77.01897	77.06693	77.09507	77.02331	77.07377	77.06459	77.06676	77.06028	77.21536	77.09745	76.50989	76.65441
6/30/2025	4:41:15 PM	77.06291	77.07390	77.01888	77.06680	77.09510	77.02360	77.07459	77.06523	77.06721	77.06038	77.21568	77.09782	76.50985	76.65508
6/30/2025	4:41:18 PM	77.06293	77.07396	77.01923	77.06684	77.09533	77.02331	77.07422	77.06494	77.06718	77.06051	77.21521	77.09765	76.51015	76.65445
6/30/2025	4:41:22 PM	77.06309	77.07405	77.01906	77.06677	77.09499	77.02344	77.07443	77.06512	77.06704	77.06034	77.21545	77.09736	76.51006	76.65497
6/30/2025	4:41:26 PM	77.06321	77.07424	77.01889	77.06749	77.09527	77.02318	77.07403	77.06511	77.06709	77.06058	77.21557	77.09777	76.50998	76.65506
6/30/2025	4:41:29 PM	77.06302	77.07426	77.01908	77.06727	77.09519	77.02342	77.07435	77.06533	77.06718	77.06067	77.21556	77.09749	76.50984	76.65483
6/30/2025	4:41:33 PM	77.06350	77.07440	77.01929	77.06713	77.09563	77.02355	77.07404	77.06519	77.06739	77.06027	77.21550	77.09775	76.51036	76.65477
6/30/2025	4:41:36 PM	77.06336	77.07411	77.01891	77.06727	77.09520	77.02299	77.07430	77.06522	77.06751	77.06036	77.21582	77.09722	76.50995	76.65470
6/30/2025	4:41:40 PM	77.06394	77.07422	77.01934	77.06708	77.09501	77.02315	77.07457	77.06547	77.06747	77.06065	77.21598	77.09754	76.51027	76.65444
6/30/2025	4:41:44 PM	77.06369	77.07418	77.01933	77.06705	77.09493	77.02280	77.07435	77.06518	77.06737	77.06033	77.21538	77.09746	76.50959	76.65489
6/30/2025	4:41:47 PM	77.06398	77.07448	77.01944	77.06718	77.09513	77.02320	77.07473	77.06520	77.06727	77.06060	77.21516	77.09764	76.50996	76.65474
6/30/2025	4:41:51 PM	77.06342	77.07429	77.01921	77.06720	77.09503	77.02321	77.07436	77.06536	77.06732	77.06048	77.21551	77.09782	76.50986	76.65476
6/30/2025	4:41:55 PM	77.06311	77.07383	77.01926	77.06706	77.09486	77.02292	77.07392	77.06473	77.06675	77.06044	77.21528	77.09769	76.51015	76.65490
6/30/2025	4:41:58 PM	77.06349	77.07432	77.01924	77.06702	77.09495	77.02276	77.07377	77.06458	77.06685	77.06044	77.21534	77.09754	76.50991	76.65450
6/30/2025	4:42:02 PM	77.06315	77.07408	77.01880	77.06719	77.09521	77.02331	77.07400	77.06509	77.06725	77.06054	77.21577	77.09763	76.50996	76.65473
6/30/2025	4:42:05 PM	77.06324	77.07374	77.01900	77.06692	77.09499	77.02298	77.07426	77.06477	77.06664	77.06044	77.21562	77.09766	76.51008	76.65476
6/30/2025	4:42:09 PM	77.06315	77.07419	77.01899	77.06693	77.09475	77.02315	77.07421	77.06499	77.06666	77.06063	77.21582	77.09769	76.50991	76.65476
6/30/2025	4:42:13 PM	77.06358	77.07408	77.01897	77.06691	77.09474	77.02300	77.07424	77.06480	77.06722	77.06068	77.21565	77.09744	76.51000	76.65474
6/30/2025	4:42:16 PM	77.06283	77.07411	77.01906	77.06682	77.09456	77.02266	77.07413	77.06503	77.06708	77.06045	77.21568	77.09748	76.50954	76.65455
6/30/2025	4:42:20 PM	77.06318	77.07391	77.01910	77.06691	77.09522	77.02315	77.07458	77.06520	77.06741	77.06069	77.21555	77.09742	76.50965	76.65502
6/30/2025	4:42:24 PM	77.06329	77.07443	77.01949	77.06697	77.09503	77.02317	77.07411	77.06499	77.06742	77.06096	77.21599	77.09777	76.50995	76.65498
6/30/2025	4:42:27 PM	77.06346	77.07406	77.01904	77.06720	77.09484	77.02306	77.07430	77.06518	77.06745	77.06105	77.21552	77.09751	76.51016	76.65467
6/30/2025	4:42:31 PM	77.06311	77.07444	77.01980	77.06713	77.09502	77.02272	77.07414	77.06517	77.06767	77.06120	77.21608	77.09825	76.51034	76.65486
6/30/2025	4:42:34 PM	77.06318	77.07412	77.01940	77.06723	77.09498	77.02350	77.07451	77.06494	77.06714	77.06046	77.21559	77.09765	76.50963	76.65452
6/30/2025	4:42:38 PM	77.06352	77.07415	77.01919	77.06728	77.09460	77.02252	77.07417	77.06533	77.06708	77.06081	77.21576	77.09763	76.51006	76.65464
6/30/2025	4:42:42 PM	77.06338	77.07447	77.01927	77.06674	77.09473	77.02314	77.07469	77.06522	77.06721	77.06044	77.21554	77.09775	76.51042	76.65474
6/30/2025	4:42:45 PM	77.06340	77.07410	77.01885	77.06650	77.09452	77.02309	77.07400	77.06531	77.06709	77.06069	77.21543	77.09752	76.50966	76.65439
6/30/2025	4:42:49 PM	77.06329	77.07393	77.01924	77.06699	77.09479	77.02273	77.07407	77.06547	77.06723	77.06100	77.21587	77.09751	76.50973	76.65473
6/30/2025	4:42:53 PM	77.06338	77.07455	77.01944	77.06719	77.09473	77.02285	77.07429	77.06524	77.06744	77.06092	77.21605	77.09810	76.51003	76.65515
6/30/2025	4:42:56 PM	77.06354	77.07452	77.01965	77.06734	77.09552	77.02324	77.07425	77.06530	77.06755	77.06088	77.21596	77.09848	76.51040	76.65515
6/30/2025	4:43:00 PM	77.06374	77.07462	77.01940	77.06754	77.09517	77.02283	77.07399	77.06541	77.06730	77.06114	77.21610	77.09809	76.50989	76.65485
6/30/2025	4:43:03 PM	77.06365	77.07469	77.01950	77.06673	77.09497	77.02304	77.07449	77.06547	77.06740	77.06107	77.21617	77.09831	76.51041	76.65506
6/30/2025	4:43:07 PM	77.06378	77.07429	77.02008	77.06747	77.09567	77.02341	77.07487	77.06586	77.06821	77.06148	77.21616	77.09838	76.51089	76.65572
6/30/2025	4:43:10 PM	77.06443	77.07485	77.01993	77.06744	77.09537	77.02348	77.07436	77.06556	77.06789	77.06137	77.21634	77.09805	76.51068	76.65526
6/30/2025	4:43:14 PM	77.06426	77.07445	77.01948	77.06738	77.09495	77.02288	77.07417	77.06526	77.06809	77.06132	77.21626	77.09847	76.51045	76.65511
6/30/2025	4:43:18 PM	77.06394	77.07515	77.01975	77.06726	77.09484	77.02331	77.07467	77.06568	77.06768	77.06141	77.21646	77.09843	76.51067	76.65533
6/30/2025	4:43:21 PM	77.06396	77.07486	77.02011	77.06737	77.09542	77.02290	77.07451	77.06583	77.06777	77.06140	77.21641	77.09853	76.51067	76.65520
6/30/2025	4:43:25 PM	77.06429	77.07491	77.01984	77.06767	77.09520	77.02317	77.07498	77.06554	77.06804	77.06166	77.21647	77.09832	76.51068	76.65517
6/30/2025	4:43:29 PM	77.06435	77.07493	77.01982	77.06712	77.09488	77.02325	77.07506	77.06590	77.06831	77.06188	77.21682	77.09890	76.51125	76.65552
6/30/2025	4:43:32 PM	77.06415	77.07500	77.01967	77.06752	77.09526	77.02315	77.07457	77.06616	77.06822	77.06193	77.21643	77.09840	76.51080	76.65556
6/30/2025	4:43:36 PM	77.06390	77.07452	77.01939	77.06733	77.09471	77.02292	77.07457	77.06589	77.06800	77.06150	77.21632	77.09866	76.51046	76.65539
6/30/2025	4:43:39 PM	77.06348	77.07476	77.01958	77.06723	77.09472	77.02295	77.07418	77.06554	77.06752	77.06155	77.21632	77.09861	76.51044	76.65523
6/30/2025	4:43:43 PM	77.06398	77.07457	77.01997	77.06714	77.09488	77.02271	77.07426	77.06579	77.06788	77.06147	77.21620	77.09895	76.51045	76.65503
6/30/2025	4:43:47 PM	77.06402	77.07489	77.01976	77.06728	77.09505	77.02255	77.07459	77.06573	77.06763	77.06138	77.21625	77.09814	76.51075	76.65534
6/30/2025	4:43:50 PM	77.06363	77.07468	77.01991	77.06730	77.09448	77.02297	77.07439	77.06584	77.06793	77.06148	77.21626	77.09866	76.51100	76.65538
6/30/2025	4:43:54 PM	77.06414	77.07497	77.01948	77.06734	77.09520	77.02311	77.07472	77.06579	77.06781	77.06125	77.21673	77.09877	76.51067	76.65557
6/30/2025	4:43:57 PM	77.06420	77.07468	77.01978	77.06720	77.09513	77.02305	77.07454	77.06546	77.06780	77.06154	77.21588	77.09826	76.51036	76.65499
6/30/2025	4:44:01 PM	77.06402	77.07467	77.01983	77.06735	77.09486	77.02267	77.07450	77.06569	77.06772	77.06135	77.21656	77.09878	76.51091	76.65532
6/30/2025	4:44:05 PM	77.06424	77.07434	77.01948	77.06683	77.09438	77.02245	77.07440	77.06573	77.06781	77.06126	77.21586	77.09820	76.51017	76.65525
6/30/2025	4:44:08 PM	77.06382	77.07478	77.01954	77.06686	77.09465	77.02285	77.07425	77.06540	77.06795	77.06117	77.21607	77.09820	76.51027	76.65484
6/30/2025	4:44:12 PM	77.06423	77.07474	77.01984	77.06696	77.09502	77.02326	77.07445	77.06552	77.06779	77.06151	77.21628	77.09844	76.50989	76.65469
6/30/2025	4:44:15 PM	77.06397	77.07491	77.01986	77.06752	77.09508	77.02290	77.07445	77.06610	77.06850	77.06162	77.21637	77.09876	76.51068	76.65577
6/30/2025	4:44:19 PM	77.06456	77.07536	77.02009	77.06771	77.09538	77.02301	77.07479	77.06635	77.06884	77.06232	77.21705	77.09928	76.51161	76.65592
6/30/2025	4:44:23 PM	77.06554	77.07616	77.02100	77.06821	77.09572	77.02382	77.07554	77.06691	77.06947	77.06244	77.21739	77.09961	76.51159	76.65647
6/30/2025	4:44:26 PM	77.06487	77.07532	77.02081	77.06758	77.09503	77.02345	77.07501	77.06644	77.06904	77.06219	77.21715	77.09958	76.51116	76.65601
6/30/2025	4:44:30 PM	77.06486	77.07579	77.02048	77.06749	77.09557	77.02341	77.07491	77.06630	77.06857	77.06206	77.21666	77.09864	76.51110	76.65564
6/30/2025	4:44:33 PM	77.06492	77.07546	77.02028	77.06744	77.09460	77.02311	77.07435	77.06578	77.06856	77.06184	77.21703	77.09880	76.51111	76.65584
6/30/2025	4:44:37 PM	77.06483	77.07526	77.02037	77.06763	77.09533	77.02330	77.07476	77.06645	77.06867	77.06223	77.21722	77.09921	76.51113	76.65627
6/30/2025	4:44:41 PM	77.06509	77.07566	77.02034	77.06840	77.09548	77.02314	77.07512	77.06667	77.06878	77.06224	77.21712	77.09921	76.51129	76.65601
6/30/2025	4:44:44 PM	77.06465	77.07547	77.02017	77.06748	77.09506	77.02336	77.07482	77.06629	77.06835	77.06207	77.21694	77.09892	76.51115	76.65604
6/30/2025	4:44:48 PM	77.06444	77.07551	77.02042	77.06728	77.09501	77.02312	77.07497	77.06623	77.06871	77.06174	77.21672	77.09860	76.51060	76.65561
6/30/2025	4:44:51 PM	77.06476	77.07540	77.01999	77.06758	77.09505	77.02315	77.07486	77.06620	77.06877	77.06184	77.21675	77.09889	76.51092	76.65570
6/30/2025	4:44:55 PM	77.06463	77.07521	77.01987	77.06749	77.09511	77.02295	77.07513	77.06612	77.06849	77.06178	77.21649	77.09911	76.51127	76.65603
6/30/2025	4:44:59 PM	77.06486	77.07523	77.02046	77.06777	77.09524	77.02285	77.07483	77.06630	77.06845	77.06203	77.21713	77.09915	76.51105	76.65588
6/30/2025	4:45:02 PM	77.06502	77.07559	77.02033	77.06707	77.09446	77.02265	77.07512	77.06592	77.06863	77.06184	77.21694	77.09880	76.51097	76.65569
6/30/2025	4:45:06 PM	77.06442	77.07516	77.01997	77.06722	77.09480	77.02248	77.07441	77.06568	77.06826	77.06168	77.21650	77.09886	76.51105	76.65581
6/30/2025	4:45:09 PM	77.06457	77.07518	77.01989	77.06747	77.09507	77.02271	77.07433	77.06605	77.06825	77.06181	77.21674	77.09864	76.51090	76.65572
6/30/2025	4:45:13 PM	77.06429	77.07512	77.01992	77.06739	77.09466	77.02248	77.07453	77.06579	77.06829	77.06172	77.21640	77.09845	76.51039	76.65560
6/30/2025	4:45:17 PM	77.06405	77.07489	77.01970	77.06749	77.09474	77.02263	77.07453	77.06558	77.06818	77.06170	77.21676	77.09880	76.51115	76.65514
6/30/2025	4:45:20 PM	77.06405	77.07479	77.01931	77.06714	77.09488	77.02260	77.07443	77.06552	77.06842	77.06183	77.21700	77.09873	76.51098	76.65583
6/30/2025	4:45:24 PM	77.06415	77.07497	77.01978	77.06711	77.09476	77.02208	77.07420	77.06546	77.06826	77.06147	77.21637	77.09867	76.51056	76.65506
6/30/2025	4:45:28 PM	77.06364	77.07498	77.01993	77.06699	77.09465	77.02224	77.07473	77.06573	77.06837	77.06248	77.21658	77.09862	76.51099	76.65570
6/30/2025	4:45:31 PM	77.06474	77.07531	77.02002	77.06685	77.09482	77.02263	77.07433	77.06608	77.06841	77.06144	77.21667	77.09911	76.51042	76.65520
6/30/2025	4:45:35 PM	77.06429	77.07546	77.02024	77.06808	77.09492	77.02270	77.07454	77.06562	77.06856	77.06164	77.21650	77.09888	76.51111	76.65599
6/30/2025	4:45:38 PM	77.06466	77.07544	77.02021	77.06716	77.09494	77.02265	77.07480	77.06617	77.06891	77.06186	77.21688	77.09888	76.51086	76.65607
6/30/2025	4:45:42 PM	77.06451	77.07513	77.02044	77.06706	77.09475	77.02299	77.07485	77.06647	77.06914	77.06243	77.21702	77.09943	76.51117	76.65623
6/30/2025	4:45:45 PM	77.06526	77.07554	77.02072	77.06798	77.09560	77.02323	77.07507	77.06645	77.06891	77.06246	77.21737	77.09971	76.51123	76.65608
6/30/2025	4:45:49 PM	77.06511	77.07568	77.02023	77.06752	77.09538	77.02342	77.07530	77.06652	77.06941	77.06282	77.21745	77.09964	76.51181	76.65647
6/30/2025	4:45:53 PM	77.06517	77.07598	77.02093	77.06799	77.09539	77.02328	77.07540	77.06635	77.06907	77.06242	77.21695	77.09944	76.51127	76.65614
6/30/2025	4:45:56 PM	77.06521	77.07576	77.02082	77.06791	77.09553	77.02298	77.07517	77.06671	77.06909	77.06267	77.21747	77.09924	76.51152	76.65656
6/30/2025	4:46:00 PM	77.06511	77.07604	77.02087	77.06781	77.09560	77.02420	77.07605	77.06704	77.06974	77.06289	77.21755	77.09983	76.51205	76.65713
6/30/2025	4:46:03 PM	77.06527	77.07618	77.02110	77.06784	77.09553	77.02348	77.07543	77.06687	77.06947	77.06276	77.21733	77.09987	76.51192	76.65631
6/30/2025	4:46:07 PM	77.06542	77.07619	77.02109	77.06808	77.09560	77.02369	77.07586	77.06706	77.06984	77.06302	77.21785	77.09968	76.51196	76.65699
6/30/2025	4:46:11 PM	77.06550	77.07586	77.02125	77.06822	77.09517	77.02304	77.07515	77.06680	77.06898	77.06256	77.21770	77.10009	76.51184	76.65679
6/30/2025	4:46:14 PM	77.06541	77.07595	77.02132	77.06783	77.09536	77.02346	77.07554	77.06703	77.06951	77.06282	77.21782	77.09979	76.51213	76.65728
6/30/2025	4:46:18 PM	77.06522	77.07599	77.02096	77.06826	77.09533	77.02373	77.07550	77.06705	77.06998	77.06320	77.21781	77.10002	76.51185	76.65693
6/30/2025	4:46:22 PM	77.06561	77.07599	77.02110	77.06793	77.09574	77.02363	77.07520	77.06673	77.06941	77.06297	77.21804	77.09984	76.51206	76.65639
6/30/2025	4:46:25 PM	77.06530	77.07625	77.02093	77.06794	77.09536	77.02314	77.07558	77.06694	77.06961	77.06302	77.21784	77.10024	76.51196	76.65637
6/30/2025	4:46:29 PM	77.06515	77.07612	77.02073	77.06806	77.09542	77.02344	77.07522	77.06681	77.06964	77.06315	77.21774	77.10001	76.51192	76.65683
6/30/2025	4:46:33 PM	77.06554	77.07619	77.02144	77.06845	77.09527	77.02355	77.07528	77.06736	77.06983	77.06329	77.21775	77.09990	76.51196	76.65667
6/30/2025	4:46:36 PM	77.06524	77.07565	77.02077	77.06801	77.09543	77.02341	77.07543	77.06636	77.06943	77.06275	77.21754	77.09976	76.51169	76.65647
6/30/2025	4:46:40 PM	77.06515	77.07588	77.02051	77.06756	77.09486	77.02313	77.07502	77.06679	77.06953	77.06305	77.21790	77.10023	76.51191	76.65712
6/30/2025	4:46:44 PM	77.06545	77.07650	77.02115	77.06834	77.09570	77.02392	77.07610	77.06731	77.07022	77.06380	77.21799	77.10017	76.51235	76.65710
6/30/2025	4:46:47 PM	77.06571	77.07631	77.02146	77.06827	77.09581	77.02366	77.07557	77.06716	77.06998	77.06322	77.21811	77.10025	76.51209	76.65730
6/30/2025	4:46:51 PM	77.06585	77.07658	77.02140	77.06798	77.09569	77.02415	77.07613	77.06704	77.06947	77.06352	77.21844	77.10062	76.51269	76.65782
6/30/2025	4:46:54 PM	77.06608	77.07670	77.02160	77.06878	77.09612	77.02430	77.07598	77.06770	77.07034	77.06377	77.21847	77.10078	76.51275	76.65706
6/30/2025	4:46:58 PM	77.06636	77.07688	77.02159	77.06871	77.09581	77.02466	77.07620	77.06731	77.07029	77.06388	77.21812	77.10094	76.51247	76.65732
6/30/2025	4:47:02 PM	77.06586	77.07655	77.02129	77.06844	77.09560	77.02404	77.07555	77.06762	77.06997	77.06362	77.21833	77.10076	76.51315	76.65726
6/30/2025	4:47:05 PM	77.06594	77.07668	77.02151	77.06845	77.09578	77.02392	77.07596	77.06761	77.07053	77.06345	77.21827	77.10061	76.51240	76.65771
6/30/2025	4:47:09 PM	77.06622	77.07711	77.02173	77.06841	77.09611	77.02419	77.07592	77.06731	77.07031	77.06349	77.21875	77.10092	76.51246	76.65739
6/30/2025	4:47:12 PM	77.06588	77.07680	77.02169	77.06867	77.09597	77.02436	77.07601	77.06741	77.07054	77.06382	77.21838	77.10077	76.51266	76.65728
6/30/2025	4:47:16 PM	77.06601	77.07702	77.02134	77.06831	77.09591	77.02396	77.07572	77.06765	77.07063	77.06350	77.21830	77.10091	76.51276	76.65772
6/30/2025	4:47:20 PM	77.06568	77.07700	77.02164	77.06836	77.09610	77.02423	77.07633	77.06765	77.07020	77.06389	77.21810	77.10096	76.51272	76.65794
6/30/2025	4:47:23 PM	77.06586	77.07654	77.02171	77.06818	77.09575	77.02406	77.07586	77.06783	77.07054	77.06377	77.21833	77.10060	76.51274	76.65720
6/30/2025	4:47:27 PM	77.06602	77.07660	77.02172	77.06842	77.09598	77.02404	77.07539	77.06736	77.07014	77.06338	77.21787	77.10077	76.51204	76.65734
6/30/2025	4:47:31 PM	77.06568	77.07655	77.02117	77.06818	77.09575	77.02405	77.07600	77.06745	77.07037	77.06375	77.21838	77.10033	76.51255	76.65749
6/30/2025	4:47:34 PM	77.06632	77.07689	77.02157	77.06858	77.09578	77.02419	77.07642	77.06756	77.07023	77.06391	77.21843	77.10082	76.51277	76.65716
6/30/2025	4:47:38 PM	77.06602	77.07639	77.02146	77.06872	77.09615	77.02415	77.07616	77.06789	77.07062	77.06390	77.21882	77.10068	76.51256	76.65793
6/30/2025	4:47:41 PM	77.06574	77.07668	77.02168	77.06851	77.09600	77.02403	77.07594	77.06804	77.07058	77.06355	77.21814	77.10063	76.51246	76.65742
6/30/2025	4:47:45 PM	77.06611	77.07650	77.02139	77.06816	77.09589	77.02382	77.07574	77.06745	77.07014	77.06364	77.21844	77.10072	76.51275	76.65750
6/30/2025	4:47:49 PM	77.06641	77.07642	77.02166	77.06881	77.09580	77.02440	77.07617	77.06741	77.07042	77.06374	77.21820	77.10079	76.51241	76.65764
6/30/2025	4:47:52 PM	77.06595	77.07671	77.02173	77.06869	77.09623	77.02407	77.07635	77.06758	77.07037	77.06390	77.21850	77.10106	76.51283	76.65801
6/30/2025	4:47:56 PM	77.06608	77.07678	77.02203	77.06860	77.09617	77.02432	77.07599	77.06777	77.06997	77.06385	77.21878	77.10122	76.51292	76.65777
6/30/2025	4:47:59 PM	77.06641	77.07734	77.02168	77.06865	77.09635	77.02412	77.07619	77.06767	77.07058	77.06421	77.21861	77.10100	76.51293	76.65775
6/30/2025	4:48:03 PM	77.06646	77.07717	77.02183	77.06835	77.09626	77.02419	77.07619	77.06779	77.07004	77.06396	77.21856	77.10077	76.51257	76.65757
6/30/2025	4:48:06 PM	77.06615	77.07673	77.02155	77.06828	77.09603	77.02397	77.07621	77.06755	77.07025	77.06381	77.21881	77.10130	76.51297	76.65856
6/30/2025	4:48:10 PM	77.06668	77.07718	77.02175	77.06845	77.09564	77.02423	77.07577	77.06743	77.07023	77.06406	77.21867	77.10122	76.51303	76.65826
6/30/2025	4:48:14 PM	77.06600	77.07692	77.02164	77.06882	77.09627	77.02459	77.07606	77.06805	77.07042	77.06410	77.21897	77.10125	76.51314	76.65798
6/30/2025	4:48:17 PM	77.06619	77.07664	77.02207	77.06867	77.09612	77.02432	77.07632	77.06803	77.07090	77.06446	77.21887	77.10148	76.51312	76.65816
6/30/2025	4:48:21 PM	77.06638	77.07712	77.02168	77.06838	77.09642	77.02443	77.07641	77.06772	77.07074	77.06408	77.21891	77.10117	76.51365	76.65790
6/30/2025	4:48:24 PM	77.06657	77.07687	77.02224	77.06856	77.09581	77.02459	77.07634	77.06803	77.07067	77.06448	77.21884	77.10133	76.51318	76.65837
6/30/2025	4:48:28 PM	77.06650	77.07724	77.02188	77.06876	77.09636	77.02433	77.07651	77.06787	77.07065	77.06407	77.21860	77.10147	76.51313	76.65777
6/30/2025	4:48:32 PM	77.06628	77.07676	77.02175	77.06883	77.09614	77.02431	77.07610	77.06766	77.07071	77.06412	77.21902	77.10124	76.51304	76.65822
6/30/2025	4:48:35 PM	77.06636	77.07726	77.02211	77.06894	77.09672	77.02419	77.07631	77.06759	77.07084	77.06433	77.21890	77.10168	76.51339	76.65825
6/30/2025	4:48:39 PM	77.06651	77.07685	77.02200	77.06877	77.09621	77.02422	77.07635	77.06821	77.07076	77.06408	77.21887	77.10117	76.51345	76.65793
6/30/2025	4:48:43 PM	77.06636	77.07692	77.02164	77.06825	77.09639	77.02472	77.07622	77.06786	77.07069	77.06450	77.21894	77.10116	76.51325	76.65881
6/30/2025	4:48:46 PM	77.06697	77.07748	77.02204	77.06866	77.09620	77.02472	77.07621	77.06800	77.07087	77.06415	77.21868	77.10143	76.51333	76.65843
6/30/2025	4:48:50 PM	77.06636	77.07699	77.02190	77.06890	77.09620	77.02490	77.07636	77.06796	77.07087	77.06426	77.21916	77.10139	76.51337	76.65889
6/30/2025	4:48:53 PM	77.06666	77.07773	77.02215	77.06882	77.09630	77.02450	77.07675	77.06793	77.07092	77.06449	77.21906	77.10147	76.51356	76.65859
6/30/2025	4:48:57 PM	77.06656	77.07745	77.02204	77.06870	77.09635	77.02456	77.07632	77.06840	77.07104	77.06461	77.21918	77.10234	76.51390	76.65906
6/30/2025	4:49:01 PM	77.06717	77.07726	77.02218	77.06884	77.09659	77.02493	77.07682	77.06845	77.07119	77.06455	77.21923	77.10200	76.51366	76.65869
6/30/2025	4:49:04 PM	77.06683	77.07753	77.02255	77.06951	77.09674	77.02476	77.07680	77.06860	77.07146	77.06497	77.21899	77.10169	76.51386	76.65898
6/30/2025	4:49:08 PM	77.06706	77.07743	77.02250	77.06921	77.09650	77.02434	77.07646	77.06774	77.07114	77.06467	77.21906	77.10189	76.51361	76.65861
6/30/2025	4:49:11 PM	77.06677	77.07794	77.02254	77.06921	77.09656	77.02449	77.07612	77.06803	77.07110	77.06481	77.21901	77.10140	76.51354	76.65837
6/30/2025	4:49:15 PM	77.06691	77.07742	77.02241	77.06895	77.09667	77.02481	77.07641	77.06826	77.07143	77.06467	77.21919	77.10170	76.51355	76.65856
6/30/2025	4:49:19 PM	77.06736	77.07766	77.02222	77.06934	77.09645	77.02471	77.07657	77.06818	77.07112	77.06461	77.21953	77.10146	76.51345	76.65868
6/30/2025	4:49:22 PM	77.06684	77.07756	77.02254	77.06905	77.09651	77.02509	77.07675	77.06844	77.07144	77.06471	77.21955	77.10178	76.51380	76.65897
6/30/2025	4:49:26 PM	77.06669	77.07753	77.02242	77.06904	77.09652	77.02482	77.07686	77.06842	77.07137	77.06499	77.21951	77.10190	76.51391	76.65893
6/30/2025	4:49:29 PM	77.06670	77.07730	77.02219	77.06886	77.09665	77.02516	77.07681	77.06854	77.07137	77.06462	77.21924	77.10233	76.51429	76.65910
6/30/2025	4:49:33 PM	77.06739	77.07759	77.02249	77.06892	77.09674	77.02494	77.07682	77.06860	77.07165	77.06548	77.21928	77.10186	76.51382	76.65919
6/30/2025	4:49:37 PM	77.06724	77.07803	77.02284	77.06964	77.09675	77.02493	77.07696	77.06839	77.07135	77.06491	77.21936	77.10194	76.51381	76.65885
6/30/2025	4:49:40 PM	77.06725	77.07757	77.02261	77.06945	77.09725	77.02506	77.07699	77.06848	77.07132	77.06498	77.21954	77.10213	76.51360	76.65878
6/30/2025	4:49:44 PM	77.06722	77.07759	77.02267	77.06917	77.09692	77.02495	77.07671	77.06851	77.07103	77.06502	77.21984	77.10202	76.51426	76.65907
6/30/2025	4:49:48 PM	77.06708	77.07794	77.02285	77.06965	77.09683	77.02486	77.07655	77.06799	77.07136	77.06466	77.21968	77.10201	76.51422	76.65912
6/30/2025	4:49:51 PM	77.06735	77.07813	77.02298	77.06978	77.09712	77.02500	77.07689	77.06884	77.07177	77.06523	77.21980	77.10249	76.51424	76.65892
6/30/2025	4:49:55 PM	77.06735	77.07777	77.02293	77.06919	77.09675	77.02488	77.07630	77.06820	77.07158	77.06499	77.21923	77.10174	76.51432	76.65880
6/30/2025	4:49:58 PM	77.06737	77.07793	77.02296	77.06928	77.09676	77.02479	77.07728	77.06899	77.07172	77.06538	77.21974	77.10188	76.51434	76.65925
6/30/2025	4:50:02 PM	77.06743	77.07791	77.02293	77.06934	77.09708	77.02526	77.07702	77.06870	77.07187	77.06532	77.21969	77.10217	76.51436	76.65964
6/30/2025	4:50:06 PM	77.06734	77.07801	77.02271	77.06997	77.09711	77.02526	77.07712	77.06867	77.07210	77.06536	77.21996	77.10243	76.51389	76.65950
6/30/2025	4:50:09 PM	77.06794	77.07787	77.02298	77.06943	77.09713	77.02516	77.07712	77.06877	77.07194	77.06554	77.21986	77.10220	76.51428	76.65914
6/30/2025	4:50:13 PM	77.06719	77.07827	77.02316	77.06969	77.09725	77.02490	77.07693	77.06880	77.07188	77.06543	77.22002	77.10235	76.51449	76.65952
6/30/2025	4:50:16 PM	77.06763	77.07810	77.02334	77.06947	77.09719	77.02563	77.07723	77.06869	77.07194	77.06600	77.22025	77.10264	76.51531	76.66018
6/30/2025	4:50:20 PM	77.06812	77.07845	77.02346	77.06984	77.09768	77.02558	77.07775	77.06930	77.07253	77.06553	77.22064	77.10305	76.51495	76.65962
6/30/2025	4:50:24 PM	77.06800	77.07812	77.02304	77.06970	77.09732	77.02507	77.07736	77.06939	77.07214	77.06562	77.22025	77.10314	76.51525	76.65937
6/30/2025	4:50:27 PM	77.06771	77.07833	77.02290	77.07006	77.09738	77.02547	77.07713	77.06897	77.07159	77.06518	77.22000	77.10260	76.51479	76.65932
6/30/2025	4:50:31 PM	77.06764	77.07846	77.02289	77.06950	77.09678	77.02499	77.07696	77.06916	77.07158	77.06530	77.21952	77.10217	76.51431	76.65964
6/30/2025	4:50:34 PM	77.06726	77.07795	77.02308	77.06945	77.09722	77.02494	77.07733	77.06879	77.07203	77.06554	77.21991	77.10274	76.51486	76.65974
6/30/2025	4:50:38 PM	77.06779	77.07829	77.02313	77.07008	77.09723	77.02550	77.07705	77.06901	77.07217	77.06557	77.22012	77.10270	76.51482	76.65958
6/30/2025	4:50:42 PM	77.06777	77.07792	77.02296	77.06974	77.09746	77.02546	77.07754	77.06913	77.07233	77.06598	77.22010	77.10227	76.51474	76.65947
6/30/2025	4:50:45 PM	77.06748	77.07819	77.02297	77.06951	77.09709	77.02522	77.07731	77.06906	77.07213	77.06592	77.22009	77.10309	76.51503	76.65977
6/30/2025	4:50:49 PM	77.06738	77.07772	77.02312	77.06963	77.09701	77.02517	77.07736	77.06914	77.07208	77.06523	77.21980	77.10205	76.51421	76.65982
6/30/2025	4:50:53 PM	77.06765	77.07826	77.02283	77.06978	77.09713	77.02523	77.07699	77.06896	77.07202	77.06567	77.22015	77.10268	76.51458	76.65979
6/30/2025	4:50:56 PM	77.06771	77.07810	77.02299	77.06956	77.09728	77.02528	77.07740	77.06941	77.07223	77.06592	77.21993	77.10236	76.51464	76.65936
6/30/2025	4:51:00 PM	77.06788	77.07809	77.02322	77.06964	77.09725	77.02515	77.07718	77.06913	77.07219	77.06534	77.21977	77.10283	76.51533	76.65994
6/30/2025	4:51:03 PM	77.06810	77.07835	77.02319	77.06955	77.09691	77.02521	77.07703	77.06900	77.07251	77.06563	77.22014	77.10251	76.51482	76.65958
6/30/2025	4:51:07 PM	77.06768	77.07837	77.02341	77.06944	77.09710	77.02504	77.07731	77.06904	77.07211	77.06586	77.22031	77.10262	76.51477	76.65999
6/30/2025	4:51:11 PM	77.06813	77.07853	77.02312	77.07000	77.09761	77.02591	77.07773	77.06954	77.07278	77.06627	77.22100	77.10309	76.51533	76.66048
6/30/2025	4:51:14 PM	77.06866	77.07867	77.02363	77.07057	77.09785	77.02579	77.07806	77.06964	77.07263	77.06635	77.22071	77.10313	76.51531	76.66011
6/30/2025	4:51:18 PM	77.06812	77.07910	77.02395	77.07087	77.09780	77.02582	77.07803	77.06972	77.07322	77.06644	77.22087	77.10337	76.51549	76.66012
6/30/2025	4:51:22 PM	77.06856	77.07884	77.02410	77.07040	77.09821	77.02599	77.07837	77.07007	77.07265	77.06592	77.22071	77.10308	76.51535	76.65994
6/30/2025	4:51:25 PM	77.06867	77.07892	77.02398	77.07030	77.09748	77.02629	77.07818	77.06996	77.07294	77.06632	77.22058	77.10295	76.51563	76.66034
6/30/2025	4:51:29 PM	77.06867	77.07898	77.02389	77.07052	77.09771	77.02559	77.07770	77.06971	77.07266	77.06640	77.22064	77.10334	76.51553	76.66024
6/30/2025	4:51:32 PM	77.06842	77.07900	77.02382	77.07026	77.09806	77.02599	77.07794	77.07007	77.07285	77.06655	77.22098	77.10332	76.51546	76.66040
6/30/2025	4:51:36 PM	77.06820	77.07876	77.02367	77.07007	77.09729	77.02522	77.07769	77.06916	77.07266	77.06632	77.22066	77.10340	76.51563	76.66032
6/30/2025	4:51:40 PM	77.06810	77.07878	77.02352	77.07009	77.09725	77.02538	77.07727	77.06911	77.07226	77.06558	77.22034	77.10238	76.51515	76.66009
6/30/2025	4:51:43 PM	77.06806	77.07879	77.02356	77.06991	77.09765	77.02545	77.07777	77.06940	77.07249	77.06604	77.22058	77.10325	76.51501	76.66000
6/30/2025	4:51:47 PM	77.06811	77.07863	77.02331	77.06975	77.09700	77.02492	77.07677	77.06910	77.07208	77.06575	77.22011	77.10225	76.51505	76.65949
6/30/2025	4:51:50 PM	77.06789	77.07800	77.02292	77.06977	77.09723	77.02478	77.07714	77.06899	77.07238	77.06545	77.22011	77.10213	76.51474	76.66024
6/30/2025	4:51:54 PM	77.06799	77.07796	77.02317	77.06945	77.09726	77.02532	77.07731	77.06879	77.07217	77.06546	77.22003	77.10274	76.51471	76.65981
6/30/2025	4:51:58 PM	77.06771	77.07798	77.02285	77.06938	77.09707	77.02504	77.07705	77.06877	77.07199	77.06589	77.22008	77.10254	76.51495	76.65979
6/30/2025	4:52:01 PM	77.06773	77.07790	77.02280	77.06918	77.09701	77.02468	77.07681	77.06874	77.07180	77.06523	77.22000	77.10266	76.51480	76.65965
6/30/2025	4:52:05 PM	77.06748	77.07787	77.02270	77.06967	77.09720	77.02498	77.07681	77.06865	77.07205	77.06570	77.22048	77.10315	76.51489	76.65981
6/30/2025	4:52:09 PM	77.06794	77.07866	77.02304	77.06976	77.09732	77.02533	77.07759	77.06914	77.07202	77.06594	77.22070	77.10306	76.51542	76.66025
6/30/2025	4:52:12 PM	77.06841	77.07882	77.02363	77.06979	77.09730	77.02488	77.07701	77.06909	77.07215	77.06556	77.22034	77.10257	76.51488	76.66007
6/30/2025	4:52:16 PM	77.06769	77.07808	77.02312	77.06954	77.09742	77.02493	77.07708	77.06909	77.07202	77.06586	77.22034	77.10284	76.51524	76.66018
6/30/2025	4:52:20 PM	77.06811	77.07835	77.02327	77.06989	77.09701	77.02467	77.07641	77.06883	77.07217	77.06548	77.21988	77.10244	76.51459	76.65977
6/30/2025	4:52:23 PM	77.06788	77.07810	77.02330	77.06971	77.09695	77.02504	77.07686	77.06941	77.07197	77.06617	77.22031	77.10281	76.51514	76.65969
6/30/2025	4:52:27 PM	77.06843	77.07798	77.02326	77.06990	77.09691	77.02460	77.07696	77.06880	77.07244	77.06613	77.22021	77.10237	76.51477	76.65988
6/30/2025	4:52:30 PM	77.06819	77.07805	77.02303	77.07012	77.09714	77.02499	77.07723	77.06890	77.07176	77.06588	77.22012	77.10256	76.51462	76.65930
6/30/2025	4:52:34 PM	77.06797	77.07813	77.02319	77.06930	77.09684	77.02454	77.07680	77.06890	77.07249	77.06539	77.22024	77.10269	76.51472	76.65985
6/30/2025	4:52:38 PM	77.06800	77.07839	77.02330	77.06996	77.09737	77.02479	77.07680	77.06897	77.07257	77.06604	77.22052	77.10293	76.51506	76.66026
6/30/2025	4:52:41 PM	77.06811	77.07800	77.02364	77.06989	77.09750	77.02515	77.07732	77.06913	77.07268	77.06625	77.22057	77.10291	76.51520	76.66018
6/30/2025	4:52:45 PM	77.06832	77.07826	77.02371	77.06967	77.09738	77.02543	77.07693	77.06910	77.07213	77.06584	77.22034	77.10298	76.51529	76.66026
6/30/2025	4:52:48 PM	77.06866	77.07893	77.02327	77.06932	77.09718	77.02504	77.07722	77.06878	77.07259	77.06625	77.21993	77.10333	76.51505	76.65962
6/30/2025	4:52:52 PM	77.06793	77.07846	77.02340	77.07004	77.09746	77.02516	77.07709	77.06918	77.07249	77.06627	77.22027	77.10308	76.51515	76.65987
6/30/2025	4:52:56 PM	77.06821	77.07798	77.02309	77.06943	77.09728	77.02500	77.07683	77.06877	77.07196	77.06588	77.22000	77.10278	76.51506	76.65989
6/30/2025	4:52:59 PM	77.06826	77.07816	77.02275	77.06965	77.09716	77.02547	77.07741	77.06867	77.07206	77.06580	77.22029	77.10349	76.51528	76.66022
6/30/2025	4:53:03 PM	77.06797	77.07854	77.02342	77.06994	77.09775	77.02489	77.07733	77.06952	77.07279	77.06624	77.22055	77.10299	76.51494	76.66019
6/30/2025	4:53:06 PM	77.06845	77.07887	77.02309	77.07004	77.09735	77.02495	77.07691	77.06929	77.07259	77.06610	77.22042	77.10266	76.51485	76.65963
6/30/2025	4:53:10 PM	77.06818	77.07837	77.02305	77.06979	77.09735	77.02541	77.07712	77.06934	77.07245	77.06577	77.22039	77.10274	76.51505	76.66002
6/30/2025	4:53:14 PM	77.06860	77.07855	77.02372	77.07009	77.09779	77.02505	77.07731	77.06969	77.07265	77.06621	77.22064	77.10325	76.51487	76.66047
6/30/2025	4:53:17 PM	77.06839	77.07889	77.02361	77.07009	77.09735	77.02468	77.07723	77.06897	77.07210	77.06596	77.22089	77.10324	76.51521	76.66056
6/30/2025	4:53:21 PM	77.06849	77.07856	77.02363	77.07014	77.09778	77.02514	77.07740	77.06966	77.07222	77.06576	77.22081	77.10319	76.51534	76.66058
6/30/2025	4:53:25 PM	77.06868	77.07917	77.02328	77.06984	77.09773	77.02535	77.07705	77.06924	77.07271	77.06605	77.22094	77.10341	76.51495	76.66060
6/30/2025	4:53:28 PM	77.06852	77.07873	77.02318	77.06981	77.09749	77.02491	77.07676	77.06892	77.07235	77.06603	77.22073	77.10368	76.51507	76.66038
6/30/2025	4:53:32 PM	77.06836	77.07866	77.02284	77.06965	77.09730	77.02489	77.07697	77.06903	77.07207	77.06571	77.21998	77.10298	76.51508	76.65960
6/30/2025	4:53:35 PM	77.06798	77.07824	77.02286	77.06916	77.09715	77.02449	77.07725	77.06909	77.07242	77.06595	77.22048	77.10327	76.51518	76.66054
6/30/2025	4:53:39 PM	77.06871	77.07856	77.02338	77.06977	77.09709	77.02508	77.07725	77.06880	77.07221	77.06557	77.22048	77.10309	76.51502	76.66031
6/30/2025	4:53:43 PM	77.06801	77.07850	77.02333	77.06950	77.09717	77.02490	77.07662	77.06865	77.07206	77.06548	77.22037	77.10323	76.51492	76.66065
6/30/2025	4:53:46 PM	77.06800	77.07796	77.02265	77.06933	77.09708	77.02492	77.07664	77.06866	77.07218	77.06581	77.22045	77.10293	76.51502	76.66006
6/30/2025	4:53:50 PM	77.06808	77.07853	77.02282	77.06924	77.09723	77.02465	77.07646	77.06896	77.07229	77.06556	77.22033	77.10321	76.51529	76.65982
6/30/2025	4:53:53 PM	77.06809	77.07871	77.02340	77.06979	77.09726	77.02486	77.07715	77.06925	77.07262	77.06584	77.22039	77.10331	76.51505	76.66013
6/30/2025	4:53:57 PM	77.06825	77.07818	77.02277	77.06946	77.09716	77.02482	77.07707	77.06870	77.07192	77.06564	77.22009	77.10283	76.51452	76.65991
6/30/2025	4:54:01 PM	77.06797	77.07835	77.02333	77.06935	77.09720	77.02459	77.07657	77.06845	77.07218	77.06578	77.22044	77.10314	76.51486	76.66019
6/30/2025	4:54:04 PM	77.06815	77.07835	77.02302	77.06914	77.09663	77.02418	77.07647	77.06861	77.07195	77.06554	77.21978	77.10270	76.51458	76.65992
6/30/2025	4:54:08 PM	77.06791	77.07782	77.02234	77.06891	77.09690	77.02426	77.07608	77.06837	77.07199	77.06589	77.22002	77.10288	76.51448	76.65989
6/30/2025	4:54:12 PM	77.06792	77.07822	77.02257	77.06917	77.09733	77.02437	77.07661	77.06817	77.07185	77.06549	77.22032	77.10269	76.51469	76.65951
6/30/2025	4:54:15 PM	77.06828	77.07863	77.02279	77.06907	77.09697	77.02422	77.07650	77.06866	77.07190	77.06527	77.21985	77.10302	76.51492	76.65995
6/30/2025	4:54:19 PM	77.06808	77.07872	77.02295	77.06942	77.09728	77.02463	77.07697	77.06864	77.07201	77.06618	77.22067	77.10358	76.51501	76.66029
6/30/2025	4:54:22 PM	77.06808	77.07805	77.02321	77.06901	77.09700	77.02441	77.07672	77.06907	77.07222	77.06575	77.22023	77.10306	76.51489	76.65997
6/30/2025	4:54:26 PM	77.06785	77.07832	77.02249	77.06927	77.09690	77.02414	77.07662	77.06852	77.07188	77.06556	77.22013	77.10285	76.51487	76.65998
6/30/2025	4:54:30 PM	77.06861	77.07893	77.02354	77.06962	77.09718	77.02478	77.07698	77.06879	77.07248	77.06609	77.22089	77.10368	76.51552	76.66058
6/30/2025	4:54:33 PM	77.06875	77.07925	77.02379	77.07038	77.09829	77.02531	77.07743	77.06968	77.07299	77.06671	77.22129	77.10386	76.51573	76.66074
6/30/2025	4:54:37 PM	77.06895	77.07900	77.02412	77.07050	77.09825	77.02541	77.07742	77.06954	77.07291	77.06682	77.22079	77.10396	76.51552	76.66104
6/30/2025	4:54:41 PM	77.06939	77.07938	77.02358	77.07014	77.09782	77.02488	77.07682	77.06883	77.07247	77.06634	77.22062	77.10359	76.51513	76.66064
6/30/2025	4:54:44 PM	77.06888	77.07926	77.02363	77.07018	77.09812	77.02477	77.07682	77.06919	77.07257	77.06617	77.22080	77.10306	76.51513	76.66047
6/30/2025	4:54:48 PM	77.06846	77.07858	77.02349	77.07006	77.09743	77.02505	77.07718	77.06899	77.07251	77.06641	77.22073	77.10388	76.51563	76.66059
6/30/2025	4:54:52 PM	77.06854	77.07867	77.02323	77.06974	77.09718	77.02478	77.07626	77.06895	77.07241	77.06620	77.22060	77.10349	76.51540	76.66035
6/30/2025	4:54:55 PM	77.06837	77.07815	77.02328	77.06946	77.09710	77.02439	77.07657	77.06848	77.07173	77.06581	77.22025	77.10324	76.51457	76.65987
6/30/2025	4:54:59 PM	77.06804	77.07832	77.02280	77.06896	77.09723	77.02425	77.07655	77.06841	77.07174	77.06573	77.22068	77.10334	76.51523	76.66037
6/30/2025	4:55:03 PM	77.06874	77.07862	77.02339	77.06953	77.09757	77.02458	77.07647	77.06849	77.07231	77.06619	77.22053	77.10311	76.51477	76.66019
6/30/2025	4:55:06 PM	77.06851	77.07826	77.02295	77.06954	77.09741	77.02455	77.07652	77.06876	77.07234	77.06597	77.22020	77.10271	76.51508	76.66026
6/30/2025	4:55:10 PM	77.06859	77.07885	77.02338	77.06969	77.09727	77.02440	77.07626	77.06854	77.07179	77.06589	77.22049	77.10322	76.51507	76.66013
6/30/2025	4:55:14 PM	77.06825	77.07844	77.02328	77.06950	77.09723	77.02475	77.07680	77.06833	77.07206	77.06610	77.22050	77.10343	76.51518	76.66023
6/30/2025	4:55:17 PM	77.06854	77.07866	77.02311	77.06977	77.09753	77.02449	77.07670	77.06845	77.07198	77.06584	77.22036	77.10309	76.51472	76.66029
6/30/2025	4:55:21 PM	77.06797	77.07824	77.02307	77.06909	77.09692	77.02452	77.07630	77.06842	77.07190	77.06558	77.22046	77.10347	76.51443	76.65998
6/30/2025	4:55:25 PM	77.06792	77.07869	77.02322	77.06921	77.09701	77.02425	77.07654	77.06874	77.07263	77.06612	77.22059	77.10329	76.51537	76.66065
6/30/2025	4:55:28 PM	77.06852	77.07846	77.02329	77.06984	77.09758	77.02504	77.07679	77.06879	77.07186	77.06612	77.22044	77.10358	76.51520	76.66045
6/30/2025	4:55:32 PM	77.06816	77.07857	77.02292	77.06957	77.09690	77.02491	77.07702	77.06881	77.07191	77.06586	77.22091	77.10358	76.51535	76.66045
6/30/2025	4:55:35 PM	77.06837	77.07866	77.02339	77.06971	77.09761	77.02453	77.07700	77.06844	77.07212	77.06624	77.22104	77.10358	76.51499	76.66074
6/30/2025	4:55:39 PM	77.06840	77.07880	77.02343	77.06956	77.09756	77.02520	77.07721	77.06919	77.07259	77.06647	77.22098	77.10359	76.51529	76.66065
6/30/2025	4:55:43 PM	77.06871	77.07848	77.02324	77.06949	77.09798	77.02501	77.07717	77.06906	77.07220	77.06640	77.22089	77.10345	76.51480	76.66055
6/30/2025	4:55:46 PM	77.06829	77.07851	77.02294	77.06979	77.09721	77.02500	77.07650	77.06886	77.07256	77.06607	77.22080	77.10352	76.51521	76.66036
6/30/2025	4:55:50 PM	77.06892	77.07934	77.02359	77.06995	77.09756	77.02530	77.07670	77.06905	77.07251	77.06649	77.22140	77.10418	76.51553	76.66102
6/30/2025	4:55:53 PM	77.06908	77.07856	77.02317	77.06964	77.09761	77.02501	77.07685	77.06901	77.07247	77.06642	77.22079	77.10402	76.51507	76.66067
6/30/2025	4:55:57 PM	77.06892	77.07878	77.02332	77.06941	77.09741	77.02500	77.07695	77.06871	77.07241	77.06658	77.22108	77.10408	76.51510	76.66082
6/30/2025	4:56:01 PM	77.06911	77.07950	77.02344	77.07008	77.09781	77.02566	77.07644	77.06877	77.07261	77.06616	77.22084	77.10404	76.51475	76.66102
6/30/2025	4:56:04 PM	77.06849	77.07904	77.02378	77.06982	77.09771	77.02508	77.07688	77.06895	77.07241	77.06662	77.22129	77.10393	76.51510	76.66066
6/30/2025	4:56:08 PM	77.06881	77.07894	77.02336	77.07004	77.09764	77.02510	77.07705	77.06894	77.07257	77.06645	77.22088	77.10409	76.51543	76.66131
6/30/2025	4:56:12 PM	77.06911	77.07921	77.02358	77.07027	77.09776	77.02515	77.07717	77.06922	77.07273	77.06669	77.22127	77.10393	76.51512	76.66105
6/30/2025	4:56:15 PM	77.06915	77.07892	77.02355	77.07000	77.09781	77.02497	77.07730	77.06934	77.07289	77.06675	77.22131	77.10410	76.51562	76.66151
6/30/2025	4:56:19 PM	77.06898	77.07926	77.02409	77.07052	77.09791	77.02521	77.07701	77.06928	77.07281	77.06661	77.22145	77.10439	76.51557	76.66128
6/30/2025	4:56:23 PM	77.06899	77.07925	77.02411	77.07069	77.09809	77.02550	77.07745	77.06943	77.07291	77.06694	77.22171	77.10452	76.51602	76.66116
6/30/2025	4:56:26 PM	77.06942	77.07954	77.02384	77.07018	77.09793	77.02576	77.07747	77.06940	77.07338	77.06664	77.22127	77.10431	76.51542	76.66113
6/30/2025	4:56:30 PM	77.06945	77.07946	77.02387	77.07015	77.09775	77.02504	77.07709	77.06912	77.07272	77.06670	77.22121	77.10441	76.51560	76.66139
6/30/2025	4:56:34 PM	77.06937	77.07920	77.02434	77.07010	77.09820	77.02517	77.07673	77.06921	77.07302	77.06693	77.22125	77.10445	76.51558	76.66128
6/30/2025	4:56:37 PM	77.06882	77.07948	77.02426	77.07034	77.09790	77.02474	77.07691	77.06920	77.07284	77.06681	77.22173	77.10455	76.51574	76.66098
6/30/2025	4:56:41 PM	77.06931	77.07972	77.02398	77.07058	77.09854	77.02525	77.07708	77.06989	77.07304	77.06715	77.22131	77.10424	76.51573	76.66131
6/30/2025	4:56:44 PM	77.06905	77.07933	77.02348	77.07009	77.09802	77.02502	77.07698	77.06945	77.07291	77.06710	77.22143	77.10440	76.51558	76.66150
6/30/2025	4:56:48 PM	77.06926	77.07926	77.02378	77.06992	77.09810	77.02513	77.07716	77.06972	77.07294	77.06680	77.22124	77.10443	76.51514	76.66141
6/30/2025	4:56:52 PM	77.06927	77.07943	77.02411	77.07087	77.09841	77.02553	77.07745	77.06952	77.07330	77.06714	77.22150	77.10451	76.51615	76.66182
6/30/2025	4:56:55 PM	77.06976	77.07979	77.02419	77.07035	77.09825	77.02556	77.07755	77.06948	77.07327	77.06708	77.22162	77.10477	76.51580	76.66225
6/30/2025	4:56:59 PM	77.06934	77.07979	77.02419	77.07060	77.09867	77.02564	77.07774	77.06996	77.07348	77.06703	77.22196	77.10475	76.51554	76.66148
6/30/2025	4:57:03 PM	77.06933	77.07943	77.02429	77.07054	77.09845	77.02611	77.07745	77.06983	77.07318	77.06717	77.22200	77.10483	76.51586	76.66154
6/30/2025	4:57:06 PM	77.06923	77.07960	77.02447	77.07052	77.09835	77.02576	77.07757	77.06958	77.07348	77.06717	77.22166	77.10481	76.51614	76.66165
6/30/2025	4:57:10 PM	77.06998	77.07944	77.02421	77.07073	77.09897	77.02633	77.07810	77.07023	77.07393	77.06754	77.22218	77.10533	76.51626	76.66144
6/30/2025	4:57:14 PM	77.06964	77.08017	77.02478	77.07093	77.09875	77.02602	77.07805	77.06976	77.07327	77.06740	77.22176	77.10505	76.51623	76.66226
6/30/2025	4:57:17 PM	77.07012	77.08014	77.02490	77.07097	77.09919	77.02614	77.07797	77.07016	77.07331	77.06744	77.22205	77.10504	76.51637	76.66192
6/30/2025	4:57:21 PM	77.06956	77.07986	77.02465	77.07109	77.09880	77.02596	77.07795	77.06991	77.07332	77.06787	77.22222	77.10499	76.51648	76.66197
6/30/2025	4:57:24 PM	77.07011	77.08040	77.02466	77.07127	77.09871	77.02590	77.07823	77.07034	77.07337	77.06764	77.22213	77.10518	76.51619	76.66203
6/30/2025	4:57:28 PM	77.06985	77.07972	77.02427	77.07113	77.09856	77.02612	77.07782	77.06994	77.07383	77.06751	77.22210	77.10509	76.51588	76.66203
6/30/2025	4:57:32 PM	77.06986	77.08010	77.02445	77.07142	77.09909	77.02602	77.07786	77.07004	77.07343	77.06742	77.22222	77.10540	76.51635	76.66212
6/30/2025	4:57:35 PM	77.06972	77.08013	77.02481	77.07119	77.09880	77.02613	77.07757	77.07008	77.07338	77.06755	77.22280	77.10534	76.51615	76.66198
6/30/2025	4:57:39 PM	77.06985	77.08005	77.02405	77.07084	77.09860	77.02589	77.07801	77.06995	77.07353	77.06769	77.22212	77.10523	76.51616	76.66203
6/30/2025	4:57:43 PM	77.07013	77.08032	77.02456	77.07098	77.09869	77.02613	77.07750	77.06959	77.07335	77.06744	77.22215	77.10529	76.51642	76.66220
6/30/2025	4:57:46 PM	77.06998	77.08021	77.02460	77.07111	77.09857	77.02625	77.07803	77.07006	77.07381	77.06788	77.22241	77.10537	76.51649	76.66226
6/30/2025	4:57:50 PM	77.06992	77.08003	77.02476	77.07131	77.09922	77.02615	77.07793	77.07044	77.07389	77.06786	77.22242	77.10562	76.51641	76.66209
6/30/2025	4:57:53 PM	77.06963	77.08000	77.02448	77.07101	77.09919	77.02627	77.07812	77.06998	77.07420	77.06770	77.22247	77.10534	76.51643	76.66234
6/30/2025	4:57:57 PM	77.07004	77.08014	77.02475	77.07073	77.09844	77.02573	77.07776	77.06985	77.07342	77.06687	77.22169	77.10492	76.51574	76.66169
6/30/2025	4:58:01 PM	77.06970	77.07995	77.02467	77.07116	77.09906	77.02636	77.07841	77.07017	77.07408	77.06769	77.22250	77.10558	76.51651	76.66212
6/30/2025	4:58:04 PM	77.07007	77.08039	77.02471	77.07099	77.09916	77.02629	77.07789	77.07032	77.07404	77.06802	77.22235	77.10576	76.51666	76.66211
6/30/2025	4:58:08 PM	77.07031	77.08038	77.02497	77.07118	77.09886	77.02660	77.07838	77.07026	77.07373	77.06806	77.22261	77.10546	76.51669	76.66193
6/30/2025	4:58:12 PM	77.07035	77.08007	77.02464	77.07111	77.09904	77.02637	77.07832	77.07021	77.07356	77.06798	77.22231	77.10568	76.51647	76.66241
6/30/2025	4:58:15 PM	77.07034	77.08016	77.02521	77.07133	77.09930	77.02636	77.07810	77.06983	77.07381	77.06751	77.22217	77.10552	76.51647	76.66225
6/30/2025	4:58:19 PM	77.06997	77.08006	77.02467	77.07140	77.09938	77.02634	77.07803	77.06994	77.07368	77.06733	77.22214	77.10546	76.51638	76.66212
6/30/2025	4:58:22 PM	77.07009	77.08027	77.02489	77.07100	77.09926	77.02628	77.07791	77.07026	77.07366	77.06760	77.22234	77.10593	76.51699	76.66238
6/30/2025	4:58:26 PM	77.07068	77.08057	77.02496	77.07147	77.09920	77.02629	77.07825	77.07037	77.07352	77.06755	77.22226	77.10594	76.51665	76.66253
6/30/2025	4:58:30 PM	77.07073	77.08034	77.02487	77.07160	77.09919	77.02613	77.07835	77.07051	77.07402	77.06775	77.22237	77.10524	76.51659	76.66245
6/30/2025	4:58:33 PM	77.07016	77.08014	77.02470	77.07122	77.09947	77.02607	77.07810	77.07039	77.07379	77.06792	77.22272	77.10538	76.51647	76.66222
6/30/2025	4:58:37 PM	77.07019	77.08026	77.02486	77.07122	77.09903	77.02568	77.07811	77.06984	77.07417	77.06788	77.22266	77.10584	76.51692	76.66229
6/30/2025	4:58:41 PM	77.07054	77.08016	77.02471	77.07139	77.09966	77.02636	77.07836	77.07021	77.07377	77.06797	77.22289	77.10562	76.51640	76.66217
6/30/2025	4:58:44 PM	77.07076	77.08003	77.02485	77.07124	77.09942	77.02604	77.07866	77.07054	77.07381	77.06796	77.22281	77.10566	76.51636	76.66290
6/30/2025	4:58:48 PM	77.07061	77.08065	77.02490	77.07149	77.09970	77.02648	77.07854	77.07056	77.07384	77.06806	77.22242	77.10572	76.51650	76.66252
6/30/2025	4:58:51 PM	77.07063	77.08052	77.02495	77.07141	77.09951	77.02639	77.07852	77.07044	77.07409	77.06828	77.22260	77.10620	76.51739	76.66278
6/30/2025	4:58:55 PM	77.07072	77.08089	77.02543	77.07213	77.10017	77.02691	77.07851	77.07056	77.07465	77.06855	77.22284	77.10583	76.51674	76.66282
6/30/2025	4:58:59 PM	77.07084	77.08065	77.02491	77.07158	77.09939	77.02649	77.07815	77.07034	77.07397	77.06811	77.22269	77.10593	76.51698	76.66260
6/30/2025	4:59:02 PM	77.07071	77.08060	77.02506	77.07158	77.09944	77.02671	77.07849	77.07056	77.07373	77.06800	77.22270	77.10545	76.51672	76.66259
6/30/2025	4:59:06 PM	77.07062	77.08048	77.02508	77.07126	77.09949	77.02662	77.07827	77.07036	77.07401	77.06794	77.22321	77.10607	76.51695	76.66258
6/30/2025	4:59:09 PM	77.07066	77.08069	77.02553	77.07163	77.09946	77.02701	77.07868	77.07065	77.07470	77.06841	77.22338	77.10643	76.51748	76.66332
6/30/2025	4:59:13 PM	77.07127	77.08112	77.02584	77.07244	77.10021	77.02768	77.07899	77.07111	77.07463	77.06814	77.22384	77.10643	76.51748	76.66257
6/30/2025	4:59:17 PM	77.07114	77.08138	77.02544	77.07232	77.10023	77.02736	77.07859	77.07061	77.07480	77.06856	77.22315	77.10630	76.51740	76.66337
6/30/2025	4:59:20 PM	77.07103	77.08117	77.02534	77.07227	77.10015	77.02756	77.07911	77.07105	77.07468	77.06832	77.22300	77.10633	76.51740	76.66293
6/30/2025	4:59:24 PM	77.07089	77.08078	77.02574	77.07241	77.09996	77.02721	77.07871	77.07093	77.07456	77.06855	77.22321	77.10651	76.51699	76.66288
6/30/2025	4:59:27 PM	77.07094	77.08051	77.02574	77.07214	77.09984	77.02644	77.07861	77.07057	77.07398	77.06802	77.22252	77.10610	76.51727	76.66232
6/30/2025	4:59:31 PM	77.07073	77.08089	77.02547	77.07215	77.09983	77.02655	77.07882	77.07061	77.07427	77.06839	77.22270	77.10641	76.51726	76.66285
6/30/2025	4:59:35 PM	77.07152	77.08125	77.02593	77.07213	77.10025	77.02657	77.07861	77.07088	77.07433	77.06891	77.22347	77.10644	76.51740	76.66292
6/30/2025	4:59:38 PM	77.07143	77.08109	77.02537	77.07250	77.09955	77.02662	77.07846	77.07097	77.07477	77.06855	77.22321	77.10608	76.51745	76.66275
6/30/2025	4:59:42 PM	77.07118	77.08081	77.02549	77.07198	77.10009	77.02683	77.07900	77.07128	77.07442	77.06863	77.22298	77.10667	76.51756	76.66308
6/30/2025	4:59:45 PM	77.07154	77.08108	77.02556	77.07206	77.09979	77.02677	77.07891	77.07116	77.07454	77.06825	77.22309	77.10641	76.51709	76.66309
6/30/2025	4:59:49 PM	77.07075	77.08088	77.02570	77.07174	77.09957	77.02661	77.07889	77.07066	77.07414	77.06863	77.22278	77.10591	76.51708	76.66292
6/30/2025	4:59:53 PM	77.07125	77.08100	77.02558	77.07174	77.09979	77.02681	77.07871	77.07105	77.07424	77.06860	77.22336	77.10637	76.51715	76.66302
6/30/2025	4:59:56 PM	77.07124	77.08091	77.02541	77.07218	77.10013	77.02692	77.07838	77.07044	77.07443	77.06855	77.22320	77.10597	76.51722	76.66290
6/30/2025	5:00:00 PM	77.07136	77.08109	77.02548	77.07176	77.09975	77.02729	77.07897	77.07078	77.07419	77.06847	77.22287	77.10578	76.51709	76.66308
6/30/2025	5:00:04 PM	77.07093	77.08105	77.02559	77.07193	77.09985	77.02727	77.07875	77.07102	77.07398	77.06881	77.22323	77.10621	76.51728	76.66274
6/30/2025	5:00:07 PM	77.07100	77.08066	77.02543	77.07203	77.10019	77.02789	77.07891	77.07144	77.07478	77.06849	77.22333	77.10642	76.51743	76.66324
6/30/2025	5:00:11 PM	77.07170	77.08124	77.02553	77.07219	77.10007	77.02696	77.07894	77.07110	77.07473	77.06865	77.22319	77.10643	76.51767	76.66350
6/30/2025	5:00:15 PM	77.07139	77.08155	77.02605	77.07213	77.10016	77.02727	77.07910	77.07122	77.07472	77.06930	77.22349	77.10667	76.51713	76.66328
6/30/2025	5:00:18 PM	77.07133	77.08127	77.02545	77.07216	77.09989	77.02693	77.07885	77.07061	77.07435	77.06845	77.22328	77.10651	76.51730	76.66266
6/30/2025	5:00:22 PM	77.07116	77.08075	77.02529	77.07189	77.10008	77.02681	77.07874	77.07047	77.07434	77.06820	77.22313	77.10633	76.51755	76.66319
6/30/2025	5:00:25 PM	77.07090	77.08055	77.02521	77.07187	77.09990	77.02713	77.07857	77.07081	77.07435	77.06835	77.22303	77.10683	76.51717	76.66296
6/30/2025	5:00:29 PM	77.07119	77.08115	77.02576	77.07190	77.10035	77.02660	77.07880	77.07074	77.07419	77.06842	77.22297	77.10597	76.51717	76.66306
6/30/2025	5:00:33 PM	77.07131	77.08079	77.02521	77.07186	77.09995	77.02680	77.07884	77.07077	77.07440	77.06850	77.22287	77.10664	76.51722	76.66282
6/30/2025	5:00:36 PM	77.07091	77.08097	77.02550	77.07222	77.09995	77.02650	77.07858	77.07057	77.07403	77.06805	77.22260	77.10609	76.51721	76.66295
6/30/2025	5:00:40 PM	77.07137	77.08071	77.02537	77.07186	77.10023	77.02680	77.07832	77.07076	77.07417	77.06848	77.22290	77.10603	76.51705	76.66252
6/30/2025	5:00:44 PM	77.07120	77.08097	77.02514	77.07217	77.09952	77.02664	77.07898	77.07037	77.07419	77.06824	77.22324	77.10642	76.51729	76.66309
6/30/2025	5:00:47 PM	77.07144	77.08115	77.02577	77.07216	77.10022	77.02743	77.07924	77.07123	77.07454	77.06911	77.22400	77.10652	76.51752	76.66307
6/30/2025	5:00:51 PM	77.07149	77.08116	77.02565	77.07201	77.09973	77.02708	77.07925	77.07088	77.07479	77.06864	77.22360	77.10631	76.51781	76.66343
6/30/2025	5:00:55 PM	77.07142	77.08153	77.02588	77.07237	77.10021	77.02708	77.07882	77.07094	77.07464	77.06858	77.22319	77.10682	76.51732	76.66355
6/30/2025	5:00:58 PM	77.07164	77.08122	77.02554	77.07252	77.10017	77.02709	77.07884	77.07111	77.07495	77.06857	77.22324	77.10672	76.51763	76.66362
6/30/2025	5:01:02 PM	77.07121	77.08130	77.02552	77.07230	77.10033	77.02699	77.07899	77.07139	77.07491	77.06878	77.22347	77.10702	76.51785	76.66355
6/30/2025	5:01:05 PM	77.07170	77.08091	77.02584	77.07228	77.10043	77.02683	77.07960	77.07133	77.07512	77.06895	77.22378	77.10661	76.51775	76.66330
6/30/2025	5:01:09 PM	77.07174	77.08187	77.02600	77.07227	77.10041	77.02712	77.07907	77.07103	77.07449	77.06897	77.22315	77.10700	76.51756	76.66312
6/30/2025	5:01:13 PM	77.07118	77.08078	77.02542	77.07215	77.10019	77.02687	77.07931	77.07136	77.07490	77.06841	77.22372	77.10667	76.51716	76.66325
6/30/2025	5:01:16 PM	77.07161	77.08129	77.02537	77.07204	77.10022	77.02699	77.07927	77.07111	77.07420	77.06838	77.22326	77.10600	76.51742	76.66330
6/30/2025	5:01:20 PM	77.07114	77.08080	77.02572	77.07217	77.10038	77.02674	77.07921	77.07095	77.07432	77.06843	77.22305	77.10625	76.51707	76.66267
6/30/2025	5:01:23 PM	77.07103	77.08075	77.02536	77.07210	77.09998	77.02674	77.07905	77.07051	77.07433	77.06810	77.22308	77.10672	76.51728	76.66289
6/30/2025	5:01:27 PM	77.07157	77.08093	77.02598	77.07216	77.10003	77.02693	77.07876	77.07070	77.07434	77.06824	77.22285	77.10656	76.51755	76.66329
6/30/2025	5:01:31 PM	77.07173	77.08104	77.02560	77.07152	77.09973	77.02670	77.07869	77.07071	77.07406	77.06833	77.22278	77.10617	76.51698	76.66273
6/30/2025	5:01:34 PM	77.07124	77.08062	77.02504	77.07231	77.09994	77.02643	77.07887	77.07041	77.07426	77.06870	77.22310	77.10621	76.51725	76.66307
6/30/2025	5:01:38 PM	77.07111	77.08122	77.02527	77.07145	77.09980	77.02666	77.07883	77.07035	77.07421	77.06837	77.22328	77.10623	76.51711	76.66268
6/30/2025	5:01:42 PM	77.07141	77.08086	77.02561	77.07203	77.09971	77.02707	77.07892	77.07067	77.07447	77.06831	77.22315	77.10617	76.51664	76.66301
6/30/2025	5:01:45 PM	77.07098	77.08058	77.02520	77.07183	77.09977	77.02686	77.07867	77.07050	77.07428	77.06801	77.22324	77.10666	76.51718	76.66307
6/30/2025	5:01:49 PM	77.07135	77.08135	77.02518	77.07166	77.09968	77.02707	77.07901	77.07074	77.07389	77.06812	77.22326	77.10630	76.51755	76.66313
6/30/2025	5:01:52 PM	77.07112	77.08089	77.02534	77.07173	77.09957	77.02737	77.07914	77.07054	77.07410	77.06794	77.22290	77.10637	76.51726	76.66300
6/30/2025	5:01:56 PM	77.07129	77.08095	77.02523	77.07197	77.10013	77.02705	77.07892	77.07051	77.07423	77.06837	77.22326	77.10666	76.51710	76.66291
6/30/2025	5:02:00 PM	77.07110	77.08096	77.02587	77.07213	77.10046	77.02736	77.07909	77.07079	77.07473	77.06817	77.22293	77.10641	76.51714	76.66318
6/30/2025	5:02:03 PM	77.07149	77.08117	77.02530	77.07193	77.10018	77.02694	77.07894	77.07088	77.07459	77.06831	77.22262	77.10616	76.51751	76.66305
6/30/2025	5:02:07 PM	77.07167	77.08139	77.02566	77.07207	77.10000	77.02720	77.07889	77.07041	77.07414	77.06832	77.22323	77.10625	76.51673	76.66245
6/30/2025	5:02:10 PM	77.07121	77.08079	77.02575	77.07199	77.09967	77.02703	77.07871	77.07018	77.07412	77.06810	77.22246	77.10595	76.51685	76.66240
6/30/2025	5:02:14 PM	77.07097	77.08104	77.02534	77.07176	77.10023	77.02688	77.07918	77.07066	77.07440	77.06845	77.22324	77.10639	76.51730	76.66325
6/30/2025	5:02:18 PM	77.07176	77.08130	77.02557	77.07185	77.10060	77.02711	77.07885	77.07064	77.07439	77.06826	77.22278	77.10640	76.51711	76.66283
6/30/2025	5:02:21 PM	77.07092	77.08061	77.02490	77.07146	77.09989	77.02688	77.07873	77.07043	77.07419	77.06818	77.22278	77.10635	76.51669	76.66287
6/30/2025	5:02:25 PM	77.07154	77.08132	77.02525	77.07187	77.10010	77.02693	77.07925	77.07051	77.07415	77.06855	77.22289	77.10609	76.51720	76.66310
6/30/2025	5:02:29 PM	77.07074	77.08097	77.02510	77.07151	77.09984	77.02648	77.07883	77.07038	77.07409	77.06833	77.22268	77.10654	76.51689	76.66258
6/30/2025	5:02:32 PM	77.07129	77.08077	77.02479	77.07154	77.09985	77.02658	77.07885	77.07037	77.07386	77.06825	77.22321	77.10634	76.51705	76.66276
6/30/2025	5:02:36 PM	77.07080	77.08116	77.02501	77.07164	77.09983	77.02646	77.07856	77.07026	77.07418	77.06828	77.22261	77.10627	76.51733	76.66278
6/30/2025	5:02:39 PM	77.07125	77.08149	77.02540	77.07156	77.09958	77.02670	77.07894	77.07049	77.07424	77.06828	77.22314	77.10610	76.51687	76.66267
6/30/2025	5:02:43 PM	77.07113	77.08067	77.02518	77.07159	77.10014	77.02655	77.07881	77.07065	77.07426	77.06811	77.22297	77.10661	76.51690	76.66279
6/30/2025	5:02:47 PM	77.07187	77.08119	77.02544	77.07202	77.10040	77.02674	77.07917	77.07054	77.07414	77.06825	77.22312	77.10662	76.51744	76.66307
6/30/2025	5:02:50 PM	77.07156	77.08088	77.02559	77.07161	77.10025	77.02648	77.07893	77.07041	77.07453	77.06852	77.22327	77.10679	76.51727	76.66307
6/30/2025	5:02:54 PM	77.07149	77.08123	77.02552	77.07189	77.09995	77.02652	77.07900	77.07048	77.07438	77.06850	77.22248	77.10632	76.51709	76.66294
6/30/2025	5:02:58 PM	77.07115	77.08091	77.02552	77.07172	77.09956	77.02621	77.07903	77.07064	77.07429	77.06826	77.22304	77.10654	76.51728	76.66305
6/30/2025	5:03:01 PM	77.07171	77.08121	77.02609	77.07207	77.10010	77.02720	77.07949	77.07100	77.07454	77.06865	77.22310	77.10685	76.51735	76.66334
6/30/2025	5:03:05 PM	77.07168	77.08173	77.02686	77.07306	77.10079	77.02753	77.07950	77.07124	77.07487	77.06874	77.22369	77.10716	76.51737	76.66367
6/30/2025	5:03:09 PM	77.07167	77.08193	77.02622	77.07236	77.10089	77.02751	77.07956	77.07117	77.07508	77.06859	77.22329	77.10686	76.51767	76.66326
6/30/2025	5:03:12 PM	77.07173	77.08181	77.02562	77.07252	77.10039	77.02726	77.07914	77.07096	77.07480	77.06885	77.22371	77.10725	76.51806	76.66357
6/30/2025	5:03:16 PM	77.07166	77.08161	77.02579	77.07294	77.10079	77.02760	77.07880	77.07095	77.07457	77.06893	77.22327	77.10689	76.51714	76.66325
6/30/2025	5:03:19 PM	77.07149	77.08112	77.02556	77.07221	77.10037	77.02677	77.07889	77.07055	77.07432	77.06827	77.22302	77.10663	76.51724	76.66319
6/30/2025	5:03:23 PM	77.07144	77.08103	77.02579	77.07191	77.10024	77.02671	77.07884	77.07066	77.07446	77.06824	77.22297	77.10652	76.51713	76.66281
6/30/2025	5:03:27 PM	77.07130	77.08125	77.02589	77.07196	77.10033	77.02671	77.07883	77.07021	77.07438	77.06830	77.22274	77.10657	76.51756	76.66292
6/30/2025	5:03:30 PM	77.07169	77.08112	77.02561	77.07234	77.10051	77.02709	77.07944	77.07085	77.07468	77.06836	77.22365	77.10668	76.51745	76.66295
6/30/2025	5:03:34 PM	77.07130	77.08146	77.02564	77.07230	77.10038	77.02706	77.07903	77.07086	77.07460	77.06849	77.22336	77.10700	76.51745	76.66274
6/30/2025	5:03:37 PM	77.07143	77.08149	77.02541	77.07235	77.10072	77.02691	77.07893	77.07072	77.07420	77.06850	77.22346	77.10654	76.51697	76.66321
6/30/2025	5:03:41 PM	77.07194	77.08103	77.02535	77.07219	77.10048	77.02648	77.07888	77.07057	77.07434	77.06873	77.22311	77.10722	76.51711	76.66370
6/30/2025	5:03:45 PM	77.07204	77.08121	77.02568	77.07199	77.10016	77.02663	77.07915	77.07090	77.07379	77.06834	77.22334	77.10656	76.51715	76.66316
6/30/2025	5:03:48 PM	77.07178	77.08128	77.02596	77.07244	77.10038	77.02661	77.07940	77.07069	77.07485	77.06909	77.22350	77.10673	76.51784	76.66386
6/30/2025	5:03:52 PM	77.07199	77.08242	77.02604	77.07286	77.10089	77.02728	77.07932	77.07149	77.07540	77.06944	77.22365	77.10717	76.51764	76.66352
6/30/2025	5:03:55 PM	77.07221	77.08198	77.02620	77.07286	77.10105	77.02693	77.07945	77.07121	77.07502	77.06891	77.22355	77.10707	76.51777	76.66400
6/30/2025	5:03:59 PM	77.07221	77.08208	77.02626	77.07278	77.10106	77.02730	77.07949	77.07155	77.07510	77.06918	77.22380	77.10730	76.51822	76.66381
6/30/2025	5:04:03 PM	77.07194	77.08152	77.02592	77.07277	77.10064	77.02702	77.07926	77.07096	77.07477	77.06903	77.22379	77.10711	76.51750	76.66370
6/30/2025	5:04:06 PM	77.07213	77.08163	77.02605	77.07236	77.10066	77.02664	77.07912	77.07111	77.07451	77.06859	77.22341	77.10670	76.51745	76.66330
6/30/2025	5:04:10 PM	77.07166	77.08119	77.02596	77.07236	77.10049	77.02711	77.07923	77.07097	77.07465	77.06878	77.22345	77.10656	76.51713	76.66316
6/30/2025	5:04:13 PM	77.07188	77.08124	77.02599	77.07268	77.10097	77.02695	77.07891	77.07089	77.07463	77.06876	77.22298	77.10651	76.51701	76.66325
6/30/2025	5:04:17 PM	77.07184	77.08196	77.02625	77.07274	77.10064	77.02735	77.07925	77.07102	77.07472	77.06838	77.22297	77.10663	76.51763	76.66330
6/30/2025	5:04:21 PM	77.07189	77.08182	77.02635	77.07277	77.10077	77.02751	77.07981	77.07116	77.07482	77.06880	77.22327	77.10720	76.51763	76.66357
6/30/2025	5:04:24 PM	77.07164	77.08155	77.02611	77.07270	77.10110	77.02775	77.07911	77.07097	77.07510	77.06908	77.22378	77.10695	76.51785	76.66366
6/30/2025	5:04:28 PM	77.07212	77.08179	77.02611	77.07264	77.10110	77.02723	77.07932	77.07119	77.07486	77.06890	77.22344	77.10668	76.51739	76.66346
6/30/2025	5:04:31 PM	77.07174	77.08137	77.02555	77.07248	77.10057	77.02710	77.07945	77.07107	77.07419	77.06856	77.22342	77.10713	76.51758	76.66352
6/30/2025	5:04:35 PM	77.07186	77.08144	77.02570	77.07234	77.10046	77.02705	77.07915	77.07062	77.07432	77.06838	77.22336	77.10667	76.51735	76.66317
6/30/2025	5:04:39 PM	77.07169	77.08106	77.02577	77.07248	77.10043	77.02688	77.07936	77.07090	77.07434	77.06880	77.22313	77.10647	76.51718	76.66324
6/30/2025	5:04:42 PM	77.07163	77.08119	77.02596	77.07253	77.10040	77.02701	77.07898	77.07059	77.07422	77.06854	77.22295	77.10634	76.51708	76.66296
6/30/2025	5:04:46 PM	77.07159	77.08129	77.02527	77.07219	77.10073	77.02709	77.07881	77.07101	77.07429	77.06829	77.22302	77.10697	76.51700	76.66319
6/30/2025	5:04:50 PM	77.07142	77.08123	77.02563	77.07244	77.10034	77.02733	77.07952	77.07080	77.07447	77.06856	77.22300	77.10686	76.51722	76.66305
6/30/2025	5:04:53 PM	77.07178	77.08134	77.02573	77.07246	77.10058	77.02773	77.07935	77.07082	77.07493	77.06879	77.22342	77.10703	76.51767	76.66375
6/30/2025	5:04:57 PM	77.07195	77.08146	77.02577	77.07269	77.10085	77.02769	77.07947	77.07146	77.07490	77.06857	77.22369	77.10724	76.51765	76.66362
6/30/2025	5:05:00 PM	77.07180	77.08168	77.02644	77.07289	77.10113	77.02762	77.07949	77.07114	77.07483	77.06931	77.22383	77.10734	76.51794	76.66383
6/30/2025	5:05:04 PM	77.07228	77.08212	77.02611	77.07295	77.10161	77.02807	77.07936	77.07160	77.07505	77.06950	77.22348	77.10736	76.51819	76.66380
6/30/2025	5:05:08 PM	77.07274	77.08248	77.02635	77.07359	77.10164	77.02817	77.08003	77.07184	77.07528	77.06957	77.22425	77.10793	76.51828	76.66373
6/30/2025	5:05:11 PM	77.07241	77.08197	77.02659	77.07323	77.10145	77.02813	77.07956	77.07197	77.07564	77.06974	77.22416	77.10778	76.51784	76.66432
6/30/2025	5:05:15 PM	77.07228	77.08238	77.02694	77.07324	77.10154	77.02809	77.07987	77.07188	77.07532	77.06950	77.22331	77.10744	76.51782	76.66396
6/30/2025	5:05:19 PM	77.07252	77.08219	77.02619	77.07330	77.10155	77.02771	77.07989	77.07171	77.07478	77.06906	77.22338	77.10709	76.51765	76.66373
6/30/2025	5:05:22 PM	77.07208	77.08149	77.02639	77.07310	77.10121	77.02723	77.07990	77.07124	77.07519	77.06889	77.22386	77.10749	76.51796	76.66374
6/30/2025	5:05:26 PM	77.07206	77.08186	77.02652	77.07307	77.10092	77.02704	77.07947	77.07101	77.07458	77.06878	77.22381	77.10706	76.51726	76.66357
6/30/2025	5:05:29 PM	77.07196	77.08169	77.02620	77.07284	77.10121	77.02705	77.07941	77.07172	77.07542	77.06943	77.22402	77.10770	76.51814	76.66403
6/30/2025	5:05:33 PM	77.07225	77.08239	77.02585	77.07293	77.10116	77.02637	77.07934	77.07089	77.07508	77.06898	77.22387	77.10749	76.51825	76.66395
6/30/2025	5:05:37 PM	77.07217	77.08214	77.02651	77.07311	77.10113	77.02663	77.07962	77.07091	77.07496	77.06910	77.22369	77.10728	76.51806	76.66369
6/30/2025	5:05:40 PM	77.07261	77.08239	77.02659	77.07323	77.10116	77.02707	77.07929	77.07155	77.07471	77.06929	77.22378	77.10753	76.51761	76.66392
6/30/2025	5:05:44 PM	77.07237	77.08201	77.02616	77.07285	77.10118	77.02718	77.07946	77.07134	77.07543	77.06897	77.22388	77.10727	76.51826	76.66367
6/30/2025	5:05:47 PM	77.07193	77.08232	77.02626	77.07337	77.10120	77.02695	77.07958	77.07168	77.07503	77.06898	77.22378	77.10752	76.51785	76.66413
6/30/2025	5:05:51 PM	77.07197	77.08225	77.02652	77.07297	77.10092	77.02730	77.07918	77.07123	77.07513	77.06943	77.22400	77.10745	76.51809	76.66430
6/30/2025	5:05:55 PM	77.07224	77.08198	77.02645	77.07317	77.10098	77.02718	77.07925	77.07160	77.07495	77.06896	77.22413	77.10738	76.51766	76.66422
6/30/2025	5:05:58 PM	77.07239	77.08231	77.02649	77.07370	77.10163	77.02742	77.07964	77.07173	77.07492	77.06910	77.22401	77.10796	76.51828	76.66462
6/30/2025	5:06:02 PM	77.07251	77.08211	77.02660	77.07346	77.10153	77.02745	77.07962	77.07175	77.07543	77.06958	77.22399	77.10781	76.51823	76.66431
6/30/2025	5:06:05 PM	77.07224	77.08233	77.02668	77.07359	77.10191	77.02746	77.07997	77.07201	77.07505	77.06929	77.22433	77.10815	76.51850	76.66432
6/30/2025	5:06:09 PM	77.07282	77.08238	77.02693	77.07361	77.10141	77.02708	77.07950	77.07185	77.07564	77.06956	77.22428	77.10765	76.51853	76.66460
6/30/2025	5:06:13 PM	77.07264	77.08251	77.02711	77.07347	77.10163	77.02769	77.07997	77.07238	77.07587	77.07023	77.22458	77.10796	76.51843	76.66444
6/30/2025	5:06:16 PM	77.07285	77.08253	77.02692	77.07355	77.10214	77.02769	77.07975	77.07153	77.07550	77.06958	77.22450	77.10787	76.51841	76.66440
6/30/2025	5:06:20 PM	77.07270	77.08323	77.02721	77.07370	77.10178	77.02817	77.07985	77.07215	77.07562	77.06998	77.22441	77.10819	76.51855	76.66413
6/30/2025	5:06:23 PM	77.07283	77.08248	77.02698	77.07349	77.10161	77.02776	77.08006	77.07175	77.07564	77.06949	77.22449	77.10796	76.51845	76.66465
6/30/2025	5:06:27 PM	77.07318	77.08329	77.02719	77.07403	77.10204	77.02798	77.08017	77.07252	77.07593	77.06997	77.22503	77.10844	76.51878	76.66483
6/30/2025	5:06:31 PM	77.07313	77.08324	77.02719	77.07374	77.10169	77.02794	77.08009	77.07180	77.07552	77.06973	77.22420	77.10828	76.51874	76.66460
6/30/2025	5:06:34 PM	77.07308	77.08276	77.02713	77.07397	77.10201	77.02827	77.07989	77.07223	77.07566	77.06960	77.22471	77.10828	76.51896	76.66433
6/30/2025	5:06:38 PM	77.07285	77.08277	77.02742	77.07374	77.10208	77.02808	77.07973	77.07181	77.07560	77.06964	77.22447	77.10781	76.51878	76.66445
6/30/2025	5:06:42 PM	77.07295	77.08277	77.02692	77.07360	77.10182	77.02808	77.08026	77.07213	77.07531	77.06938	77.22440	77.10801	76.51892	76.66463
6/30/2025	5:06:45 PM	77.07270	77.08269	77.02686	77.07397	77.10199	77.02849	77.08027	77.07225	77.07571	77.06989	77.22473	77.10803	76.51837	76.66407
6/30/2025	5:06:49 PM	77.07288	77.08288	77.02707	77.07417	77.10211	77.02859	77.08045	77.07209	77.07588	77.06977	77.22471	77.10829	76.51825	76.66425
6/30/2025	5:06:53 PM	77.07280	77.08285	77.02731	77.07393	77.10221	77.02867	77.08084	77.07241	77.07604	77.07004	77.22485	77.10833	76.51877	76.66462
6/30/2025	5:06:56 PM	77.07295	77.08291	77.02728	77.07400	77.10198	77.02866	77.08058	77.07204	77.07578	77.06986	77.22473	77.10799	76.51870	76.66458
6/30/2025	5:07:00 PM	77.07311	77.08270	77.02707	77.07401	77.10164	77.02840	77.08050	77.07184	77.07565	77.07000	77.22430	77.10792	76.51874	76.66467
6/30/2025	5:07:03 PM	77.07323	77.08282	77.02725	77.07420	77.10169	77.02837	77.08042	77.07231	77.07559	77.06970	77.22464	77.10833	76.51853	76.66457
6/30/2025	5:07:07 PM	77.07298	77.08285	77.02738	77.07400	77.10196	77.02900	77.08075	77.07223	77.07604	77.07002	77.22517	77.10835	76.51906	76.66442
6/30/2025	5:07:11 PM	77.07320	77.08293	77.02730	77.07428	77.10174	77.02859	77.08036	77.07161	77.07560	77.06994	77.22468	77.10850	76.51913	76.66530
6/30/2025	5:07:14 PM	77.07293	77.08321	77.02758	77.07438	77.10226	77.02904	77.08090	77.07212	77.07586	77.07018	77.22493	77.10878	76.51868	76.66478
6/30/2025	5:07:18 PM	77.07314	77.08310	77.02735	77.07417	77.10219	77.02894	77.08011	77.07231	77.07610	77.07043	77.22533	77.10874	76.51911	76.66508
6/30/2025	5:07:22 PM	77.07379	77.08348	77.02785	77.07417	77.10247	77.02881	77.08014	77.07231	77.07643	77.07025	77.22494	77.10860	76.51905	76.66444
6/30/2025	5:07:25 PM	77.07318	77.08302	77.02740	77.07436	77.10235	77.02809	77.08019	77.07231	77.07611	77.07018	77.22497	77.10900	76.51950	76.66506
6/30/2025	5:07:29 PM	77.07346	77.08303	77.02763	77.07420	77.10241	77.02855	77.08074	77.07247	77.07625	77.07016	77.22473	77.10842	76.51923	76.66510
6/30/2025	5:07:32 PM	77.07355	77.08325	77.02756	77.07450	77.10267	77.02836	77.08084	77.07290	77.07640	77.07037	77.22512	77.10866	76.51881	76.66524
6/30/2025	5:07:36 PM	77.07372	77.08334	77.02798	77.07449	77.10271	77.02856	77.08056	77.07251	77.07603	77.07073	77.22530	77.10872	76.51970	76.66477
6/30/2025	5:07:40 PM	77.07356	77.08339	77.02797	77.07500	77.10274	77.02872	77.08109	77.07290	77.07675	77.07110	77.22532	77.10885	76.51984	76.66556
6/30/2025	5:07:43 PM	77.07414	77.08407	77.02804	77.07477	77.10263	77.02830	77.08058	77.07246	77.07653	77.07071	77.22572	77.10930	76.51959	76.66543
6/30/2025	5:07:47 PM	77.07388	77.08384	77.02864	77.07505	77.10272	77.02870	77.08112	77.07286	77.07647	77.07062	77.22547	77.10890	76.51939	76.66501
6/30/2025	5:07:50 PM	77.07382	77.08369	77.02787	77.07524	77.10270	77.02901	77.08112	77.07310	77.07621	77.07079	77.22552	77.10939	76.51910	76.66525
6/30/2025	5:07:54 PM	77.07377	77.08366	77.02790	77.07485	77.10258	77.02885	77.08082	77.07274	77.07674	77.07061	77.22525	77.10888	76.51953	76.66528
6/30/2025	5:07:57 PM	77.07376	77.08350	77.02787	77.07490	77.10241	77.02826	77.08058	77.07267	77.07633	77.07052	77.22529	77.10927	76.51902	76.66509
6/30/2025	5:08:01 PM	77.07381	77.08367	77.02778	77.07478	77.10278	77.02842	77.08082	77.07286	77.07642	77.07132	77.22609	77.10929	76.51921	76.66521
6/30/2025	5:08:05 PM	77.07389	77.08378	77.02805	77.07453	77.10260	77.02871	77.08103	77.07268	77.07628	77.07049	77.22552	77.10922	76.51937	76.66494
6/30/2025	5:08:08 PM	77.07398	77.08391	77.02822	77.07545	77.10285	77.02872	77.08103	77.07238	77.07647	77.07066	77.22576	77.10934	76.51935	76.66515
6/30/2025	5:08:12 PM	77.07346	77.08363	77.02818	77.07478	77.10269	77.02876	77.08105	77.07305	77.07630	77.07057	77.22563	77.10896	76.51965	76.66549
6/30/2025	5:08:16 PM	77.07420	77.08388	77.02829	77.07493	77.10283	77.02867	77.08071	77.07222	77.07641	77.07083	77.22572	77.10954	76.51992	76.66586
6/30/2025	5:08:19 PM	77.07395	77.08361	77.02808	77.07493	77.10291	77.02824	77.08088	77.07205	77.07617	77.07057	77.22568	77.10900	76.51961	76.66547
6/30/2025	5:08:23 PM	77.07399	77.08363	77.02828	77.07488	77.10267	77.02809	77.08059	77.07218	77.07619	77.07093	77.22546	77.10923	76.51996	76.66507
6/30/2025	5:08:27 PM	77.07395	77.08352	77.02798	77.07502	77.10274	77.02798	77.08038	77.07238	77.07621	77.07084	77.22556	77.10933	76.51952	76.66534
6/30/2025	5:08:30 PM	77.07397	77.08416	77.02858	77.07527	77.10300	77.02776	77.08101	77.07236	77.07646	77.07084	77.22543	77.10921	76.51983	76.66550
6/30/2025	5:08:34 PM	77.07420	77.08380	77.02827	77.07508	77.10286	77.02799	77.08130	77.07264	77.07683	77.07142	77.22529	77.10922	76.51940	76.66538
6/30/2025	5:08:37 PM	77.07384	77.08388	77.02809	77.07501	77.10313	77.02871	77.08107	77.07246	77.07677	77.07083	77.22549	77.10925	76.51968	76.66571
6/30/2025	5:08:41 PM	77.07389	77.08365	77.02826	77.07522	77.10277	77.02836	77.08115	77.07258	77.07656	77.07111	77.22571	77.10906	76.51956	76.66550
6/30/2025	5:08:45 PM	77.07387	77.08401	77.02833	77.07504	77.10308	77.02887	77.08160	77.07291	77.07646	77.07081	77.22572	77.10966	76.51988	76.66553
6/30/2025	5:08:48 PM	77.07424	77.08400	77.02822	77.07492	77.10304	77.02899	77.08146	77.07238	77.07630	77.07070	77.22541	77.10907	76.51989	76.66550
6/30/2025	5:08:52 PM	77.07395	77.08413	77.02828	77.07547	77.10300	77.02882	77.08125	77.07302	77.07669	77.07117	77.22605	77.10950	76.52003	76.66597
6/30/2025	5:08:55 PM	77.07456	77.08466	77.02889	77.07576	77.10367	77.02885	77.08149	77.07303	77.07688	77.07132	77.22564	77.10951	76.52017	76.66562
6/30/2025	5:08:59 PM	77.07439	77.08427	77.02864	77.07550	77.10346	77.02836	77.08128	77.07346	77.07673	77.07143	77.22621	77.11006	76.52042	76.66609
6/30/2025	5:09:03 PM	77.07455	77.08503	77.02906	77.07583	77.10331	77.02840	77.08133	77.07295	77.07695	77.07123	77.22641	77.11023	76.52005	76.66580
6/30/2025	5:09:06 PM	77.07455	77.08453	77.02887	77.07581	77.10376	77.02888	77.08128	77.07302	77.07737	77.07171	77.22581	77.10994	76.52017	76.66573
6/30/2025	5:09:10 PM	77.07472	77.08449	77.02912	77.07599	77.10400	77.02836	77.08132	77.07283	77.07672	77.07166	77.22642	77.11004	76.52009	76.66640
6/30/2025	5:09:14 PM	77.07450	77.08499	77.02868	77.07557	77.10339	77.02787	77.08129	77.07315	77.07681	77.07111	77.22588	77.10976	76.52011	76.66601
6/30/2025	5:09:17 PM	77.07513	77.08498	77.02921	77.07632	77.10325	77.02839	77.08186	77.07348	77.07710	77.07149	77.22652	77.11024	76.52047	76.66665
6/30/2025	5:09:21 PM	77.07540	77.08532	77.02980	77.07646	77.10381	77.02817	77.08163	77.07337	77.07741	77.07176	77.22619	77.11030	76.52058	76.66621
6/30/2025	5:09:24 PM	77.07436	77.08426	77.02903	77.07613	77.10342	77.02823	77.08128	77.07330	77.07727	77.07127	77.22615	77.10994	76.52019	76.66601
6/30/2025	5:09:28 PM	77.07468	77.08451	77.02910	77.07623	77.10354	77.02787	77.08097	77.07261	77.07658	77.07129	77.22601	77.10979	76.52025	76.66559
6/30/2025	5:09:32 PM	77.07501	77.08461	77.02895	77.07599	77.10333	77.02755	77.08035	77.07251	77.07713	77.07175	77.22624	77.10996	76.52052	76.66643
6/30/2025	5:09:35 PM	77.07471	77.08467	77.02891	77.07587	77.10357	77.02849	77.08079	77.07256	77.07655	77.07137	77.22608	77.11013	76.52009	76.66579
6/30/2025	5:09:39 PM	77.07446	77.08463	77.02888	77.07582	77.10294	77.02805	77.08102	77.07244	77.07657	77.07129	77.22579	77.10978	76.52028	76.66587
6/30/2025	5:09:42 PM	77.07527	77.08497	77.02908	77.07608	77.10341	77.02866	77.08105	77.07273	77.07708	77.07157	77.22660	77.11027	76.52034	76.66601
6/30/2025	5:09:46 PM	77.07468	77.08458	77.02880	77.07576	77.10272	77.02811	77.08085	77.07247	77.07672	77.07103	77.22569	77.10957	76.51973	76.66588
6/30/2025	5:09:50 PM	77.07441	77.08433	77.02885	77.07522	77.10282	77.02852	77.08095	77.07251	77.07660	77.07086	77.22575	77.11018	76.52026	76.66589
6/30/2025	5:09:53 PM	77.07428	77.08431	77.02859	77.07536	77.10324	77.02847	77.08053	77.07257	77.07684	77.07125	77.22666	77.10989	76.52019	76.66559
6/30/2025	5:09:57 PM	77.07480	77.08465	77.02886	77.07583	77.10316	77.02819	77.08072	77.07253	77.07694	77.07128	77.22639	77.10995	76.52020	76.66614
6/30/2025	5:10:00 PM	77.07471	77.08467	77.02866	77.07552	77.10334	77.02795	77.08117	77.07280	77.07667	77.07145	77.22618	77.10983	76.52021	76.66595
6/30/2025	5:10:04 PM	77.07470	77.08449	77.02875	77.07563	77.10342	77.02783	77.08082	77.07227	77.07676	77.07130	77.22604	77.10993	76.52034	76.66589
6/30/2025	5:10:08 PM	77.07516	77.08495	77.02874	77.07577	77.10299	77.02721	77.08073	77.07240	77.07684	77.07147	77.22633	77.11004	76.52053	76.66591
6/30/2025	5:10:11 PM	77.07492	77.08479	77.02886	77.07579	77.10267	77.02718	77.07982	77.07260	77.07647	77.07118	77.22594	77.10971	76.52023	76.66560
6/30/2025	5:10:15 PM	77.07488	77.08455	77.02899	77.07606	77.10311	77.02785	77.08116	77.07286	77.07662	77.07145	77.22563	77.11018	76.51973	76.66628
6/30/2025	5:10:18 PM	77.07483	77.08461	77.02936	77.07544	77.10284	77.02764	77.08072	77.07272	77.07639	77.07148	77.22601	77.10980	76.51975	76.66574
6/30/2025	5:10:22 PM	77.07512	77.08462	77.02928	77.07583	77.10259	77.02815	77.08125	77.07247	77.07656	77.07118	77.22649	77.11035	76.52017	76.66588
6/30/2025	5:10:26 PM	77.07527	77.08441	77.02918	77.07609	77.10256	77.02888	77.08094	77.07306	77.07664	77.07157	77.22629	77.10996	76.52016	76.66573
6/30/2025	5:10:29 PM	77.07506	77.08501	77.02908	77.07599	77.10294	77.02940	77.08140	77.07302	77.07695	77.07197	77.22621	77.11031	76.52045	76.66606
6/30/2025	5:10:33 PM	77.07527	77.08527	77.02922	77.07626	77.10302	77.02913	77.08172	77.07283	77.07660	77.07159	77.22686	77.11036	76.52084	76.66621
6/30/2025	5:10:36 PM	77.07521	77.08495	77.02940	77.07619	77.10317	77.02945	77.08175	77.07256	77.07695	77.07127	77.22637	77.11000	76.52053	76.66603
6/30/2025	5:10:40 PM	77.07507	77.08465	77.02878	77.07599	77.10303	77.02897	77.08115	77.07251	77.07699	77.07137	77.22589	77.11002	76.52019	76.66624
6/30/2025	5:10:44 PM	77.07499	77.08497	77.02934	77.07588	77.10303	77.02946	77.08122	77.07273	77.07681	77.07154	77.22626	77.11011	76.52034	76.66609
6/30/2025	5:10:47 PM	77.07513	77.08443	77.02901	77.07612	77.10281	77.02903	77.08137	77.07292	77.07689	77.07152	77.22628	77.10989	76.52057	76.66637
6/30/2025	5:10:51 PM	77.07572	77.08538	77.02961	77.07644	77.10321	77.02860	77.08108	77.07282	77.07649	77.07176	77.22676	77.11054	76.52047	76.66607
6/30/2025	5:10:55 PM	77.07546	77.08484	77.02930	77.07610	77.10352	77.02827	77.08138	77.07273	77.07699	77.07206	77.22662	77.11041	76.52033	76.66617
6/30/2025	5:10:58 PM	77.07537	77.08509	77.02934	77.07571	77.10245	77.02784	77.08054	77.07240	77.07624	77.07147	77.22598	77.11005	76.51967	76.66570
6/30/2025	5:11:02 PM	77.07485	77.08433	77.02865	77.07599	77.10291	77.02753	77.08091	77.07201	77.07683	77.07129	77.22637	77.11000	76.52022	76.66590
6/30/2025	5:11:05 PM	77.07491	77.08479	77.02868	77.07593	77.10264	77.02788	77.08100	77.07229	77.07682	77.07132	77.22662	77.11020	76.52043	76.66605
6/30/2025	5:11:09 PM	77.07533	77.08521	77.02955	77.07637	77.10324	77.02795	77.08113	77.07289	77.07703	77.07196	77.22670	77.11037	76.52043	76.66622
6/30/2025	5:11:13 PM	77.07542	77.08507	77.02940	77.07666	77.10332	77.02814	77.08097	77.07257	77.07684	77.07183	77.22669	77.11065	76.52051	76.66666
6/30/2025	5:11:16 PM	77.07559	77.08577	77.02977	77.07626	77.10353	77.02842	77.08155	77.07277	77.07733	77.07190	77.22668	77.11060	76.52080	76.66635
6/30/2025	5:11:20 PM	77.07570	77.08533	77.02966	77.07660	77.10344	77.02899	77.08197	77.07336	77.07752	77.07208	77.22696	77.11040	76.52071	76.66682
6/30/2025	5:11:23 PM	77.07595	77.08571	77.02946	77.07641	77.10334	77.02930	77.08175	77.07296	77.07718	77.07147	77.22653	77.11040	76.52054	76.66629
6/30/2025	5:11:27 PM	77.07589	77.08528	77.02984	77.07646	77.10341	77.02882	77.08139	77.07328	77.07685	77.07178	77.22662	77.11045	76.52042	76.66644
6/30/2025	5:11:31 PM	77.07555	77.08559	77.02922	77.07644	77.10317	77.02868	77.08108	77.07224	77.07640	77.07145	77.22640	77.11047	76.52030	76.66579
6/30/2025	5:11:34 PM	77.07530	77.08486	77.02917	77.07580	77.10295	77.02818	77.08059	77.07261	77.07681	77.07169	77.22650	77.11027	76.52038	76.66626
6/30/2025	5:11:38 PM	77.07503	77.08502	77.02948	77.07600	77.10280	77.02757	77.08074	77.07285	77.07647	77.07137	77.22667	77.11059	76.52054	76.66630
6/30/2025	5:11:41 PM	77.07542	77.08531	77.02968	77.07604	77.10222	77.02711	77.08045	77.07274	77.07658	77.07191	77.22659	77.11078	76.52049	76.66643
6/30/2025	5:11:45 PM	77.07560	77.08535	77.02942	77.07614	77.10314	77.02751	77.08046	77.07247	77.07686	77.07143	77.22644	77.11032	76.52078	76.66678
6/30/2025	5:11:49 PM	77.07563	77.08527	77.02909	77.07666	77.10281	77.02801	77.08091	77.07271	77.07671	77.07184	77.22677	77.11049	76.52059	76.66686
6/30/2025	5:11:52 PM	77.07588	77.08515	77.02988	77.07634	77.10261	77.02756	77.08126	77.07279	77.07684	77.07181	77.22704	77.11071	76.52038	76.66606
6/30/2025	5:11:56 PM	77.07552	77.08575	77.02971	77.07655	77.10259	77.02721	77.08075	77.07268	77.07646	77.07162	77.22627	77.11058	76.52022	76.66609
6/30/2025	5:11:59 PM	77.07580	77.08533	77.02888	77.07622	77.10246	77.02709	77.08063	77.07196	77.07632	77.07166	77.22621	77.11035	76.51995	76.66580
6/30/2025	5:12:03 PM	77.07544	77.08525	77.02897	77.07604	77.10248	77.02758	77.08091	77.07288	77.07688	77.07203	77.22676	77.11073	76.52055	76.66632
6/30/2025	5:12:07 PM	77.07572	77.08561	77.02994	77.07642	77.10337	77.02836	77.08129	77.07297	77.07678	77.07186	77.22682	77.11046	76.52070	76.66631
6/30/2025	5:12:10 PM	77.07569	77.08555	77.02965	77.07610	77.10287	77.02799	77.08104	77.07279	77.07675	77.07141	77.22684	77.11102	76.52054	76.66656
6/30/2025	5:12:14 PM	77.07593	77.08567	77.02976	77.07659	77.10295	77.02890	77.08129	77.07279	77.07673	77.07190	77.22671	77.11076	76.52018	76.66639
6/30/2025	5:12:18 PM	77.07564	77.08528	77.02943	77.07602	77.10279	77.02847	77.08080	77.07223	77.07657	77.07215	77.22662	77.11044	76.52056	76.66609
6/30/2025	5:12:21 PM	77.07561	77.08571	77.02972	77.07609	77.10304	77.02867	77.08095	77.07284	77.07682	77.07110	77.22632	77.11017	76.52028	76.66579
6/30/2025	5:12:25 PM	77.07535	77.08537	77.02921	77.07611	77.10248	77.02833	77.08080	77.07213	77.07645	77.07140	77.22591	77.11046	76.52043	76.66624
6/30/2025	5:12:28 PM	77.07531	77.08522	77.02909	77.07596	77.10306	77.02848	77.08099	77.07162	77.07610	77.07118	77.22612	77.11007	76.52023	76.66593
6/30/2025	5:12:32 PM	77.07507	77.08534	77.02945	77.07577	77.10268	77.02846	77.08101	77.07191	77.07586	77.07101	77.22589	77.10993	76.52005	76.66565
6/30/2025	5:12:36 PM	77.07496	77.08501	77.02900	77.07575	77.10216	77.02829	77.08075	77.07182	77.07588	77.07086	77.22591	77.11007	76.51957	76.66549
6/30/2025	5:12:39 PM	77.07532	77.08472	77.02896	77.07542	77.10198	77.02811	77.08079	77.07145	77.07618	77.07135	77.22651	77.10986	76.51960	76.66528
6/30/2025	5:12:43 PM	77.07505	77.08487	77.02839	77.07571	77.10239	77.02829	77.08070	77.07192	77.07598	77.07100	77.22624	77.11026	76.51991	76.66530
6/30/2025	5:12:46 PM	77.07512	77.08498	77.02918	77.07601	77.10256	77.02857	77.08049	77.07177	77.07609	77.07150	77.22653	77.11018	76.51999	76.66544
6/30/2025	5:12:50 PM	77.07497	77.08500	77.02887	77.07586	77.10249	77.02831	77.08092	77.07210	77.07656	77.07138	77.22606	77.11023	76.52004	76.66577
6/30/2025	5:12:54 PM	77.07530	77.08491	77.02909	77.07608	77.10252	77.02836	77.08073	77.07171	77.07619	77.07125	77.22625	77.11004	76.52024	76.66588
6/30/2025	5:12:57 PM	77.07514	77.08508	77.02922	77.07561	77.10252	77.02863	77.08082	77.07210	77.07635	77.07189	77.22659	77.11081	76.52035	76.66602
6/30/2025	5:13:01 PM	77.07524	77.08541	77.02955	77.07619	77.10269	77.02902	77.08123	77.07250	77.07684	77.07178	77.22630	77.11057	76.51942	76.66580
6/30/2025	5:13:05 PM	77.07532	77.08477	77.02903	77.07589	77.10245	77.02883	77.08070	77.07182	77.07613	77.07106	77.22629	77.11048	76.52014	76.66616
6/30/2025	5:13:08 PM	77.07541	77.08519	77.02871	77.07548	77.10220	77.02831	77.08060	77.07181	77.07633	77.07118	77.22649	77.11035	76.51976	76.66562
6/30/2025	5:13:12 PM	77.07523	77.08495	77.02903	77.07544	77.10199	77.02774	77.08052	77.07150	77.07565	77.07134	77.22647	77.10980	76.51996	76.66599
6/30/2025	5:13:15 PM	77.07552	77.08519	77.02925	77.07590	77.10234	77.02838	77.08084	77.07162	77.07626	77.07181	77.22668	77.11043	76.52022	76.66599
6/30/2025	5:13:19 PM	77.07524	77.08529	77.02952	77.07597	77.10221	77.02807	77.08075	77.07197	77.07646	77.07147	77.22622	77.11037	76.52005	76.66595
6/30/2025	5:13:23 PM	77.07563	77.08541	77.02961	77.07610	77.10259	77.02824	77.08069	77.07210	77.07610	77.07192	77.22653	77.11033	76.51997	76.66616
6/30/2025	5:13:26 PM	77.07512	77.08542	77.02923	77.07663	77.10255	77.02858	77.08155	77.07269	77.07647	77.07215	77.22690	77.11090	76.52026	76.66631
6/30/2025	5:13:30 PM	77.07564	77.08535	77.02954	77.07570	77.10228	77.02781	77.08105	77.07168	77.07614	77.07150	77.22642	77.11045	76.52000	76.66583
6/30/2025	5:13:33 PM	77.07514	77.08511	77.02896	77.07567	77.10229	77.02851	77.08096	77.07180	77.07645	77.07203	77.22702	77.11064	76.51999	76.66591
6/30/2025	5:13:37 PM	77.07518	77.08537	77.02924	77.07579	77.10196	77.02858	77.08082	77.07167	77.07581	77.07145	77.22621	77.11047	76.52028	76.66610
6/30/2025	5:13:41 PM	77.07528	77.08502	77.02954	77.07575	77.10150	77.02869	77.08075	77.07205	77.07612	77.07178	77.22666	77.11074	76.52018	76.66611
6/30/2025	5:13:44 PM	77.07604	77.08571	77.02969	77.07609	77.10259	77.02833	77.08142	77.07246	77.07648	77.07188	77.22686	77.11104	76.52032	76.66590
6/30/2025	5:13:48 PM	77.07563	77.08570	77.02891	77.07596	77.10227	77.02810	77.08087	77.07219	77.07581	77.07146	77.22583	77.11006	76.51957	76.66547
6/30/2025	5:13:52 PM	77.07524	77.08513	77.02868	77.07540	77.10230	77.02845	77.08075	77.07195	77.07619	77.07111	77.22623	77.11030	76.51997	76.66594
6/30/2025	5:13:55 PM	77.07500	77.08503	77.02897	77.07551	77.10199	77.02843	77.08092	77.07179	77.07614	77.07114	77.22660	77.11052	76.51974	76.66597
6/30/2025	5:13:59 PM	77.07551	77.08495	77.02883	77.07560	77.10192	77.02841	77.08058	77.07142	77.07565	77.07110	77.22591	77.11019	76.51968	76.66594
6/30/2025	5:14:02 PM	77.07521	77.08493	77.02876	77.07532	77.10229	77.02839	77.08069	77.07199	77.07561	77.07144	77.22636	77.11043	76.51974	76.66548
6/30/2025	5:14:06 PM	77.07515	77.08491	77.02880	77.07528	77.10208	77.02849	77.08099	77.07130	77.07576	77.07125	77.22643	77.11038	76.51960	76.66527
6/30/2025	5:14:10 PM	77.07471	77.08513	77.02898	77.07582	77.10224	77.02874	77.08109	77.07139	77.07584	77.07114	77.22624	77.11036	76.51935	76.66554
6/30/2025	5:14:13 PM	77.07526	77.08511	77.02904	77.07577	77.10222	77.02935	77.08132	77.07126	77.07593	77.07098	77.22622	77.10997	76.51962	76.66505
6/30/2025	5:14:17 PM	77.07515	77.08454	77.02855	77.07533	77.10244	77.02836	77.08107	77.07139	77.07603	77.07075	77.22585	77.11021	76.51929	76.66533
6/30/2025	5:14:20 PM	77.07508	77.08475	77.02836	77.07512	77.10195	77.02852	77.08056	77.07099	77.07576	77.07094	77.22625	77.10993	76.51904	76.66547
6/30/2025	5:14:24 PM	77.07498	77.08523	77.02825	77.07537	77.10234	77.02851	77.08080	77.07123	77.07564	77.07097	77.22614	77.11042	76.51966	76.66542
6/30/2025	5:14:28 PM	77.07537	77.08479	77.02860	77.07551	77.10250	77.02859	77.08083	77.07130	77.07580	77.07130	77.22619	77.11022	76.51963	76.66559
6/30/2025	5:14:31 PM	77.07511	77.08476	77.02879	77.07576	77.10208	77.02879	77.08095	77.07117	77.07624	77.07141	77.22616	77.11066	76.51920	76.66551
6/30/2025	5:14:35 PM	77.07545	77.08522	77.02860	77.07580	77.10234	77.02922	77.08091	77.07150	77.07609	77.07102	77.22622	77.11034	76.51983	76.66535
6/30/2025	5:14:39 PM	77.07533	77.08528	77.02858	77.07543	77.10232	77.02888	77.08102	77.07135	77.07573	77.07084	77.22644	77.11028	76.51993	76.66568
6/30/2025	5:14:42 PM	77.07525	77.08476	77.02864	77.07556	77.10212	77.02874	77.08119	77.07149	77.07582	77.07131	77.22662	77.11061	76.51943	76.66584
6/30/2025	5:14:46 PM	77.07558	77.08538	77.02866	77.07539	77.10241	77.02895	77.08116	77.07135	77.07588	77.07126	77.22670	77.11032	76.51942	76.66605
6/30/2025	5:14:49 PM	77.07517	77.08504	77.02890	77.07545	77.10225	77.02895	77.08095	77.07123	77.07608	77.07107	77.22647	77.11057	76.51929	76.66528
6/30/2025	5:14:53 PM	77.07536	77.08528	77.02848	77.07515	77.10262	77.02926	77.08119	77.07126	77.07632	77.07186	77.22661	77.11048	76.51945	76.66611
6/30/2025	5:14:57 PM	77.07544	77.08565	77.02901	77.07553	77.10229	77.02912	77.08150	77.07129	77.07611	77.07146	77.22686	77.11064	76.51953	76.66572
6/30/2025	5:15:00 PM	77.07529	77.08517	77.02883	77.07544	77.10261	77.02914	77.08130	77.07177	77.07677	77.07182	77.22681	77.11106	76.52002	76.66607
6/30/2025	5:15:04 PM	77.07578	77.08562	77.02900	77.07565	77.10265	77.02915	77.08091	77.07127	77.07587	77.07162	77.22664	77.11063	76.51974	76.66559
6/30/2025	5:15:08 PM	77.07570	77.08556	77.02917	77.07527	77.10246	77.02882	77.08079	77.07121	77.07621	77.07129	77.22660	77.11060	76.51996	76.66579
6/30/2025	5:15:11 PM	77.07561	77.08562	77.02952	77.07597	77.10321	77.02884	77.08132	77.07140	77.07654	77.07155	77.22677	77.11027	76.51926	76.66556
6/30/2025	5:15:15 PM	77.07529	77.08521	77.02913	77.07581	77.10263	77.02874	77.08110	77.07139	77.07627	77.07170	77.22663	77.11113	76.51960	76.66583
6/30/2025	5:15:18 PM	77.07570	77.08544	77.02895	77.07536	77.10289	77.02894	77.08126	77.07168	77.07643	77.07165	77.22692	77.11077	76.52006	76.66601
6/30/2025	5:15:22 PM	77.07567	77.08578	77.02959	77.07585	77.10259	77.02905	77.08124	77.07141	77.07581	77.07206	77.22729	77.11116	76.52018	76.66652
6/30/2025	5:15:26 PM	77.07610	77.08612	77.02958	77.07625	77.10276	77.02851	77.08109	77.07207	77.07605	77.07175	77.22719	77.11090	76.52001	76.66659
