3/31/2025	3:07:12 PM	76.58144	76.53055	76.55871	76.56450	76.56333	76.54710	76.55827	76.60207	76.57543	76.53095	76.63088	76.57189	76.50638	76.54679
3/31/2025	3:07:15 PM	76.58190	76.53112	76.55961	76.56488	76.56332	76.54739	76.55706	76.60063	76.57480	76.53043	76.62999	76.57173	76.50604	76.54707
3/31/2025	3:07:19 PM	76.58149	76.53026	76.55811	76.56375	76.56254	76.54715	76.55915	76.60187	76.57456	76.52982	76.62931	76.57098	76.50437	76.54702
3/31/2025	3:07:23 PM	76.58098	76.52998	76.55754	76.56295	76.56261	76.54652	76.55820	76.60180	76.57513	76.53052	76.62990	76.57089	76.50473	76.54568
3/31/2025	3:07:26 PM	76.58062	76.52970	76.55761	76.56294	76.56247	76.54657	76.55842	76.60201	76.57480	76.53036	76.62947	76.57080	76.50476	76.54513
3/31/2025	3:07:30 PM	76.58127	76.52995	76.55808	76.56347	76.56310	76.54697	76.55843	76.60190	76.57499	76.53004	76.62935	76.57007	76.50454	76.54601
3/31/2025	3:07:33 PM	76.59541	76.54312	76.56494	76.56997	76.57525	76.55603	76.57130	76.61414	76.58573	76.54703	76.64899	76.58693	76.51215	76.55369
3/31/2025	3:07:37 PM	76.59265	76.54094	76.56778	76.57506	76.57781	76.56058	76.57093	76.61832	76.59242	76.54860	76.64431	76.58486	76.51642	76.55600
3/31/2025	3:07:40 PM	76.59304	76.54499	76.57046	76.57499	76.57758	76.56101	76.57373	76.61899	76.59234	76.54744	76.64418	76.58389	76.51751	76.55663
3/31/2025	3:07:44 PM	76.59260	76.54253	76.57182	76.57724	76.57690	76.56229	76.57413	76.61756	76.59303	76.54657	76.64381	76.58410	76.51650	76.55649
3/31/2025	3:07:48 PM	76.59343	76.54263	76.57349	76.57856	76.57738	76.56310	76.57456	76.61740	76.59267	76.54681	76.64383	76.58492	76.51722	76.55712
3/31/2025	3:07:51 PM	76.59375	76.54291	76.57229	76.57689	76.57614	76.56153	76.57337	76.61770	76.59055	76.54525	76.64486	76.58701	76.51751	76.55901
3/31/2025	3:07:55 PM	76.59390	76.54388	76.57154	76.57737	76.57714	76.56023	76.55239	76.53082	76.51162	76.48363	76.58630	76.52453	76.43812	76.48266
3/31/2025	3:07:58 PM	76.53607	76.48543	76.51653	76.53865	76.53786	76.50295	76.53049	76.60131	76.58249	76.55558	76.64809	76.61779	76.49674	76.53284
3/31/2025	3:08:02 PM	76.61200	76.58142	76.59015	76.58880	76.56789	76.54371	76.56096	76.61903	76.62029	76.58206	76.67060	76.60314	76.49133	76.53246
3/31/2025	3:08:06 PM	76.59996	76.53305	76.55971	76.56968	76.56554	76.55335	76.57287	76.62035	76.63582	76.71901	76.79513	76.67171	76.52080	76.57854
3/31/2025	3:08:09 PM	76.60391	76.54166	76.56984	76.57660	76.57798	76.56657	76.57677	76.62666	76.64180	76.76964	76.82959	77.02348	76.53012	76.58745
3/31/2025	3:08:13 PM	76.69805	76.61879	76.61621	76.59199	76.59123	76.57577	76.58829	76.64438	76.65433	76.74830	76.80601	77.80380	76.55014	76.61188
3/31/2025	3:08:17 PM	77.01114	76.85226	76.78805	76.66444	76.65453	76.61247	76.62682	76.69010	76.72380	82.85087	80.38879	81.00940	76.59824	76.68287
3/31/2025	3:08:20 PM	77.83539	77.65006	77.35153	76.98200	76.77739	76.68774	76.70785	76.78652	81.94294	91.96719	88.07679	85.65304	76.70178	77.15282
3/31/2025	3:08:24 PM	81.75004	78.50980	80.34525	78.91697	77.79247	77.17985	77.06104	80.52603	90.66448	98.91430	94.15747	85.05392	77.94080	86.43972
3/31/2025	3:08:27 PM	88.47827	83.75872	85.09141	82.44277	81.27070	82.26348	83.69456	88.09378	97.08319	104.65797	99.31756	89.88852	85.47207	92.39559
3/31/2025	3:08:31 PM	94.09093	89.16684	88.92341	86.12316	85.27669	87.00431	88.79164	94.00331	102.79631	109.69582	104.19821	89.89811	91.31969	97.33884
3/31/2025	3:08:34 PM	98.86739	93.88845	92.22612	89.03233	88.85914	90.91639	92.53837	98.69474	107.47587	114.42424	108.59971	97.33030	95.60560	101.51679
3/31/2025	3:08:38 PM	103.10026	97.75159	94.99826	91.90124	91.95346	93.87055	96.09881	102.50186	111.56498	118.65432	113.42472	104.29216	98.93541	104.78665
3/31/2025	3:08:42 PM	106.94073	100.92060	97.64086	94.55806	94.44524	96.53987	99.70713	105.99275	115.19332	122.61989	117.40749	110.12405	102.38183	107.95017
3/31/2025	3:08:45 PM	110.33866	103.86863	100.14306	96.92980	96.73887	98.98677	102.82710	109.27795	118.67250	126.73857	121.49938	114.62261	105.35411	110.93659
3/31/2025	3:08:49 PM	114.00680	106.81472	102.51824	99.13940	98.83395	101.38995	106.01446	112.31328	122.22002	130.52560	125.17549	118.74366	108.13834	114.17647
3/31/2025	3:08:52 PM	117.24228	109.65539	104.84739	101.16737	100.97971	103.87503	109.15047	115.36869	125.43121	134.47209	128.96482	122.50078	110.99169	117.02186
3/31/2025	3:08:56 PM	120.50070	112.59375	107.51520	103.23684	103.24395	106.28305	112.01656	118.50287	128.85233	138.03854	132.46542	125.98176	113.64514	119.77687
3/31/2025	3:08:59 PM	123.63142	115.37872	109.75537	105.46424	105.41698	108.69468	114.71493	121.53456	132.35710	141.89951	135.98516	129.43744	116.39772	122.89515
3/31/2025	3:09:03 PM	126.62123	118.06112	112.18370	107.62567	107.75480	111.12886	117.24841	124.42963	135.61231	145.54439	139.57047	132.83449	119.13941	126.10776
3/31/2025	3:09:07 PM	129.91320	120.75934	114.57060	109.85549	110.09706	113.67083	119.81603	127.50037	138.82397	148.81176	143.23444	136.46153	121.86817	129.48202
3/31/2025	3:09:10 PM	132.99088	123.21821	117.02300	112.18333	112.32312	116.20916	122.70498	130.21858	141.95633	152.09283	146.95834	140.10538	124.46003	132.36135
3/31/2025	3:09:14 PM	135.83827	125.77303	119.24465	114.29665	114.39998	118.65997	125.20371	133.01518	145.24848	155.21486	150.35233	143.18897	127.09027	135.29331
3/31/2025	3:09:18 PM	138.79249	128.14544	121.67348	116.64880	116.54751	120.98956	127.83918	135.79866	148.30299	158.54588	153.49858	146.15261	129.57983	138.15707
3/31/2025	3:09:21 PM	141.63684	130.59977	123.67920	118.82975	118.65117	123.16963	130.25468	138.36768	151.42050	161.73289	156.99348	148.97427	131.99833	140.98571
3/31/2025	3:09:25 PM	144.35851	133.13991	126.04835	121.18525	120.83522	125.54040	132.76454	141.07248	154.40437	164.93647	160.01582	151.85249	134.69834	143.39754
3/31/2025	3:09:28 PM	147.03705	135.63873	128.42933	123.45705	123.22374	127.88013	135.06525	143.81501	157.38389	167.91839	162.96864	154.52428	137.18276	146.08824
3/31/2025	3:09:32 PM	149.71231	138.15284	130.70572	125.64031	125.56459	130.29071	137.27763	146.48294	160.29145	170.78042	165.97145	157.36654	139.49095	148.65851
3/31/2025	3:09:35 PM	152.35119	140.45134	132.85341	127.79368	127.80030	132.55504	139.52288	149.27175	163.17588	173.83033	168.93468	160.31305	142.11842	151.72287
3/31/2025	3:09:39 PM	155.09290	143.13770	135.30735	129.98613	129.81511	134.86520	141.95327	151.90135	166.24320	177.13282	172.20519	163.34765	144.80692	154.68475
3/31/2025	3:09:43 PM	158.15585	145.87875	137.71236	132.41080	132.23587	137.35761	144.52742	154.76589	169.51777	180.61411	175.24773	166.40809	147.32427	157.41164
3/31/2025	3:09:46 PM	161.17448	148.57630	140.11198	134.87715	134.75346	139.85622	146.99842	157.37582	172.61410	183.81514	178.40578	169.45612	149.74448	160.10355
3/31/2025	3:09:50 PM	164.00877	151.29645	142.71149	137.24494	137.21511	142.07505	149.18559	160.10703	175.50244	186.93281	181.37231	172.38287	152.14176	162.46419
3/31/2025	3:09:54 PM	166.39052	153.79320	144.79012	139.41905	139.23006	144.08586	151.20206	162.57399	178.11628	189.65018	184.28235	175.40855	154.35978	164.80195
3/31/2025	3:09:57 PM	168.76770	156.25870	146.72555	141.54179	141.09676	146.13574	153.16379	164.90423	180.56014	192.10229	186.95583	177.99762	156.56792	166.95990
3/31/2025	3:10:01 PM	170.91485	158.35687	148.59761	143.56093	143.14853	148.06336	155.35535	167.11177	182.98207	194.60067	189.65266	180.65426	158.71030	169.18994
3/31/2025	3:10:04 PM	173.18894	160.57073	150.52635	145.64007	145.15068	150.07241	157.52623	169.48473	185.59036	197.53275	192.43936	183.55909	160.93591	171.58234
3/31/2025	3:10:08 PM	175.62269	162.96630	152.51708	147.59790	147.26848	152.09392	159.65796	171.94456	188.42604	200.62733	195.29884	186.43729	163.12472	173.89685
3/31/2025	3:10:12 PM	178.31142	165.17389	154.56745	149.82116	149.21665	154.27344	161.76437	174.73857	191.28816	203.71422	198.13554	189.24347	165.40725	176.50798
3/31/2025	3:10:15 PM	180.79345	167.61844	156.86176	151.89425	151.36474	156.48565	163.98156	177.21903	194.18307	206.62268	201.10344	191.92451	167.70529	179.01195
3/31/2025	3:10:19 PM	183.28874	170.03688	159.01898	153.89739	153.52581	158.72065	165.97023	179.73743	196.88916	209.37647	203.80088	194.60658	170.00166	181.29983
3/31/2025	3:10:22 PM	185.65655	172.32461	161.14319	155.81313	155.49656	160.82486	168.13628	182.31543	199.43189	211.90694	206.50930	197.29911	172.25210	183.67088
3/31/2025	3:10:26 PM	187.99735	174.55134	163.23187	157.71368	157.35488	162.79951	170.23645	184.74971	201.92591	214.45097	209.15328	199.67356	174.57749	186.09047
3/31/2025	3:10:30 PM	190.29581	176.94499	165.39727	159.70226	159.31709	164.78758	172.37857	187.08782	204.32545	216.83197	211.35228	201.58317	176.79222	188.37887
3/31/2025	3:10:33 PM	192.34833	179.34948	167.68003	161.72492	161.43744	166.85766	174.78422	189.41470	206.73696	219.08557	213.37420	203.78727	178.95298	190.52250
3/31/2025	3:10:37 PM	194.53512	181.45849	169.56063	163.60810	163.53657	168.88579	177.02860	191.83746	208.99785	221.28326	215.51941	205.97223	181.08961	192.89003
3/31/2025	3:10:40 PM	196.74486	183.58473	171.45782	165.55122	165.43652	170.85855	179.31750	193.98817	211.20483	223.12051	217.17320	207.44405	182.10299	193.75261
3/31/2025	3:10:44 PM	197.41802	183.88526	171.44552	166.23408	165.63736	170.55076	177.70816	192.22857	207.06233	218.36952	213.38509	203.74922	178.36817	188.58893
3/31/2025	3:10:47 PM	194.22425	182.54959	171.03003	166.96593	165.14521	169.20228	174.17462	189.29747	205.33336	216.97088	213.10251	203.42347	178.18538	188.18099
3/31/2025	3:10:51 PM	194.77052	187.30946	176.94329	171.93299	168.41773	169.49875	174.01203	189.37823	205.16316	216.11083	212.02422	203.09734	178.17131	187.85003
3/31/2025	3:10:55 PM	195.62891	189.17825	177.92004	174.52620	171.69759	172.39974	176.98533	191.44861	204.57232	214.91223	211.87867	203.89425	177.05654	187.09422
3/31/2025	3:10:58 PM	196.47179	189.45436	177.42704	173.65435	173.12315	174.35302	179.09945	193.31664	204.98460	214.00713	211.40028	203.74306	176.01295	186.47620
3/31/2025	3:11:02 PM	197.22002	190.88095	177.91477	173.31716	172.53679	172.32007	176.56948	193.06221	204.40126	212.79976	210.40961	204.14152	176.39900	186.68382
3/31/2025	3:11:05 PM	199.13977	192.66281	177.64283	172.48804	172.05962	171.71725	176.31853	194.31803	205.88022	214.01926	212.25957	206.85726	178.73176	189.01543
3/31/2025	3:11:09 PM	200.80023	196.22087	180.23566	173.00246	172.35032	171.86278	176.78101	195.05450	205.58058	213.15205	211.34022	206.26283	178.37925	188.73763
3/31/2025	3:11:13 PM	200.62744	195.88677	181.63079	175.12725	173.77832	171.70748	175.67322	193.60190	204.73848	212.84314	211.74097	208.00881	180.71438	191.06648
3/31/2025	3:11:16 PM	203.45111	197.68831	184.38268	178.86825	180.71989	177.30880	182.61369	198.57465	205.91900	213.02711	211.83874	208.57158	185.23080	192.58474
3/31/2025	3:11:20 PM	201.72069	198.26223	187.22921	187.33095	190.22716	191.18877	194.60805	202.54916	205.32227	212.89134	210.29508	207.76553	192.60632	195.23644
3/31/2025	3:11:23 PM	203.04604	200.98544	192.45596	193.77292	197.15986	197.51089	199.88871	205.03358	208.08834	215.24370	212.90785	210.99512	194.97713	199.64845
3/31/2025	3:11:27 PM	205.95484	202.05839	193.81327	195.57352	199.91358	199.09925	201.67639	208.01242	210.76149	215.28180	210.71586	210.28778	194.52097	199.55867
3/31/2025	3:11:31 PM	206.12982	201.42311	192.29209	194.43792	200.78873	200.76163	203.67623	210.34193	211.41290	214.49960	210.45109	210.91726	192.15647	197.55007
3/31/2025	3:11:34 PM	206.83254	202.26689	193.42097	195.84708	202.85570	203.07926	207.17219	213.05626	211.92683	214.02884	211.29611	212.01308	193.06591	198.24002
3/31/2025	3:11:38 PM	206.77247	202.22347	192.57453	196.28249	205.26776	205.82922	209.03470	215.20644	213.93619	214.34619	211.85382	214.19824	192.36018	197.69642
3/31/2025	3:11:42 PM	208.41861	204.00332	193.70856	197.40801	205.42950	204.30314	206.94895	214.45008	212.80237	215.11172	214.20757	216.10370	191.59866	198.09328
3/31/2025	3:11:45 PM	210.36683	205.72922	195.50918	198.29454	203.14433	200.76036	203.53839	213.04755	213.41117	216.90042	216.58804	218.84935	191.05082	198.42880
3/31/2025	3:11:49 PM	212.39366	207.77387	197.65719	199.37387	202.68047	200.49780	203.29437	213.09617	214.23324	217.64582	218.08243	220.03212	191.12077	198.86881
3/31/2025	3:11:52 PM	214.45111	209.56849	199.12880	199.21424	201.28016	198.31088	200.48970	211.98832	214.73605	218.73013	219.48158	221.16032	192.19649	200.64629
3/31/2025	3:11:56 PM	216.00516	211.96070	202.16611	200.92797	201.73609	197.98247	199.26803	210.20881	214.00056	218.83871	220.55757	223.10865	196.45702	203.29266
3/31/2025	3:11:59 PM	220.05489	216.84802	207.42701	204.90145	204.46698	200.17923	200.44437	209.76598	214.35927	219.50065	222.02392	225.03274	201.67526	206.30001
3/31/2025	3:12:03 PM	223.48085	221.34933	212.82956	209.77969	208.11066	203.24030	202.51379	209.96306	214.89315	220.59748	224.10751	227.68110	206.45674	209.64070
3/31/2025	3:12:07 PM	227.03744	225.61775	218.14387	215.27797	212.94284	207.32686	205.68114	211.49202	216.83483	222.83238	226.93802	230.88539	211.29042	213.88268
3/31/2025	3:12:10 PM	230.92534	229.15465	223.18185	220.04798	217.53349	210.68614	208.66138	213.50295	219.70609	225.92270	230.51593	234.53991	215.94886	217.99105
3/31/2025	3:12:14 PM	234.69728	232.83054	227.81899	224.69216	221.56170	213.34543	210.77667	214.76768	221.62341	228.62801	233.81041	237.89520	219.84388	221.32467
3/31/2025	3:12:17 PM	238.12886	236.56715	231.17941	227.63787	223.76476	215.46692	212.93374	216.42562	223.26855	230.21835	235.61226	239.48077	222.94325	223.61100
3/31/2025	3:12:21 PM	240.45053	239.68796	233.86046	229.99612	225.52007	217.00318	214.16124	217.05452	223.90820	230.81428	236.48054	240.72371	225.37366	225.35906
3/31/2025	3:12:25 PM	242.23104	241.93167	235.81143	231.61323	226.68155	217.96363	214.89386	217.32100	224.50646	231.57022	237.45608	242.06533	227.27921	227.02058
3/31/2025	3:12:28 PM	244.11879	244.07621	237.92811	233.39173	228.33074	219.53437	216.22799	218.23367	225.71695	232.81230	239.10032	243.87909	229.79860	229.49761
3/31/2025	3:12:32 PM	245.95048	245.79923	240.21936	235.98134	231.12865	222.45193	219.35654	221.36902	229.08735	235.93262	241.96855	246.32211	232.96438	232.68911
3/31/2025	3:12:35 PM	248.35681	248.13759	242.35266	238.18841	233.02308	224.17271	221.45183	223.76613	231.80011	238.95543	244.91723	248.66293	234.96216	235.39722
3/31/2025	3:12:39 PM	249.77800	248.61945	242.65455	238.63522	233.61898	225.58557	223.42035	225.85210	233.58744	240.52240	246.29645	249.99610	236.45407	236.56326
3/31/2025	3:12:43 PM	250.81082	249.87986	243.88563	239.57477	234.35293	226.28509	224.28284	226.93805	234.97566	241.83461	247.79036	251.60551	238.19830	238.40852
3/31/2025	3:12:46 PM	252.52293	251.45622	245.73172	241.76187	236.94304	229.28779	227.13787	229.00727	236.37819	242.68271	248.72500	252.65330	240.43418	240.13069
3/31/2025	3:12:50 PM	253.99090	252.97292	247.36799	243.68492	238.95808	231.27017	229.15954	230.99115	238.40122	244.81542	250.59474	253.91878	242.58859	242.65337
3/31/2025	3:12:53 PM	255.05241	254.13050	248.62997	245.48482	241.35414	234.29150	232.68054	234.78263	241.67962	247.34705	252.33860	254.86893	244.82815	245.30306
3/31/2025	3:12:57 PM	255.95589	255.04478	249.68801	247.05356	243.56798	237.15263	236.02771	238.40198	244.83540	249.77894	253.94950	255.80702	246.93257	247.79508
3/31/2025	3:13:01 PM	256.83133	255.85656	250.58250	248.46410	245.57516	239.74656	239.06625	241.65842	247.74837	252.07609	255.47235	256.78641	248.85044	250.01305
3/31/2025	3:13:04 PM	257.72456	256.69396	251.48107	249.76839	247.35731	241.96056	241.35368	243.90737	249.85214	253.94256	257.12955	258.35208	250.40597	251.43601
3/31/2025	3:13:08 PM	259.49152	258.61187	253.27236	251.15317	248.15241	242.23969	241.26645	243.70108	249.95481	254.40533	257.94853	259.30027	251.56079	252.25069
3/31/2025	3:13:11 PM	260.56127	259.75918	254.88396	252.91736	249.83323	243.54385	242.33051	244.66989	251.00324	255.65183	259.43615	260.90234	253.09392	253.51058
3/31/2025	3:13:15 PM	262.08311	261.24596	256.46596	254.32542	250.71287	243.89948	242.40416	244.64551	251.38556	256.50707	260.70720	262.14283	254.24093	254.22390
3/31/2025	3:13:18 PM	262.44596	262.20812	257.19841	255.64164	252.60694	245.84429	244.10809	246.39431	252.71965	256.69254	260.49349	262.04159	254.42823	254.60132
3/31/2025	3:13:22 PM	262.91270	262.90245	258.19653	256.87482	253.63526	246.72650	244.63400	246.47694	252.94166	257.17641	261.37005	263.18888	255.28035	255.22991
3/31/2025	3:13:26 PM	263.96752	263.80530	258.92388	257.37029	253.61714	246.61721	244.47577	246.04632	252.46252	256.83539	261.36016	263.36491	255.63351	255.38083
3/31/2025	3:13:29 PM	264.35753	264.28847	259.59819	257.90197	254.07407	247.48525	245.66735	247.33272	253.84887	258.14554	262.35852	264.15545	256.82143	256.74813
3/31/2025	3:13:33 PM	264.84695	264.31742	259.76955	258.59736	255.50978	249.71330	248.32229	250.14075	255.91573	259.72613	263.64272	265.10046	257.92701	257.81000
3/31/2025	3:13:36 PM	265.30084	264.90565	260.92470	259.78243	256.43415	250.36434	248.38004	249.17636	254.93622	258.87124	262.91466	264.53524	258.20613	257.58680
3/31/2025	3:13:40 PM	265.18038	265.19133	261.82476	260.13913	256.60700	249.66223	246.77678	247.14498	252.87474	257.52270	261.90599	263.67370	256.15560	255.47205
3/31/2025	3:13:44 PM	263.99187	263.52157	259.27225	257.65623	253.55129	246.18336	243.16313	245.40268	251.23973	256.64218	260.57598	262.25184	251.21846	250.71745
3/31/2025	3:13:47 PM	262.51383	261.93209	256.45032	254.97536	251.18832	243.49587	240.28623	243.99083	249.37825	255.34167	259.12055	260.75509	246.38626	246.34662
3/31/2025	3:13:51 PM	260.85653	260.28693	254.46247	253.23882	249.62161	241.56273	237.85082	242.16956	246.29929	252.07129	255.76661	258.18837	242.59819	243.30176
3/31/2025	3:13:54 PM	259.06111	258.39152	252.77040	251.72912	248.24684	240.01996	235.23974	239.80607	242.89083	248.76882	252.92673	255.96254	239.17714	240.24977
3/31/2025	3:13:58 PM	257.24787	256.51829	251.22166	250.16150	246.78340	238.05332	233.07700	237.46833	240.13737	246.48927	251.21983	253.93096	236.84758	237.64625
3/31/2025	3:14:02 PM	255.03031	254.12412	249.08240	247.47085	244.51130	235.90025	230.70606	233.85645	237.29366	243.80810	248.14535	250.88447	235.31759	235.83975
3/31/2025	3:14:05 PM	251.77394	250.72475	245.88092	244.08384	241.14914	233.35464	228.72556	231.23822	233.96487	239.68062	243.20520	246.43409	233.03868	232.49591
3/31/2025	3:14:09 PM	247.50975	246.48267	242.04108	240.24534	237.48152	230.16363	225.23557	227.84279	229.56839	234.85171	237.87599	241.15980	230.19382	228.67148
3/31/2025	3:14:12 PM	242.12057	241.27101	237.31601	235.79207	233.58741	226.35671	220.80884	223.51897	224.38493	229.39675	232.21364	235.14148	226.15607	224.12943
3/31/2025	3:14:16 PM	235.96706	235.42844	232.00021	230.46024	228.76292	221.75156	216.02769	218.42672	218.72772	223.40465	225.90627	228.86181	221.12900	218.84448
3/31/2025	3:14:20 PM	229.17303	229.28843	226.29858	224.57024	223.30279	216.39669	210.89425	213.02935	212.73061	217.02079	219.52171	222.30906	215.69386	213.36067
3/31/2025	3:14:23 PM	222.13344	222.84967	220.21768	218.25649	216.85501	210.55620	205.21801	207.30292	206.46375	210.23316	213.07559	215.63429	210.32663	208.06149
3/31/2025	3:14:27 PM	215.05271	215.88490	213.61738	211.59162	209.98253	204.94019	199.63447	201.53842	200.32005	203.61043	206.27137	208.81895	204.86879	202.98468
3/31/2025	3:14:30 PM	208.03399	208.69071	206.80869	205.02704	203.42421	199.02278	193.91436	195.82087	194.46784	197.51195	199.97299	201.82109	199.34489	197.75134
3/31/2025	3:14:34 PM	201.17406	201.67960	200.31233	198.77781	196.96292	193.05098	188.29120	189.92433	189.04749	191.63443	194.08269	194.69073	193.80982	192.29886
3/31/2025	3:14:38 PM	194.16094	194.49859	193.81030	192.31064	190.56751	187.14191	183.18274	183.59040	183.08549	184.69256	186.21656	186.87429	187.03223	185.49991
3/31/2025	3:14:41 PM	186.09470	185.05050	185.99002	185.03952	182.58255	179.57932	176.31471	175.70094	175.15765	176.24637	177.56836	177.65964	178.87908	177.47001
3/31/2025	3:14:45 PM	177.16910	175.09255	177.00412	176.85634	174.42911	171.15487	168.24683	166.76292	166.71589	168.28264	168.82518	169.35440	171.02649	169.78676
3/31/2025	3:14:48 PM	168.83124	167.08600	169.12415	169.04114	166.89490	164.54471	162.29430	159.41604	159.38474	161.10949	161.20189	161.95885	163.82310	163.04873
3/31/2025	3:14:52 PM	161.36892	160.27433	162.55412	162.10887	160.14605	158.75909	156.94611	153.36206	153.21879	154.62712	154.51496	155.36411	157.37396	156.97522
3/31/2025	3:14:55 PM	154.84519	154.19341	156.92549	155.91802	154.11187	153.36823	151.77687	148.05159	147.64625	148.70324	148.54726	149.54966	151.49323	151.35477
3/31/2025	3:14:59 PM	149.17966	148.98390	152.03733	150.52389	148.71961	148.72964	147.03867	143.51622	142.71702	143.51559	143.29694	144.49026	146.27795	146.38804
3/31/2025	3:15:03 PM	144.18596	144.32719	147.55961	145.72967	143.87551	144.54011	142.84132	139.45341	138.27807	138.90836	138.68557	139.94105	141.54414	141.86630
3/31/2025	3:15:06 PM	139.83909	140.19568	143.52737	141.45670	139.62695	140.82737	139.12738	135.81548	134.43454	134.96717	134.70542	136.02648	137.40656	137.90302
3/31/2025	3:15:10 PM	136.03753	136.53560	139.93848	137.64527	135.92378	137.54611	135.84974	132.61650	131.11136	131.57269	131.24407	132.64119	133.83007	134.48024
3/31/2025	3:15:13 PM	132.76829	133.31840	136.80533	134.32895	132.72821	134.65633	132.96135	129.76036	128.22304	128.63096	128.24156	129.70868	130.67085	131.42810
3/31/2025	3:15:17 PM	129.88992	130.50255	134.01459	131.42543	129.93758	132.04110	130.38497	127.13403	125.66610	126.01670	125.57427	127.09818	127.84738	128.69301
3/31/2025	3:15:20 PM	127.23391	127.87124	131.39732	128.66910	127.24013	129.49172	127.90159	124.62457	123.34427	123.78247	123.46291	125.11079	125.28504	126.25726
3/31/2025	3:15:24 PM	125.27369	125.73386	129.07367	126.07755	124.64648	127.03077	125.52672	122.23724	121.12899	121.64118	121.40745	123.12825	123.00640	123.94571
3/31/2025	3:15:28 PM	123.32786	123.85209	127.23665	124.15991	122.75039	125.10125	123.58637	120.14718	119.07372	119.54457	119.36681	121.13878	120.95445	121.87352
3/31/2025	3:15:31 PM	121.41739	121.98216	125.30376	122.22636	120.88144	123.26090	121.80471	118.34058	117.35255	117.82442	117.65928	119.43079	119.11487	120.07027
3/31/2025	3:15:35 PM	119.71107	120.26392	123.56136	120.45153	119.18144	121.58826	120.21045	116.75299	115.82285	116.28414	116.11853	117.88867	117.45719	118.42206
3/31/2025	3:15:38 PM	118.18233	118.74782	122.02058	118.89132	117.67042	120.10427	118.79923	115.35447	114.46354	114.91774	114.75103	116.50113	115.98512	116.96015
3/31/2025	3:15:42 PM	116.78548	117.32954	120.59759	117.44235	116.26576	118.72337	117.48088	114.05682	113.19294	113.63646	113.46245	115.18489	114.61343	115.59399
3/31/2025	3:15:46 PM	115.48685	116.02576	119.27418	116.12707	114.99209	117.46381	116.28217	112.87175	112.03485	112.46760	112.28411	113.98267	113.37982	114.35833
3/31/2025	3:15:49 PM	114.29745	114.82245	118.06579	114.92870	113.83334	116.30695	115.17393	111.78354	110.97026	111.39270	111.20399	112.87688	112.25489	113.22886
3/31/2025	3:15:53 PM	113.20725	113.72649	116.96248	113.83987	112.78311	115.25704	114.17377	110.80529	110.01086	110.42452	110.22117	111.86220	111.23414	112.20283
3/31/2025	3:15:56 PM	112.20771	112.71917	115.94832	112.84196	111.81681	114.29527	113.25487	109.91237	109.13342	109.53002	109.32335	110.93643	110.30731	111.26661
3/31/2025	3:16:00 PM	111.28720	111.79158	115.01420	111.92162	110.92818	113.39556	112.39225	109.07156	108.30095	108.68959	108.47437	110.05647	109.43205	110.37875
3/31/2025	3:16:04 PM	110.41161	110.91271	114.11976	111.04488	110.07845	112.54122	111.57407	108.28383	107.51764	107.89729	107.67884	109.23279	108.62279	109.55835
3/31/2025	3:16:07 PM	109.59799	110.08160	113.28380	110.22609	109.29170	111.75459	110.81939	107.55897	106.79925	107.16603	106.94269	108.47096	107.87982	108.80287
3/31/2025	3:16:11 PM	108.86239	109.34547	112.54065	109.49874	108.58871	111.04127	110.13831	106.91052	106.15445	106.50654	106.27580	107.77594	107.20221	108.11238
3/31/2025	3:16:14 PM	108.16168	108.63123	111.82156	108.79589	107.91108	110.34138	109.48063	106.28901	105.53282	105.86827	105.63035	107.10613	106.55123	107.45234
3/31/2025	3:16:18 PM	107.49326	107.95300	111.13763	108.12635	107.26178	109.67401	108.84506	105.68920	104.93986	105.26259	105.01750	106.46499	105.93300	106.82624
3/31/2025	3:16:22 PM	106.86582	107.31247	110.49092	107.49970	106.65387	109.05727	108.25542	105.13854	104.38919	104.70161	104.45183	105.87346	105.36204	106.24548
3/31/2025	3:16:25 PM	106.27043	106.71169	109.87544	106.90998	106.08463	108.47855	107.69660	104.61151	103.86671	104.16572	103.90788	105.30376	104.81319	105.68990
3/31/2025	3:16:29 PM	105.70018	106.13614	109.28797	106.34126	105.53169	107.91299	107.15585	104.10860	103.36626	103.65232	103.39219	104.76261	104.29730	105.16436
3/31/2025	3:16:32 PM	105.17550	105.60034	108.73877	105.81712	105.02312	107.39608	106.65992	103.64574	102.90285	103.17572	102.91071	104.25616	103.81068	104.66881
3/31/2025	3:16:36 PM	104.65658	105.07208	108.19635	105.29452	104.51984	106.87794	106.16000	103.18079	102.43961	102.69977	102.43076	103.75030	103.32766	104.17837
3/31/2025	3:16:40 PM	104.15177	104.56066	107.67818	104.79890	104.04097	106.38265	105.68488	102.74110	102.00232	102.25148	101.97954	103.27441	102.87857	103.72129
3/31/2025	3:16:43 PM	103.68062	104.08458	107.19015	104.33281	103.58971	105.91690	105.23667	102.32864	101.59221	101.82843	101.55397	102.82253	102.44949	103.28351
3/31/2025	3:16:47 PM	103.22675	103.62532	106.71413	103.88236	103.15260	105.46437	104.80038	101.92876	101.19569	101.42106	101.14243	102.38971	102.03545	102.86482
3/31/2025	3:16:50 PM	102.79212	103.19026	106.26720	103.45718	102.74029	105.03612	104.38887	101.55313	100.82561	101.03810	100.75394	101.97484	101.65494	102.47145
3/31/2025	3:16:54 PM	102.36247	102.79746	105.89534	103.12907	102.41785	104.65498	103.97521	101.11540	100.36173	100.52219	100.20301	101.33128	101.15650	101.92642
3/31/2025	3:16:58 PM	101.69730	102.12804	105.19901	102.53475	101.88471	104.06971	103.39674	100.57254	99.78355	99.92241	99.59466	100.72002	100.63767	101.39738
3/31/2025	3:17:01 PM	101.16992	101.59361	104.63666	102.02990	101.39667	103.59725	102.93386	100.12889	99.35740	99.48624	99.15590	100.26570	100.20092	100.95301
3/31/2025	3:17:05 PM	100.72866	101.15776	104.20392	101.61939	100.99121	103.16418	102.50297	99.72247	98.94977	99.06457	98.73290	99.82551	99.79584	100.53750
3/31/2025	3:17:08 PM	100.29993	100.75587	103.78699	101.23062	100.61099	102.75886	102.10503	99.34897	98.57361	98.66904	98.34431	99.42976	99.42349	100.15210
3/31/2025	3:17:12 PM	99.90177	100.38616	103.40277	100.87359	100.26113	102.38710	101.74241	99.00986	98.22952	98.30799	97.98606	99.06533	99.07747	99.79601
3/31/2025	3:17:16 PM	99.52476	100.02623	103.02635	100.52395	99.92271	102.02487	101.38415	98.67874	97.89150	97.95514	97.63711	98.69260	98.73559	99.44189
3/31/2025	3:17:19 PM	99.15603	99.67120	102.65695	100.18243	99.59071	101.67395	101.04046	98.36279	97.56834	97.61163	97.29389	98.33469	98.41650	99.10880
3/31/2025	3:17:23 PM	98.79483	99.32609	102.30131	99.85487	99.27251	101.33359	100.70439	98.04896	97.24146	97.26674	96.95298	97.97249	98.09332	98.77214
3/31/2025	3:17:26 PM	98.43677	98.97940	101.94186	99.52731	98.95763	101.00067	100.37961	97.75012	96.93452	96.94988	96.64095	97.64493	97.79628	98.46780
3/31/2025	3:17:30 PM	98.10950	98.66123	101.60933	99.22170	98.66400	100.68686	100.07081	97.46738	96.64457	96.64473	96.33860	97.31762	97.50199	98.16351
3/31/2025	3:17:34 PM	97.78429	98.34424	101.27444	98.91349	98.36690	100.36928	99.76045	97.18202	96.35365	96.34094	96.04286	97.00422	97.21066	97.86315
3/31/2025	3:17:37 PM	97.46524	98.03143	100.93991	98.60933	98.07446	100.05566	99.45276	96.89966	96.06975	96.04704	95.75092	96.69327	96.92150	97.56706
3/31/2025	3:17:41 PM	97.15473	97.73077	100.61931	98.31662	97.79371	99.75138	99.15597	96.63293	95.80050	95.76944	95.47466	96.40210	96.64746	97.28684
3/31/2025	3:17:44 PM	96.85470	97.42821	100.30105	98.02746	97.51525	99.45163	98.86387	96.36689	95.53477	95.49404	95.20252	96.11262	96.37943	97.01318
3/31/2025	3:17:48 PM	96.55849	97.13816	99.99261	97.74597	97.24464	99.15837	98.57705	96.10946	95.27621	95.22867	94.93551	95.83116	96.11242	96.74288
3/31/2025	3:17:52 PM	96.27025	96.85712	99.69167	97.47087	96.98129	98.87433	98.30219	95.86253	95.02777	94.97249	94.68128	95.55996	95.85882	96.48519
3/31/2025	3:17:55 PM	95.99040	96.57586	99.39184	97.19969	96.72160	98.59379	98.02966	95.61539	94.78077	94.71786	94.42680	95.28769	95.60337	96.22532
3/31/2025	3:17:59 PM	95.71437	96.29925	99.09526	96.93306	96.46663	98.31787	97.76012	95.37363	94.54025	94.46885	94.18181	95.03015	95.35861	95.97666
3/31/2025	3:18:02 PM	95.44667	96.03251	98.80977	96.67630	96.22184	98.05068	97.50258	95.14313	94.30917	94.23221	93.94562	94.77664	95.11940	95.73449
3/31/2025	3:18:06 PM	95.19060	95.78000	98.53347	96.42546	95.98180	97.78889	97.24873	94.91665	94.08453	94.00071	93.71403	94.53291	94.88813	95.50073
3/31/2025	3:18:10 PM	94.94149	95.53103	98.26494	96.18180	95.74965	97.53628	97.00430	94.69847	93.86528	93.77322	93.48950	94.29351	94.66205	95.27036
3/31/2025	3:18:13 PM	94.69339	95.28276	97.99868	95.94179	95.52063	97.28590	96.76222	94.48315	93.65173	93.55287	93.26887	94.06042	94.44034	95.04474
3/31/2025	3:18:17 PM	94.45623	95.04379	97.73804	95.70506	95.29310	97.03765	96.52091	94.26929	93.43910	93.33564	93.05402	93.83395	94.22012	94.82323
3/31/2025	3:18:20 PM	94.22159	94.80547	97.48021	95.47407	95.07265	96.79966	96.29042	94.06572	93.23723	93.12856	92.85004	93.61132	94.01175	94.61099
3/31/2025	3:18:24 PM	93.99974	94.58521	97.23822	95.25558	94.86144	96.56756	96.06464	93.86529	93.03904	92.92569	92.64738	93.39850	93.80534	94.40136
3/31/2025	3:18:27 PM	93.78045	94.35967	96.99181	95.03600	94.65148	96.33945	95.84230	93.66948	92.84485	92.72586	92.45080	93.18935	93.60337	94.19690
3/31/2025	3:18:31 PM	93.56147	94.14063	96.75179	94.82161	94.44581	96.11459	95.62494	93.47794	92.65432	92.53267	92.25918	92.98216	93.40647	93.99729
3/31/2025	3:18:35 PM	93.35077	93.93167	96.51921	94.61272	94.24501	95.89358	95.41048	93.28894	92.46776	92.33898	92.06511	92.78074	93.21131	93.79935
3/31/2025	3:18:38 PM	93.15144	93.72892	96.30255	94.42425	94.06763	95.68527	95.17423	93.01348	92.09986	91.87726	91.69611	92.36593	92.66568	93.35561
3/31/2025	3:18:42 PM	92.60025	93.09646	95.76024	93.98993	93.65485	95.25978	94.85198	92.81710	91.99876	91.79905	91.54460	92.15236	92.54410	93.19204
3/31/2025	3:18:45 PM	92.40822	92.96331	95.47489	93.78423	93.49253	95.10869	94.72440	92.70657	91.85647	91.63395	91.32078	91.87359	92.36481	92.99022
3/31/2025	3:18:49 PM	92.12042	92.71762	95.20916	93.54908	93.30501	94.93337	94.54782	92.55489	91.66944	91.41705	91.06016	91.56034	92.15651	92.76640
3/31/2025	3:18:53 PM	91.80813	92.44154	94.93386	93.30547	93.10215	94.74001	94.35207	92.38520	91.46359	91.18469	90.80203	91.22169	91.94491	92.54249
3/31/2025	3:18:56 PM	91.51079	92.17566	94.68086	93.07235	92.90294	94.54493	94.15726	92.21302	91.26104	90.95863	90.55783	90.89596	91.73807	92.32910
3/31/2025	3:19:00 PM	91.23690	91.92386	94.43522	92.84986	92.70270	94.34570	93.96107	92.03859	91.06420	90.74377	90.33072	90.59751	91.53558	92.12041
3/31/2025	3:19:03 PM	90.97611	91.67732	94.18759	92.62997	92.50061	94.13700	93.75632	91.85492	90.86274	90.52963	90.10853	90.31992	91.32896	91.90957
3/31/2025	3:19:07 PM	90.73157	91.44373	93.94813	92.41475	92.30107	93.92789	93.55232	91.67080	90.66997	90.32701	89.90103	90.08728	91.12794	91.70744
3/31/2025	3:19:11 PM	90.49930	91.21913	93.71306	92.20413	92.10332	93.72004	93.34966	91.48855	90.48144	90.13112	89.70469	89.89054	90.93280	91.51080
3/31/2025	3:19:14 PM	90.28430	91.00337	93.48571	92.00031	91.91106	93.51514	93.15179	91.31185	90.30158	89.94517	89.51734	89.71931	90.74583	91.32256
3/31/2025	3:19:18 PM	90.08264	90.80057	93.26491	91.80637	91.72857	93.31818	92.96075	91.14295	90.13096	89.77084	89.34124	89.56745	90.56887	91.14517
3/31/2025	3:19:21 PM	89.89408	90.60850	93.05882	91.62103	91.55150	93.12753	92.77571	90.97863	89.96930	89.60436	89.17715	89.42503	90.39891	90.97428
3/31/2025	3:19:25 PM	89.71424	90.42552	92.86009	91.44401	91.38245	92.94324	92.59710	90.82005	89.81216	89.44363	89.01982	89.28861	90.23566	90.80887
3/31/2025	3:19:29 PM	89.54725	90.25203	92.67019	91.27471	91.22199	92.76746	92.42773	90.67191	89.66638	89.29575	88.87369	89.15680	90.08256	90.65505
3/31/2025	3:19:32 PM	89.39341	90.09217	92.49071	91.11633	91.07092	92.60036	92.26594	90.53021	89.52662	89.15451	88.73436	89.02684	89.93780	90.50730
3/31/2025	3:19:36 PM	89.24008	89.93153	92.31009	90.95729	90.91990	92.43298	92.10368	90.38742	89.38778	89.01402	88.59647	88.89296	89.79118	90.35757
3/31/2025	3:19:39 PM	89.09209	89.77492	92.13355	90.80097	90.77118	92.26759	91.94327	90.24744	89.25227	88.87685	88.46311	88.76236	89.64877	90.21410
3/31/2025	3:19:43 PM	88.94712	89.62083	91.96552	90.64934	90.62565	92.10676	91.78579	90.10984	89.11943	88.74229	88.33209	88.63372	89.50921	90.07079
3/31/2025	3:19:47 PM	88.81058	89.47243	91.79646	90.50003	90.48127	91.94623	91.62904	89.97281	88.98741	88.61027	88.20223	88.50326	89.37207	89.93102
3/31/2025	3:19:50 PM	88.67480	89.32677	91.63069	90.35667	90.34345	91.79291	91.47931	89.84239	88.86316	88.48641	88.07984	88.37870	89.23957	89.79631
3/31/2025	3:19:54 PM	88.54480	89.18586	91.46914	90.21223	90.20483	91.63745	91.32767	89.71058	88.73826	88.35926	87.95593	88.25329	89.10720	89.66037
3/31/2025	3:19:57 PM	88.41512	89.04725	91.31175	90.07093	90.07053	91.48827	91.18158	89.58401	88.61769	88.23677	87.83815	88.13385	88.98068	89.53018
3/31/2025	3:20:01 PM	88.29085	88.91432	91.15836	89.93804	89.94195	91.34645	91.04174	89.46159	88.50027	88.12078	87.72472	88.01153	88.86681	89.41019
3/31/2025	3:20:04 PM	88.16953	88.80144	91.04789	89.85706	89.87681	91.24242	90.90229	89.29586	88.31077	87.88551	87.44767	87.66865	88.67421	89.18615
3/31/2025	3:20:08 PM	87.92826	88.83033	90.78432	89.66861	89.68882	90.97901	90.62516	89.10052	88.17839	87.79643	87.38884	87.66124	88.52210	89.02591
3/31/2025	3:20:11 PM	87.73848	88.52624	90.58870	89.45070	89.42966	90.57216	90.27192	88.84281	87.94731	87.61922	87.26532	87.44871	88.23509	88.55168
3/31/2025	3:20:15 PM	87.35869	88.26006	90.34770	89.22392	89.19861	90.39010	90.09215	88.70230	87.87444	87.54641	87.19228	87.40590	88.15765	88.56777
3/31/2025	3:20:19 PM	87.42709	88.16137	90.21931	89.13076	89.12947	90.36718	90.09515	88.70261	87.84891	87.51684	87.15364	87.37921	88.10915	88.57136
3/31/2025	3:20:22 PM	87.44261	88.07008	90.11634	89.05093	89.06738	90.32874	90.06816	88.67764	87.80374	87.45566	87.07914	87.30565	88.03306	88.52311
3/31/2025	3:20:26 PM	87.38417	87.95084	89.99096	88.94217	88.97738	90.25387	89.99920	88.61674	87.72547	87.36357	86.97703	87.19920	87.93940	88.44460
3/31/2025	3:20:29 PM	87.29033	87.82286	89.85709	88.82737	88.87924	90.16546	89.91379	88.54297	87.63870	87.26701	86.87372	87.08884	87.84873	88.36199
3/31/2025	3:20:33 PM	87.19265	87.70219	89.73710	88.71563	88.78303	90.07371	89.82482	88.46674	87.55260	87.17283	86.77469	86.98284	87.75665	88.27310
3/31/2025	3:20:36 PM	87.08946	87.58297	89.61315	88.59846	88.67877	89.96935	89.72259	88.37744	87.45863	87.07227	86.67210	86.87355	87.65616	88.17373
3/31/2025	3:20:40 PM	86.97961	87.46623	89.48816	88.48025	88.57141	89.85750	89.61118	88.27969	87.36009	86.96916	86.56813	86.76119	87.55226	88.06925
3/31/2025	3:20:44 PM	86.86821	87.34705	89.35432	88.35798	88.45789	89.73940	89.49434	88.17768	87.25915	86.86449	86.46368	86.65229	87.44552	87.96244
3/31/2025	3:20:47 PM	86.75851	87.23048	89.22170	88.23684	88.34440	89.61956	89.37543	88.07220	87.15654	86.76097	86.36125	86.54281	87.33758	87.85247
3/31/2025	3:20:51 PM	86.64615	87.11107	89.08960	88.11469	88.22909	89.49828	89.25558	87.96608	87.05300	86.65541	86.25763	86.43406	87.23010	87.74333
3/31/2025	3:20:54 PM	86.53678	86.99562	88.95512	87.99476	88.11537	89.37596	89.13328	87.85731	86.94970	86.55177	86.15600	86.32652	87.12285	87.63311
3/31/2025	3:20:58 PM	86.43087	86.88665	88.82946	87.87872	88.00418	89.25679	89.01496	87.75278	86.85095	86.45236	86.05867	86.22302	87.01802	87.52600
3/31/2025	3:21:02 PM	86.32771	86.77721	88.70559	87.76331	87.89410	89.13837	88.89758	87.64774	86.75147	86.35288	85.96246	86.12185	86.91492	87.41944
3/31/2025	3:21:05 PM	86.22468	86.67050	88.58283	87.65031	87.78532	89.02074	88.78118	87.54526	86.65440	86.25653	85.86768	86.02321	86.81330	87.31560
3/31/2025	3:21:09 PM	86.12374	86.56347	88.45603	87.53675	87.67606	88.90200	88.66285	87.43989	86.55553	86.15803	85.77185	85.92190	86.70937	87.20799
3/31/2025	3:21:12 PM	86.02239	86.45927	88.33303	87.42412	87.56734	88.78454	88.54582	87.33524	86.45660	86.06057	85.67616	85.82257	86.60667	87.10246
3/31/2025	3:21:16 PM	85.92156	86.35291	88.21064	87.31227	87.45890	88.66685	88.42874	87.23094	86.35972	85.96392	85.58321	85.72601	86.50684	86.99950
3/31/2025	3:21:20 PM	85.82295	86.25225	88.09202	87.20305	87.35377	88.55261	88.31510	87.12962	86.26531	85.87081	85.49299	85.63096	86.40845	86.89893
3/31/2025	3:21:23 PM	85.72844	86.15355	87.97653	87.09839	87.25293	88.44188	88.20615	87.03292	86.17545	85.78242	85.40706	85.54215	86.31484	86.80188
3/31/2025	3:21:27 PM	85.63778	86.05782	87.86256	86.99436	87.15083	88.33038	88.09489	86.93438	86.08466	85.69233	85.32083	85.45228	86.21908	86.70260
3/31/2025	3:21:30 PM	85.54576	85.96192	87.74898	86.88988	87.04949	88.22029	87.98619	86.83837	85.99506	85.60426	85.23524	85.36343	86.12598	86.60613
3/31/2025	3:21:34 PM	85.45625	85.86739	87.63805	86.78890	86.95098	88.11175	87.87848	86.74211	85.90614	85.51742	85.15144	85.27576	86.03304	86.51038
3/31/2025	3:21:38 PM	85.36961	85.77372	87.52714	86.68849	86.85299	88.00573	87.77344	86.64772	85.81931	85.43274	85.06916	85.19125	85.94363	86.41837
3/31/2025	3:21:41 PM	85.28514	85.68741	87.42518	86.59338	86.76123	87.90476	87.67318	86.55873	85.73631	85.35029	84.98999	85.10870	85.85654	86.32774
3/31/2025	3:21:45 PM	85.19941	85.59657	87.31812	86.49697	86.66685	87.80140	87.57075	86.46877	85.65285	85.26817	84.90979	85.02579	85.76939	86.23763
3/31/2025	3:21:48 PM	85.11555	85.50928	87.21686	86.40455	86.57571	87.70081	87.47120	86.37901	85.57042	85.18766	84.83165	84.94533	85.68401	86.14875
3/31/2025	3:21:52 PM	85.03461	85.42305	87.11703	86.31327	86.48681	87.60283	87.37446	86.29335	85.49072	85.10914	84.75683	84.86704	85.60063	86.06229
3/31/2025	3:21:55 PM	84.95452	85.34072	87.01917	86.22379	86.39870	87.50589	87.27863	86.20710	85.41219	85.03150	84.68146	84.79055	85.51836	85.97687
3/31/2025	3:21:59 PM	84.87648	85.25712	86.92035	86.13246	86.30989	87.40791	87.18185	86.12179	85.33271	84.95334	84.60592	84.71216	85.43567	85.89168
3/31/2025	3:22:03 PM	84.79751	85.17578	86.82428	86.04552	86.22454	87.31458	87.08837	86.03937	85.25655	84.87893	84.53462	84.63808	85.35723	85.81027
3/31/2025	3:22:06 PM	84.72260	85.09542	86.73031	85.95960	86.13933	87.21976	86.99565	85.95597	85.18105	84.80545	84.46363	84.56472	85.27832	85.72726
3/31/2025	3:22:10 PM	84.64940	85.01799	86.63792	85.87454	86.05500	87.12736	86.90401	85.87526	85.10673	84.73221	84.39356	84.49278	85.20115	85.64710
3/31/2025	3:22:13 PM	84.57843	84.94429	86.54963	85.79320	85.97563	87.03859	86.81594	85.79614	85.03419	84.66158	84.32431	84.42289	85.12501	85.56827
3/31/2025	3:22:17 PM	84.50436	84.86695	86.46270	85.71949	85.90885	86.96132	86.72049	85.68097	84.89247	84.03792	84.16207	84.15187	84.90413	85.33282
3/31/2025	3:22:21 PM	84.09820	84.75624	86.30062	85.60396	85.77793	86.80411	86.58027	85.57976	84.83949	84.23950	84.12175	84.12442	84.86936	85.29384
3/31/2025	3:22:24 PM	84.16496	84.70403	86.23574	85.53844	85.70698	86.71727	86.49043	85.49666	84.77222	84.26900	84.06520	84.09158	84.81733	85.23702
3/31/2025	3:22:28 PM	84.15140	84.62707	86.15078	85.45841	85.62528	86.62160	86.39268	85.39935	84.65150	83.93096	83.95894	76.56385	84.50832	84.79057
3/31/2025	3:22:31 PM	78.41615	82.11040	85.33700	83.40225	82.34721	79.89479	76.83816	76.60540	76.56472	76.51664	76.71499	76.49213	76.49240	76.50580
3/31/2025	3:22:35 PM	76.49984	76.51125	76.55363	76.57372	76.56905	76.53020	76.55443	76.60741	76.54900	76.49518	76.69196	76.55744	76.49169	76.46081
