3/31/2025	2:26:40 PM	76.61326	76.56480	76.59123	76.59613	76.59504	76.57941	76.58883	76.63336	76.60813	76.56202	76.66222	76.59908	76.53714	76.57789
3/31/2025	2:26:44 PM	76.61270	76.56388	76.59087	76.59560	76.59545	76.57896	76.58879	76.63372	76.60811	76.56185	76.66184	76.60568	76.53733	76.57822
3/31/2025	2:26:48 PM	76.61269	76.56346	76.59009	76.59490	76.59504	76.57870	76.58882	76.63313	76.60799	76.56220	76.66217	76.60566	76.53657	76.57930
3/31/2025	2:26:51 PM	76.61273	76.56285	76.59065	76.59524	76.59591	76.57932	76.58939	76.63369	76.60838	76.56288	76.66258	76.60541	76.53722	76.57901
3/31/2025	2:26:55 PM	76.61267	76.56296	76.59103	76.59590	76.59573	76.57950	76.58960	76.63372	76.60835	76.56284	76.66302	76.60582	76.53733	76.57929
3/31/2025	2:26:58 PM	76.61307	76.56240	76.59046	76.59533	76.59545	76.57958	76.58977	76.63436	76.60862	76.56301	76.66211	76.60549	76.53753	76.57886
3/31/2025	2:27:02 PM	76.61223	76.56178	76.59053	76.59528	76.59530	76.57908	76.58926	76.63320	76.60818	76.56321	76.66225	76.60524	76.53756	76.57858
3/31/2025	2:27:06 PM	76.61293	76.56189	76.59019	76.59518	76.59460	76.57906	76.58991	76.63348	76.60841	76.56285	76.66254	76.60473	76.53717	76.57853
3/31/2025	2:27:09 PM	76.61245	76.56122	76.58967	76.59464	76.59434	76.57863	76.58983	76.63345	76.60766	76.56271	76.66244	76.60447	76.53709	76.57838
3/31/2025	2:27:13 PM	76.61208	76.56129	76.58975	76.59448	76.59406	76.57853	76.58940	76.63324	76.60836	76.56335	76.66265	76.60486	76.53741	76.57892
3/31/2025	2:27:16 PM	76.61215	76.56140	76.58986	76.59491	76.59417	76.57885	76.58972	76.63372	76.60862	76.56302	76.66265	76.60445	76.53700	76.57876
3/31/2025	2:27:20 PM	76.61226	76.56134	76.58988	76.59456	76.59427	76.57872	76.58971	76.63369	76.60818	76.56337	76.66266	76.60453	76.53751	76.57884
3/31/2025	2:27:24 PM	76.61238	76.56127	76.58937	76.59462	76.59398	76.57844	76.59022	76.63322	76.60820	76.56299	76.66288	76.60445	76.53699	76.57863
3/31/2025	2:27:27 PM	76.61169	76.56123	76.58960	76.59444	76.59388	76.57878	76.59006	76.63334	76.60842	76.56321	76.66253	76.60429	76.53708	76.57882
3/31/2025	2:27:31 PM	76.61227	76.56127	76.58942	76.59432	76.59409	76.57860	76.58983	76.63397	76.60806	76.56326	76.66286	76.60419	76.53649	76.57822
3/31/2025	2:27:34 PM	76.61220	76.56100	76.58991	76.59422	76.59344	76.57831	76.58974	76.63297	76.60792	76.56280	76.66307	76.60387	76.53631	76.57816
3/31/2025	2:27:38 PM	76.61207	76.56095	76.58916	76.59387	76.59359	76.57801	76.58923	76.63294	76.60787	76.56307	76.66323	76.60412	76.53677	76.57839
3/31/2025	2:27:42 PM	76.61221	76.56097	76.58940	76.59419	76.59327	76.57802	76.58957	76.63333	76.60746	76.56282	76.66260	76.60325	76.53670	76.57828
3/31/2025	2:27:45 PM	76.61190	76.56053	76.58927	76.59420	76.59295	76.57790	76.58938	76.63297	76.60721	76.56270	76.66270	76.60387	76.53700	76.57870
3/31/2025	2:27:49 PM	76.61220	76.56081	76.58956	76.59378	76.59280	76.57773	76.58919	76.63222	76.60676	76.56220	76.66237	76.60383	76.53651	76.57811
3/31/2025	2:27:52 PM	76.61200	76.56066	76.58905	76.59399	76.59287	76.57767	76.58872	76.63254	76.60688	76.56244	76.66252	76.60346	76.53617	76.57825
3/31/2025	2:27:56 PM	76.61183	76.56089	76.58948	76.59423	76.59295	76.57744	76.58870	76.63213	76.60687	76.56212	76.66206	76.60306	76.53618	76.57773
3/31/2025	2:27:59 PM	76.61202	76.56107	76.58927	76.59392	76.59285	76.57745	76.58880	76.63304	76.60721	76.56242	76.66228	76.60319	76.53656	76.57825
3/31/2025	2:28:03 PM	76.61205	76.56057	76.58929	76.59429	76.59315	76.57766	76.58915	76.63234	76.60679	76.56192	76.66270	76.60364	76.53646	76.57795
3/31/2025	2:28:07 PM	76.61213	76.56112	76.58922	76.59387	76.59290	76.57729	76.58887	76.63213	76.60681	76.56153	76.66201	76.60300	76.53644	76.57763
3/31/2025	2:28:10 PM	76.61125	76.56083	76.58915	76.59398	76.59299	76.57736	76.58858	76.63197	76.60644	76.56172	76.66205	76.60291	76.53663	76.57784
3/31/2025	2:28:14 PM	76.61167	76.56079	76.58910	76.59354	76.59283	76.57734	76.58843	76.63188	76.60607	76.56147	76.66215	76.60274	76.53622	76.57810
3/31/2025	2:28:17 PM	76.61185	76.56101	76.58934	76.59389	76.59258	76.57750	76.58876	76.63212	76.60599	76.56096	76.66135	76.60246	76.53595	76.57743
3/31/2025	2:28:21 PM	76.61104	76.56023	76.58932	76.59357	76.59260	76.57714	76.58856	76.63178	76.60563	76.56122	76.66173	76.60270	76.53627	76.57762
3/31/2025	2:28:25 PM	76.61184	76.56051	76.58901	76.59385	76.59262	76.57695	76.58815	76.63117	76.60557	76.56101	76.66170	76.60223	76.53594	76.57725
3/31/2025	2:28:28 PM	76.61132	76.56018	76.58883	76.59355	76.59291	76.57747	76.58785	76.63140	76.60609	76.56095	76.66169	76.60272	76.53603	76.57758
3/31/2025	2:28:32 PM	76.61116	76.55989	76.58860	76.59367	76.59208	76.57686	76.58794	76.63054	76.60560	76.56071	76.66129	76.60263	76.53614	76.57715
3/31/2025	2:28:35 PM	76.61103	76.56014	76.58863	76.59344	76.59240	76.57728	76.58829	76.63145	76.60578	76.56086	76.66141	76.60243	76.53621	76.57700
3/31/2025	2:28:39 PM	76.61144	76.56027	76.58850	76.59376	76.59247	76.57709	76.58814	76.63117	76.60573	76.56090	76.66152	76.60260	76.53609	76.57760
3/31/2025	2:28:43 PM	76.61136	76.56086	76.58935	76.59413	76.59249	76.57704	76.58821	76.63091	76.60563	76.56063	76.66136	76.60227	76.53630	76.57763
3/31/2025	2:28:46 PM	76.61143	76.56098	76.58932	76.59360	76.59252	76.57687	76.58841	76.63107	76.60549	76.56049	76.66127	76.60210	76.53577	76.57762
3/31/2025	2:28:50 PM	76.61116	76.56045	76.58905	76.59396	76.59241	76.57709	76.58802	76.63104	76.60544	76.56074	76.66092	76.60167	76.53606	76.57741
3/31/2025	2:28:53 PM	76.61109	76.56046	76.58913	76.59368	76.59246	76.57674	76.58778	76.63117	76.60495	76.56066	76.66091	76.60179	76.53602	76.57751
3/31/2025	2:28:57 PM	76.61120	76.56080	76.58917	76.59343	76.59228	76.57646	76.58766	76.63088	76.60487	76.55985	76.66075	76.60182	76.53538	76.57699
3/31/2025	2:29:01 PM	76.61107	76.56069	76.58902	76.59376	76.59215	76.57671	76.58781	76.63091	76.60462	76.56034	76.66060	76.60196	76.53533	76.57660
3/31/2025	2:29:04 PM	76.61080	76.56083	76.58878	76.59355	76.59214	76.57657	76.58780	76.63099	76.60447	76.56038	76.66067	76.60159	76.53577	76.57706
3/31/2025	2:29:08 PM	76.61115	76.56083	76.58887	76.59365	76.59211	76.57630	76.58792	76.63068	76.60442	76.56004	76.66051	76.60112	76.53567	76.57708
3/31/2025	2:29:11 PM	76.61089	76.56063	76.58926	76.59392	76.59237	76.57680	76.58784	76.63078	76.60467	76.56017	76.66101	76.60188	76.53616	76.57716
3/31/2025	2:29:15 PM	76.61134	76.56093	76.58939	76.59442	76.59259	76.57700	76.58808	76.63068	76.60470	76.56096	76.66092	76.60167	76.53659	76.57786
3/31/2025	2:29:18 PM	76.61136	76.56070	76.58900	76.59423	76.59248	76.57649	76.58734	76.63096	76.60431	76.56040	76.66021	76.60149	76.53589	76.57660
3/31/2025	2:29:22 PM	76.61065	76.56053	76.58898	76.59394	76.59164	76.57652	76.58718	76.63072	76.60430	76.56044	76.66048	76.60132	76.53581	76.57616
3/31/2025	2:29:25 PM	76.61085	76.56036	76.58851	76.59395	76.59237	76.57649	76.58741	76.63073	76.60435	76.55975	76.65980	76.60078	76.53541	76.57648
3/31/2025	2:29:29 PM	76.61094	76.56073	76.58884	76.59396	76.59225	76.57665	76.58761	76.63060	76.60419	76.55984	76.65999	76.60099	76.53553	76.57654
3/31/2025	2:29:33 PM	76.61048	76.56068	76.58879	76.59370	76.59197	76.57713	76.58772	76.63091	76.60392	76.55990	76.65989	76.60127	76.53568	76.57620
3/31/2025	2:29:36 PM	76.61058	76.56033	76.58874	76.59420	76.59234	76.57658	76.58747	76.63073	76.60458	76.56019	76.66009	76.60103	76.53556	76.57662
3/31/2025	2:29:40 PM	76.61071	76.56026	76.58867	76.59403	76.59216	76.57645	76.58703	76.63025	76.60414	76.55985	76.65981	76.60104	76.53572	76.57643
3/31/2025	2:29:43 PM	76.61056	76.56027	76.58883	76.59407	76.59238	76.57637	76.58697	76.63019	76.60353	76.55975	76.65998	76.60050	76.53539	76.57657
3/31/2025	2:29:47 PM	76.61056	76.56029	76.58857	76.59353	76.59207	76.57623	76.58713	76.63027	76.60390	76.55956	76.65969	76.60092	76.53540	76.57607
3/31/2025	2:29:51 PM	76.61057	76.56010	76.58830	76.59387	76.59227	76.57650	76.58697	76.63047	76.60420	76.55964	76.65967	76.60100	76.53580	76.57654
3/31/2025	2:29:54 PM	76.61082	76.56030	76.58907	76.59409	76.59270	76.57681	76.58773	76.63038	76.60381	76.55973	76.65968	76.60050	76.53559	76.57621
3/31/2025	2:29:58 PM	76.61058	76.55999	76.58863	76.59400	76.59226	76.57676	76.58707	76.63037	76.60396	76.55984	76.65996	76.60071	76.53570	76.57627
3/31/2025	2:30:01 PM	76.61023	76.56017	76.58895	76.59385	76.59245	76.57691	76.58728	76.63043	76.60408	76.55969	76.65951	76.60079	76.53573	76.57647
3/31/2025	2:30:05 PM	76.61071	76.56033	76.58848	76.59412	76.59230	76.57668	76.58713	76.63087	76.60427	76.55971	76.65970	76.60052	76.53541	76.57624
3/31/2025	2:30:09 PM	76.60998	76.55989	76.58859	76.59420	76.59238	76.57642	76.58688	76.63038	76.60384	76.55929	76.65967	76.60064	76.53588	76.57656
3/31/2025	2:30:12 PM	76.61063	76.56006	76.58907	76.59424	76.59256	76.57622	76.58721	76.63028	76.60379	76.55956	76.65953	76.60036	76.53565	76.57603
3/31/2025	2:30:16 PM	76.61036	76.56000	76.58882	76.59435	76.59230	76.57623	76.58704	76.62992	76.60367	76.55929	76.65925	76.60019	76.53542	76.57613
3/31/2025	2:30:19 PM	76.60990	76.55972	76.58886	76.59385	76.59229	76.57642	76.58687	76.63003	76.60367	76.55947	76.65928	76.59968	76.53525	76.57572
3/31/2025	2:30:23 PM	76.61018	76.55959	76.58850	76.59406	76.59225	76.57616	76.58690	76.62998	76.60358	76.55951	76.65926	76.60036	76.53609	76.57574
3/31/2025	2:30:27 PM	76.61029	76.55997	76.58860	76.59399	76.59231	76.57650	76.58697	76.63012	76.60356	76.55912	76.65936	76.60017	76.53565	76.57602
3/31/2025	2:30:30 PM	76.61014	76.55951	76.58849	76.59359	76.59206	76.57638	76.58681	76.63030	76.60391	76.55926	76.65932	76.60041	76.53539	76.57603
3/31/2025	2:30:34 PM	76.60987	76.55972	76.58852	76.59399	76.59206	76.57624	76.58683	76.62964	76.60352	76.55922	76.65905	76.59986	76.53581	76.57575
3/31/2025	2:30:37 PM	76.61023	76.55963	76.58859	76.59407	76.59219	76.57618	76.58694	76.63006	76.60359	76.55898	76.65895	76.59985	76.53584	76.57583
3/31/2025	2:30:41 PM	76.61024	76.55979	76.58878	76.59430	76.59222	76.57622	76.58678	76.63010	76.60350	76.55874	76.65924	76.59982	76.53545	76.57575
3/31/2025	2:30:45 PM	76.60959	76.55976	76.58867	76.59388	76.59230	76.57612	76.58671	76.62994	76.60361	76.55901	76.65907	76.60021	76.53587	76.57564
3/31/2025	2:30:48 PM	76.60989	76.55953	76.58840	76.59390	76.59175	76.57620	76.58671	76.62963	76.60311	76.55877	76.65878	76.59943	76.53536	76.57547
3/31/2025	2:30:52 PM	76.60988	76.55949	76.58819	76.59416	76.59218	76.57624	76.58713	76.62974	76.60329	76.55875	76.65876	76.59952	76.53550	76.57578
3/31/2025	2:30:55 PM	76.60936	76.55912	76.58841	76.59418	76.59198	76.57612	76.58679	76.62962	76.60268	76.55846	76.65892	76.59965	76.53561	76.57545
3/31/2025	2:30:59 PM	76.60942	76.55928	76.58827	76.59391	76.59181	76.57580	76.58622	76.62954	76.60297	76.55863	76.65871	76.59939	76.53551	76.57569
3/31/2025	2:31:02 PM	76.61019	76.55951	76.58891	76.59446	76.59244	76.57613	76.58690	76.62974	76.60352	76.55886	76.65883	76.59955	76.53525	76.57539
3/31/2025	2:31:06 PM	76.60982	76.55940	76.58859	76.59392	76.59188	76.57592	76.58634	76.62968	76.60318	76.55848	76.65883	76.59937	76.53565	76.57510
3/31/2025	2:31:10 PM	76.60968	76.55917	76.58862	76.59401	76.59209	76.57569	76.58641	76.62973	76.60326	76.55861	76.65909	76.59962	76.53549	76.57521
3/31/2025	2:31:13 PM	76.60998	76.55921	76.58865	76.59411	76.59191	76.57598	76.58674	76.62962	76.60354	76.55857	76.65914	76.59956	76.53576	76.57529
3/31/2025	2:31:17 PM	76.60959	76.55964	76.58824	76.59414	76.59246	76.57571	76.58660	76.62969	76.60353	76.55880	76.65878	76.59950	76.53550	76.57548
3/31/2025	2:31:20 PM	76.60998	76.55983	76.58854	76.59401	76.59221	76.57573	76.58646	76.62965	76.60264	76.55855	76.65820	76.59941	76.53582	76.57493
3/31/2025	2:31:24 PM	76.60977	76.55932	76.58847	76.59401	76.59197	76.57572	76.58624	76.62931	76.60291	76.55841	76.65797	76.59913	76.53525	76.57482
3/31/2025	2:31:28 PM	76.60941	76.55902	76.58811	76.59399	76.59205	76.57567	76.58639	76.62940	76.60298	76.55832	76.65840	76.59888	76.53543	76.57453
3/31/2025	2:31:31 PM	76.60909	76.55923	76.58805	76.59389	76.59204	76.57604	76.58649	76.62966	76.60340	76.55822	76.65846	76.59892	76.53557	76.57503
3/31/2025	2:31:35 PM	76.60939	76.55879	76.58797	76.59384	76.59204	76.57538	76.58635	76.62945	76.60264	76.55794	76.65846	76.59906	76.53532	76.57470
3/31/2025	2:31:38 PM	76.60910	76.55878	76.58753	76.59358	76.59187	76.57586	76.58622	76.62900	76.60229	76.55790	76.65800	76.59886	76.53521	76.57455
3/31/2025	2:31:42 PM	76.60916	76.55885	76.58746	76.59338	76.59172	76.57547	76.58648	76.62973	76.60280	76.55805	76.65850	76.59897	76.53543	76.57462
3/31/2025	2:31:46 PM	76.60913	76.55879	76.58738	76.59306	76.59170	76.57531	76.58627	76.62921	76.60274	76.55800	76.65853	76.59898	76.53527	76.57417
3/31/2025	2:31:49 PM	76.60931	76.55861	76.58814	76.59391	76.59145	76.57510	76.58552	76.62902	76.60211	76.55811	76.65849	76.59869	76.53514	76.57455
3/31/2025	2:31:53 PM	76.60942	76.55883	76.58753	76.59360	76.59146	76.57532	76.58604	76.62928	76.60281	76.55768	76.65816	76.59860	76.53531	76.57455
3/31/2025	2:31:56 PM	76.60893	76.55847	76.58766	76.59331	76.59144	76.57518	76.58580	76.62891	76.60231	76.55807	76.65845	76.59873	76.53505	76.57428
3/31/2025	2:32:00 PM	76.60882	76.55840	76.58790	76.59339	76.59138	76.57459	76.58568	76.62863	76.60248	76.55805	76.65810	76.59864	76.53503	76.57431
3/31/2025	2:32:03 PM	76.60906	76.55858	76.58795	76.59374	76.59142	76.57497	76.58588	76.62898	76.60234	76.55810	76.65791	76.59863	76.53546	76.57417
3/31/2025	2:32:07 PM	76.60936	76.55873	76.58796	76.59347	76.59139	76.57495	76.58557	76.62858	76.60235	76.55755	76.65751	76.59817	76.53492	76.57382
3/31/2025	2:32:10 PM	76.60863	76.55857	76.58743	76.59317	76.59106	76.57449	76.58582	76.62855	76.60231	76.55762	76.65767	76.59831	76.53475	76.57394
3/31/2025	2:32:14 PM	76.60892	76.55841	76.58740	76.59308	76.59135	76.57485	76.58509	76.62819	76.60196	76.55789	76.65746	76.59832	76.53471	76.57383
3/31/2025	2:32:18 PM	76.60953	76.55846	76.58727	76.59311	76.59119	76.57481	76.58522	76.62807	76.60130	76.55743	76.65724	76.59784	76.53490	76.57406
3/31/2025	2:32:21 PM	76.60858	76.55774	76.58744	76.59305	76.59109	76.57429	76.58544	76.62770	76.60142	76.55746	76.65743	76.59825	76.53481	76.57364
3/31/2025	2:32:25 PM	76.60820	76.55759	76.58679	76.59259	76.59084	76.57377	76.58499	76.62849	76.60145	76.55755	76.65706	76.59759	76.53471	76.57331
3/31/2025	2:32:28 PM	76.60797	76.55767	76.58686	76.59267	76.59063	76.57445	76.58516	76.62809	76.60176	76.55722	76.65747	76.59793	76.53480	76.57365
3/31/2025	2:32:32 PM	76.60838	76.55795	76.58669	76.59254	76.59053	76.57374	76.58467	76.62846	76.60162	76.55753	76.65725	76.59787	76.53450	76.57380
3/31/2025	2:32:35 PM	76.60825	76.55782	76.58703	76.59277	76.59032	76.57390	76.58451	76.62851	76.60167	76.55729	76.65748	76.59785	76.53475	76.57350
3/31/2025	2:32:39 PM	76.60857	76.55772	76.58711	76.59291	76.59015	76.57384	76.58454	76.62866	76.60179	76.55763	76.65703	76.59764	76.53458	76.57358
3/31/2025	2:32:43 PM	76.60777	76.55747	76.58653	76.59218	76.59017	76.57372	76.58436	76.62813	76.60109	76.55733	76.65724	76.59730	76.53417	76.57326
3/31/2025	2:32:46 PM	76.60784	76.55743	76.58623	76.59210	76.59004	76.57363	76.58437	76.62778	76.60167	76.55710	76.65684	76.59746	76.53427	76.57335
3/31/2025	2:32:50 PM	76.60848	76.55756	76.58643	76.59216	76.59001	76.57340	76.58410	76.62787	76.60109	76.55719	76.65627	76.59718	76.53427	76.57314
3/31/2025	2:32:53 PM	76.60804	76.55740	76.58643	76.59192	76.59014	76.57336	76.58437	76.62761	76.60176	76.55729	76.65661	76.59692	76.53405	76.57286
3/31/2025	2:32:57 PM	76.60768	76.55741	76.58609	76.59164	76.59007	76.57360	76.58443	76.62772	76.60134	76.55715	76.65668	76.59725	76.53421	76.57281
3/31/2025	2:33:00 PM	76.60793	76.55726	76.58597	76.59165	76.58997	76.57363	76.58422	76.62755	76.60098	76.55706	76.65672	76.59696	76.53380	76.57268
3/31/2025	2:33:04 PM	76.60735	76.55692	76.58571	76.59153	76.58939	76.57333	76.58416	76.62768	76.60097	76.55704	76.65663	76.59714	76.53421	76.57308
3/31/2025	2:33:08 PM	76.60830	76.55713	76.58597	76.59169	76.58998	76.57381	76.58411	76.62783	76.60120	76.55676	76.65653	76.59688	76.53449	76.57233
3/31/2025	2:33:11 PM	76.60778	76.55691	76.58596	76.59123	76.58943	76.57331	76.58441	76.62785	76.60089	76.55685	76.65637	76.59698	76.53388	76.57277
3/31/2025	2:33:15 PM	76.60807	76.55689	76.58594	76.59110	76.58930	76.57316	76.58422	76.62745	76.60058	76.55697	76.65643	76.59684	76.53386	76.57301
3/31/2025	2:33:19 PM	76.60819	76.55712	76.58604	76.59140	76.58935	76.57370	76.58430	76.62748	76.60116	76.55685	76.65674	76.59730	76.53372	76.57267
3/31/2025	2:33:22 PM	76.60775	76.55700	76.58596	76.59179	76.58979	76.57342	76.58424	76.62787	76.60085	76.55678	76.65630	76.59662	76.53418	76.57263
3/31/2025	2:33:26 PM	76.60788	76.55692	76.58582	76.59120	76.58943	76.57315	76.58399	76.62735	76.60017	76.55680	76.65617	76.59623	76.53373	76.57220
3/31/2025	2:33:29 PM	76.60749	76.55643	76.58535	76.59067	76.58917	76.57266	76.58372	76.62752	76.60077	76.55652	76.65623	76.59664	76.53394	76.57263
3/31/2025	2:33:33 PM	76.60774	76.55689	76.58563	76.59097	76.58943	76.57280	76.58367	76.62760	76.60093	76.55674	76.65629	76.59647	76.53341	76.57233
3/31/2025	2:33:37 PM	76.60718	76.55629	76.58538	76.59064	76.58937	76.57297	76.58424	76.62763	76.60059	76.55656	76.65601	76.59614	76.53360	76.57244
3/31/2025	2:33:40 PM	76.60714	76.55682	76.58588	76.59057	76.58886	76.57277	76.58358	76.62752	76.60092	76.55648	76.65600	76.59621	76.53345	76.57199
3/31/2025	2:33:44 PM	76.60719	76.55665	76.58530	76.59064	76.58883	76.57312	76.58406	76.62761	76.60084	76.55649	76.65603	76.59640	76.53311	76.57216
3/31/2025	2:33:47 PM	76.60690	76.55648	76.58474	76.59015	76.58851	76.57221	76.58359	76.62701	76.60008	76.55628	76.65588	76.59597	76.53321	76.57201
3/31/2025	2:33:51 PM	76.60690	76.55656	76.58469	76.58992	76.58874	76.57239	76.58336	76.62697	76.60024	76.55579	76.65559	76.59579	76.53329	76.57218
3/31/2025	2:33:54 PM	76.60681	76.55607	76.58513	76.59019	76.58844	76.57239	76.58360	76.62694	76.60036	76.55599	76.65559	76.59543	76.53327	76.57169
3/31/2025	2:33:58 PM	76.60682	76.55606	76.58476	76.58998	76.58836	76.57246	76.58351	76.62709	76.60009	76.55574	76.65536	76.59589	76.53302	76.57187
3/31/2025	2:34:02 PM	76.60694	76.55670	76.58505	76.58986	76.58848	76.57288	76.58359	76.62703	76.60030	76.55593	76.65577	76.59554	76.53303	76.57151
3/31/2025	2:34:05 PM	76.60687	76.55634	76.58494	76.58973	76.58804	76.57207	76.58321	76.62703	76.60041	76.55586	76.65548	76.59551	76.53287	76.57120
3/31/2025	2:34:09 PM	76.60674	76.55595	76.58435	76.58960	76.58815	76.57180	76.58316	76.62686	76.60033	76.55585	76.65515	76.59522	76.53292	76.57156
3/31/2025	2:34:12 PM	76.60680	76.55576	76.58438	76.58917	76.58828	76.57200	76.58352	76.62715	76.60011	76.55599	76.65557	76.59562	76.53317	76.57162
3/31/2025	2:34:16 PM	76.60669	76.55581	76.58461	76.58953	76.58786	76.57205	76.58295	76.62662	76.60012	76.55571	76.65570	76.59600	76.53323	76.57171
3/31/2025	2:34:20 PM	76.60731	76.55644	76.58466	76.58944	76.58878	76.57194	76.58360	76.62681	76.60009	76.55587	76.65577	76.59581	76.53300	76.57215
3/31/2025	2:34:23 PM	76.60710	76.55614	76.58497	76.58949	76.58852	76.57214	76.58349	76.62675	76.60034	76.55547	76.65566	76.59572	76.53283	76.57168
3/31/2025	2:34:27 PM	76.60674	76.55601	76.58435	76.58934	76.58790	76.57167	76.58319	76.62667	76.59976	76.55547	76.65510	76.59519	76.53191	76.57097
3/31/2025	2:34:30 PM	76.60610	76.55561	76.58412	76.58872	76.58791	76.57161	76.58323	76.62651	76.59968	76.55595	76.65541	76.59562	76.53247	76.57189
3/31/2025	2:34:34 PM	76.60634	76.55587	76.58455	76.58920	76.58776	76.57181	76.58319	76.62663	76.59953	76.55559	76.65536	76.59499	76.53231	76.57136
3/31/2025	2:34:38 PM	76.60607	76.55554	76.58437	76.58925	76.58773	76.57162	76.58336	76.62682	76.60000	76.55534	76.65497	76.59514	76.53248	76.57146
3/31/2025	2:34:41 PM	76.60692	76.55576	76.58440	76.58902	76.58782	76.57168	76.58315	76.62623	76.59955	76.55555	76.65516	76.59550	76.53233	76.57127
3/31/2025	2:34:45 PM	76.60606	76.55545	76.58397	76.58850	76.58792	76.57143	76.58304	76.62572	76.59906	76.55461	76.65541	76.59528	76.53224	76.57152
3/31/2025	2:34:48 PM	76.60611	76.55510	76.58446	76.58843	76.58794	76.57162	76.58312	76.62634	76.59989	76.55530	76.65544	76.59556	76.53215	76.57140
3/31/2025	2:34:52 PM	76.60594	76.55567	76.58401	76.58846	76.58757	76.57174	76.58296	76.62599	76.59905	76.55491	76.65505	76.59537	76.53242	76.57125
3/31/2025	2:34:56 PM	76.60601	76.55558	76.58389	76.58833	76.58714	76.57151	76.58284	76.62550	76.59924	76.55485	76.65494	76.59519	76.53173	76.57100
3/31/2025	2:34:59 PM	76.60568	76.55507	76.58327	76.58852	76.58777	76.57176	76.58249	76.62550	76.59916	76.55496	76.65470	76.59476	76.53198	76.57123
3/31/2025	2:35:03 PM	76.60588	76.55497	76.58375	76.58825	76.58747	76.57118	76.58254	76.62536	76.59926	76.55509	76.65488	76.59464	76.53185	76.57057
3/31/2025	2:35:06 PM	76.60550	76.55502	76.58382	76.58798	76.58697	76.57083	76.58165	76.62423	76.59901	76.55452	76.65420	76.59451	76.53143	76.57085
3/31/2025	2:35:10 PM	76.60532	76.55493	76.58354	76.58740	76.58707	76.57060	76.58157	76.62440	76.59875	76.55435	76.65467	76.59475	76.53176	76.57101
3/31/2025	2:35:13 PM	76.60536	76.55471	76.58316	76.58741	76.58711	76.57034	76.58124	76.62423	76.59888	76.55446	76.65458	76.59464	76.53147	76.57119
3/31/2025	2:35:17 PM	76.60541	76.55476	76.58319	76.58784	76.58665	76.57061	76.58078	76.62345	76.59837	76.55424	76.65376	76.59456	76.53116	76.57046
3/31/2025	2:35:21 PM	76.60482	76.55424	76.58289	76.58738	76.58654	76.56992	76.58016	76.62337	76.59820	76.55428	76.65411	76.59432	76.53051	76.57015
3/31/2025	2:35:24 PM	76.60499	76.55419	76.58266	76.58742	76.58624	76.56967	76.58010	76.62318	76.59791	76.55424	76.65375	76.59413	76.53073	76.57068
3/31/2025	2:35:28 PM	76.60488	76.55390	76.58235	76.58722	76.58570	76.56930	76.57992	76.62281	76.59833	76.55384	76.65353	76.59396	76.53048	76.57040
3/31/2025	2:35:31 PM	76.60456	76.55368	76.58238	76.58731	76.58589	76.56959	76.57943	76.62293	76.59781	76.55371	76.65338	76.59373	76.52991	76.57042
3/31/2025	2:35:35 PM	76.60423	76.55366	76.58207	76.58678	76.58560	76.56892	76.57902	76.62279	76.59812	76.55368	76.65305	76.59326	76.53016	76.57035
3/31/2025	2:35:39 PM	76.60416	76.55370	76.58210	76.58679	76.58551	76.56900	76.57952	76.62329	76.59781	76.55364	76.65368	76.59382	76.53034	76.57080
3/31/2025	2:35:42 PM	76.60449	76.55399	76.58249	76.58731	76.58553	76.56910	76.57976	76.62288	76.59805	76.55420	76.65347	76.59392	76.53037	76.57028
3/31/2025	2:35:46 PM	76.60435	76.55348	76.58215	76.58688	76.58569	76.56870	76.57898	76.62257	76.59763	76.55363	76.65304	76.59334	76.52986	76.57046
3/31/2025	2:35:49 PM	76.60386	76.55308	76.58165	76.58686	76.58572	76.56927	76.57956	76.62276	76.59807	76.55403	76.65351	76.59357	76.53041	76.57061
3/31/2025	2:35:53 PM	76.60439	76.55336	76.58206	76.58714	76.58574	76.56875	76.57933	76.62269	76.59787	76.55369	76.65310	76.59358	76.53017	76.57074
3/31/2025	2:35:57 PM	76.60395	76.55320	76.58217	76.58715	76.58574	76.56811	76.57926	76.62232	76.59732	76.55330	76.65274	76.59316	76.52963	76.57024
3/31/2025	2:36:00 PM	76.60429	76.55284	76.58179	76.58670	76.58515	76.56842	76.57913	76.62255	76.59764	76.55285	76.65250	76.59292	76.52969	76.56965
3/31/2025	2:36:04 PM	76.60357	76.55260	76.58161	76.58639	76.58527	76.56796	76.57938	76.62211	76.59714	76.55303	76.65292	76.59328	76.52945	76.56994
3/31/2025	2:36:07 PM	76.60374	76.55253	76.58160	76.58603	76.58497	76.56779	76.57866	76.62220	76.59763	76.55294	76.65269	76.59311	76.52984	76.57033
3/31/2025	2:36:11 PM	76.60376	76.55312	76.58220	76.58629	76.58498	76.56797	76.57868	76.62216	76.59753	76.55320	76.65290	76.59316	76.52923	76.57014
3/31/2025	2:36:15 PM	76.60394	76.55270	76.58160	76.58587	76.58487	76.56754	76.57823	76.62136	76.59747	76.55319	76.65263	76.59277	76.52942	76.56993
3/31/2025	2:36:18 PM	76.60357	76.55259	76.58165	76.58601	76.58494	76.56760	76.57870	76.62192	76.59728	76.55302	76.65259	76.59299	76.52902	76.56992
3/31/2025	2:36:22 PM	76.60342	76.55256	76.58131	76.58585	76.58467	76.56772	76.57846	76.62190	76.59705	76.55273	76.65245	76.59268	76.52921	76.57002
3/31/2025	2:36:25 PM	76.60346	76.55256	76.58123	76.58593	76.58459	76.56737	76.57842	76.62196	76.59708	76.55278	76.65261	76.59263	76.52931	76.57024
3/31/2025	2:36:29 PM	76.60325	76.55212	76.58119	76.58556	76.58392	76.56684	76.57770	76.62100	76.59619	76.55232	76.65232	76.59256	76.52872	76.56941
3/31/2025	2:36:32 PM	76.60321	76.55224	76.58104	76.58553	76.58411	76.56709	76.57778	76.62111	76.59672	76.55234	76.65240	76.59216	76.52834	76.56932
3/31/2025	2:36:36 PM	76.60270	76.55174	76.58050	76.58554	76.58421	76.56734	76.57742	76.62096	76.59653	76.55210	76.65244	76.59262	76.52894	76.57002
3/31/2025	2:36:40 PM	76.60322	76.55223	76.58081	76.58579	76.58382	76.56717	76.57770	76.62154	76.59694	76.55278	76.65260	76.59264	76.52874	76.57002
3/31/2025	2:36:43 PM	76.60314	76.55258	76.58129	76.58602	76.58434	76.56702	76.57824	76.62117	76.59671	76.55274	76.65262	76.59261	76.52934	76.56973
3/31/2025	2:36:47 PM	76.60297	76.55198	76.58062	76.58539	76.58402	76.56651	76.57763	76.62133	76.59681	76.55247	76.65212	76.59233	76.52842	76.56982
3/31/2025	2:36:50 PM	76.60318	76.55192	76.58140	76.58603	76.58424	76.56726	76.57789	76.62082	76.59679	76.55246	76.65229	76.59223	76.52837	76.56956
3/31/2025	2:36:54 PM	76.60274	76.55195	76.58053	76.58493	76.58354	76.56673	76.57725	76.62041	76.59608	76.55217	76.65211	76.59215	76.52826	76.56993
3/31/2025	2:36:58 PM	76.60282	76.55164	76.58090	76.58534	76.58394	76.56645	76.57721	76.62045	76.59618	76.55193	76.65185	76.59198	76.52822	76.56970
3/31/2025	2:37:01 PM	76.60252	76.55156	76.58057	76.58509	76.58375	76.56624	76.57682	76.62054	76.59645	76.55199	76.65221	76.59170	76.52782	76.56936
3/31/2025	2:37:05 PM	76.60244	76.55147	76.58047	76.58492	76.58336	76.56572	76.57668	76.62025	76.59541	76.55182	76.65174	76.59130	76.52748	76.56947
3/31/2025	2:37:08 PM	76.60238	76.55117	76.58052	76.58524	76.58344	76.56594	76.57647	76.61991	76.59528	76.55148	76.65176	76.59145	76.52770	76.56946
3/31/2025	2:37:12 PM	76.60206	76.55131	76.58011	76.58483	76.58325	76.56602	76.57671	76.62008	76.59579	76.55209	76.65182	76.59185	76.52788	76.56915
3/31/2025	2:37:15 PM	76.60222	76.55162	76.58077	76.58540	76.58365	76.56576	76.57678	76.62028	76.59564	76.55205	76.65158	76.59156	76.52816	76.56946
3/31/2025	2:37:19 PM	76.60199	76.55105	76.58048	76.58481	76.58344	76.56562	76.57683	76.62013	76.59570	76.55182	76.65161	76.59150	76.52748	76.56939
3/31/2025	2:37:22 PM	76.60179	76.55112	76.58041	76.58479	76.58317	76.56537	76.57637	76.61969	76.59514	76.55156	76.65130	76.59137	76.52763	76.56900
3/31/2025	2:37:26 PM	76.60151	76.55084	76.57985	76.58490	76.58253	76.56536	76.57610	76.61960	76.59496	76.55153	76.65117	76.59119	76.52706	76.56882
3/31/2025	2:37:30 PM	76.60205	76.55141	76.57996	76.58474	76.58306	76.56495	76.57614	76.62008	76.59489	76.55113	76.65072	76.59089	76.52718	76.56874
3/31/2025	2:37:33 PM	76.60131	76.55048	76.57979	76.58443	76.58266	76.56486	76.57605	76.62027	76.59507	76.55150	76.65138	76.59090	76.52663	76.56858
3/31/2025	2:37:37 PM	76.60155	76.55091	76.58050	76.58485	76.58301	76.56502	76.57600	76.62002	76.59494	76.55141	76.65113	76.59141	76.52724	76.56918
3/31/2025	2:37:40 PM	76.60174	76.55107	76.58034	76.58480	76.58301	76.56500	76.57637	76.62008	76.59531	76.55166	76.65119	76.59075	76.52718	76.56938
3/31/2025	2:37:44 PM	76.60172	76.55101	76.58066	76.58526	76.58312	76.56557	76.57643	76.61999	76.59493	76.55181	76.65105	76.59115	76.52697	76.56934
3/31/2025	2:37:48 PM	76.60204	76.55102	76.58040	76.58512	76.58290	76.56538	76.57615	76.61970	76.59500	76.55169	76.65112	76.59078	76.52693	76.56859
3/31/2025	2:37:51 PM	76.60161	76.55050	76.57953	76.58465	76.58209	76.56489	76.57592	76.61934	76.59443	76.55127	76.65099	76.59058	76.52649	76.56824
3/31/2025	2:37:55 PM	76.60134	76.55064	76.57995	76.58448	76.58232	76.56478	76.57603	76.61956	76.59454	76.55136	76.65115	76.59043	76.52649	76.56853
3/31/2025	2:37:58 PM	76.60115	76.55078	76.57999	76.58450	76.58249	76.56506	76.57564	76.61920	76.59449	76.55138	76.65098	76.59032	76.52640	76.56863
3/31/2025	2:38:02 PM	76.60125	76.55073	76.58010	76.58445	76.58242	76.56483	76.57547	76.61916	76.59424	76.55109	76.65043	76.59003	76.52633	76.56829
3/31/2025	2:38:06 PM	76.60126	76.55087	76.57969	76.58458	76.58228	76.56477	76.57521	76.61863	76.59384	76.55101	76.65060	76.59025	76.52622	76.56793
3/31/2025	2:38:09 PM	76.60097	76.55047	76.57941	76.58405	76.58191	76.56427	76.57572	76.61871	76.59347	76.55079	76.65075	76.59036	76.52646	76.56819
3/31/2025	2:38:13 PM	76.60104	76.55045	76.57938	76.58452	76.58186	76.56477	76.57592	76.61929	76.59376	76.55092	76.65078	76.59048	76.52629	76.56780
3/31/2025	2:38:16 PM	76.60117	76.55025	76.57961	76.58405	76.58170	76.56439	76.57589	76.61823	76.59361	76.55067	76.65048	76.59010	76.52589	76.56777
3/31/2025	2:38:20 PM	76.60073	76.55023	76.57943	76.58430	76.58174	76.56427	76.57551	76.61878	76.59371	76.55057	76.65015	76.58985	76.52570	76.56767
3/31/2025	2:38:24 PM	76.60049	76.55024	76.57952	76.58426	76.58144	76.56382	76.57540	76.61828	76.59333	76.55046	76.65011	76.58980	76.52581	76.56807
3/31/2025	2:38:27 PM	76.60068	76.55032	76.57957	76.58422	76.58131	76.56385	76.57530	76.61912	76.59385	76.55069	76.65020	76.58983	76.52586	76.56745
3/31/2025	2:38:31 PM	76.60063	76.55002	76.57946	76.58465	76.58165	76.56394	76.57584	76.61912	76.59410	76.55095	76.65062	76.59041	76.52587	76.56809
3/31/2025	2:38:34 PM	76.60038	76.54983	76.57933	76.58403	76.58122	76.56369	76.57493	76.61823	76.59335	76.55048	76.64993	76.58970	76.52586	76.56772
3/31/2025	2:38:38 PM	76.60041	76.54982	76.57885	76.58386	76.58110	76.56332	76.57493	76.61836	76.59325	76.54971	76.64976	76.58987	76.52558	76.56751
3/31/2025	2:38:42 PM	76.60042	76.54994	76.57874	76.58411	76.58079	76.56332	76.57489	76.61807	76.59318	76.54998	76.64952	76.58929	76.52537	76.56760
3/31/2025	2:38:45 PM	76.60018	76.55017	76.57871	76.58397	76.58076	76.56331	76.57517	76.61814	76.59302	76.54983	76.64946	76.58957	76.52534	76.56750
3/31/2025	2:38:49 PM	76.60000	76.54955	76.57873	76.58347	76.58078	76.56281	76.57456	76.61795	76.59209	76.54954	76.64912	76.58936	76.52494	76.56716
3/31/2025	2:38:52 PM	76.60010	76.54975	76.57894	76.58356	76.58089	76.56308	76.57481	76.61781	76.59291	76.54995	76.64979	76.58940	76.52506	76.56726
3/31/2025	2:38:56 PM	76.59983	76.54972	76.57875	76.58320	76.58066	76.56281	76.57427	76.61780	76.59235	76.54941	76.64953	76.58896	76.52469	76.56681
3/31/2025	2:39:00 PM	76.59928	76.54933	76.57789	76.58288	76.58047	76.56266	76.57412	76.61760	76.59220	76.54953	76.64921	76.58893	76.52460	76.56683
3/31/2025	2:39:03 PM	76.59982	76.54938	76.57831	76.58329	76.57989	76.56267	76.57394	76.61722	76.59206	76.54917	76.64893	76.58848	76.52477	76.56705
3/31/2025	2:39:07 PM	76.59987	76.54977	76.57809	76.58311	76.58041	76.56266	76.57373	76.61735	76.59176	76.54890	76.64867	76.58873	76.52397	76.56615
3/31/2025	2:39:10 PM	76.59916	76.54902	76.57833	76.58275	76.58034	76.56253	76.57415	76.61767	76.59214	76.54948	76.64966	76.58907	76.52517	76.56692
3/31/2025	2:39:14 PM	76.59967	76.54976	76.57842	76.58322	76.58008	76.56257	76.57397	76.61748	76.59165	76.54916	76.64891	76.58894	76.52445	76.56679
3/31/2025	2:39:17 PM	76.59972	76.54946	76.57798	76.58295	76.58042	76.56230	76.57402	76.61688	76.59202	76.54911	76.64936	76.58879	76.52434	76.56680
3/31/2025	2:39:21 PM	76.59939	76.54918	76.57789	76.58303	76.58088	76.56257	76.57366	76.61728	76.59201	76.54912	76.64969	76.58915	76.52471	76.56697
3/31/2025	2:39:25 PM	76.59963	76.54912	76.57803	76.58289	76.58083	76.56266	76.57357	76.61707	76.59199	76.54926	76.64896	76.58866	76.52451	76.56678
3/31/2025	2:39:28 PM	76.59949	76.54901	76.57781	76.58224	76.58041	76.56234	76.57315	76.61666	76.59147	76.54837	76.64847	76.58826	76.52392	76.56582
3/31/2025	2:39:32 PM	76.59899	76.54851	76.57734	76.58185	76.58039	76.56204	76.57324	76.61661	76.59084	76.54825	76.64867	76.58815	76.52407	76.56582
3/31/2025	2:39:35 PM	76.59920	76.54885	76.57711	76.58165	76.58006	76.56163	76.57312	76.61637	76.59127	76.54869	76.64842	76.58823	76.52388	76.56580
3/31/2025	2:39:39 PM	76.59872	76.54893	76.57722	76.58187	76.58003	76.56189	76.57307	76.61647	76.59125	76.54832	76.64847	76.58830	76.52354	76.56585
3/31/2025	2:39:42 PM	76.59918	76.54856	76.57718	76.58197	76.57981	76.56190	76.57314	76.61627	76.59113	76.54825	76.64825	76.58801	76.52401	76.56553
3/31/2025	2:39:46 PM	76.59884	76.54854	76.57698	76.58203	76.57968	76.56163	76.57301	76.61658	76.59078	76.54810	76.64821	76.58837	76.52358	76.56561
3/31/2025	2:39:50 PM	76.59882	76.54818	76.57649	76.58156	76.58008	76.56181	76.57307	76.61665	76.59082	76.54793	76.64808	76.58790	76.52381	76.56602
3/31/2025	2:39:53 PM	76.59895	76.54838	76.57606	76.58175	76.57997	76.56191	76.57304	76.61687	76.59102	76.54821	76.64798	76.58783	76.52378	76.56532
3/31/2025	2:39:57 PM	76.59867	76.54816	76.57654	76.58127	76.57969	76.56172	76.57323	76.61609	76.59078	76.54754	76.64803	76.58764	76.52343	76.56488
3/31/2025	2:40:00 PM	76.59875	76.54829	76.57607	76.58168	76.57925	76.56163	76.57274	76.61644	76.59063	76.54770	76.64836	76.58800	76.52345	76.56544
3/31/2025	2:40:04 PM	76.59872	76.54804	76.57621	76.58138	76.57948	76.56121	76.57266	76.61648	76.59102	76.54752	76.64764	76.58738	76.52293	76.56499
3/31/2025	2:40:08 PM	76.59841	76.54783	76.57575	76.58099	76.57912	76.56161	76.57263	76.61604	76.59074	76.54784	76.64764	76.58731	76.52364	76.56503
3/31/2025	2:40:11 PM	76.59876	76.54774	76.57566	76.58095	76.57924	76.56128	76.57301	76.61676	76.59066	76.54709	76.64765	76.58768	76.52270	76.56486
3/31/2025	2:40:15 PM	76.59865	76.54795	76.57568	76.58105	76.57912	76.56148	76.57264	76.61645	76.59028	76.54738	76.64762	76.58740	76.52273	76.56507
3/31/2025	2:40:18 PM	76.59876	76.54773	76.57565	76.58107	76.57945	76.56173	76.57298	76.61626	76.59054	76.54716	76.64748	76.58768	76.52296	76.56476
3/31/2025	2:40:22 PM	76.59898	76.54796	76.57573	76.58120	76.57872	76.56174	76.57259	76.61626	76.59066	76.54720	76.64736	76.58760	76.52308	76.56493
3/31/2025	2:40:25 PM	76.59843	76.54729	76.57568	76.58068	76.57866	76.56131	76.57230	76.61586	76.58972	76.54646	76.64703	76.58676	76.52247	76.56381
3/31/2025	2:40:29 PM	76.59776	76.54670	76.57519	76.58027	76.57850	76.56105	76.57233	76.61548	76.59044	76.54727	76.64724	76.58745	76.52282	76.56456
3/31/2025	2:40:33 PM	76.59814	76.54728	76.57561	76.58029	76.57929	76.56116	76.57266	76.61607	76.59036	76.54684	76.64747	76.58707	76.52249	76.56426
3/31/2025	2:40:36 PM	76.59850	76.54769	76.57531	76.58027	76.57861	76.56142	76.57225	76.61547	76.59007	76.54681	76.64713	76.58745	76.52263	76.56431
3/31/2025	2:40:40 PM	76.59785	76.54715	76.57531	76.58014	76.57880	76.56144	76.57276	76.61599	76.59047	76.54703	76.64724	76.58731	76.52252	76.56428
3/31/2025	2:40:44 PM	76.59812	76.54685	76.57541	76.57989	76.57863	76.56097	76.57230	76.61606	76.59048	76.54652	76.64707	76.58681	76.52258	76.56397
3/31/2025	2:40:47 PM	76.59815	76.54664	76.57572	76.58003	76.57863	76.56143	76.57256	76.61611	76.58998	76.54681	76.64726	76.58728	76.52275	76.56459
3/31/2025	2:40:51 PM	76.59805	76.54710	76.57507	76.58007	76.57845	76.56081	76.57212	76.61574	76.59022	76.54660	76.64692	76.58732	76.52252	76.56433
3/31/2025	2:40:54 PM	76.59763	76.54653	76.57499	76.57961	76.57842	76.56128	76.57196	76.61595	76.58989	76.54693	76.64669	76.58692	76.52237	76.56412
3/31/2025	2:40:58 PM	76.59786	76.54628	76.57491	76.57989	76.57850	76.56069	76.57219	76.61589	76.58972	76.54646	76.64618	76.58689	76.52184	76.56375
3/31/2025	2:41:02 PM	76.59763	76.54628	76.57506	76.57926	76.57852	76.56018	76.57188	76.61549	76.58913	76.54600	76.64633	76.58704	76.52212	76.56381
3/31/2025	2:41:05 PM	76.59770	76.54636	76.57467	76.57972	76.57825	76.56065	76.57211	76.61526	76.58929	76.54569	76.64648	76.58651	76.52166	76.56290
3/31/2025	2:41:09 PM	76.59702	76.54622	76.57403	76.57921	76.57768	76.55989	76.57153	76.61531	76.58915	76.54585	76.64611	76.58637	76.52221	76.56366
3/31/2025	2:41:12 PM	76.59756	76.54627	76.57427	76.57897	76.57770	76.56021	76.57115	76.61510	76.58952	76.54576	76.64613	76.58640	76.52165	76.56317
3/31/2025	2:41:16 PM	76.59710	76.54624	76.57437	76.57922	76.57836	76.56012	76.57159	76.61498	76.58930	76.54590	76.64630	76.58664	76.52205	76.56370
3/31/2025	2:41:20 PM	76.59769	76.54624	76.57416	76.57922	76.57851	76.56033	76.57134	76.61538	76.58914	76.54569	76.64569	76.58622	76.52128	76.56320
3/31/2025	2:41:23 PM	76.59727	76.54623	76.57393	76.57863	76.57785	76.55994	76.57136	76.61501	76.58923	76.54573	76.64626	76.58661	76.52139	76.56318
3/31/2025	2:41:27 PM	76.59711	76.54627	76.57355	76.57888	76.57843	76.56021	76.57156	76.61514	76.58923	76.54573	76.64606	76.58646	76.52173	76.56301
3/31/2025	2:41:30 PM	76.59691	76.54581	76.57368	76.57893	76.57822	76.56057	76.57144	76.61527	76.58907	76.54527	76.64603	76.58626	76.52134	76.56283
3/31/2025	2:41:34 PM	76.59673	76.54581	76.57345	76.57853	76.57777	76.56019	76.57117	76.61465	76.58862	76.54529	76.64593	76.58622	76.52098	76.56231
3/31/2025	2:41:37 PM	76.59642	76.54512	76.57329	76.57820	76.57737	76.55983	76.57134	76.61495	76.58878	76.54539	76.64586	76.58649	76.52143	76.56292
3/31/2025	2:41:41 PM	76.59631	76.54562	76.57330	76.57820	76.57726	76.56003	76.57122	76.61484	76.58872	76.54484	76.64556	76.58590	76.52103	76.56272
3/31/2025	2:41:45 PM	76.59661	76.54536	76.57295	76.57780	76.57732	76.56013	76.57107	76.61509	76.58868	76.54514	76.64563	76.58623	76.52139	76.56317
3/31/2025	2:41:48 PM	76.59687	76.54581	76.57332	76.57827	76.57743	76.55988	76.57167	76.61493	76.58867	76.54513	76.64561	76.58620	76.52127	76.56296
3/31/2025	2:41:52 PM	76.59635	76.54599	76.57376	76.57825	76.57728	76.56044	76.57147	76.61504	76.58911	76.54514	76.64599	76.58643	76.52118	76.56258
3/31/2025	2:41:55 PM	76.59617	76.54528	76.57323	76.57746	76.57677	76.55977	76.57108	76.61487	76.58841	76.54492	76.64540	76.58586	76.52076	76.56215
3/31/2025	2:41:59 PM	76.59597	76.54494	76.57301	76.57777	76.57674	76.55963	76.57099	76.61449	76.58854	76.54479	76.64531	76.58565	76.52118	76.56208
3/31/2025	2:42:03 PM	76.59598	76.54532	76.57297	76.57783	76.57700	76.56013	76.57148	76.61485	76.58860	76.54475	76.64565	76.58577	76.52056	76.56201
3/31/2025	2:42:06 PM	76.59580	76.54494	76.57309	76.57802	76.57674	76.56032	76.57125	76.61489	76.58875	76.54482	76.64525	76.58582	76.52130	76.56228
3/31/2025	2:42:10 PM	76.59619	76.54514	76.57307	76.57795	76.57709	76.56016	76.57103	76.61475	76.58829	76.54443	76.64550	76.58588	76.52073	76.56212
3/31/2025	2:42:13 PM	76.59620	76.54534	76.57307	76.57791	76.57719	76.55957	76.57142	76.61466	76.58874	76.54457	76.64550	76.58553	76.52094	76.56180
3/31/2025	2:42:17 PM	76.59577	76.54475	76.57316	76.57787	76.57655	76.55963	76.57105	76.61472	76.58844	76.54477	76.64522	76.58568	76.52073	76.56203
3/31/2025	2:42:21 PM	76.59594	76.54489	76.57317	76.57775	76.57707	76.55975	76.57136	76.61479	76.58831	76.54437	76.64549	76.58568	76.52089	76.56203
3/31/2025	2:42:24 PM	76.59547	76.54461	76.57243	76.57750	76.57671	76.55955	76.57074	76.61448	76.58847	76.54441	76.64498	76.58551	76.52032	76.56182
3/31/2025	2:42:28 PM	76.59564	76.54405	76.57232	76.57745	76.57637	76.55925	76.57078	76.61422	76.58840	76.54482	76.64498	76.58541	76.52051	76.56129
3/31/2025	2:42:31 PM	76.59509	76.54447	76.57239	76.57735	76.57700	76.55946	76.57106	76.61444	76.58806	76.54432	76.64526	76.58523	76.52029	76.56145
3/31/2025	2:42:35 PM	76.59526	76.54443	76.57224	76.57725	76.57647	76.55934	76.57076	76.61435	76.58799	76.54414	76.64509	76.58508	76.52031	76.56137
3/31/2025	2:42:39 PM	76.59541	76.54427	76.57255	76.57742	76.57625	76.55940	76.57057	76.61449	76.58820	76.54449	76.64486	76.58514	76.52002	76.56089
3/31/2025	2:42:42 PM	76.59500	76.54388	76.57189	76.57708	76.57649	76.55931	76.57024	76.61402	76.58808	76.54401	76.64415	76.58465	76.51967	76.56103
3/31/2025	2:42:46 PM	76.59465	76.54352	76.57184	76.57709	76.57638	76.55924	76.57056	76.61395	76.58814	76.54408	76.64477	76.58454	76.52008	76.56082
3/31/2025	2:42:49 PM	76.59495	76.54396	76.57191	76.57668	76.57624	76.55898	76.57034	76.61374	76.58787	76.54375	76.64443	76.58477	76.51957	76.56034
3/31/2025	2:42:53 PM	76.59454	76.54321	76.57170	76.57648	76.57628	76.55909	76.57052	76.61416	76.58801	76.54391	76.64432	76.58446	76.51948	76.56068
3/31/2025	2:42:57 PM	76.59478	76.54341	76.57128	76.57650	76.57582	76.55862	76.57013	76.61358	76.58750	76.54351	76.64381	76.58398	76.51939	76.56000
3/31/2025	2:43:00 PM	76.59406	76.54308	76.57148	76.57615	76.57603	76.55874	76.57011	76.61366	76.58768	76.54360	76.64405	76.58447	76.51932	76.56033
3/31/2025	2:43:04 PM	76.59437	76.54296	76.57142	76.57656	76.57609	76.55870	76.56997	76.61391	76.58763	76.54346	76.64407	76.58430	76.51923	76.55989
3/31/2025	2:43:07 PM	76.59407	76.54295	76.57141	76.57648	76.57583	76.55845	76.56975	76.61401	76.58723	76.54325	76.64373	76.58428	76.51877	76.56024
3/31/2025	2:43:11 PM	76.59457	76.54278	76.57099	76.57661	76.57602	76.55881	76.57015	76.61400	76.58771	76.54418	76.64415	76.58396	76.51925	76.56045
3/31/2025	2:43:14 PM	76.59476	76.54331	76.57144	76.57650	76.57604	76.55884	76.56993	76.61390	76.58750	76.54348	76.64390	76.58383	76.51909	76.55991
3/31/2025	2:43:18 PM	76.59454	76.54314	76.57096	76.57608	76.57593	76.55866	76.56985	76.61375	76.58698	76.54334	76.64353	76.58338	76.51894	76.55980
3/31/2025	2:43:22 PM	76.59460	76.54273	76.57103	76.57613	76.57534	76.55836	76.56975	76.61357	76.58700	76.54304	76.64367	76.58368	76.51897	76.56008
3/31/2025	2:43:25 PM	76.59423	76.54293	76.57105	76.57638	76.57552	76.55823	76.57008	76.61341	76.58737	76.54360	76.64396	76.58357	76.51892	76.55998
3/31/2025	2:43:29 PM	76.59440	76.54295	76.57087	76.57619	76.57551	76.55863	76.57011	76.61391	76.58740	76.54326	76.64369	76.58380	76.51860	76.56022
3/31/2025	2:43:32 PM	76.59455	76.54315	76.57097	76.57625	76.57592	76.55849	76.57009	76.61394	76.58775	76.54344	76.64382	76.58399	76.51913	76.55986
3/31/2025	2:43:36 PM	76.59441	76.54253	76.57052	76.57613	76.57531	76.55820	76.56975	76.61376	76.58702	76.54359	76.64381	76.58324	76.51854	76.55981
3/31/2025	2:43:39 PM	76.59417	76.54267	76.57076	76.57589	76.57493	76.55827	76.56995	76.61299	76.58693	76.54285	76.64341	76.58349	76.51852	76.55960
3/31/2025	2:43:43 PM	76.59419	76.54242	76.57081	76.57576	76.57512	76.55843	76.56962	76.61353	76.58680	76.54251	76.64359	76.58346	76.51848	76.55970
3/31/2025	2:43:47 PM	76.59389	76.54260	76.57015	76.57567	76.57477	76.55794	76.56943	76.61358	76.58706	76.54306	76.64370	76.58357	76.51843	76.55979
3/31/2025	2:43:50 PM	76.59400	76.54235	76.57095	76.57535	76.57485	76.55798	76.56959	76.61330	76.58692	76.54309	76.64365	76.58345	76.51847	76.55956
3/31/2025	2:43:54 PM	76.59405	76.54222	76.57017	76.57580	76.57529	76.55817	76.56967	76.61315	76.58665	76.54270	76.64306	76.58351	76.51815	76.55929
3/31/2025	2:43:57 PM	76.59387	76.54206	76.57055	76.57562	76.57488	76.55774	76.56933	76.61337	76.58659	76.54247	76.64303	76.58323	76.51820	76.55929
3/31/2025	2:44:01 PM	76.59406	76.54239	76.57038	76.57583	76.57498	76.55785	76.56963	76.61315	76.58675	76.54286	76.64350	76.58333	76.51837	76.55941
3/31/2025	2:44:05 PM	76.59386	76.54236	76.57073	76.57580	76.57514	76.55816	76.56951	76.61327	76.58648	76.54295	76.64310	76.58301	76.51770	76.55922
3/31/2025	2:44:08 PM	76.59370	76.54215	76.57034	76.57576	76.57489	76.55795	76.56921	76.61301	76.58656	76.54273	76.64324	76.58322	76.51794	76.55882
3/31/2025	2:44:12 PM	76.59338	76.54213	76.57033	76.57558	76.57488	76.55778	76.56915	76.61317	76.58657	76.54267	76.64267	76.58292	76.51790	76.55895
3/31/2025	2:44:15 PM	76.59351	76.54189	76.56990	76.57515	76.57425	76.55756	76.56941	76.61286	76.58645	76.54274	76.64302	76.58307	76.51772	76.55898
3/31/2025	2:44:19 PM	76.59369	76.54239	76.57054	76.57538	76.57484	76.55778	76.56905	76.61272	76.58620	76.54256	76.64300	76.58264	76.51765	76.55926
3/31/2025	2:44:23 PM	76.59295	76.54191	76.56995	76.57498	76.57440	76.55740	76.56899	76.61241	76.58638	76.54212	76.64262	76.58250	76.51764	76.55840
3/31/2025	2:44:26 PM	76.59332	76.54187	76.56983	76.57536	76.57408	76.55795	76.56869	76.61296	76.58607	76.54215	76.64254	76.58237	76.51773	76.55839
3/31/2025	2:44:30 PM	76.59348	76.54192	76.56986	76.57486	76.57460	76.55777	76.56874	76.61269	76.58647	76.54205	76.64229	76.58254	76.51750	76.55833
3/31/2025	2:44:33 PM	76.59296	76.54167	76.56999	76.57464	76.57434	76.55767	76.56862	76.61253	76.58616	76.54219	76.64273	76.58254	76.51783	76.55790
3/31/2025	2:44:37 PM	76.59318	76.54186	76.57019	76.57495	76.57379	76.55748	76.56910	76.61220	76.58590	76.54191	76.64237	76.58206	76.51737	76.55842
3/31/2025	2:44:41 PM	76.59289	76.54137	76.56988	76.57479	76.57437	76.55744	76.56881	76.61223	76.58606	76.54234	76.64278	76.58264	76.51743	76.55839
3/31/2025	2:44:44 PM	76.59320	76.54127	76.56982	76.57400	76.57369	76.55691	76.56841	76.61216	76.58592	76.54213	76.64244	76.58247	76.51736	76.55841
3/31/2025	2:44:48 PM	76.59309	76.54144	76.56967	76.57491	76.57388	76.55739	76.56824	76.61220	76.58611	76.54206	76.64224	76.58244	76.51748	76.55805
3/31/2025	2:44:51 PM	76.59269	76.54120	76.56978	76.57443	76.57378	76.55739	76.56829	76.61187	76.58548	76.54212	76.64230	76.58233	76.51746	76.55833
3/31/2025	2:44:55 PM	76.59271	76.54114	76.56966	76.57453	76.57366	76.55741	76.56844	76.61215	76.58572	76.54212	76.64232	76.58223	76.51787	76.55823
3/31/2025	2:44:59 PM	76.59230	76.54150	76.56978	76.57474	76.57333	76.55729	76.56850	76.61190	76.58569	76.54161	76.64259	76.58247	76.51715	76.55830
3/31/2025	2:45:02 PM	76.59277	76.54121	76.56944	76.57456	76.57327	76.55683	76.56809	76.61194	76.58557	76.54184	76.64174	76.58191	76.51710	76.55815
3/31/2025	2:45:06 PM	76.59258	76.54161	76.56977	76.57485	76.57416	76.55763	76.56910	76.61223	76.58629	76.54202	76.64253	76.58237	76.51716	76.55750
3/31/2025	2:45:09 PM	76.59274	76.54127	76.56958	76.57458	76.57387	76.55683	76.56805	76.61217	76.58569	76.54166	76.64218	76.58232	76.51731	76.55823
3/31/2025	2:45:13 PM	76.59268	76.54139	76.56960	76.57471	76.57364	76.55744	76.56889	76.61247	76.58597	76.54187	76.64245	76.58226	76.51724	76.55839
3/31/2025	2:45:17 PM	76.59249	76.54133	76.56871	76.57468	76.57366	76.55698	76.56853	76.61206	76.58606	76.54158	76.64179	76.58199	76.51687	76.55820
3/31/2025	2:45:20 PM	76.59274	76.54115	76.56897	76.57465	76.57345	76.55702	76.56804	76.61181	76.58542	76.54132	76.64149	76.58162	76.51665	76.55760
3/31/2025	2:45:24 PM	76.59200	76.54087	76.56923	76.57440	76.57391	76.55708	76.56826	76.61189	76.58538	76.54149	76.64181	76.58211	76.51647	76.55736
3/31/2025	2:45:27 PM	76.59242	76.54108	76.56935	76.57424	76.57362	76.55701	76.56834	76.61203	76.58593	76.54169	76.64208	76.58205	76.51668	76.55775
3/31/2025	2:45:31 PM	76.59205	76.54100	76.56930	76.57405	76.57325	76.55698	76.56796	76.61170	76.58559	76.54122	76.64183	76.58136	76.51662	76.55745
3/31/2025	2:45:35 PM	76.59221	76.54071	76.56906	76.57428	76.57322	76.55677	76.56798	76.61179	76.58549	76.54131	76.64186	76.58171	76.51664	76.55753
3/31/2025	2:45:38 PM	76.59221	76.54097	76.56914	76.57454	76.57356	76.55696	76.56803	76.61197	76.58542	76.54121	76.64146	76.58163	76.51634	76.55723
3/31/2025	2:45:42 PM	76.59146	76.54048	76.56876	76.57414	76.57355	76.55642	76.56779	76.61173	76.58508	76.54093	76.64124	76.58151	76.51655	76.55754
3/31/2025	2:45:45 PM	76.59176	76.54040	76.56847	76.57400	76.57312	76.55659	76.56759	76.61130	76.58520	76.54091	76.64100	76.58154	76.51612	76.55670
3/31/2025	2:45:49 PM	76.59151	76.54044	76.56892	76.57361	76.57289	76.55648	76.56799	76.61163	76.58529	76.54069	76.64126	76.58172	76.51625	76.55696
3/31/2025	2:45:53 PM	76.59176	76.54035	76.56882	76.57416	76.57323	76.55683	76.56783	76.61132	76.58515	76.54155	76.64157	76.58158	76.51653	76.55688
3/31/2025	2:45:56 PM	76.59205	76.54052	76.56847	76.57370	76.57328	76.55675	76.56774	76.61115	76.58501	76.54103	76.64102	76.58100	76.51603	76.55679
3/31/2025	2:46:00 PM	76.59138	76.54003	76.56834	76.57379	76.57270	76.55628	76.56771	76.61118	76.58476	76.54041	76.64094	76.58111	76.51603	76.55616
3/31/2025	2:46:03 PM	76.59118	76.54017	76.56841	76.57355	76.57300	76.55629	76.56748	76.61103	76.58484	76.54023	76.64094	76.58126	76.51549	76.55686
3/31/2025	2:46:07 PM	76.59148	76.54055	76.56870	76.57376	76.57306	76.55682	76.56802	76.61150	76.58506	76.54118	76.64136	76.58134	76.51634	76.55624
3/31/2025	2:46:11 PM	76.59130	76.54006	76.56838	76.57352	76.57273	76.55629	76.56774	76.61082	76.58491	76.54063	76.64123	76.58153	76.51589	76.55640
3/31/2025	2:46:14 PM	76.59092	76.53982	76.56825	76.57374	76.57249	76.55640	76.56796	76.61092	76.58462	76.54066	76.64126	76.58088	76.51608	76.55655
3/31/2025	2:46:18 PM	76.59153	76.54019	76.56827	76.57363	76.57270	76.55650	76.56726	76.61109	76.58452	76.54054	76.64085	76.58092	76.51551	76.55640
3/31/2025	2:46:21 PM	76.59119	76.54036	76.56830	76.57340	76.57274	76.55620	76.56722	76.61093	76.58450	76.54035	76.64040	76.58093	76.51532	76.55598
3/31/2025	2:46:25 PM	76.59107	76.53948	76.56804	76.57335	76.57271	76.55611	76.56721	76.61081	76.58453	76.54063	76.64082	76.58112	76.51514	76.55622
3/31/2025	2:46:29 PM	76.59063	76.53991	76.56834	76.57362	76.57272	76.55606	76.56766	76.61077	76.58465	76.54048	76.64068	76.58073	76.51535	76.55607
3/31/2025	2:46:32 PM	76.59103	76.53987	76.56818	76.57340	76.57273	76.55632	76.56721	76.61047	76.58408	76.54043	76.64022	76.58070	76.51535	76.55615
3/31/2025	2:46:36 PM	76.59098	76.53963	76.56777	76.57329	76.57239	76.55612	76.56725	76.61076	76.58381	76.54023	76.64067	76.58084	76.51526	76.55581
3/31/2025	2:46:39 PM	76.59071	76.53960	76.56785	76.57310	76.57242	76.55576	76.56724	76.61060	76.58400	76.54015	76.64057	76.58073	76.51528	76.55601
3/31/2025	2:46:43 PM	76.59078	76.53919	76.56781	76.57311	76.57228	76.55595	76.56710	76.61081	76.58420	76.54079	76.64036	76.58047	76.51535	76.55568
3/31/2025	2:46:47 PM	76.59057	76.53943	76.56788	76.57315	76.57228	76.55581	76.56696	76.61051	76.58427	76.54030	76.64073	76.58067	76.51488	76.55546
3/31/2025	2:46:50 PM	76.59050	76.53944	76.56799	76.57323	76.57207	76.55563	76.56685	76.61008	76.58376	76.53957	76.63993	76.58019	76.51485	76.55568
3/31/2025	2:46:54 PM	76.59092	76.53947	76.56777	76.57302	76.57216	76.55566	76.56713	76.61029	76.58407	76.54015	76.64013	76.58038	76.51471	76.55548
3/31/2025	2:46:57 PM	76.59043	76.53923	76.56778	76.57313	76.57200	76.55578	76.56690	76.61066	76.58402	76.53963	76.63960	76.58027	76.51472	76.55543
3/31/2025	2:47:01 PM	76.59042	76.53912	76.56720	76.57309	76.57185	76.55530	76.56662	76.60970	76.58402	76.53989	76.64006	76.57992	76.51484	76.55543
3/31/2025	2:47:04 PM	76.59052	76.53932	76.56774	76.57323	76.57216	76.55557	76.56699	76.61042	76.58399	76.53947	76.64000	76.58022	76.51465	76.55515
3/31/2025	2:47:08 PM	76.59038	76.53940	76.56726	76.57227	76.57148	76.55520	76.56671	76.60974	76.58367	76.53938	76.63998	76.58022	76.51453	76.55553
3/31/2025	2:47:12 PM	76.59054	76.53940	76.56774	76.57281	76.57222	76.55537	76.56665	76.60985	76.58344	76.53988	76.63977	76.58000	76.51460	76.55565
3/31/2025	2:47:15 PM	76.58983	76.53904	76.56768	76.57286	76.57183	76.55510	76.56627	76.60956	76.58317	76.53913	76.63963	76.57978	76.51426	76.55544
3/31/2025	2:47:19 PM	76.58993	76.53920	76.56762	76.57265	76.57177	76.55550	76.56648	76.61010	76.58433	76.53970	76.64003	76.58009	76.51445	76.55533
3/31/2025	2:47:22 PM	76.58998	76.53910	76.56742	76.57263	76.57169	76.55548	76.56642	76.61025	76.58377	76.53970	76.63972	76.57996	76.51478	76.55512
3/31/2025	2:47:26 PM	76.59008	76.53917	76.56719	76.57280	76.57171	76.55481	76.56642	76.60997	76.58350	76.53965	76.64003	76.57997	76.51478	76.55559
3/31/2025	2:47:30 PM	76.59004	76.53856	76.56754	76.57280	76.57169	76.55504	76.56620	76.61004	76.58353	76.53951	76.63947	76.57973	76.51449	76.55508
3/31/2025	2:47:33 PM	76.58987	76.53880	76.56731	76.57227	76.57143	76.55501	76.56627	76.61007	76.58341	76.53962	76.63919	76.57965	76.51443	76.55507
3/31/2025	2:47:37 PM	76.58971	76.53883	76.56716	76.57240	76.57130	76.55505	76.56622	76.60992	76.58354	76.53957	76.63961	76.58001	76.51428	76.55485
3/31/2025	2:47:40 PM	76.58983	76.53868	76.56690	76.57199	76.57149	76.55469	76.56597	76.60959	76.58289	76.53890	76.63932	76.57944	76.51426	76.55478
3/31/2025	2:47:44 PM	76.58993	76.53863	76.56694	76.57228	76.57135	76.55477	76.56650	76.60977	76.58343	76.53922	76.63943	76.57969	76.51472	76.55537
3/31/2025	2:47:48 PM	76.58991	76.53846	76.56675	76.57273	76.57145	76.55496	76.56632	76.60965	76.58363	76.53940	76.63951	76.57944	76.51439	76.55486
3/31/2025	2:47:51 PM	76.58958	76.53850	76.56719	76.57259	76.57134	76.55497	76.56600	76.60954	76.58358	76.53954	76.63974	76.57997	76.51471	76.55516
3/31/2025	2:47:55 PM	76.58974	76.53868	76.56744	76.57224	76.57165	76.55527	76.56627	76.61021	76.58349	76.53935	76.63942	76.57961	76.51449	76.55520
3/31/2025	2:47:58 PM	76.58950	76.53882	76.56727	76.57301	76.57161	76.55507	76.56622	76.60995	76.58329	76.53916	76.63951	76.57929	76.51435	76.55509
3/31/2025	2:48:02 PM	76.58963	76.53839	76.56689	76.57212	76.57123	76.55479	76.56613	76.60939	76.58319	76.53930	76.63962	76.57965	76.51389	76.55462
3/31/2025	2:48:06 PM	76.58905	76.53819	76.56719	76.57242	76.57126	76.55480	76.56579	76.60953	76.58320	76.53911	76.63933	76.57933	76.51438	76.55487
3/31/2025	2:48:09 PM	76.58992	76.53879	76.56736	76.57252	76.57102	76.55495	76.56587	76.60903	76.58284	76.53891	76.63887	76.57924	76.51393	76.55468
3/31/2025	2:48:13 PM	76.58949	76.53856	76.56694	76.57212	76.57099	76.55492	76.56536	76.60916	76.58287	76.53874	76.63916	76.57961	76.51407	76.55481
3/31/2025	2:48:16 PM	76.58936	76.53848	76.56675	76.57220	76.57113	76.55470	76.56553	76.60951	76.58320	76.53904	76.63953	76.57940	76.51412	76.55452
3/31/2025	2:48:20 PM	76.58963	76.53795	76.56703	76.57216	76.57087	76.55497	76.56598	76.60943	76.58277	76.53892	76.63937	76.57926	76.51354	76.55470
3/31/2025	2:48:23 PM	76.58957	76.53863	76.56676	76.57209	76.57079	76.55442	76.56577	76.60944	76.58323	76.53927	76.63950	76.57946	76.51383	76.55450
3/31/2025	2:48:27 PM	76.58967	76.53852	76.56731	76.57182	76.57067	76.55457	76.56606	76.60944	76.58308	76.53878	76.63891	76.57902	76.51375	76.55442
3/31/2025	2:48:31 PM	76.58939	76.53796	76.56659	76.57230	76.57081	76.55459	76.56574	76.60911	76.58243	76.53890	76.63881	76.57876	76.51372	76.55447
3/31/2025	2:48:34 PM	76.58921	76.53823	76.56675	76.57220	76.57076	76.55442	76.56578	76.60914	76.58282	76.53886	76.63894	76.57885	76.51396	76.55463
3/31/2025	2:48:38 PM	76.58932	76.53806	76.56686	76.57227	76.57082	76.55463	76.56601	76.60933	76.58277	76.53863	76.63925	76.57872	76.51374	76.55448
3/31/2025	2:48:41 PM	76.58903	76.53824	76.56680	76.57209	76.57105	76.55427	76.56581	76.60927	76.58329	76.53904	76.63914	76.57928	76.51361	76.55468
3/31/2025	2:48:45 PM	76.58940	76.53817	76.56665	76.57222	76.57083	76.55424	76.56563	76.60916	76.58295	76.53903	76.63916	76.57908	76.51363	76.55452
3/31/2025	2:48:48 PM	76.58916	76.53786	76.56672	76.57207	76.57050	76.55440	76.56551	76.60938	76.58294	76.53915	76.63919	76.57942	76.51399	76.55445
3/31/2025	2:48:52 PM	76.58890	76.53805	76.56647	76.57220	76.57091	76.55439	76.56569	76.60899	76.58282	76.53878	76.63889	76.57913	76.51345	76.55429
3/31/2025	2:48:56 PM	76.58912	76.53815	76.56633	76.57163	76.57047	76.55452	76.56580	76.60943	76.58282	76.53888	76.63876	76.57893	76.51335	76.55408
3/31/2025	2:48:59 PM	76.58930	76.53781	76.56646	76.57184	76.57042	76.55408	76.56570	76.60873	76.58284	76.53878	76.63877	76.57925	76.51361	76.55445
3/31/2025	2:49:03 PM	76.58919	76.53767	76.56699	76.57179	76.57093	76.55436	76.56546	76.60887	76.58293	76.53881	76.63890	76.57868	76.51360	76.55469
3/31/2025	2:49:06 PM	76.58910	76.53823	76.56677	76.57200	76.57069	76.55415	76.56562	76.60874	76.58283	76.53871	76.63839	76.57873	76.51315	76.55430
3/31/2025	2:49:10 PM	76.58866	76.53781	76.56678	76.57196	76.57067	76.55425	76.56551	76.60931	76.58309	76.53879	76.63873	76.57905	76.51366	76.55439
3/31/2025	2:49:13 PM	76.58942	76.53784	76.56659	76.57171	76.57062	76.55418	76.56522	76.60912	76.58277	76.53837	76.63838	76.57880	76.51353	76.55476
3/31/2025	2:49:17 PM	76.58889	76.53787	76.56614	76.57197	76.57080	76.55476	76.56603	76.60940	76.58272	76.53858	76.63874	76.57831	76.51360	76.55435
3/31/2025	2:49:21 PM	76.58888	76.53788	76.56616	76.57196	76.57052	76.55398	76.56508	76.60906	76.58281	76.53901	76.63896	76.57900	76.51353	76.55394
3/31/2025	2:49:24 PM	76.58869	76.53766	76.56622	76.57185	76.57079	76.55431	76.56538	76.60878	76.58263	76.53863	76.63851	76.57854	76.51358	76.55427
3/31/2025	2:49:28 PM	76.58900	76.53795	76.56598	76.57183	76.57060	76.55494	76.56587	76.60971	76.58289	76.53876	76.63906	76.57912	76.51354	76.55431
3/31/2025	2:49:31 PM	76.58909	76.53783	76.56642	76.57157	76.57044	76.55406	76.56507	76.60891	76.58246	76.53853	76.63854	76.57851	76.51327	76.55417
3/31/2025	2:49:35 PM	76.58904	76.53752	76.56601	76.57133	76.57013	76.55357	76.56497	76.60849	76.58197	76.53803	76.63797	76.57848	76.51270	76.55332
3/31/2025	2:49:39 PM	76.58825	76.53766	76.56625	76.57125	76.57055	76.55384	76.56527	76.60880	76.58276	76.53835	76.63854	76.57854	76.51322	76.55382
3/31/2025	2:49:42 PM	76.58883	76.53743	76.56635	76.57143	76.57051	76.55396	76.56531	76.60835	76.58198	76.53837	76.63855	76.57855	76.51320	76.55377
3/31/2025	2:49:46 PM	76.58879	76.53771	76.56638	76.57161	76.57013	76.55396	76.56515	76.60888	76.58285	76.53824	76.63848	76.57921	76.51383	76.55364
3/31/2025	2:49:49 PM	76.58865	76.53744	76.56632	76.57174	76.57005	76.55372	76.56531	76.60831	76.58226	76.53815	76.63863	76.57889	76.51332	76.55385
3/31/2025	2:49:53 PM	76.58881	76.53796	76.56659	76.57179	76.57069	76.55455	76.56536	76.60911	76.58255	76.53848	76.63886	76.57853	76.51363	76.55418
3/31/2025	2:49:56 PM	76.58857	76.53797	76.56647	76.57136	76.57063	76.55412	76.56538	76.60870	76.58269	76.53825	76.63838	76.57914	76.51329	76.55402
3/31/2025	2:50:00 PM	76.58858	76.53747	76.56625	76.57144	76.57032	76.55381	76.56549	76.60896	76.58256	76.53856	76.63852	76.57852	76.51309	76.55395
3/31/2025	2:50:04 PM	76.58864	76.53794	76.56629	76.57133	76.57017	76.55380	76.56518	76.60842	76.58193	76.53814	76.63843	76.57822	76.51351	76.55368
3/31/2025	2:50:07 PM	76.58826	76.53722	76.56587	76.57092	76.56993	76.55329	76.56487	76.60837	76.58215	76.53765	76.63804	76.57841	76.51315	76.55373
3/31/2025	2:50:11 PM	76.58833	76.53722	76.56573	76.57117	76.57004	76.55362	76.56542	76.60833	76.58269	76.53831	76.63828	76.57832	76.51292	76.55386
3/31/2025	2:50:14 PM	76.58821	76.53752	76.56634	76.57141	76.57015	76.55344	76.56489	76.60863	76.58205	76.53795	76.63827	76.57838	76.51349	76.55368
3/31/2025	2:50:18 PM	76.58887	76.53702	76.56567	76.57135	76.56943	76.55420	76.56526	76.60835	76.58262	76.53818	76.63841	76.57841	76.51353	76.55385
3/31/2025	2:50:22 PM	76.58843	76.53774	76.56602	76.57155	76.57056	76.55359	76.56480	76.60832	76.58202	76.53793	76.63797	76.57821	76.51293	76.55360
3/31/2025	2:50:25 PM	76.58829	76.53697	76.56596	76.57122	76.56966	76.55353	76.56483	76.60831	76.58193	76.53755	76.63807	76.57814	76.51263	76.55368
3/31/2025	2:50:29 PM	76.58821	76.53718	76.56544	76.57078	76.56996	76.55351	76.56507	76.60812	76.58173	76.53779	76.63804	76.57813	76.51274	76.55353
3/31/2025	2:50:32 PM	76.58844	76.53729	76.56576	76.57108	76.56982	76.55358	76.56445	76.60802	76.58201	76.53754	76.63768	76.57807	76.51290	76.55365
3/31/2025	2:50:36 PM	76.58827	76.53732	76.56583	76.57110	76.56976	76.55332	76.56459	76.60824	76.58204	76.53761	76.63748	76.57779	76.51287	76.55318
3/31/2025	2:50:40 PM	76.58776	76.53662	76.56538	76.57090	76.56993	76.55347	76.56500	76.60824	76.58223	76.53802	76.63757	76.57784	76.51251	76.55334
3/31/2025	2:50:43 PM	76.58799	76.53678	76.56549	76.57076	76.56971	76.55331	76.56428	76.60786	76.58198	76.53800	76.63803	76.57787	76.51288	76.55394
3/31/2025	2:50:47 PM	76.58816	76.53721	76.56608	76.57096	76.57000	76.55397	76.56468	76.60861	76.58205	76.53816	76.63796	76.57820	76.51301	76.55376
3/31/2025	2:50:50 PM	76.58809	76.53710	76.56594	76.57153	76.57034	76.55412	76.56536	76.60838	76.58247	76.53789	76.63788	76.57867	76.51300	76.55407
3/31/2025	2:50:54 PM	76.58887	76.53751	76.56628	76.57158	76.57062	76.55345	76.56513	76.60852	76.58231	76.53815	76.63855	76.57851	76.51292	76.55385
3/31/2025	2:50:58 PM	76.58864	76.53781	76.56621	76.57110	76.57011	76.55362	76.56450	76.60821	76.58251	76.53824	76.63796	76.57821	76.51342	76.55388
3/31/2025	2:51:01 PM	76.58845	76.53784	76.56621	76.57156	76.57018	76.55380	76.56517	76.60845	76.58237	76.53816	76.63795	76.57816	76.51326	76.55337
3/31/2025	2:51:05 PM	76.58839	76.53732	76.56567	76.57105	76.57006	76.55399	76.56507	76.60889	76.58238	76.53833	76.63842	76.57852	76.51341	76.55396
3/31/2025	2:51:08 PM	76.58858	76.53731	76.56630	76.57156	76.57020	76.55387	76.56515	76.60849	76.58250	76.53837	76.63803	76.57837	76.51276	76.55365
3/31/2025	2:51:12 PM	76.58845	76.53739	76.56586	76.57087	76.56980	76.55331	76.56446	76.60822	76.58199	76.53774	76.63779	76.57818	76.51280	76.55350
3/31/2025	2:51:16 PM	76.58799	76.53681	76.56552	76.57088	76.56936	76.55361	76.56479	76.60793	76.58147	76.53755	76.63755	76.57795	76.51279	76.55318
3/31/2025	2:51:19 PM	76.58808	76.53668	76.56550	76.57068	76.56945	76.55311	76.56453	76.60815	76.58169	76.53779	76.63754	76.57792	76.51228	76.55320
3/31/2025	2:51:23 PM	76.58761	76.53695	76.56551	76.57055	76.56940	76.55339	76.56452	76.60761	76.58147	76.53775	76.63747	76.57762	76.51229	76.55312
3/31/2025	2:51:26 PM	76.58786	76.53682	76.56575	76.57102	76.56955	76.55348	76.56460	76.60824	76.58192	76.53759	76.63751	76.57774	76.51230	76.55315
3/31/2025	2:51:30 PM	76.58756	76.53676	76.56521	76.57060	76.56916	76.55302	76.56439	76.60817	76.58175	76.53775	76.63752	76.57755	76.51235	76.55316
3/31/2025	2:51:34 PM	76.58766	76.53663	76.56546	76.57093	76.56959	76.55300	76.56423	76.60769	76.58170	76.53757	76.63732	76.57735	76.51198	76.55322
3/31/2025	2:51:37 PM	76.58754	76.53649	76.56472	76.57039	76.56926	76.55282	76.56438	76.60756	76.58133	76.53718	76.63745	76.57762	76.51257	76.55329
3/31/2025	2:51:41 PM	76.58792	76.53683	76.56542	76.57099	76.56952	76.55297	76.56413	76.60777	76.58156	76.53778	76.63744	76.57730	76.51263	76.55299
3/31/2025	2:51:44 PM	76.58763	76.53703	76.56519	76.57088	76.56978	76.55331	76.56448	76.60802	76.58150	76.53757	76.63735	76.57728	76.51223	76.55297
3/31/2025	2:51:48 PM	76.58726	76.53613	76.56471	76.57062	76.56923	76.55291	76.56404	76.60762	76.58125	76.53729	76.63718	76.57735	76.51221	76.55299
3/31/2025	2:51:52 PM	76.58746	76.53654	76.56522	76.57038	76.56872	76.55293	76.56383	76.60734	76.58170	76.53722	76.63722	76.57739	76.51270	76.55310
3/31/2025	2:51:55 PM	76.58740	76.53613	76.56534	76.57071	76.56956	76.55305	76.56413	76.60768	76.58201	76.53743	76.63730	76.57783	76.51252	76.55280
3/31/2025	2:51:59 PM	76.58769	76.53631	76.56547	76.57047	76.56927	76.55324	76.56422	76.60776	76.58129	76.53735	76.63729	76.57755	76.51220	76.55298
3/31/2025	2:52:02 PM	76.58777	76.53670	76.56548	76.57078	76.56967	76.55301	76.56385	76.60756	76.58168	76.53698	76.63682	76.57736	76.51208	76.55255
3/31/2025	2:52:06 PM	76.58761	76.53659	76.56502	76.57065	76.56916	76.55273	76.56411	76.60772	76.58167	76.53766	76.63723	76.57738	76.51219	76.55317
3/31/2025	2:52:09 PM	76.58736	76.53606	76.56504	76.56998	76.56902	76.55236	76.56380	76.60757	76.58096	76.53685	76.63686	76.57675	76.51203	76.55245
3/31/2025	2:52:13 PM	76.58720	76.53565	76.56470	76.57028	76.56896	76.55237	76.56350	76.60721	76.58125	76.53704	76.63680	76.57700	76.51229	76.55251
3/31/2025	2:52:17 PM	76.58677	76.53574	76.56503	76.57030	76.56896	76.55235	76.56340	76.60749	76.58149	76.53684	76.63712	76.57705	76.51219	76.55288
3/31/2025	2:52:20 PM	76.58767	76.53664	76.56495	76.57002	76.56890	76.55241	76.56347	76.60728	76.58109	76.53671	76.63648	76.57686	76.51216	76.55258
3/31/2025	2:52:24 PM	76.58723	76.53623	76.56473	76.57043	76.56882	76.55266	76.56378	76.60774	76.58128	76.53684	76.63728	76.57738	76.51236	76.55303
3/31/2025	2:52:27 PM	76.58743	76.53620	76.56486	76.56999	76.56882	76.55261	76.56395	76.60736	76.58127	76.53710	76.63703	76.57672	76.51204	76.55273
3/31/2025	2:52:31 PM	76.58716	76.53612	76.56485	76.57006	76.56932	76.55263	76.56376	76.60757	76.58139	76.53731	76.63706	76.57701	76.51217	76.55278
3/31/2025	2:52:35 PM	76.58722	76.53626	76.56428	76.57025	76.56880	76.55291	76.56395	76.60757	76.58130	76.53715	76.63712	76.57724	76.51180	76.55276
3/31/2025	2:52:38 PM	76.58704	76.53676	76.56490	76.57032	76.56906	76.55243	76.56375	76.60709	76.58108	76.53675	76.63695	76.57693	76.51205	76.55279
3/31/2025	2:52:42 PM	76.58727	76.53646	76.56499	76.57052	76.56935	76.55290	76.56370	76.60733	76.58113	76.53692	76.63677	76.57723	76.51195	76.55268
3/31/2025	2:52:45 PM	76.58742	76.53616	76.56459	76.57035	76.56884	76.55235	76.56381	76.60691	76.58111	76.53687	76.63703	76.57717	76.51181	76.55264
3/31/2025	2:52:49 PM	76.58690	76.53600	76.56465	76.57006	76.56880	76.55250	76.56410	76.60755	76.58117	76.53686	76.63680	76.57695	76.51224	76.55290
3/31/2025	2:52:53 PM	76.58699	76.53627	76.56452	76.57011	76.56900	76.55260	76.56402	76.60775	76.58156	76.53723	76.63674	76.57726	76.51204	76.55299
3/31/2025	2:52:56 PM	76.58759	76.53643	76.56503	76.57039	76.56892	76.55233	76.56390	76.60711	76.58118	76.53685	76.63646	76.57703	76.51193	76.55277
3/31/2025	2:53:00 PM	76.58739	76.53604	76.56496	76.57049	76.56928	76.55253	76.56378	76.60768	76.58075	76.53687	76.63684	76.57647	76.51182	76.55285
3/31/2025	2:53:03 PM	76.58738	76.53599	76.56475	76.56982	76.56881	76.55267	76.56395	76.60715	76.58096	76.53678	76.63672	76.57712	76.51218	76.55272
3/31/2025	2:53:07 PM	76.58727	76.53586	76.56476	76.57045	76.56926	76.55279	76.56383	76.60721	76.58118	76.53650	76.63640	76.57658	76.51192	76.55232
3/31/2025	2:53:11 PM	76.58710	76.53616	76.56475	76.56986	76.56861	76.55187	76.56339	76.60716	76.58090	76.53651	76.63645	76.57680	76.51173	76.55257
3/31/2025	2:53:14 PM	76.58704	76.53584	76.56456	76.56952	76.56897	76.55268	76.56340	76.60698	76.58040	76.53647	76.63631	76.57650	76.51190	76.55214
3/31/2025	2:53:18 PM	76.58702	76.53599	76.56459	76.56956	76.56823	76.55236	76.56368	76.60722	76.58078	76.53669	76.63647	76.57663	76.51164	76.55247
3/31/2025	2:53:21 PM	76.58702	76.53618	76.56450	76.56988	76.56822	76.55191	76.56353	76.60722	76.58052	76.53654	76.63612	76.57649	76.51118	76.55220
3/31/2025	2:53:25 PM	76.58662	76.53562	76.56404	76.56986	76.56844	76.55220	76.56338	76.60725	76.58072	76.53655	76.63618	76.57640	76.51146	76.55235
3/31/2025	2:53:29 PM	76.58650	76.53541	76.56427	76.56937	76.56819	76.55154	76.56305	76.60637	76.58003	76.53607	76.63590	76.57599	76.51120	76.55226
3/31/2025	2:53:32 PM	76.58628	76.53510	76.56367	76.56922	76.56818	76.55170	76.56304	76.60670	76.58078	76.53604	76.63595	76.57654	76.51169	76.55189
3/31/2025	2:53:36 PM	76.58642	76.53542	76.56420	76.56953	76.56811	76.55153	76.56298	76.60672	76.58061	76.53622	76.63619	76.57666	76.51136	76.55219
3/31/2025	2:53:39 PM	76.58718	76.53582	76.56466	76.56997	76.56854	76.55185	76.56303	76.60677	76.58073	76.53634	76.63610	76.57610	76.51095	76.55184
3/31/2025	2:53:43 PM	76.58687	76.53550	76.56397	76.56982	76.56829	76.55247	76.56384	76.60714	76.58083	76.53673	76.63638	76.57625	76.51148	76.55222
3/31/2025	2:53:46 PM	76.58645	76.53540	76.56452	76.56957	76.56826	76.55173	76.56297	76.60687	76.58027	76.53635	76.63618	76.57649	76.51145	76.55221
3/31/2025	2:53:50 PM	76.58650	76.53574	76.56408	76.56910	76.56828	76.55187	76.56277	76.60633	76.58028	76.53592	76.63541	76.57584	76.51124	76.55207
3/31/2025	2:53:54 PM	76.58662	76.53551	76.56409	76.56963	76.56841	76.55159	76.56290	76.60620	76.58011	76.53600	76.63583	76.57581	76.51103	76.55157
3/31/2025	2:53:57 PM	76.58650	76.53516	76.56382	76.56872	76.56791	76.55169	76.56298	76.60663	76.58040	76.53584	76.63562	76.57606	76.51099	76.55206
3/31/2025	2:54:01 PM	76.58610	76.53551	76.56434	76.56925	76.56793	76.55161	76.56298	76.60594	76.58006	76.53584	76.63577	76.57619	76.51077	76.55185
3/31/2025	2:54:04 PM	76.58657	76.53481	76.56387	76.56896	76.56751	76.55171	76.56257	76.60599	76.57976	76.53591	76.63551	76.57573	76.51059	76.55151
3/31/2025	2:54:08 PM	76.58599	76.53468	76.56335	76.56874	76.56743	76.55051	76.56228	76.60615	76.57991	76.53565	76.63527	76.57545	76.51034	76.55113
3/31/2025	2:54:12 PM	76.58578	76.53452	76.56329	76.56838	76.56742	76.55096	76.56236	76.60597	76.57999	76.53539	76.63579	76.57573	76.51067	76.55135
3/31/2025	2:54:15 PM	76.58585	76.53497	76.56348	76.56884	76.56729	76.55149	76.56266	76.60609	76.57975	76.53528	76.63567	76.57544	76.51068	76.55097
3/31/2025	2:54:19 PM	76.58585	76.53498	76.56387	76.56961	76.56775	76.55152	76.56257	76.60589	76.58014	76.53551	76.63564	76.57575	76.51105	76.55172
3/31/2025	2:54:22 PM	76.58578	76.53514	76.56412	76.56940	76.56765	76.55162	76.56277	76.60634	76.58007	76.53580	76.63539	76.57624	76.51108	76.55159
3/31/2025	2:54:26 PM	76.58605	76.53526	76.56373	76.56951	76.56763	76.55173	76.56272	76.60597	76.58025	76.53572	76.63565	76.57617	76.51068	76.55158
3/31/2025	2:54:30 PM	76.58618	76.53516	76.56367	76.56915	76.56798	76.55157	76.56254	76.60600	76.57986	76.53539	76.63512	76.57574	76.51087	76.55136
3/31/2025	2:54:33 PM	76.58610	76.53529	76.56355	76.56913	76.56751	76.55157	76.56290	76.60608	76.58011	76.53536	76.63539	76.57563	76.51058	76.55129
3/31/2025	2:54:37 PM	76.58591	76.53483	76.56351	76.56885	76.56788	76.55141	76.56284	76.60593	76.57982	76.53552	76.63530	76.57596	76.51057	76.55143
3/31/2025	2:54:40 PM	76.58600	76.53498	76.56362	76.56921	76.56759	76.55120	76.56248	76.60620	76.57981	76.53521	76.63476	76.57515	76.51071	76.55166
3/31/2025	2:54:44 PM	76.58616	76.53482	76.56377	76.56899	76.56790	76.55197	76.56299	76.60653	76.58018	76.53610	76.63579	76.57640	76.51063	76.55174
3/31/2025	2:54:47 PM	76.58643	76.53530	76.56403	76.56950	76.56806	76.55198	76.56271	76.60629	76.58053	76.53585	76.63592	76.57609	76.51098	76.55161
3/31/2025	2:54:51 PM	76.58597	76.53496	76.56386	76.56921	76.56791	76.55155	76.56279	76.60629	76.58024	76.53593	76.63559	76.57617	76.51079	76.55191
3/31/2025	2:54:55 PM	76.58594	76.53475	76.56360	76.56908	76.56787	76.55118	76.56276	76.60589	76.57988	76.53574	76.63544	76.57532	76.51029	76.55144
3/31/2025	2:54:58 PM	76.58598	76.53472	76.56375	76.56871	76.56762	76.55107	76.56247	76.60596	76.57991	76.53539	76.63564	76.57587	76.51064	76.55170
3/31/2025	2:55:02 PM	76.58592	76.53500	76.56384	76.56890	76.56810	76.55155	76.56277	76.60626	76.57997	76.53575	76.63517	76.57597	76.51069	76.55122
3/31/2025	2:55:06 PM	76.58611	76.53500	76.56369	76.56929	76.56742	76.55176	76.56269	76.60613	76.57998	76.53598	76.63608	76.57628	76.51033	76.55157
3/31/2025	2:55:09 PM	76.58562	76.53470	76.56353	76.56890	76.56795	76.55131	76.56280	76.60621	76.58007	76.53540	76.63527	76.57560	76.51043	76.55126
3/31/2025	2:55:13 PM	76.58532	76.53488	76.56325	76.56884	76.56720	76.55100	76.56236	76.60615	76.57947	76.53528	76.63529	76.57550	76.51058	76.55113
3/31/2025	2:55:16 PM	76.58565	76.53478	76.56355	76.56869	76.56765	76.55115	76.56260	76.60622	76.57999	76.53547	76.63492	76.57569	76.51007	76.55137
3/31/2025	2:55:20 PM	76.58608	76.53507	76.56355	76.56916	76.56775	76.55114	76.56243	76.60593	76.57955	76.53532	76.63537	76.57549	76.51056	76.55112
3/31/2025	2:55:23 PM	76.58567	76.53479	76.56351	76.56897	76.56769	76.55147	76.56269	76.60579	76.57999	76.53564	76.63543	76.57591	76.51035	76.55109
3/31/2025	2:55:27 PM	76.58566	76.53450	76.56312	76.56855	76.56742	76.55088	76.56263	76.60586	76.57969	76.53537	76.63462	76.57516	76.50996	76.55093
3/31/2025	2:55:31 PM	76.58601	76.53487	76.56328	76.56864	76.56755	76.55128	76.56249	76.60576	76.57986	76.53542	76.63503	76.57559	76.51035	76.55156
3/31/2025	2:55:34 PM	76.58563	76.53477	76.56367	76.56914	76.56773	76.55130	76.56245	76.60618	76.57994	76.53528	76.63530	76.57558	76.51065	76.55126
3/31/2025	2:55:38 PM	76.58571	76.53472	76.56361	76.56894	76.56784	76.55101	76.56207	76.60593	76.58034	76.53548	76.63552	76.57576	76.51023	76.55128
3/31/2025	2:55:41 PM	76.58607	76.53464	76.56324	76.56879	76.56753	76.55149	76.56276	76.60589	76.57959	76.53533	76.63530	76.57537	76.50995	76.55122
3/31/2025	2:55:45 PM	76.58622	76.53525	76.56371	76.56939	76.56809	76.55120	76.56274	76.60604	76.58016	76.53564	76.63582	76.57592	76.51047	76.55126
3/31/2025	2:55:49 PM	76.58596	76.53451	76.56341	76.56902	76.56772	76.55154	76.56241	76.60631	76.57979	76.53571	76.63503	76.57573	76.51013	76.55120
3/31/2025	2:55:52 PM	76.58550	76.53403	76.56293	76.56874	76.56699	76.55052	76.56191	76.60542	76.57928	76.53507	76.63506	76.57475	76.51008	76.55057
3/31/2025	2:55:56 PM	76.58514	76.53417	76.56304	76.56854	76.56670	76.55081	76.56220	76.60550	76.57963	76.53506	76.63499	76.57555	76.50989	76.55086
3/31/2025	2:55:59 PM	76.58567	76.53462	76.56337	76.56873	76.56738	76.55113	76.56235	76.60617	76.57962	76.53512	76.63462	76.57538	76.51045	76.55140
3/31/2025	2:56:03 PM	76.58566	76.53464	76.56292	76.56855	76.56725	76.55060	76.56222	76.60581	76.58010	76.53517	76.63498	76.57554	76.51047	76.55125
3/31/2025	2:56:07 PM	76.58577	76.53509	76.56321	76.56881	76.56749	76.55100	76.56196	76.60564	76.57948	76.53510	76.63477	76.57535	76.50990	76.55093
3/31/2025	2:56:10 PM	76.58520	76.53467	76.56313	76.56889	76.56740	76.55127	76.56226	76.60570	76.57947	76.53514	76.63517	76.57528	76.51034	76.55105
3/31/2025	2:56:14 PM	76.58548	76.53454	76.56303	76.56878	76.56761	76.55111	76.56216	76.60582	76.57971	76.53538	76.63490	76.57489	76.50994	76.55119
3/31/2025	2:56:17 PM	76.58581	76.53457	76.56347	76.56875	76.56722	76.55079	76.56211	76.60536	76.57929	76.53509	76.63449	76.57522	76.51002	76.55108
3/31/2025	2:56:21 PM	76.58545	76.53434	76.56291	76.56836	76.56679	76.55079	76.56228	76.60541	76.57946	76.53515	76.63475	76.57435	76.50934	76.55049
3/31/2025	2:56:25 PM	76.58554	76.53469	76.56336	76.56855	76.56709	76.55059	76.56191	76.60559	76.57944	76.53498	76.63475	76.57517	76.51018	76.55147
3/31/2025	2:56:28 PM	76.58570	76.53462	76.56317	76.56892	76.56728	76.55084	76.56212	76.60554	76.58009	76.53542	76.63499	76.57550	76.51026	76.55088
3/31/2025	2:56:32 PM	76.58564	76.53471	76.56343	76.56907	76.56753	76.55093	76.56208	76.60564	76.57964	76.53534	76.63494	76.57550	76.50993	76.55098
3/31/2025	2:56:35 PM	76.58530	76.53467	76.56286	76.56859	76.56740	76.55083	76.56246	76.60575	76.57965	76.53495	76.63498	76.57556	76.51012	76.55143
3/31/2025	2:56:39 PM	76.58554	76.53485	76.56356	76.56884	76.56755	76.55149	76.56272	76.60622	76.57955	76.53547	76.63508	76.57529	76.51004	76.55085
3/31/2025	2:56:43 PM	76.58598	76.53461	76.56321	76.56874	76.56752	76.55132	76.56256	76.60590	76.57983	76.53555	76.63532	76.57535	76.51021	76.55076
3/31/2025	2:56:46 PM	76.58557	76.53469	76.56355	76.56873	76.56769	76.55093	76.56268	76.60610	76.57986	76.53526	76.63542	76.57509	76.51000	76.55076
3/31/2025	2:56:50 PM	76.58566	76.53465	76.56300	76.56917	76.56769	76.55128	76.56264	76.60590	76.57971	76.53498	76.63521	76.57507	76.50975	76.55063
3/31/2025	2:56:53 PM	76.58562	76.53445	76.56308	76.56814	76.56703	76.55028	76.56199	76.60542	76.57953	76.53469	76.63480	76.57510	76.50947	76.55083
3/31/2025	2:56:57 PM	76.58552	76.53430	76.56293	76.56874	76.56691	76.55112	76.56218	76.60567	76.57913	76.53519	76.63493	76.57496	76.50971	76.55062
3/31/2025	2:57:01 PM	76.58537	76.53380	76.56246	76.56835	76.56713	76.55062	76.56157	76.60499	76.57881	76.53447	76.63440	76.57459	76.50939	76.55044
3/31/2025	2:57:04 PM	76.58522	76.53398	76.56289	76.56801	76.56674	76.55047	76.56189	76.60547	76.57888	76.53463	76.63434	76.57496	76.50999	76.55014
3/31/2025	2:57:08 PM	76.58536	76.53445	76.56273	76.56834	76.56670	76.55029	76.56147	76.60495	76.57886	76.53469	76.63411	76.57480	76.50953	76.55031
3/31/2025	2:57:11 PM	76.58495	76.53425	76.56250	76.56846	76.56667	76.55040	76.56155	76.60513	76.57884	76.53460	76.63425	76.57470	76.50933	76.55035
3/31/2025	2:57:15 PM	76.58531	76.53419	76.56270	76.56799	76.56647	76.55019	76.56120	76.60394	76.57696	76.53355	76.63388	76.57377	76.50843	76.54882
3/31/2025	2:57:18 PM	76.58470	76.53352	76.56244	76.56808	76.56690	76.55035	76.56155	76.60507	76.57869	76.53417	76.63397	76.57480	76.50939	76.54999
3/31/2025	2:57:22 PM	76.58473	76.53369	76.56231	76.56760	76.56617	76.55035	76.56184	76.60523	76.57914	76.53453	76.63470	76.57466	76.50952	76.54992
3/31/2025	2:57:26 PM	76.58480	76.53415	76.56262	76.56767	76.56649	76.55055	76.56184	76.60500	76.57854	76.53465	76.63452	76.57500	76.50929	76.54993
3/31/2025	2:57:29 PM	76.58472	76.53395	76.56275	76.56799	76.56639	76.55008	76.56141	76.60478	76.57884	76.53434	76.63424	76.57446	76.50918	76.55003
3/31/2025	2:57:33 PM	76.58470	76.53376	76.56240	76.56787	76.56650	76.55022	76.56171	76.60468	76.57906	76.53484	76.63476	76.57487	76.50920	76.55004
3/31/2025	2:57:36 PM	76.58505	76.53402	76.56249	76.56802	76.56664	76.55027	76.56158	76.60499	76.57884	76.53467	76.63382	76.57425	76.50914	76.54990
3/31/2025	2:57:40 PM	76.58491	76.53419	76.56246	76.56831	76.56675	76.54997	76.56138	76.60511	76.57892	76.53482	76.63427	76.57479	76.50942	76.55023
3/31/2025	2:57:44 PM	76.58500	76.53437	76.56243	76.56790	76.56685	76.55046	76.56161	76.60509	76.57930	76.53441	76.63432	76.57518	76.50932	76.54995
3/31/2025	2:57:47 PM	76.58499	76.53407	76.56265	76.56806	76.56625	76.54970	76.56158	76.60484	76.57908	76.53468	76.63462	76.57465	76.50908	76.55015
3/31/2025	2:57:51 PM	76.58473	76.53393	76.56266	76.56814	76.56678	76.55073	76.56168	76.60467	76.57917	76.53449	76.63372	76.57445	76.50872	76.54998
3/31/2025	2:57:54 PM	76.58512	76.53391	76.56257	76.56773	76.56694	76.55012	76.56159	76.60504	76.57841	76.53426	76.63374	76.57437	76.50897	76.54997
3/31/2025	2:57:58 PM	76.58486	76.53369	76.56226	76.56785	76.56621	76.55040	76.56156	76.60515	76.57910	76.53439	76.63391	76.57436	76.50937	76.54995
3/31/2025	2:58:02 PM	76.58479	76.53400	76.56231	76.56805	76.56672	76.55007	76.56154	76.60494	76.57893	76.53414	76.63367	76.57416	76.50881	76.54985
3/31/2025	2:58:05 PM	76.58457	76.53391	76.56243	76.56750	76.56638	76.54995	76.56116	76.60504	76.57849	76.53442	76.63409	76.57432	76.50909	76.55000
3/31/2025	2:58:09 PM	76.58446	76.53389	76.56216	76.56759	76.56633	76.55044	76.56189	76.60505	76.57882	76.53470	76.63447	76.57465	76.50886	76.54976
3/31/2025	2:58:12 PM	76.58460	76.53379	76.56220	76.56778	76.56649	76.55005	76.56169	76.60492	76.57887	76.53450	76.63421	76.57412	76.50896	76.54962
3/31/2025	2:58:16 PM	76.58447	76.53363	76.56246	76.56789	76.56642	76.55033	76.56131	76.60454	76.57840	76.53427	76.63407	76.57418	76.50933	76.54973
3/31/2025	2:58:20 PM	76.58459	76.53378	76.56214	76.56780	76.56640	76.54963	76.56121	76.60463	76.57874	76.53438	76.63413	76.57468	76.50881	76.54989
3/31/2025	2:58:23 PM	76.58434	76.53374	76.56232	76.56792	76.56623	76.55017	76.56118	76.60478	76.57840	76.53415	76.63376	76.57408	76.50890	76.54937
3/31/2025	2:58:27 PM	76.58449	76.53363	76.56183	76.56755	76.56605	76.54992	76.56151	76.60494	76.57852	76.53430	76.63416	76.57410	76.50871	76.54937
3/31/2025	2:58:30 PM	76.58483	76.53339	76.56216	76.56808	76.56661	76.55040	76.56197	76.60473	76.57884	76.53384	76.63386	76.57482	76.50885	76.54950
3/31/2025	2:58:34 PM	76.58464	76.53358	76.56237	76.56761	76.56622	76.54970	76.56104	76.60442	76.57813	76.53427	76.63368	76.57398	76.50842	76.54966
3/31/2025	2:58:37 PM	76.58412	76.53330	76.56211	76.56747	76.56637	76.55001	76.56152	76.60502	76.57834	76.53377	76.63354	76.57359	76.50847	76.54934
3/31/2025	2:58:41 PM	76.58405	76.53309	76.56179	76.56707	76.56591	76.54955	76.56122	76.60434	76.57815	76.53380	76.63334	76.57375	76.50818	76.54931
3/31/2025	2:58:45 PM	76.58422	76.53339	76.56203	76.56755	76.56628	76.55028	76.56114	76.60443	76.57809	76.53369	76.63337	76.57409	76.50832	76.54963
3/31/2025	2:58:48 PM	76.58437	76.53333	76.56249	76.56758	76.56641	76.55005	76.56117	76.60456	76.57842	76.53376	76.63374	76.57397	76.50834	76.54952
3/31/2025	2:58:52 PM	76.58445	76.53319	76.56207	76.56740	76.56619	76.55013	76.56191	76.60482	76.57869	76.53428	76.63386	76.57435	76.50860	76.54973
3/31/2025	2:58:55 PM	76.58464	76.53375	76.56190	76.56740	76.56606	76.55007	76.56121	76.60438	76.57839	76.53435	76.63346	76.57421	76.50844	76.54962
3/31/2025	2:58:59 PM	76.58451	76.53357	76.56225	76.56772	76.56620	76.54959	76.56130	76.60415	76.57858	76.53408	76.63373	76.57439	76.50889	76.54972
3/31/2025	2:59:03 PM	76.58506	76.53397	76.56261	76.56763	76.56666	76.55007	76.56145	76.60482	76.57889	76.53459	76.63440	76.57456	76.50894	76.54962
3/31/2025	2:59:06 PM	76.58417	76.53337	76.56220	76.56748	76.56652	76.54997	76.56163	76.60469	76.57858	76.53398	76.63364	76.57443	76.50864	76.54981
3/31/2025	2:59:10 PM	76.58477	76.53341	76.56238	76.56737	76.56597	76.55011	76.56154	76.60481	76.57877	76.53416	76.63429	76.57425	76.50894	76.54938
3/31/2025	2:59:13 PM	76.58463	76.53326	76.56195	76.56719	76.56611	76.54964	76.56130	76.60455	76.57850	76.53384	76.63352	76.57410	76.50854	76.54909
3/31/2025	2:59:17 PM	76.58405	76.53328	76.56140	76.56723	76.56629	76.54975	76.56119	76.60457	76.57856	76.53395	76.63359	76.57444	76.50899	76.54962
3/31/2025	2:59:21 PM	76.58449	76.53358	76.56223	76.56757	76.56642	76.54984	76.56106	76.60437	76.57813	76.53422	76.63361	76.57374	76.50903	76.54933
3/31/2025	2:59:24 PM	76.58441	76.53345	76.56253	76.56810	76.56643	76.55006	76.56162	76.60449	76.57867	76.53420	76.63393	76.57450	76.50852	76.54944
3/31/2025	2:59:28 PM	76.58466	76.53344	76.56194	76.56740	76.56591	76.54983	76.56114	76.60466	76.57868	76.53401	76.63405	76.57400	76.50853	76.54956
3/31/2025	2:59:31 PM	76.58465	76.53367	76.56235	76.56755	76.56626	76.55009	76.56132	76.60476	76.57889	76.53456	76.63396	76.57449	76.50889	76.54973
3/31/2025	2:59:35 PM	76.58465	76.53354	76.56220	76.56758	76.56619	76.54981	76.56156	76.60468	76.57829	76.53394	76.63370	76.57419	76.50877	76.54927
3/31/2025	2:59:38 PM	76.58433	76.53360	76.56169	76.56768	76.56615	76.55013	76.56129	76.60450	76.57844	76.53412	76.63330	76.57350	76.50800	76.54896
3/31/2025	2:59:42 PM	76.58385	76.53325	76.56197	76.56734	76.56588	76.54974	76.56141	76.60461	76.57836	76.53379	76.63323	76.57408	76.50873	76.54988
3/31/2025	2:59:46 PM	76.58476	76.53309	76.56177	76.56678	76.56543	76.54967	76.56101	76.60426	76.57820	76.53395	76.63325	76.57394	76.50932	76.55043
3/31/2025	2:59:49 PM	76.58366	76.53296	76.56160	76.56700	76.56532	76.54918	76.56057	76.60388	76.57799	76.53370	76.63321	76.57397	76.50842	76.54922
3/31/2025	2:59:53 PM	76.58402	76.53289	76.56159	76.56711	76.56591	76.54985	76.56106	76.60445	76.57848	76.53392	76.63394	76.57397	76.50878	76.54932
3/31/2025	2:59:56 PM	76.58387	76.53325	76.56149	76.56706	76.56580	76.54917	76.56078	76.60389	76.57812	76.53387	76.63326	76.57375	76.50852	76.54922
3/31/2025	3:00:00 PM	76.58389	76.53331	76.56202	76.56743	76.56599	76.54960	76.56075	76.60412	76.57789	76.53354	76.63376	76.57376	76.50832	76.54894
3/31/2025	3:00:04 PM	76.58416	76.53261	76.56145	76.56762	76.56557	76.54968	76.56069	76.60409	76.57815	76.53375	76.63329	76.57363	76.50828	76.54893
3/31/2025	3:00:07 PM	76.58420	76.53304	76.56169	76.56707	76.56559	76.54930	76.56038	76.60379	76.57815	76.53319	76.63300	76.57371	76.50818	76.54873
3/31/2025	3:00:11 PM	76.58350	76.53267	76.56101	76.56710	76.56550	76.54925	76.56058	76.60378	76.57782	76.53362	76.63331	76.57380	76.50827	76.54941
3/31/2025	3:00:14 PM	76.58413	76.53307	76.56177	76.56723	76.56563	76.54940	76.56094	76.60405	76.57828	76.53374	76.63317	76.57354	76.50791	76.54886
3/31/2025	3:00:18 PM	76.58395	76.53296	76.56147	76.56722	76.56608	76.54962	76.56113	76.60426	76.57824	76.53412	76.63381	76.57380	76.50814	76.54901
3/31/2025	3:00:22 PM	76.58409	76.53298	76.56155	76.56721	76.56568	76.54935	76.56106	76.60419	76.57815	76.53397	76.63329	76.57375	76.50815	76.54878
3/31/2025	3:00:25 PM	76.58366	76.53297	76.56152	76.56679	76.56582	76.54949	76.56037	76.60442	76.57831	76.53357	76.63307	76.57335	76.50813	76.54859
3/31/2025	3:00:29 PM	76.58389	76.53245	76.56138	76.56645	76.56566	76.54943	76.56045	76.60408	76.57818	76.53336	76.63294	76.57373	76.50848	76.54870
3/31/2025	3:00:32 PM	76.58420	76.53274	76.56179	76.56692	76.56581	76.54954	76.56086	76.60406	76.57762	76.53352	76.63323	76.57391	76.50864	76.54932
3/31/2025	3:00:36 PM	76.58418	76.53309	76.56159	76.56712	76.56560	76.54966	76.56112	76.60407	76.57790	76.53390	76.63346	76.57368	76.50832	76.54901
3/31/2025	3:00:40 PM	76.58400	76.53297	76.56175	76.56719	76.56561	76.54927	76.56078	76.60373	76.57800	76.53360	76.63331	76.57379	76.50850	76.54931
3/31/2025	3:00:43 PM	76.58339	76.53288	76.56136	76.56697	76.56565	76.54878	76.56032	76.60394	76.57818	76.53291	76.63303	76.57329	76.50753	76.54839
3/31/2025	3:00:47 PM	76.58356	76.53284	76.56120	76.56645	76.56490	76.54900	76.56056	76.60391	76.57776	76.53304	76.63286	76.57327	76.50820	76.54890
3/31/2025	3:00:50 PM	76.58367	76.53228	76.56131	76.56671	76.56575	76.54938	76.56076	76.60405	76.57787	76.53358	76.63296	76.57341	76.50829	76.54847
3/31/2025	3:00:54 PM	76.58342	76.53270	76.56153	76.56685	76.56580	76.54947	76.56079	76.60408	76.57753	76.53347	76.63305	76.57370	76.50818	76.54919
3/31/2025	3:00:57 PM	76.58370	76.53248	76.56132	76.56685	76.56555	76.54888	76.56062	76.60368	76.57754	76.53332	76.63303	76.57332	76.50815	76.54841
3/31/2025	3:01:01 PM	76.58339	76.53227	76.56152	76.56664	76.56526	76.54916	76.56046	76.60402	76.57777	76.53319	76.63272	76.57320	76.50767	76.54819
3/31/2025	3:01:05 PM	76.58315	76.53210	76.56098	76.56670	76.56492	76.54889	76.56016	76.60305	76.57652	76.53266	76.63221	76.57277	76.50714	76.54816
3/31/2025	3:01:08 PM	76.58330	76.53248	76.56129	76.56611	76.56534	76.54891	76.56014	76.60378	76.57719	76.53279	76.63208	76.57283	76.50751	76.54822
3/31/2025	3:01:12 PM	76.58323	76.53217	76.56071	76.56627	76.56483	76.54847	76.55961	76.60310	76.57705	76.53276	76.63227	76.57289	76.50748	76.54840
3/31/2025	3:01:15 PM	76.58327	76.53227	76.56080	76.56629	76.56509	76.54886	76.56005	76.60351	76.57768	76.53291	76.63219	76.57286	76.50723	76.54854
3/31/2025	3:01:19 PM	76.58334	76.53253	76.56122	76.56611	76.56536	76.54897	76.56033	76.60335	76.57758	76.53252	76.63217	76.57261	76.50725	76.54812
3/31/2025	3:01:23 PM	76.58318	76.53227	76.56137	76.56667	76.56513	76.54886	76.56019	76.60341	76.57754	76.53298	76.63254	76.57319	76.50766	76.54840
3/31/2025	3:01:26 PM	76.58319	76.53223	76.56094	76.56646	76.56496	76.54880	76.56036	76.60317	76.57681	76.53296	76.63269	76.57316	76.50758	76.54785
3/31/2025	3:01:30 PM	76.58327	76.53194	76.56067	76.56621	76.56477	76.54844	76.55955	76.60332	76.57672	76.53240	76.63259	76.57334	76.50736	76.54840
3/31/2025	3:01:33 PM	76.58327	76.53239	76.56058	76.56649	76.56513	76.54876	76.55983	76.60333	76.57712	76.53271	76.63244	76.57310	76.50698	76.54803
3/31/2025	3:01:37 PM	76.58289	76.53200	76.56069	76.56600	76.56471	76.54885	76.56020	76.60298	76.57735	76.53256	76.63250	76.57237	76.50726	76.54793
3/31/2025	3:01:41 PM	76.58308	76.53205	76.56071	76.56594	76.56457	76.54882	76.56010	76.60341	76.57668	76.53295	76.63264	76.57295	76.50734	76.54764
3/31/2025	3:01:44 PM	76.58283	76.53207	76.56095	76.56636	76.56496	76.54878	76.55999	76.60328	76.57719	76.53292	76.63272	76.57296	76.50724	76.54810
3/31/2025	3:01:48 PM	76.58289	76.53149	76.56059	76.56598	76.56458	76.54863	76.55970	76.60327	76.57702	76.53226	76.63217	76.57248	76.50708	76.54777
3/31/2025	3:01:51 PM	76.58329	76.53217	76.56068	76.56615	76.56472	76.54862	76.56028	76.60290	76.57660	76.53269	76.63221	76.57240	76.50718	76.54792
3/31/2025	3:01:55 PM	76.58331	76.53229	76.56065	76.56623	76.56469	76.54888	76.55989	76.60332	76.57680	76.53267	76.63235	76.57277	76.50726	76.54772
3/31/2025	3:01:59 PM	76.58294	76.53183	76.56040	76.56661	76.56492	76.54875	76.56010	76.60356	76.57707	76.53247	76.63205	76.57272	76.50701	76.54779
3/31/2025	3:02:02 PM	76.58302	76.53207	76.56043	76.56608	76.56475	76.54855	76.55977	76.60314	76.57725	76.53229	76.63258	76.57293	76.50723	76.54710
3/31/2025	3:02:06 PM	76.58245	76.53232	76.56057	76.56607	76.56477	76.54841	76.56005	76.60325	76.57703	76.53265	76.63223	76.57261	76.50724	76.54759
3/31/2025	3:02:09 PM	76.58252	76.53157	76.56037	76.56607	76.56488	76.54823	76.55941	76.60303	76.57697	76.53273	76.63236	76.57266	76.50708	76.54793
3/31/2025	3:02:13 PM	76.58297	76.53171	76.56035	76.56599	76.56437	76.54841	76.55986	76.60281	76.57661	76.53225	76.63167	76.57236	76.50689	76.54776
3/31/2025	3:02:16 PM	76.58276	76.53158	76.56022	76.56599	76.56450	76.54832	76.55976	76.60335	76.57666	76.53271	76.63243	76.57232	76.50682	76.54725
3/31/2025	3:02:20 PM	76.58261	76.53151	76.56034	76.56557	76.56421	76.54795	76.55966	76.60251	76.57633	76.53246	76.63167	76.57171	76.50666	76.54745
3/31/2025	3:02:23 PM	76.58272	76.53107	76.56027	76.56596	76.56447	76.54814	76.55978	76.60327	76.57703	76.53225	76.63193	76.57238	76.50641	76.54739
3/31/2025	3:02:27 PM	76.58275	76.53214	76.56036	76.56591	76.56460	76.54797	76.55953	76.60284	76.57679	76.53221	76.63156	76.57272	76.50709	76.54724
3/31/2025	3:02:31 PM	76.58281	76.53201	76.56048	76.56557	76.56424	76.54814	76.55995	76.60270	76.57663	76.53245	76.63213	76.57227	76.50675	76.54747
3/31/2025	3:02:34 PM	76.58274	76.53205	76.56068	76.56553	76.56454	76.54797	76.55931	76.60324	76.57692	76.53241	76.63218	76.57294	76.50692	76.54762
3/31/2025	3:02:38 PM	76.58261	76.53165	76.56040	76.56595	76.56455	76.54811	76.55912	76.60227	76.57624	76.53159	76.63152	76.57192	76.50668	76.54749
3/31/2025	3:02:41 PM	76.58246	76.53179	76.56040	76.56560	76.56432	76.54798	76.55947	76.60269	76.57672	76.53208	76.63190	76.57248	76.50680	76.54772
3/31/2025	3:02:45 PM	76.58288	76.53164	76.56039	76.56611	76.56451	76.54798	76.55936	76.60266	76.57653	76.53266	76.63247	76.57258	76.50711	76.54754
3/31/2025	3:02:49 PM	76.58299	76.53193	76.56074	76.56608	76.56452	76.54879	76.55991	76.60335	76.57681	76.53225	76.63220	76.57223	76.50663	76.54692
3/31/2025	3:02:52 PM	76.58227	76.53163	76.56013	76.56578	76.56471	76.54852	76.55978	76.60303	76.57668	76.53254	76.63189	76.57239	76.50644	76.54725
3/31/2025	3:02:56 PM	76.58254	76.53123	76.56029	76.56568	76.56417	76.54829	76.55952	76.60274	76.57674	76.53216	76.63199	76.57255	76.50697	76.54775
3/31/2025	3:02:59 PM	76.58292	76.53190	76.56056	76.56585	76.56454	76.54848	76.55967	76.60268	76.57698	76.53257	76.63187	76.57276	76.50636	76.54743
3/31/2025	3:03:03 PM	76.58301	76.53176	76.56048	76.56547	76.56431	76.54779	76.55994	76.60271	76.57645	76.53179	76.63168	76.57235	76.50658	76.54741
3/31/2025	3:03:07 PM	76.58279	76.53192	76.56061	76.56581	76.56460	76.54832	76.55968	76.60269	76.57636	76.53201	76.63209	76.57289	76.50663	76.54716
3/31/2025	3:03:10 PM	76.58268	76.53156	76.56040	76.56599	76.56426	76.54821	76.55932	76.60268	76.57684	76.53196	76.63208	76.57249	76.50667	76.54704
3/31/2025	3:03:14 PM	76.58250	76.53162	76.55997	76.56571	76.56461	76.54833	76.55932	76.60294	76.57660	76.53223	76.63189	76.57272	76.50666	76.54720
3/31/2025	3:03:17 PM	76.58288	76.53195	76.56031	76.56591	76.56479	76.54824	76.55971	76.60304	76.57692	76.53240	76.63201	76.57232	76.50680	76.54768
3/31/2025	3:03:21 PM	76.58299	76.53191	76.56097	76.56588	76.56469	76.54832	76.55948	76.60281	76.57671	76.53196	76.63186	76.57284	76.50669	76.54764
3/31/2025	3:03:25 PM	76.58299	76.53181	76.55991	76.56564	76.56469	76.54824	76.55989	76.60288	76.57694	76.53262	76.63196	76.57299	76.50690	76.54793
3/31/2025	3:03:28 PM	76.58291	76.53199	76.56093	76.56612	76.56513	76.54812	76.55985	76.60297	76.57695	76.53278	76.63205	76.57256	76.50679	76.54742
3/31/2025	3:03:32 PM	76.58285	76.53151	76.56019	76.56576	76.56448	76.54835	76.55956	76.60273	76.57667	76.53210	76.63187	76.57292	76.50704	76.54727
3/31/2025	3:03:35 PM	76.58252	76.53144	76.56014	76.56600	76.56445	76.54836	76.56021	76.60293	76.57673	76.53214	76.63170	76.57248	76.50670	76.54737
3/31/2025	3:03:39 PM	76.58274	76.53139	76.56030	76.56604	76.56412	76.54826	76.55953	76.60284	76.57689	76.53263	76.63248	76.57259	76.50699	76.54791
3/31/2025	3:03:43 PM	76.58308	76.53210	76.56075	76.56598	76.56456	76.54849	76.55994	76.60324	76.57710	76.53250	76.63212	76.57280	76.50692	76.54735
3/31/2025	3:03:46 PM	76.58253	76.53165	76.56056	76.56565	76.56446	76.54846	76.55968	76.60300	76.57707	76.53271	76.63214	76.57285	76.50692	76.54702
3/31/2025	3:03:50 PM	76.58275	76.53173	76.56029	76.56554	76.56430	76.54815	76.55980	76.60234	76.57661	76.53226	76.63160	76.57219	76.50675	76.54707
3/31/2025	3:03:53 PM	76.58285	76.53166	76.56007	76.56589	76.56503	76.54821	76.55941	76.60257	76.57683	76.53227	76.63179	76.57242	76.50655	76.54787
3/31/2025	3:03:57 PM	76.58292	76.53164	76.56060	76.56610	76.56476	76.54842	76.55950	76.60270	76.57656	76.53252	76.63217	76.57243	76.50679	76.54739
3/31/2025	3:04:01 PM	76.58228	76.53131	76.56029	76.56557	76.56428	76.54813	76.55930	76.60290	76.57663	76.53264	76.63195	76.57230	76.50650	76.54752
3/31/2025	3:04:04 PM	76.58262	76.53100	76.55992	76.56538	76.56431	76.54783	76.55913	76.60261	76.57664	76.53167	76.63152	76.57232	76.50624	76.54710
3/31/2025	3:04:08 PM	76.58249	76.53192	76.56011	76.56576	76.56461	76.54831	76.55962	76.60307	76.57701	76.53249	76.63221	76.57244	76.50680	76.54749
3/31/2025	3:04:11 PM	76.58290	76.53147	76.55991	76.56532	76.56416	76.54802	76.55959	76.60258	76.57674	76.53202	76.63176	76.57217	76.50678	76.54679
3/31/2025	3:04:15 PM	76.58232	76.53152	76.56036	76.56539	76.56405	76.54749	76.55952	76.60268	76.57648	76.53245	76.63182	76.57247	76.50653	76.54762
3/31/2025	3:04:18 PM	76.58285	76.53170	76.56062	76.56613	76.56446	76.54815	76.55959	76.60247	76.57661	76.53219	76.63185	76.57197	76.50665	76.54662
3/31/2025	3:04:22 PM	76.58301	76.53208	76.56028	76.56576	76.56458	76.54806	76.55949	76.60320	76.57652	76.53230	76.63162	76.57226	76.50653	76.54739
3/31/2025	3:04:26 PM	76.58261	76.53134	76.56016	76.56557	76.56415	76.54836	76.55945	76.60283	76.57659	76.53205	76.63177	76.57229	76.50655	76.54741
3/31/2025	3:04:29 PM	76.58253	76.53141	76.55994	76.56550	76.56469	76.54798	76.55943	76.60285	76.57687	76.53228	76.63190	76.57224	76.50661	76.54749
3/31/2025	3:04:33 PM	76.58318	76.53130	76.56019	76.56542	76.56417	76.54804	76.55946	76.60260	76.57611	76.53167	76.63182	76.57170	76.50602	76.54728
3/31/2025	3:04:36 PM	76.58220	76.53113	76.56043	76.56589	76.56429	76.54808	76.55972	76.60243	76.57652	76.53217	76.63142	76.57201	76.50650	76.54727
3/31/2025	3:04:40 PM	76.58239	76.53166	76.56039	76.56551	76.56423	76.54811	76.55887	76.60236	76.57612	76.53155	76.63119	76.57209	76.50644	76.54684
3/31/2025	3:04:43 PM	76.58241	76.53143	76.56009	76.56541	76.56451	76.54814	76.55917	76.60268	76.57636	76.53230	76.63158	76.57196	76.50644	76.54709
3/31/2025	3:04:47 PM	76.58240	76.53176	76.56005	76.56552	76.56421	76.54821	76.55949	76.60256	76.57604	76.53207	76.63155	76.57197	76.50654	76.54697
3/31/2025	3:04:51 PM	76.58247	76.53130	76.56040	76.56555	76.56408	76.54786	76.55927	76.60228	76.57656	76.53158	76.63146	76.57183	76.50641	76.54709
3/31/2025	3:04:54 PM	76.58195	76.53108	76.55981	76.56546	76.56383	76.54782	76.55896	76.60252	76.57604	76.53148	76.63133	76.57201	76.50611	76.54711
3/31/2025	3:04:58 PM	76.58231	76.53150	76.55998	76.56561	76.56399	76.54795	76.55899	76.60188	76.57588	76.53138	76.63089	76.57164	76.50606	76.54696
3/31/2025	3:05:01 PM	76.58170	76.53097	76.55965	76.56544	76.56375	76.54761	76.55907	76.60238	76.57600	76.53118	76.63113	76.57183	76.50541	76.54678
3/31/2025	3:05:05 PM	76.58196	76.53110	76.55976	76.56506	76.56369	76.54774	76.55873	76.60197	76.57628	76.53161	76.63099	76.57164	76.50623	76.54713
3/31/2025	3:05:09 PM	76.58238	76.53118	76.56032	76.56572	76.56399	76.54805	76.55949	76.60261	76.57646	76.53203	76.63171	76.57223	76.50676	76.54723
3/31/2025	3:05:12 PM	76.58298	76.53130	76.56003	76.56527	76.56408	76.54784	76.55909	76.60239	76.57597	76.53165	76.63119	76.57186	76.50597	76.54651
3/31/2025	3:05:16 PM	76.58204	76.53102	76.55988	76.56522	76.56393	76.54778	76.55910	76.60220	76.57591	76.53142	76.63162	76.57176	76.50626	76.54648
3/31/2025	3:05:19 PM	76.58177	76.53104	76.55959	76.56513	76.56396	76.54762	76.55869	76.60237	76.57609	76.53159	76.63075	76.57155	76.50577	76.54668
3/31/2025	3:05:23 PM	76.58215	76.53073	76.55962	76.56521	76.56370	76.54781	76.55898	76.60200	76.57630	76.53148	76.63130	76.57194	76.50621	76.54669
3/31/2025	3:05:27 PM	76.58259	76.53127	76.55932	76.56517	76.56374	76.54741	76.55882	76.60238	76.57583	76.53095	76.63111	76.57148	76.50604	76.54636
3/31/2025	3:05:30 PM	76.58186	76.53087	76.55990	76.56507	76.56373	76.54771	76.55884	76.60234	76.57576	76.53117	76.63112	76.57160	76.50584	76.54676
3/31/2025	3:05:34 PM	76.58247	76.53114	76.55950	76.56553	76.56336	76.54740	76.55879	76.60220	76.57598	76.53188	76.63110	76.57195	76.50608	76.54679
3/31/2025	3:05:37 PM	76.58204	76.53114	76.55958	76.56544	76.56375	76.54750	76.55910	76.60235	76.57638	76.53160	76.63123	76.57180	76.50588	76.54656
3/31/2025	3:05:41 PM	76.58181	76.53063	76.55948	76.56450	76.56327	76.54690	76.55843	76.60183	76.57615	76.53152	76.63088	76.57189	76.50580	76.54634
3/31/2025	3:05:45 PM	76.58189	76.53097	76.55931	76.56485	76.56338	76.54718	76.55846	76.60170	76.57572	76.53100	76.63055	76.57143	76.50556	76.54669
3/31/2025	3:05:48 PM	76.58224	76.53090	76.55956	76.56487	76.56326	76.54721	76.55817	76.60179	76.57577	76.53099	76.63086	76.57167	76.50578	76.54643
3/31/2025	3:05:52 PM	76.58139	76.53091	76.55934	76.56496	76.56364	76.54718	76.55844	76.60190	76.57574	76.53151	76.63102	76.57213	76.50593	76.54668
3/31/2025	3:05:55 PM	76.58160	76.53087	76.55945	76.56505	76.56358	76.54716	76.55827	76.60185	76.57579	76.53100	76.63074	76.57157	76.50580	76.54644
3/31/2025	3:05:59 PM	76.58194	76.53087	76.55905	76.56523	76.56365	76.54753	76.55915	76.60218	76.57589	76.53140	76.63101	76.57186	76.50569	76.54666
3/31/2025	3:06:03 PM	76.58241	76.53094	76.55950	76.56494	76.56382	76.54750	76.55852	76.60197	76.57596	76.53186	76.63144	76.57166	76.50592	76.54657
3/31/2025	3:06:06 PM	76.58207	76.53088	76.55921	76.56511	76.56362	76.54772	76.55918	76.60169	76.57572	76.53117	76.63099	76.57131	76.50580	76.54668
3/31/2025	3:06:10 PM	76.58170	76.53047	76.55922	76.56485	76.56323	76.54693	76.55793	76.60123	76.57559	76.53106	76.63049	76.57122	76.50549	76.54605
3/31/2025	3:06:13 PM	76.58140	76.53055	76.55849	76.56444	76.56304	76.54713	76.55832	76.60142	76.57529	76.53058	76.63000	76.57081	76.50522	76.54627
3/31/2025	3:06:17 PM	76.58143	76.53047	76.55890	76.56461	76.56295	76.54704	76.55803	76.60188	76.57601	76.53152	76.63112	76.57147	76.50552	76.54619
3/31/2025	3:06:21 PM	76.58219	76.53048	76.55957	76.56471	76.56356	76.54732	76.55838	76.60166	76.57527	76.53084	76.63050	76.57146	76.50555	76.54642
3/31/2025	3:06:24 PM	76.58191	76.53057	76.55909	76.56430	76.56369	76.54724	76.55810	76.60145	76.57517	76.53078	76.63072	76.57098	76.50547	76.54598
3/31/2025	3:06:28 PM	76.58164	76.53034	76.55893	76.56492	76.56299	76.54719	76.55859	76.60205	76.57563	76.53128	76.63059	76.57145	76.50529	76.54594
3/31/2025	3:06:31 PM	76.58162	76.53022	76.55919	76.56439	76.56323	76.54706	76.55801	76.60142	76.57548	76.53064	76.63050	76.57070	76.50494	76.54578
3/31/2025	3:06:35 PM	76.58157	76.53009	76.55842	76.56429	76.56321	76.54698	76.55845	76.60162	76.57548	76.53076	76.63067	76.57111	76.50543	76.54598
3/31/2025	3:06:39 PM	76.58129	76.53032	76.55870	76.56452	76.56335	76.54687	76.55848	76.60161	76.57543	76.53107	76.63055	76.57123	76.50553	76.54569
3/31/2025	3:06:42 PM	76.58146	76.53030	76.55898	76.56427	76.56293	76.54681	76.55821	76.60148	76.57561	76.53068	76.62999	76.57089	76.50505	76.54520
3/31/2025	3:06:46 PM	76.58139	76.53032	76.55860	76.56456	76.56293	76.54661	76.55798	76.60144	76.57502	76.53096	76.63119	76.57133	76.50522	76.54594
